25 33 42 42 40 34 25 19 13 14 17 21 30 36 39 35 28 24 20 18 25 35 38 38 30 20 22 32 41 37 42 62 72 77 70 72 73 71 76 85 77 77 81 82 84 81 80 81 78 78 79 79 86 84 89 88 83 83 84 86 87 85 88 86 89 90 92 89 96 100 103 99 98 89 90 99 87 99 105 94 94 104 98 103 99 108 100 103 97 107 100 102 103 101 107 101 109 112 100 102 
34 27 23 16 11 16 21 27 34 39 40 35 31 25 17 12 16 24 32 38 39 34 28 18 21 32 39 39 29 21 36 62 69 74 72 68 74 77 78 79 80 78 79 82 83 82 82 80 85 78 77 80 85 86 85 93 86 88 81 83 82 87 84 84 89 98 88 84 97 102 98 98 98 95 89 105 104 96 92 97 98 94 88 102 99 101 100 105 105 101 102 101 101 106 100 103 108 112 107 101 
13 20 26 37 40 43 42 37 31 23 16 13 14 22 30 36 40 40 33 27 20 18 21 31 37 37 31 21 19 33 38 50 65 68 70 74 71 75 83 77 84 79 85 87 82 79 80 84 83 79 81 81 85 85 88 89 85 87 80 84 85 92 84 94 86 95 101 95 98 97 98 98 95 100 94 107 97 97 102 95 97 97 97 93 96 98 109 106 104 96 102 103 101 108 98 103 106 110 112 105 
40 39 32 28 22 16 11 15 22 27 34 40 42 40 33 26 20 14 16 23 34 44 43 37 24 18 18 26 36 34 27 44 67 67 68 72 74 75 88 76 82 73 82 86 76 83 81 82 83 79 79 86 84 87 88 88 89 90 81 95 85 87 83 93 91 95 97 101 95 100 97 92 95 99 98 107 102 93 96 96 95 104 109 99 95 97 101 106 106 113 104 98 105 105 111 108 107 101 105 110 
12 12 17 22 27 33 38 39 38 35 27 23 15 13 16 21 30 35 40 39 35 30 20 18 24 30 37 39 31 22 23 36 61 69 69 74 76 78 84 80 82 81 86 81 84 88 83 83 82 82 80 87 86 91 84 86 91 90 83 82 94 96 101 92 93 93 94 92 95 99 107 90 96 104 93 104 94 96 96 98 112 105 98 97 99 101 102 100 103 100 109 113 100 106 104 103 107 100 106 108 
38 43 44 39 36 29 24 18 12 15 22 27 34 38 40 40 36 28 19 15 18 24 33 43 48 38 29 22 22 31 41 44 59 71 74 75 77 78 79 77 78 76 82 85 82 90 79 84 85 90 80 91 91 88 85 92 91 91 87 90 93 92 92 91 93 96 99 98 99 91 98 99 96 101 103 103 96 100 97 96 94 103 101 103 104 101 98 101 109 105 105 109 101 104 104 102 105 109 111 106 
21 15 14 12 15 20 25 33 40 41 38 32 27 22 18 16 18 24 33 35 43 42 36 30 18 18 25 34 46 39 32 23 37 63 74 74 77 82 73 80 78 78 87 83 82 79 80 83 86 86 84 89 85 87 94 90 89 89 90 89 85 91 99 101 95 94 99 95 92 93 89 100 97 99 98 98 96 92 95 101 105 106 99 103 107 97 108 109 113 101 102 104 110 107 105 101 100 111 108 99 
31 34 35 39 45 41 36 28 20 19 15 15 22 29 33 38 43 42 34 29 20 15 18 27 36 43 46 37 27 19 26 38 48 66 67 72 80 76 75 78 75 81 83 84 87 83 83 78 89 81 87 86 84 85 89 97 85 92 89 92 99 92 96 95 91 94 104 98 92 97 97 98 93 94 99 93 98 97 104 98 99 99 93 92 96 101 100 99 104 106 97 93 101 107 107 96 100 102 112 108 
33 26 23 17 15 11 15 23 28 36 42 41 43 38 33 27 18 15 19 24 30 35 41 43 39 28 21 18 28 38 44 39 28 45 69 73 66 73 76 86 77 78 87 86 84 86 85 85 85 81 84 79 82 83 92 90 87 96 94 92 90 97 86 91 95 96 94 88 93 100 97 98 95 98 94 93 88 91 101 102 105 106 97 92 92 95 111 102 108 103 107 106 106 104 99 97 107 108 116 113 
20 23 31 37 39 42 44 39 32 30 24 17 15 16 24 28 34 38 45 45 36 31 23 15 18 26 36 44 45 36 24 23 33 47 70 73 72 70 74 78 76 83 86 82 82 80 80 89 84 84 89 85 87 86 86 89 86 91 94 93 92 94 95 87 90 93 93 94 99 105 102 101 95 95 95 99 100 99 106 105 100 105 95 99 98 102 114 103 108 107 106 111 118 113 104 100 111 103 104 112 
40 36 33 29 21 16 12 12 18 26 32 36 41 44 42 38 30 20 14 14 18 27 34 42 45 43 35 27 17 19 31 40 41 36 58 68 73 81 80 81 78 78 81 82 89 80 84 87 87 89 86 85 88 82 89 84 89 92 93 91 100 96 94 92 93 94 96 100 101 93 101 100 105 96 92 90 98 104 112 110 106 109 108 105 98 95 107 107 106 97 104 100 106 109 112 102 111 118 106 112 
10 13 21 27 30 37 44 46 43 39 34 25 22 16 13 17 26 29 36 40 44 41 36 28 23 15 21 29 38 45 41 33 23 24 49 70 73 79 78 85 81 79 84 77 88 83 84 93 86 96 84 84 86 88 94 83 90 88 86 91 97 95 90 91 96 90 95 93 92 101 97 93 98 94 89 98 94 102 99 110 106 107 101 101 96 107 109 106 100 100 108 105 110 105 106 111 113 115 112 107 
50 50 46 39 34 28 20 14 9 13 20 24 32 39 40 42 43 34 25 23 20 15 19 25 32 42 44 40 32 24 20 28 36 42 42 64 73 74 82 85 79 85 79 80 85 82 82 93 81 75 82 85 85 90 88 86 90 87 85 98 93 87 88 92 94 85 95 94 98 98 98 95 91 96 95 99 98 104 107 105 110 101 104 104 101 102 105 99 101 100 110 106 102 108 110 105 107 111 107 112 
14 12 14 17 24 31 36 40 46 47 41 34 29 23 18 14 13 17 24 30 39 46 45 40 35 28 26 18 25 35 43 46 39 27 22 58 75 76 76 85 85 85 83 83 84 83 87 86 77 78 76 89 87 89 98 88 93 89 87 98 96 94 99 94 89 91 91 93 95 98 94 93 91 99 100 100 101 103 100 102 109 105 98 105 109 99 100 103 105 97 108 107 112 106 111 106 112 107 104 118 
53 54 50 49 43 35 32 26 15 12 13 16 23 32 34 39 44 45 43 36 31 23 18 16 18 25 36 43 45 40 31 23 25 31 45 65 76 76 72 80 81 83 76 84 86 86 92 87 90 88 88 95 84 89 96 84 94 93 96 100 97 92 89 86 90 91 92 88 92 96 99 98 95 94 103 102 107 107 101 102 107 101 104 105 105 100 96 102 107 105 110 111 110 108 104 107 103 106 103 117 
17 13 14 17 21 28 34 38 46 50 53 46 36 33 29 24 17 11 16 18 24 35 42 48 47 44 37 30 22 20 27 35 41 40 31 32 74 74 77 75 80 80 84 85 82 92 82 84 88 83 82 89 83 88 98 98 85 89 97 97 95 88 92 97 95 92 105 94 89 89 94 99 94 97 97 101 102 106 104 105 112 104 106 106 98 111 100 101 101 110 111 110 114 105 104 111 111 110 121 106 
31 33 37 38 35 34 35 33 28 23 23 25 27 31 31 36 45 53 55 49 47 37 29 21 14 17 24 35 42 52 49 43 30 21 23 37 60 76 84 81 78 80 85 86 84 91 84 80 87 88 89 89 88 90 91 98 90 89 89 96 100 93 101 91 91 97 99 91 89 91 90 101 91 92 97 108 109 105 105 102 106 93 111 107 108 105 102 96 111 112 106 110 105 109 105 112 121 123 120 106 
42 40 33 26 26 19 16 16 19 19 22 20 25 29 29 33 30 30 30 39 45 41 39 47 55 53 47 36 28 22 16 25 36 44 50 43 53 74 77 79 78 80 79 84 89 85 90 86 85 78 85 84 91 92 87 92 97 96 96 90 98 99 97 93 93 102 100 94 101 101 106 102 108 102 96 103 113 108 106 111 104 105 112 105 106 103 96 105 119 113 107 106 111 102 104 114 115 106 111 108 
25 31 35 36 39 45 52 54 56 53 50 52 46 41 39 33 34 28 22 17 15 23 16 14 10 17 22 34 47 55 52 46 37 22 21 37 57 79 75 80 79 84 81 79 80 81 82 82 85 82 80 79 75 87 90 89 86 89 91 87 101 102 102 91 91 94 98 99 107 102 106 101 103 108 106 99 112 104 99 101 105 98 108 102 101 96 94 102 113 113 109 106 107 104 119 119 110 115 108 114 
49 43 39 33 28 23 21 20 18 13 16 14 15 20 23 25 29 35 37 38 37 33 21 30 39 37 32 28 22 16 18 19 32 40 40 48 61 76 81 80 81 79 84 75 73 75 74 82 79 75 81 75 74 88 77 83 91 86 84 92 87 102 95 90 88 91 90 103 99 97 106 104 93 99 97 102 109 109 103 99 101 103 106 104 102 95 101 103 103 110 111 104 113 109 109 109 115 108 119 107 
23 25 29 32 34 34 40 43 45 47 49 50 52 49 45 42 42 39 37 31 24 19 10 33 62 61 62 72 76 70 72 47 37 44 41 69 77 76 77 84 76 74 69 68 67 70 60 60 63 64 64 68 65 70 77 78 76 76 85 88 91 97 93 93 93 95 92 99 100 95 102 103 103 98 101 115 106 104 97 110 101 104 105 103 103 108 104 105 109 115 117 107 99 109 105 112 114 110 116 111 
53 49 46 42 37 32 29 28 22 21 19 18 13 13 13 14 17 22 27 31 31 33 24 32 65 64 62 67 74 76 78 70 65 74 77 73 77 75 74 77 68 61 60 55 51 53 44 45 48 50 44 43 43 52 62 67 63 60 77 84 90 92 82 82 89 92 96 91 103 103 104 105 98 97 103 101 106 110 101 104 101 101 100 118 108 106 103 108 117 118 123 113 113 119 110 118 113 103 112 113 
17 22 26 25 29 29 34 34 39 43 47 43 44 48 46 44 43 43 43 37 33 27 15 26 67 62 61 64 74 73 80 68 69 77 73 73 69 61 68 62 54 55 45 45 33 34 30 33 30 29 28 25 30 35 40 38 41 53 63 67 77 67 66 73 79 85 84 86 97 99 96 101 103 94 102 109 111 106 103 100 101 116 111 109 106 110 105 109 117 122 108 119 121 114 115 114 108 108 111 109 
53 49 45 42 38 37 35 27 25 23 22 22 20 17 13 13 14 15 20 22 28 31 30 24 61 58 65 67 78 75 75 74 73 76 69 63 63 59 50 43 39 37 31 24 23 21 21 25 23 21 19 16 19 23 22 24 27 34 43 45 46 42 52 59 70 69 74 86 97 92 100 98 100 98 98 102 105 114 108 100 110 108 107 111 117 110 110 113 117 120 111 115 120 118 116 111 107 107 111 113 
19 19 21 23 27 29 30 33 37 37 40 41 40 43 43 44 45 45 40 37 33 29 18 16 51 66 62 70 72 75 76 77 72 71 66 58 55 47 32 28 27 22 24 19 19 20 23 20 21 23 19 21 20 17 17 21 19 22 21 22 27 28 34 34 39 52 61 74 77 98 95 96 95 93 99 100 104 107 105 106 111 115 111 116 114 116 102 115 115 112 115 111 118 113 120 122 126 122 116 123 
58 56 50 48 44 41 36 33 29 26 25 22 21 20 17 16 15 13 15 16 20 25 27 18 41 61 63 69 71 75 74 68 72 64 56 46 41 31 21 19 21 22 18 19 19 21 22 22 21 21 25 24 24 20 19 21 21 22 18 18 23 23 19 20 26 32 39 49 55 58 73 79 83 80 89 86 89 99 106 113 116 106 114 109 112 114 113 119 119 109 114 119 128 113 115 119 119 113 115 120 
14 16 21 20 23 28 29 32 33 35 39 38 39 41 40 43 47 51 51 44 41 36 27 16 26 55 57 61 68 68 64 63 60 54 43 31 27 22 16 16 20 21 20 19 23 21 21 20 22 22 27 25 24 25 24 24 25 23 25 26 25 26 25 27 19 21 24 25 31 35 44 50 53 59 66 74 84 91 104 102 112 108 114 115 121 113 116 114 116 113 117 116 118 119 119 113 121 112 116 111 
57 55 54 51 51 48 42 41 35 34 32 28 29 24 22 19 20 17 17 13 14 20 21 25 13 37 56 63 69 69 64 59 55 43 34 25 22 17 16 21 23 22 23 20 22 22 20 18 21 18 23 22 24 27 25 24 27 23 28 27 28 32 32 28 21 19 21 24 24 23 27 36 47 56 68 78 84 94 99 107 110 110 115 114 109 112 124 113 121 109 118 121 112 112 127 121 113 116 110 110 
14 15 16 19 23 23 24 29 29 33 34 37 36 37 41 43 41 42 48 49 47 41 41 34 26 23 57 65 61 64 59 54 43 31 25 18 22 19 18 23 23 19 23 20 22 23 20 17 17 17 18 21 22 22 24 22 25 23 28 29 29 36 34 29 24 24 27 25 20 23 36 44 63 77 92 103 105 108 106 108 111 107 114 113 110 120 116 113 123 116 124 121 121 114 114 116 121 114 113 111 
62 60 57 56 53 49 48 46 40 35 31 30 26 24 23 21 19 19 17 16 13 16 19 20 25 20 45 60 62 52 51 46 35 26 23 21 22 20 20 24 22 21 23 23 18 20 18 16 17 17 18 19 22 20 22 26 25 21 23 26 32 36 33 30 31 27 28 24 22 27 41 65 91 105 120 127 125 123 114 113 111 115 115 119 115 117 127 118 126 114 121 113 114 119 123 124 120 124 118 120 
16 16 16 18 21 20 24 24 26 29 29 32 34 37 38 39 41 43 45 44 44 44 41 36 34 27 33 46 54 49 43 38 29 25 19 19 21 20 19 21 19 19 23 19 19 18 13 18 17 17 17 18 17 20 18 22 20 21 21 25 29 26 33 32 31 29 31 29 29 34 50 77 104 128 135 139 135 130 123 115 111 118 119 125 117 124 122 117 124 116 122 122 129 125 128 126 124 126 122 128 
61 64 61 55 55 53 49 44 43 37 35 32 28 26 23 19 20 18 14 14 13 16 16 16 24 23 29 44 42 46 38 31 24 20 15 17 18 20 18 19 16 15 18 15 15 15 14 20 18 18 17 19 16 20 20 20 19 18 21 25 25 28 31 29 32 33 34 32 31 35 46 81 122 135 144 149 146 141 130 119 111 114 124 117 128 123 119 119 128 125 128 118 130 125 121 107 118 118 128 129 
16 19 19 18 17 23 22 26 26 31 32 33 35 35 25 22 22 21 21 24 26 33 36 36 34 30 24 30 30 31 29 24 18 15 13 12 15 19 19 19 15 15 17 16 19 17 15 20 21 21 21 18 17 22 21 20 19 22 23 27 27 28 29 28 32 36 35 36 38 37 48 83 113 137 151 150 149 147 141 133 127 126 123 115 125 126 129 127 124 120 132 123 128 112 114 120 127 123 121 115 
62 68 66 59 56 51 53 50 48 44 44 37 33 27 16 17 17 22 11 8 9 8 9 14 15 19 22 24 27 22 17 17 14 14 14 13 13 19 16 18 16 15 14 16 14 18 19 19 21 19 25 18 19 24 23 21 19 23 25 23 23 30 29 33 37 40 36 36 37 37 39 64 109 140 150 152 151 150 151 145 134 126 121 116 125 125 130 129 126 126 124 126 121 125 111 126 122 124 133 121 
19 23 23 21 21 20 23 25 27 30 35 37 31 34 35 43 53 53 40 33 26 23 21 22 18 25 24 24 29 21 18 14 12 13 14 12 16 21 18 17 18 17 19 23 18 21 19 24 24 23 28 25 27 27 23 24 29 27 24 24 30 30 30 30 34 34 31 37 36 35 37 59 99 131 136 146 154 155 158 152 136 126 116 116 119 122 127 127 124 121 112 121 129 129 117 122 124 116 123 129 
59 64 67 63 58 56 46 43 40 39 32 24 14 29 46 60 72 68 71 78 63 56 35 29 29 32 37 38 32 27 25 19 16 17 14 19 22 25 25 26 26 24 25 31 33 30 22 27 29 30 32 32 30 24 28 28 30 26 26 36 33 30 30 31 31 34 39 37 38 38 41 43 66 104 129 142 155 162 161 156 146 128 122 120 124 124 136 128 129 126 108 121 123 122 115 126 128 119 130 127 
25 28 29 26 25 27 27 24 26 30 32 19 13 31 47 66 79 75 84 98 100 108 111 88 74 73 77 77 55 38 35 23 23 28 27 26 25 30 35 34 45 43 42 52 58 42 29 34 37 44 35 34 34 28 34 35 34 34 36 35 34 33 32 33 32 34 38 46 45 46 42 46 64 111 142 157 165 164 161 155 146 130 118 122 121 132 128 128 135 123 125 125 127 123 113 125 115 126 127 122 
53 52 61 62 57 50 45 41 38 34 31 25 10 28 40 59 75 87 105 100 104 102 98 112 92 75 56 63 75 50 43 33 31 26 36 41 40 41 53 53 59 74 83 78 93 77 58 61 67 63 43 42 39 39 41 50 42 37 37 36 35 33 33 36 41 47 50 50 58 62 55 49 78 118 136 155 161 164 162 159 150 137 129 123 127 133 132 131 136 127 133 123 121 117 117 129 127 128 119 118 
38 37 35 38 33 31 31 28 29 31 31 30 13 21 35 51 72 90 113 102 95 94 73 71 52 46 50 27 26 28 32 33 33 31 38 45 46 53 73 81 96 109 118 115 122 116 90 105 120 89 61 59 55 70 71 56 49 47 47 46 45 44 45 54 64 68 78 83 81 75 72 80 102 115 128 144 152 158 160 160 156 146 134 122 122 125 128 130 128 127 126 133 129 125 131 127 136 119 120 135 
48 48 52 64 58 47 45 41 36 32 30 30 22 11 20 39 67 85 107 103 90 74 57 49 40 42 36 26 27 30 30 30 28 30 32 35 43 63 79 94 109 122 139 140 147 146 134 146 137 111 92 93 118 122 94 75 65 66 64 68 73 83 78 82 101 115 119 120 115 112 125 128 110 112 118 136 147 154 155 153 153 154 142 118 117 132 130 139 133 132 131 129 125 119 121 118 119 123 127 124 
41 43 42 46 41 35 34 37 36 38 39 41 35 14 13 22 56 71 87 75 77 48 51 41 33 29 30 25 26 28 26 24 23 28 29 31 36 47 66 100 118 142 160 159 167 165 162 167 157 144 151 156 152 138 113 96 97 106 115 128 134 129 133 143 142 150 151 150 159 159 151 130 120 113 112 112 126 131 136 150 163 167 167 132 125 131 141 129 131 130 134 120 118 128 126 128 130 133 117 122 
42 40 43 45 50 47 44 41 35 33 32 26 29 23 16 19 27 51 52 47 53 41 36 31 28 28 23 25 31 32 34 29 29 31 32 32 36 36 55 104 144 162 170 173 177 180 178 182 179 178 178 173 178 173 166 169 171 174 177 175 176 175 169 162 168 170 173 169 170 168 159 147 139 133 133 136 142 144 140 151 162 168 174 162 135 120 132 128 130 125 127 127 125 120 122 124 127 124 128 127 
46 56 55 57 52 47 42 44 46 46 46 42 40 28 18 14 22 20 26 34 29 28 25 23 30 24 28 31 37 36 35 35 37 34 37 36 35 39 55 102 159 172 186 190 187 189 191 193 193 188 190 193 194 192 192 191 193 193 189 188 188 185 184 182 179 178 177 180 180 179 174 173 159 157 156 151 149 146 139 143 150 165 172 177 166 130 125 131 125 129 124 123 123 122 125 127 122 121 129 130 
34 35 38 36 39 38 34 34 30 29 28 24 24 18 16 11 12 19 22 26 31 28 26 28 26 32 29 31 35 38 36 41 43 42 39 39 37 45 60 80 130 185 198 196 200 202 197 197 195 196 196 200 198 199 199 202 201 196 197 196 195 190 189 187 185 185 190 191 191 190 186 183 177 176 175 170 167 159 145 141 145 149 152 169 173 162 138 123 127 127 134 127 122 124 119 133 120 124 125 131 
53 56 59 55 58 62 57 54 50 50 49 44 32 20 18 17 16 14 18 32 38 29 23 28 22 21 21 26 37 46 38 32 36 42 40 43 47 62 84 88 130 191 203 202 207 207 202 200 199 199 202 201 201 203 204 207 199 200 200 198 194 192 192 191 191 193 197 193 197 197 194 192 189 183 184 180 181 178 174 168 156 151 147 146 151 155 147 119 125 123 125 119 120 115 129 125 121 130 132 124 
25 26 28 25 28 30 30 25 25 23 22 17 16 13 16 20 23 24 26 28 37 48 29 31 31 23 30 37 43 71 51 43 44 44 38 48 53 87 110 133 178 200 204 203 207 208 206 205 205 203 201 200 202 206 207 206 205 206 202 202 199 196 195 196 197 197 197 197 202 200 198 196 193 190 190 186 187 187 186 184 184 178 172 159 147 146 148 127 118 122 126 126 124 115 123 121 127 124 131 127 
57 63 65 66 71 65 65 57 56 48 38 24 16 10 12 19 22 23 27 27 26 32 59 39 43 35 34 52 56 74 52 51 49 47 37 42 63 122 164 187 199 206 205 208 213 211 208 210 210 208 204 203 203 207 207 209 207 206 204 203 201 201 203 202 201 201 198 200 201 199 200 199 197 195 193 192 191 192 192 193 193 194 193 186 178 171 152 133 118 115 119 116 115 125 111 112 115 130 122 133 
17 19 19 21 22 24 22 18 16 16 21 19 15 12 13 19 21 28 33 28 22 19 25 39 34 35 32 56 131 176 105 62 53 38 36 50 107 161 192 199 209 210 206 207 209 211 210 209 211 213 209 206 207 209 206 206 205 205 204 203 203 203 205 204 203 200 201 202 196 198 199 197 201 202 197 195 195 195 196 199 198 197 198 194 190 189 180 177 163 146 138 123 118 109 115 122 120 132 118 134 
60 60 59 62 67 69 63 53 41 32 22 17 15 14 17 22 26 30 30 29 17 17 18 15 18 21 27 44 82 120 109 66 57 55 85 121 164 181 188 198 209 218 211 205 205 207 210 212 217 217 212 211 211 207 208 205 205 204 204 204 203 205 205 205 204 199 198 194 192 191 191 197 203 202 203 203 200 200 199 200 201 200 198 198 198 196 190 190 187 183 181 172 150 132 129 126 125 128 118 141 
17 22 25 27 28 29 30 28 25 24 22 19 19 22 24 29 34 31 31 33 32 33 30 22 19 18 23 38 63 87 75 69 70 169 206 209 203 198 188 188 199 206 207 209 213 214 217 218 223 218 214 209 208 211 212 210 208 208 208 206 204 202 199 200 199 197 194 192 189 189 191 196 199 200 201 203 201 201 201 200 202 201 199 199 199 197 196 199 202 198 198 194 187 183 180 163 132 130 130 129 
53 51 52 47 47 44 39 31 23 22 19 17 20 21 24 28 31 30 30 38 40 51 62 68 65 54 37 32 41 63 67 70 135 205 219 213 207 209 205 190 186 198 203 210 214 213 213 216 211 210 210 209 214 218 217 214 211 207 206 205 202 200 198 201 195 194 190 187 186 186 187 187 188 194 196 198 198 198 200 198 199 202 203 201 198 195 196 198 201 202 201 201 203 197 193 185 178 180 146 124 
29 30 33 34 32 29 21 16 14 13 13 16 16 21 25 26 25 26 22 26 33 49 79 134 158 158 150 138 152 176 171 176 179 183 206 211 211 215 203 188 181 188 197 205 209 208 211 214 215 217 215 212 215 218 216 210 208 208 207 203 203 200 199 202 193 190 187 186 187 187 182 175 178 186 189 190 189 191 194 192 193 197 201 201 200 196 196 197 198 204 208 209 208 202 185 184 180 182 166 129 
35 35 30 17 13 15 14 13 15 17 19 20 21 21 29 32 35 38 36 32 25 22 36 73 132 188 203 207 210 207 193 193 185 163 135 199 213 207 194 181 185 179 187 205 210 211 214 218 221 222 221 215 217 220 212 210 208 207 205 201 200 195 195 194 184 179 174 174 178 169 166 175 154 158 171 174 172 170 177 180 186 192 198 200 204 200 198 196 197 202 205 207 208 194 186 188 190 188 179 145 
38 35 22 17 13 14 16 21 31 37 40 34 24 32 37 36 40 41 42 45 36 27 22 23 39 53 96 152 190 190 193 192 187 159 78 128 189 181 169 177 190 178 182 201 207 207 207 210 213 216 214 214 217 216 211 206 198 201 206 199 194 194 187 181 174 170 169 164 154 138 128 145 153 157 154 147 149 153 145 137 144 159 180 188 194 192 190 190 194 196 198 201 198 184 185 194 193 195 191 158 
22 16 15 21 28 38 48 63 79 89 81 67 48 31 26 26 26 26 32 33 34 38 43 57 82 95 71 61 112 172 180 176 179 153 117 132 148 152 161 180 185 178 183 197 205 204 205 208 208 212 211 208 206 209 206 201 195 195 195 188 187 182 178 173 171 167 163 152 145 134 136 134 139 145 142 145 151 157 152 151 144 128 134 151 164 164 160 167 173 179 189 193 181 179 179 177 181 176 178 140 
19 22 41 52 57 67 81 107 98 79 71 57 41 39 34 29 28 24 22 27 39 45 43 109 156 125 59 57 61 159 198 192 183 193 206 191 172 155 174 180 177 179 189 201 207 208 207 207 202 208 209 206 206 206 201 201 192 195 192 183 178 174 174 176 177 166 157 149 145 152 154 159 163 164 169 171 175 186 184 181 177 170 153 132 121 133 122 121 119 125 145 168 175 176 184 184 181 176 175 135 
32 57 71 77 78 82 93 90 83 87 69 50 45 40 35 31 31 28 26 24 33 31 50 74 78 57 47 57 99 191 207 205 205 206 204 192 174 172 183 175 179 189 198 205 205 208 206 202 201 197 204 207 205 207 201 195 188 194 183 181 183 175 173 178 173 164 156 151 153 158 165 181 191 191 188 185 185 189 197 199 195 189 179 168 143 120 126 121 121 118 131 146 168 172 184 189 183 170 141 119 
68 66 66 68 70 79 77 70 76 73 66 54 43 38 35 28 25 27 31 30 37 43 54 43 42 50 46 54 106 179 197 195 196 195 193 180 169 175 179 182 189 200 204 203 206 215 214 209 197 198 205 206 201 201 193 189 180 176 180 179 189 191 181 172 161 158 149 156 164 174 178 185 197 201 197 190 192 193 196 200 194 180 177 174 172 134 120 130 126 127 124 125 140 154 170 173 168 134 114 121 
45 47 54 59 65 64 65 70 85 87 80 57 42 37 34 24 21 23 28 30 27 32 39 40 47 47 44 54 84 123 157 175 178 180 181 172 176 187 192 193 195 201 209 209 208 211 211 205 203 202 201 212 200 192 188 184 188 190 190 190 185 189 183 171 161 151 148 158 167 180 187 192 195 193 185 186 190 192 199 204 193 179 179 186 184 172 119 130 127 124 126 126 122 118 125 117 122 114 112 114 
48 49 50 55 55 53 53 61 69 74 67 54 38 25 19 18 20 25 25 21 20 22 30 33 37 39 38 48 68 100 158 184 189 178 177 176 185 191 192 198 199 204 210 206 208 210 213 210 210 199 201 207 200 194 180 184 184 190 194 189 187 181 175 155 149 139 142 147 153 162 168 170 163 155 149 155 167 181 191 197 185 179 180 181 178 170 126 126 130 129 122 117 113 113 113 110 111 117 121 121 
40 42 47 50 44 44 45 48 48 50 54 50 40 35 36 28 22 29 24 18 16 18 26 31 36 36 42 56 67 107 164 190 180 172 176 178 188 190 192 201 199 195 205 201 208 205 201 205 199 199 201 200 183 198 190 187 183 188 183 177 178 170 164 133 105 114 115 122 122 119 120 115 115 109 107 106 127 160 184 184 180 182 185 181 179 166 126 128 121 117 130 131 122 114 113 120 112 114 110 120 
23 23 29 25 24 27 29 27 28 31 31 37 35 41 42 44 42 33 26 23 20 18 20 23 29 30 41 48 73 121 169 169 166 175 171 173 180 184 198 192 200 193 198 188 199 199 196 195 183 171 195 197 186 184 185 185 181 175 177 173 157 151 135 126 115 105 96 98 104 102 105 102 104 112 103 99 112 155 169 182 187 191 186 182 183 154 117 132 127 118 123 125 121 117 120 124 116 110 113 114 
60 63 63 59 60 60 59 58 58 61 61 61 54 53 56 54 53 41 35 32 25 33 36 38 33 39 47 65 107 140 138 139 150 155 143 163 176 182 191 186 196 196 192 188 192 189 185 194 189 173 190 202 182 184 183 185 171 168 168 159 138 123 119 113 117 112 107 99 107 104 103 101 113 112 112 117 116 125 137 153 170 182 183 177 151 125 129 124 129 123 126 129 119 112 113 113 112 105 114 115 
17 17 18 18 19 22 19 22 20 21 22 21 21 21 21 22 25 28 25 25 25 32 42 44 44 54 67 91 109 101 81 91 101 105 105 135 154 172 178 172 183 184 194 186 182 188 190 186 193 183 171 172 179 169 171 170 170 147 133 121 114 114 109 111 103 111 102 108 113 104 108 108 109 113 117 110 118 114 115 109 116 132 139 135 122 133 129 122 127 125 120 117 114 121 123 119 110 113 117 119 
49 51 53 52 55 58 55 54 55 56 58 62 60 62 64 63 61 59 55 55 55 58 60 62 65 66 76 88 86 69 60 73 63 64 73 98 122 144 159 139 160 159 176 174 166 174 180 186 177 170 157 148 150 145 138 140 126 126 116 98 104 101 110 111 115 111 106 106 105 103 109 112 114 111 106 103 118 119 118 117 118 112 116 115 119 128 124 125 120 120 126 115 120 123 124 124 123 113 115 114 
31 33 33 29 29 31 31 32 30 31 28 30 28 27 28 28 26 27 25 24 27 31 30 34 34 33 49 56 43 26 29 30 25 21 37 53 68 77 86 102 118 114 134 141 132 130 153 155 154 138 130 120 104 109 103 106 111 102 106 102 101 106 107 104 107 110 106 107 106 104 113 108 116 110 116 114 112 123 113 113 116 117 115 117 115 117 124 126 119 111 120 119 123 113 117 122 115 114 120 124 
34 31 35 36 37 37 38 38 39 42 42 42 46 47 43 44 44 44 46 48 46 47 51 54 52 54 57 61 55 52 55 55 54 55 59 59 58 57 52 71 89 86 101 98 101 94 107 107 108 111 104 91 99 91 98 96 100 98 97 103 97 107 102 100 104 103 108 111 105 117 109 106 108 113 109 112 115 116 117 113 114 106 115 115 128 120 107 120 118 113 116 122 124 111 112 122 122 122 120 122 
55 53 52 55 51 51 54 48 44 44 47 48 48 46 44 46 42 41 41 38 35 37 36 36 35 32 33 37 28 27 27 25 25 24 26 23 24 27 37 55 84 77 84 94 89 81 90 96 92 96 93 84 83 90 93 86 85 91 94 105 110 106 104 105 105 111 112 106 99 106 104 110 113 108 112 114 114 111 112 115 104 101 114 112 118 110 113 122 120 118 120 115 108 110 112 116 126 117 118 118 
17 18 18 18 18 19 18 20 23 19 22 22 24 27 28 29 29 29 30 31 32 31 33 34 37 37 39 38 37 38 39 40 43 42 45 46 48 48 44 34 78 79 80 82 83 83 85 85 92 86 89 86 87 85 85 92 87 85 90 96 101 105 107 107 104 103 105 103 106 108 106 100 116 107 110 109 112 117 115 119 114 112 112 112 111 117 125 120 115 117 118 115 108 100 113 116 121 118 126 117 
60 58 59 59 59 63 63 65 67 66 69 68 72 68 62 60 58 58 59 58 56 52 51 48 45 45 41 36 38 39 35 35 34 35 31 32 35 35 36 30 63 78 83 83 82 85 81 82 85 86 86 83 87 77 77 92 89 90 88 93 95 102 111 103 104 107 105 101 103 106 108 113 114 108 114 119 111 111 109 118 113 109 109 110 119 116 110 117 116 116 111 111 106 109 109 118 131 122 116 114 
31 30 29 28 25 27 27 31 29 23 22 23 19 18 20 20 20 20 20 17 18 21 21 21 20 21 23 23 25 26 27 31 30 29 30 29 32 30 32 27 47 75 80 82 78 87 85 86 83 78 76 79 81 83 77 83 82 83 92 92 91 103 106 110 98 110 104 94 106 109 97 108 109 108 108 114 106 106 115 115 103 112 113 106 113 111 119 111 112 105 118 121 124 122 115 113 116 113 118 117 
36 37 38 41 42 41 41 42 42 43 45 51 53 57 60 61 63 61 61 56 56 59 57 58 61 61 62 58 55 54 52 51 49 46 45 42 42 41 42 42 30 69 81 87 87 86 80 83 90 88 79 82 88 84 83 84 82 87 92 98 98 95 106 103 104 105 106 104 110 101 110 111 109 114 109 107 109 107 115 112 110 110 114 113 115 118 116 120 116 114 111 113 108 115 106 115 114 123 115 119 
58 56 54 55 49 51 44 44 43 43 40 42 39 35 36 34 32 30 29 29 28 26 24 23 21 19 20 18 17 17 18 19 18 20 20 20 19 20 20 21 23 63 72 77 91 85 80 84 91 93 83 84 92 89 84 89 84 93 90 91 100 96 105 109 109 98 109 108 101 91 104 106 106 111 101 114 113 112 99 111 111 116 112 110 115 116 115 122 111 108 110 108 113 119 116 110 114 123 124 123 
20 20 20 18 19 21 21 19 19 22 22 24 27 31 35 39 42 40 42 44 44 43 44 44 48 47 52 52 51 53 54 58 60 60 61 58 55 53 51 50 38 34 71 85 87 75 84 83 93 93 84 93 91 82 84 91 92 87 87 87 94 94 103 102 109 102 108 106 104 98 104 112 102 106 104 104 115 106 112 103 106 102 107 106 107 104 108 117 106 109 111 107 114 106 108 109 111 118 118 125 
66 67 67 67 69 69 69 69 69 68 66 69 66 64 62 59 56 55 53 49 48 46 45 40 39 36 32 30 32 28 25 27 25 24 21 21 19 19 19 18 19 20 69 88 92 80 94 90 93 89 89 81 81 86 81 84 84 80 89 86 90 87 99 104 102 101 100 105 103 107 106 104 114 109 102 108 108 112 119 109 103 105 107 106 111 113 110 111 111 109 109 108 112 110 105 115 117 113 122 115 
28 29 30 28 26 24 21 23 21 19 20 18 19 18 19 21 23 21 22 19 23 27 25 25 23 27 33 34 37 40 40 41 40 42 45 47 50 51 53 50 48 30 53 84 85 84 87 87 91 87 85 87 83 84 86 81 82 83 90 88 97 96 100 99 108 105 113 100 103 107 104 107 107 106 114 114 107 114 111 106 115 107 110 113 107 112 113 113 113 108 103 101 111 114 104 102 107 113 116 109 
33 35 34 39 39 38 41 41 43 44 45 48 54 57 67 66 63 64 66 68 66 67 62 62 58 54 55 55 50 47 44 43 42 39 36 33 32 32 33 28 26 27 30 80 82 81 91 86 83 92 82 89 86 80 87 84 82 82 93 90 93 104 99 91 99 106 106 98 100 109 100 103 105 109 110 106 104 112 115 117 112 111 118 104 118 118 108 109 105 108 107 105 97 116 113 113 107 113 117 106 
67 64 60 60 59 57 53 50 48 49 45 44 46 44 46 42 39 32 31 25 25 24 23 20 20 19 19 21 19 20 17 23 23 24 26 29 29 33 34 37 42 39 24 66 89 82 85 88 86 88 87 91 86 87 85 82 85 87 92 96 88 87 96 108 93 103 108 108 101 100 93 105 106 112 105 104 103 106 111 108 115 111 109 110 116 111 106 106 100 101 109 113 109 122 121 114 105 101 115 108 
21 20 20 22 19 18 18 19 18 20 22 21 24 27 33 38 43 40 44 44 41 44 53 51 50 53 54 57 64 64 65 61 59 56 56 50 49 46 42 41 39 42 30 36 87 84 86 83 85 82 84 87 85 87 87 84 83 84 91 94 98 90 96 100 108 109 99 110 109 101 105 109 103 102 109 109 108 106 104 105 110 108 108 113 112 115 117 110 106 98 118 110 112 114 114 108 110 111 111 108 
55 60 58 58 58 58 60 63 64 64 66 69 71 75 82 80 71 61 54 49 48 44 40 39 35 36 33 31 27 23 23 21 18 19 18 16 19 18 20 21 22 25 27 28 78 86 83 85 82 82 82 86 82 85 91 88 90 93 85 94 91 92 99 105 97 98 109 109 98 105 110 105 103 104 99 104 108 108 107 108 113 110 112 114 116 111 106 119 110 107 111 109 103 110 100 104 111 112 111 115 
43 43 39 35 37 33 32 29 26 27 25 22 21 23 24 24 23 23 22 22 24 24 26 27 27 30 31 37 37 39 42 46 50 51 52 55 57 62 63 60 59 55 53 29 53 79 79 75 80 84 81 82 82 84 83 82 83 88 92 88 96 93 101 95 97 104 101 112 105 96 107 106 106 111 112 111 109 109 110 104 107 106 115 119 110 114 109 115 103 110 104 115 110 108 104 105 112 108 108 112 
22 23 25 28 29 32 34 34 33 34 39 39 43 50 58 66 74 80 75 67 67 66 60 58 52 54 53 50 48 48 44 36 38 34 28 23 24 22 20 19 18 18 19 24 35 64 78 74 82 83 81 80 79 86 85 88 85 84 89 91 91 89 90 92 102 104 99 108 105 105 98 104 109 113 99 109 106 103 112 107 107 106 111 107 112 108 101 110 115 115 110 104 105 105 114 107 110 117 107 107 
67 65 65 61 61 62 60 56 55 53 53 50 47 53 52 47 49 40 29 27 22 21 20 17 19 19 18 21 20 20 21 24 28 29 31 34 36 41 47 51 53 56 55 51 34 65 79 79 78 77 78 81 79 82 86 84 91 83 88 86 92 87 90 98 101 102 102 106 102 104 101 102 105 105 101 105 112 114 108 106 99 104 110 110 115 106 106 109 112 106 105 101 106 106 112 101 115 115 105 111 
19 22 21 18 19 18 19 17 19 18 20 21 18 20 24 31 41 42 45 43 46 47 48 48 51 53 57 61 61 65 66 61 59 55 52 51 45 42 43 41 35 33 35 36 24 41 79 81 77 78 80 79 86 80 83 87 87 81 82 96 95 90 100 97 97 105 108 97 101 103 107 100 103 103 104 103 108 106 99 108 113 101 105 110 107 112 108 114 107 114 108 106 106 106 104 107 111 104 101 110 
46 44 49 45 49 50 50 52 52 57 58 60 66 68 74 81 82 80 69 57 48 47 41 38 36 31 27 25 26 21 22 18 17 19 18 19 22 21 26 32 30 33 33 33 31 24 73 78 77 77 78 82 82 75 83 85 84 76 89 90 95 91 96 92 93 99 101 100 101 100 100 102 106 99 101 107 101 104 100 106 109 105 103 108 108 104 109 109 111 112 106 106 109 105 103 111 104 109 103 105 
54 50 48 46 44 45 42 40 40 38 34 32 30 27 27 26 24 23 25 21 21 21 25 24 27 30 29 33 39 42 41 48 52 55 60 63 68 69 72 67 63 59 56 51 46 24 53 80 82 79 76 85 84 79 84 85 84 86 89 93 88 96 91 87 94 101 98 102 98 102 99 98 102 100 103 107 105 104 95 108 106 99 100 106 112 108 104 98 109 108 105 113 101 109 106 99 102 111 101 103 
16 17 16 21 17 23 20 19 25 29 29 27 32 35 40 49 56 67 75 73 66 64 68 64 60 60 57 50 51 51 46 42 41 40 36 29 26 24 21 20 21 20 20 21 21 19 37 74 77 80 79 79 86 82 82 80 80 86 83 87 95 96 91 95 93 101 95 103 99 101 97 99 105 103 102 100 100 102 100 102 96 104 104 106 104 100 97 104 112 104 103 102 103 102 107 102 107 103 109 99 
55 57 56 58 60 63 68 70 67 66 67 65 62 64 57 59 60 48 47 43 31 26 22 20 21 22 17 17 17 18 19 19 25 25 32 40 40 46 47 52 55 58 59 62 60 50 23 63 77 80 79 79 82 82 79 84 83 80 78 87 93 98 90 94 91 99 95 97 95 95 100 95 101 100 100 101 103 105 101 105 99 100 111 101 99 102 104 102 101 103 100 98 96 109 104 95 97 100 100 108 
39 36 35 28 31 28 24 22 23 20 19 20 20 19 18 20 22 28 34 40 38 38 39 42 43 45 52 57 59 60 64 67 65 65 61 56 55 51 47 43 37 35 32 28 24 24 18 56 81 80 76 82 80 78 78 89 86 82 86 87 90 93 90 91 93 103 95 99 93 99 97 98 100 96 103 98 105 100 100 100 100 104 94 110 104 98 103 109 96 104 97 102 97 98 96 104 98 100 92 98 
25 26 26 31 32 33 34 36 38 38 41 46 48 55 58 64 76 84 87 83 71 62 51 48 46 41 34 33 32 27 24 21 20 19 18 17 20 18 17 22 25 29 29 35 37 38 28 44 81 76 82 81 78 78 79 75 82 79 76 89 93 94 88 89 90 97 99 94 96 97 102 94 97 100 106 99 101 102 101 100 103 99 98 110 104 98 99 103 105 100 105 99 103 108 108 105 109 96 101 108 
68 68 64 61 61 59 58 59 52 51 47 42 43 42 37 34 33 28 22 21 22 22 21 19 18 20 22 26 28 34 35 38 43 42 45 48 55 54 57 56 54 51 50 47 43 40 40 19 61 80 80 81 77 75 78 82 80 85 87 87 86 90 90 82 92 91 92 92 94 95 94 101 98 105 103 100 97 102 99 95 102 108 96 100 102 110 101 100 96 101 102 91 99 101 102 106 102 102 101 100 
24 21 20 19 17 19 18 18 16 17 18 19 19 20 22 27 35 42 48 54 63 62 63 60 60 61 58 58 59 54 48 49 44 41 39 37 32 28 25 19 18 18 17 17 17 20 22 18 50 73 86 84 73 81 81 78 77 74 83 88 87 88 97 88 90 90 93 92 91 97 97 91 97 94 94 98 100 102 100 98 97 98 98 95 106 102 98 94 104 97 99 104 92 108 99 105 111 103 99 97 
36 38 41 40 42 45 47 47 53 54 59 61 67 66 69 68 71 65 65 58 50 46 37 31 26 23 19 18 19 19 18 18 18 20 21 26 29 33 36 39 43 50 54 54 55 58 58 50 26 68 83 83 85 82 80 76 78 86 94 86 86 81 93 89 95 95 95 99 94 99 88 92 88 87 93 96 89 90 96 88 92 94 98 96 94 95 95 101 99 99 103 99 98 99 97 99 100 101 98 99 
64 63 58 51 47 44 41 37 36 35 34 29 28 26 20 21 19 18 18 19 22 25 27 32 36 40 41 43 46 50 56 59 62 62 64 60 56 54 49 45 41 35 33 28 24 23 23 21 17 53 79 83 86 76 85 80 79 81 85 89 87 84 90 92 91 89 87 93 90 93 96 88 92 83 96 97 97 94 94 90 96 93 99 103 101 99 95 99 99 99 97 97 98 93 92 91 96 100 104 94 
19 16 17 22 15 15 16 18 22 23 27 24 28 34 40 43 50 58 64 72 79 81 71 68 61 60 51 48 42 38 35 30 27 25 21 19 19 15 18 17 18 21 25 28 31 35 43 44 31 43 72 79 80 77 89 91 80 83 86 86 79 84 93 92 94 89 90 91 90 89 83 98 93 94 96 93 98 95 88 95 99 95 96 93 95 97 98 96 99 101 97 95 97 98 92 97 101 100 101 108 
52 52 52 56 60 65 63 69 67 68 67 68 64 60 57 53 52 50 43 39 33 28 23 22 21 20 18 21 17 22 24 26 34 36 38 41 45 51 58 58 59 57 53 52 48 46 42 39 31 25 70 72 82 79 84 86 83 84 91 85 92 82 89 90 88 92 94 89 92 96 90 92 96 96 92 96 96 94 90 91 99 95 96 94 101 100 92 96 101 101 99 93 101 102 103 100 103 104 99 105 
50 48 42 43 39 36 32 31 23 24 20 18 21 18 17 20 20 20 25 29 34 45 49 48 52 59 63 63 61 63 58 61 57 57 50 48 43 36 33 26 24 21 19 18 17 16 19 22 25 26 50 75 85 79 82 81 82 86 84 82 83 80 82 90 96 89 92 91 89 89 94 93 89 92 93 88 92 96 99 89 97 93 88 85 95 97 91 100 97 95 97 95 93 91 101 102 92 98 108 98 
16 18 16 20 21 25 26 26 31 33 38 40 43 50 53 58 62 68 72 73 75 71 64 53 47 42 37 31 28 24 19 17 17 18 19 16 22 23 31 33 34 41 44 44 50 52 57 57 57 48 37 73 76 89 83 78 79 88 84 86 77 79 89 88 92 89 87 86 86 93 91 95 84 83 93 95 94 92 92 93 89 87 91 92 92 88 92 95 96 101 98 99 96 90 97 99 94 97 97 97 
57 58 62 59 59 64 64 60 62 59 57 50 48 45 41 39 33 30 27 25 22 21 22 23 22 23 28 32 36 40 42 44 45 53 54 59 63 61 60 53 50 45 37 37 33 29 26 22 19 20 22 71 80 85 85 76 82 91 83 90 85 79 87 86 83 89 84 81 88 93 96 87 88 85 97 94 89 94 88 95 85 88 101 91 95 83 88 95 103 99 95 94 102 99 97 93 90 98 86 94 
39 36 30 28 25 28 21 20 22 18 17 18 15 19 21 23 27 30 37 42 48 54 63 66 67 68 65 64 60 55 50 44 41 36 33 29 25 22 21 20 18 17 17 18 21 28 32 36 40 43 25 57 79 84 91 87 91 85 86 83 86 83 80 87 88 91 95 82 94 92 90 94 89 86 94 92 93 89 89 91 86 81 92 88 97 93 91 89 97 94 88 89 92 96 98 93 95 92 85 101 
