33 40 25 41 21 43 28 42 63 80 48 37 44 47 70 54 77 70 90 103 105 104 93 61 96 94 43 50 37 41 32 41 38 41 41 42 38 40 39 56 71 46 33 37 63 97 48 57 70 70 70 72 76 90 100 120 127 132 124 128 128 117 112 118 112 101 107 106 108 112 108 108 114 119 104 103 99 103 95 101 96 101 97 99 98 90 84 79 48 69 72 69 66 59 58 59 46 41 37 38 
23 50 13 55 13 58 16 53 39 78 51 42 55 52 67 60 65 79 80 87 90 83 62 71 117 121 53 50 37 42 34 40 41 41 41 42 41 42 43 64 72 51 34 46 79 115 49 59 74 73 73 74 82 105 125 139 136 132 132 127 124 113 115 114 101 91 92 95 95 89 87 86 87 85 81 81 91 84 76 75 74 70 69 70 76 60 71 111 32 46 54 50 46 41 43 37 33 31 31 31 
13 58 11 53 15 59 17 34 23 79 67 55 60 55 72 75 68 109 92 127 122 96 57 83 117 120 80 47 44 43 39 45 45 45 50 53 53 54 60 72 86 78 74 85 109 104 66 104 119 116 117 131 136 146 146 147 146 145 144 142 146 152 153 150 141 142 142 144 146 140 132 144 151 133 135 138 134 115 121 130 122 106 104 103 98 100 135 107 30 74 86 79 85 84 90 89 75 56 46 45 
14 62 12 51 17 42 21 54 18 53 63 62 50 57 67 77 60 84 68 90 89 88 64 78 91 102 98 93 105 113 127 144 152 155 167 178 187 188 203 207 207 207 215 210 205 114 114 199 191 181 177 175 174 168 160 153 142 134 131 123 120 118 106 101 109 101 91 95 90 84 81 84 80 72 67 69 63 57 61 68 65 56 62 62 55 55 79 88 45 54 51 44 32 31 30 28 29 31 38 40 
27 56 41 57 50 53 61 76 76 80 128 97 56 126 120 132 138 135 148 150 144 147 149 152 152 145 139 139 137 123 121 121 112 111 112 116 108 97 100 100 95 81 84 89 96 103 70 90 88 82 80 83 114 135 141 138 136 135 126 125 117 115 115 118 115 111 106 106 100 96 103 105 93 96 93 96 99 99 102 101 96 96 96 91 88 85 88 87 84 89 89 66 37 44 45 41 43 52 55 46 
106 113 114 106 104 102 107 106 111 105 128 106 69 110 95 87 84 75 66 62 69 74 77 62 69 81 84 49 50 47 43 44 50 49 48 47 46 45 57 64 69 64 42 63 70 65 73 72 73 71 93 86 118 143 145 136 127 127 121 119 108 107 105 104 104 96 91 96 88 84 85 81 72 71 74 76 71 74 79 77 70 75 75 66 67 70 70 70 67 70 63 47 40 42 47 44 47 46 37 30 
53 41 60 38 52 31 51 31 42 48 29 67 46 41 51 36 97 96 54 70 92 93 98 77 82 107 105 43 42 40 36 39 40 38 39 41 44 53 65 71 64 62 16 53 68 58 64 60 64 73 100 84 110 131 126 113 107 102 98 100 92 94 87 80 82 80 75 75 68 74 72 61 62 59 59 62 61 57 55 52 51 56 62 59 61 62 63 60 63 60 54 44 43 51 57 55 47 41 37 37 
55 16 29 16 52 14 52 15 48 36 33 52 32 34 43 23 64 83 59 66 87 120 125 92 101 122 89 46 46 37 39 37 39 37 38 39 51 70 75 61 33 56 10 47 57 52 61 68 73 92 104 85 107 119 110 101 96 95 92 99 90 95 92 87 88 93 87 85 85 90 86 77 84 85 74 77 76 78 74 72 77 82 80 83 88 87 86 83 84 83 71 62 68 77 75 68 62 62 59 55 
57 21 49 14 51 17 53 20 52 19 55 51 24 64 55 28 31 56 78 70 94 78 83 75 79 123 66 65 54 40 41 35 33 29 27 29 32 34 30 24 17 48 10 47 58 56 68 69 80 103 117 103 116 130 125 120 115 115 120 113 110 116 115 113 116 120 114 110 113 116 108 109 115 105 100 104 104 103 98 95 102 110 110 107 115 112 117 112 110 109 94 86 88 93 87 81 84 84 76 69 
31 16 52 14 48 22 51 35 86 67 87 84 66 89 83 67 56 22 41 57 125 117 110 110 56 95 57 53 36 28 26 23 23 24 25 27 25 27 25 18 17 28 16 50 63 55 60 70 102 127 136 136 141 154 149 143 136 138 139 137 134 132 128 129 135 134 125 125 124 125 121 125 111 114 115 112 108 107 113 115 113 118 115 116 121 123 124 116 113 112 100 94 88 89 84 84 87 87 83 82 
45 21 40 26 36 30 37 70 168 159 161 161 159 159 165 163 147 41 36 44 77 65 74 66 32 38 36 32 49 37 38 38 39 41 39 41 41 35 30 30 29 58 28 59 66 64 81 110 132 150 157 156 153 160 161 158 150 144 145 135 137 138 134 135 139 132 128 128 127 122 122 121 117 121 121 114 117 118 116 113 117 117 119 119 118 122 120 121 117 111 102 99 91 86 78 86 90 88 88 89 
41 30 32 33 35 36 32 39 51 39 58 36 56 59 59 66 142 32 24 67 128 56 24 20 26 20 21 20 51 25 26 28 27 29 27 27 28 11 7 9 8 53 8 38 47 45 79 129 148 157 158 165 159 159 159 160 156 145 145 135 132 143 128 133 138 131 134 129 128 127 119 114 118 122 114 120 119 118 119 117 121 118 119 117 115 121 128 129 118 110 107 103 97 88 85 95 96 91 86 80 
30 36 29 45 21 47 27 39 33 35 47 23 35 50 42 59 144 34 20 24 52 54 18 21 21 22 25 22 50 25 25 25 24 27 25 26 23 4 7 6 5 49 7 45 64 54 98 142 156 161 160 161 161 159 159 164 163 146 145 140 135 143 132 132 136 139 138 140 129 127 118 114 118 115 118 118 118 121 121 117 121 125 120 123 117 121 124 126 118 110 108 104 100 92 98 104 97 94 90 93 
24 47 17 49 19 52 20 51 30 39 36 26 47 30 53 63 147 34 21 20 19 21 22 20 19 21 19 22 43 27 24 27 22 24 26 29 19 5 6 7 6 41 10 44 66 65 116 146 157 163 164 162 161 160 163 170 166 156 147 142 144 148 134 134 135 141 141 138 136 131 124 118 113 116 115 114 121 118 121 120 123 118 119 123 117 118 125 123 114 108 113 108 101 98 104 107 106 102 100 89 
13 56 19 51 20 51 19 53 23 58 32 29 49 22 62 65 148 35 28 25 27 28 28 27 27 29 26 30 35 32 32 32 30 32 34 36 28 17 20 19 22 36 24 49 65 84 133 152 159 164 166 169 168 164 163 168 169 161 156 144 150 147 137 142 144 145 136 131 137 135 134 125 118 114 111 117 117 123 129 129 123 126 124 122 121 118 121 118 115 112 119 110 105 110 113 116 112 114 104 89 
14 53 17 52 20 49 24 52 19 42 31 35 45 22 58 63 92 36 31 30 34 36 35 36 36 37 36 35 43 42 39 38 36 38 40 42 38 31 32 29 31 54 30 54 67 108 138 153 159 164 167 172 169 164 164 169 170 164 159 148 151 148 145 142 138 145 140 136 140 141 132 125 123 116 116 114 116 120 124 121 115 118 120 128 123 117 121 117 119 114 116 112 113 117 118 120 120 112 105 94 
13 49 22 45 26 43 27 60 61 41 59 76 73 67 81 84 60 23 20 20 21 21 23 23 23 23 23 24 34 34 28 30 26 28 28 30 20 7 7 6 8 43 13 41 77 123 143 158 161 166 174 174 167 165 160 166 164 164 162 156 153 149 149 146 142 143 142 144 141 135 134 134 125 123 123 119 118 120 118 118 113 118 123 122 124 120 120 118 119 117 120 119 122 123 120 123 124 119 105 97 
15 35 33 25 48 24 47 70 142 57 142 166 162 154 162 163 136 31 19 19 23 22 24 25 25 24 24 24 33 36 28 27 27 30 30 31 24 5 4 6 7 39 11 39 93 130 148 161 169 174 178 176 170 163 155 160 162 163 163 160 158 149 156 147 145 148 146 148 143 137 137 135 133 130 128 128 125 119 115 119 113 116 123 126 121 124 124 114 117 122 126 127 133 120 118 129 129 118 103 98 
18 19 45 20 52 21 55 28 47 38 42 55 46 46 56 63 37 26 18 20 27 25 26 27 27 27 27 27 31 32 30 31 28 31 31 32 32 9 6 5 6 31 10 39 97 133 156 162 169 175 177 171 173 163 156 157 157 158 165 165 164 159 160 152 146 151 143 145 146 144 142 134 137 138 135 129 126 125 118 120 118 122 119 121 124 121 116 113 119 121 129 134 117 112 125 133 132 117 105 101 
33 12 51 21 54 22 43 49 101 93 100 102 91 95 97 104 82 37 31 33 38 36 38 39 40 40 40 41 42 44 44 46 45 47 48 47 49 37 32 33 35 46 40 60 115 146 162 169 166 176 176 179 177 167 159 161 152 157 166 167 168 161 163 161 158 151 146 144 145 148 147 140 138 144 138 132 125 126 125 123 124 122 113 116 129 112 110 110 114 121 132 130 109 112 127 134 131 118 104 105 
55 14 51 22 53 25 34 62 148 143 156 171 152 144 144 172 141 37 25 26 31 30 29 29 30 30 30 31 33 42 34 37 33 36 37 37 38 38 30 15 14 38 23 58 136 161 164 170 171 181 176 181 173 177 164 162 158 156 165 168 169 163 165 164 162 158 156 147 148 144 144 146 143 142 140 138 132 130 132 132 129 116 112 116 118 116 115 113 115 126 135 126 108 116 133 139 133 115 99 102 
49 15 45 26 41 29 42 32 42 40 135 91 46 46 41 97 132 35 26 25 28 27 27 27 28 28 27 28 30 45 32 34 30 33 34 34 33 33 32 12 6 31 18 79 136 158 164 169 175 179 176 177 176 176 169 162 167 160 164 168 165 163 163 164 165 154 159 154 152 148 146 150 151 142 136 137 136 132 138 139 128 127 126 119 122 116 120 119 119 127 130 118 106 115 132 135 124 115 100 103 
47 18 36 32 30 28 34 31 34 53 154 42 39 40 30 48 159 53 29 26 26 26 26 26 27 28 28 29 28 41 33 33 32 32 34 33 34 35 26 7 6 29 22 90 143 152 166 173 177 176 176 172 174 182 174 162 167 165 163 169 162 163 162 163 162 157 157 156 151 153 152 146 149 146 142 142 141 136 136 137 137 132 130 129 120 114 121 112 110 123 128 117 107 116 133 136 122 109 99 101 
39 23 27 40 31 38 29 37 31 46 154 93 49 38 47 101 158 42 27 26 27 29 28 28 29 29 29 29 30 36 34 35 34 33 36 36 36 36 23 7 7 20 39 112 147 161 170 175 176 172 175 172 178 179 180 172 167 160 161 166 166 166 162 161 164 159 162 158 151 157 157 149 155 151 152 146 140 144 140 139 138 128 120 116 109 111 110 112 115 125 123 112 104 117 131 133 114 102 97 106 
28 32 23 32 30 42 29 42 28 39 80 160 159 142 151 155 84 35 41 38 41 43 41 41 42 42 42 43 44 50 42 47 48 46 50 52 53 53 47 41 42 50 76 131 158 168 171 176 171 171 180 175 179 179 180 175 181 168 163 164 165 161 163 164 165 158 166 158 152 159 155 155 159 150 153 154 149 147 145 137 138 135 132 130 120 119 98 109 105 110 112 106 105 116 127 126 110 99 96 105 
18 43 20 35 29 41 29 41 27 43 32 52 90 92 84 60 42 32 28 28 32 34 32 32 33 33 33 34 35 46 32 36 36 35 39 38 38 39 21 13 13 28 81 142 163 171 177 181 176 177 176 178 179 182 181 181 180 183 170 170 163 161 160 161 160 156 163 162 153 158 151 159 153 152 154 154 155 154 153 142 136 139 133 130 120 123 109 120 119 116 106 102 101 111 121 120 113 103 93 104 
13 44 18 37 28 42 27 41 26 41 29 73 105 117 116 77 41 33 31 28 32 35 33 34 34 34 34 35 35 45 32 38 35 35 40 39 40 37 16 17 16 33 109 151 164 173 182 179 178 181 177 181 182 179 182 183 185 182 177 175 165 166 158 162 156 154 161 156 152 155 157 157 153 155 162 161 162 160 156 148 140 138 134 131 124 113 105 111 115 112 111 110 105 108 119 120 105 99 91 101 
16 31 14 32 31 39 30 34 34 41 81 166 141 155 138 167 94 35 33 34 35 38 36 36 36 36 36 37 37 43 33 41 37 38 42 41 44 37 12 10 8 38 127 154 165 178 181 178 183 182 181 187 183 179 180 183 187 179 178 173 168 172 161 163 162 160 158 157 157 160 160 155 155 161 165 164 164 164 158 156 148 140 137 134 131 122 105 108 111 109 103 112 117 113 121 121 115 105 94 104 
22 37 25 20 36 32 41 29 43 48 146 79 79 132 46 92 155 49 38 38 41 44 43 43 43 43 43 41 39 42 39 42 40 40 45 46 45 34 16 18 19 62 145 161 173 176 178 178 181 185 186 185 185 180 177 183 180 179 178 172 169 173 169 166 167 167 161 158 163 165 156 150 157 162 168 166 166 171 168 168 163 153 144 139 131 128 114 107 106 107 96 94 112 108 121 118 112 107 102 101 
20 23 30 16 38 30 43 34 36 55 149 44 81 132 41 47 152 62 40 36 36 37 37 39 37 39 38 40 41 44 42 45 46 47 50 49 51 38 26 28 31 88 156 163 172 174 176 177 181 186 183 182 183 177 176 182 176 178 171 172 170 170 167 168 170 171 168 169 172 163 154 161 161 165 166 169 170 172 171 172 166 165 156 147 136 130 123 117 111 106 104 98 102 106 102 110 109 98 92 96 
20 16 35 18 36 32 41 36 44 47 154 76 87 134 41 67 153 57 47 41 42 46 44 40 43 43 42 41 40 43 39 44 46 43 46 47 48 17 7 10 12 93 158 165 176 171 181 179 186 187 181 180 179 176 175 177 180 178 171 164 174 168 162 167 171 170 169 170 173 169 167 164 166 168 168 168 172 175 170 169 170 170 169 160 146 139 131 125 118 115 114 116 106 102 98 97 102 98 89 86 
29 16 34 18 27 34 36 37 46 37 99 160 140 146 61 148 143 81 126 131 126 123 110 63 54 49 47 47 49 60 61 70 57 49 49 47 47 18 5 9 23 115 155 165 183 179 190 182 184 184 180 181 178 179 177 173 179 175 168 161 166 165 162 163 169 166 167 171 171 169 173 179 178 179 177 178 176 174 179 179 173 169 168 159 151 142 131 128 122 114 106 111 116 112 101 92 97 86 70 65 
33 18 35 19 19 22 26 28 30 37 34 70 116 101 50 92 125 106 138 173 171 175 164 84 60 57 50 53 54 86 103 104 92 60 48 35 43 27 17 15 45 128 159 176 185 188 189 182 183 184 183 178 180 176 179 171 174 174 165 159 159 160 160 160 162 157 160 163 168 169 173 177 174 177 179 178 184 185 186 186 179 172 170 158 151 147 139 131 123 119 114 102 109 118 105 80 67 60 58 54 
32 16 23 24 16 23 18 28 21 37 33 39 43 38 44 42 52 31 30 41 37 41 39 35 36 34 39 39 39 39 46 39 39 40 42 48 48 51 48 45 75 145 171 183 185 189 186 184 181 185 187 182 176 175 174 173 171 180 169 162 160 157 160 160 161 155 150 155 163 164 170 172 171 171 171 175 178 183 184 179 171 164 154 156 154 149 142 143 144 140 130 123 111 106 97 86 64 58 56 54 
35 20 24 31 22 33 21 35 24 36 128 157 158 153 161 160 140 42 110 84 111 49 104 72 46 47 37 48 35 46 38 56 26 37 29 27 25 29 32 28 55 148 177 185 186 190 182 187 182 185 188 180 175 179 172 172 170 179 166 164 163 163 163 153 145 140 151 151 149 153 157 156 162 162 167 165 168 173 170 163 155 146 151 154 145 142 152 156 150 141 136 124 112 109 97 80 62 55 54 56 
19 22 11 32 10 29 12 34 22 30 123 118 65 64 69 65 67 27 42 17 30 14 28 20 15 19 16 19 12 21 20 28 13 28 19 24 19 22 21 20 65 152 182 189 188 190 181 190 190 190 187 178 174 182 172 170 171 170 165 165 166 160 150 150 142 148 148 144 143 145 145 146 145 149 154 146 160 158 153 147 135 140 143 140 139 147 148 152 157 144 132 123 104 102 96 87 66 55 57 67 
9 22 3 30 5 21 16 23 11 39 151 42 9 27 15 26 27 23 21 23 30 31 31 33 35 36 32 32 34 36 35 33 31 33 35 35 39 39 35 40 84 151 176 180 186 187 179 186 188 188 187 175 178 178 172 171 172 171 167 172 163 156 154 151 139 140 142 139 134 138 142 139 135 143 143 146 153 147 142 135 132 132 134 135 134 128 132 146 145 135 129 111 111 106 90 69 56 56 65 77 
6 28 4 23 12 12 35 16 19 20 134 43 14 23 16 25 20 22 18 24 22 7 6 7 7 7 6 7 5 16 6 4 6 14 20 23 22 24 24 24 82 149 168 173 180 176 174 179 182 182 184 175 180 177 174 173 173 177 169 166 153 153 151 149 138 139 139 132 135 131 128 125 128 126 129 134 136 132 128 128 125 125 129 131 127 118 120 127 124 124 115 105 105 93 74 49 42 57 68 82 
5 24 8 10 26 11 33 10 87 105 164 120 104 106 104 114 70 13 13 20 9 10 9 13 20 24 22 22 24 28 25 23 24 33 33 34 34 35 36 36 63 146 164 170 174 161 167 171 176 178 180 178 175 178 173 175 175 176 165 160 151 150 150 140 139 142 137 125 126 123 117 114 110 112 119 115 111 105 106 115 112 116 112 115 110 108 108 97 86 95 94 98 90 79 48 42 50 77 80 80 
3 15 14 3 30 17 24 24 116 128 161 129 125 125 127 129 164 54 40 34 28 28 25 21 18 17 18 15 19 16 10 8 12 22 21 23 23 23 24 24 31 121 160 163 156 153 160 163 170 175 177 177 174 180 175 180 181 173 160 152 141 136 137 137 143 137 126 117 111 114 106 100 96 93 93 92 93 97 102 103 95 95 95 101 97 97 90 75 63 62 66 70 74 77 71 70 80 81 88 88 
6 8 22 3 33 21 18 15 26 26 104 34 30 19 36 25 119 38 17 8 5 6 6 5 6 6 8 8 15 10 7 8 15 24 24 24 24 24 26 29 33 116 154 152 139 148 157 163 168 173 175 172 174 177 177 178 168 155 147 136 142 141 137 141 136 129 121 118 113 100 94 87 88 89 82 83 85 89 98 92 90 100 103 103 93 92 84 81 75 60 58 58 54 64 71 71 61 55 60 74 
11 6 30 4 24 12 10 13 16 25 120 91 46 26 28 30 34 36 50 59 30 36 33 31 33 35 33 34 39 31 29 27 35 37 37 39 40 40 42 46 51 112 143 137 133 150 156 159 163 164 170 167 170 167 167 162 155 146 149 140 142 146 140 142 136 132 129 125 117 111 110 107 106 100 95 98 96 98 102 94 97 106 102 96 87 85 88 88 73 64 68 69 50 42 48 59 60 52 61 58 
22 5 31 13 23 16 10 23 8 25 91 152 161 124 66 29 20 22 77 119 6 8 7 5 6 6 4 8 13 6 7 11 20 23 18 16 16 23 18 16 25 101 134 125 141 151 152 157 158 162 168 164 164 159 157 151 146 136 141 140 151 145 142 143 140 137 133 128 127 123 125 118 115 109 106 101 97 103 98 96 101 103 95 85 86 93 87 79 71 75 74 71 49 37 48 64 58 55 62 31 
35 6 23 32 13 21 9 27 5 24 12 34 69 126 158 144 103 100 154 98 19 21 19 21 23 25 25 32 28 25 25 26 35 33 27 31 36 38 35 36 48 111 131 136 147 149 152 155 152 156 156 155 152 149 149 145 143 144 145 145 157 157 146 146 144 146 139 137 134 136 120 122 130 120 107 112 109 98 100 101 103 104 91 91 94 89 76 75 81 86 83 72 53 48 61 74 57 63 40 25 
32 10 18 22 7 26 3 19 7 18 11 25 28 61 130 177 169 132 69 25 21 22 18 18 18 18 19 29 15 13 15 26 27 27 25 30 30 30 29 29 63 116 133 144 145 148 157 154 156 151 150 152 147 150 149 147 149 152 153 150 159 160 157 148 145 151 144 136 145 142 133 133 125 119 113 119 109 98 103 105 105 103 90 88 83 85 75 76 88 89 77 70 56 51 69 72 66 72 36 27 
25 15 19 27 4 23 4 18 14 18 44 95 138 162 138 95 43 12 2 3 4 4 4 4 5 6 9 13 7 9 13 37 24 26 25 26 24 26 29 33 89 127 133 141 148 155 155 160 161 158 157 148 148 153 151 157 161 156 162 159 156 154 154 149 152 156 142 141 143 148 128 129 126 115 116 117 101 101 115 109 113 106 96 88 83 79 69 77 80 85 75 59 44 52 69 80 70 62 32 37 
19 35 17 29 6 15 13 8 26 16 150 148 107 53 34 32 33 29 32 33 33 35 36 35 35 35 43 39 33 36 42 45 48 44 40 42 39 48 49 74 113 137 142 142 149 159 156 160 158 160 159 151 151 160 163 162 161 161 164 154 163 156 155 149 161 158 145 151 147 141 125 125 120 115 128 107 104 107 109 114 111 103 92 86 83 82 84 83 82 82 62 45 43 63 74 80 69 55 27 40 
13 36 6 18 14 7 27 5 25 10 79 42 23 24 34 26 14 13 5 7 6 5 6 6 5 6 19 6 8 9 23 23 25 16 11 9 10 18 42 111 133 145 143 149 141 154 162 163 165 160 160 154 159 163 158 164 162 156 164 156 152 154 160 152 157 154 151 156 146 130 123 116 120 120 120 102 109 115 113 114 109 101 84 76 92 94 88 98 87 70 56 42 53 76 83 72 53 54 37 54 
17 29 4 10 23 4 31 6 26 8 37 24 7 9 17 8 3 3 4 4 4 5 4 6 3 7 14 6 5 8 13 33 33 23 20 8 12 31 83 130 141 141 146 152 152 148 163 165 163 156 160 160 162 162 164 167 160 157 159 160 156 151 149 152 150 150 154 161 152 131 131 121 113 116 118 120 109 120 95 112 102 97 77 83 88 99 104 110 108 83 49 40 58 76 79 65 42 41 36 60 
22 27 12 4 27 3 22 15 24 25 27 28 33 33 38 36 32 35 38 38 37 36 36 37 36 45 35 34 34 37 38 55 48 44 49 46 54 88 115 142 141 150 151 150 150 148 152 157 165 170 166 165 159 168 162 164 160 163 160 164 152 157 155 152 152 156 158 158 151 134 139 130 123 118 116 130 115 126 109 106 104 80 75 95 110 120 114 118 109 92 70 54 61 76 68 62 48 44 42 63 
13 13 23 4 27 9 14 18 14 36 21 17 25 25 13 6 6 8 5 6 6 6 6 5 8 22 6 12 23 33 27 25 23 26 23 23 61 111 136 142 148 146 148 144 143 148 153 153 157 166 167 162 160 169 162 164 161 163 163 166 149 154 157 151 161 161 162 161 144 138 132 130 124 121 129 136 125 121 118 105 97 80 88 110 118 132 126 128 116 92 62 52 55 66 62 46 47 42 51 73 
13 6 31 3 19 14 9 24 17 37 15 8 19 17 7 5 3 6 6 15 26 37 39 32 24 25 22 35 38 31 27 29 25 29 32 44 97 137 154 160 155 155 163 158 157 148 148 152 154 163 166 159 163 161 159 158 164 166 158 166 155 164 154 153 162 166 167 162 145 140 128 132 124 130 133 137 131 118 110 107 94 87 94 115 125 128 132 130 113 91 73 68 55 64 69 57 55 45 58 74 
20 10 29 8 11 24 4 29 26 36 40 38 51 41 41 37 36 36 42 54 46 45 45 51 52 50 42 41 44 50 51 49 50 56 78 105 142 161 170 171 168 165 174 180 180 169 157 157 161 162 172 167 166 160 156 161 160 168 158 162 161 166 156 145 150 161 162 155 150 139 129 130 130 131 145 140 134 121 118 110 104 90 98 114 128 132 136 133 123 112 98 79 57 55 68 54 53 56 72 80 
33 17 25 15 6 31 3 32 28 16 10 33 26 6 3 4 6 10 27 30 30 18 27 35 28 17 14 18 28 27 26 27 41 50 133 161 162 171 175 171 169 170 171 183 184 185 174 172 170 166 171 168 167 166 158 161 167 167 165 163 158 165 162 151 147 153 157 156 151 139 130 124 130 129 154 149 139 122 123 118 108 92 102 127 138 139 138 134 123 115 113 105 70 46 76 63 55 64 72 75 
32 27 30 25 10 30 6 31 27 8 17 39 16 4 3 4 4 11 25 37 48 41 33 29 20 18 21 25 33 39 49 53 76 84 162 169 173 178 177 177 171 182 177 179 178 183 186 183 184 182 173 172 169 169 159 169 163 169 164 173 174 164 167 163 153 151 158 157 158 144 125 125 132 137 154 151 141 121 122 125 105 94 102 127 143 139 130 129 128 123 123 122 101 67 83 76 50 58 72 85 
29 28 36 43 12 26 25 34 31 23 43 44 33 31 29 30 34 37 45 48 49 42 44 50 48 54 54 53 49 52 76 122 150 143 164 171 178 179 177 178 173 181 179 178 175 176 189 183 181 180 176 177 185 175 162 163 167 168 171 178 178 167 165 171 157 154 151 155 162 146 129 123 131 141 159 155 146 132 129 130 110 94 100 119 134 135 127 127 130 130 127 118 104 92 89 71 52 67 84 83 
44 36 36 46 35 34 41 25 45 49 44 40 39 30 33 33 32 31 35 38 47 35 32 32 28 29 33 50 68 90 127 159 163 165 162 171 180 183 184 184 181 183 181 184 181 181 181 179 182 184 181 174 187 177 176 159 167 174 167 178 185 171 171 169 158 157 152 158 165 153 137 123 128 139 161 159 154 141 138 132 119 110 106 111 124 132 133 122 121 127 123 128 112 94 89 67 55 62 65 54 
76 51 70 76 49 69 33 38 65 79 87 82 75 68 57 56 43 28 52 46 61 59 63 73 71 67 85 109 118 135 148 155 155 157 162 162 174 184 191 192 187 184 184 188 184 182 187 180 183 185 180 182 183 180 177 163 168 172 173 177 180 171 170 171 165 161 159 155 160 152 143 126 123 139 167 163 155 155 147 143 136 127 120 115 119 128 123 118 115 115 122 123 106 79 64 62 74 79 60 59 
82 57 70 90 43 51 86 112 142 149 156 166 167 157 129 99 67 57 60 73 84 95 112 117 116 119 118 116 115 123 126 127 138 143 154 146 155 172 190 199 195 192 195 186 185 182 188 181 179 185 184 188 182 188 182 176 163 166 178 181 177 179 170 166 164 166 165 150 157 149 146 134 123 144 173 158 156 161 154 150 154 147 130 128 120 126 111 109 112 87 85 77 70 76 87 93 100 97 86 70 
101 79 65 93 58 108 142 151 152 159 157 152 155 163 169 157 150 151 132 127 82 78 111 111 123 127 118 117 121 118 107 116 124 141 154 148 141 141 158 177 191 193 201 197 198 192 191 184 174 183 186 186 186 186 179 181 167 162 183 182 182 178 175 168 163 161 170 163 149 148 151 143 129 145 171 157 158 169 159 157 165 159 137 134 117 114 111 95 99 76 59 70 88 99 100 88 85 81 51 29 
70 59 53 67 93 148 148 160 163 164 165 166 171 159 156 165 161 177 176 163 120 102 108 123 129 127 120 138 132 124 117 133 125 150 167 150 138 139 143 148 165 183 193 204 204 197 202 193 180 179 183 185 185 183 175 180 170 162 176 181 182 179 176 178 164 163 164 170 166 156 152 140 126 144 170 163 162 170 163 160 165 162 139 123 108 103 96 93 86 67 55 72 85 91 99 88 62 32 18 23 
65 62 54 55 109 160 150 164 171 169 170 169 174 170 159 150 140 140 137 150 128 108 126 131 134 128 138 140 144 144 149 130 117 145 159 137 141 143 153 147 145 158 176 195 199 200 210 204 190 183 186 187 181 180 177 170 171 165 159 182 187 186 183 182 170 161 160 172 176 165 154 140 125 148 174 165 159 166 156 154 153 151 141 112 108 103 104 88 79 66 58 64 82 78 67 42 27 24 25 31 
56 67 58 54 107 153 151 163 171 168 174 170 174 168 161 169 139 121 127 111 126 131 140 143 145 150 151 155 150 160 156 122 118 140 152 131 137 154 165 159 150 148 158 185 198 204 211 208 200 194 193 194 183 178 179 171 171 170 156 165 182 185 191 192 187 172 166 171 177 171 154 142 133 154 179 173 161 163 157 152 148 147 135 119 117 117 113 95 78 67 48 62 69 34 28 36 36 43 33 34 
52 65 63 39 71 141 147 157 167 160 169 175 166 168 160 177 139 148 151 134 139 156 149 143 154 155 150 149 156 162 132 111 152 177 167 129 137 150 166 177 173 165 157 166 190 199 205 208 202 201 201 200 194 186 184 177 171 173 166 159 168 175 187 190 194 185 175 163 174 173 154 147 139 151 171 173 160 156 155 154 154 146 132 118 119 118 109 93 76 62 46 41 19 15 16 28 27 44 34 33 
51 63 60 38 51 116 144 150 159 156 161 174 159 159 157 178 155 174 151 162 162 161 149 147 147 158 162 170 152 124 103 150 182 192 170 127 146 148 170 186 186 182 158 154 179 192 201 205 202 204 205 206 205 201 190 180 173 170 167 156 156 172 181 184 193 187 179 163 156 171 158 148 144 153 164 169 158 157 156 151 142 133 124 119 119 114 92 75 71 39 16 12 13 21 20 35 32 38 38 33 
56 62 50 35 63 75 124 143 145 148 148 158 160 147 153 171 167 180 180 167 155 155 144 144 159 168 154 153 114 96 152 187 197 195 183 136 155 158 176 186 192 196 170 155 170 187 199 201 205 206 209 211 211 211 200 186 178 171 167 169 157 159 176 183 195 193 187 167 150 168 156 148 151 156 158 161 167 156 155 150 137 121 124 129 116 98 87 61 32 9 6 11 14 21 17 48 45 75 44 34 
62 50 30 42 61 61 71 114 139 142 145 133 145 143 152 167 176 161 167 156 146 145 154 159 159 158 129 97 81 131 188 204 209 205 180 141 164 165 182 188 197 199 182 164 159 178 200 203 206 206 212 211 212 214 208 200 188 176 169 172 165 159 159 174 193 199 188 165 148 168 164 146 156 149 149 159 171 158 149 145 138 127 136 127 131 119 67 32 10 5 5 15 16 34 23 41 50 48 49 38 
62 44 22 61 67 65 65 68 94 131 137 143 131 128 144 167 169 163 157 152 150 148 149 161 141 105 99 128 146 181 203 212 216 200 165 145 169 173 189 193 201 201 192 172 152 174 197 207 208 207 211 210 213 216 214 207 197 185 170 165 165 160 157 163 179 196 184 163 147 168 167 151 150 156 150 154 170 160 150 133 134 130 138 110 89 76 58 27 7 5 7 15 15 15 11 20 64 65 64 52 
63 43 39 65 65 63 63 63 69 77 118 135 138 123 128 156 155 161 159 149 151 147 158 125 77 89 149 179 206 210 212 215 208 177 167 180 195 189 188 190 199 203 192 182 158 167 192 208 213 212 210 210 210 212 212 210 204 193 172 166 165 156 156 167 166 182 180 162 146 163 177 163 152 157 158 158 174 165 148 125 133 126 115 115 73 31 15 21 8 4 6 15 16 9 14 14 33 37 47 47 
56 35 56 63 64 64 61 63 63 63 67 116 125 132 129 147 157 160 160 150 152 134 104 71 106 149 180 199 212 216 219 219 189 165 185 200 215 209 194 197 196 204 198 186 159 159 189 206 212 214 211 213 210 210 209 210 209 200 181 169 164 159 152 163 159 165 174 165 148 155 174 170 162 158 173 172 166 158 139 126 130 128 123 100 67 30 10 17 12 5 3 10 14 12 33 14 21 35 41 41 
38 35 62 58 58 58 55 58 61 60 61 80 134 120 159 151 162 157 164 156 144 100 68 91 126 177 196 179 200 216 221 211 158 180 197 210 224 218 198 201 199 208 205 186 162 155 186 202 209 214 213 213 214 211 209 206 208 202 181 171 165 160 151 157 154 155 172 172 158 148 157 166 166 166 176 176 166 156 129 125 126 120 114 80 32 15 8 11 20 8 7 10 17 16 15 14 26 62 63 64 
25 47 59 62 61 61 59 62 65 64 56 64 126 124 147 147 160 153 163 157 131 106 131 112 99 156 190 169 188 214 208 179 163 199 203 216 220 219 209 206 200 205 201 187 171 154 181 195 206 211 210 213 215 213 204 204 208 204 183 171 157 151 148 152 152 155 169 175 173 154 148 149 162 168 167 178 158 153 124 113 115 122 95 60 25 23 24 35 26 14 15 16 22 18 19 27 23 47 46 40 
33 66 64 64 62 62 61 62 63 63 41 50 116 121 139 151 171 171 168 163 158 142 158 134 144 122 147 189 183 209 194 162 204 216 213 219 224 223 218 210 204 205 196 193 172 151 179 196 206 211 211 210 211 207 201 205 209 204 188 172 157 153 147 144 152 157 168 169 174 166 151 140 163 169 170 172 159 148 119 96 78 66 57 34 8 4 11 17 29 16 12 12 20 17 16 25 16 29 56 42 
49 67 67 67 65 65 63 67 68 62 30 45 84 119 136 157 168 170 177 167 145 166 176 160 168 158 148 167 147 209 196 197 226 221 222 223 225 227 221 211 208 201 193 193 174 155 182 199 204 209 209 207 201 199 200 206 210 203 191 176 159 151 148 144 149 158 169 173 166 165 153 157 150 162 161 160 161 139 115 80 44 23 18 9 5 3 11 10 29 18 9 4 22 17 15 10 14 46 126 86 
52 57 59 59 58 59 60 57 59 61 47 58 74 115 143 153 156 166 171 150 106 143 183 154 173 160 167 142 170 208 190 223 233 231 221 224 224 223 214 210 208 204 194 188 175 160 194 202 204 206 206 203 199 201 203 205 204 201 195 183 162 151 148 146 147 155 157 173 168 159 157 157 163 153 141 149 151 138 117 84 31 16 21 5 4 4 10 8 30 10 9 4 7 12 15 13 29 28 123 67 
70 66 68 68 67 66 67 70 66 39 41 53 87 111 138 149 155 155 150 131 88 123 158 161 160 165 165 146 197 185 195 224 232 231 219 216 219 209 212 210 199 197 185 180 160 169 204 208 206 203 200 198 200 206 207 207 204 202 198 189 173 162 153 148 142 148 157 159 160 158 151 158 168 162 133 138 124 131 105 73 29 21 29 14 11 9 15 13 22 16 8 3 6 8 16 13 14 17 41 30 
68 66 66 67 65 63 65 66 53 43 50 53 97 131 132 126 133 136 137 108 104 127 153 160 154 159 157 169 192 181 206 221 229 221 215 201 187 187 204 204 193 195 183 169 157 178 204 213 211 202 198 197 202 208 207 202 199 199 194 188 178 169 159 156 157 152 153 153 157 158 149 165 172 165 144 122 104 107 65 32 17 17 30 26 23 20 19 23 21 20 9 5 10 10 16 14 9 11 33 28 
65 65 65 67 65 64 65 65 35 32 50 53 75 115 133 127 110 127 144 101 107 135 141 140 144 153 160 163 188 197 202 219 227 216 212 191 165 170 184 198 187 190 177 159 159 185 198 203 201 197 190 199 203 210 207 200 197 196 195 192 181 171 160 149 154 149 150 146 151 151 145 156 158 165 141 107 69 50 30 17 8 7 21 11 3 4 3 16 5 17 10 2 6 7 16 18 7 10 21 34 
60 63 65 61 61 63 62 54 33 34 59 51 66 97 130 137 154 134 163 124 82 114 114 110 143 136 150 166 185 198 202 218 216 210 207 195 158 162 181 194 178 178 164 155 167 191 195 195 190 191 193 198 200 207 208 201 197 195 192 191 184 177 162 148 150 146 144 139 139 140 150 148 136 144 124 77 36 22 12 14 11 11 26 17 4 4 4 15 5 18 15 4 4 9 22 20 9 8 9 30 
52 57 63 65 65 62 60 53 54 59 63 69 64 88 117 123 135 163 182 178 101 100 118 113 152 146 145 167 198 208 196 210 207 200 197 187 156 167 186 185 166 160 152 166 172 191 193 194 193 191 191 195 194 199 201 197 191 184 181 186 181 174 163 153 155 150 144 139 133 129 133 122 124 82 80 46 15 11 6 7 6 5 18 21 5 4 5 8 10 13 16 6 5 9 21 22 10 9 11 23 
63 69 71 69 73 76 75 41 54 69 60 69 52 86 112 116 90 84 148 203 173 118 125 112 161 159 155 175 188 200 209 216 209 201 200 189 167 169 184 191 171 156 154 172 180 190 191 191 193 189 189 185 181 186 182 180 175 167 166 166 170 174 165 157 145 145 138 135 135 113 97 72 57 62 38 40 36 37 40 38 36 34 34 35 28 25 24 24 27 24 22 17 19 16 23 29 16 16 15 20 
63 69 70 69 68 69 52 26 58 66 51 64 56 95 136 140 154 152 141 189 224 210 144 97 122 150 157 180 195 199 209 211 215 200 198 183 165 155 170 180 158 144 157 182 184 183 187 184 183 176 177 179 172 170 158 160 161 154 156 153 148 155 156 161 145 132 125 125 117 93 51 43 26 28 21 19 19 21 19 21 23 23 22 29 15 13 15 13 21 19 24 10 3 4 26 15 16 9 6 10 
69 69 71 66 66 64 37 35 49 60 54 67 65 76 105 132 170 186 191 205 228 233 211 116 89 104 142 188 207 176 199 198 202 197 191 182 170 157 167 182 161 140 157 193 180 172 178 175 168 154 142 154 155 155 142 141 151 149 143 145 140 135 142 149 130 113 99 92 71 49 38 28 25 16 8 7 7 9 7 8 9 6 5 29 22 14 15 13 19 13 22 16 3 4 35 24 19 10 7 9 
56 54 60 62 61 52 44 57 53 58 55 58 57 73 96 140 158 182 171 168 177 204 219 164 109 98 140 186 191 162 182 179 195 190 186 176 155 155 166 180 164 141 155 196 189 160 161 159 131 128 113 109 88 91 107 111 132 136 123 126 133 133 147 146 118 85 44 34 32 25 29 18 24 14 7 6 6 6 7 5 6 5 4 20 23 10 10 11 18 17 19 17 10 18 31 23 17 10 10 15 
58 59 62 61 58 51 49 66 59 61 61 53 57 82 96 105 140 160 177 173 153 161 163 160 169 146 156 173 180 159 172 182 189 187 180 168 154 167 176 176 165 141 143 177 192 161 139 122 86 74 59 59 52 61 80 52 73 100 83 105 132 143 136 123 103 67 21 21 18 33 23 18 29 18 11 6 5 5 7 8 9 8 6 22 22 5 7 3 8 10 14 18 5 4 28 36 18 13 6 15 
66 68 66 63 61 36 40 61 60 56 65 41 44 86 117 116 119 152 154 157 153 146 169 166 155 114 134 160 177 185 168 174 180 181 172 152 159 173 171 168 166 139 139 171 190 156 119 77 49 42 44 41 49 56 75 70 69 73 60 63 86 99 89 55 62 53 55 67 66 76 61 56 64 57 54 51 50 47 45 44 44 43 40 38 32 20 17 14 14 15 15 19 8 4 20 53 20 20 7 7 
65 64 65 64 53 36 54 58 60 51 63 42 51 96 109 124 136 115 130 144 145 144 147 154 141 108 94 106 149 196 178 186 182 179 162 151 175 174 162 163 150 121 137 164 176 162 101 71 73 55 32 24 42 39 49 44 42 38 27 36 28 63 62 51 63 50 16 25 10 26 18 21 25 26 18 9 8 9 10 10 8 12 16 22 37 24 24 27 27 32 26 26 10 4 10 61 22 23 11 5 
68 64 65 70 45 53 65 55 63 54 53 36 59 92 97 126 139 137 128 144 148 148 139 143 133 115 78 58 83 185 200 189 168 153 143 161 165 159 152 148 134 109 137 165 173 154 77 75 84 48 34 31 47 48 63 63 40 67 41 36 36 69 54 60 69 50 18 21 13 22 21 27 30 28 22 9 7 5 3 4 5 5 5 5 32 11 4 2 3 19 8 22 16 3 5 56 30 22 14 4 
62 62 63 61 30 56 62 50 66 56 40 42 114 102 90 117 139 162 158 154 139 141 138 132 127 108 61 57 40 125 175 161 141 124 130 158 153 144 154 142 132 104 129 153 166 136 62 58 67 35 29 46 43 50 66 41 52 63 21 26 41 59 61 63 76 51 13 26 13 23 17 21 28 32 18 8 11 8 5 7 5 5 5 7 30 15 2 2 5 16 13 15 19 5 3 41 40 21 19 7 
61 57 56 56 53 58 60 52 60 54 41 97 123 106 110 116 118 110 135 129 114 135 133 129 126 111 56 55 40 77 102 119 112 106 111 137 150 153 152 144 113 99 130 138 135 107 55 49 48 47 37 38 50 77 78 78 76 69 60 73 80 85 63 72 68 61 48 50 35 39 28 26 51 50 44 43 39 40 42 38 33 33 33 32 43 23 4 2 5 9 19 12 20 11 6 22 39 19 19 9 
63 63 63 34 49 42 65 60 49 45 83 130 117 110 121 113 123 124 101 124 189 177 80 76 114 114 83 96 106 74 61 98 118 120 123 130 141 145 143 121 80 87 102 90 66 61 56 69 98 93 87 91 98 92 90 77 85 77 69 69 86 87 64 68 77 59 46 53 44 49 53 51 47 48 27 34 42 15 12 9 8 5 6 7 21 38 22 21 23 18 26 17 23 20 25 21 20 21 26 17 
112 111 55 45 72 55 60 60 51 74 127 114 120 109 114 120 107 112 134 153 190 134 47 55 76 113 87 75 82 94 133 179 163 161 160 154 145 143 121 89 74 81 64 63 51 66 60 62 70 36 32 34 46 50 46 33 69 64 32 47 75 59 37 73 83 44 32 36 36 42 46 33 35 45 36 51 61 50 47 49 47 44 46 51 48 51 41 39 40 40 42 33 32 15 6 10 40 27 19 15 
64 64 36 28 60 57 50 57 66 123 115 109 108 113 94 81 80 77 117 141 161 84 111 64 82 165 109 71 106 172 196 204 190 183 180 178 169 138 98 91 93 94 91 88 65 90 91 90 86 39 26 28 52 54 47 56 71 68 30 50 59 42 36 52 56 26 20 29 17 19 24 13 13 21 7 34 62 36 6 6 3 2 5 6 6 23 11 4 6 7 13 13 22 15 5 2 39 41 18 19 
67 58 29 36 45 66 48 55 107 121 112 93 95 96 56 47 72 62 89 130 154 103 122 93 115 167 111 102 146 161 176 178 176 184 193 179 149 101 58 44 43 43 49 59 65 78 80 81 88 62 45 34 66 92 81 65 98 83 55 69 63 47 49 76 73 35 27 28 32 38 24 13 20 25 17 39 58 44 22 22 18 16 15 21 22 29 21 9 1 3 8 13 16 17 2 1 25 51 22 16 
52 47 38 50 48 56 48 79 121 110 96 46 71 56 41 52 66 53 46 59 114 113 99 134 148 129 102 85 92 124 130 151 168 175 169 148 114 104 89 85 71 71 70 72 51 67 54 35 33 38 35 32 46 41 42 49 56 55 48 49 46 43 47 58 56 38 39 43 40 64 32 56 41 35 31 54 55 45 24 26 23 20 19 15 17 28 25 17 3 2 5 16 12 23 7 1 16 55 22 20 
47 63 61 59 50 49 52 92 91 77 53 46 64 59 63 69 70 66 68 67 73 80 64 95 111 86 86 78 56 60 71 85 117 95 91 117 94 102 118 90 91 66 87 86 62 83 66 32 20 32 20 29 29 36 25 38 65 39 22 20 23 20 32 56 52 21 23 27 23 26 30 28 28 22 16 48 53 48 10 5 2 2 3 4 6 23 30 22 1 1 2 16 10 22 10 1 11 56 29 21 
50 48 62 59 47 61 59 45 50 53 35 46 42 40 48 67 53 54 47 34 53 44 50 52 46 38 47 45 46 44 51 47 63 64 74 64 118 56 64 108 91 73 89 88 89 93 87 80 81 95 85 82 91 85 78 81 74 74 71 65 65 59 61 76 65 44 45 42 49 38 45 35 37 38 31 59 64 60 26 13 9 7 6 6 6 21 26 24 5 4 2 11 8 20 12 3 6 47 34 18 
27 29 63 62 47 59 64 39 57 63 36 65 46 45 49 71 53 48 38 39 55 47 48 51 46 50 52 51 45 42 51 37 54 73 64 53 102 119 54 64 106 85 64 65 48 67 52 34 30 40 52 37 56 41 41 45 42 34 34 33 32 34 43 40 32 33 36 35 40 38 56 40 39 47 42 60 63 65 49 46 40 40 43 41 41 47 47 42 38 39 34 35 32 24 14 4 6 34 51 20 
34 46 54 66 59 55 64 41 58 55 39 63 53 45 60 65 56 44 38 54 52 46 54 53 44 59 61 62 62 55 61 49 28 56 33 46 36 77 73 23 28 55 81 55 56 62 61 59 67 49 45 27 68 73 80 72 72 65 63 55 46 49 55 55 56 57 52 48 36 40 34 18 28 41 38 52 53 54 37 40 32 29 30 26 26 25 31 20 7 8 7 6 12 17 19 8 5 22 59 21 
45 56 45 64 62 47 58 46 49 46 39 61 47 52 67 59 59 47 37 65 39 48 55 55 42 60 58 57 60 45 58 47 33 44 53 47 42 35 90 73 21 28 36 65 41 14 14 15 10 34 12 20 11 15 8 7 9 7 7 7 6 9 17 12 9 9 7 10 28 9 25 13 13 23 17 39 46 31 11 9 6 5 6 5 5 6 36 38 12 16 14 13 25 20 20 10 14 18 27 17 
