255 255 254 253 252 253 253 253 252 253 254 253 253 253 253 253 253 253 253 253 253 254 253 253 253 253 253 253 253 254 254 254 253 253 253 253 253 253 253 253 253 253 253 253 253 253 253 254 253 253 254 254 254 254 254 255 255 254 254 254 254 254 254 254 254 254 255 255 255 255 255 255 255 255 255 255 255 255 255 255 255 255 255 255 255 255 255 255 255 255 255 255 255 255 255 255 255 255 255 255 
255 254 249 232 235 249 240 229 238 247 247 230 243 249 244 223 248 248 232 233 248 244 232 238 249 241 232 240 251 237 229 241 247 233 230 246 247 239 231 246 242 230 236 247 247 233 239 249 249 250 251 251 252 252 253 253 253 253 254 254 254 254 254 254 254 254 255 255 255 255 255 255 255 255 255 255 255 255 255 255 255 255 255 255 255 255 255 255 255 255 255 255 255 255 255 255 255 255 255 255 
254 252 215 45 113 247 216 168 201 241 224 78 159 247 189 75 179 241 168 174 246 210 128 186 248 211 166 207 246 189 75 199 244 120 157 237 243 147 84 241 190 67 145 244 238 79 162 243 244 245 247 249 249 249 251 251 251 251 252 253 253 253 254 254 254 254 254 255 255 255 255 255 255 255 255 255 255 255 255 255 255 255 255 255 255 255 255 255 255 255 255 255 255 255 255 255 255 255 255 255 
253 252 241 129 110 211 244 100 146 243 230 78 159 241 186 67 219 241 129 105 243 245 96 130 245 208 79 158 245 220 70 201 239 161 68 227 239 134 124 239 231 179 192 225 234 72 176 241 240 241 242 242 246 246 248 248 248 249 251 251 252 252 253 253 254 254 253 254 254 254 254 255 255 255 255 255 255 255 255 255 255 255 255 255 255 255 255 255 255 255 255 255 255 255 255 255 255 255 255 255 
252 250 247 191 201 243 241 75 151 241 221 73 169 240 125 85 221 243 155 108 241 241 186 187 240 239 90 163 246 214 77 199 235 210 158 229 233 145 95 235 236 121 132 234 195 92 166 240 239 238 238 238 240 241 242 246 246 247 248 249 251 251 251 251 252 253 253 253 254 254 254 255 255 255 255 255 255 255 255 255 255 255 255 255 255 255 255 255 255 255 255 255 255 255 255 255 255 255 255 255 
252 248 247 139 127 244 243 171 200 241 230 76 160 242 190 66 223 241 156 103 238 241 115 145 236 239 77 169 241 218 61 196 232 170 80 221 231 138 86 231 233 109 128 237 202 154 200 237 238 240 239 236 236 238 238 240 242 245 247 248 249 250 252 251 252 251 252 252 254 253 253 254 255 255 255 255 255 255 255 255 255 255 255 255 255 255 255 255 255 255 255 255 255 255 255 255 255 255 255 255 
252 248 247 123 100 244 242 101 145 240 226 63 186 242 224 169 232 240 201 175 239 239 124 121 238 181 128 195 238 220 177 224 227 173 80 216 227 135 100 229 229 173 171 232 226 104 169 235 237 238 237 236 235 234 233 235 237 241 244 244 243 246 250 250 252 252 251 252 252 253 253 254 255 255 255 255 255 255 255 255 255 255 255 255 255 255 255 255 255 255 255 255 255 255 255 255 255 255 255 255 
252 247 246 103 123 243 205 217 216 240 183 105 177 241 208 132 227 236 121 107 235 224 91 114 241 206 166 202 236 143 71 178 224 148 136 218 218 139 150 225 227 109 147 231 181 131 198 234 236 236 236 236 236 236 233 234 234 236 237 242 244 245 246 247 250 252 250 251 250 252 251 254 254 254 255 255 255 255 255 255 255 255 255 255 255 255 255 255 255 255 255 255 255 255 255 255 255 255 255 255 
252 246 244 128 111 242 193 179 218 236 222 207 223 242 163 103 227 238 181 145 237 208 102 143 221 226 95 163 237 213 60 182 219 163 90 212 221 141 114 223 223 113 133 228 217 80 153 232 233 233 235 236 236 236 233 233 236 235 233 235 236 240 243 245 247 248 249 251 251 251 253 251 253 254 255 255 255 255 255 255 255 255 255 255 255 255 255 255 255 255 255 255 255 255 255 255 255 255 255 255 
252 248 236 190 195 241 237 85 153 239 201 174 219 240 188 69 219 239 167 132 230 230 172 159 222 238 74 168 235 211 65 178 217 160 70 207 211 99 100 222 221 95 124 225 153 80 164 230 232 233 234 234 234 234 235 233 235 236 236 233 234 232 237 241 241 243 245 248 251 251 250 252 253 253 254 254 254 255 255 255 255 255 255 255 255 255 255 255 255 255 255 255 255 255 255 255 255 255 255 255 
252 247 233 108 112 236 234 98 163 240 221 65 173 239 191 73 225 239 165 95 226 234 135 133 232 238 88 169 236 205 65 177 214 172 65 204 216 128 89 219 208 77 129 222 223 164 200 227 230 236 234 233 233 237 236 233 233 235 233 237 236 237 235 232 237 242 242 243 248 250 250 251 253 253 253 254 254 254 255 255 255 255 255 255 255 255 255 255 255 255 255 255 255 255 255 255 255 255 255 255 
252 246 236 191 183 231 235 98 151 239 219 58 187 239 185 69 219 237 121 85 231 238 127 123 234 240 147 192 235 229 193 193 212 132 92 199 213 123 90 216 215 178 178 220 187 70 158 225 231 233 231 230 232 237 236 236 235 236 235 237 236 237 240 241 235 233 237 241 243 247 248 249 249 252 253 254 254 254 254 255 255 255 255 255 255 255 255 255 255 255 255 255 255 255 255 255 255 255 255 255 
252 246 212 64 164 233 238 159 144 238 231 167 215 239 212 194 234 231 132 106 234 238 101 121 237 241 93 114 231 135 133 190 212 160 115 203 211 122 97 217 215 129 142 221 179 155 199 223 226 232 230 235 237 236 237 237 237 235 239 235 234 235 239 242 244 243 238 235 238 241 248 248 248 249 252 254 252 254 254 254 255 255 255 255 255 255 255 255 255 255 255 255 255 255 255 255 255 255 255 255 
253 246 242 117 105 233 239 182 207 239 186 81 188 237 179 68 213 221 109 116 238 237 118 131 238 238 97 187 233 189 70 175 212 169 97 202 214 176 184 203 218 122 110 210 161 84 165 225 227 232 231 237 239 236 238 240 239 237 236 231 229 232 237 242 246 247 245 244 242 239 240 246 247 249 250 252 252 254 254 253 255 255 255 255 255 255 255 255 255 255 255 255 255 255 255 255 255 255 255 255 
253 246 237 121 87 218 213 93 151 240 223 75 195 237 170 147 213 230 203 176 236 231 90 131 238 226 86 156 230 206 126 191 211 116 107 206 216 142 89 194 219 103 117 221 179 65 162 226 228 231 232 237 239 238 240 241 242 241 238 236 231 231 233 239 243 247 247 246 246 248 245 240 246 245 246 249 251 251 253 253 253 255 255 255 255 255 255 255 255 255 255 255 255 255 255 255 255 255 255 255 
253 244 240 130 96 222 209 79 142 236 190 92 198 237 138 101 213 236 153 75 218 214 79 131 237 204 79 150 227 202 90 180 212 175 121 203 214 127 90 216 196 119 150 223 222 159 151 226 229 229 231 235 237 238 239 242 242 242 241 237 237 231 229 234 240 248 247 248 246 246 247 247 246 245 244 246 249 249 250 252 253 254 255 255 255 255 255 255 255 255 255 255 255 255 255 255 255 255 255 255 
252 247 244 124 114 239 211 155 197 236 221 73 188 235 156 71 219 237 155 85 218 216 113 127 235 210 73 151 223 161 46 179 211 188 142 207 216 165 122 220 217 139 166 222 194 133 186 228 230 226 232 234 236 237 239 241 243 243 242 242 238 237 229 228 234 243 246 248 248 247 247 245 246 248 248 245 245 246 247 249 250 252 253 255 255 255 255 255 255 255 255 255 255 255 255 255 255 255 255 255 
252 247 245 168 148 237 208 77 155 234 219 69 97 226 182 75 221 238 150 93 233 235 114 125 227 236 81 163 223 194 78 167 211 123 67 201 214 146 103 218 205 89 135 222 182 73 163 228 230 230 233 235 238 236 239 242 242 243 243 244 243 239 235 229 231 237 244 248 249 250 249 247 245 245 246 246 248 247 247 247 248 250 252 252 253 253 254 255 255 255 255 255 255 255 255 255 255 255 255 255 
253 247 235 179 187 235 232 84 158 233 226 154 197 226 185 71 219 236 101 123 234 235 130 96 201 238 86 159 221 196 79 130 210 155 55 164 215 132 118 219 210 95 136 222 216 69 157 229 229 234 233 235 238 237 239 242 242 244 245 244 244 245 244 236 229 234 239 245 247 251 252 251 250 247 247 246 246 248 249 248 246 247 249 251 253 253 254 255 255 255 255 255 255 255 255 255 255 255 255 255 
253 247 224 136 169 233 232 102 154 233 216 62 172 234 195 93 217 236 151 91 234 214 144 173 233 239 113 158 218 202 156 206 210 190 147 210 215 137 92 218 218 128 145 222 217 67 167 229 227 234 232 235 237 238 239 242 242 244 244 244 245 244 245 240 239 231 237 239 246 248 250 252 251 251 251 249 248 247 249 250 249 248 248 248 251 252 253 254 255 255 255 255 255 255 255 255 255 255 255 255 
253 249 244 106 120 233 222 79 136 234 213 67 179 238 211 190 230 236 204 173 234 214 143 179 234 240 130 186 217 198 61 177 213 122 62 204 217 215 177 219 197 129 163 222 224 167 207 235 234 235 235 234 236 237 239 241 241 243 243 246 245 245 246 244 241 240 237 236 240 244 248 250 252 252 251 251 251 250 251 251 251 251 251 250 249 250 250 253 253 254 253 254 254 255 255 255 255 255 255 255 
253 248 243 196 177 225 212 75 144 230 176 144 203 235 94 55 218 234 147 79 233 232 108 117 237 223 82 159 216 142 78 180 213 100 76 202 217 216 216 218 219 105 135 223 220 114 162 230 233 234 236 237 236 238 239 239 239 242 242 243 246 245 245 243 244 242 241 239 236 239 244 247 250 252 252 252 252 252 252 251 252 252 251 252 252 252 251 250 250 252 252 254 255 255 255 255 255 255 255 255 
253 248 243 120 80 200 230 172 205 222 214 72 137 235 190 71 215 236 147 91 231 231 121 119 237 192 81 151 215 143 71 173 214 119 109 196 216 216 217 217 220 105 144 225 222 78 159 234 233 234 235 238 237 239 238 238 240 242 245 248 244 247 246 247 246 245 244 246 237 236 242 245 248 251 252 253 252 253 251 253 254 252 252 253 254 254 254 251 251 250 251 252 253 255 255 255 255 255 255 255 
252 247 241 139 105 235 232 82 137 228 183 91 185 234 164 143 222 232 143 149 232 231 107 121 242 198 72 151 216 194 143 196 217 175 93 154 216 215 216 219 222 96 130 226 221 59 165 230 233 235 237 239 239 239 239 238 240 242 245 247 249 247 246 247 249 249 248 244 240 237 240 243 243 245 249 250 251 252 252 253 254 253 253 254 254 254 254 255 254 253 252 252 252 253 254 255 255 255 255 255 
252 246 243 125 120 232 198 70 165 235 219 75 149 235 186 94 219 229 87 109 231 231 169 178 227 229 142 175 220 165 68 175 215 195 171 199 216 215 219 221 221 142 151 224 220 76 162 231 236 234 240 237 239 241 239 241 241 244 242 245 246 246 244 248 251 251 248 248 245 239 244 242 244 244 246 249 251 251 251 252 254 255 255 255 255 255 255 255 255 255 254 253 251 251 252 254 255 255 255 255 
252 247 244 132 110 233 221 98 145 234 177 71 171 234 189 76 215 229 124 80 231 230 114 113 233 194 71 141 221 167 66 172 215 133 66 204 219 219 218 221 207 116 160 225 229 178 208 233 239 236 239 240 240 242 241 240 244 246 244 240 245 245 245 244 246 250 249 248 246 243 245 244 245 244 244 245 247 250 251 252 255 255 255 255 255 255 255 255 255 255 254 255 255 254 252 252 255 255 255 255 
252 247 227 113 100 227 220 165 198 232 204 75 177 235 159 111 219 232 144 101 231 229 110 131 234 222 82 112 215 157 56 167 217 159 70 200 217 218 216 219 222 115 135 225 219 67 154 233 237 236 235 241 242 240 240 240 243 242 246 244 246 247 244 245 248 248 250 248 248 247 249 249 247 247 247 245 247 248 251 250 254 255 254 255 255 255 255 255 255 255 255 255 255 255 255 254 254 254 254 255 
252 247 242 124 124 234 214 88 151 234 184 129 184 233 146 146 225 233 145 93 230 228 113 105 220 221 75 101 214 207 158 163 218 154 138 208 216 217 218 220 222 146 130 214 219 73 171 236 235 239 239 237 241 240 241 245 241 240 244 245 244 244 245 245 245 248 249 249 249 250 249 249 248 249 248 245 248 247 249 249 252 253 253 253 254 255 255 255 255 255 255 255 255 255 255 255 255 255 254 255 
252 247 239 123 76 195 237 92 140 232 207 185 213 231 179 71 217 233 158 105 230 217 101 112 220 220 162 185 214 157 114 182 216 131 77 206 216 216 218 220 200 96 131 227 187 113 170 238 238 236 241 237 241 241 241 245 240 243 243 244 247 246 247 246 244 247 249 250 249 250 247 250 251 251 250 250 249 248 248 249 248 252 254 253 254 255 255 255 255 255 255 255 255 255 255 255 255 255 254 255 
253 247 238 181 191 216 236 121 161 233 205 169 216 232 192 149 225 231 188 158 229 216 97 118 221 221 89 149 212 198 66 174 212 159 82 205 219 216 217 224 222 107 118 224 228 117 118 230 239 239 242 240 240 241 239 241 246 244 244 246 248 247 247 245 245 244 247 249 249 251 248 251 252 252 251 250 251 250 249 249 248 249 251 252 254 254 254 255 255 255 255 255 255 255 255 255 255 255 255 255 
252 244 243 146 113 228 206 121 165 232 219 102 175 233 161 111 223 232 146 91 227 226 188 193 220 224 68 144 213 164 73 176 213 162 75 206 218 218 218 223 220 122 124 208 222 65 142 236 234 239 240 242 241 241 240 241 242 243 240 243 243 245 248 247 247 245 246 248 249 251 249 250 252 252 252 252 252 252 253 252 251 250 249 251 252 253 254 255 255 255 255 255 255 255 255 255 255 255 255 255 
252 247 246 133 118 240 238 80 147 233 215 67 171 230 182 70 212 231 188 166 227 224 129 107 223 223 100 138 212 202 147 192 213 189 142 213 214 219 219 221 220 224 225 231 201 91 175 237 240 241 240 245 244 242 243 242 242 243 243 245 245 245 249 247 247 246 246 248 248 249 250 249 252 252 252 251 253 252 253 253 253 251 250 251 251 252 254 255 255 255 255 255 255 255 255 255 255 255 255 255 
253 248 245 182 161 240 238 80 151 233 219 84 186 231 184 76 199 220 92 153 228 225 109 116 213 219 73 145 214 154 65 174 214 134 88 207 217 218 219 222 223 223 223 226 227 147 198 234 238 239 241 245 243 242 243 242 244 245 244 244 244 246 248 248 247 247 246 246 247 247 248 250 251 252 252 253 253 253 254 254 253 253 253 250 250 250 253 255 255 255 255 255 255 255 255 255 255 255 255 255 
253 248 245 151 138 239 236 86 159 232 179 132 192 231 187 86 148 226 161 163 225 227 160 104 211 183 138 180 217 193 73 136 212 174 112 208 218 218 219 222 222 222 225 225 223 72 171 238 237 235 240 246 243 242 245 243 244 243 244 246 246 243 247 246 249 249 247 245 248 247 245 248 251 252 252 253 253 254 254 254 253 253 254 254 253 252 252 255 255 255 255 255 255 255 255 255 255 255 255 255 
253 249 246 142 112 237 235 189 204 233 219 54 179 231 232 215 226 227 136 121 222 227 220 215 220 207 155 170 212 203 152 196 214 145 115 211 219 218 219 222 221 222 226 227 224 73 165 240 240 242 243 245 244 245 245 245 245 244 245 245 246 245 246 247 249 248 250 248 245 249 249 249 249 252 252 253 253 253 253 254 253 255 255 254 253 253 252 253 255 255 255 255 255 255 255 255 255 255 255 255 
253 248 246 121 120 238 236 235 234 233 228 167 212 230 231 231 231 232 230 207 220 227 217 221 212 209 71 92 206 189 64 171 215 156 75 190 222 219 219 222 221 222 226 227 229 216 200 237 237 241 244 244 242 241 242 243 241 237 234 235 234 236 242 243 248 249 250 249 247 247 248 247 248 248 250 253 253 254 253 254 255 255 255 255 255 253 254 254 255 255 255 255 255 255 255 255 255 255 255 255 
253 249 244 174 192 239 236 235 234 232 231 230 231 231 231 230 231 231 230 227 218 221 218 217 207 203 65 145 210 168 128 189 217 182 116 177 219 218 222 222 220 222 226 226 230 231 231 238 238 237 242 236 241 238 232 210 181 172 162 158 150 154 169 193 223 242 248 250 249 251 251 248 245 245 248 251 252 252 253 255 255 255 255 255 255 254 254 255 255 255 255 255 255 255 255 255 255 255 255 255 
253 248 241 110 111 239 236 234 235 233 231 230 230 231 231 230 231 230 229 224 216 215 217 210 212 202 156 180 209 125 92 191 217 213 212 213 216 215 224 223 222 223 223 226 229 232 228 225 221 218 214 205 204 187 151 105 90 78 74 68 67 70 80 96 130 205 245 248 249 252 249 245 241 240 247 250 251 254 254 254 255 255 255 255 255 255 255 255 255 255 255 255 255 255 255 255 255 255 255 255 
253 248 226 113 135 238 237 235 235 233 232 230 229 231 231 231 231 231 227 224 209 212 212 209 215 196 75 138 210 172 85 187 215 210 213 213 218 220 220 221 221 227 227 225 222 219 198 184 165 153 143 140 131 95 61 50 47 47 49 48 51 52 57 60 81 117 175 233 247 250 236 205 233 234 242 247 252 254 254 254 255 255 255 255 255 255 255 255 255 255 255 255 255 255 255 255 255 255 255 255 
253 246 231 170 190 238 236 235 235 233 232 231 231 231 230 229 230 229 225 222 199 212 210 212 215 213 140 170 210 186 79 179 212 210 211 214 217 220 220 221 219 225 220 205 185 170 142 126 114 108 104 90 73 58 50 51 46 48 45 48 47 52 53 57 65 77 90 183 241 208 111 106 182 231 239 244 248 252 254 255 255 255 255 255 255 255 255 255 255 255 255 255 255 255 255 255 255 255 255 255 
253 248 245 129 113 238 238 235 235 233 231 231 231 231 230 229 229 226 226 222 200 213 212 216 216 212 208 208 205 163 108 162 204 208 208 212 210 217 222 221 220 213 190 155 131 109 84 74 62 60 59 56 55 62 61 57 60 61 58 58 50 50 51 54 58 65 72 97 145 87 65 54 83 192 235 242 245 250 252 254 255 255 255 255 255 255 255 255 255 255 255 255 255 255 255 255 255 255 255 255 
252 248 228 95 140 240 236 235 234 232 230 231 230 229 229 228 227 227 223 217 201 212 212 214 212 206 202 198 192 189 186 186 186 193 196 199 200 212 217 218 197 170 131 101 76 60 53 51 51 52 53 52 55 67 59 56 63 67 69 65 61 63 62 58 60 57 60 68 62 52 47 45 51 161 237 244 247 247 251 252 254 254 255 255 255 255 255 255 255 255 255 255 255 255 255 255 255 255 255 255 
252 247 244 139 100 204 238 234 234 232 230 229 227 226 225 222 222 221 217 208 198 207 206 201 198 194 185 177 172 168 164 162 163 169 174 175 183 196 208 196 150 100 71 58 54 49 46 47 47 55 52 60 55 70 64 73 87 74 76 65 64 64 70 71 63 63 61 60 62 56 50 50 63 149 234 245 250 247 250 250 253 254 255 255 255 255 255 255 255 255 255 255 255 255 255 255 255 255 255 255 
253 249 245 207 179 239 236 235 235 231 226 219 214 212 211 208 206 205 202 188 186 193 190 183 180 176 162 154 148 147 146 143 143 145 146 146 156 169 176 143 78 55 53 60 51 53 45 54 50 51 58 61 56 59 56 58 64 72 69 68 68 74 85 76 76 75 67 64 64 60 56 47 38 93 195 235 245 249 251 252 252 254 255 255 255 255 255 255 255 255 255 255 255 255 255 255 255 255 255 255 
253 249 245 242 239 239 237 235 233 225 212 198 190 186 184 181 180 181 179 157 170 175 169 164 162 154 146 142 140 142 140 136 136 137 134 134 137 133 108 63 48 56 50 48 49 53 52 57 51 47 53 50 51 58 46 47 49 50 51 52 64 72 84 96 89 88 86 77 74 65 64 60 45 67 109 153 194 231 250 251 251 253 254 255 255 255 255 255 255 255 255 255 255 255 255 255 255 255 255 255 
253 249 245 242 239 238 237 235 233 218 188 168 155 151 149 144 145 148 145 119 146 153 153 151 147 143 141 140 140 137 137 134 135 133 133 131 128 93 64 50 44 62 48 54 55 60 51 49 45 48 45 43 45 48 54 55 54 53 54 53 53 54 51 56 64 68 68 62 55 58 64 71 71 79 89 101 118 153 210 241 251 253 254 255 255 255 255 255 255 255 255 255 255 255 255 255 255 255 255 255 
253 249 245 242 239 237 237 234 231 214 166 137 128 123 122 124 125 124 120 91 131 141 148 143 143 140 138 136 134 135 135 135 135 132 133 127 103 59 61 42 48 55 53 49 54 53 49 54 58 46 46 49 50 54 52 54 54 50 53 56 57 58 57 63 63 66 56 50 50 53 62 71 81 80 77 84 94 106 127 160 205 240 252 254 255 255 255 255 255 255 255 255 255 255 255 255 255 255 255 255 
253 248 245 242 239 237 236 235 232 219 171 133 123 122 122 120 121 122 111 87 127 138 144 130 117 100 90 88 92 104 103 109 122 128 130 112 64 69 58 59 74 68 75 75 88 74 76 78 81 74 69 64 64 63 61 64 64 64 64 65 65 72 75 73 82 83 68 67 57 56 60 71 82 94 91 89 88 84 86 106 123 152 202 243 253 254 254 255 255 255 255 255 255 255 255 255 255 255 255 255 
252 248 245 242 239 237 236 235 233 224 191 150 127 121 120 119 118 118 101 91 123 119 107 81 67 62 62 63 68 66 63 62 69 88 96 88 67 97 78 86 82 92 95 88 94 86 89 92 99 89 76 84 78 76 76 78 78 70 85 85 85 94 103 91 101 104 92 90 76 72 71 69 81 103 109 111 104 99 86 85 85 100 116 148 206 244 253 255 255 255 255 255 255 255 255 255 255 255 255 255 
252 247 245 242 239 238 235 234 231 227 211 179 150 128 123 122 117 99 85 81 79 92 104 86 70 64 68 70 74 78 71 72 66 75 64 74 89 101 86 110 91 107 87 87 89 81 93 98 105 104 95 103 109 112 106 94 93 87 107 116 116 109 108 109 108 99 97 106 92 90 96 94 99 93 101 116 112 108 105 108 96 89 83 91 114 153 204 244 253 254 255 255 255 255 255 255 255 255 255 255 
252 247 243 241 239 236 234 218 204 193 179 169 156 142 138 179 191 160 95 60 55 90 102 88 65 69 79 77 82 78 76 82 85 82 72 74 79 85 109 96 90 66 63 73 70 69 70 75 79 78 85 95 100 98 111 110 107 114 115 111 100 82 83 93 78 74 72 78 80 75 90 89 85 97 94 98 107 109 109 108 106 110 98 93 82 90 111 147 201 234 252 255 255 255 255 255 255 255 255 255 
252 246 241 237 233 197 170 191 213 231 233 228 230 234 227 236 205 197 187 158 89 73 75 69 83 84 99 97 76 72 70 70 83 86 86 81 87 69 119 98 70 61 69 55 53 53 53 61 62 68 76 84 70 89 100 102 108 117 122 112 109 68 66 63 66 56 55 59 53 57 55 57 63 76 80 77 87 99 95 95 92 103 106 109 105 95 99 90 98 135 182 233 252 253 255 255 255 255 255 255 
252 247 241 231 195 178 218 246 251 252 251 250 252 252 251 238 242 241 172 140 98 79 87 84 98 121 149 143 131 90 71 76 76 72 80 78 97 74 96 100 72 62 57 59 52 50 50 54 53 56 60 61 61 64 66 71 94 112 117 85 75 64 55 53 49 49 50 52 47 49 42 47 55 63 62 58 58 61 75 83 82 89 95 100 99 109 114 111 95 93 105 136 185 228 250 255 255 255 255 255 
252 246 243 235 189 199 239 250 251 250 247 249 251 249 247 247 238 219 117 86 99 94 97 100 130 147 153 154 139 143 93 74 70 67 76 96 105 98 94 80 84 56 50 46 51 51 50 46 47 52 51 51 54 52 53 57 75 81 79 60 59 56 53 51 51 47 46 47 48 47 45 42 47 54 56 53 50 52 55 58 62 60 67 68 75 78 91 105 118 126 112 109 125 150 188 235 252 255 255 255 
249 240 241 237 206 187 224 237 245 244 232 238 249 236 237 234 208 135 72 75 83 91 90 96 172 185 193 181 144 148 138 90 69 81 103 117 118 120 120 81 86 56 51 47 49 49 48 49 48 50 50 48 47 48 50 49 51 57 58 51 49 59 58 50 47 42 41 44 41 43 45 41 43 54 55 52 49 51 52 52 52 48 48 54 59 61 59 65 73 96 128 142 133 140 153 175 201 230 248 254 
247 224 225 236 230 168 187 205 216 217 209 216 236 217 211 200 128 91 64 70 77 99 87 101 194 226 229 236 208 147 154 118 72 104 94 106 104 99 114 83 66 58 49 50 44 44 49 49 48 46 49 50 47 47 50 44 44 47 47 43 48 59 58 49 43 44 42 40 40 41 43 41 42 51 54 57 54 52 54 51 49 43 42 46 50 50 50 54 56 71 92 121 152 152 154 168 186 203 224 243 
247 223 203 205 230 213 147 167 180 176 179 185 208 162 162 131 108 77 68 74 77 97 91 94 216 204 212 238 236 150 160 115 118 116 96 72 76 79 85 83 87 69 58 51 42 44 47 47 49 48 48 49 47 44 40 43 46 41 41 39 44 53 54 51 45 45 38 39 38 40 41 40 42 53 58 56 55 56 54 48 46 41 40 44 48 48 46 48 52 66 79 99 131 164 165 171 185 208 226 243 
247 223 202 188 187 217 209 140 160 158 153 135 151 109 121 102 79 72 52 73 79 97 115 97 184 188 231 249 236 148 146 140 114 98 94 117 129 95 103 113 102 91 51 42 42 46 43 44 50 47 45 46 45 40 38 39 40 38 38 37 42 47 52 48 45 42 41 39 36 36 39 41 43 62 69 71 67 68 60 51 51 49 44 45 47 49 47 45 50 64 76 94 114 144 170 186 197 213 227 244 
246 223 201 187 177 168 201 208 144 129 147 111 99 76 89 83 59 46 64 80 85 90 84 84 109 209 243 242 157 114 99 75 73 77 97 100 98 125 124 115 102 106 69 48 42 44 41 43 47 43 41 45 43 41 38 37 38 36 36 38 39 45 47 47 47 44 44 43 40 37 37 44 53 70 82 91 89 83 88 73 78 77 70 66 56 51 49 48 51 63 77 94 112 130 149 175 197 206 221 241 
246 222 200 191 177 163 143 163 205 163 119 107 96 78 79 64 44 53 84 88 107 103 62 59 75 100 150 164 129 107 86 63 49 48 64 122 110 108 120 120 146 97 79 61 42 43 41 41 42 43 42 45 42 39 33 35 36 36 35 39 40 42 44 45 46 46 46 46 46 38 40 45 58 74 77 84 145 164 157 167 195 183 145 131 100 90 71 58 54 69 81 94 111 127 145 164 182 199 218 240 
246 222 201 192 177 162 131 98 126 195 190 151 85 68 81 63 43 59 83 90 108 94 76 56 54 69 91 109 102 84 82 66 59 55 68 129 133 92 94 102 109 101 90 57 43 47 43 41 43 44 41 44 39 37 34 31 35 36 38 37 40 42 42 40 40 42 47 53 64 62 41 42 61 72 69 97 214 247 249 250 251 252 249 248 233 226 231 209 189 147 118 106 115 130 146 166 179 196 217 239 
246 223 202 192 178 163 125 95 78 104 172 187 188 92 58 46 53 56 60 76 112 115 87 66 56 60 68 78 91 97 94 70 64 64 67 111 140 109 115 113 103 88 87 51 43 41 41 39 39 41 38 37 35 34 31 30 35 36 39 41 41 46 43 42 40 43 50 61 69 73 72 63 67 68 65 92 216 249 254 254 254 254 254 253 253 254 254 254 254 253 246 219 185 154 159 176 184 196 216 239 
246 223 204 193 179 162 117 95 78 79 103 131 170 149 72 66 71 69 76 62 69 77 80 78 80 90 110 122 132 144 102 88 67 61 61 90 100 96 128 104 108 94 80 65 50 45 42 39 37 45 45 44 36 30 31 29 34 38 42 44 44 43 45 48 45 44 45 54 64 71 74 83 76 71 62 80 191 248 253 253 255 255 255 254 255 255 255 255 255 255 254 253 253 249 234 221 209 206 221 241 
246 223 207 193 179 160 116 94 76 88 103 82 110 157 115 91 110 116 101 114 91 101 98 103 108 115 133 154 155 131 97 81 62 52 54 82 123 126 103 99 110 103 89 68 50 42 41 38 39 47 45 42 35 31 30 30 38 42 44 44 45 45 46 48 45 46 43 48 46 55 71 75 84 88 74 65 137 229 246 252 255 255 255 255 255 255 255 255 255 255 255 255 255 255 255 255 252 234 226 240 
246 223 208 193 178 157 137 131 101 77 93 84 62 97 76 57 88 116 115 95 98 92 89 100 107 114 143 137 98 96 81 74 60 54 77 102 99 95 85 95 105 97 92 65 40 42 44 38 36 42 45 39 33 32 31 35 40 46 49 51 50 45 45 53 51 53 40 39 42 48 61 69 81 83 77 65 83 114 175 226 249 251 253 254 254 254 254 254 254 254 254 254 254 255 255 255 254 254 252 250 
246 223 208 190 173 156 161 162 147 95 86 87 54 79 55 51 73 103 128 125 98 71 88 98 105 103 88 67 84 105 100 99 73 75 109 128 112 86 108 103 116 105 95 65 39 42 42 39 37 39 40 36 34 32 31 40 46 52 55 53 51 47 46 44 52 51 47 41 42 46 54 70 78 77 64 66 71 78 84 110 157 180 212 238 251 253 253 254 254 254 254 254 254 255 255 255 255 255 255 255 
247 222 199 179 166 159 170 162 139 101 88 81 57 35 39 43 68 100 126 109 73 87 105 88 86 71 55 68 104 149 125 116 114 130 133 132 130 109 115 109 111 96 97 72 64 51 47 44 46 49 41 39 34 33 31 32 40 48 58 54 48 45 43 48 51 49 46 53 51 52 57 69 81 66 69 74 80 90 86 82 90 97 100 120 160 193 232 252 253 253 254 254 254 254 254 254 254 254 255 255 
246 225 207 176 167 160 171 162 124 101 87 67 39 19 31 39 69 92 114 90 75 74 68 87 90 61 56 87 161 230 198 143 142 135 147 86 86 112 101 118 104 117 88 58 49 51 46 43 40 41 43 40 34 30 29 34 42 48 49 51 50 50 50 52 50 49 46 50 47 47 54 65 69 58 67 88 97 94 94 102 109 104 98 98 96 109 120 153 182 205 205 219 243 249 245 245 251 254 255 255 
246 231 207 178 157 165 170 160 116 115 88 41 71 87 41 39 45 73 106 70 62 52 85 87 75 55 71 119 234 245 245 235 132 118 138 110 78 85 82 100 113 117 116 67 49 39 41 41 38 38 42 41 36 35 29 36 45 49 50 51 52 52 55 49 45 46 46 52 46 38 38 45 55 75 96 94 89 101 108 109 94 94 94 95 95 85 88 90 101 104 107 131 163 177 173 176 198 227 246 251 
246 223 208 175 157 175 170 157 110 106 66 37 77 108 47 35 57 69 108 90 51 64 92 93 74 65 88 154 205 213 233 241 157 126 144 93 74 71 72 86 123 105 101 101 73 56 58 42 40 41 41 42 39 35 32 33 42 43 45 46 46 48 51 49 42 47 46 43 41 39 35 44 59 75 78 76 75 76 80 68 59 57 55 54 50 53 59 61 67 70 87 125 139 149 148 160 175 200 224 241 
245 223 205 175 159 181 171 147 112 89 63 37 80 104 45 45 68 93 82 66 45 57 84 102 98 81 87 155 195 203 229 233 139 132 130 100 87 92 86 101 115 118 79 70 89 60 44 56 49 50 45 42 40 37 32 34 39 42 44 43 44 46 49 43 45 49 48 42 40 39 39 41 49 55 64 63 59 58 51 47 52 50 48 45 49 53 59 61 65 70 79 104 118 128 143 158 174 194 215 238 
246 223 198 175 170 182 171 135 113 92 68 44 80 100 45 37 55 55 51 42 53 53 63 89 99 112 89 120 221 222 232 182 133 130 115 98 91 89 96 112 109 108 90 49 62 85 58 46 51 48 46 50 39 37 34 35 39 42 48 45 45 44 46 47 50 46 42 38 38 41 38 42 48 50 60 56 52 50 46 45 52 51 50 51 53 56 62 64 72 76 83 101 120 128 142 161 177 194 213 238 
246 227 204 186 163 156 155 125 113 102 82 49 77 99 47 43 73 61 46 38 42 67 59 68 79 103 86 88 143 195 177 145 125 130 100 95 95 109 102 111 100 93 64 72 54 67 75 71 59 47 45 42 42 38 36 46 42 45 51 54 50 46 50 48 51 49 44 41 42 41 42 49 52 50 55 53 55 56 53 55 58 58 64 58 64 64 67 73 80 88 100 109 125 133 147 161 177 193 213 238 
245 226 195 175 181 157 129 109 98 120 87 51 70 72 44 60 87 92 77 66 53 80 58 59 64 85 98 94 111 166 121 101 139 119 105 86 98 102 85 79 114 78 60 60 73 65 86 85 68 54 53 50 49 46 46 43 47 46 52 55 54 52 49 47 51 48 51 51 49 45 48 55 56 57 58 57 62 64 61 62 82 84 81 77 83 87 91 105 114 124 126 130 143 149 154 165 178 192 214 238 
245 223 193 175 167 145 118 98 79 74 66 56 65 56 56 85 110 114 111 102 84 109 74 56 65 70 82 94 91 118 125 116 129 104 106 92 91 80 70 72 105 80 62 64 79 79 74 79 69 56 54 53 46 46 46 54 51 64 71 73 64 61 58 53 51 52 56 54 56 52 61 64 75 78 79 78 87 78 78 79 85 93 101 103 111 117 113 111 109 104 105 109 130 153 170 173 183 193 214 238 
245 219 194 174 156 139 129 121 138 134 97 64 66 58 80 121 141 106 111 116 132 136 106 73 63 75 97 98 102 87 101 94 105 100 102 91 79 64 72 84 98 83 85 74 75 75 70 70 63 65 54 62 52 53 57 62 66 85 88 93 87 72 68 66 58 69 69 70 67 74 88 85 86 84 80 75 76 82 93 108 117 133 145 154 160 175 177 184 202 217 213 190 157 143 160 181 192 193 213 238 
247 223 193 173 159 139 142 128 159 139 114 87 61 71 105 158 126 113 134 186 185 132 121 118 66 88 88 89 84 94 80 74 80 80 67 64 62 68 76 96 95 89 85 81 75 73 87 77 74 78 76 70 71 67 67 80 88 69 67 81 79 82 85 75 85 78 94 80 76 73 73 78 111 160 177 211 229 235 241 249 248 253 253 253 254 254 254 254 254 254 254 254 253 244 223 188 187 193 214 238 
247 221 192 174 158 142 147 123 167 135 115 123 73 89 147 159 144 156 165 218 237 177 187 179 154 126 100 69 99 112 94 89 76 59 47 51 63 80 95 109 104 99 91 84 98 92 100 98 93 90 100 96 94 90 91 81 67 65 62 64 69 68 67 61 50 44 53 43 42 43 42 50 152 245 253 253 252 253 254 253 254 254 254 255 255 255 255 255 255 255 255 255 255 254 254 246 189 198 217 238 
248 220 196 189 169 144 146 121 170 135 127 132 98 122 162 167 179 200 210 233 247 242 222 221 209 216 116 61 105 109 106 88 67 56 56 87 131 159 160 140 127 112 128 105 86 95 96 92 96 94 106 96 106 120 126 147 159 121 81 72 76 60 48 42 32 30 34 38 31 32 31 39 76 206 251 252 253 254 253 253 254 254 254 255 255 255 255 255 255 255 255 255 255 255 255 254 242 218 224 242 
248 223 208 194 169 147 142 123 172 143 136 137 110 149 161 195 217 221 237 236 251 251 236 238 180 139 49 45 76 113 99 81 63 56 101 174 195 198 216 225 220 210 208 190 158 152 141 138 146 172 192 210 223 232 235 237 240 220 186 97 79 82 55 41 33 32 32 34 29 28 32 36 54 113 227 251 254 254 253 254 253 254 255 255 255 255 255 255 255 255 255 255 255 255 255 255 253 253 251 253 
246 226 210 190 166 151 139 129 174 151 145 140 131 173 199 224 231 242 246 248 253 252 237 202 155 95 57 67 81 93 62 48 32 27 96 158 187 196 212 228 236 238 238 226 214 212 216 231 234 234 238 246 246 247 239 240 243 241 243 215 119 78 78 60 47 38 37 35 32 29 32 37 39 59 171 248 253 253 253 253 251 255 255 255 255 255 255 255 255 255 255 255 255 255 255 255 255 255 255 255 
247 228 211 193 173 157 140 138 177 156 153 146 155 185 226 241 243 247 248 253 251 230 204 179 112 66 54 31 26 26 27 30 23 25 110 144 170 191 208 225 233 233 236 215 216 228 212 238 239 235 243 246 246 246 242 240 242 241 245 249 233 140 84 84 76 60 51 44 38 34 37 38 38 52 85 190 250 253 251 252 252 255 255 255 255 255 255 255 255 255 255 255 255 255 255 255 255 255 255 255 
248 230 213 195 181 152 134 140 178 158 156 151 155 198 238 251 251 249 249 246 194 124 100 81 76 70 67 58 52 50 48 48 46 47 127 137 148 178 199 218 230 235 231 206 224 233 219 228 236 234 239 244 246 246 242 238 242 242 245 251 250 243 202 120 80 75 78 71 49 44 45 39 38 46 66 108 190 243 253 251 254 255 254 255 255 255 255 255 255 255 255 255 255 255 255 255 255 255 255 255 
248 231 214 197 182 151 135 150 186 166 158 158 170 166 237 249 249 241 212 147 98 92 87 84 78 74 72 67 64 59 57 57 56 60 134 145 149 159 194 207 223 234 228 205 230 231 222 222 235 235 242 246 247 247 242 239 241 240 246 251 251 251 249 244 196 95 70 80 69 55 57 44 44 43 53 73 99 130 233 250 253 252 253 255 254 255 255 255 255 255 255 255 255 255 255 255 255 255 255 255 
249 232 216 191 172 156 141 154 188 167 158 162 167 156 192 199 190 149 109 101 106 94 89 89 83 77 74 70 67 63 58 56 57 61 124 154 149 152 168 197 214 231 216 211 231 232 228 218 231 232 238 242 244 245 245 240 238 241 246 249 251 251 251 251 250 229 143 87 84 70 74 54 45 49 52 59 79 99 163 244 247 251 253 254 254 255 255 255 255 255 255 255 255 255 255 255 255 255 255 255 
248 232 216 190 173 160 149 161 190 171 160 173 174 166 120 126 116 108 101 104 110 93 93 89 86 82 78 76 71 67 63 61 59 59 111 152 143 137 144 177 196 224 206 210 225 231 229 218 226 231 235 241 244 243 247 240 236 243 246 250 251 251 252 252 251 252 247 208 117 89 93 68 51 54 59 63 70 82 99 146 195 238 250 251 252 254 254 254 255 255 255 255 255 255 255 255 255 255 255 255 
247 230 214 196 187 177 159 155 170 172 156 176 177 159 113 119 113 109 105 108 108 98 96 93 89 86 83 79 77 71 68 64 60 56 85 156 154 156 150 154 180 204 205 210 211 233 227 215 216 229 234 240 239 242 246 241 236 244 245 248 251 250 251 252 252 253 253 251 228 112 88 80 59 64 63 69 73 76 84 94 104 118 151 177 227 253 253 254 254 255 255 255 255 255 255 255 255 255 255 255 
245 221 201 194 192 177 161 154 172 173 162 182 180 162 111 105 103 102 102 107 106 104 97 93 91 88 85 82 79 73 72 68 62 58 31 54 118 140 143 169 169 174 202 210 215 223 230 219 215 217 228 239 239 240 244 241 239 243 244 249 251 251 251 252 253 254 254 254 253 218 107 93 78 73 70 78 77 79 84 91 98 104 111 115 124 159 211 246 253 254 255 255 255 255 255 255 255 255 255 255 
245 218 198 200 195 184 167 157 179 172 179 187 181 166 112 105 101 97 95 110 109 104 99 95 91 86 81 80 76 71 68 66 64 61 37 25 27 54 105 168 172 160 172 203 217 215 231 228 211 219 221 234 238 239 241 239 244 241 244 248 252 251 251 252 252 254 254 255 255 252 203 123 102 92 81 84 83 86 92 97 100 105 109 115 122 127 141 167 221 251 255 255 255 255 255 255 255 255 255 255 
245 219 197 192 195 181 174 163 186 175 188 190 187 160 116 109 107 101 101 96 91 89 84 79 76 73 71 69 71 71 70 70 70 71 52 42 40 45 100 171 179 162 144 171 208 222 221 233 212 219 220 228 237 240 241 241 245 242 245 248 252 251 251 252 252 254 255 255 255 255 252 220 149 104 105 96 92 95 97 100 106 107 111 117 122 128 137 143 156 186 247 255 255 255 255 255 255 255 255 255 
247 221 199 190 196 185 177 176 191 179 188 191 189 158 123 115 129 120 141 154 150 118 91 78 75 69 63 58 54 53 55 58 59 62 56 56 58 60 127 180 175 155 155 159 177 206 223 227 217 219 226 228 234 241 240 242 244 244 243 249 251 250 250 251 253 255 255 255 255 255 254 254 239 144 111 110 99 101 103 108 108 112 117 120 126 132 143 150 159 187 234 254 255 255 255 255 255 255 255 255 
247 221 207 206 191 191 189 189 193 183 193 194 192 180 152 162 168 132 160 165 145 124 102 83 79 77 74 72 68 70 71 71 73 75 73 74 75 79 149 180 162 164 171 165 170 182 200 219 225 220 222 234 233 239 240 244 249 247 244 249 251 251 250 251 253 255 255 255 255 255 254 254 253 243 198 149 116 109 110 114 115 118 122 127 131 138 149 150 161 171 214 253 255 255 255 255 255 255 255 255 
246 227 222 216 193 198 197 195 194 191 199 198 193 194 192 186 159 139 156 165 129 121 106 93 90 94 93 91 89 96 98 96 93 93 92 93 96 103 153 168 171 180 173 172 178 182 191 192 214 217 218 233 236 239 242 242 246 246 245 248 251 252 252 252 253 255 255 255 255 255 255 255 255 255 254 249 217 165 131 124 123 124 128 133 136 143 148 152 158 167 194 248 255 255 255 255 255 255 255 255 
247 231 226 218 197 208 201 200 197 198 205 203 197 198 193 189 150 148 150 157 139 128 115 109 108 109 110 108 107 115 117 118 119 116 113 116 122 121 137 169 173 186 180 183 188 190 197 198 217 211 221 226 237 239 243 244 246 246 249 249 252 252 252 252 253 255 255 255 255 255 255 255 255 255 255 254 253 251 229 191 144 132 137 140 143 150 154 159 167 212 206 250 255 255 255 255 255 255 255 255 
247 231 221 220 204 213 206 204 200 204 209 205 199 202 194 185 154 154 160 169 181 164 130 128 128 128 129 127 127 135 137 138 137 137 138 138 138 139 144 179 183 187 189 189 193 200 204 211 213 209 214 225 236 241 244 245 246 246 248 249 252 252 252 252 252 254 255 255 255 255 255 255 255 255 255 255 255 254 253 253 241 196 154 149 152 159 166 165 172 191 213 253 255 255 255 255 255 255 255 255 
249 237 228 220 209 210 209 211 206 211 211 208 204 203 198 191 179 167 175 171 178 163 147 147 147 147 148 146 148 154 155 155 157 157 157 157 157 158 158 185 199 199 200 200 206 210 212 214 214 212 216 221 230 240 243 244 246 247 248 248 252 253 253 252 252 254 254 255 255 255 255 255 255 255 255 255 255 254 254 254 254 254 233 184 164 166 175 176 181 196 229 254 255 255 255 255 255 255 255 255 
250 241 233 226 218 212 216 215 210 216 214 212 211 207 204 203 191 189 192 180 183 172 169 170 169 169 169 169 170 173 175 176 177 177 177 177 177 178 178 180 198 206 210 210 217 219 220 227 223 223 222 222 229 240 244 247 248 250 250 250 251 253 253 253 252 254 254 255 255 255 255 255 255 255 255 255 255 255 255 255 255 255 254 252 229 206 193 191 206 233 251 255 255 255 255 255 255 255 255 255 
254 249 240 232 229 220 224 219 217 222 219 218 221 218 215 215 204 206 205 198 196 192 190 191 191 191 192 191 192 194 196 196 197 197 197 197 196 197 198 198 199 210 220 219 226 227 227 233 233 229 227 224 231 239 245 248 249 250 250 251 252 253 253 254 254 254 254 254 254 255 255 255 255 255 255 255 255 255 255 255 255 255 255 255 255 255 254 250 254 255 255 255 255 255 255 255 255 255 255 255 
255 255 249 240 234 234 231 227 229 233 233 234 234 231 229 229 224 225 222 223 218 216 216 217 217 217 216 217 218 219 219 219 219 220 220 220 219 220 220 220 220 221 229 231 235 235 234 234 234 235 237 237 236 240 247 251 251 252 252 252 253 253 253 254 254 254 254 254 254 255 255 255 255 255 255 255 255 255 255 255 255 255 255 255 255 255 255 255 255 255 255 255 255 255 255 255 255 255 255 255 
255 255 255 253 247 246 247 247 247 249 249 249 249 248 247 246 246 245 246 246 244 243 243 243 243 243 243 243 244 245 244 244 244 244 245 245 245 245 245 245 245 245 244 246 248 247 247 248 249 249 249 249 248 247 251 253 253 253 254 254 254 254 254 254 254 254 255 255 255 255 255 255 255 255 255 255 255 255 255 255 255 255 255 255 255 255 255 255 255 255 255 255 255 255 255 255 255 255 255 255 
