171 173 171 173 178 180 180 186 183 184 187 187 184 187 182 183 180 181 177 179 178 175 181 181 182 180 182 182 180 183 181 185 179 175 179 178 175 166 162 166 169 168 167 180 165 165 180 169 166 162 164 161 156 170 165 162 156 127 141 118 74 40 53 80 49 41 62 40 18 2 2 16 27 9 20 15 9 5 3 4 7 12 7 10 10 3 4 16 75 67 86 114 145 178 173 197 185 193 165 41 
172 178 177 177 175 175 179 180 185 184 190 189 190 184 185 185 183 180 180 179 180 179 180 179 182 180 181 182 181 182 183 185 178 174 168 168 162 151 145 147 148 150 152 168 154 153 174 168 166 156 165 161 165 171 159 162 156 138 162 161 151 110 35 75 59 51 46 38 14 2 4 24 7 6 23 18 11 2 2 2 9 5 4 11 8 6 5 4 9 59 73 145 161 179 181 172 182 156 130 23 
172 175 179 180 179 181 184 181 178 177 182 181 184 177 177 181 177 181 182 185 185 180 180 179 183 182 182 182 178 179 179 184 174 148 143 138 129 113 102 109 110 113 121 152 124 128 152 150 153 147 156 161 171 168 162 167 153 144 166 168 165 149 66 73 83 54 32 32 11 2 3 8 5 27 26 19 6 4 4 2 5 5 5 9 14 19 12 5 10 14 32 130 175 180 160 149 135 127 99 12 
175 178 180 178 183 181 182 182 175 161 159 154 154 154 159 159 160 162 161 168 172 176 173 173 172 164 167 166 157 153 158 162 147 113 102 93 83 65 46 51 54 61 72 123 81 80 114 120 122 128 147 170 166 164 163 167 154 152 169 168 171 153 120 126 105 58 43 10 9 2 3 3 4 14 11 17 5 5 2 3 3 4 5 9 11 24 33 9 7 16 15 72 111 106 89 67 48 60 27 10 
176 177 176 178 184 183 183 179 158 118 103 93 92 93 104 109 109 113 120 128 139 151 144 142 139 126 130 127 109 101 108 118 101 64 55 53 49 56 42 36 41 38 46 115 60 44 84 89 71 91 135 156 154 163 153 168 148 155 171 170 164 143 137 131 125 75 39 7 6 2 3 3 11 8 9 15 5 5 4 6 6 4 5 9 21 30 17 24 12 11 16 26 32 41 32 37 42 29 16 11 
176 180 178 182 182 182 183 179 139 69 44 37 36 43 44 51 51 50 53 61 73 86 85 80 73 58 64 59 49 58 56 67 68 64 64 63 53 67 54 56 57 51 54 116 67 48 73 81 41 51 130 119 139 151 142 153 133 150 167 161 145 141 151 131 95 89 27 5 6 5 4 19 24 5 16 21 5 6 4 6 4 5 4 5 13 22 22 17 25 16 19 15 22 27 25 41 60 39 45 51 
179 183 185 182 183 184 187 188 142 59 35 32 30 32 38 42 39 37 34 33 37 36 35 34 39 35 42 45 49 76 84 105 132 168 156 145 138 131 142 156 147 119 109 125 90 79 62 86 37 81 86 66 107 121 113 114 107 132 158 165 152 149 116 77 62 50 30 7 9 15 17 16 11 14 36 21 3 3 2 3 4 3 6 14 14 25 27 22 21 34 37 48 50 56 39 69 150 94 128 91 
183 180 181 185 185 187 191 192 168 98 55 41 37 34 35 41 36 40 36 35 35 34 37 47 71 61 58 71 119 161 191 198 200 194 200 189 192 191 192 187 192 202 203 196 132 108 65 93 46 129 53 73 62 81 63 65 71 87 124 133 140 154 110 26 17 25 30 11 15 36 32 12 6 23 24 13 3 5 3 3 4 4 2 13 30 30 29 18 17 14 16 19 23 41 66 165 155 161 179 181 
181 184 183 181 205 206 198 204 201 188 183 196 197 183 160 133 101 104 94 111 147 144 136 148 180 169 149 155 197 223 213 202 197 195 204 211 202 208 207 207 201 200 219 220 210 160 100 105 103 121 59 92 72 69 44 54 45 44 62 104 136 149 108 37 13 13 18 23 34 28 16 8 6 6 5 4 4 6 2 3 3 4 3 3 7 19 24 23 20 21 19 23 36 82 161 162 172 202 210 214 
184 185 184 205 219 208 200 212 209 213 212 223 228 227 221 222 224 218 205 205 216 207 191 191 186 178 169 199 215 218 220 225 222 209 205 207 206 204 214 221 219 214 218 231 219 221 185 159 154 118 113 152 154 114 81 47 48 41 55 94 119 131 105 40 18 18 23 15 18 10 9 8 9 6 4 3 4 12 4 3 5 5 4 5 6 4 15 13 6 9 12 51 90 162 166 178 188 199 209 209 
185 190 188 224 216 215 219 228 228 229 221 234 240 239 237 238 231 235 231 196 218 214 177 178 163 172 217 217 223 231 228 232 231 233 235 236 235 225 217 227 233 236 229 233 233 226 218 214 204 143 151 187 207 200 135 95 97 82 78 86 87 103 118 52 23 31 18 13 10 9 8 7 5 4 5 5 5 14 5 4 4 5 5 9 18 6 11 20 24 15 19 139 195 187 193 193 199 193 193 201 
186 191 191 217 201 211 215 224 231 234 226 233 232 238 231 236 233 240 239 214 219 224 194 187 190 208 224 230 233 230 229 236 238 234 243 243 244 243 231 215 233 242 242 231 235 220 233 232 224 191 155 179 214 217 201 181 194 167 144 122 101 89 102 67 35 39 29 29 16 9 9 7 6 7 7 5 9 13 8 11 8 3 5 8 10 7 6 8 9 11 65 192 197 195 206 209 203 194 204 214 
185 188 189 197 202 198 211 221 222 234 235 231 231 237 232 237 228 238 238 230 218 221 204 194 211 208 208 220 225 227 222 238 244 241 241 237 241 248 245 225 217 237 243 240 234 216 236 240 231 223 203 161 207 220 226 217 223 214 210 192 154 135 118 98 58 51 38 28 17 14 7 6 10 10 8 4 10 14 9 13 8 6 2 3 6 13 9 14 15 35 152 210 202 214 211 198 194 194 203 217 
191 190 190 192 198 194 200 209 213 224 233 227 235 236 227 239 227 235 227 225 229 229 215 222 216 194 208 212 221 226 230 241 249 250 243 241 240 247 250 243 235 217 235 235 237 212 231 225 227 230 218 187 195 215 229 231 228 232 230 221 206 207 163 119 65 33 27 28 15 8 7 7 9 8 12 8 10 13 9 13 6 9 2 3 3 6 10 16 32 92 199 206 213 211 206 194 193 199 201 217 
190 194 195 191 196 196 193 193 205 208 218 223 229 232 226 229 227 231 224 211 207 234 232 220 209 216 213 219 227 233 236 243 251 251 249 246 244 246 246 248 247 238 214 210 224 205 233 199 207 223 223 214 184 211 233 237 240 240 234 222 220 219 206 171 82 53 43 20 11 8 7 8 8 9 8 6 15 12 8 18 11 13 7 7 7 12 9 22 54 143 215 211 215 207 205 201 191 194 209 213 
186 190 193 192 193 195 205 193 191 193 199 209 210 224 219 217 198 223 224 211 206 227 231 230 225 217 219 218 228 228 240 241 246 252 252 246 244 244 247 246 246 247 247 246 245 247 250 231 189 191 214 223 208 199 233 237 241 244 233 235 227 224 213 166 87 50 37 16 11 13 10 14 11 10 10 11 13 12 12 18 13 9 15 19 18 35 34 44 114 204 213 216 209 204 199 203 203 207 208 209 
186 187 190 190 191 189 194 199 199 187 174 187 199 199 207 208 190 198 211 207 199 228 235 231 229 218 215 219 222 228 237 245 233 219 251 251 246 239 243 244 248 250 253 252 248 252 251 240 237 168 182 213 213 190 225 236 241 239 243 240 239 227 200 147 78 62 27 19 19 13 16 14 14 12 14 14 7 8 17 16 19 17 18 22 19 31 74 80 196 219 210 207 201 190 186 197 204 215 211 197 
179 185 191 191 191 194 196 201 199 201 196 187 181 180 175 180 177 189 199 216 217 231 232 225 223 220 214 229 220 227 236 241 247 186 208 251 248 244 242 245 252 251 253 252 247 252 248 248 248 211 161 179 209 191 211 233 237 239 243 242 240 230 196 106 66 58 45 31 18 24 23 14 15 12 15 9 8 15 30 34 19 24 17 26 22 56 129 190 215 212 206 204 200 192 180 190 201 213 208 206 
181 180 189 191 191 195 201 201 201 202 200 200 209 188 173 170 182 194 197 212 217 235 235 230 220 220 232 243 242 242 243 248 252 216 154 248 251 247 246 250 251 252 250 252 245 250 247 252 251 236 195 164 177 181 198 226 233 237 242 240 238 205 167 130 92 98 50 35 27 29 16 14 18 12 9 7 9 35 45 38 23 30 28 28 48 135 208 215 202 206 201 203 199 201 194 196 214 223 225 223 
186 186 192 193 188 196 198 203 205 209 209 199 192 215 215 196 182 179 196 212 223 228 230 229 235 229 228 237 241 246 249 250 251 243 148 227 253 251 251 248 246 248 251 251 249 247 251 253 251 248 220 183 175 156 178 218 234 236 234 238 225 207 201 112 88 90 96 39 30 18 18 26 18 12 8 9 11 56 45 30 31 43 42 42 118 202 222 215 193 201 203 218 218 216 205 203 211 216 219 230 
186 188 188 192 196 199 202 203 203 208 206 203 200 207 210 206 187 193 221 230 232 233 232 232 234 231 229 234 239 236 240 239 252 251 178 213 251 252 250 238 237 245 248 248 249 252 253 254 253 252 234 216 217 180 164 205 235 239 240 236 230 231 163 97 88 142 83 42 29 23 44 27 15 11 9 11 12 98 44 35 34 49 61 113 210 221 213 206 189 196 202 216 228 230 222 218 216 220 226 231 
187 191 186 191 192 198 200 201 204 207 206 205 204 197 202 194 180 214 232 233 239 235 227 225 231 236 239 240 239 245 244 245 252 253 234 177 200 188 209 226 228 237 240 244 249 253 254 254 254 253 241 221 235 198 159 168 222 238 245 244 241 223 143 87 113 126 61 40 51 63 43 23 14 13 13 12 9 51 42 36 29 49 109 208 234 224 195 185 184 185 210 220 228 234 230 231 228 220 224 224 
185 191 187 193 194 199 204 202 206 206 207 203 200 196 198 207 205 229 240 239 239 230 228 231 234 235 238 243 237 239 243 244 246 249 250 250 243 219 226 214 217 224 217 196 185 242 252 253 253 254 243 231 242 231 204 167 200 233 246 240 244 239 84 60 86 78 56 57 46 60 30 21 16 19 18 12 13 37 36 49 32 86 214 231 235 221 199 183 186 195 205 214 225 234 238 232 230 215 218 213 
188 189 189 189 195 196 200 206 210 205 206 204 204 206 206 219 230 238 240 233 225 224 227 224 226 226 224 230 215 218 227 231 216 214 223 230 230 228 221 220 228 219 203 155 159 175 241 250 253 248 238 237 246 241 228 198 202 232 237 234 240 221 71 62 53 86 70 46 63 38 29 20 18 23 21 14 14 23 30 53 100 217 236 234 230 216 195 187 190 207 213 203 219 230 237 234 233 220 210 197 
188 187 193 193 193 197 201 204 208 206 205 204 208 204 202 201 206 225 234 230 220 217 223 230 227 220 231 235 237 229 223 230 236 231 222 229 231 222 218 233 238 233 215 187 190 151 155 159 224 234 218 236 248 245 231 217 219 249 248 244 234 221 46 40 53 72 74 43 57 33 30 26 22 24 21 16 16 21 32 91 200 230 232 228 225 211 186 193 208 218 218 215 218 234 239 235 230 217 192 155 
187 194 195 196 198 197 202 203 208 203 204 204 206 206 202 199 210 218 216 220 209 214 224 223 225 223 229 228 226 228 235 239 235 242 239 237 235 212 224 235 242 240 232 206 201 194 169 133 155 219 213 230 247 244 235 217 227 251 253 250 240 216 89 24 38 75 59 67 47 39 36 27 29 28 27 21 17 79 106 185 230 233 223 220 212 212 203 213 223 226 232 223 227 233 237 232 223 196 167 94 
188 190 194 192 193 196 205 206 209 202 204 201 200 200 202 201 208 209 212 212 214 214 224 228 222 211 222 228 228 239 240 244 241 246 247 244 244 235 225 232 241 241 232 201 202 190 177 178 233 246 236 229 245 246 238 224 235 249 253 254 250 242 115 27 40 65 64 60 49 39 42 26 33 39 32 26 23 57 169 227 235 238 224 218 214 226 229 221 218 236 235 234 234 232 232 230 190 152 136 67 
192 196 200 196 196 199 204 203 205 205 210 206 201 206 204 200 212 198 194 213 212 214 217 223 224 227 238 241 235 244 242 249 249 246 241 243 245 242 234 234 241 238 225 188 186 177 239 250 253 253 248 231 240 247 232 225 242 252 254 254 254 249 106 35 29 49 100 51 62 43 66 36 36 48 33 31 27 80 203 231 237 238 233 223 224 232 236 230 236 233 237 235 238 236 232 215 123 128 102 48 
195 198 200 200 201 200 206 208 206 208 212 208 207 213 205 202 212 202 194 201 204 211 210 216 216 225 228 239 240 243 245 248 249 246 245 245 244 242 242 236 238 236 223 190 164 215 252 254 254 254 252 236 235 243 231 229 245 254 254 254 253 249 106 47 30 80 120 71 61 58 74 43 49 73 36 43 43 127 224 229 234 235 227 229 235 242 241 236 237 241 240 241 241 240 235 204 77 83 62 46 
194 194 196 201 197 199 207 208 211 208 207 208 205 205 206 202 205 211 209 215 211 207 206 213 215 224 240 232 221 222 240 247 249 236 232 245 245 247 247 241 237 236 241 245 245 250 252 254 254 254 253 240 232 240 237 239 242 249 250 250 251 248 201 91 32 128 116 85 63 93 77 43 73 96 37 59 71 144 227 222 217 227 219 228 238 244 237 233 237 239 241 240 242 242 236 200 85 33 44 36 
194 196 194 195 195 199 203 206 206 209 206 205 200 201 199 198 200 208 215 231 224 207 212 225 235 221 220 216 214 230 243 250 248 245 251 253 248 219 184 218 236 248 251 252 253 253 253 254 254 254 253 244 233 235 244 248 248 251 252 253 253 252 250 222 52 167 115 69 157 91 93 56 85 97 50 97 102 148 212 218 216 222 225 232 239 246 243 240 242 242 244 243 240 236 215 196 144 34 51 32 
194 190 193 194 196 194 199 198 205 205 201 204 203 199 197 200 199 207 226 226 224 216 221 232 234 219 220 228 241 245 247 247 248 252 254 251 195 219 228 238 235 247 252 254 253 253 252 254 254 254 252 241 230 239 250 252 251 253 252 253 253 253 253 247 143 130 103 135 156 94 133 107 82 78 64 118 154 154 201 214 218 220 224 223 231 246 247 245 247 244 244 239 229 210 209 200 169 32 59 64 
197 194 187 194 201 202 200 201 205 204 202 205 203 199 200 189 199 204 225 235 228 226 226 234 227 236 238 243 243 240 242 236 225 244 252 237 211 250 253 249 247 251 254 254 253 253 252 252 252 253 251 236 244 249 253 254 254 254 254 254 254 253 253 253 247 208 103 222 114 147 226 132 72 57 91 130 156 139 192 200 207 215 220 219 213 223 241 242 242 242 238 226 194 208 206 201 175 81 100 134 
192 196 198 192 199 201 204 205 207 205 206 206 207 201 199 198 207 223 225 224 232 234 228 229 233 237 237 232 220 209 215 232 229 251 250 211 199 252 250 243 246 251 253 254 253 252 252 253 252 252 248 245 252 253 254 254 254 254 254 254 254 253 253 254 252 227 173 206 179 240 242 144 53 53 114 132 99 116 204 205 201 205 204 218 225 226 222 231 234 235 221 205 182 213 204 205 198 165 162 182 
193 195 196 196 197 201 201 206 205 205 204 205 206 203 199 198 210 211 199 207 219 227 229 229 224 229 230 226 217 229 238 247 248 250 250 197 180 250 246 240 240 248 253 254 253 252 252 253 253 251 249 252 254 254 254 254 254 254 254 254 254 253 253 253 252 239 233 234 245 243 245 162 50 57 111 105 81 144 207 210 217 219 215 221 231 240 236 227 230 233 226 206 190 210 204 198 198 194 182 189 
194 193 196 195 199 202 207 204 200 198 207 208 207 202 196 192 197 192 182 192 209 218 220 233 231 229 218 216 231 237 234 233 235 244 246 188 199 250 249 248 243 251 254 253 253 253 249 253 253 246 250 255 254 254 254 254 254 254 254 254 254 253 253 253 253 250 250 249 248 245 245 200 49 64 90 77 86 197 203 202 213 223 221 228 239 243 247 244 242 229 211 197 198 198 199 194 203 199 192 188 
197 195 200 199 200 202 206 205 206 207 209 207 203 200 199 193 181 196 209 186 186 208 222 231 231 238 219 218 219 218 219 229 236 242 233 178 237 250 246 248 249 252 254 253 253 252 249 248 252 252 252 255 254 254 254 254 254 254 254 254 254 253 253 253 253 252 251 249 248 246 245 228 58 60 58 65 132 214 207 202 212 219 232 225 233 235 241 245 243 227 201 196 194 200 198 196 192 200 190 188 
193 199 198 203 201 205 204 207 209 209 210 211 205 198 198 190 190 210 182 178 186 197 217 227 234 236 228 216 215 218 219 232 238 242 229 233 253 250 246 249 250 252 253 253 251 252 253 242 251 253 252 255 254 254 254 254 254 254 254 254 254 253 253 252 252 251 250 249 248 250 247 234 99 50 47 73 175 218 223 225 224 220 230 237 235 234 243 247 241 219 197 203 189 201 210 196 200 195 187 186 
197 196 194 200 203 202 202 204 208 210 210 210 205 201 189 201 221 195 177 177 191 202 218 232 236 241 236 227 225 223 224 234 239 243 242 252 252 244 247 249 250 253 252 252 252 253 253 248 251 252 252 252 253 252 252 253 253 253 254 254 254 253 253 252 251 251 250 249 248 250 247 244 151 51 50 88 185 211 229 234 234 230 226 231 237 238 246 244 231 196 191 194 199 199 198 205 202 194 188 189 
195 193 193 199 202 202 202 206 206 208 208 206 205 196 199 225 200 189 196 199 212 214 213 218 239 241 235 234 233 228 235 238 245 242 246 250 249 243 250 249 253 253 249 251 253 253 253 251 251 252 251 250 252 252 251 253 253 253 254 254 254 254 252 251 249 250 248 250 250 249 248 245 201 55 54 152 190 204 226 232 233 237 230 227 227 242 243 234 216 181 194 198 199 206 200 195 195 191 194 189 
193 190 194 199 201 201 200 207 205 204 208 206 203 206 207 216 204 201 219 218 226 229 226 215 232 242 233 233 232 225 233 237 240 237 241 247 244 244 250 252 253 252 249 250 253 253 253 252 251 251 252 250 250 250 251 253 253 253 254 254 254 253 251 249 249 248 249 248 249 248 248 246 228 89 126 207 201 209 215 225 235 238 237 237 232 231 235 227 197 185 183 188 196 204 195 200 195 190 188 192 
192 194 201 201 200 202 204 205 205 207 210 208 219 212 202 223 222 228 226 226 232 237 229 234 238 245 237 237 226 224 234 236 237 235 239 239 236 239 250 253 253 251 247 249 251 251 252 251 252 248 250 251 248 251 252 253 253 253 254 253 253 252 251 251 248 249 248 248 249 250 250 248 231 214 211 219 220 219 219 220 229 240 245 242 239 236 233 229 194 192 184 184 197 185 191 192 194 183 190 188 
189 193 195 198 203 203 204 205 205 207 201 223 212 197 228 227 233 238 234 237 237 235 234 238 235 232 216 224 234 233 239 242 238 240 239 236 239 245 250 251 251 250 248 251 248 249 250 250 248 247 249 250 250 252 253 253 252 253 253 252 251 249 250 250 246 248 248 248 249 250 251 248 237 226 226 219 225 229 226 226 234 238 237 243 244 236 230 217 190 188 185 194 188 191 184 186 196 191 188 186 
189 192 193 203 206 206 209 207 206 205 215 211 201 211 236 238 239 245 244 242 239 237 240 233 229 224 192 193 191 221 241 238 236 244 241 238 240 242 243 244 245 248 248 249 249 250 249 250 246 247 247 248 250 251 252 253 251 252 251 250 250 249 250 248 244 247 248 249 250 249 249 248 237 230 231 218 227 234 235 232 236 237 238 238 243 234 223 199 188 186 189 191 182 185 185 184 191 190 184 189 
192 192 197 201 205 207 206 209 209 212 220 206 206 235 243 242 243 247 247 237 243 248 242 220 226 215 180 177 181 188 218 241 241 241 242 238 234 236 240 244 246 251 249 250 250 249 249 249 245 246 247 249 250 248 249 249 250 250 249 249 248 250 250 248 247 247 247 251 248 247 248 246 237 231 232 221 218 225 229 237 238 239 230 237 240 227 223 183 188 186 190 189 177 187 190 184 192 189 185 191 
192 194 196 200 203 202 201 208 210 234 211 212 230 240 241 239 244 245 243 242 243 243 241 225 221 216 193 197 196 195 192 223 237 245 246 244 245 246 245 243 246 248 249 250 247 250 248 247 239 247 245 247 250 248 246 247 248 247 250 249 249 249 247 249 247 248 248 248 246 244 247 244 237 229 233 232 231 228 220 225 234 238 237 235 228 220 213 188 192 186 186 189 179 184 196 190 197 186 183 182 
196 195 197 202 205 204 200 204 223 225 212 223 235 242 242 242 245 247 241 242 234 231 237 219 231 231 223 209 198 197 206 207 214 228 237 241 241 243 244 242 243 245 247 246 246 244 242 244 242 245 243 244 246 244 243 244 244 246 249 248 248 247 247 247 248 249 248 249 245 244 245 243 236 233 234 240 238 237 228 214 227 237 237 237 221 214 185 185 185 179 181 184 184 188 193 193 197 181 179 183 
192 192 196 200 203 209 202 195 231 226 225 226 235 236 239 234 241 238 230 235 232 227 209 185 186 191 199 190 184 206 210 219 219 221 229 235 238 242 241 236 235 232 236 238 234 235 236 241 238 237 240 239 243 246 246 243 246 245 248 249 249 248 247 248 246 248 248 248 247 243 246 242 239 231 236 241 243 238 236 233 214 224 235 235 229 208 182 181 183 177 184 190 183 185 187 188 193 184 187 187 
190 193 199 201 207 212 211 205 229 232 226 225 224 224 226 224 230 230 226 219 212 202 184 185 195 196 196 182 201 210 214 221 221 230 232 234 239 238 237 233 234 232 238 239 233 236 234 236 241 240 242 242 245 245 244 243 245 247 247 250 250 250 249 247 246 246 248 248 246 240 243 244 236 233 233 237 240 241 237 233 230 224 227 232 224 189 184 184 182 176 181 185 181 181 182 186 191 178 186 182 
188 193 198 200 204 205 203 209 209 240 239 231 233 230 224 219 210 206 206 212 211 199 195 201 197 197 184 196 209 214 219 223 226 228 234 232 237 236 236 236 237 239 242 243 241 240 240 243 244 243 245 244 242 245 245 247 244 246 245 248 248 250 249 248 248 247 246 244 245 241 243 242 239 233 232 234 240 238 237 236 236 230 224 224 204 183 182 179 181 181 183 177 181 183 185 191 194 188 188 186 
191 194 191 197 200 200 203 202 200 205 208 211 206 202 201 205 203 199 209 210 195 179 195 204 199 179 184 204 214 217 222 226 228 230 236 236 237 237 236 236 239 242 241 245 243 243 244 244 245 245 245 245 245 245 244 247 245 245 243 246 246 247 243 245 244 244 244 246 244 246 244 242 240 237 235 234 239 241 237 235 236 233 228 216 184 182 178 177 180 185 182 177 184 188 190 189 195 191 184 188 
191 192 193 191 202 194 198 201 206 199 202 204 200 206 209 203 203 200 206 206 191 196 206 208 186 186 195 205 213 219 223 229 230 232 234 233 235 237 235 238 244 243 242 241 244 248 245 243 244 242 243 244 244 240 246 246 245 244 243 242 242 242 241 241 242 243 244 247 243 245 242 241 240 238 238 236 237 236 239 237 230 228 224 203 178 179 179 173 176 181 180 180 188 186 191 191 180 189 188 187 
184 190 192 189 196 196 196 200 203 203 201 199 203 204 206 202 203 205 206 201 190 200 206 193 188 199 190 203 213 222 228 230 234 234 235 234 235 238 238 239 243 244 244 242 245 246 248 246 243 242 242 243 243 239 244 242 241 242 240 237 237 240 236 237 239 238 241 242 238 240 233 243 241 240 237 238 239 235 230 229 229 223 217 176 172 177 174 181 177 183 180 180 187 180 188 184 188 182 191 186 
194 186 192 193 200 199 199 203 206 205 200 208 202 202 201 200 203 199 207 200 203 206 199 186 198 199 195 205 211 219 229 236 235 236 239 236 235 239 238 240 243 243 244 242 244 247 247 248 245 243 241 242 244 242 242 239 238 240 238 236 233 235 234 237 233 233 235 237 235 236 234 236 241 237 233 234 233 236 232 230 228 224 206 178 175 177 176 179 178 182 176 182 183 184 185 185 193 194 184 185 
190 192 192 195 197 198 200 201 201 204 202 196 193 199 203 204 202 196 207 192 198 203 182 189 201 195 198 204 216 224 228 231 233 241 240 238 237 237 236 238 242 242 243 244 244 247 245 249 248 247 247 246 245 245 245 243 242 244 242 240 240 241 240 241 240 235 235 233 231 231 233 232 233 237 236 226 230 233 231 227 221 209 180 171 181 181 175 181 180 179 171 179 183 180 180 182 191 183 188 183 
182 185 186 188 194 197 197 198 196 197 198 197 200 202 204 203 201 197 203 188 193 188 179 190 195 199 200 209 218 221 226 233 235 241 240 241 239 237 236 236 240 241 241 244 245 246 245 247 247 249 249 248 249 249 247 246 247 246 245 244 244 244 246 244 243 242 238 233 227 226 227 228 226 230 233 227 223 223 219 218 202 178 173 177 176 177 180 184 185 181 183 179 181 177 183 189 187 180 182 180 
192 190 190 196 194 197 197 200 201 204 200 202 203 204 205 203 206 202 209 193 187 182 184 193 191 192 199 207 216 224 228 234 239 240 240 240 241 240 238 239 240 239 239 240 244 246 244 245 246 247 248 247 248 246 247 246 246 246 247 244 245 245 245 245 243 242 240 234 227 223 224 226 226 222 225 220 216 215 213 196 178 173 173 173 185 175 179 189 187 176 184 179 183 179 189 179 194 184 179 182 
194 193 193 196 200 195 200 201 205 209 205 205 201 203 203 205 203 200 211 195 184 181 182 189 186 186 196 208 216 225 228 233 239 239 240 244 243 244 243 243 239 240 240 238 241 245 243 244 246 247 246 246 247 246 246 245 245 246 248 246 244 244 244 244 243 241 238 233 228 223 221 220 217 219 218 219 211 205 196 176 168 176 174 177 169 182 179 181 193 187 187 187 190 180 182 181 187 194 183 186 
196 190 197 194 201 195 198 201 203 205 202 202 200 203 209 208 205 204 211 205 186 177 179 184 182 183 191 204 213 221 225 231 235 240 240 244 243 243 241 243 242 241 245 242 243 245 244 242 242 244 244 245 246 246 245 243 244 245 246 245 244 243 244 243 242 242 237 232 228 221 219 220 215 222 210 216 194 184 178 168 170 169 178 177 179 179 178 176 184 186 189 191 184 182 181 185 181 189 177 185 
195 188 190 196 195 193 198 201 204 203 201 199 194 205 199 205 202 204 212 207 193 178 177 182 178 187 200 207 214 217 226 229 234 240 240 243 243 242 241 240 242 242 243 243 243 243 245 244 244 244 243 246 245 245 244 245 245 244 244 244 243 243 244 240 239 240 236 234 229 222 220 218 214 218 214 206 177 175 171 170 171 170 177 177 179 181 180 180 188 186 188 191 189 189 181 184 182 184 183 179 
190 189 191 193 193 192 196 199 201 205 200 198 201 203 201 205 201 201 208 210 201 175 172 179 185 192 200 206 210 220 228 230 236 238 240 243 243 244 243 242 244 243 241 244 245 244 246 244 244 243 242 244 245 245 245 244 245 244 244 244 243 240 241 239 240 238 236 232 228 226 219 217 211 201 208 194 182 182 165 178 172 174 177 177 179 190 182 182 187 184 188 187 199 192 182 185 182 181 183 184 
193 186 188 187 196 192 195 196 197 201 199 200 204 202 200 207 205 205 209 208 205 177 167 173 187 194 197 204 213 225 228 233 236 240 238 240 243 243 244 245 247 245 242 243 241 243 244 243 244 244 244 241 244 244 244 243 243 242 242 242 240 239 240 240 240 237 234 233 230 224 219 213 200 190 184 182 185 181 166 180 172 172 172 180 184 190 185 192 189 187 194 192 193 194 180 188 195 185 178 182 
183 186 192 188 195 195 195 198 203 205 205 208 202 206 201 202 208 203 207 209 206 185 166 173 190 195 197 208 217 220 226 233 236 237 236 238 242 242 243 241 244 241 242 242 241 243 243 242 241 244 243 240 241 241 242 242 242 243 240 239 238 239 239 238 236 235 233 229 223 213 216 205 193 183 177 190 178 185 178 178 172 173 174 183 178 188 182 185 197 182 192 191 194 195 189 187 192 182 184 187 
188 189 195 193 196 199 200 202 200 200 203 207 204 207 204 205 203 200 207 209 208 193 168 178 183 187 194 210 213 218 223 230 234 234 237 238 239 239 239 240 242 241 242 241 241 241 243 244 241 240 241 238 240 239 239 239 239 242 239 239 238 235 235 236 236 234 230 227 220 203 200 191 182 182 179 185 187 189 182 175 175 177 179 187 181 192 188 188 198 196 190 198 188 194 193 190 175 180 185 181 
195 196 196 195 203 201 201 200 201 202 204 200 196 197 203 196 208 199 206 207 206 200 171 178 190 188 201 208 216 224 226 231 232 234 235 238 237 235 236 239 241 241 240 240 240 239 239 239 238 237 239 239 239 239 236 238 236 239 238 237 237 234 234 233 231 230 226 218 203 187 191 183 184 176 181 178 177 180 184 173 175 171 171 181 185 196 187 183 194 196 189 203 197 193 193 186 186 186 188 186 
189 193 196 194 198 198 198 197 202 202 200 199 195 197 196 198 189 193 204 205 204 200 168 178 189 189 200 207 214 218 226 230 234 232 233 232 235 237 237 237 240 242 239 239 238 237 236 235 235 234 238 237 235 235 234 236 232 231 235 236 235 233 232 228 230 227 221 203 192 187 188 187 185 179 183 180 178 179 175 168 176 171 174 182 186 180 187 184 187 196 190 192 199 193 199 197 184 184 186 182 
190 192 199 196 197 200 199 195 203 199 195 198 193 194 198 201 196 196 204 204 203 200 171 179 185 189 195 205 214 219 223 225 232 230 230 229 233 235 234 235 238 239 238 239 240 238 236 235 233 234 235 235 233 232 233 235 232 229 229 229 227 231 229 226 226 217 216 200 187 186 190 185 173 186 183 173 175 180 174 173 175 178 168 177 181 182 188 196 196 199 196 191 196 201 193 191 184 196 183 184 
190 194 195 194 197 194 199 202 194 200 199 198 201 192 197 197 196 199 202 201 202 199 179 181 188 188 196 203 214 222 225 225 227 227 231 230 230 230 234 231 232 236 235 239 240 238 237 234 238 235 236 232 229 225 228 227 224 225 225 224 226 227 225 224 216 210 207 192 175 183 188 182 177 188 173 181 179 185 174 175 179 175 187 192 180 197 196 199 200 196 187 197 194 190 187 188 188 185 182 187 
187 189 192 194 196 195 199 201 200 197 198 198 200 195 197 203 201 197 202 200 200 198 184 178 191 196 200 209 214 222 227 224 223 225 226 227 230 230 232 229 230 228 228 230 232 231 233 230 233 230 229 225 221 219 220 222 220 221 222 223 222 223 221 215 198 192 186 184 175 172 176 189 187 180 175 170 174 179 177 176 175 181 188 193 186 188 196 197 196 193 192 191 191 193 185 186 188 193 189 185 
190 189 190 193 191 195 203 195 200 195 199 196 192 195 196 197 199 191 203 200 200 198 188 181 199 205 206 211 218 227 229 227 223 226 228 226 226 230 227 228 226 220 219 224 229 229 225 228 222 222 220 218 216 216 220 217 218 218 217 219 221 215 212 209 184 187 174 174 172 179 178 185 185 179 183 170 166 176 176 172 179 189 181 185 193 190 191 195 198 196 188 195 191 194 183 184 188 189 186 189 
186 180 185 190 196 197 196 192 198 196 198 195 192 196 195 193 191 190 196 197 198 197 191 185 200 208 214 214 225 230 229 229 226 225 231 229 224 223 226 227 226 221 218 221 226 224 220 220 217 216 218 217 217 218 219 217 219 216 213 216 214 212 205 197 182 187 177 178 178 173 178 181 182 181 179 166 164 173 177 171 184 180 184 182 196 198 189 190 191 189 187 191 191 199 189 197 198 198 190 184 
188 186 188 193 195 197 196 197 194 198 198 193 195 196 194 194 196 187 194 195 197 195 185 186 207 214 221 221 228 233 233 231 229 230 230 232 231 225 226 226 224 224 219 220 221 219 219 218 217 221 220 219 219 220 217 220 220 215 216 209 209 209 201 179 169 185 180 182 177 170 178 184 179 171 168 174 173 179 177 171 184 186 191 196 200 192 184 189 200 190 195 194 197 200 191 202 189 201 195 193 
183 186 190 190 190 193 189 189 193 195 192 197 196 193 194 194 191 190 195 195 195 195 189 196 210 225 225 228 229 234 236 235 237 234 234 233 230 227 227 225 224 222 221 220 219 219 220 222 223 221 219 222 219 219 214 214 216 208 209 200 171 175 176 159 157 179 180 177 177 175 183 182 182 175 176 177 180 183 176 179 197 198 191 191 197 190 174 197 203 198 198 192 191 203 192 206 193 196 195 187 
186 187 185 185 190 187 182 185 188 189 194 193 187 183 188 191 191 191 199 196 196 190 193 205 220 222 219 223 229 231 231 232 235 235 235 233 231 232 229 227 224 222 221 222 220 219 219 221 219 214 216 215 214 210 209 211 212 210 214 191 163 179 187 196 196 182 185 187 176 182 181 180 175 173 175 178 183 179 174 183 199 184 191 191 193 192 195 192 192 202 195 199 199 192 191 214 199 199 193 185 
178 181 181 183 186 184 189 184 184 182 190 192 187 187 189 193 193 188 198 196 197 194 198 209 216 217 218 221 224 229 227 228 230 226 229 231 231 229 226 224 221 224 223 223 220 221 221 219 218 216 218 214 212 210 210 208 207 208 206 184 167 182 187 196 190 171 175 176 178 190 182 183 178 176 175 179 183 179 169 180 193 194 192 198 192 190 187 192 196 200 197 206 196 196 186 194 187 187 189 191 
177 176 180 176 184 181 181 183 187 184 193 192 193 186 190 189 183 188 198 196 197 196 196 202 210 211 214 215 221 222 219 223 224 224 227 228 229 226 220 219 222 224 225 225 226 224 223 221 219 216 218 213 212 209 212 207 201 190 179 183 181 183 183 192 156 162 186 184 184 178 181 187 180 171 184 183 178 176 175 189 193 194 188 191 193 203 189 188 200 202 206 193 193 189 197 195 191 185 184 180 
176 174 177 176 183 184 186 185 187 186 194 190 191 190 190 188 189 193 197 197 198 191 193 205 207 209 210 211 213 216 214 217 218 222 222 221 221 219 216 214 211 217 221 221 221 219 218 217 216 211 207 206 201 198 202 194 189 176 174 185 191 194 203 200 152 159 182 181 186 184 186 179 176 177 180 182 176 168 176 195 190 198 192 197 193 200 192 187 207 207 205 202 207 194 197 192 189 183 185 174 
179 181 180 181 185 185 184 189 186 186 190 191 189 189 194 194 189 195 199 197 189 176 192 197 201 208 205 201 211 215 212 211 217 217 215 214 212 211 212 209 208 210 215 216 215 215 213 211 211 205 201 190 183 181 174 168 169 160 166 177 184 189 197 194 192 181 180 179 189 185 183 180 178 175 171 182 173 164 187 196 195 194 195 184 189 198 186 184 194 201 210 201 204 195 198 194 187 186 186 182 
174 178 175 178 185 184 188 188 191 190 190 191 191 193 197 193 194 195 192 173 137 136 172 190 197 201 194 201 212 213 209 211 215 213 207 209 205 206 208 203 201 204 207 210 211 210 206 205 209 204 192 185 173 165 160 163 165 140 152 159 180 190 193 189 192 178 178 181 181 183 179 181 177 175 176 179 167 166 187 193 184 185 192 192 202 202 179 185 192 211 213 202 202 204 198 194 194 184 182 180 
173 175 177 182 189 188 189 186 190 189 191 189 188 190 187 189 188 168 148 125 96 115 142 177 185 183 183 204 207 199 201 210 210 206 199 200 200 201 203 199 198 200 205 205 205 202 205 202 200 191 184 171 159 151 143 153 157 142 134 141 159 168 179 185 182 160 180 185 178 184 182 188 178 173 176 180 179 168 185 190 180 180 177 185 201 190 191 189 200 207 203 200 201 204 195 197 193 190 182 182 
179 180 178 186 183 184 184 190 187 186 186 189 190 192 187 177 151 134 121 102 85 88 102 123 122 159 179 193 193 195 197 201 202 198 195 195 200 201 200 196 202 200 201 203 202 198 198 192 186 186 174 157 144 132 128 119 120 134 152 162 165 156 132 151 157 151 171 177 171 176 180 184 178 169 166 175 180 179 188 198 198 191 179 186 184 195 207 188 202 202 196 194 205 201 198 193 184 181 175 186 
175 179 177 181 184 181 182 186 186 188 189 183 185 187 163 126 116 112 107 112 102 89 85 86 82 92 140 174 179 187 189 190 191 194 191 193 196 196 198 191 194 197 201 201 195 190 182 177 179 167 152 143 132 122 112 114 124 146 161 157 163 148 98 142 159 159 170 179 184 180 180 183 175 176 174 175 179 174 189 191 198 196 183 180 184 186 196 198 199 192 196 196 198 194 193 198 187 184 186 184 
174 175 178 186 184 184 182 185 185 188 188 190 176 146 98 77 82 85 95 95 96 83 77 69 67 59 79 112 140 165 175 177 179 188 182 187 188 195 195 186 192 189 193 185 177 171 169 164 157 150 139 135 132 129 129 130 150 161 164 161 152 120 85 136 158 152 158 174 182 173 175 175 178 174 178 175 183 177 188 188 197 202 206 187 184 195 194 202 200 194 195 193 199 201 199 192 191 187 184 179 
175 175 175 180 180 182 180 188 183 182 162 139 122 108 82 67 66 73 79 82 79 76 59 58 69 63 70 83 85 100 121 139 157 168 171 176 176 180 184 180 177 173 168 162 155 156 156 153 147 147 150 150 151 150 157 143 157 157 151 136 111 85 97 114 160 162 149 170 184 172 168 174 187 177 175 178 188 182 195 193 190 189 194 192 188 179 182 201 202 198 198 200 201 199 204 203 198 185 186 179 
170 175 176 175 179 174 179 179 170 141 121 109 109 99 82 70 65 63 60 68 66 54 51 57 57 71 80 83 84 78 102 129 155 160 169 168 167 167 164 164 155 151 153 151 157 158 159 158 160 163 167 163 162 158 167 148 115 107 103 93 89 84 95 97 129 152 147 159 171 170 167 168 180 181 172 178 174 183 184 199 197 188 187 196 189 188 199 188 194 198 204 190 197 204 206 202 192 180 182 183 
169 166 175 176 175 175 172 156 115 97 106 96 100 85 76 63 50 43 50 59 52 52 59 63 65 67 80 94 92 119 148 173 173 171 169 169 170 165 170 168 162 162 158 158 161 164 165 167 160 163 165 161 161 157 171 160 37 44 94 86 95 96 88 87 85 132 153 153 174 178 172 171 172 184 187 183 183 186 198 206 204 199 193 188 192 191 191 197 190 192 195 195 200 211 213 195 187 188 192 182 
170 166 170 175 173 160 120 81 64 73 81 83 78 78 58 48 45 41 49 51 60 60 50 60 69 75 92 123 155 180 176 173 176 176 169 166 169 168 169 171 166 165 168 164 164 165 164 161 162 163 166 164 161 158 172 163 56 29 80 91 97 95 87 85 81 100 138 147 165 168 171 172 169 177 180 178 184 176 193 192 193 199 184 176 188 197 189 193 199 201 194 198 196 202 196 204 198 194 192 179 
164 165 169 172 162 124 79 58 53 53 60 65 69 63 49 43 37 38 37 50 60 59 67 62 73 93 138 176 179 184 181 167 168 173 173 169 170 170 172 169 167 164 166 166 163 169 162 160 162 158 164 162 165 157 169 163 77 24 79 84 92 93 86 90 84 82 84 107 157 173 172 169 167 174 172 175 184 173 197 192 198 201 187 179 188 188 194 183 195 202 189 191 197 203 201 203 187 187 193 174 
162 160 161 146 115 97 67 50 49 49 43 48 54 49 43 37 39 30 35 42 56 75 70 71 116 158 181 181 179 182 176 172 171 166 172 172 173 170 168 172 168 171 169 168 164 159 158 160 162 163 165 161 165 159 170 172 104 23 82 89 81 82 91 92 84 78 73 87 110 159 166 163 170 174 175 174 168 172 191 187 194 196 196 184 191 180 177 185 200 204 199 188 196 195 193 189 190 187 181 179 
162 148 115 99 90 84 63 46 39 34 34 39 43 41 45 44 39 36 39 46 77 89 88 144 171 180 181 180 178 179 174 166 171 171 173 169 173 175 172 176 176 175 169 168 165 161 159 157 157 164 160 156 157 158 162 169 122 25 81 87 83 79 86 84 76 71 79 76 81 126 169 170 165 167 171 172 168 173 187 192 182 195 191 184 192 184 184 183 189 199 199 198 197 196 190 177 184 190 186 180 
139 113 92 85 80 77 64 47 38 33 29 31 46 49 51 54 50 40 46 67 92 116 163 179 179 179 178 179 178 178 174 168 167 168 168 166 170 171 174 176 177 178 174 170 163 167 164 163 161 165 161 165 166 166 162 170 136 27 80 83 90 91 82 73 67 71 69 63 61 78 151 171 157 157 163 168 169 174 181 182 183 193 180 184 179 188 186 188 190 194 204 198 193 199 194 188 186 188 180 180 
45 41 50 69 71 68 66 44 32 30 25 28 43 54 62 72 81 59 62 92 133 171 180 179 180 178 179 179 177 179 176 164 163 165 167 164 166 171 172 173 176 176 176 173 168 166 164 166 164 164 165 169 170 167 162 167 133 36 78 88 92 90 84 81 76 84 83 79 71 79 97 158 173 152 156 165 174 179 182 181 182 194 181 193 184 180 185 194 192 201 201 202 191 193 184 185 187 193 178 184 
36 37 40 46 61 62 50 45 34 30 26 23 31 61 72 83 84 82 125 162 177 179 180 177 178 176 177 177 177 178 175 168 166 163 166 162 164 161 168 167 171 171 175 170 175 169 168 164 168 167 168 166 161 165 162 164 118 51 85 82 88 86 82 86 79 79 77 75 80 79 83 130 159 162 154 159 161 173 181 174 189 184 179 186 192 180 189 204 187 197 201 195 188 187 183 189 180 194 180 183 
36 33 32 42 46 42 39 49 44 34 25 26 35 65 93 118 128 155 170 174 179 179 179 177 177 176 172 174 173 175 177 176 174 169 170 168 164 162 162 168 166 168 169 171 171 171 167 168 169 168 165 162 161 159 153 156 87 80 96 89 83 80 91 94 84 85 78 86 87 89 79 80 110 158 146 144 149 159 186 184 185 186 177 177 189 194 177 189 197 196 198 199 192 192 185 187 176 188 189 174 
32 27 29 27 33 37 40 54 57 41 32 35 46 86 137 163 164 176 174 173 177 177 176 173 174 174 170 170 170 169 172 175 176 177 179 172 169 168 166 165 165 171 171 170 170 172 169 172 169 167 158 151 155 152 150 144 64 92 98 86 82 79 87 91 86 84 89 82 87 81 81 84 80 96 145 151 143 157 177 192 182 175 170 174 181 180 187 198 186 197 193 191 179 180 178 183 174 178 179 167 
26 23 20 24 27 33 41 67 56 54 47 48 88 146 166 165 173 170 172 171 178 176 173 169 172 170 168 169 167 166 163 176 176 173 172 171 170 172 172 171 168 171 167 171 170 169 167 166 168 165 155 145 150 146 146 112 66 89 89 80 86 90 82 78 74 84 87 80 76 71 81 86 78 74 86 115 118 165 170 178 183 172 160 173 187 181 186 187 184 187 197 188 184 181 183 183 178 186 170 155 
27 21 20 18 21 24 45 60 66 76 70 110 156 165 166 172 171 165 170 170 177 175 170 169 173 169 164 164 160 160 158 163 167 168 165 163 167 170 170 172 171 170 172 172 168 169 167 165 166 160 154 147 145 138 136 70 82 81 71 74 74 78 82 77 68 81 86 78 77 76 76 80 74 80 79 75 100 162 166 169 172 168 164 173 184 184 176 180 183 192 185 184 196 191 187 173 185 184 166 160 
29 27 21 15 18 23 38 63 77 94 141 162 159 163 166 166 167 163 169 170 170 167 163 164 169 163 159 157 156 155 152 156 151 152 152 158 161 161 167 173 170 168 166 163 165 164 165 164 157 156 146 143 141 134 118 62 81 80 79 78 87 86 83 87 83 76 76 79 84 80 75 67 74 82 75 70 70 121 152 166 172 156 157 160 176 181 182 168 172 182 185 180 185 183 189 176 178 165 153 151 
33 30 21 18 23 28 38 58 99 149 161 160 161 162 163 164 162 165 164 164 164 165 163 162 167 157 155 161 155 157 158 154 158 159 161 161 162 162 165 165 162 159 164 160 158 160 158 161 152 149 139 139 144 129 84 74 80 89 92 86 81 74 86 90 80 79 73 81 84 81 72 72 70 78 73 71 72 81 137 156 171 167 160 147 163 173 179 156 173 176 182 184 180 191 183 173 180 167 155 157 
37 44 31 26 36 33 45 104 146 153 157 157 155 161 162 164 162 160 164 162 160 161 159 156 161 157 159 157 153 153 155 152 155 155 159 162 167 169 169 163 164 161 158 159 161 157 156 154 151 144 139 141 143 115 75 80 81 90 91 83 79 76 82 85 78 80 84 75 76 72 77 77 72 70 66 74 75 68 88 127 145 163 164 148 158 162 170 164 165 173 176 174 186 181 172 168 166 153 145 144 
