222 223 225 227 228 230 231 232 232 231 230 230 229 228 228 228 227 225 225 225 224 224 222 221 219 219 218 217 215 212 208 204 202 203 201 204 215 218 230 230 231 217 226 242 213 210 212 210 207 207 207 206 207 206 205 205 205 203 200 197 195 155 155 152 155 154 155 152 155 158 153 154 149 152 149 142 140 141 139 149 149 144 144 143 145 147 136 143 142 139 143 146 145 136 144 137 164 170 166 156 
235 231 229 225 221 220 217 216 214 213 214 215 216 217 219 221 222 223 222 222 222 221 220 219 218 219 218 216 215 215 214 212 214 209 216 216 211 208 206 200 202 200 203 204 206 202 204 208 209 210 209 210 209 207 204 205 205 202 203 203 177 157 155 153 161 158 155 152 151 153 152 148 148 142 141 144 136 139 138 138 143 144 146 149 144 143 141 136 137 137 140 138 137 141 146 135 144 136 138 134 
241 241 240 239 239 238 236 235 234 233 230 228 225 221 218 214 210 208 206 204 202 202 204 203 205 206 210 211 212 211 211 210 211 210 209 203 210 212 207 208 205 202 209 199 206 204 201 201 200 199 200 197 197 196 199 200 202 204 203 204 159 155 154 155 153 158 154 157 154 154 147 144 141 141 137 138 139 138 137 137 138 140 143 147 140 139 141 139 141 138 138 139 135 134 134 138 137 133 137 133 
227 227 227 228 228 229 230 229 230 233 235 235 234 235 234 233 232 230 229 228 226 223 219 217 211 209 205 202 198 196 195 193 194 199 195 198 192 203 203 199 204 190 203 195 201 198 202 204 201 204 202 202 203 203 200 197 198 195 189 186 166 140 142 142 151 156 151 151 150 151 149 142 141 141 135 133 136 135 136 134 134 137 137 138 135 139 145 141 140 143 144 140 138 135 132 136 137 135 135 135 
235 235 234 233 231 230 229 229 227 225 223 222 221 220 221 221 220 220 219 219 220 223 224 225 224 225 224 224 222 220 220 218 216 212 206 199 200 192 195 186 185 179 183 176 181 183 185 192 193 196 198 199 203 202 201 199 199 199 197 196 161 144 143 138 140 142 141 142 137 142 150 143 139 137 136 135 134 132 134 134 133 133 141 143 142 142 143 143 142 144 144 139 141 139 137 137 135 133 139 141 
236 236 235 234 233 233 233 232 231 231 230 230 229 227 226 225 224 224 223 220 218 216 214 213 210 211 210 209 209 209 210 211 211 213 215 209 208 213 207 213 200 211 190 199 193 195 185 191 182 181 178 179 178 178 180 181 183 187 189 188 140 146 145 144 143 141 136 140 134 138 140 132 133 135 138 132 134 134 132 132 132 137 137 142 140 142 143 141 149 144 145 144 137 143 143 142 136 140 149 144 
229 229 231 231 231 232 232 231 230 230 229 229 229 227 226 225 224 223 221 221 219 218 218 217 217 216 214 213 214 213 212 210 209 207 206 204 199 195 196 186 190 183 184 175 180 186 180 193 195 196 195 196 201 198 197 196 196 192 177 162 134 135 137 140 140 137 134 138 143 137 139 137 130 132 130 129 131 129 132 134 131 135 138 140 142 141 144 140 144 142 141 147 145 145 146 147 139 146 148 150 
226 224 222 220 218 217 216 216 214 215 214 213 214 215 215 216 217 217 217 217 217 216 216 214 214 214 212 211 211 211 209 208 207 206 209 205 203 193 186 181 172 163 146 131 108 105 107 109 119 125 133 148 161 171 177 188 193 193 165 144 139 132 134 135 133 130 134 141 142 138 137 134 133 136 134 133 134 136 136 135 138 137 141 139 137 137 142 143 141 144 145 148 144 141 142 139 141 149 149 149 
239 238 238 238 237 236 235 234 232 231 229 227 225 221 219 215 211 209 207 204 202 200 197 196 193 193 191 192 193 192 189 188 185 182 183 181 179 171 166 134 106 87 74 68 68 61 69 69 66 71 71 79 88 103 121 157 172 182 168 133 135 136 149 132 129 125 132 133 132 128 127 132 132 130 132 136 143 140 139 138 133 131 136 135 137 136 140 144 143 141 138 140 141 141 143 141 146 150 149 150 
230 231 230 230 231 231 230 232 233 232 233 233 233 232 232 232 229 229 228 226 225 223 220 217 214 212 207 202 191 177 157 129 101 83 79 72 70 70 64 63 72 72 59 60 59 52 54 49 49 56 63 68 71 78 87 92 108 145 137 128 132 133 129 127 125 126 121 123 123 128 133 135 133 128 132 130 130 135 134 129 126 129 139 138 139 135 135 136 140 145 142 146 142 142 141 146 151 151 151 150 
233 233 233 232 230 227 226 225 224 223 222 221 220 219 218 218 218 216 215 214 214 214 212 207 204 201 197 179 147 103 78 67 62 58 54 53 57 71 72 76 76 67 67 68 62 68 66 63 63 58 55 50 63 69 74 75 74 66 68 103 118 127 123 125 125 123 91 73 73 91 113 133 134 133 134 133 124 111 97 82 75 103 127 129 123 127 134 145 144 140 147 148 147 147 147 146 153 148 148 151 
232 232 231 231 231 231 230 230 229 228 227 226 224 223 223 222 221 220 218 215 209 202 195 173 137 111 85 73 70 63 67 55 49 53 62 47 50 62 79 73 75 81 72 73 63 68 68 56 50 65 67 57 47 58 67 68 72 72 63 57 87 113 119 120 96 61 51 53 56 57 61 78 117 132 132 115 69 53 46 38 47 54 58 96 119 124 129 146 152 138 140 144 143 144 146 150 157 152 149 153 
227 227 228 228 228 228 228 228 227 228 227 225 223 223 223 222 221 219 216 207 192 148 101 76 74 70 70 73 66 59 59 60 57 55 66 63 68 84 103 91 88 70 76 78 62 47 50 40 47 81 85 74 57 52 49 64 65 64 70 68 55 70 97 94 49 43 33 38 44 41 48 53 72 108 90 46 43 40 33 31 36 52 58 53 106 127 129 139 134 142 152 174 143 141 139 139 151 149 150 148 
226 224 223 220 219 219 217 215 213 213 210 208 207 206 205 203 199 193 185 171 124 76 65 53 56 65 66 67 78 83 80 73 59 64 73 71 138 141 99 123 105 83 73 65 51 42 38 40 63 79 83 83 75 62 45 50 58 62 67 70 70 59 53 47 42 31 30 30 30 30 35 46 58 64 41 29 29 29 30 31 36 41 51 49 61 121 132 128 127 126 143 147 133 141 144 143 143 141 146 148 
238 237 237 237 236 236 235 234 233 232 231 230 228 227 225 221 213 197 152 92 67 62 52 43 42 48 65 74 75 66 62 59 56 58 68 75 87 63 71 130 85 68 85 74 58 40 43 54 70 73 70 68 67 65 47 38 50 56 61 63 63 68 58 42 34 32 31 32 31 31 32 42 53 53 38 35 34 33 32 30 30 31 32 52 46 88 129 128 126 124 125 127 134 139 139 138 137 143 144 145 
228 228 228 227 226 226 225 226 226 225 225 224 223 223 219 210 179 108 58 50 44 39 37 37 39 41 54 59 52 49 46 55 66 53 47 58 85 76 95 97 56 55 68 51 41 43 44 52 53 53 45 41 48 61 48 41 46 49 54 60 65 63 67 59 40 36 37 43 44 35 32 35 49 39 37 40 44 51 57 46 33 31 33 48 51 88 126 130 130 124 127 127 134 135 134 139 141 143 150 151 
231 231 231 230 229 229 228 227 226 225 224 222 220 217 207 179 90 51 40 45 40 35 34 35 36 37 45 44 46 46 50 51 55 52 44 44 46 45 42 41 39 41 41 37 37 36 35 39 39 39 34 42 60 46 56 39 41 46 52 54 61 66 66 70 65 52 39 42 46 48 48 43 40 47 47 43 44 43 53 59 49 37 33 56 57 100 123 129 132 127 125 119 120 129 132 134 135 136 145 144 
230 230 230 228 227 228 226 225 223 223 222 223 220 212 171 87 65 62 47 41 43 41 39 43 35 33 36 36 35 40 43 43 43 48 48 46 50 46 46 41 35 32 32 33 33 34 38 40 38 43 45 47 60 56 58 44 38 45 53 53 58 63 62 62 63 65 63 47 39 41 42 41 46 53 55 57 49 40 42 53 58 48 47 56 73 116 124 127 127 128 125 119 122 130 134 133 140 141 141 141 
216 216 215 215 214 214 213 213 213 213 212 208 199 175 96 58 73 97 105 67 60 59 66 86 70 46 35 34 34 36 37 37 38 40 39 37 38 34 34 33 32 31 31 31 32 33 35 43 56 70 45 41 43 51 58 48 44 47 49 52 57 60 59 61 61 60 62 64 60 52 43 46 53 64 60 64 54 42 38 47 48 44 47 54 108 121 121 127 133 132 125 127 131 125 129 135 138 138 139 137 
206 206 205 203 202 202 202 199 198 196 193 184 138 84 73 85 62 75 104 87 61 65 66 83 124 115 51 32 31 33 34 32 32 32 32 32 32 32 32 31 31 30 30 32 33 34 38 44 47 72 53 40 42 40 39 49 53 51 45 49 55 59 62 62 63 69 62 65 59 63 57 48 51 64 63 60 53 44 41 43 45 35 45 102 125 122 122 123 132 135 137 138 138 135 136 130 137 139 141 138 
221 221 221 220 219 218 218 216 214 212 204 164 82 81 110 127 102 89 101 95 74 57 61 64 135 108 62 32 33 31 33 31 32 32 32 32 31 31 31 29 30 30 31 31 32 33 33 45 70 74 87 55 43 42 36 43 48 53 52 53 61 60 59 65 65 59 64 62 59 58 54 53 58 57 56 50 49 50 46 48 45 46 97 115 121 121 122 122 123 121 131 134 132 130 136 137 135 135 136 139 
198 198 199 198 197 196 196 195 194 191 168 69 58 81 88 96 75 60 64 83 74 50 42 43 65 66 42 33 33 32 32 33 33 31 31 31 32 30 30 29 31 31 31 31 33 36 35 84 119 93 107 96 66 54 42 45 50 47 54 61 58 57 55 55 59 61 65 60 57 51 57 56 55 55 50 50 50 47 51 49 46 80 115 121 122 122 119 119 122 128 129 130 131 132 126 126 128 129 133 138 
208 210 211 213 211 210 209 209 209 205 131 49 72 94 108 107 77 58 62 69 57 40 37 44 50 45 52 56 34 30 31 31 31 30 29 29 30 29 29 31 30 31 32 31 33 37 36 48 53 73 135 110 78 72 62 48 56 56 50 56 63 60 51 58 56 57 56 50 57 57 53 52 53 49 44 45 43 44 45 46 64 102 114 121 127 122 127 129 129 129 132 132 134 128 122 128 124 122 129 137 
171 168 165 164 167 168 167 169 164 158 124 64 53 58 69 67 58 43 41 44 40 36 37 42 49 58 65 45 32 32 31 31 30 28 29 30 30 30 30 30 30 32 32 32 37 43 36 42 53 104 102 75 60 63 60 54 57 59 60 58 53 50 46 59 51 55 54 54 55 57 53 56 50 47 43 44 41 41 39 51 92 105 114 119 123 124 127 126 127 127 129 129 133 133 133 129 133 127 130 139 
145 146 145 143 144 142 140 142 142 142 134 104 58 53 50 46 44 44 41 41 40 41 42 44 43 38 32 31 30 30 31 32 29 28 29 30 30 29 29 29 30 30 29 33 38 39 42 45 46 49 56 55 44 48 53 51 52 56 59 60 54 42 41 49 46 51 51 49 51 50 56 56 51 47 46 45 43 40 38 77 104 109 116 121 125 122 127 129 128 128 133 132 134 133 122 126 132 127 126 131 
215 215 217 217 218 219 219 218 217 216 209 187 109 61 46 39 37 34 34 33 33 33 31 31 29 29 29 30 32 32 32 31 29 28 28 28 28 28 28 29 30 29 30 33 33 39 41 50 46 51 51 58 56 51 47 49 55 59 60 59 48 41 39 45 46 50 49 48 55 52 51 59 53 49 46 43 38 36 57 99 118 118 117 119 121 122 126 126 130 135 134 133 133 134 130 125 127 129 125 130 
225 224 225 223 222 222 222 221 220 218 216 210 174 95 71 66 58 46 40 35 34 32 31 30 31 32 32 34 35 34 32 31 28 28 29 30 30 31 31 31 31 29 31 31 36 41 45 51 54 53 52 60 62 53 41 50 59 62 56 49 40 45 49 53 53 54 55 55 54 54 60 57 56 49 48 46 37 37 81 100 94 94 93 99 113 122 125 126 123 126 134 134 136 137 138 134 132 131 126 133 
226 224 225 224 222 222 222 220 218 218 217 214 203 160 89 75 72 62 54 43 37 34 33 32 36 36 34 34 33 33 32 31 29 30 31 33 30 32 32 31 30 30 31 31 32 37 43 47 49 57 53 53 47 42 45 53 61 58 52 42 42 43 53 63 62 59 56 57 54 57 60 59 56 52 55 55 38 44 75 53 48 52 57 62 70 91 119 125 124 120 125 128 131 134 134 131 135 134 133 136 
227 226 225 224 223 222 221 221 219 219 218 217 212 197 143 81 74 72 71 58 43 40 38 42 40 38 37 34 33 33 33 31 34 34 29 30 31 32 32 31 29 30 30 30 32 34 42 55 61 49 54 51 41 42 44 52 61 60 50 42 53 58 63 61 63 60 58 49 45 51 55 56 54 50 52 52 38 56 48 50 41 49 51 56 69 57 115 122 126 120 120 125 126 125 128 131 130 135 136 136 
226 226 225 224 222 221 220 219 220 218 217 216 215 211 194 135 71 72 74 72 64 59 63 59 54 42 43 45 37 35 34 34 35 32 30 32 33 40 35 31 30 30 30 30 32 33 44 55 54 56 57 47 39 45 49 52 56 51 41 46 57 65 69 67 65 59 58 62 59 57 58 57 53 52 54 49 44 44 42 36 32 40 51 62 64 61 69 110 117 116 115 119 121 123 127 128 132 136 138 138 
226 226 225 224 222 221 219 218 219 219 218 218 216 212 206 181 103 60 58 64 70 72 71 68 62 59 58 51 40 36 34 35 34 31 31 33 45 43 35 42 61 53 35 32 32 30 37 44 54 65 52 42 40 48 57 61 51 36 39 48 63 61 51 49 47 48 54 57 54 59 54 49 48 46 51 46 42 45 33 30 29 31 33 39 45 61 65 81 106 110 108 114 119 118 122 122 124 129 127 136 
226 226 225 223 223 221 218 219 219 218 218 218 216 213 205 193 158 75 52 58 65 65 67 70 72 69 71 62 52 41 36 34 32 32 31 33 43 36 37 57 72 65 53 36 32 36 32 40 50 65 52 44 44 48 56 52 43 42 43 52 59 50 49 43 41 42 50 46 43 44 41 41 41 45 48 51 46 42 35 30 30 29 30 32 38 54 60 75 107 106 109 116 115 112 124 125 124 122 127 130 
224 224 224 222 222 221 219 220 219 219 218 218 216 212 209 198 179 144 85 57 52 53 63 63 67 73 73 72 55 39 33 29 30 30 31 35 39 33 36 43 48 60 55 44 31 32 32 37 57 64 52 45 46 55 55 46 42 43 53 55 47 43 38 38 42 39 38 33 33 33 33 35 38 42 48 48 43 40 40 39 36 34 30 30 34 45 67 82 108 111 111 116 117 116 119 118 124 124 125 129 
224 224 222 220 221 220 220 220 219 218 217 217 216 213 210 207 201 192 163 87 51 46 54 62 66 67 72 65 49 38 33 32 31 32 33 35 38 33 36 41 43 43 60 60 37 37 36 41 59 52 47 49 52 54 54 55 57 58 54 40 34 34 33 33 31 32 31 30 31 32 33 33 38 42 46 50 55 50 47 46 47 41 37 34 34 42 65 79 112 112 112 114 115 116 120 118 119 118 123 124 
225 224 222 219 222 221 219 220 219 218 217 217 216 214 213 210 208 202 182 149 98 67 59 59 69 64 67 74 54 45 38 33 34 34 33 33 46 37 44 64 68 69 76 69 46 39 39 47 52 53 55 62 62 59 58 61 56 45 40 33 32 30 29 29 28 29 30 30 30 32 32 33 34 42 47 54 50 46 48 52 49 49 54 43 38 45 66 74 107 109 112 111 114 116 117 119 123 115 118 122 
225 224 222 220 220 220 219 218 218 218 217 216 215 214 213 212 209 204 196 189 180 128 58 58 58 68 71 76 70 54 43 40 37 35 31 32 42 34 37 53 82 80 85 92 66 46 49 57 54 61 60 61 62 60 55 48 38 34 32 29 28 28 28 29 29 30 30 31 32 34 34 37 40 43 47 50 49 49 50 50 47 50 57 51 47 49 65 69 110 112 113 113 113 115 115 113 118 119 117 117 
225 224 222 220 219 219 218 218 218 217 215 215 214 213 213 212 210 208 206 203 189 159 127 101 69 63 66 68 73 66 56 48 42 39 35 33 35 37 41 71 95 78 58 70 65 54 56 58 56 54 54 59 53 49 42 39 34 32 30 28 28 28 29 31 30 29 29 31 33 36 35 36 43 48 50 50 50 49 47 44 51 53 54 51 44 47 57 68 109 113 114 112 114 115 113 112 116 119 118 119 
224 223 221 219 219 220 220 219 217 217 215 215 215 213 211 210 209 208 205 202 196 191 185 166 135 94 67 63 64 69 66 61 54 48 42 35 34 42 45 69 112 96 61 49 46 50 52 45 47 43 43 46 39 35 31 31 30 30 29 28 29 29 30 29 30 30 30 31 32 39 39 40 48 52 56 55 54 48 41 45 48 46 44 46 45 47 52 79 117 112 113 111 111 113 113 113 110 118 117 118 
223 221 220 219 218 218 218 218 217 216 214 214 213 212 210 208 209 208 205 204 203 200 194 188 177 162 103 65 60 62 65 73 64 60 51 42 37 45 43 68 79 87 51 48 48 44 42 35 39 41 36 38 33 32 31 30 29 29 27 27 27 27 29 31 31 31 31 32 34 34 37 41 52 50 51 54 51 47 38 39 41 42 47 55 47 43 46 79 115 111 112 111 113 118 115 118 117 114 114 117 
223 221 220 219 218 218 218 217 216 215 214 214 213 211 210 208 208 207 205 204 203 201 197 194 189 169 100 60 66 67 64 62 66 63 69 54 41 38 60 55 48 52 34 35 33 32 31 31 31 32 30 32 29 30 30 29 30 29 29 29 29 28 29 31 31 31 32 34 35 36 40 48 52 51 54 58 52 42 39 37 38 40 45 46 48 44 45 73 111 113 110 109 110 111 114 117 115 117 116 115 
222 221 220 219 218 218 218 217 215 215 214 213 212 210 210 208 208 206 206 205 203 201 199 196 191 166 103 57 59 67 56 52 42 40 44 44 45 42 47 42 40 34 31 31 32 31 29 28 28 29 29 30 29 29 29 28 28 30 29 29 30 30 29 29 30 31 34 35 36 41 55 59 53 54 58 53 50 44 39 40 37 37 37 40 49 42 40 63 98 107 111 111 110 111 117 117 115 115 117 123 
221 219 219 219 218 218 218 216 215 215 215 213 212 211 210 209 208 205 204 203 201 200 198 194 188 173 110 54 64 66 52 46 41 34 34 33 33 33 38 40 36 31 30 29 28 28 29 27 27 27 28 28 28 28 29 29 28 29 30 30 30 30 30 30 30 31 32 34 39 44 48 53 51 50 47 49 48 48 38 35 35 36 39 43 46 47 36 51 83 102 108 111 110 110 112 114 116 116 118 120 
221 220 220 219 218 218 218 216 216 215 214 213 212 210 209 208 205 204 204 203 201 200 198 194 188 175 117 58 64 66 61 55 41 35 35 33 30 30 30 29 30 31 29 29 29 27 29 27 27 27 27 27 27 28 29 29 30 30 30 30 31 31 32 33 33 33 37 40 46 52 56 52 53 42 43 46 52 44 43 40 39 37 35 41 47 48 38 44 72 95 104 107 113 113 111 111 114 113 119 119 
221 220 218 218 217 217 217 215 214 214 213 212 211 209 209 208 205 204 204 203 201 199 196 195 190 179 127 57 63 70 74 61 40 34 36 35 30 28 27 30 30 31 30 30 30 30 30 30 29 28 27 27 27 28 29 30 30 31 30 31 32 31 34 33 34 34 39 49 55 60 60 50 42 44 46 53 51 42 43 40 37 35 35 39 47 50 38 33 51 73 98 110 117 116 114 111 117 115 117 118 
220 218 218 218 218 217 217 215 214 214 212 212 211 209 208 206 204 205 204 203 201 199 197 196 194 180 151 83 70 69 69 56 44 36 35 32 31 29 29 30 30 29 28 29 30 30 30 30 29 28 27 28 28 28 28 30 30 31 31 30 32 32 34 32 35 38 43 50 53 54 51 44 40 44 48 53 53 49 45 38 37 34 34 38 48 53 45 34 36 62 86 107 112 116 117 113 119 117 118 116 
220 219 217 217 217 216 214 215 214 213 212 211 210 208 208 205 204 204 204 201 200 200 198 197 194 187 164 97 65 68 62 49 58 44 38 33 34 34 32 31 30 30 30 31 31 30 30 30 28 28 28 28 29 29 29 29 28 30 30 32 33 34 34 34 37 44 51 54 58 60 51 40 40 40 41 43 50 50 44 38 34 33 35 39 45 48 45 37 33 43 82 104 116 116 119 119 120 119 116 118 
220 219 217 217 217 216 214 215 214 212 211 210 209 208 207 204 205 204 203 201 200 200 198 196 192 186 170 118 64 68 64 55 55 45 42 37 36 36 32 30 29 30 30 31 31 30 29 29 29 29 29 30 30 30 30 30 29 30 30 31 34 32 34 37 41 42 51 57 53 50 44 38 36 38 41 48 48 50 51 43 36 36 37 41 47 48 44 36 32 35 65 102 115 118 122 123 122 121 118 118 
220 218 217 217 217 216 214 215 214 212 210 210 209 208 206 204 205 204 202 200 199 200 198 196 190 188 180 147 74 66 66 71 61 46 46 41 44 35 32 31 31 31 31 31 31 30 30 30 30 30 30 30 30 30 30 31 31 32 34 33 34 32 33 41 51 47 55 61 59 47 38 35 34 38 42 50 57 54 54 50 41 40 41 43 50 54 44 36 33 33 51 93 112 124 127 128 125 117 117 121 
219 217 217 217 216 215 213 214 214 212 211 210 210 208 206 204 204 204 201 200 198 196 195 194 191 189 178 168 93 59 73 75 64 59 54 52 53 41 33 31 31 31 33 31 31 32 34 35 31 31 32 33 31 32 33 35 34 35 35 37 33 34 39 47 48 56 54 69 60 49 37 36 39 43 52 51 52 53 61 56 50 47 48 48 54 50 45 37 33 36 49 84 112 123 130 132 128 123 122 122 
218 217 217 217 216 215 213 212 212 210 209 210 209 207 206 204 204 201 199 199 196 196 195 193 190 188 183 175 132 76 65 72 66 71 60 54 57 45 36 35 31 34 35 34 33 34 34 35 33 34 33 36 32 37 35 40 45 41 37 42 38 43 46 46 49 56 55 58 55 48 37 38 53 61 54 49 55 56 55 56 47 43 43 44 51 53 44 35 33 35 49 84 111 120 122 123 122 130 129 127 
218 216 216 215 215 213 211 212 212 211 211 210 208 206 204 203 202 201 198 198 195 195 195 191 189 189 187 181 163 93 61 64 68 74 70 66 59 61 42 41 36 42 40 44 36 34 35 34 35 34 34 40 46 48 45 44 55 47 43 46 60 46 49 50 52 57 65 64 55 47 45 48 53 54 52 56 47 51 62 60 53 46 50 52 44 47 42 35 34 35 44 71 103 119 126 123 125 128 129 126 
217 215 212 209 207 205 205 212 225 230 212 209 208 206 205 204 203 200 199 199 198 197 196 193 190 188 186 185 178 139 63 67 70 75 77 65 56 62 52 51 51 49 47 48 39 34 34 32 33 38 40 43 55 56 46 56 44 46 47 45 54 54 52 57 48 55 63 64 66 60 51 49 55 54 46 50 52 49 54 56 57 54 53 48 48 50 41 34 33 35 47 75 101 112 125 124 125 130 128 134 
202 202 204 208 217 228 238 243 234 234 211 209 208 206 205 204 203 200 200 199 198 196 194 191 189 189 187 187 181 160 76 61 64 66 70 68 68 58 57 66 64 60 55 48 45 44 36 35 44 46 50 58 55 58 52 58 51 56 54 58 55 55 55 55 55 48 55 59 60 56 55 52 53 50 53 54 58 50 59 62 53 53 50 47 43 39 35 33 35 38 48 85 106 119 123 124 127 130 127 132 
220 221 224 224 239 241 247 240 235 226 211 209 208 206 206 204 201 201 199 198 197 195 194 191 190 189 188 186 182 174 135 62 57 60 61 58 67 66 64 68 65 59 62 61 56 63 57 43 57 58 64 59 56 60 56 57 58 59 55 53 59 49 56 57 56 51 48 58 57 50 44 48 48 46 49 53 56 51 54 56 57 55 54 50 39 35 32 33 38 51 79 100 115 122 126 126 130 129 130 131 
220 222 227 235 238 243 246 238 237 219 211 210 208 206 204 203 201 199 197 196 195 194 192 190 190 190 188 185 184 180 168 95 52 48 47 54 60 65 67 59 58 59 66 68 69 71 65 52 52 63 62 65 55 59 61 64 61 71 60 56 59 51 59 59 51 50 50 61 55 48 40 45 49 47 46 49 50 51 58 53 49 43 41 38 36 34 33 36 39 69 118 135 142 139 134 130 129 133 133 133 
220 221 226 236 236 245 243 234 234 213 211 209 208 206 204 202 201 199 197 195 194 193 190 190 189 187 186 185 185 183 177 154 76 46 44 51 55 51 59 51 61 54 65 64 68 70 65 66 61 59 57 62 62 58 65 60 63 63 61 48 52 53 55 54 48 51 48 49 52 56 48 56 54 46 43 46 51 48 52 55 47 39 37 33 33 34 34 36 57 95 130 144 155 155 158 158 144 142 140 137 
217 218 229 238 238 245 241 237 228 212 209 207 207 206 203 201 200 198 197 196 193 193 190 190 189 188 187 186 185 183 180 174 146 71 46 42 45 51 44 46 52 44 52 58 56 66 57 58 56 59 55 57 60 54 59 54 62 55 50 53 53 52 49 48 53 49 43 42 46 43 50 45 52 49 45 43 41 42 46 45 41 34 33 33 33 34 40 64 108 128 134 139 135 138 146 156 158 151 153 159 
217 223 237 237 242 244 237 240 218 209 208 207 207 205 203 201 199 198 197 196 193 193 191 191 189 188 187 186 185 184 184 181 176 151 102 50 40 45 44 39 43 43 47 52 52 61 53 57 56 53 56 61 53 54 58 54 51 51 46 48 42 45 47 45 46 44 38 40 38 46 47 43 49 47 42 44 47 40 36 32 31 30 32 33 37 60 97 111 122 133 134 133 136 139 138 140 142 149 151 156 
217 229 241 234 245 242 237 235 212 209 209 207 205 204 203 201 199 198 196 197 194 191 192 191 190 189 188 187 186 185 185 181 181 177 168 91 46 41 41 34 35 37 43 51 46 45 50 51 54 45 50 54 50 52 49 46 43 42 43 44 43 43 48 40 39 36 33 35 36 39 40 44 45 40 41 43 45 41 35 33 32 32 33 45 84 111 126 131 132 133 135 134 132 131 133 137 138 144 147 149 
220 235 240 237 244 241 234 227 211 210 209 206 205 203 202 200 198 197 197 196 194 190 191 191 189 190 189 187 184 185 184 182 182 182 160 110 88 53 39 36 35 35 36 37 39 39 39 44 41 41 40 40 43 42 38 39 45 41 39 44 38 40 41 43 34 32 32 34 33 36 39 44 44 42 42 42 42 37 36 36 32 32 32 57 109 126 134 135 135 140 136 136 137 137 137 139 140 140 139 135 
224 238 236 241 244 237 237 219 211 208 207 205 204 203 201 200 198 197 196 196 194 192 190 190 188 188 187 186 184 185 183 182 182 186 133 114 119 108 65 41 37 36 34 36 34 35 34 37 37 33 37 38 37 43 39 43 40 37 37 35 36 36 34 36 33 33 31 32 35 36 46 44 40 38 41 42 42 32 32 32 31 31 34 71 115 129 134 134 129 130 134 137 136 139 140 140 140 144 142 140 
226 239 235 243 241 233 234 212 208 206 205 203 203 202 200 198 198 197 194 194 192 191 191 189 188 188 187 186 185 184 183 182 183 187 102 113 119 117 113 91 52 38 35 34 35 33 34 35 34 35 36 34 34 37 34 36 38 32 34 35 35 33 32 34 33 32 31 31 32 36 40 40 39 37 39 35 35 32 32 31 30 32 37 73 112 123 129 128 125 129 128 131 139 141 142 142 143 143 143 144 
231 239 237 243 241 231 228 211 207 205 204 203 203 201 199 198 197 196 194 194 192 191 190 189 188 187 187 187 185 185 185 184 183 168 107 111 117 119 120 124 114 76 45 36 34 35 35 34 33 34 35 35 34 34 33 31 33 34 34 32 33 34 31 33 31 31 32 32 33 33 37 37 38 38 35 32 31 33 31 30 30 31 39 80 119 128 129 131 128 130 133 125 134 140 144 145 146 144 144 144 
238 235 241 243 234 235 218 210 206 205 204 204 203 202 199 197 198 197 194 194 191 191 190 189 188 187 187 187 186 185 185 185 185 139 120 118 119 121 120 126 131 128 111 81 49 39 38 37 34 35 34 34 33 32 32 32 32 31 31 30 31 32 32 31 31 31 32 32 32 32 32 31 33 34 34 33 32 30 30 31 30 33 52 76 106 125 133 133 135 138 138 136 133 132 135 145 148 148 148 146 
240 234 242 242 232 234 211 207 205 205 204 202 201 200 198 199 196 194 194 191 191 190 189 190 187 187 187 187 186 185 184 181 184 115 121 124 125 127 128 129 129 133 136 130 121 97 58 40 35 37 35 35 34 38 31 32 32 32 31 32 32 31 34 30 30 30 31 31 31 30 31 31 31 32 31 30 30 31 31 33 33 36 54 97 117 122 128 130 135 137 135 135 130 135 136 136 139 144 148 147 
239 235 243 240 231 228 208 207 205 203 202 201 200 200 198 198 195 192 193 191 191 190 189 188 188 187 187 187 186 185 183 184 164 117 127 124 122 129 130 131 130 127 132 134 132 135 126 99 64 50 40 37 36 35 34 34 34 33 33 33 31 32 33 33 31 32 31 33 33 32 32 32 32 30 30 30 32 32 32 33 33 33 44 98 124 123 126 128 133 135 135 137 128 127 128 129 133 138 142 142 
238 238 243 236 234 219 206 206 205 203 202 201 199 199 197 196 194 192 191 191 190 190 188 189 188 188 187 186 184 183 183 184 137 122 129 125 122 126 129 129 132 127 127 133 136 134 133 132 124 119 102 93 69 46 39 36 34 34 34 34 35 38 41 40 42 47 44 35 33 33 32 30 30 32 38 38 39 38 34 34 34 37 53 91 120 127 128 127 131 130 134 134 133 131 127 125 129 132 138 143 
235 242 242 232 236 212 206 205 202 203 202 200 199 198 197 196 194 193 191 190 189 190 188 189 188 186 186 185 184 182 183 181 118 125 125 125 122 125 128 129 130 128 128 132 131 137 132 132 131 134 136 135 141 127 104 78 69 67 68 73 81 99 115 118 119 124 108 44 34 31 31 32 42 43 51 53 46 41 34 35 35 35 55 98 119 127 128 126 129 131 133 133 132 129 125 126 127 131 133 135 
236 243 239 235 233 208 205 203 203 203 202 200 198 197 198 196 194 193 191 190 189 190 188 189 187 186 186 185 183 182 182 157 119 123 126 123 124 126 131 132 132 133 132 130 128 127 128 130 139 139 138 132 134 136 138 130 127 129 129 130 129 124 128 132 134 132 127 62 36 34 39 50 46 56 58 51 47 40 36 38 39 36 51 99 120 126 130 127 130 131 131 130 132 133 132 125 129 126 124 129 
239 243 236 238 219 208 205 204 203 201 201 199 197 196 195 194 193 191 190 190 190 189 187 188 186 186 186 184 182 183 180 131 119 120 122 123 126 128 130 132 126 129 131 130 130 128 128 128 135 134 137 137 132 133 136 139 136 134 132 132 135 131 132 132 137 138 134 77 36 42 52 58 59 59 53 44 40 41 39 41 40 44 63 103 125 128 129 129 131 130 133 133 132 135 132 129 131 130 122 125 
240 242 234 239 212 206 204 203 202 201 200 200 197 196 195 193 193 191 191 190 190 189 187 187 187 186 185 183 182 180 175 113 117 117 123 121 126 129 131 125 125 131 131 130 128 126 122 121 125 125 130 136 133 132 131 133 132 135 135 134 133 128 127 126 128 134 130 66 39 44 58 54 65 64 52 42 40 35 41 42 46 45 64 106 124 126 131 132 133 131 128 127 127 133 136 135 130 129 125 124 
241 238 234 233 208 204 202 203 201 199 199 198 197 196 195 193 193 191 189 189 189 189 187 187 187 186 184 183 182 181 153 113 119 120 126 125 126 138 144 126 127 130 131 131 127 130 129 121 121 122 120 127 129 129 132 130 133 134 132 129 132 127 125 124 127 122 116 52 44 58 65 68 66 58 51 45 39 42 44 43 44 50 78 107 125 128 131 132 131 128 129 129 132 132 135 137 134 130 120 122 
242 238 238 223 207 202 202 201 199 199 198 197 196 195 194 192 192 190 191 190 189 188 188 186 185 185 184 182 180 181 131 117 117 113 120 123 119 122 126 124 127 128 128 134 124 126 133 124 119 119 126 126 121 123 125 125 128 132 130 128 131 128 129 129 125 126 105 44 47 62 64 76 84 73 54 46 46 41 45 40 54 50 91 115 126 128 128 129 131 129 133 130 132 138 136 133 133 135 126 118 
240 234 239 214 205 203 202 199 198 199 197 196 195 194 194 192 191 191 189 188 187 188 187 186 185 183 182 182 181 175 114 121 118 116 114 120 123 120 120 122 125 127 123 125 126 126 126 121 120 125 125 123 123 122 127 123 125 134 135 130 131 133 128 130 130 125 89 46 53 61 67 74 91 68 55 48 48 43 47 43 50 63 94 124 130 130 129 129 128 130 131 135 134 130 130 131 131 135 136 132 
239 234 234 207 204 202 201 199 198 198 197 196 194 194 194 192 189 189 189 188 187 187 187 185 184 183 182 180 182 155 116 122 121 120 120 121 121 122 121 122 121 121 124 129 132 127 129 125 118 121 119 124 124 125 124 124 125 127 130 130 133 132 132 135 130 116 58 50 52 62 76 74 78 67 54 56 58 47 43 48 50 78 113 122 130 129 133 134 135 134 135 138 136 135 132 129 130 139 137 133 
235 236 224 204 203 201 200 199 198 197 196 195 194 194 194 192 189 188 188 187 187 186 185 184 183 182 181 180 180 134 122 124 122 119 121 122 123 125 122 123 122 121 126 126 124 125 126 124 125 127 125 125 130 129 128 124 124 126 129 132 131 130 129 133 125 90 46 50 56 63 76 73 71 63 57 53 53 46 44 43 64 92 121 128 130 131 131 131 137 142 139 140 138 139 135 136 135 133 129 133 
233 239 212 204 202 201 200 199 197 196 194 193 193 192 192 190 189 187 187 186 186 186 185 184 183 182 180 179 176 119 121 124 125 121 124 125 125 126 127 123 126 125 122 119 122 120 121 126 125 124 127 128 131 129 128 126 127 124 126 125 126 130 127 128 116 61 51 53 67 68 69 74 73 63 59 56 50 50 42 49 82 113 124 128 129 131 131 131 136 139 144 143 140 140 135 138 139 138 127 127 
229 236 202 201 201 200 198 198 196 196 194 193 193 193 192 189 190 188 187 184 186 185 185 184 183 182 181 180 157 125 125 124 129 124 126 125 126 127 126 126 124 127 124 117 123 126 126 127 123 124 124 120 123 126 124 120 120 129 131 127 124 129 127 124 90 45 51 60 71 68 64 67 67 63 55 51 52 50 47 68 103 123 126 127 128 130 129 132 142 138 138 142 141 138 133 137 135 138 135 130 
233 224 204 203 201 199 197 198 196 195 195 193 193 193 191 187 189 187 186 184 185 184 184 183 182 181 179 180 126 128 129 122 126 129 128 126 127 126 130 129 125 122 121 115 118 122 125 132 129 130 128 125 123 126 126 125 123 130 130 130 124 121 120 116 56 43 51 64 65 64 58 62 60 54 55 52 51 52 64 96 112 117 120 125 127 128 129 135 135 140 137 141 142 136 133 135 137 138 136 131 
234 214 201 201 199 198 195 195 196 196 194 192 191 192 191 188 187 186 185 184 183 183 182 183 181 180 180 171 111 121 132 132 130 127 130 128 125 123 125 122 115 121 118 118 120 120 123 126 131 128 126 125 124 126 125 127 126 127 123 122 120 124 121 88 60 48 55 63 62 63 60 62 53 51 48 52 48 46 87 113 114 121 121 124 124 119 125 130 130 134 134 135 136 139 137 135 134 136 132 133 
234 206 200 199 198 198 196 194 195 194 193 192 191 190 189 187 187 185 185 184 185 184 183 181 179 179 178 151 125 129 125 126 127 123 124 124 126 121 121 115 116 117 117 119 121 117 117 123 129 129 128 123 123 121 123 124 125 124 122 120 120 124 121 103 57 51 55 57 54 64 59 56 54 58 48 47 41 61 96 118 121 119 121 131 130 124 123 122 130 127 128 132 130 135 139 137 135 132 130 128 
225 203 199 198 197 196 194 195 193 194 193 191 191 189 188 187 187 185 184 185 183 182 182 180 178 178 178 126 125 121 118 123 127 118 121 125 129 122 120 119 119 117 122 121 122 122 122 123 129 127 126 127 122 120 122 124 124 126 124 120 126 126 123 81 48 51 59 47 58 63 54 53 56 56 48 42 40 85 109 118 123 127 125 124 126 130 130 130 131 128 128 131 129 130 131 132 133 134 132 130 
214 201 199 198 197 195 193 194 193 193 191 190 190 187 187 187 185 184 183 183 182 181 179 179 177 179 167 109 116 123 125 121 119 118 121 128 133 127 121 119 121 117 117 119 123 121 122 122 126 127 125 129 125 122 119 124 124 124 124 127 129 128 114 64 49 55 50 50 60 62 57 55 52 54 50 37 55 103 114 119 123 124 127 127 126 127 129 130 133 133 130 128 126 131 133 134 134 133 137 134 
206 200 197 197 196 194 193 195 193 191 191 190 190 186 186 186 185 183 183 183 181 180 180 178 177 178 146 118 121 117 118 116 119 120 117 118 121 122 121 118 117 121 118 120 122 123 128 125 125 125 124 126 125 124 121 125 125 125 126 125 127 128 109 60 51 47 37 50 53 59 54 51 49 51 41 44 86 117 119 119 122 124 126 127 122 126 128 127 125 127 133 131 127 130 132 133 135 135 136 135 
201 199 197 196 195 194 192 193 191 189 189 189 188 185 184 183 183 182 182 181 180 179 178 178 178 176 126 120 126 124 124 120 116 119 123 121 118 118 115 117 116 117 115 117 117 118 121 122 120 123 123 124 122 124 127 127 125 124 124 125 126 128 110 54 43 42 40 56 54 53 49 52 51 46 37 59 112 120 120 120 119 124 124 126 123 122 127 127 123 119 125 130 126 128 132 135 134 134 137 136 
199 196 196 194 193 194 192 191 190 191 189 189 187 185 184 183 183 183 182 181 180 179 177 177 175 167 108 116 118 118 117 121 121 119 121 121 121 114 114 118 114 120 114 118 119 119 120 124 121 121 121 122 124 123 128 123 123 124 124 122 123 124 100 61 43 43 46 58 55 57 51 53 49 44 35 79 121 120 119 116 120 114 117 117 113 121 121 121 119 120 123 127 124 126 131 132 131 131 134 134 
198 196 195 194 193 193 192 191 190 190 190 188 186 184 182 182 182 181 181 180 179 177 176 176 173 140 106 110 111 114 114 114 118 118 122 122 123 117 115 116 116 115 117 122 118 119 123 121 121 120 122 119 124 125 124 122 122 121 123 122 125 124 113 61 45 45 49 56 57 58 52 51 51 41 42 100 114 112 116 119 121 119 112 113 111 115 111 119 121 124 123 124 125 128 132 130 131 132 131 133 
196 194 194 193 192 192 192 190 189 188 188 185 184 183 182 182 183 181 180 179 178 178 175 176 174 115 108 110 105 112 113 112 115 117 116 114 113 115 119 119 118 118 117 120 122 124 124 124 122 119 123 120 122 121 121 118 114 117 123 126 126 123 110 52 37 40 51 52 53 50 51 54 48 39 61 105 112 113 115 115 119 118 116 113 115 123 122 119 114 118 119 119 123 125 126 126 127 129 129 134 
196 195 193 193 193 192 190 188 187 186 186 186 184 183 183 181 182 181 180 179 178 177 176 174 165 106 110 108 108 112 110 108 113 115 116 116 116 114 113 117 116 118 119 119 121 125 121 120 118 114 122 121 121 117 124 125 122 123 123 126 123 122 98 45 35 39 43 49 50 51 55 54 47 38 83 111 112 114 115 117 119 121 120 120 116 116 120 119 113 113 120 116 114 123 126 128 129 130 130 131 
194 193 191 191 191 190 189 187 186 185 185 183 182 182 182 181 180 179 178 177 176 175 174 173 143 105 112 113 110 110 114 113 115 116 116 117 116 115 114 114 116 117 118 119 122 123 122 123 126 117 120 119 119 121 120 121 123 124 124 124 121 118 91 42 35 38 46 46 48 51 49 49 46 39 91 110 113 115 120 119 121 121 123 121 122 123 121 120 115 110 113 119 115 122 125 125 125 126 125 127 
193 192 190 189 190 190 188 188 186 184 184 181 182 182 181 180 179 178 177 177 177 175 173 175 119 111 113 113 112 114 117 116 117 118 118 119 116 113 113 112 113 120 117 124 125 127 126 122 124 119 119 115 119 118 121 120 119 123 123 126 123 124 106 46 37 34 44 47 54 55 49 48 46 38 86 112 117 118 120 120 123 120 122 124 121 123 121 123 119 115 116 125 125 122 121 125 127 125 129 128 
191 190 189 189 188 188 188 186 185 184 183 182 182 181 181 179 178 177 177 176 175 174 174 165 106 114 119 117 117 117 117 118 118 119 119 120 118 116 112 109 111 116 121 124 119 122 125 125 123 121 119 117 120 119 119 118 115 116 120 123 123 129 110 45 36 37 47 48 57 49 51 48 44 36 85 112 117 119 120 120 122 121 121 123 122 122 121 122 120 124 127 128 132 133 126 124 124 125 126 128 
191 190 188 188 187 186 186 185 183 184 183 181 180 180 180 178 176 176 176 175 174 173 172 137 109 117 120 120 120 119 118 120 120 120 120 120 118 120 117 115 110 116 130 131 116 120 125 122 124 121 121 121 123 123 118 121 117 115 120 123 121 123 99 41 37 43 49 54 48 51 49 49 43 39 96 111 117 122 122 121 119 123 124 125 123 124 121 127 123 124 128 131 129 129 124 125 122 124 123 127 
189 188 188 187 186 185 184 184 183 182 181 180 180 180 179 177 176 176 175 173 173 173 173 116 110 118 119 120 121 118 118 119 119 120 119 119 120 117 115 119 115 116 121 122 114 116 116 116 122 123 119 121 122 121 117 120 115 116 121 122 120 120 80 35 40 45 54 53 50 49 50 48 42 50 96 110 116 118 120 121 121 121 125 130 126 123 122 129 125 122 125 126 124 126 124 125 119 123 123 126 
189 188 187 186 185 184 184 183 181 180 179 179 179 178 179 177 176 175 174 173 172 173 163 113 117 116 119 119 120 118 119 116 117 118 118 120 118 119 118 117 115 115 122 121 122 121 119 120 118 115 118 117 117 120 113 114 112 112 119 118 120 115 55 36 47 56 48 51 46 47 46 48 39 67 101 109 115 116 118 118 119 116 121 125 130 127 131 127 128 127 127 128 123 125 125 129 125 121 121 125 
189 187 186 186 185 183 182 183 181 179 177 179 178 177 177 176 175 173 173 173 170 171 145 113 117 121 118 118 118 119 124 116 116 118 119 120 118 121 121 116 111 115 114 113 113 115 111 111 114 117 115 113 112 117 112 109 111 109 113 112 118 97 42 49 57 57 51 46 43 45 50 45 45 84 101 110 111 115 117 114 120 121 121 125 127 127 129 129 125 128 131 133 133 128 128 124 123 123 122 124 
185 184 184 185 183 183 182 180 179 179 179 178 177 176 175 175 175 173 172 171 171 172 136 112 123 121 116 116 117 119 125 122 118 120 119 120 119 118 120 116 115 115 117 112 112 112 112 111 117 120 114 110 117 118 111 107 108 107 110 109 109 69 50 55 58 52 45 45 40 44 46 45 57 98 105 109 108 111 115 119 121 121 125 124 124 129 128 127 128 129 130 132 132 130 127 126 123 123 125 122 
184 184 184 185 182 182 181 179 178 177 177 177 177 175 174 173 173 172 170 170 170 166 121 115 116 112 113 115 115 115 119 119 117 118 115 118 119 119 118 114 115 118 117 111 109 110 115 115 115 118 117 116 114 114 114 109 107 107 106 109 88 52 57 53 51 44 43 45 42 47 47 45 77 100 105 109 110 113 116 119 120 123 124 124 122 123 127 128 129 131 129 132 131 130 127 125 126 126 123 124 
182 184 184 183 182 181 179 177 176 176 176 176 174 174 174 172 171 170 169 170 172 153 122 104 110 112 113 109 112 112 113 117 115 119 114 113 119 118 117 113 109 112 113 118 117 114 114 118 115 119 117 114 111 113 115 109 105 108 107 95 58 55 47 43 41 42 42 42 46 45 45 56 95 105 107 111 115 116 118 118 118 119 119 121 122 123 124 129 129 127 126 127 129 130 128 123 122 124 124 122 
183 183 183 182 181 180 178 177 176 176 176 175 174 172 173 171 171 168 168 169 168 140 128 97 102 102 105 106 105 111 114 114 117 119 115 114 113 117 117 115 109 107 113 117 119 122 122 122 119 122 120 116 112 110 113 111 106 105 103 70 53 40 37 37 35 38 42 41 47 49 56 81 103 109 111 111 115 115 118 120 119 119 118 120 121 121 121 127 127 128 129 127 125 126 130 128 126 123 119 124 
