223 170 130 149 211 222 218 237 208 175 131 107 107 74 67 63 85 143 222 231 244 214 189 198 234 239 229 100 81 79 76 76 74 73 69 68 65 63 62 59 58 61 56 53 54 51 51 54 51 50 50 49 46 47 45 44 44 42 43 42 45 45 42 41 42 39 42 62 73 43 44 63 70 87 135 108 105 157 165 165 167 143 150 151 150 120 53 57 59 55 69 45 37 42 39 39 48 61 118 149 
242 178 183 188 193 224 216 225 229 184 115 88 101 105 75 67 61 113 191 208 226 199 136 111 115 132 217 108 87 84 81 82 79 77 72 70 67 63 62 60 56 58 57 56 54 53 53 56 55 54 52 50 47 47 48 47 46 46 47 46 45 45 44 41 41 41 38 39 40 35 36 36 38 41 49 44 44 61 65 72 85 85 85 76 77 62 36 42 49 69 55 41 38 39 43 44 52 76 159 230 
178 156 246 242 190 199 205 195 184 178 141 97 101 102 87 71 61 89 186 168 140 132 86 65 72 151 236 123 89 90 86 85 81 78 74 71 66 64 62 61 59 58 57 56 55 54 53 54 54 52 50 48 47 46 44 44 43 44 46 47 46 48 49 49 46 44 43 43 44 43 41 40 39 41 42 40 40 42 48 62 58 52 48 55 42 38 35 36 56 69 49 40 38 40 43 46 52 78 142 209 
90 100 165 195 175 169 157 191 209 179 110 90 104 102 80 100 116 86 127 104 103 92 108 69 112 215 233 205 142 103 93 88 86 85 81 76 69 67 66 63 63 59 61 60 59 58 54 56 54 51 51 49 48 45 43 42 44 43 41 41 41 40 40 42 41 42 43 37 37 35 35 35 36 36 37 38 44 54 57 52 34 30 28 42 42 40 39 46 65 53 46 42 36 40 44 50 61 97 162 220 
142 154 179 142 117 107 111 136 164 151 147 167 206 160 136 147 189 138 105 88 144 162 199 104 104 204 252 248 229 174 110 99 95 95 92 85 79 76 73 70 68 67 69 69 60 57 55 55 55 64 60 56 53 52 49 48 46 47 46 46 44 43 42 40 42 40 38 38 41 37 35 32 32 31 32 39 54 50 44 34 26 24 22 34 33 31 34 65 58 47 53 54 43 42 48 61 80 134 210 240 
105 136 200 185 148 135 137 212 190 183 209 240 247 213 215 195 150 158 147 123 155 222 226 184 218 197 249 204 144 118 99 93 90 87 84 76 74 73 68 66 63 65 63 63 57 50 46 46 48 64 62 63 61 61 55 54 56 57 57 54 50 52 50 50 52 46 45 45 44 40 41 51 49 60 40 54 50 36 34 26 21 22 36 38 35 33 45 58 54 44 60 60 54 50 76 93 113 183 244 243 
91 93 132 122 141 126 173 210 159 200 242 251 252 243 248 233 190 165 179 144 166 221 214 232 251 251 251 173 111 102 98 93 91 89 84 78 73 72 69 65 62 61 62 62 63 60 58 57 57 57 56 60 57 57 55 56 56 55 56 53 52 55 54 55 54 52 51 50 49 51 52 61 77 94 59 58 44 31 31 20 21 64 111 112 87 58 63 46 46 43 42 50 61 69 157 204 194 228 249 249 
100 79 82 78 103 108 160 158 160 217 250 250 243 243 253 253 237 235 182 155 201 243 249 231 250 252 252 194 113 104 97 93 91 88 84 78 73 70 67 64 62 57 55 60 63 63 63 60 62 60 60 61 58 57 56 55 55 54 53 53 50 50 50 51 49 49 48 48 47 45 43 41 42 43 43 52 43 31 28 17 24 44 51 52 45 52 53 44 40 36 37 44 65 73 120 159 225 249 252 253 
92 84 88 89 109 110 95 92 163 224 239 241 248 249 254 254 251 245 211 157 229 243 244 244 246 253 253 220 120 109 99 95 91 89 86 78 73 71 68 63 61 59 56 59 60 60 59 59 61 60 59 58 56 55 54 52 54 52 49 51 48 45 46 46 45 43 42 41 39 39 37 37 38 36 40 45 36 29 20 20 35 35 35 34 37 55 46 44 39 33 36 46 71 83 120 157 234 249 253 251 
73 74 77 77 91 92 82 111 141 200 227 244 253 253 255 254 253 250 244 204 245 252 254 253 252 254 254 247 188 123 117 109 100 96 91 86 83 76 69 63 60 59 57 58 59 60 60 61 61 62 60 60 57 56 55 53 54 51 47 48 48 46 44 45 44 43 41 40 37 37 35 35 36 34 39 37 25 23 18 29 37 36 33 32 40 52 44 41 37 33 36 52 79 107 147 202 245 249 252 252 
103 95 79 71 69 71 87 109 122 190 225 246 253 253 255 254 254 252 253 250 253 252 253 254 254 254 254 251 232 141 117 118 112 111 107 106 115 105 78 69 63 62 60 60 56 54 54 55 55 60 63 66 64 61 59 62 61 59 56 55 55 56 53 52 49 46 47 44 42 40 37 38 38 36 38 30 22 20 25 32 38 35 35 36 51 55 52 39 35 33 37 61 119 170 218 242 250 251 253 247 
116 138 120 76 68 69 74 83 126 233 252 253 254 255 255 255 254 254 255 255 255 254 254 255 255 255 255 251 183 113 104 99 97 91 88 88 83 79 72 68 64 61 59 58 54 54 53 52 51 54 55 58 59 60 58 60 63 60 61 61 61 64 67 69 68 62 63 64 56 52 50 66 71 60 43 34 30 24 25 33 52 55 58 53 48 50 49 40 38 34 43 83 207 249 250 251 252 253 252 243 
178 178 141 113 82 79 72 71 93 191 246 252 255 255 255 255 255 255 255 255 255 255 255 255 255 255 255 253 183 111 101 98 94 88 83 82 80 74 70 68 65 63 62 59 59 58 57 58 59 58 57 58 58 57 54 56 55 53 54 52 49 51 53 54 54 55 48 44 44 43 41 45 46 48 41 39 37 33 29 33 51 53 59 61 44 45 41 40 41 39 50 113 232 250 251 250 253 253 249 241 
149 162 150 147 158 149 132 77 73 98 164 250 255 255 255 255 255 255 255 255 255 255 255 255 255 255 255 252 203 116 106 103 96 86 83 82 80 70 63 62 62 60 57 56 54 54 56 58 61 59 60 56 58 57 58 59 57 56 54 52 50 50 53 54 52 51 48 41 42 42 39 40 43 47 50 49 45 38 27 37 45 38 49 53 45 46 43 51 48 42 59 174 245 245 235 243 251 248 243 235 
136 153 173 187 202 187 145 105 79 93 154 250 255 255 255 255 255 255 255 255 255 255 255 255 255 255 255 253 240 175 142 125 109 97 91 82 73 64 57 58 58 58 54 57 55 56 58 59 59 59 55 58 58 57 57 58 57 57 55 51 49 49 50 51 50 47 46 42 44 42 41 40 41 43 44 44 38 29 25 42 47 44 56 54 46 43 42 46 33 43 67 203 230 209 195 213 225 232 234 227 
243 206 216 195 197 182 129 214 200 207 247 250 255 255 255 255 255 255 255 255 255 255 255 255 255 255 255 255 252 250 251 248 242 238 234 215 110 71 66 68 65 59 57 57 53 47 51 50 54 58 59 59 59 57 54 54 55 55 54 51 52 51 49 49 48 45 44 43 43 41 41 41 41 38 33 28 27 23 23 36 42 44 51 50 44 41 41 34 30 41 86 222 205 162 156 170 198 218 214 205 
247 237 239 200 187 170 166 243 251 251 252 252 255 255 255 255 255 255 255 255 255 255 255 255 255 255 255 253 250 207 164 153 149 144 139 127 81 64 58 59 54 50 50 51 49 45 45 45 44 49 52 56 54 55 54 54 55 57 56 56 54 53 53 54 53 53 49 47 46 47 44 45 46 37 29 29 21 20 21 41 54 53 49 39 41 46 46 30 34 45 93 181 156 118 122 142 179 191 187 185 
252 244 239 220 208 171 212 250 253 254 254 254 255 255 255 255 255 255 255 255 255 255 255 255 255 255 255 253 240 114 93 88 85 82 77 71 64 60 57 54 53 51 51 53 52 55 58 57 56 57 58 59 58 55 54 55 55 56 56 54 54 55 56 56 54 53 54 53 53 52 50 49 49 39 49 51 27 19 19 43 51 57 51 48 56 113 44 28 35 51 124 125 96 85 110 137 159 158 155 158 
251 251 249 210 172 199 250 251 254 254 254 254 255 255 255 255 255 255 255 255 255 255 255 255 255 255 255 252 245 115 89 82 79 71 68 66 63 60 58 54 52 51 50 51 50 52 51 51 51 53 53 56 55 56 59 55 54 54 52 51 51 48 50 49 50 47 46 43 44 43 41 40 40 53 77 55 38 22 25 39 47 55 53 52 55 61 33 27 33 50 112 78 64 79 108 125 129 125 124 132 
246 250 230 172 228 249 253 254 255 255 255 255 255 255 255 255 255 255 255 255 255 255 255 255 255 255 255 252 250 125 88 78 75 70 69 66 64 60 56 55 53 54 52 56 56 57 55 55 54 50 50 53 55 59 59 56 56 57 57 52 55 54 54 54 52 49 49 45 46 47 47 45 45 64 82 55 36 25 26 47 57 50 53 44 42 39 25 27 37 54 74 54 72 93 125 127 111 96 92 94 
202 207 218 248 251 251 253 254 255 255 255 255 255 255 255 255 255 255 255 255 255 255 255 255 255 255 255 252 250 165 94 82 77 72 70 68 65 60 58 58 58 60 59 60 55 51 48 47 43 47 53 62 66 77 68 66 68 65 66 66 62 63 62 67 64 51 57 56 49 52 54 50 47 55 66 50 37 28 32 50 56 49 58 60 46 30 26 32 42 66 102 89 99 100 119 121 111 97 85 74 
116 215 251 252 254 253 254 255 255 255 255 255 255 255 255 255 255 255 255 255 255 255 255 255 255 255 255 252 250 138 97 89 82 76 73 68 64 61 59 58 57 58 57 56 55 51 48 49 47 46 51 51 54 57 53 53 54 54 51 52 51 53 55 64 62 47 66 77 53 69 88 78 48 45 49 37 31 28 48 65 54 54 58 73 47 27 27 34 55 106 132 155 143 115 98 107 106 95 81 70 
213 237 252 253 254 254 255 255 255 255 255 255 255 255 255 255 255 255 255 255 255 255 255 255 255 255 255 252 251 143 94 85 79 77 72 69 64 61 61 59 59 55 54 55 55 54 54 52 53 50 50 50 49 50 48 48 49 51 51 53 57 54 52 52 52 50 49 49 47 47 48 48 37 49 43 34 31 37 62 60 56 54 57 57 46 29 28 38 69 180 203 195 152 119 99 92 79 66 56 50 
252 244 251 254 254 254 255 255 255 255 255 255 255 255 255 255 255 255 255 255 255 255 255 255 255 255 255 252 252 170 97 93 84 77 75 71 65 63 59 58 59 57 55 56 55 55 55 56 56 55 54 54 52 52 55 57 58 61 61 58 60 59 57 55 55 54 54 53 52 52 52 51 56 68 53 40 36 45 63 56 84 109 82 66 55 31 29 39 69 196 203 168 126 97 81 77 70 58 50 47 
253 252 247 253 255 255 255 255 255 255 255 255 255 255 255 255 255 255 255 255 255 255 255 255 255 255 255 254 253 245 170 92 85 80 80 99 102 87 74 68 67 64 67 66 63 62 64 67 65 62 60 62 62 59 57 58 58 62 65 62 63 61 59 58 55 56 55 49 53 55 54 55 76 74 62 53 49 54 66 61 96 161 190 126 78 33 30 34 59 191 198 138 105 77 65 60 59 53 50 50 
253 253 252 252 255 255 255 255 255 255 255 255 255 255 255 255 255 255 255 255 255 255 255 255 255 255 255 254 253 239 127 89 81 74 69 74 73 69 61 58 58 60 60 61 54 46 45 46 48 51 54 62 64 65 63 62 61 62 63 62 61 60 60 59 53 53 51 53 59 63 61 55 75 70 56 55 53 58 69 62 74 89 139 195 108 34 32 35 81 237 208 136 101 74 65 62 58 56 55 59 
255 255 255 255 254 254 255 255 255 255 255 255 255 255 255 255 255 255 255 255 255 255 255 255 255 255 255 254 253 234 97 84 78 75 68 65 64 64 60 58 59 58 57 57 55 54 54 52 51 50 52 51 51 51 51 50 50 49 50 49 50 51 51 49 50 52 54 53 55 56 56 52 63 55 51 51 51 61 68 65 70 77 92 114 92 36 37 42 94 234 165 114 95 72 70 68 63 61 62 68 
255 255 255 255 254 254 255 255 255 255 255 255 255 255 255 255 255 255 255 255 255 255 255 255 255 255 255 255 254 239 99 78 72 67 62 59 57 54 58 55 54 54 54 55 54 55 54 54 55 54 53 51 50 48 49 48 47 49 47 49 46 50 46 44 45 46 46 44 44 45 51 76 72 53 45 43 47 65 62 72 68 78 90 112 82 38 38 44 86 192 123 110 108 89 87 83 84 88 90 86 
255 255 255 255 255 255 255 255 255 255 255 255 255 255 255 255 255 255 255 255 255 255 255 255 255 255 255 254 254 248 187 108 87 65 58 56 55 54 53 51 52 53 50 51 50 50 49 49 51 49 48 46 46 44 45 44 46 54 57 59 55 47 47 43 42 41 41 41 44 46 70 80 59 45 40 38 47 66 62 91 70 87 106 170 83 37 36 42 69 186 158 143 135 115 103 95 104 118 127 116 
255 255 255 255 255 255 255 255 255 255 255 255 255 255 255 255 255 255 255 255 255 255 255 255 255 255 255 254 254 249 193 106 82 69 61 58 56 55 52 51 50 50 48 48 47 43 43 43 42 43 45 45 45 47 47 46 46 48 47 49 48 45 44 44 45 41 44 42 41 67 92 71 45 32 33 33 51 71 81 181 77 97 129 238 117 37 34 38 64 207 192 166 149 134 117 103 105 120 130 123 
255 255 255 255 255 255 255 255 255 255 255 255 255 255 255 255 255 255 255 255 255 255 255 255 255 255 255 254 254 244 108 83 77 72 75 72 68 65 64 63 62 59 58 57 57 55 53 53 51 50 50 49 48 48 49 49 49 48 47 48 54 59 57 59 60 47 47 50 56 91 90 71 39 32 32 34 57 69 121 205 85 105 165 250 145 36 35 35 58 166 193 167 164 159 135 117 107 120 133 142 
255 255 255 255 255 255 255 255 255 255 255 255 255 255 255 255 255 255 255 255 255 255 255 255 255 255 255 254 253 247 114 79 75 70 79 75 73 67 63 64 64 61 58 57 56 56 57 58 59 60 57 58 55 53 51 49 51 48 50 53 61 60 57 51 49 50 46 52 65 73 69 62 46 32 31 40 66 78 154 192 106 117 213 250 151 36 31 31 45 117 197 182 183 178 149 132 120 117 131 150 
255 255 255 255 255 255 255 255 255 255 255 255 255 255 255 255 255 255 255 255 255 255 255 255 255 255 255 254 252 248 185 92 72 65 69 77 98 70 65 68 68 66 64 60 60 62 61 61 59 59 57 56 58 56 54 56 57 52 56 50 52 51 53 53 54 54 53 58 73 67 60 59 46 30 32 54 67 75 174 154 107 156 249 251 154 44 31 31 39 79 182 198 185 183 154 135 129 126 134 149 
255 255 255 255 255 255 255 255 255 255 255 255 255 255 255 255 255 255 255 255 255 255 255 255 255 255 255 254 253 251 227 112 73 68 67 74 88 67 62 65 64 64 63 60 54 50 50 50 49 54 61 72 76 79 78 86 85 86 91 85 75 71 67 63 62 53 54 64 84 53 60 53 45 29 40 61 74 79 165 102 122 182 253 252 175 49 29 30 37 60 153 204 180 160 144 132 118 125 128 137 
255 255 255 255 255 255 255 255 255 255 255 255 255 255 255 255 255 255 255 255 255 255 255 255 255 255 255 255 254 252 189 83 74 69 68 66 65 63 63 61 58 60 57 56 53 49 51 56 56 66 79 94 96 100 97 96 100 100 126 138 135 130 116 100 103 82 76 84 79 48 54 50 40 35 48 67 76 80 107 85 137 217 254 253 182 59 30 28 38 50 109 186 169 149 144 141 120 111 109 114 
255 255 255 255 255 255 255 255 255 255 255 255 255 255 255 255 255 255 255 255 255 255 255 255 255 255 255 255 254 252 197 79 71 70 70 69 68 65 66 62 58 58 56 58 60 66 68 83 87 93 109 116 117 114 104 104 93 80 87 94 109 120 135 139 126 109 105 97 89 63 54 47 40 41 54 69 71 89 99 94 141 245 254 251 178 62 33 29 36 45 80 163 168 150 142 147 132 110 97 100 
255 255 255 255 255 255 255 255 255 255 255 255 255 255 255 255 255 255 255 255 255 255 255 255 255 255 255 254 254 251 238 116 71 66 66 64 63 62 63 59 58 56 54 56 63 83 90 93 82 85 95 98 95 97 108 110 102 93 90 83 91 94 118 157 168 169 155 137 123 96 60 52 40 47 64 71 73 87 94 108 186 251 254 253 205 70 35 32 36 39 54 122 168 165 149 124 107 96 82 89 
255 255 255 255 255 255 255 255 255 255 255 255 255 255 255 255 255 255 255 255 255 255 255 255 255 255 255 254 254 252 249 126 84 77 74 73 72 70 66 63 65 65 61 62 72 97 76 66 69 71 74 87 90 93 103 112 115 108 101 101 101 102 114 132 155 169 176 174 152 123 82 78 51 61 64 64 69 88 90 111 204 251 254 253 225 97 38 31 33 38 44 86 156 164 147 127 101 79 64 63 
255 255 255 255 255 255 255 255 255 255 255 255 255 255 255 255 255 255 255 255 255 255 255 255 255 255 255 254 255 252 248 117 76 74 70 71 70 68 66 64 63 63 65 78 99 73 64 66 68 76 78 89 87 98 100 113 123 122 118 123 110 119 113 120 132 149 159 164 159 148 140 115 90 88 84 76 76 141 111 140 240 252 254 253 233 124 47 33 34 35 40 66 129 166 148 121 99 84 68 67 
255 255 254 254 255 255 255 255 255 255 255 255 255 255 254 254 254 254 255 255 255 255 255 255 255 255 255 253 254 250 216 107 77 76 73 73 72 69 67 65 66 68 83 107 90 77 81 69 89 119 124 132 120 123 123 136 143 142 138 140 125 124 119 118 127 133 143 149 149 157 158 138 124 125 126 106 89 115 109 182 253 254 253 253 239 168 58 38 34 32 37 52 97 157 154 122 102 91 84 78 
255 255 253 254 255 254 254 254 255 255 255 255 255 255 254 254 254 254 255 255 255 255 255 255 255 255 255 254 254 247 173 123 104 97 92 90 88 89 86 81 79 93 119 114 108 105 110 137 158 172 178 180 181 177 177 180 170 170 169 165 149 143 134 131 135 132 136 138 142 138 135 135 144 150 146 147 148 148 146 203 251 254 253 252 244 188 84 44 34 34 34 46 68 121 141 120 107 101 94 91 
255 255 252 252 253 253 253 253 254 254 254 254 254 254 254 253 254 254 254 255 255 255 255 255 255 255 255 254 255 249 179 106 83 80 80 82 82 79 81 87 99 135 155 140 167 166 171 180 186 192 194 196 199 200 199 196 193 193 189 185 179 173 165 157 143 134 130 133 132 122 118 118 128 132 143 172 188 189 188 192 209 239 252 251 251 209 105 45 34 37 40 48 61 80 95 95 89 83 85 92 
255 254 237 184 185 199 223 235 247 251 252 252 253 253 253 253 253 253 253 253 254 255 255 255 254 255 255 254 255 238 199 87 67 69 72 79 77 98 105 142 167 193 189 191 189 180 175 181 193 196 195 196 197 196 192 186 185 182 183 185 184 183 177 166 155 145 136 128 127 131 128 119 115 121 159 185 190 187 180 162 142 131 207 250 253 227 123 56 40 40 64 86 90 89 82 69 79 81 83 83 
254 254 245 136 120 108 110 118 134 157 185 199 210 224 229 222 226 234 243 249 253 254 254 254 255 254 254 254 254 252 241 106 61 71 88 111 125 156 170 185 182 187 173 178 180 185 191 195 201 199 193 186 185 180 174 175 171 168 168 170 170 175 177 175 166 153 142 134 127 126 132 137 136 139 169 184 184 176 171 156 143 131 146 248 252 249 176 78 48 44 70 85 96 99 98 89 71 66 65 61 
254 254 251 221 109 117 110 113 117 111 105 112 127 132 146 160 156 150 145 156 188 225 244 248 250 252 252 253 253 253 252 202 89 104 138 154 163 158 141 147 156 181 188 197 200 199 202 201 198 197 189 180 174 166 166 166 159 156 156 155 155 161 168 175 173 170 162 146 131 127 126 130 131 126 159 171 160 151 138 129 109 97 103 232 253 252 240 144 67 44 52 47 46 56 69 86 78 54 45 46 
255 255 253 252 187 106 114 119 118 103 99 96 104 106 119 126 123 118 112 108 114 125 141 165 174 220 251 252 253 253 253 176 149 159 136 118 115 107 121 161 190 199 202 200 199 196 194 195 193 191 185 180 174 168 164 159 154 148 147 144 143 147 159 160 163 163 164 161 154 146 134 127 119 105 138 150 136 126 100 79 68 55 60 222 253 253 251 222 100 48 45 39 45 53 62 76 87 61 44 45 
255 255 254 253 249 164 106 121 116 111 100 97 108 106 106 103 101 112 111 91 96 98 100 127 126 121 166 227 251 252 250 214 179 124 88 94 100 119 171 200 202 196 192 194 193 191 193 192 191 187 185 181 180 178 165 163 158 152 143 143 143 143 150 152 148 142 130 122 96 95 118 143 144 122 124 129 121 106 96 72 54 37 84 243 252 253 251 245 112 51 41 31 28 34 43 59 75 69 57 53 
255 255 254 254 252 249 148 98 110 115 107 111 119 112 109 118 106 93 105 88 90 96 95 116 98 95 100 127 161 200 216 196 166 126 128 149 156 176 204 201 198 196 192 196 196 198 198 194 192 191 191 184 185 178 170 173 169 163 156 153 148 144 142 136 118 93 75 68 37 34 80 104 121 144 147 133 119 93 85 72 64 52 159 248 252 253 253 249 105 42 35 32 28 28 32 42 61 64 55 50 
255 255 255 255 255 254 237 112 92 105 108 114 123 110 94 110 109 84 84 86 87 104 95 96 81 90 96 105 86 84 122 165 179 180 186 193 196 200 198 195 194 195 195 199 196 197 194 189 183 184 181 179 179 172 163 165 166 166 167 162 156 147 130 122 108 103 70 53 37 41 68 68 57 97 141 160 162 144 113 87 77 102 239 249 251 253 251 251 174 64 39 31 26 30 34 43 56 53 48 48 
255 255 255 255 255 254 249 200 92 92 100 110 115 106 87 84 91 80 73 88 94 89 76 76 70 82 87 97 80 56 94 106 116 147 172 185 189 192 193 189 188 189 191 190 190 189 190 182 171 165 163 161 164 165 157 159 163 165 164 165 157 146 129 118 111 97 84 61 42 35 52 41 33 51 102 139 156 162 169 165 153 194 239 225 226 239 249 251 240 167 75 39 35 35 37 42 50 47 46 48 
255 255 255 255 254 254 253 252 149 82 85 99 105 98 79 68 78 77 66 86 87 70 70 71 75 74 94 102 104 91 100 98 97 104 132 159 170 173 185 182 182 182 183 179 178 179 178 180 178 169 158 151 151 152 148 153 160 160 163 162 159 146 129 107 75 74 66 44 36 47 52 49 36 50 75 94 128 141 148 154 166 176 188 178 153 148 160 210 238 197 119 52 40 38 38 40 40 42 45 46 
255 255 255 255 254 254 254 252 216 68 77 77 90 89 75 67 76 78 84 81 73 68 74 73 70 84 97 108 116 78 59 67 78 87 108 137 149 157 167 175 174 174 170 168 167 167 168 164 163 165 165 164 158 151 149 151 160 158 162 154 145 130 110 74 55 55 45 33 29 41 48 42 40 61 69 62 103 127 129 132 146 163 175 184 186 184 180 186 198 195 188 150 94 80 84 66 54 61 64 61 
255 255 254 254 249 248 252 251 247 127 57 72 66 68 63 65 77 84 76 74 66 62 67 70 72 76 83 88 89 63 31 25 48 78 96 114 124 136 150 164 172 167 162 158 153 154 153 152 155 161 165 172 170 162 158 157 158 159 158 148 138 116 91 64 44 44 41 30 29 45 44 41 34 44 45 36 76 116 123 128 141 155 168 174 172 173 180 188 182 172 170 170 156 101 109 102 96 96 99 92 
255 255 253 252 248 200 190 223 250 232 81 52 57 55 52 54 56 68 64 59 56 60 55 70 65 67 62 71 68 53 39 33 24 66 75 81 105 120 149 159 168 166 157 152 147 138 137 145 148 147 152 159 165 168 164 162 160 152 148 141 140 123 94 66 47 40 30 22 22 40 44 37 40 43 44 43 72 100 111 119 123 140 155 159 159 167 175 183 170 162 155 137 101 45 57 79 80 88 92 92 
254 254 251 245 226 155 136 162 245 249 151 49 37 44 43 44 48 46 45 47 42 48 48 63 73 73 66 65 60 43 31 38 25 43 57 59 78 93 120 130 141 148 152 148 134 135 138 135 130 129 135 140 146 155 159 159 155 143 139 131 130 119 98 62 42 36 29 18 21 37 43 39 35 37 44 39 61 78 84 81 70 94 128 141 153 158 170 171 165 154 148 135 116 53 35 52 66 79 88 86 
254 254 240 178 176 154 131 212 251 249 160 49 31 31 36 33 40 36 41 38 35 47 52 53 67 70 85 78 74 53 30 36 25 32 63 52 57 67 80 78 89 107 125 139 137 131 126 116 112 117 120 119 126 131 139 144 147 134 124 115 107 96 86 61 38 29 26 19 19 34 43 43 38 42 41 38 36 48 55 55 43 56 72 125 140 150 173 164 151 140 133 116 105 64 41 54 60 70 80 81 
253 253 221 165 237 196 137 205 239 243 223 67 31 30 25 28 33 31 36 36 33 45 51 57 47 45 45 41 54 58 39 32 22 35 80 71 52 58 84 95 69 87 101 115 133 125 112 107 109 104 104 106 111 118 124 129 128 121 115 109 99 87 69 52 42 33 27 27 29 37 44 49 50 43 36 47 44 53 52 41 30 40 43 98 124 137 163 154 140 132 121 97 69 35 24 35 45 59 70 79 
253 253 221 151 197 144 201 197 245 244 216 94 33 27 29 30 31 28 21 19 20 31 34 41 40 29 32 31 37 41 49 29 24 34 56 52 35 52 81 85 78 81 86 97 125 128 114 107 100 99 106 107 110 112 110 115 115 108 102 97 83 76 69 60 46 39 37 41 51 58 62 63 62 61 57 64 65 65 62 53 37 42 39 71 105 112 152 140 121 109 103 84 47 20 19 26 38 50 65 76 
254 253 248 224 145 113 204 235 170 150 150 83 35 30 27 30 36 30 21 22 26 35 34 29 48 60 68 68 61 43 49 61 56 56 52 32 39 65 67 69 47 51 73 72 69 81 131 120 107 111 109 107 101 99 102 107 103 96 95 91 85 82 77 73 63 51 46 46 55 64 67 68 67 64 62 64 78 106 100 93 84 76 62 61 97 113 144 129 108 99 80 65 50 22 20 25 34 41 54 66 
251 251 250 205 113 111 207 242 177 108 127 62 34 28 26 23 22 19 16 17 28 56 63 39 27 35 43 37 43 39 37 51 70 78 86 74 77 80 93 110 81 29 52 53 47 50 105 138 115 108 105 100 101 100 97 98 92 89 94 93 91 87 80 73 68 62 55 51 57 68 70 69 67 66 67 70 92 176 114 71 76 77 78 83 87 116 144 113 104 96 82 60 37 17 19 25 32 42 50 56 
251 202 199 172 121 117 136 174 184 107 123 59 36 31 24 25 21 21 22 35 36 43 51 50 51 38 30 27 30 33 37 46 53 62 64 76 80 93 102 101 79 34 40 47 37 43 84 111 128 106 94 95 98 92 87 88 86 86 88 88 87 88 85 81 78 68 58 51 57 68 71 69 68 69 71 80 113 172 101 60 64 70 66 61 69 104 134 112 97 91 79 66 35 16 24 30 38 45 52 44 
240 149 112 122 115 131 165 168 193 126 106 51 36 30 21 22 24 30 34 47 77 101 96 69 51 39 36 35 39 46 49 48 49 48 61 78 83 104 100 88 56 34 34 40 42 43 56 79 102 92 87 87 85 85 78 76 78 82 85 80 77 80 80 78 77 72 64 59 60 71 76 74 74 75 80 94 118 139 88 72 67 68 59 45 26 39 98 100 96 90 71 59 31 23 28 33 37 49 46 30 
153 115 115 114 98 132 147 156 175 162 92 48 38 28 22 21 20 27 32 46 75 100 113 107 97 89 94 93 91 82 64 53 48 47 52 64 71 90 84 81 58 36 33 34 32 34 41 59 80 89 79 79 81 80 77 77 76 81 79 73 76 78 81 81 77 71 68 63 64 74 83 80 81 84 92 108 120 121 93 76 70 55 40 27 20 16 33 56 64 69 71 52 40 32 33 36 40 41 32 28 
118 104 101 90 93 96 103 84 86 101 78 40 30 27 21 22 24 22 21 22 31 56 99 113 117 116 108 104 94 67 45 36 35 36 40 52 66 82 82 77 58 31 31 32 30 36 32 56 78 81 76 75 75 76 74 74 74 78 77 74 75 78 80 80 77 72 69 65 68 79 90 93 88 91 106 119 117 124 115 96 71 47 42 38 26 24 20 21 28 40 43 34 32 32 31 31 31 30 29 26 
109 88 87 98 86 103 79 83 90 95 73 41 30 28 23 19 23 23 19 19 31 49 75 99 105 103 105 99 79 51 37 36 41 45 51 54 64 72 69 58 43 21 29 33 33 37 38 61 83 78 72 72 71 71 70 72 74 77 77 75 77 77 78 76 72 68 60 62 73 85 94 96 97 108 102 99 81 74 90 94 96 90 95 101 98 97 77 46 37 53 50 38 33 34 33 31 31 30 30 30 
106 78 84 83 83 117 75 75 78 91 78 36 24 25 28 32 26 25 18 17 20 31 38 60 81 87 94 93 85 60 39 38 35 30 33 45 60 77 78 63 39 39 38 40 45 41 54 77 75 72 70 71 69 69 71 73 72 72 77 77 75 74 77 74 70 64 59 62 74 79 69 69 63 57 39 37 38 49 69 80 85 97 108 111 116 115 97 75 138 158 87 47 38 37 42 44 39 35 33 30 
102 91 82 88 109 187 99 90 81 88 70 34 27 30 36 24 25 23 21 22 22 24 18 29 46 53 65 73 66 54 43 26 18 24 37 53 64 85 88 76 63 58 45 43 53 54 72 78 70 69 69 70 69 69 68 69 70 73 74 75 75 75 74 73 70 62 54 47 46 39 35 32 33 32 33 34 34 41 61 80 91 103 107 114 115 106 94 81 139 197 138 70 45 33 35 45 48 46 40 35 
83 76 90 91 102 195 160 125 116 91 84 37 27 27 27 26 30 25 22 25 22 24 37 47 44 45 58 65 65 55 36 18 17 29 57 61 63 78 87 79 70 60 56 60 71 70 71 71 68 68 69 71 72 70 72 72 71 75 75 73 72 74 70 67 62 54 41 29 27 29 31 30 29 26 32 30 30 37 62 80 84 88 103 115 112 103 95 97 84 188 190 95 35 35 37 40 48 50 44 35 
78 67 79 106 86 102 137 92 94 89 90 43 27 25 28 33 40 30 24 22 22 22 28 37 52 61 61 67 62 52 28 25 18 31 58 69 72 71 76 76 76 69 66 75 77 68 66 68 68 71 69 71 72 71 73 73 72 68 73 73 73 71 74 73 65 42 28 22 22 29 30 32 30 27 26 23 27 43 73 79 81 91 107 106 104 109 108 96 63 109 209 52 25 30 42 45 49 53 45 37 
84 64 71 94 87 92 87 73 87 92 99 55 30 27 33 39 47 34 21 23 26 25 31 40 42 51 43 53 59 45 21 23 19 31 60 69 70 70 72 78 78 77 78 80 70 72 73 73 72 72 71 70 72 70 72 71 75 73 71 71 74 76 72 62 50 39 34 24 29 28 28 31 25 21 22 24 32 60 77 87 89 97 109 104 102 101 96 85 63 133 226 49 27 29 42 48 47 50 40 34 
95 74 70 71 89 88 85 79 85 98 118 69 39 30 39 46 42 32 27 24 24 27 35 33 35 41 32 48 47 44 26 23 15 36 59 69 69 67 74 82 90 89 86 80 78 77 75 76 77 74 74 76 75 74 74 73 72 75 75 74 74 75 73 61 44 28 29 27 24 32 27 37 31 34 35 38 61 77 84 88 90 102 116 105 92 92 83 70 55 152 201 32 25 28 37 43 46 50 40 36 
95 82 87 97 91 90 87 102 120 142 159 80 41 28 67 59 29 29 31 29 25 35 27 30 27 40 33 45 49 39 26 18 18 44 64 68 70 69 76 82 81 86 83 87 84 84 84 79 78 74 74 75 76 75 78 78 77 76 74 79 81 77 72 65 56 40 32 38 24 34 49 66 72 76 73 73 86 92 95 99 95 103 116 109 103 90 84 76 73 193 179 37 29 31 36 42 45 53 43 38 
104 81 90 89 99 87 94 102 134 110 117 81 42 68 60 27 21 26 39 35 28 35 27 27 27 30 39 46 48 32 16 21 44 57 68 71 73 73 72 74 75 88 93 96 97 88 86 88 79 75 74 72 74 74 76 78 79 81 79 84 86 84 77 75 70 61 48 52 45 49 80 91 94 105 106 107 110 111 110 122 118 118 116 118 110 100 91 110 177 243 196 51 36 39 42 47 54 53 44 41 
99 82 70 63 76 74 64 70 84 75 101 64 65 71 32 25 21 31 40 31 29 32 25 28 32 32 32 44 45 33 38 45 50 63 71 76 78 69 69 73 86 100 108 108 103 97 82 86 81 76 75 73 73 76 76 79 82 87 89 95 95 93 90 87 87 85 80 83 87 96 92 97 106 120 130 132 136 136 141 142 148 153 149 131 124 117 104 193 250 245 233 79 44 47 51 57 65 56 51 46 
86 99 85 59 61 70 69 70 67 82 91 66 81 39 47 38 27 27 30 22 29 26 24 24 30 31 34 38 34 25 40 46 51 69 82 82 79 75 74 84 102 117 116 116 107 101 90 83 85 79 77 74 75 78 79 82 92 95 100 101 104 103 105 102 105 107 109 112 116 121 121 119 111 104 107 97 98 100 104 103 108 120 136 166 207 217 232 251 253 252 249 192 114 95 85 97 106 83 65 61 
112 123 93 64 59 100 70 72 81 107 80 94 54 53 61 42 29 23 26 24 35 35 24 24 24 29 30 39 26 17 36 49 63 77 80 80 84 86 85 103 117 123 121 108 104 98 97 85 80 80 82 80 81 83 86 95 104 109 111 105 103 116 116 122 127 129 130 125 117 107 79 87 85 82 95 113 90 93 90 94 93 106 118 153 237 252 251 253 254 253 252 251 248 241 224 228 230 200 159 117 
135 113 186 105 67 90 97 72 85 105 98 60 69 65 68 40 28 26 25 30 31 41 24 24 25 28 36 42 24 17 36 51 70 80 86 95 99 91 106 126 126 114 114 106 105 98 94 96 88 87 86 89 89 93 102 111 118 124 126 115 123 128 130 130 130 114 110 94 81 74 65 77 81 84 94 135 95 109 91 92 93 101 125 173 251 252 251 253 254 253 252 253 252 247 240 241 243 240 219 190 
90 133 202 107 75 86 92 101 120 101 68 64 68 68 64 44 27 24 23 29 35 34 27 24 25 25 36 42 34 28 38 62 84 97 106 110 107 110 132 136 123 118 112 110 110 107 107 107 107 102 102 102 108 115 126 123 129 120 115 132 131 112 93 92 89 77 68 60 57 52 51 73 76 81 85 106 83 102 89 92 95 104 131 205 253 253 253 254 254 254 253 253 251 245 239 241 242 241 222 210 
78 143 131 81 63 104 172 118 116 73 63 63 54 64 57 43 36 28 22 27 30 28 27 29 25 27 26 31 40 52 72 94 108 117 131 132 136 143 149 151 142 134 129 125 125 127 125 122 122 120 119 121 125 126 122 120 122 114 102 111 104 96 87 85 73 70 63 59 58 59 63 76 79 82 87 97 92 93 89 95 102 102 129 194 252 251 252 252 255 254 253 254 253 245 244 244 242 234 219 222 
163 167 99 72 70 84 110 124 77 61 64 54 45 53 53 47 41 36 33 35 36 33 29 27 25 23 27 28 33 55 97 128 138 138 140 130 134 129 123 122 133 131 143 143 147 146 142 136 136 132 126 122 100 105 99 93 84 85 78 76 76 69 65 61 61 62 61 60 61 62 62 76 79 75 83 81 84 81 80 82 102 96 116 175 245 248 252 252 255 254 253 252 252 247 247 244 238 223 224 237 
111 119 117 141 84 90 127 80 64 61 57 55 43 43 47 47 46 43 45 49 45 44 40 36 32 28 28 29 53 107 127 130 114 98 88 73 77 77 75 82 85 87 103 105 100 106 116 113 104 102 97 89 87 83 79 75 70 65 60 59 59 64 60 61 60 59 61 61 63 60 63 77 88 87 83 75 80 82 80 87 111 113 113 166 236 241 247 252 255 254 251 247 252 250 249 242 232 223 231 243 
76 71 102 119 173 171 80 64 60 64 59 59 50 45 51 52 51 50 54 56 50 51 53 60 63 64 56 79 112 109 88 77 63 61 78 67 63 69 72 73 73 84 85 87 73 69 66 78 79 87 82 74 78 74 76 77 74 67 63 66 66 71 69 66 67 67 66 69 65 65 73 78 83 78 75 76 86 79 86 97 111 97 115 154 224 241 245 253 255 254 252 253 253 252 253 248 241 236 244 247 
72 78 81 73 134 127 64 66 68 70 73 71 66 55 57 62 80 66 64 61 61 67 95 112 121 127 123 107 84 62 50 58 52 56 63 66 71 77 78 77 79 84 84 84 83 81 65 66 69 70 73 74 80 80 75 75 75 72 71 69 71 78 74 68 68 67 66 66 62 58 65 78 81 73 78 78 83 81 90 109 101 94 106 144 213 238 249 253 254 254 254 254 254 253 253 253 250 248 249 249 
70 71 75 109 148 79 63 62 73 88 93 89 82 75 71 82 103 103 92 92 100 104 92 79 59 78 91 81 67 60 61 69 63 65 80 83 67 74 74 72 77 80 86 84 88 81 74 73 76 82 74 73 77 75 71 72 71 72 70 68 70 78 77 71 75 73 70 69 64 64 69 82 73 72 129 91 79 98 98 109 88 97 110 142 209 241 250 253 254 255 254 254 254 253 253 252 250 249 248 249 
61 66 70 105 168 110 68 68 87 91 95 105 106 105 100 100 94 94 95 95 85 69 47 53 41 62 80 75 63 59 56 67 60 48 68 75 74 75 74 75 74 73 72 75 75 72 67 71 68 66 59 50 50 53 53 54 59 60 61 60 60 61 57 57 61 60 57 56 57 54 63 92 80 71 109 76 76 82 85 99 88 95 108 130 196 240 251 253 254 255 254 254 254 253 253 246 249 248 248 246 
78 72 89 102 122 122 123 103 96 98 125 131 92 88 83 72 65 62 71 85 72 68 82 100 69 64 77 68 73 69 55 66 66 50 78 74 72 77 80 79 78 77 76 75 70 70 65 64 68 73 75 72 66 63 64 66 69 69 66 66 63 63 63 62 60 60 58 59 56 57 66 81 76 68 75 73 86 78 89 113 92 93 115 124 192 240 252 253 254 254 255 254 254 252 252 244 248 246 247 242 
114 79 98 107 89 70 66 74 58 88 89 89 90 78 72 68 65 61 77 67 65 56 57 52 60 71 72 63 57 62 60 70 79 54 53 69 69 70 72 70 68 67 66 66 62 57 60 63 64 66 67 70 68 64 64 64 64 64 61 60 57 57 55 54 53 54 54 52 53 53 69 82 75 69 70 80 99 101 114 86 92 95 118 124 181 240 251 252 253 253 255 255 254 254 252 248 245 244 246 238 
95 74 87 101 104 81 70 58 58 72 116 90 78 74 70 74 74 77 80 65 61 53 36 33 26 52 77 62 51 56 66 82 67 42 56 75 70 72 71 67 66 64 66 67 61 62 60 61 64 64 62 61 65 62 64 64 61 62 63 62 58 59 59 60 61 59 56 52 56 52 72 83 74 65 70 80 92 93 86 79 89 90 116 127 200 240 250 252 253 253 255 254 255 254 250 250 243 244 243 233 
80 73 102 115 89 80 82 75 78 76 126 123 82 76 74 72 73 75 72 67 64 53 72 54 39 70 74 63 59 56 70 72 60 40 52 75 71 78 74 67 65 64 66 66 60 60 59 61 65 64 63 63 64 64 64 65 62 63 63 61 58 58 58 58 58 58 55 52 52 51 72 79 73 70 69 84 83 109 82 77 84 90 105 125 182 237 246 252 253 253 255 253 253 254 252 252 248 244 232 222 
72 79 90 84 81 74 83 70 68 69 95 99 91 76 75 70 65 80 70 69 72 54 54 63 69 79 75 69 68 59 67 60 58 49 56 73 70 71 69 66 64 64 62 64 65 67 65 65 64 60 59 60 59 59 56 60 56 58 56 59 57 57 59 62 58 56 54 56 54 55 74 84 77 70 72 85 82 122 82 77 86 113 110 116 155 231 244 250 254 253 254 254 254 253 253 251 251 247 238 221 
72 84 83 70 64 93 94 76 78 78 81 86 124 79 70 72 75 72 72 72 64 54 59 74 74 65 74 69 68 63 64 59 58 51 60 93 81 78 80 81 80 77 74 75 68 63 63 68 70 72 70 71 69 67 67 65 64 61 64 63 61 59 58 58 59 58 58 58 59 57 77 79 72 60 71 87 75 86 82 86 86 103 101 111 161 236 242 248 252 253 254 254 253 250 253 251 251 248 237 221 
71 81 77 65 55 66 85 77 74 75 83 80 110 86 75 68 74 82 78 72 60 56 56 68 70 72 74 64 57 65 72 67 55 46 56 72 67 71 76 73 71 68 67 67 67 69 65 64 63 64 62 62 61 59 61 61 58 54 57 57 57 57 52 55 55 54 54 55 56 58 89 82 74 64 75 76 73 77 80 92 83 93 94 111 155 227 241 246 246 251 253 253 253 251 253 250 250 248 236 219 
65 65 60 58 49 58 73 72 85 82 89 71 62 63 72 69 73 76 78 61 64 63 56 62 72 78 88 56 63 77 79 65 57 51 52 76 64 72 77 76 75 74 76 76 72 66 64 67 68 71 70 70 69 70 69 70 72 69 67 66 67 68 67 67 62 60 60 60 59 58 80 84 76 68 73 86 74 80 81 92 116 104 95 114 162 216 239 241 242 247 252 252 252 250 251 250 252 247 227 210 
51 57 55 53 52 63 93 107 92 82 79 78 82 71 65 71 82 100 96 72 63 62 62 70 78 84 73 61 67 74 70 66 54 58 61 62 51 62 68 69 69 70 70 70 61 53 55 59 64 65 64 63 64 66 64 63 63 62 60 59 62 62 64 61 57 54 55 57 57 59 81 77 76 67 75 79 74 76 79 91 113 101 97 116 164 213 240 238 240 246 248 250 250 250 248 250 251 246 218 203 
60 56 72 60 62 73 124 106 89 82 69 60 68 71 66 68 75 89 64 80 88 73 67 65 55 70 77 73 79 66 63 63 56 53 62 66 61 62 63 66 66 63 59 61 60 61 60 61 63 64 65 63 62 63 62 62 61 62 61 60 60 64 65 62 57 56 53 55 56 59 82 84 74 70 81 97 74 75 78 87 104 105 99 119 172 228 238 239 243 244 245 249 249 245 248 250 249 241 206 210 
54 59 73 65 53 67 146 123 89 90 84 70 67 69 58 65 67 79 70 91 90 72 64 63 52 60 68 71 64 70 72 65 59 52 53 76 94 80 80 77 77 76 76 80 72 67 68 71 75 75 74 73 71 73 72 68 66 69 70 67 63 67 75 74 70 65 60 64 66 72 79 79 72 74 73 85 73 72 74 79 89 99 94 114 177 241 227 238 243 243 244 244 246 243 247 250 244 231 210 213 
57 66 68 65 68 64 75 87 162 146 92 55 57 58 59 69 67 70 60 68 74 74 68 58 56 62 71 58 60 65 73 68 66 59 68 70 93 95 90 82 79 80 84 87 80 77 78 82 83 80 83 87 86 84 79 75 74 74 73 72 71 77 83 77 75 75 73 73 72 74 81 78 74 77 68 74 72 69 73 75 85 94 93 110 178 245 235 238 240 242 242 240 240 241 244 247 239 221 214 211 
49 62 75 67 69 60 58 90 159 94 124 70 56 57 57 72 81 88 66 64 76 78 67 60 60 74 72 63 65 73 86 65 61 102 92 82 108 100 105 101 97 95 96 96 91 86 86 89 90 84 79 75 75 74 71 67 69 70 66 65 60 63 67 65 67 70 70 70 69 73 87 81 75 78 68 70 82 71 65 74 83 87 103 112 174 236 219 226 230 241 237 242 240 244 245 242 227 226 212 216 
71 61 63 65 62 68 80 91 118 101 105 106 77 81 68 64 123 118 58 68 73 66 68 66 53 67 68 61 77 73 68 63 58 71 83 71 103 97 100 99 95 95 96 93 86 79 79 81 82 82 82 82 80 81 79 76 75 75 73 71 75 73 71 70 71 71 68 64 68 74 85 83 76 79 67 69 83 75 67 67 78 79 85 101 159 196 176 177 202 234 236 242 240 244 245 233 237 222 210 214 
64 60 55 67 89 108 88 75 66 56 61 120 75 66 67 66 79 81 62 70 61 63 70 59 50 64 60 65 70 65 61 59 53 49 53 61 88 78 81 82 85 85 87 81 74 70 70 76 80 82 87 85 80 80 81 79 74 75 74 72 72 70 70 70 69 66 63 65 67 76 90 86 73 77 71 70 98 68 68 68 71 73 80 94 145 150 146 168 182 231 238 238 241 246 241 236 242 224 213 216 
