117 114 139 162 182 200 214 194 170 193 228 239 238 230 221 187 140 124 127 129 128 127 125 132 135 136 140 149 160 167 170 169 188 221 227 185 184 218 217 199 161 172 175 179 210 212 213 213 203 189 171 191 202 204 203 196 174 159 167 167 114 131 81 36 35 37 38 34 31 37 34 31 32 34 37 35 36 42 36 31 27 27 34 28 21 17 18 21 15 15 17 19 29 33 31 20 25 19 20 19 
126 147 181 197 203 204 193 179 198 232 239 232 215 180 155 132 118 123 125 125 126 130 131 134 134 142 155 173 170 157 159 194 217 226 223 189 169 212 209 198 165 176 185 188 214 214 215 219 217 196 191 205 205 207 196 176 175 181 191 172 115 102 74 23 25 23 30 26 24 23 28 25 32 29 27 21 26 31 17 17 21 15 17 15 10 6 6 9 6 5 8 17 29 25 19 8 9 9 6 6 
166 188 206 205 190 174 184 203 220 224 212 194 156 129 119 122 125 129 126 127 132 138 138 137 146 170 178 175 163 165 203 231 229 231 230 205 170 188 178 192 185 196 202 189 213 220 221 221 213 187 196 210 210 203 194 185 186 174 166 153 143 75 55 27 20 27 31 28 25 17 25 25 37 29 24 24 21 13 17 22 25 16 22 25 14 8 7 11 11 6 4 12 33 26 16 9 8 9 4 21 
195 207 200 180 178 198 219 225 216 186 152 125 119 120 117 114 116 122 125 130 131 137 140 144 157 178 181 179 188 216 232 233 234 237 231 217 181 190 190 204 205 213 211 177 187 211 217 211 189 181 201 207 196 192 205 201 187 172 178 176 164 76 33 32 21 22 28 26 23 21 26 30 32 26 21 20 21 15 23 26 32 15 27 29 13 11 9 15 16 11 8 13 31 18 9 8 8 10 11 40 
201 184 185 195 216 234 232 221 173 132 121 124 124 123 115 116 119 122 127 131 138 140 137 144 163 185 199 215 228 225 223 228 228 233 230 222 202 221 224 218 220 224 223 194 170 184 200 189 162 181 203 192 177 195 212 203 189 192 183 179 168 92 22 28 27 16 28 27 20 21 29 33 31 35 29 25 22 14 19 32 41 13 30 25 7 9 7 10 13 10 10 12 26 15 10 12 16 27 30 49 
165 183 214 231 236 235 231 174 120 120 127 129 140 144 142 138 129 134 134 139 142 139 136 152 193 211 215 217 216 212 212 215 220 221 219 199 193 218 217 214 213 214 221 215 206 200 200 183 174 191 194 174 186 209 206 200 192 192 181 157 177 115 25 24 30 20 22 26 21 16 30 37 32 41 38 37 23 15 14 25 40 15 32 23 7 11 10 9 13 15 13 10 21 16 10 13 30 62 59 32 
201 222 233 233 233 213 164 126 118 123 132 147 157 160 148 148 167 180 163 145 147 156 166 185 203 212 212 211 211 213 214 215 214 214 211 184 190 213 210 210 213 215 213 210 207 208 191 178 186 192 169 176 198 201 191 188 179 185 181 139 163 133 31 21 27 23 17 20 13 10 26 40 34 37 43 48 24 17 25 25 26 19 27 22 11 11 11 8 14 18 13 10 12 13 15 41 80 74 42 10 
229 232 231 224 201 152 118 117 124 138 156 160 157 149 150 189 214 220 202 173 171 188 205 216 217 218 215 212 210 212 214 215 218 215 193 178 202 212 212 210 211 212 211 210 206 189 170 179 184 166 174 196 191 175 165 174 175 180 179 125 116 118 38 16 18 20 17 17 13 23 24 29 35 37 44 47 31 26 32 23 15 25 18 15 10 14 13 9 11 15 11 12 8 17 38 81 93 48 18 10 
230 219 195 160 130 113 111 117 131 147 154 151 148 163 195 221 228 223 222 214 208 214 219 224 225 224 223 221 216 214 214 216 213 201 170 190 215 211 214 210 210 210 213 207 192 164 173 179 160 168 191 198 177 142 130 150 170 169 169 131 52 54 30 15 15 17 18 23 12 29 26 27 28 36 59 62 34 21 19 21 15 17 17 25 12 15 15 9 7 11 9 14 13 33 62 95 79 44 7 4 
188 158 119 99 113 126 121 135 155 160 165 177 196 209 218 229 227 225 222 226 224 218 219 222 222 221 222 223 224 221 221 218 214 176 174 207 211 211 211 210 210 209 213 195 162 161 178 163 169 189 196 189 174 135 139 129 139 148 151 147 33 25 21 15 13 21 27 24 18 16 29 30 30 52 82 78 33 16 16 30 19 13 24 18 12 11 10 7 7 7 8 13 23 54 63 95 95 32 6 7 
133 101 112 131 155 171 182 195 210 207 213 221 221 221 226 227 230 231 228 228 226 220 224 226 225 226 227 226 231 229 228 226 210 162 193 215 210 196 188 194 203 208 199 176 173 186 171 179 197 193 193 177 181 127 122 129 129 120 125 147 32 17 18 14 16 23 22 27 19 30 27 27 33 73 85 79 28 10 18 37 31 12 21 18 11 9 10 8 6 10 8 15 44 56 63 101 74 15 2 9 
152 142 170 189 195 200 208 218 227 219 209 221 215 215 206 207 208 205 201 204 215 213 212 217 220 227 231 229 230 228 229 227 203 161 206 211 188 177 175 173 174 161 161 179 191 173 172 198 195 186 176 165 181 130 103 115 130 115 93 123 35 15 18 18 19 31 18 19 31 38 24 20 34 56 68 47 25 16 20 27 31 14 19 16 10 8 9 8 4 10 11 25 55 43 59 105 54 7 10 10 
180 197 212 215 217 211 204 214 220 216 205 199 189 168 152 160 167 160 155 161 176 167 162 194 206 217 226 224 223 221 221 219 198 172 197 182 177 187 171 171 169 147 162 188 180 160 187 191 187 181 168 161 170 125 95 97 112 117 77 88 41 14 15 20 26 35 27 19 35 25 26 27 24 26 32 15 29 31 29 18 27 19 20 13 11 8 8 6 3 9 14 37 63 49 53 105 62 12 12 9 
202 220 223 223 226 218 197 195 212 208 190 157 152 144 136 140 141 136 139 148 154 147 141 160 165 191 213 217 218 215 219 215 206 181 170 172 193 178 171 187 193 175 190 190 161 171 195 182 175 166 169 164 148 112 90 86 101 111 79 49 42 14 11 20 25 32 30 36 16 19 37 37 21 30 12 21 36 35 41 20 22 19 15 11 9 7 7 9 7 7 12 44 63 80 57 101 78 13 7 7 
174 174 214 218 219 222 205 185 176 174 155 141 130 129 113 109 105 103 106 108 114 116 111 106 112 144 193 206 209 210 222 220 216 183 147 174 174 185 193 195 176 174 188 178 154 188 183 177 150 157 165 150 128 100 88 75 84 97 85 26 31 18 12 18 21 20 46 31 13 23 45 31 39 15 15 24 26 56 55 37 22 14 8 9 6 6 6 10 11 6 10 38 53 92 77 83 50 9 10 8 
175 171 221 218 215 197 176 151 131 138 137 127 104 96 99 98 92 89 88 82 81 90 94 92 98 115 169 179 184 180 190 200 187 190 165 140 165 189 181 164 140 155 168 165 150 177 156 115 89 116 141 119 89 77 76 63 76 76 81 29 20 24 22 12 9 30 39 31 39 33 17 44 32 24 17 31 52 56 58 26 22 12 5 15 14 7 7 9 12 7 15 37 47 99 64 27 12 7 8 7 
188 207 209 183 172 181 177 154 125 102 98 103 105 84 75 64 62 51 45 42 43 59 57 58 71 88 125 141 139 137 131 147 145 148 147 124 122 154 140 103 93 129 147 135 124 125 78 54 47 82 111 84 71 79 64 52 60 51 58 30 15 23 26 14 15 35 21 38 40 21 39 33 22 23 31 37 36 38 22 24 21 15 8 18 16 8 8 8 10 8 18 42 43 92 43 29 14 9 6 10 
200 189 168 168 181 175 158 140 103 82 56 57 55 42 24 18 23 14 21 32 26 42 33 20 32 45 46 47 53 68 64 78 93 83 78 79 55 94 67 43 49 70 81 82 85 64 40 36 31 54 56 54 53 68 51 46 46 46 47 26 15 21 20 20 36 18 41 38 26 35 40 26 21 21 17 23 42 45 31 12 31 17 10 11 6 8 8 9 10 8 16 35 37 72 41 50 9 8 11 16 
183 155 150 156 142 123 113 112 105 87 42 28 30 28 23 16 25 22 40 45 53 44 51 46 36 36 42 21 26 31 33 27 28 39 38 34 33 39 25 22 24 28 34 44 53 35 32 30 23 27 31 32 47 54 37 42 35 43 28 22 18 20 13 39 29 37 41 38 38 49 34 37 18 7 11 22 62 60 37 8 20 13 8 8 5 7 6 11 15 9 15 20 33 59 55 38 6 9 16 20 
162 143 130 118 113 113 121 128 125 100 45 24 23 21 30 26 32 35 53 64 70 64 48 62 59 44 50 31 28 25 20 21 24 29 38 29 30 22 19 16 16 20 30 36 34 28 27 24 18 18 18 26 44 38 29 32 28 33 21 13 26 7 30 31 49 34 24 44 54 40 38 16 11 9 8 17 58 73 38 5 10 15 7 17 8 5 10 13 21 8 15 19 37 47 68 21 7 12 20 23 
145 120 112 114 119 127 137 138 144 129 57 26 15 20 25 32 46 53 55 65 71 75 46 51 56 49 47 42 37 46 32 16 18 17 18 27 23 19 18 17 13 25 40 39 35 28 31 36 27 21 21 27 50 27 29 29 32 32 17 22 19 22 35 37 27 34 45 59 46 25 53 38 15 16 7 10 45 84 34 7 3 8 12 22 6 5 9 42 45 11 15 16 42 58 82 13 13 19 26 28 
127 117 123 130 137 149 159 155 156 145 83 29 15 14 22 26 39 54 68 57 62 74 61 63 55 50 46 45 36 45 58 30 18 22 19 15 24 15 11 13 16 28 33 34 37 27 37 43 27 22 34 36 57 21 29 26 33 23 20 30 20 45 36 34 18 50 67 46 18 16 43 54 22 39 12 5 34 81 22 5 6 17 52 40 7 7 17 76 52 9 17 22 50 58 66 22 24 24 23 46 
132 128 134 139 146 157 155 150 160 163 134 40 17 13 20 20 31 42 58 69 60 71 75 68 60 54 54 51 41 30 50 47 35 24 28 20 20 19 12 11 19 33 28 31 32 30 31 32 27 23 37 41 54 25 32 30 29 19 25 29 41 51 33 28 46 73 57 24 14 13 41 65 28 35 23 6 16 50 8 6 9 17 26 17 6 8 44 81 37 6 18 39 46 32 75 42 33 31 35 67 
148 138 142 147 153 159 165 179 202 212 194 71 19 13 12 18 17 42 49 73 79 66 69 73 59 53 52 48 40 30 32 45 59 57 40 25 19 18 11 11 18 32 25 24 28 28 25 27 23 32 32 52 51 28 41 36 23 21 36 26 50 50 29 54 76 53 32 23 16 18 38 66 35 21 16 4 10 18 9 6 19 11 9 12 7 26 87 77 49 14 10 29 27 31 84 54 40 37 55 90 
198 194 198 202 204 206 213 227 233 229 219 145 26 15 15 14 16 20 41 55 74 71 62 66 60 48 46 50 44 35 26 34 46 79 79 51 40 29 16 9 16 28 28 28 25 21 18 19 17 28 26 60 41 30 37 37 31 36 35 39 48 29 57 68 44 37 25 17 12 31 65 58 24 6 8 10 16 29 25 23 26 10 10 11 8 55 112 98 45 5 16 12 25 25 71 50 39 47 58 88 
214 237 240 243 240 242 242 239 239 240 229 197 82 18 15 16 14 23 32 54 59 68 64 60 64 48 38 39 36 34 28 30 31 47 69 68 50 29 16 8 13 25 34 35 23 13 9 8 12 14 21 51 28 27 30 35 33 49 44 46 31 42 66 46 34 22 24 21 16 62 96 81 54 36 31 28 24 34 13 8 4 4 10 8 10 89 106 63 6 21 7 25 9 17 56 50 51 83 79 71 
198 236 239 241 239 239 239 235 237 234 231 217 174 64 15 14 16 21 30 35 57 56 65 65 51 44 38 36 26 29 23 31 30 32 43 43 30 15 9 9 12 25 35 36 20 9 5 3 9 13 17 48 25 26 34 33 41 54 54 20 34 55 49 39 25 23 31 37 41 91 86 27 10 16 10 6 12 7 7 6 3 6 14 20 52 97 46 8 14 12 15 22 4 22 59 63 60 69 65 66 
212 229 233 234 234 235 233 229 227 229 227 222 216 161 57 14 13 18 20 32 42 46 54 65 56 42 38 34 28 27 25 27 28 29 33 30 16 8 6 8 12 28 43 42 19 8 5 5 11 13 17 58 20 24 28 27 46 58 40 18 64 46 48 35 28 42 30 35 42 58 49 18 7 13 9 6 11 5 9 6 4 8 10 13 25 29 12 5 11 11 7 9 11 41 76 76 73 58 79 77 
221 229 229 230 226 225 224 222 221 220 220 221 209 205 136 41 17 18 20 25 28 44 41 68 59 42 36 33 30 23 27 26 30 26 23 23 13 10 11 12 20 33 41 29 15 8 4 7 10 12 17 53 14 18 22 29 53 53 30 44 58 39 35 45 37 22 34 36 21 35 38 19 13 7 8 10 9 5 8 7 5 2 4 5 6 11 4 8 14 10 9 10 25 74 106 108 103 79 95 84 
196 229 229 230 223 221 221 221 223 218 213 214 217 215 201 114 32 17 25 20 18 25 46 53 63 49 29 34 28 22 27 25 31 28 23 23 20 18 20 22 33 43 29 13 11 11 8 9 8 16 15 43 17 19 22 42 65 35 26 74 36 32 45 35 20 31 37 12 21 27 27 13 13 7 10 6 5 6 6 8 6 2 3 4 3 10 10 9 7 11 8 24 63 85 109 113 95 76 139 83 
169 213 230 228 225 223 223 226 228 225 220 217 211 203 201 181 101 28 23 26 21 10 29 43 56 47 35 35 28 23 25 24 26 28 24 25 27 21 21 25 28 23 14 9 10 15 14 11 7 15 22 50 16 15 22 62 56 21 58 71 40 50 36 13 38 30 7 18 13 22 20 13 16 22 22 6 5 7 4 8 4 3 3 2 4 16 17 12 5 5 18 38 51 78 106 117 116 82 185 89 
181 208 227 227 230 227 227 229 228 227 223 217 215 210 200 193 165 88 36 32 31 26 20 39 46 47 40 35 32 27 22 26 26 26 28 30 27 21 20 19 18 13 14 12 14 14 11 13 10 20 28 52 13 19 30 76 36 26 94 61 52 52 18 28 35 10 9 11 12 27 13 16 19 36 18 6 5 9 9 7 9 6 5 1 6 7 11 10 5 6 14 33 38 47 71 121 107 117 170 70 
184 201 230 229 229 230 229 227 226 224 222 221 221 218 214 205 188 145 68 35 34 38 39 37 46 48 36 30 32 26 24 28 26 26 26 26 22 21 18 24 25 15 15 18 19 18 15 14 12 22 28 46 10 15 57 72 29 59 102 51 62 28 27 36 11 8 6 9 15 21 15 18 17 26 13 8 8 8 9 9 7 4 5 3 8 7 11 9 6 6 6 12 20 36 50 86 97 143 138 74 
176 196 231 226 232 227 216 206 203 200 196 194 202 218 224 216 205 183 125 42 22 28 35 47 43 55 37 38 27 30 21 28 30 31 29 25 24 19 22 30 34 24 18 22 26 24 21 18 16 26 34 52 9 20 74 59 33 99 78 75 51 26 44 14 11 9 3 6 15 19 14 13 15 13 9 11 9 5 8 9 9 7 5 2 9 7 9 6 5 5 4 2 7 21 24 50 76 144 104 125 
162 202 223 213 197 189 178 171 178 179 175 168 160 176 221 223 213 186 166 100 38 36 41 42 44 47 53 31 23 28 19 25 31 33 31 26 28 24 28 31 28 29 30 32 35 27 24 23 26 32 38 59 9 32 78 41 48 104 72 72 29 58 21 15 8 12 9 4 18 22 19 12 14 9 10 12 9 7 9 14 16 10 6 4 11 8 7 4 5 4 6 7 11 19 20 43 62 135 84 147 
174 213 196 176 181 194 205 209 210 211 207 204 162 162 221 222 219 204 186 147 73 30 37 38 38 31 55 42 22 24 21 22 27 30 30 24 28 30 25 32 32 32 38 37 41 31 25 27 33 38 42 60 7 42 80 29 89 88 86 46 58 37 8 23 37 17 7 7 30 23 27 15 13 11 12 14 10 11 15 21 17 9 6 8 12 8 6 4 4 2 7 8 14 25 37 49 58 127 84 117 
169 182 173 185 200 212 216 217 213 216 215 205 167 189 219 217 217 209 195 166 115 53 35 33 27 27 25 62 33 26 24 26 23 28 30 26 23 25 33 38 37 39 38 50 52 40 35 33 32 44 51 64 12 61 74 23 115 64 59 55 34 39 31 25 11 14 18 17 32 22 23 13 13 13 13 16 10 10 17 19 13 8 9 12 7 8 8 8 4 7 10 5 9 20 35 38 39 94 116 148 
155 177 191 205 212 213 214 218 211 194 193 190 174 212 220 217 218 217 208 185 142 90 44 32 27 25 22 30 62 31 23 33 23 28 30 25 24 25 48 42 56 53 50 54 49 44 37 27 27 43 54 67 16 80 58 55 103 55 37 43 17 60 28 11 19 19 9 23 31 23 20 18 13 13 13 16 11 14 18 15 12 12 12 11 7 6 10 10 6 11 9 3 13 20 19 22 34 97 190 207 
181 204 209 211 206 216 221 213 190 177 169 150 182 222 222 222 217 216 210 197 174 133 81 35 30 31 29 21 44 54 31 25 31 32 29 20 17 35 48 75 86 85 56 56 52 48 37 23 26 41 54 70 32 88 37 96 68 47 48 23 36 46 33 13 18 17 22 43 29 23 22 21 16 14 14 17 12 17 17 15 14 20 12 7 12 7 15 12 7 8 9 7 20 20 11 17 53 93 208 215 
219 217 217 202 199 222 222 188 186 211 198 148 190 216 218 216 224 221 215 211 195 166 129 52 25 28 26 30 28 60 49 24 32 35 30 21 21 41 61 87 101 123 88 50 53 43 40 22 25 39 53 74 46 83 42 105 52 44 40 48 20 27 48 32 37 27 24 35 17 16 24 18 18 14 15 17 14 18 15 17 18 16 11 13 18 10 19 13 10 7 9 9 14 11 12 13 43 139 231 136 
220 217 190 179 210 226 202 186 213 226 200 176 212 219 217 218 217 214 211 206 212 204 173 97 27 23 24 27 30 29 63 44 26 26 28 26 25 39 67 71 77 106 142 68 55 45 42 24 26 37 50 72 60 67 59 83 45 55 49 24 29 36 55 53 18 18 22 32 8 15 22 17 18 13 15 12 14 20 16 20 19 20 21 21 19 10 19 17 10 6 12 6 15 13 11 7 54 188 247 193 
216 196 171 192 221 201 186 214 223 208 172 190 216 218 213 210 213 210 210 207 206 206 200 127 32 20 26 31 23 30 33 74 45 28 35 27 27 45 65 47 21 100 138 103 47 49 39 32 31 31 51 64 67 50 68 50 48 58 29 39 39 40 35 48 21 23 24 23 7 16 20 15 16 14 18 13 16 18 14 22 26 25 23 27 22 16 32 9 12 8 15 7 8 14 17 14 68 219 229 242 
189 177 201 223 212 179 200 222 210 175 180 208 215 214 213 212 210 210 219 217 207 189 167 124 72 37 28 28 35 39 37 46 67 44 28 36 27 55 67 100 90 121 122 83 47 51 34 33 31 34 45 49 64 38 64 35 63 37 39 48 35 24 21 58 37 20 35 16 12 23 17 16 17 14 18 13 17 16 15 26 25 25 27 27 20 28 21 13 9 10 16 10 6 9 14 17 129 248 239 245 
178 207 225 202 187 193 214 206 189 182 209 216 216 213 215 215 212 213 217 204 180 151 123 109 77 43 42 41 33 34 49 41 57 59 32 42 41 58 58 104 113 149 156 68 46 43 32 31 32 37 40 36 39 29 42 29 47 41 43 28 37 28 26 45 50 30 31 15 24 17 12 18 15 11 14 13 17 15 18 28 25 25 26 26 27 31 21 18 9 12 14 12 5 14 13 27 178 230 237 238 
209 224 193 172 195 218 193 180 190 208 218 219 220 217 216 215 216 206 190 159 134 125 114 111 79 36 32 29 42 61 50 44 39 45 34 31 49 59 66 79 101 145 118 48 47 39 27 22 29 33 32 33 28 40 31 30 52 30 28 43 39 25 19 26 54 29 24 26 23 6 12 18 11 7 11 13 14 13 18 34 24 24 22 29 37 33 29 15 11 13 12 19 4 20 17 39 179 128 117 180 
219 181 173 204 217 185 134 170 207 216 219 222 220 218 213 209 195 163 141 132 131 131 116 91 53 34 38 36 30 29 42 57 47 34 28 20 43 63 62 41 47 57 56 47 44 36 19 18 19 35 33 26 26 38 26 39 40 41 40 30 22 17 16 16 39 31 28 20 15 12 13 14 14 8 10 15 12 14 27 23 19 17 19 31 35 31 22 14 14 13 10 22 7 10 13 48 87 139 186 194 
179 163 203 214 195 175 138 151 155 175 203 218 221 207 197 198 201 202 203 197 200 198 159 116 50 39 36 36 35 36 37 34 41 33 26 22 32 60 73 69 48 41 45 40 32 20 18 21 23 27 22 26 26 26 24 35 38 39 23 29 26 20 16 16 42 41 32 8 14 16 12 12 15 14 14 19 9 20 24 14 13 13 23 30 27 26 20 18 16 11 9 23 11 15 11 56 153 203 213 207 
185 195 192 201 203 208 203 190 181 169 169 193 209 201 202 215 221 231 235 230 227 214 138 70 39 38 36 41 34 41 41 40 36 29 25 27 43 61 76 82 65 55 45 44 33 19 27 28 24 26 23 25 25 26 31 35 31 25 22 21 30 28 19 14 32 41 27 16 17 13 15 14 12 15 19 17 9 20 14 16 14 20 26 21 19 25 23 19 12 7 8 21 15 6 10 84 208 217 212 214 
185 173 181 209 215 213 215 219 218 209 188 192 213 220 226 230 233 239 240 239 228 212 139 52 27 33 37 36 34 39 50 44 42 39 33 38 46 63 81 77 73 75 66 48 43 41 36 29 31 30 23 22 23 25 31 34 30 18 24 25 33 26 19 18 33 34 26 22 7 14 16 13 10 10 19 10 13 14 19 8 21 27 21 12 17 24 22 14 8 9 9 14 13 13 7 111 217 227 214 205 
181 188 207 214 190 162 196 212 203 205 210 218 226 234 236 241 242 244 242 238 225 201 140 62 27 22 31 38 35 37 41 43 47 48 41 47 44 54 76 89 82 75 74 56 34 35 34 34 37 28 22 27 23 28 36 37 30 19 23 36 33 26 32 30 30 42 32 24 10 16 17 13 11 9 18 13 10 20 12 14 17 19 13 15 24 23 16 15 7 10 6 9 21 15 7 139 234 226 213 204 
207 205 196 199 180 137 164 185 199 221 224 230 235 242 244 246 244 242 241 240 210 169 135 64 19 18 26 30 33 39 42 42 43 43 52 47 45 52 57 67 71 69 60 45 32 24 23 20 32 26 19 28 23 30 34 39 25 23 27 33 38 33 32 26 21 45 34 27 9 16 17 10 10 14 20 11 18 16 15 15 10 15 9 29 20 12 13 14 3 6 5 8 18 16 13 150 228 220 212 203 
202 196 162 176 193 181 190 209 229 238 239 215 190 229 245 249 247 244 242 237 185 158 136 57 18 21 27 32 31 35 37 37 34 43 52 50 50 52 50 55 57 53 51 35 17 10 14 19 19 19 20 27 29 31 30 29 23 29 27 37 36 28 26 20 18 41 37 26 9 16 19 9 9 17 21 11 20 10 6 10 13 9 33 21 8 10 11 8 7 5 6 8 16 19 25 157 218 219 214 201 
200 184 168 193 210 221 229 237 243 245 249 215 151 186 231 250 248 247 244 231 171 162 128 44 16 16 20 29 32 31 31 35 40 45 49 50 59 56 52 46 51 54 44 20 9 9 16 31 25 21 19 24 40 41 31 45 71 44 29 36 40 32 23 20 21 31 37 18 10 19 22 9 9 19 19 14 19 6 10 13 14 28 33 9 7 8 13 7 10 9 9 8 16 25 47 173 210 213 212 197 
196 163 186 222 232 239 244 244 249 250 248 214 153 176 204 246 247 248 244 230 171 152 125 43 14 16 16 22 31 31 30 35 41 38 39 42 48 48 52 43 41 49 35 13 15 19 19 42 42 20 26 35 54 60 37 80 99 59 39 35 39 39 32 26 26 33 45 17 12 18 24 7 13 18 14 13 15 5 21 21 29 35 10 6 7 11 13 8 11 12 10 6 13 20 54 172 201 205 205 194 
209 157 194 238 243 247 249 249 251 251 250 205 143 158 170 231 234 220 232 243 193 142 114 54 17 16 18 28 30 32 30 30 30 34 39 42 45 47 52 47 42 47 32 13 18 22 21 48 67 54 36 39 41 29 30 87 84 53 35 39 38 38 37 28 30 46 50 9 17 20 21 7 16 17 11 12 14 15 19 36 42 18 5 10 2 16 9 9 10 13 12 11 9 20 52 132 204 208 209 206 
226 168 213 248 249 250 250 248 251 249 246 180 133 133 128 174 186 176 176 220 219 193 163 80 19 17 20 27 27 32 34 34 36 36 38 41 45 45 48 46 43 49 35 19 18 22 23 48 78 53 39 43 61 61 28 44 60 52 37 37 45 38 31 28 24 51 60 15 16 16 18 12 17 16 12 12 14 15 30 59 34 8 6 6 2 20 6 10 7 11 13 16 5 15 56 116 159 232 226 131 
235 182 225 248 248 249 247 245 248 249 244 174 117 120 119 140 174 174 163 215 235 224 205 117 27 21 24 24 28 34 36 40 41 41 47 58 58 57 59 63 66 73 52 25 13 19 23 40 47 24 29 47 56 50 37 25 27 35 35 37 49 44 28 23 25 70 69 15 20 23 12 7 15 17 14 14 13 17 47 46 15 8 6 1 11 20 7 8 9 16 14 18 8 14 78 151 125 203 140 134 
241 184 225 248 249 249 248 246 248 244 223 153 117 119 124 129 135 134 167 227 233 227 225 148 40 21 24 29 36 37 36 38 44 49 57 62 59 61 66 73 74 83 71 47 17 15 21 30 35 38 19 36 37 34 38 29 23 26 33 43 43 48 43 25 22 78 78 18 21 23 6 11 18 18 16 16 15 30 45 17 6 3 6 3 19 17 8 5 14 21 19 20 9 9 82 159 132 131 152 140 
234 180 235 247 247 250 247 243 230 207 180 145 124 119 120 120 121 131 194 235 230 225 215 147 58 20 23 28 34 38 39 36 40 49 58 60 60 55 65 77 77 72 64 62 45 23 19 22 31 24 24 40 41 32 35 41 29 19 27 46 41 28 42 42 40 88 89 17 11 11 7 9 14 17 17 14 21 23 23 8 4 5 6 4 21 10 8 6 15 20 21 26 14 7 73 160 125 90 155 144 
224 183 242 246 249 244 228 210 178 159 156 137 123 122 120 127 135 159 219 235 226 225 209 186 126 38 30 37 46 46 49 52 53 59 57 53 48 54 75 76 62 69 72 70 47 38 35 40 41 32 33 42 48 38 38 46 40 25 23 39 39 32 29 33 54 96 82 11 12 15 10 18 16 15 17 17 19 15 15 8 6 7 4 10 17 7 13 15 23 26 26 34 12 13 116 165 128 101 101 116 
211 182 245 246 228 201 176 167 155 139 139 132 127 129 133 148 175 209 234 238 232 227 218 212 177 43 21 35 36 37 43 51 53 48 42 40 46 56 65 74 78 72 62 57 53 40 36 36 43 40 39 36 46 41 39 42 38 35 26 29 38 32 27 28 48 95 75 19 13 24 25 23 15 14 20 22 13 12 19 13 6 9 8 14 12 6 12 31 42 24 58 31 14 15 142 164 116 160 160 79 
204 186 236 211 183 172 156 145 136 130 136 146 145 149 174 198 226 238 242 239 239 230 219 228 202 80 24 35 39 40 42 45 44 41 45 35 28 52 75 79 73 57 73 53 49 41 31 37 41 38 40 33 36 40 47 45 44 37 35 34 35 30 25 35 51 105 56 19 19 25 25 16 10 8 18 21 7 6 14 16 12 16 22 23 7 7 16 45 59 65 71 23 12 26 168 157 88 182 191 147 
215 183 207 178 157 150 144 146 147 159 167 165 167 169 216 235 244 243 240 237 240 228 225 235 219 149 48 34 34 34 35 39 44 44 41 35 27 37 62 73 65 85 98 60 47 45 49 38 36 41 46 39 40 43 52 50 42 40 46 40 43 34 26 30 46 106 53 13 23 13 10 12 10 9 9 14 12 6 11 16 23 19 15 15 8 7 16 36 58 92 48 27 8 32 159 130 117 199 190 159 
224 171 170 157 150 153 164 182 205 218 220 190 180 175 220 244 242 241 239 237 233 223 224 230 228 175 47 26 33 40 47 59 59 62 45 32 27 43 57 47 87 104 102 92 50 51 52 43 42 42 44 43 40 52 56 46 41 51 44 53 42 40 31 30 49 129 53 21 7 4 3 9 20 18 8 9 15 11 22 23 29 22 4 8 9 8 10 20 49 61 24 34 3 31 119 110 186 199 191 169 
214 174 169 164 170 191 214 230 241 243 242 198 182 180 200 237 239 238 236 235 233 219 221 226 215 133 42 46 54 50 42 49 60 49 50 49 39 47 46 64 112 117 155 121 53 51 50 49 50 44 42 51 39 58 46 49 40 35 44 51 66 41 35 34 79 120 24 18 6 8 12 15 22 17 8 8 11 13 17 20 33 26 2 7 11 9 10 18 49 27 35 26 12 40 94 120 196 203 193 142 
200 186 183 190 215 234 245 247 247 240 238 198 185 191 199 235 237 235 232 229 227 219 223 218 167 81 44 28 23 30 56 49 49 54 68 49 40 39 46 60 62 31 77 129 58 55 55 43 46 44 42 59 46 59 49 63 57 35 35 41 41 61 54 59 108 63 15 18 18 18 20 14 11 10 13 15 11 13 12 17 23 22 8 8 11 8 19 33 52 33 56 13 16 54 147 173 194 210 192 145 
195 187 200 225 238 239 236 231 221 213 210 177 176 182 200 226 226 222 218 217 217 208 194 162 111 47 27 22 31 48 31 33 45 56 50 36 41 26 47 56 68 58 124 158 58 52 62 52 39 38 40 60 53 57 76 71 88 62 22 43 32 36 60 95 83 28 24 18 24 31 21 18 9 14 19 15 16 14 21 25 11 14 10 8 12 7 20 34 45 51 44 12 12 55 144 164 172 201 189 132 
172 170 199 200 207 202 196 184 175 172 174 170 180 181 187 201 182 175 170 171 169 174 167 137 101 47 17 35 49 26 30 43 40 58 31 34 39 26 40 48 83 100 161 109 52 44 53 55 36 40 35 57 51 46 90 70 106 75 32 26 36 31 47 88 87 60 25 29 32 27 19 19 21 16 20 17 9 10 19 25 11 13 11 9 15 11 15 34 51 56 26 9 12 69 134 161 161 164 169 123 
169 167 183 167 181 176 168 158 152 157 153 162 164 164 165 168 172 164 158 160 149 128 141 142 110 29 26 40 27 27 46 31 49 38 27 35 40 26 30 41 67 93 92 53 50 42 52 46 36 42 30 50 44 42 74 78 100 75 56 24 28 34 60 72 82 68 49 44 56 41 36 36 34 29 26 36 14 11 14 17 9 15 10 7 18 15 14 54 77 44 18 8 11 80 152 162 164 155 117 101 
153 149 143 138 135 132 123 118 117 113 111 112 112 114 118 121 124 122 134 155 157 138 129 172 95 30 54 19 17 47 39 34 47 27 27 37 36 27 20 38 44 54 45 47 47 45 54 41 33 30 29 48 43 45 47 79 95 86 66 46 27 28 58 80 94 112 96 87 92 96 65 64 47 21 33 41 18 16 15 14 12 15 9 9 25 17 16 68 62 27 17 12 15 90 146 160 159 161 124 98 
119 114 119 119 118 117 109 110 112 114 109 105 106 104 108 113 112 107 105 107 121 140 138 128 39 55 28 13 32 42 30 53 34 25 28 30 33 30 30 26 42 43 46 34 35 35 36 35 29 25 24 42 33 49 31 73 84 95 68 64 32 30 51 82 128 136 146 142 143 117 89 81 72 82 86 118 49 19 15 10 15 14 7 13 29 17 22 56 25 33 18 10 15 95 136 176 159 162 147 64 
126 123 129 132 129 127 123 125 126 124 121 114 112 112 109 104 105 105 105 105 109 102 103 50 49 33 19 22 49 24 43 43 34 26 27 31 36 32 30 26 29 30 32 35 32 27 29 30 25 21 19 37 26 53 25 57 88 91 85 64 51 29 55 88 145 165 184 182 171 122 107 140 147 115 117 102 32 17 16 12 12 14 13 14 31 22 28 56 28 29 19 15 18 84 159 126 179 167 106 35 
139 132 137 143 139 136 138 132 129 122 121 120 121 124 121 118 112 107 108 108 100 93 71 52 46 23 24 54 39 30 42 41 33 31 31 31 33 35 30 32 26 31 33 32 32 27 26 28 25 24 24 34 22 52 27 35 87 98 86 79 57 47 58 102 156 178 183 187 172 160 175 185 160 128 127 98 53 26 23 25 14 10 11 17 29 20 26 51 24 21 15 15 15 100 188 92 194 165 58 25 
147 138 146 159 156 160 171 166 164 158 151 143 137 134 129 124 122 114 118 116 96 79 54 56 23 30 44 55 40 44 37 37 33 35 34 30 36 34 34 33 26 28 25 27 30 28 22 25 26 23 24 35 22 52 29 33 57 101 100 82 71 65 62 119 162 173 161 187 187 178 187 181 152 132 130 114 87 59 46 29 10 8 8 18 26 24 33 46 20 18 14 17 16 95 196 94 136 180 83 24 
174 172 187 204 210 215 222 220 218 218 218 213 200 189 175 164 146 130 128 112 91 69 53 26 29 38 61 53 44 44 39 41 37 37 33 28 30 31 37 37 34 32 22 24 24 29 23 23 28 24 24 31 21 49 38 32 35 90 98 87 87 64 78 129 148 152 142 183 181 162 164 162 143 137 112 115 109 74 43 29 8 12 10 16 21 34 40 28 9 15 14 20 27 102 187 118 123 128 121 14 
223 219 222 228 227 226 220 223 230 225 224 226 227 219 214 210 204 181 162 120 86 58 38 32 41 57 53 44 45 42 43 39 41 40 31 28 31 34 33 27 35 43 30 20 19 28 22 24 29 30 27 24 18 43 48 20 33 48 96 102 65 75 88 132 133 132 144 175 160 128 131 158 141 140 107 107 80 45 35 26 7 12 14 17 30 52 38 17 6 9 12 15 17 121 168 178 223 83 124 36 
227 226 227 227 221 224 220 216 212 202 194 193 189 195 202 213 210 205 181 122 63 46 30 36 45 66 52 56 58 52 49 43 46 43 32 27 24 29 33 25 25 35 36 32 24 26 19 22 26 30 28 27 24 34 51 28 33 33 75 94 87 67 92 107 116 119 129 143 129 94 112 137 121 112 85 69 58 45 33 10 5 8 14 14 38 52 40 32 7 8 13 10 18 114 128 208 243 199 110 44 
215 214 216 211 203 188 185 178 177 161 147 144 131 142 155 167 191 196 166 89 51 30 33 41 60 58 57 62 67 58 47 48 49 42 35 25 24 36 34 22 27 30 33 38 29 26 19 18 21 26 29 27 27 29 51 39 33 28 43 94 105 85 104 91 115 110 90 112 96 60 91 112 98 92 81 60 52 39 23 6 3 5 13 16 27 52 43 26 7 12 13 9 24 98 114 238 240 243 147 37 
161 161 165 154 147 155 169 163 137 125 116 112 113 111 126 127 143 184 116 52 49 29 37 49 68 54 68 72 67 51 43 55 49 44 33 22 23 38 38 28 27 29 29 34 30 23 19 17 19 22 27 25 25 31 48 44 37 35 38 77 117 122 95 111 98 112 94 87 77 53 80 90 74 80 84 57 45 37 20 6 7 11 15 18 22 39 26 13 6 11 11 9 25 122 194 242 244 240 164 32 
156 157 162 147 147 151 144 124 103 104 104 104 107 101 103 105 145 142 60 49 43 34 40 51 64 58 67 75 70 54 54 60 46 45 30 18 24 32 34 25 21 22 32 31 26 21 20 17 22 19 23 23 25 30 48 46 39 41 50 90 113 114 109 117 138 137 81 67 80 48 74 79 76 88 77 56 41 45 41 15 6 10 15 19 17 25 14 9 8 7 9 10 25 134 223 236 247 239 128 32 
132 127 126 121 117 112 109 105 102 104 101 98 100 105 99 126 162 79 47 29 51 33 43 64 56 61 65 73 70 70 60 56 54 43 34 11 26 35 32 26 21 23 28 30 26 22 25 23 25 25 24 25 34 38 68 60 55 57 80 110 103 119 142 141 179 155 81 56 62 70 68 80 77 107 109 58 58 45 25 6 5 6 10 16 14 18 14 11 2 5 14 19 16 128 226 236 168 88 53 37 
114 108 103 97 100 98 100 98 100 100 101 103 109 111 128 161 114 49 34 31 51 38 41 71 54 55 70 80 79 73 62 49 51 35 26 21 33 37 33 31 30 29 29 29 31 28 30 36 38 41 35 34 54 65 95 90 93 66 93 130 138 134 134 179 186 129 107 57 53 68 93 119 104 124 133 99 109 81 35 6 5 9 12 15 18 21 13 8 4 8 13 17 15 140 221 238 186 74 55 54 
113 109 108 104 101 99 101 101 105 110 114 116 118 138 175 149 56 39 39 31 54 44 48 82 56 77 89 95 75 65 57 46 46 37 21 35 48 48 45 44 48 44 39 40 41 42 52 57 43 52 57 57 79 107 112 122 122 81 105 159 168 138 132 187 188 130 114 69 79 87 130 149 133 141 147 112 106 80 58 23 6 7 9 11 16 24 23 9 2 8 13 19 19 138 231 241 231 117 55 49 
124 123 124 123 122 118 118 115 118 118 124 134 155 180 186 101 33 37 40 37 62 46 51 78 66 80 77 85 64 57 51 49 52 50 38 54 80 85 91 95 122 122 98 67 65 70 107 123 74 49 84 93 113 133 136 137 126 120 119 174 176 138 130 156 192 177 122 105 100 117 148 137 119 131 135 88 82 93 108 62 23 8 8 11 10 19 24 9 4 10 13 19 19 143 226 199 118 109 77 51 
140 141 139 138 129 125 127 125 125 134 154 179 192 192 149 50 33 34 33 47 63 42 50 62 51 44 50 66 62 70 68 75 66 62 71 96 106 111 125 136 154 178 168 143 122 118 126 169 154 74 120 136 183 175 163 142 133 163 140 155 167 147 128 124 175 182 164 140 125 111 124 122 94 106 118 95 101 115 115 65 32 11 9 14 6 12 14 5 5 12 11 24 15 149 229 158 93 178 142 72 
142 139 138 147 158 166 172 172 183 190 184 186 190 175 95 34 38 31 42 59 47 42 40 45 43 44 70 88 89 110 110 117 86 70 92 117 121 125 147 156 146 188 187 175 177 167 163 160 183 120 161 177 210 215 183 135 162 187 173 141 165 175 148 156 150 150 151 164 155 135 104 109 111 87 83 97 102 110 106 64 18 4 7 16 14 12 11 8 7 11 16 32 11 156 233 243 217 110 123 83 
149 154 165 181 195 201 196 195 195 199 184 179 183 143 65 29 32 36 48 53 38 56 54 67 67 74 107 123 130 166 157 164 110 96 103 111 120 136 160 172 153 186 199 193 195 189 190 166 157 157 190 206 219 229 186 151 189 195 179 143 179 185 123 142 154 163 146 146 155 136 129 143 146 118 126 164 170 140 116 46 10 11 6 10 14 11 12 9 4 14 23 29 13 165 222 236 243 177 88 96 
183 189 197 199 201 198 194 195 186 166 139 122 132 119 45 33 29 44 60 89 83 88 78 81 79 84 126 152 156 188 190 198 136 101 138 155 146 162 167 176 168 183 205 207 203 203 200 190 155 190 203 210 227 227 189 184 196 200 177 172 182 171 162 172 176 158 153 150 152 159 168 174 181 162 132 165 180 180 137 31 14 13 9 14 20 22 21 11 4 16 20 21 24 172 222 241 238 236 86 111 
198 197 201 198 194 189 183 171 140 115 103 98 92 93 49 44 43 78 106 127 104 90 92 90 90 90 137 173 184 188 206 196 154 155 188 191 165 169 175 183 170 187 213 222 212 212 209 204 184 206 215 211 218 211 194 201 199 200 186 186 166 165 160 160 136 140 136 137 169 180 182 182 182 180 115 151 191 182 114 44 14 10 9 14 23 30 19 9 8 10 14 18 20 168 217 240 239 231 70 110 
192 191 191 184 169 156 140 131 97 101 102 101 93 91 76 71 79 124 141 139 121 110 112 91 100 99 149 193 211 195 214 157 172 201 203 213 187 169 182 183 176 185 217 223 222 217 212 211 191 197 223 219 211 201 200 206 202 201 187 177 137 153 154 163 160 164 147 140 158 162 172 174 166 157 165 187 197 182 143 81 16 10 7 7 15 30 15 11 4 9 20 23 32 172 219 238 243 183 42 113 
154 145 147 133 120 121 127 145 97 96 103 97 93 94 100 95 120 145 141 145 145 144 135 102 111 111 150 218 217 216 170 171 208 215 214 222 203 173 185 183 175 190 218 223 225 222 219 216 196 185 226 224 218 188 203 210 207 181 160 172 182 194 190 198 193 187 192 183 142 118 162 179 182 164 156 152 138 131 112 57 8 7 7 10 15 18 12 11 2 6 19 25 31 170 230 235 183 84 35 88 
117 113 117 125 133 145 163 152 104 102 106 97 93 96 101 120 158 149 159 166 164 174 175 128 108 110 144 214 222 193 159 203 215 218 224 222 205 172 186 185 174 196 219 223 226 225 223 220 209 184 221 222 212 183 209 210 199 151 166 194 199 200 195 198 201 196 196 194 182 152 188 178 135 109 106 113 108 97 82 40 8 5 8 13 19 25 17 10 6 7 18 18 24 180 179 203 119 72 41 110 
105 115 138 152 164 163 155 118 106 110 105 94 98 95 101 140 157 143 148 172 186 206 212 180 122 124 135 207 221 165 192 209 219 223 230 225 207 177 187 185 174 202 220 224 225 225 224 220 215 188 213 222 194 187 215 211 188 165 194 202 204 205 203 200 200 202 206 204 198 170 152 124 112 113 111 117 120 109 89 32 7 8 10 14 19 19 16 10 6 7 20 14 28 177 182 216 111 65 48 139 
117 124 141 142 133 143 126 88 101 107 103 94 93 103 101 124 151 161 135 124 173 216 227 215 143 134 132 205 204 182 206 216 217 217 227 224 207 179 193 187 175 203 216 219 223 224 225 220 218 193 207 217 182 207 214 205 187 191 200 200 200 200 200 202 210 209 205 203 204 187 125 121 129 125 120 125 128 108 78 27 10 10 10 11 14 11 14 11 3 8 13 17 27 167 188 156 121 71 53 153 
113 110 112 109 104 117 116 89 84 96 109 106 93 94 119 167 194 195 166 141 160 190 224 235 174 130 141 172 174 200 212 217 190 204 227 224 206 184 192 187 182 207 215 208 207 206 204 214 216 198 209 182 189 214 214 186 196 209 204 198 203 204 196 195 197 200 200 173 166 158 121 145 134 132 126 136 137 108 101 43 10 9 9 9 9 8 10 8 6 10 10 26 19 129 167 87 97 65 55 157 
102 94 98 99 98 106 142 135 116 121 110 113 110 104 159 206 204 199 192 177 207 189 174 178 149 123 132 118 151 213 220 202 174 208 218 218 207 186 196 190 174 181 172 160 172 177 182 179 187 185 159 185 213 216 190 186 210 203 201 193 175 159 160 167 143 156 176 178 170 154 136 155 153 159 166 179 167 147 139 51 14 9 7 6 5 5 5 5 5 8 16 27 22 136 153 82 75 63 79 165 
111 105 112 116 116 137 148 137 169 148 115 124 115 122 185 213 213 208 198 169 202 217 207 194 156 116 130 124 165 215 216 181 192 209 199 212 216 181 180 180 183 196 203 211 215 214 220 193 191 201 167 209 216 204 177 202 208 202 195 164 157 172 197 191 165 187 190 184 182 186 189 180 180 184 182 180 168 165 123 36 13 8 7 10 8 9 8 9 7 11 19 18 20 163 190 137 70 66 91 167 
126 120 124 125 121 134 123 174 204 149 117 122 123 128 186 212 215 211 198 166 208 218 219 219 209 179 146 132 179 215 205 173 206 190 188 210 210 165 163 188 207 216 220 219 222 218 210 187 210 201 203 215 212 187 191 202 202 196 165 164 191 203 197 170 167 163 140 134 124 129 146 167 161 166 171 184 176 158 105 46 13 4 8 16 13 15 14 16 14 17 17 15 22 138 219 196 109 102 118 160 
150 145 148 159 159 165 179 208 164 127 118 119 127 126 180 216 218 218 209 168 210 224 223 224 223 221 200 158 181 216 194 182 208 177 198 208 192 171 199 213 209 200 214 223 224 219 201 190 218 190 201 215 199 192 202 204 199 178 169 193 198 198 172 133 131 115 109 112 111 114 122 155 162 145 135 169 165 161 121 70 16 6 9 13 7 13 17 18 13 14 15 18 26 107 175 202 187 131 122 148 
210 206 208 217 221 224 224 181 130 118 127 125 130 124 175 217 221 222 224 186 209 224 227 229 229 225 226 193 179 216 189 195 197 179 206 201 179 204 219 209 185 174 211 226 225 218 189 198 219 189 202 212 189 207 213 207 190 182 199 200 197 176 136 110 117 122 126 126 127 125 147 209 228 215 190 175 145 142 117 72 24 14 15 19 15 17 19 22 21 22 22 24 32 161 159 155 154 126 127 118 
