204 204 205 204 203 203 203 202 202 203 203 202 202 199 180 182 194 199 201 201 201 210 187 187 200 199 199 200 199 195 195 196 195 196 195 193 192 193 192 190 185 173 154 92 58 58 59 60 56 53 55 57 51 46 45 50 65 53 66 60 64 72 86 92 95 98 97 107 111 114 114 113 117 121 125 116 117 121 118 119 121 127 123 125 126 121 122 123 126 124 124 130 126 119 131 122 108 84 71 68 
204 204 205 204 203 203 203 203 202 203 203 203 202 198 173 191 196 199 200 201 200 201 197 200 201 199 199 199 198 197 195 195 196 196 195 194 194 191 164 177 180 131 68 55 55 57 56 55 53 48 52 51 52 48 46 49 57 57 62 57 63 70 84 92 94 96 101 101 105 105 109 109 117 123 124 115 112 116 116 116 124 126 124 123 125 120 123 129 135 126 123 129 131 133 122 116 103 88 89 89 
205 205 204 204 204 204 203 204 204 203 203 203 201 191 175 194 198 200 200 202 200 199 197 200 200 199 200 199 197 197 196 196 196 196 196 193 193 187 160 142 92 57 53 54 53 52 49 48 47 48 52 50 50 45 45 47 45 51 57 57 62 65 73 88 91 91 102 102 104 105 106 110 115 124 129 119 111 117 119 118 122 122 126 125 125 127 126 130 132 128 125 131 135 125 126 128 121 114 97 91 
205 205 205 205 205 204 204 204 204 203 203 203 202 184 179 197 200 201 202 203 202 201 201 200 198 200 202 200 195 195 195 197 198 195 192 183 148 107 65 54 53 51 50 51 50 48 47 44 46 47 47 49 47 46 42 47 44 42 52 56 62 59 68 85 92 92 99 97 100 104 106 112 117 128 119 116 109 116 118 120 125 121 128 123 124 126 127 133 131 127 132 134 125 124 132 132 130 120 88 76 
205 205 205 205 206 205 205 204 204 202 203 202 201 174 185 200 200 200 203 203 203 201 201 198 200 202 193 193 195 194 195 193 187 165 128 81 57 55 53 54 53 51 48 46 45 44 45 43 43 46 47 48 51 47 43 46 44 38 39 55 59 57 62 84 85 93 100 98 97 104 107 111 121 116 118 116 111 117 121 119 124 126 127 124 122 126 131 134 130 132 140 137 130 120 135 138 126 107 86 70 
208 207 208 207 207 205 205 205 205 204 204 203 193 174 195 201 202 205 205 204 202 202 201 200 200 199 194 197 197 185 163 121 81 58 54 50 53 54 54 53 52 52 49 47 45 43 42 44 43 47 49 46 47 48 46 45 44 36 32 42 59 56 61 87 88 93 96 93 99 111 109 105 107 111 118 119 114 121 121 120 119 126 125 122 123 129 128 128 127 131 137 128 130 132 135 132 120 111 100 89 
206 206 206 207 209 209 209 209 209 208 206 206 186 178 197 199 202 202 204 204 203 202 200 200 200 198 194 171 133 86 65 57 56 55 55 56 54 55 54 54 57 59 56 52 49 49 47 45 47 47 47 49 52 51 47 46 48 39 32 34 49 52 58 81 88 93 97 98 98 108 115 108 103 108 115 118 113 118 118 117 120 125 121 121 126 129 132 126 129 133 132 128 120 118 117 118 113 113 111 103 
207 205 206 206 206 206 206 206 206 206 207 206 205 201 201 198 196 195 194 193 193 194 197 200 196 190 142 82 63 59 58 58 54 54 57 58 57 60 58 55 53 58 63 62 58 53 53 50 53 53 55 57 55 50 49 52 53 46 33 32 44 48 59 75 92 97 99 101 97 98 106 108 107 106 115 118 115 116 117 115 121 123 123 122 129 128 129 125 127 132 125 127 112 116 118 113 124 125 116 107 
214 214 214 214 211 213 213 212 208 209 209 207 207 207 206 206 207 207 207 206 205 203 201 195 174 116 68 64 61 59 56 56 56 54 57 59 55 58 61 61 59 63 62 60 60 62 58 56 58 56 60 60 57 58 53 51 53 44 35 34 40 48 61 71 92 100 99 105 101 98 108 113 110 110 111 117 119 122 117 113 119 121 122 123 128 128 122 120 129 133 128 121 112 116 119 126 127 122 107 106 
214 214 214 214 214 216 219 217 212 219 218 214 214 214 211 211 208 207 208 207 207 205 202 176 105 68 63 64 63 58 59 57 58 56 58 63 59 63 63 63 59 56 51 53 57 62 58 58 57 61 54 57 62 58 54 46 43 45 37 33 37 46 56 70 95 99 103 104 105 100 105 116 108 113 109 115 116 120 115 115 121 122 120 123 128 127 123 127 133 133 117 112 117 123 131 131 126 112 108 83 
214 214 215 212 213 214 220 215 209 221 217 212 214 213 212 213 212 211 213 212 212 208 180 101 66 67 61 62 62 60 64 62 62 60 61 59 61 64 60 59 59 53 55 50 49 48 56 55 50 50 52 57 54 56 52 45 39 39 37 30 32 44 52 65 89 97 108 100 105 105 110 115 106 114 108 112 117 113 117 120 116 120 123 126 126 127 124 129 131 148 108 115 122 140 141 128 118 124 99 98 
213 214 213 212 211 213 221 213 206 220 216 212 214 213 211 211 211 211 212 211 210 193 105 71 68 63 67 64 62 64 68 66 66 66 64 62 58 60 57 56 56 56 56 53 46 47 48 49 49 49 48 54 57 55 51 54 45 38 34 33 31 39 48 64 88 97 102 99 103 106 108 106 98 110 111 116 113 112 119 121 111 117 120 127 127 123 124 129 131 174 105 130 131 136 132 122 117 120 109 102 
214 214 214 213 214 214 218 213 208 222 216 212 213 212 210 208 210 213 209 210 202 140 80 70 67 63 69 67 64 63 63 69 65 66 63 64 58 58 58 56 55 57 54 51 48 46 45 51 46 48 50 51 52 55 57 57 52 47 50 42 35 35 46 63 92 97 97 97 97 100 104 102 103 112 107 113 114 115 116 119 114 121 120 122 123 119 124 127 127 125 120 130 133 147 130 124 113 124 98 120 
214 214 214 213 214 213 215 208 216 222 215 212 215 213 211 210 211 211 211 209 178 89 76 68 70 64 69 67 67 64 62 70 64 60 60 63 58 58 56 55 55 58 51 55 51 48 44 45 44 44 45 44 45 49 53 56 56 55 54 44 40 36 44 62 86 91 90 87 90 100 103 101 105 108 110 113 112 114 115 116 116 120 119 122 124 125 121 122 123 125 125 124 137 148 125 105 120 121 86 107 
217 217 215 214 215 216 212 200 218 224 214 214 213 213 213 213 211 210 211 205 130 75 71 72 73 67 70 70 69 66 66 68 64 62 61 61 55 53 52 53 53 54 55 58 54 51 49 49 47 43 44 46 44 43 47 50 56 58 54 51 46 42 43 56 78 88 89 85 91 101 102 101 103 106 113 108 111 116 111 112 115 116 118 117 124 124 120 123 123 125 134 130 134 133 129 116 118 104 90 105 
218 217 216 215 217 217 210 201 217 226 217 216 213 212 213 214 213 212 209 175 79 75 73 72 73 73 69 68 68 68 66 63 60 56 54 51 52 50 51 50 48 47 46 47 46 46 43 44 43 44 44 41 41 41 40 46 50 51 52 53 47 39 45 55 71 84 89 89 94 99 99 99 100 109 110 106 116 116 112 114 116 113 117 119 123 122 121 119 124 133 120 121 125 127 140 134 122 111 93 88 
218 216 217 217 218 217 207 206 223 227 217 218 215 213 214 215 216 213 204 125 68 71 71 73 73 73 73 73 71 70 59 57 52 52 49 46 46 47 48 51 46 45 46 46 49 46 42 41 40 40 41 41 44 42 43 47 51 53 51 52 48 43 45 56 68 82 99 91 90 92 98 100 108 111 112 106 114 123 115 114 112 110 117 119 121 129 122 122 129 117 119 123 108 127 140 139 111 98 84 78 
218 217 218 219 217 219 206 211 229 228 217 217 216 215 214 215 212 212 182 77 63 68 72 74 71 73 76 72 68 63 55 49 51 48 44 44 44 43 45 48 45 48 47 47 49 50 45 45 49 47 47 45 44 50 51 51 49 50 51 54 52 45 48 56 64 83 88 90 92 96 98 100 106 109 104 105 112 116 114 110 113 113 115 118 116 124 128 128 114 120 115 108 99 133 148 143 120 105 87 77 
220 218 220 219 220 218 207 216 232 226 220 218 218 218 215 214 216 212 131 67 66 67 72 71 68 71 75 66 66 59 53 50 51 45 44 41 47 48 45 50 41 46 48 45 47 47 46 47 46 50 50 46 47 49 50 49 44 45 49 50 45 48 55 59 56 73 87 91 94 93 97 103 105 108 104 109 112 112 111 110 116 115 116 117 122 124 129 124 124 119 117 106 104 136 143 142 138 119 95 90 
221 220 221 219 221 214 203 217 233 229 222 220 217 219 217 215 216 197 93 68 66 69 73 70 71 69 73 66 60 57 56 53 55 52 48 44 42 46 45 45 41 43 42 40 42 44 43 47 45 48 51 49 48 41 44 43 46 42 45 47 52 54 57 59 54 70 90 90 94 94 99 104 102 106 105 110 112 112 114 117 125 132 119 118 120 125 132 123 119 118 112 99 106 130 139 141 139 105 79 161 
223 221 221 222 221 216 205 221 233 228 221 218 213 221 218 218 218 165 76 70 70 72 71 71 72 69 70 66 59 50 49 49 54 51 46 44 44 45 44 44 41 42 44 44 45 45 48 49 45 47 52 50 43 45 47 43 43 44 46 48 49 55 56 52 48 70 91 93 94 95 97 101 98 102 112 110 107 113 115 116 121 152 124 121 125 122 124 121 121 118 104 90 93 120 143 146 137 85 113 209 
226 223 223 221 224 219 207 223 235 230 221 219 216 215 217 219 212 137 72 69 68 67 67 70 73 68 65 64 57 54 48 50 55 53 50 46 50 46 43 43 45 44 47 47 47 49 48 53 48 52 50 47 51 53 49 47 48 54 53 55 55 49 49 49 50 70 92 92 92 98 96 102 97 104 112 106 109 112 114 115 117 115 119 128 131 131 124 118 114 98 72 68 90 97 114 139 143 88 155 229 
226 224 220 224 223 218 208 223 235 231 221 221 222 218 218 218 210 104 72 69 68 66 64 72 70 73 68 62 57 65 62 57 51 48 46 43 43 43 45 46 45 46 48 49 47 41 42 46 45 48 52 54 55 52 56 57 54 52 56 52 50 51 51 51 48 69 91 91 95 94 106 102 98 113 113 109 113 117 115 115 118 114 117 128 131 128 111 86 71 61 58 61 76 81 85 99 138 122 202 236 
222 226 222 223 222 217 207 224 236 235 226 221 218 220 218 218 206 94 71 65 67 66 60 65 69 69 68 61 62 64 63 55 52 49 43 41 42 43 45 47 44 46 46 45 44 45 45 49 45 49 54 51 52 51 48 49 48 49 48 48 51 51 53 50 46 69 89 92 97 97 103 99 99 114 117 112 116 110 111 117 118 115 118 130 130 120 69 59 63 58 57 54 53 57 57 70 100 153 224 227 
227 231 229 228 225 212 210 224 234 235 228 221 223 221 220 215 197 84 71 68 69 70 68 62 66 70 67 67 70 67 64 58 53 53 47 46 46 47 50 46 48 50 53 50 49 56 52 52 46 50 46 49 48 47 42 44 44 46 48 47 49 51 54 53 51 72 96 95 100 104 104 97 105 113 117 124 117 106 107 130 122 115 120 131 123 104 58 55 48 43 43 56 64 76 61 58 62 133 215 158 
225 225 228 231 230 217 211 227 236 234 225 222 222 221 220 218 182 80 69 70 70 68 67 70 61 66 67 71 69 69 68 61 61 61 57 50 56 53 57 52 51 53 56 52 55 51 51 53 49 53 51 52 51 54 54 53 51 49 52 55 56 57 57 53 47 73 89 88 97 99 101 104 109 112 115 128 118 104 110 130 112 116 124 120 99 59 42 41 39 39 40 44 57 85 119 71 76 138 145 132 
227 224 225 227 226 219 213 230 239 237 225 223 223 222 222 220 159 75 72 68 67 67 67 68 64 68 72 72 69 69 66 64 65 66 65 62 68 62 60 53 55 60 57 55 58 55 52 49 47 48 49 48 51 51 53 54 51 58 54 59 58 55 51 48 49 75 87 95 96 102 101 103 111 107 116 129 112 106 110 114 108 108 115 97 56 42 37 39 41 38 41 56 74 100 80 64 72 103 122 168 
225 226 224 226 226 214 215 232 240 234 226 225 222 222 221 220 139 75 74 66 65 67 66 70 68 69 68 71 69 66 67 69 69 66 68 67 67 67 64 71 63 62 63 52 55 51 45 46 42 46 47 45 45 50 47 49 47 51 53 56 54 53 53 52 52 74 95 98 96 101 98 116 105 108 113 117 105 107 109 113 106 98 78 52 41 36 39 46 44 42 56 58 63 69 66 55 57 98 155 135 
227 227 224 224 223 211 219 234 241 232 225 226 223 225 222 222 138 75 72 69 65 66 67 71 70 73 72 73 69 68 74 71 70 73 69 71 67 70 65 67 63 60 56 50 48 46 43 44 42 44 44 47 48 52 47 44 47 48 46 47 54 56 55 53 51 69 98 98 100 99 95 106 105 106 107 108 107 110 109 105 86 57 45 43 38 36 38 46 47 48 41 36 49 49 48 55 63 132 136 108 
229 228 228 226 223 211 224 235 241 229 222 227 226 225 223 219 143 75 72 70 67 65 66 68 68 69 69 70 70 69 73 74 70 68 69 72 72 68 67 64 60 58 54 50 47 45 44 51 47 48 50 49 51 54 55 48 51 53 54 56 53 54 54 52 46 68 98 99 95 97 92 101 104 107 105 103 106 104 92 71 52 44 40 40 38 36 36 35 36 36 36 34 47 47 47 59 102 125 108 113 
230 228 229 230 224 212 226 235 239 233 223 226 226 225 222 222 138 76 73 70 66 69 65 65 69 70 70 74 76 72 75 68 71 71 69 67 68 69 61 67 61 59 55 52 53 50 47 54 48 52 58 54 55 62 57 57 53 54 53 53 49 46 46 44 51 67 98 97 95 95 93 109 106 110 106 112 99 74 56 45 39 37 36 37 37 36 33 34 38 44 50 43 42 45 50 62 112 107 109 116 
230 229 231 228 223 216 228 236 239 232 227 227 225 227 222 221 149 74 70 69 68 67 66 67 70 69 71 75 75 77 71 68 71 68 64 66 66 64 71 67 69 65 63 65 63 63 61 57 60 59 56 65 58 59 54 51 52 51 48 47 46 48 45 48 52 61 96 98 93 93 98 102 105 103 93 75 59 49 46 39 35 34 36 34 37 42 47 42 47 54 85 117 113 49 57 79 106 103 109 117 
230 230 227 227 220 216 231 236 235 236 231 230 225 221 226 224 162 76 71 69 68 65 72 72 76 76 72 74 75 71 66 66 70 69 68 71 68 71 71 66 73 70 66 70 71 60 62 61 62 63 61 61 58 56 51 47 48 46 45 46 44 46 45 48 50 58 86 92 95 98 101 99 88 67 52 46 43 38 36 36 35 35 35 33 36 40 49 48 42 43 42 45 52 58 73 83 106 104 109 117 
228 233 223 225 228 220 230 234 237 233 225 227 230 227 226 225 168 79 74 69 69 72 79 75 80 79 79 75 76 72 69 70 71 67 69 70 73 71 70 67 69 74 67 62 62 58 57 56 56 59 56 56 56 53 52 51 55 50 51 48 51 52 48 49 53 61 89 96 98 102 86 72 57 48 45 40 36 34 36 35 33 35 33 32 34 39 45 47 48 48 47 45 47 64 73 94 110 105 111 115 
232 230 230 228 226 220 230 237 238 232 228 228 226 228 228 226 179 84 75 73 73 74 79 78 77 79 76 74 75 73 69 68 71 73 69 70 72 75 70 67 65 66 64 62 60 64 61 59 63 65 62 64 65 60 58 62 61 57 52 49 48 51 53 54 51 54 85 95 93 72 59 51 44 40 36 34 35 36 35 35 34 34 32 35 36 35 42 52 58 59 64 64 64 70 93 108 125 110 114 115 
231 232 231 230 225 225 231 237 239 232 227 226 225 226 225 227 200 90 75 79 80 79 79 77 76 77 75 69 74 71 72 77 73 78 73 74 70 73 69 68 66 63 63 59 62 68 63 66 67 71 63 65 69 65 63 66 61 56 59 51 48 49 51 53 55 60 82 82 64 51 44 41 38 36 34 34 34 35 33 32 33 32 33 38 41 44 53 65 84 102 101 83 74 89 106 109 132 118 120 124 
231 230 232 230 227 224 229 236 239 235 231 229 227 228 226 228 214 102 76 78 75 79 80 78 80 80 74 75 77 72 71 78 71 73 69 71 64 65 59 63 62 58 67 61 66 63 63 68 68 65 71 67 65 64 63 65 61 61 59 52 50 51 52 50 59 67 73 58 49 42 41 40 40 36 34 34 33 33 34 32 35 34 37 45 57 79 99 116 113 115 94 88 103 105 104 112 142 121 123 131 
230 232 232 229 230 222 231 238 237 233 230 230 229 228 227 227 223 119 77 79 76 78 79 80 76 82 76 75 76 71 68 72 71 70 67 70 70 65 65 64 68 60 64 62 66 63 62 64 66 61 62 62 62 57 54 55 54 55 57 53 59 59 60 59 70 74 55 48 44 38 40 40 35 38 39 40 38 38 46 52 45 39 43 71 120 128 113 101 101 97 89 103 125 99 98 110 147 122 125 133 
232 232 231 231 234 226 231 237 235 234 231 231 232 228 227 226 225 153 79 76 74 77 81 81 76 76 75 71 71 67 66 70 72 67 65 64 63 64 61 67 64 61 57 58 56 55 62 52 53 54 54 52 52 51 48 53 56 56 60 58 65 69 65 65 76 60 43 44 40 40 37 35 34 34 34 36 43 47 46 46 50 67 96 123 139 131 120 117 108 100 100 110 110 113 105 111 155 119 127 133 
234 233 231 234 236 231 230 238 233 229 234 230 232 232 227 226 226 185 82 76 78 78 82 83 77 76 74 69 68 64 65 67 76 65 64 66 62 57 58 50 50 54 49 47 49 56 51 47 53 47 54 49 55 58 53 57 59 57 57 59 62 65 68 69 66 50 38 41 43 42 37 33 32 31 32 34 33 36 46 80 108 123 153 160 139 120 123 124 113 113 106 98 115 110 103 106 160 120 127 134 
234 233 233 235 236 233 231 239 233 232 232 229 231 232 232 228 227 202 93 78 82 80 79 84 78 76 74 68 65 66 68 67 76 63 65 62 54 51 50 49 45 47 47 49 50 52 46 49 52 47 54 52 58 65 57 52 56 56 59 59 55 60 67 75 52 44 38 39 41 40 36 34 32 31 33 36 38 55 56 85 117 148 159 135 124 125 144 126 115 113 101 97 123 124 107 107 161 126 129 133 
235 234 233 235 236 234 235 239 234 231 232 232 231 231 233 230 228 208 103 82 79 79 77 83 81 77 79 72 68 71 74 72 71 66 61 55 53 52 51 52 48 49 47 48 49 46 47 50 50 52 52 54 55 51 50 48 51 51 53 56 51 66 76 62 42 40 38 35 34 36 35 32 33 36 38 50 62 65 95 136 161 147 132 123 126 142 137 126 131 120 104 117 135 141 114 113 165 132 129 136 
236 234 231 235 236 231 238 237 232 233 233 231 235 235 231 230 228 220 127 80 75 76 77 82 85 80 74 76 73 73 72 66 60 74 64 59 54 53 46 49 46 47 45 49 47 50 49 50 47 45 48 49 50 47 50 51 46 43 49 53 69 79 66 50 41 39 40 34 31 34 33 33 36 36 39 46 66 90 110 156 146 138 137 138 138 139 122 145 148 126 109 129 148 135 116 114 164 138 135 139 
236 235 234 235 237 230 240 241 234 235 233 231 233 231 233 233 230 225 166 83 75 76 77 81 81 84 84 78 76 73 67 67 60 67 64 57 55 55 47 49 53 51 48 51 51 51 52 50 50 49 47 50 50 47 48 45 45 49 57 75 73 62 54 47 45 39 39 35 32 31 29 32 34 34 37 44 53 85 141 150 138 140 143 142 143 123 142 156 132 107 114 142 156 138 124 119 161 141 136 143 
235 236 234 236 236 231 240 242 233 236 236 235 233 232 232 233 232 231 202 96 83 79 76 81 85 85 84 84 75 70 65 66 60 62 60 51 51 52 48 48 51 55 54 53 54 54 52 51 48 47 47 47 46 47 47 51 58 70 76 63 50 49 47 45 45 40 37 39 35 34 34 33 34 36 37 40 61 138 160 135 138 142 142 136 133 126 133 119 115 95 118 153 152 145 131 119 156 148 138 142 
236 235 235 236 235 231 237 241 237 236 236 235 233 234 235 235 232 230 222 125 82 76 78 80 82 87 88 85 77 71 65 64 57 55 49 49 51 52 50 50 55 58 60 59 58 58 59 57 54 53 53 51 54 56 64 76 81 72 57 48 42 44 45 43 42 39 31 33 31 36 36 36 37 39 37 44 128 179 147 132 149 140 136 132 124 130 123 103 102 91 111 151 147 140 129 120 154 155 138 143 
237 237 237 237 236 231 235 240 238 235 234 235 236 232 236 235 233 232 225 159 89 80 79 80 80 87 91 83 74 66 64 61 58 56 55 56 57 60 60 56 61 56 58 59 62 62 62 67 64 65 62 63 65 71 81 85 78 59 45 41 38 36 42 44 40 38 30 30 31 33 35 33 33 36 40 106 172 147 135 137 142 131 131 129 133 118 100 103 94 102 124 148 151 143 131 123 147 160 139 143 
238 238 237 237 238 233 236 240 237 234 234 234 236 234 235 234 231 232 231 198 107 86 81 85 82 90 90 78 70 64 63 63 61 62 59 54 51 53 55 57 62 58 59 61 69 72 72 74 70 73 73 73 72 74 77 76 65 51 41 41 36 33 36 38 37 37 32 30 29 30 31 32 34 38 91 168 153 148 133 137 128 127 120 135 120 99 103 113 92 111 142 147 143 133 129 123 138 159 139 145 
239 237 237 240 240 236 236 240 238 233 235 236 235 235 235 237 236 232 229 220 150 91 84 88 86 87 87 73 65 63 64 61 59 59 56 56 57 60 63 67 72 67 66 68 70 77 78 78 75 71 67 75 78 79 59 57 53 49 40 36 34 32 32 33 36 34 32 34 32 31 31 32 37 68 174 168 163 148 141 132 119 124 125 136 103 109 115 107 97 129 134 139 149 137 124 118 131 160 141 148 
239 239 237 240 242 237 238 241 238 231 235 236 236 236 235 237 236 234 227 225 192 104 89 85 87 89 80 68 64 63 61 60 59 59 57 63 62 63 67 66 71 70 74 72 76 79 76 74 73 71 77 84 82 66 50 49 48 47 44 36 34 33 32 31 34 35 37 36 34 36 32 36 48 146 192 200 160 144 133 131 129 128 132 126 121 111 133 111 112 126 135 142 145 128 125 119 129 163 142 155 
239 240 237 240 242 238 238 239 236 238 233 236 236 237 236 236 235 234 227 223 203 149 95 92 91 85 72 65 65 63 64 59 59 63 67 73 72 69 72 67 71 74 76 77 77 75 76 77 80 83 82 81 66 54 50 50 49 48 43 38 34 33 32 30 31 34 35 32 31 37 37 39 103 190 214 173 151 142 131 129 135 136 128 132 118 120 125 120 127 133 142 142 142 126 123 119 129 172 146 152 
238 240 238 241 239 239 238 239 236 240 238 237 237 236 235 237 235 234 230 221 207 179 118 96 92 88 72 65 64 60 60 62 62 66 72 74 70 77 75 73 75 74 71 76 74 81 83 84 91 78 65 64 53 45 40 45 44 44 41 40 38 38 33 32 29 29 31 31 33 35 43 70 175 212 184 147 150 136 135 143 141 129 133 133 120 129 123 136 137 141 141 140 148 124 126 126 130 180 153 153 
239 241 239 241 238 238 241 239 239 238 238 239 239 237 236 238 238 235 232 222 208 196 146 103 95 89 79 68 60 61 65 67 66 67 71 76 80 80 79 80 70 64 60 66 69 72 69 71 77 63 51 52 48 41 36 39 39 40 40 41 42 39 36 32 31 31 31 33 36 39 51 124 209 185 148 150 132 136 134 145 135 129 139 125 119 116 121 132 144 137 140 141 142 128 128 130 140 180 160 163 
242 242 239 242 236 236 244 243 236 236 236 241 240 240 238 238 237 236 234 219 210 191 159 106 92 87 77 65 63 67 71 71 74 75 79 76 79 81 78 70 61 59 59 66 73 66 63 62 56 50 47 43 46 42 36 32 32 35 37 37 37 36 35 36 36 35 35 37 40 42 81 184 188 149 143 124 136 128 135 138 137 140 134 122 108 110 116 136 139 136 138 139 136 129 130 129 137 181 170 161 
241 241 239 242 236 238 246 243 234 236 236 239 242 241 240 237 236 238 233 218 209 195 169 113 94 87 77 64 64 77 75 79 78 71 74 72 66 68 65 62 58 55 54 68 70 63 55 51 50 45 46 41 43 43 37 34 29 31 37 33 31 31 36 37 39 40 42 44 50 53 135 181 140 148 122 133 138 133 136 133 140 138 131 118 109 109 122 140 132 129 134 138 135 131 130 134 137 178 168 158 
241 242 241 239 234 238 246 245 236 238 236 236 243 241 239 239 241 236 232 214 217 194 160 106 95 90 82 75 73 84 83 78 81 75 69 66 60 57 53 50 50 49 53 63 52 51 54 50 47 42 39 43 45 41 36 34 31 30 32 37 31 30 31 35 40 43 39 46 50 83 162 140 138 120 122 133 131 135 131 131 149 142 130 114 101 116 130 127 129 131 132 132 133 132 131 137 145 181 163 158 
242 243 243 240 232 237 247 244 240 241 239 238 241 241 240 240 240 238 235 218 215 194 160 105 90 87 82 81 81 84 93 89 77 67 62 60 54 53 50 48 48 44 47 53 44 43 43 45 43 39 39 37 41 40 40 36 33 33 30 31 32 33 31 31 39 48 42 46 54 112 133 141 120 115 125 122 125 130 130 133 130 143 133 109 97 115 129 122 126 130 134 132 132 137 136 141 148 176 164 155 
241 243 244 240 231 237 247 246 239 240 242 240 238 242 238 237 242 240 236 225 212 193 169 112 95 92 88 80 79 83 86 85 76 63 64 58 54 52 49 45 42 39 42 44 41 41 41 40 42 37 35 41 37 38 38 35 36 30 29 28 29 33 37 37 39 42 46 47 68 111 132 111 108 115 122 126 130 134 125 104 114 160 135 102 107 118 132 131 131 131 134 132 133 138 137 145 147 174 176 161 
241 242 244 240 231 237 248 248 243 239 240 240 238 240 240 240 241 240 237 228 216 201 179 126 97 93 89 79 78 84 83 83 78 63 68 64 56 49 46 42 41 39 39 42 38 40 40 40 44 40 38 36 35 35 33 32 34 29 28 28 31 33 41 43 39 38 43 49 75 132 119 103 108 111 120 132 128 138 113 101 161 185 152 113 109 121 147 141 137 133 132 130 134 141 141 148 152 171 179 160 
242 244 244 239 230 237 245 250 245 243 244 245 244 242 243 242 243 242 238 230 223 200 189 155 99 89 86 79 76 84 83 80 80 73 70 65 57 51 50 44 42 41 37 41 41 39 38 39 39 38 35 34 37 36 35 32 32 30 28 28 30 34 42 45 43 42 42 51 98 132 108 104 109 115 125 138 129 129 113 127 200 208 178 129 110 131 144 136 135 142 133 131 136 144 148 153 153 164 182 162 
244 244 243 238 226 237 246 246 242 240 242 244 242 240 241 240 243 244 240 233 222 206 197 172 112 86 82 82 78 84 80 82 81 71 67 67 59 54 49 46 42 42 43 43 46 39 36 37 36 36 34 34 34 34 34 35 33 31 30 30 31 34 36 40 40 37 40 69 108 115 109 106 109 122 130 127 131 116 123 118 118 151 138 136 135 130 132 121 134 144 137 136 138 148 154 151 152 162 189 170 
244 245 244 238 229 238 248 248 244 235 243 245 242 240 243 243 242 244 241 232 220 201 201 175 122 87 83 85 81 82 83 80 77 70 66 57 53 49 45 44 40 39 39 43 54 45 41 38 32 32 33 35 33 33 36 34 35 34 33 35 37 38 35 36 40 35 46 86 105 107 101 104 111 120 120 125 128 121 121 116 103 104 127 137 143 145 139 129 134 136 136 129 136 144 153 156 154 159 188 169 
245 242 245 239 229 239 247 249 246 242 245 244 245 242 241 243 240 246 241 231 231 213 196 182 119 88 87 88 84 80 77 77 75 72 64 54 53 49 48 47 44 42 39 35 36 39 42 42 37 35 33 34 32 34 33 33 34 32 33 39 43 39 36 38 37 38 59 89 105 104 102 105 114 118 118 119 125 122 125 101 102 105 124 132 139 141 125 132 132 135 129 123 138 138 148 155 155 159 183 169 
243 239 242 238 231 241 248 246 245 244 245 244 244 244 243 238 240 244 239 239 231 217 195 162 104 88 87 87 86 82 77 71 69 67 64 61 57 59 61 61 53 51 47 41 36 41 37 36 37 37 34 36 35 34 33 33 32 33 35 39 41 43 36 37 37 42 70 97 100 100 105 109 117 121 119 118 117 121 127 100 103 95 116 131 135 144 123 134 132 138 123 119 133 140 152 146 158 158 186 168 
242 242 243 237 231 242 248 246 244 246 244 244 244 244 247 242 242 240 239 243 231 217 202 143 92 85 89 90 84 80 80 75 69 67 76 76 77 73 76 77 68 63 54 49 46 47 40 32 33 35 33 34 35 32 33 36 37 40 42 41 40 37 41 42 39 53 72 93 98 104 107 110 122 120 114 115 111 114 108 103 111 93 121 133 132 152 124 137 133 130 130 127 123 135 147 148 155 154 187 175 
242 239 245 236 231 243 248 247 246 244 244 245 245 245 246 245 243 238 228 185 156 150 136 100 78 78 82 75 72 66 61 57 53 54 58 62 66 62 61 63 69 69 59 54 52 51 46 41 34 33 32 32 34 34 33 32 31 35 46 45 43 40 42 49 48 62 77 87 98 107 106 112 121 121 111 115 108 104 110 109 99 93 119 133 138 140 133 136 127 124 119 129 123 134 136 158 155 151 184 178 
246 245 243 233 230 243 247 249 247 248 246 244 245 246 244 244 242 211 113 93 98 99 94 85 96 81 77 72 64 53 43 41 42 44 45 48 52 49 50 50 52 55 55 53 58 60 55 52 44 36 32 30 31 32 34 36 34 37 41 43 40 41 41 42 51 67 79 81 96 108 103 115 121 118 115 115 107 102 106 110 94 102 120 133 138 141 132 133 125 119 111 116 116 132 128 145 154 153 178 182 
245 245 244 231 232 245 248 247 246 245 245 246 246 245 245 242 243 189 93 101 96 93 100 107 112 96 99 80 74 70 60 55 51 45 41 44 45 46 45 47 48 51 55 57 53 53 55 60 53 44 41 36 32 30 33 36 35 44 43 40 43 48 50 51 54 70 81 76 92 111 110 118 119 112 114 111 105 108 110 111 107 114 126 132 132 131 130 132 126 120 120 120 123 124 142 145 148 151 176 174 
246 245 244 230 235 247 249 245 244 243 245 248 246 245 243 245 243 225 121 107 104 98 98 115 125 103 104 76 70 68 80 125 123 88 59 42 43 48 50 54 61 57 60 60 49 49 50 56 56 51 44 40 37 32 30 31 37 44 44 36 39 46 57 49 57 70 77 79 93 116 112 115 114 107 114 108 107 107 113 116 119 125 135 127 131 131 134 135 134 119 114 117 123 124 131 140 128 141 160 173 
247 246 245 230 235 248 250 246 244 246 246 246 245 245 245 245 242 240 208 110 105 110 101 112 101 92 93 66 91 95 94 112 117 98 75 56 47 53 56 59 62 57 58 55 47 46 43 46 51 54 49 41 39 40 34 31 37 42 37 35 39 46 41 44 66 70 73 80 91 123 111 112 113 106 114 109 109 107 111 118 133 132 140 129 142 133 133 136 126 118 109 112 111 114 117 135 124 143 145 166 
247 247 244 230 236 247 251 250 248 249 248 246 244 246 247 247 246 246 239 198 94 91 99 102 85 83 83 68 66 72 91 106 104 82 73 64 62 62 61 65 64 60 59 55 48 47 44 40 41 45 50 49 48 43 41 40 39 45 35 39 45 37 46 55 68 68 74 77 86 122 114 115 117 107 114 114 112 112 110 121 133 141 133 133 137 132 134 133 124 120 115 115 115 114 119 132 124 131 160 172 
247 248 244 231 237 247 251 249 248 247 248 247 244 246 246 246 245 245 242 227 120 69 68 82 93 108 98 80 81 83 111 123 92 72 68 65 67 69 74 79 75 77 68 68 70 57 47 43 40 43 43 47 46 55 50 43 45 41 38 47 43 50 47 59 69 72 76 80 89 119 113 111 117 109 117 121 115 117 113 124 128 138 131 141 139 136 133 124 120 116 118 115 116 115 122 125 124 124 142 173 
248 249 244 232 238 247 251 249 248 246 247 248 246 245 246 246 245 246 240 199 102 69 61 55 56 67 77 81 92 83 91 116 99 66 58 58 63 66 80 91 81 82 67 65 108 135 112 63 44 40 41 44 45 55 62 52 54 46 51 48 56 49 49 68 75 76 79 89 90 117 116 118 117 111 118 119 118 122 127 121 120 127 136 142 140 134 130 123 117 114 116 114 114 116 117 120 125 130 132 175 
247 249 242 230 240 250 251 250 247 246 248 248 246 245 248 248 246 247 240 163 92 71 56 52 47 46 46 52 60 67 61 73 81 69 63 63 59 65 82 93 80 73 62 57 135 163 157 148 64 44 43 44 46 50 61 62 56 53 59 56 50 50 57 69 77 73 79 89 101 111 116 116 118 112 114 120 124 130 128 123 123 132 138 136 136 132 130 121 118 115 114 114 119 117 120 123 124 127 126 177 
247 249 242 230 241 250 252 250 246 247 248 248 247 246 248 249 247 246 233 145 90 73 61 54 48 46 45 44 44 46 44 48 55 65 63 57 54 63 75 76 70 67 56 50 71 87 93 139 89 55 45 47 55 58 55 48 45 43 46 55 54 51 63 70 74 73 84 88 91 102 118 118 119 111 115 123 128 127 130 130 132 132 137 132 132 128 129 123 119 117 115 116 119 116 119 119 123 131 129 178 
247 249 244 231 241 250 252 249 247 248 248 248 248 248 248 249 248 245 223 129 92 75 64 60 52 49 47 49 49 46 44 42 43 44 50 51 53 58 62 70 74 69 65 52 56 126 135 142 82 79 58 55 58 63 60 46 42 42 43 46 54 58 74 73 71 75 88 90 91 101 119 119 119 109 117 128 120 119 129 132 131 130 135 127 132 128 128 125 122 119 117 114 118 120 117 123 120 130 126 170 
247 248 243 232 241 250 252 249 248 248 248 248 247 248 247 248 248 246 226 132 93 85 73 64 58 59 63 63 62 55 53 48 46 49 47 48 54 56 59 60 59 61 64 57 48 71 108 73 75 87 66 55 57 65 64 56 43 46 50 47 55 67 77 74 73 91 87 92 91 96 117 118 120 112 118 123 118 122 130 135 130 135 134 128 131 129 126 124 125 120 119 118 120 121 127 128 124 126 125 172 
249 249 242 234 243 250 252 250 248 249 249 248 249 248 248 248 248 248 237 143 96 88 74 68 71 71 70 68 65 65 61 54 48 47 49 51 51 56 56 55 48 48 49 48 45 40 48 55 61 58 53 52 52 47 48 48 47 50 49 49 57 65 76 77 78 82 80 93 91 101 118 121 116 116 118 126 120 126 134 134 133 136 133 131 131 130 130 126 125 122 118 119 123 127 133 129 134 132 126 165 
249 249 242 234 245 251 252 251 248 248 249 249 249 247 248 248 248 246 234 142 95 90 79 79 77 69 74 74 70 65 60 52 50 48 50 45 49 48 50 47 47 45 48 48 45 41 42 45 48 50 52 54 56 52 49 46 57 72 68 49 57 59 73 80 78 82 84 95 95 98 120 125 117 123 122 122 120 129 132 132 133 131 132 133 131 131 131 128 126 126 121 119 127 133 134 130 136 132 126 158 
248 250 241 234 246 251 252 251 248 248 250 250 249 248 248 248 248 247 230 143 95 89 84 82 78 73 70 67 65 59 63 53 49 44 44 44 44 48 45 46 45 43 41 42 41 41 41 44 47 50 51 58 67 68 70 67 64 67 62 55 51 59 71 79 77 82 86 92 95 100 125 127 122 127 122 122 124 128 136 126 132 127 128 136 130 132 132 129 126 131 125 119 123 135 137 135 129 129 127 154 
250 248 242 237 246 252 253 248 249 250 250 250 250 250 249 248 249 248 239 171 104 92 86 80 75 68 63 60 57 59 55 52 51 49 45 44 42 43 40 40 40 41 40 40 39 39 43 44 44 44 43 43 55 63 67 66 64 62 58 51 53 58 69 79 77 79 86 91 96 109 137 132 124 128 122 124 122 126 140 128 130 126 127 133 134 131 130 128 125 129 127 126 125 132 132 134 127 127 129 153 
250 248 242 238 246 253 253 249 250 250 250 250 250 250 250 248 249 250 245 208 117 94 86 80 72 64 60 61 56 55 53 51 50 46 44 44 43 42 39 42 42 42 40 40 41 40 41 42 43 43 43 44 46 54 57 57 58 58 55 50 47 47 49 59 74 80 84 89 101 120 144 136 130 125 126 123 124 130 130 132 124 129 128 130 130 130 129 130 129 130 124 123 125 130 130 129 125 126 129 148 
250 247 240 240 246 252 253 248 249 249 250 250 250 249 250 250 249 249 248 220 125 90 83 82 75 63 58 61 57 57 59 53 49 48 45 44 44 43 43 43 42 42 41 40 40 39 39 42 42 43 42 41 42 42 43 41 41 43 46 42 43 40 45 46 60 119 101 99 108 129 140 138 135 133 133 131 128 127 128 124 131 128 129 131 126 129 131 134 132 131 130 125 125 129 130 128 127 127 123 140 
251 247 241 244 248 253 253 248 250 250 248 249 250 251 250 249 248 248 247 234 147 93 83 79 73 69 65 59 53 57 54 53 49 45 43 41 42 41 41 43 44 43 43 43 39 41 48 47 47 59 46 46 51 47 48 48 47 46 44 48 40 38 47 54 64 69 88 94 117 140 141 144 140 140 141 135 130 128 125 130 126 127 126 129 128 125 130 133 131 132 131 125 126 130 133 129 129 128 130 142 
248 245 241 245 250 253 252 250 250 251 249 248 249 252 250 250 248 247 246 242 178 101 86 73 64 58 56 55 53 49 50 46 47 43 42 41 42 44 43 45 50 51 51 47 44 55 103 84 55 54 46 46 47 48 50 51 54 51 52 46 40 47 75 84 56 55 90 99 123 138 138 143 143 143 133 135 131 134 125 130 123 123 125 127 129 126 127 129 132 135 132 125 128 137 134 135 136 130 127 136 
251 245 239 244 250 253 252 251 250 251 251 248 249 252 250 250 248 247 248 245 222 111 83 70 58 55 56 51 49 46 44 42 44 44 43 42 43 46 49 60 65 55 54 50 50 61 79 123 94 65 56 54 52 50 67 64 61 55 57 48 44 41 46 41 45 69 102 114 126 140 139 147 152 145 137 130 133 130 129 126 126 126 127 128 129 129 126 127 130 131 125 124 130 133 134 136 139 135 127 135 
251 245 239 243 250 253 252 251 251 252 251 249 250 250 250 250 248 243 248 246 199 96 76 70 69 66 57 59 52 47 45 45 49 50 47 46 45 49 57 66 71 67 65 64 63 85 112 141 92 82 58 53 55 99 130 109 93 58 64 46 50 45 47 49 51 61 99 122 131 143 148 151 155 147 137 132 130 134 132 128 124 129 128 127 130 128 127 129 129 133 126 124 130 133 133 136 138 141 128 143 
250 246 240 245 252 253 253 252 252 251 250 248 249 251 250 249 247 244 247 244 148 85 77 69 65 58 57 53 49 48 46 51 57 51 49 46 49 52 58 67 74 69 70 70 72 120 144 109 88 80 57 56 98 138 138 124 138 80 51 65 40 51 51 55 73 62 109 132 141 150 151 157 155 148 141 135 136 137 133 128 125 125 126 126 128 126 126 127 128 132 129 128 129 132 139 137 143 145 136 138 
251 247 241 246 252 253 253 252 252 252 250 248 249 251 250 249 248 243 242 241 135 80 74 69 66 64 61 58 55 51 48 51 55 54 49 48 50 55 56 61 61 61 70 69 64 65 72 74 76 66 67 111 146 142 141 130 136 68 50 61 59 45 55 58 57 65 124 138 147 156 155 163 161 158 150 144 138 143 135 130 127 126 125 127 127 129 129 128 127 134 135 133 132 136 138 140 138 140 137 136 
252 249 241 249 253 253 253 252 252 252 251 250 250 251 250 249 247 246 243 193 95 79 76 75 74 70 74 71 64 63 52 48 54 55 49 46 52 56 60 58 63 61 61 60 56 69 67 65 70 92 127 144 144 144 140 132 137 78 54 51 63 55 51 57 68 96 135 139 148 153 172 174 174 178 175 164 148 143 138 130 126 126 128 127 127 125 125 129 128 138 132 130 134 137 135 132 138 142 138 138 
252 249 242 249 254 253 252 252 252 251 251 250 250 251 249 248 247 229 195 106 89 84 84 86 91 75 83 75 68 64 51 47 52 50 46 48 50 53 57 65 63 63 62 62 59 73 81 99 126 146 141 146 145 144 140 137 151 145 108 84 79 72 74 91 100 134 139 145 150 158 181 182 188 182 177 180 164 150 134 134 134 130 129 128 125 123 122 124 131 138 135 132 134 134 133 130 139 140 136 149 
252 248 241 249 254 254 251 251 253 250 249 249 251 252 249 249 245 206 110 95 95 95 100 97 98 82 87 76 79 76 52 54 54 53 52 54 55 57 60 62 62 63 67 81 96 119 133 142 147 160 142 144 146 145 149 138 155 171 161 161 159 151 161 165 170 166 168 165 173 175 191 190 194 192 187 181 169 164 161 137 133 130 130 128 128 126 122 125 128 138 132 132 133 134 135 133 137 141 143 145 
252 247 241 249 253 254 252 251 252 251 250 249 250 252 250 247 234 130 102 107 108 105 99 107 140 169 165 141 125 119 131 139 104 90 82 84 80 73 71 79 94 107 121 130 127 126 134 138 146 151 143 147 147 143 157 138 159 175 169 170 167 168 171 180 192 192 192 194 191 193 194 192 194 189 186 186 184 163 172 156 146 134 134 127 122 121 122 125 126 129 133 126 131 132 131 131 138 143 155 138 
253 247 242 249 253 253 252 251 252 251 250 249 250 252 247 235 205 104 98 110 142 190 218 239 242 233 216 211 200 189 177 179 167 163 164 160 165 180 155 118 114 127 127 129 133 131 135 134 141 145 143 147 147 142 146 141 164 174 175 168 170 169 177 190 194 193 194 195 195 196 194 194 191 190 190 191 188 184 184 165 157 137 141 132 132 122 125 122 122 129 133 129 127 131 128 128 139 135 155 140 
251 247 242 249 253 254 253 252 252 251 249 251 251 251 250 249 243 221 221 239 245 248 248 249 246 237 224 211 191 192 181 184 169 165 168 166 177 198 179 121 122 128 128 129 130 137 136 135 140 143 145 148 149 176 148 143 170 174 175 173 173 180 185 191 192 195 197 196 194 191 189 188 191 190 189 189 187 183 178 177 171 159 158 151 130 126 127 125 127 129 133 135 132 134 132 128 123 125 152 146 
250 244 244 251 253 254 254 252 252 250 251 250 251 252 251 251 249 249 248 248 248 249 249 249 244 234 225 214 191 189 174 185 171 165 168 165 178 198 180 125 126 131 131 130 133 137 138 139 138 145 145 144 147 175 143 146 167 174 175 179 179 188 190 192 193 195 195 193 193 191 189 189 190 190 189 189 186 183 182 180 179 178 174 172 161 136 140 145 136 136 137 132 131 133 135 137 133 137 133 137 
251 242 245 251 253 254 253 251 251 251 250 250 251 251 251 251 251 251 251 249 250 250 250 249 245 239 220 213 196 188 177 185 171 165 165 165 181 202 186 129 124 131 130 129 130 143 140 141 140 146 146 145 149 143 142 145 162 177 179 180 188 190 191 191 192 194 199 193 194 192 190 189 189 192 189 188 188 188 187 187 184 182 182 179 165 160 171 155 159 147 147 136 139 141 136 147 144 147 131 137 
250 242 246 252 253 254 254 252 251 252 251 250 251 250 249 249 250 250 251 250 251 250 250 250 245 235 223 205 209 181 179 184 167 169 172 166 184 203 185 135 121 129 132 141 139 139 137 141 139 146 143 145 149 146 143 143 162 180 184 185 189 193 193 192 194 195 196 194 195 193 191 193 190 191 189 187 188 190 188 188 186 187 182 183 180 177 176 169 165 173 178 160 166 168 152 160 150 150 141 136 
245 239 247 254 253 255 255 253 253 252 252 251 250 249 249 250 249 249 251 251 251 250 250 249 247 236 222 207 201 193 176 185 171 169 171 171 183 204 192 138 123 128 130 131 134 135 138 141 142 144 144 144 151 147 144 144 163 197 185 186 191 194 192 191 192 195 198 193 193 195 191 195 192 191 190 189 189 187 184 189 190 189 186 186 186 183 180 176 169 178 179 181 175 173 170 174 163 153 158 151 
243 238 247 254 253 254 253 253 252 252 252 251 250 250 251 251 251 251 251 250 251 250 250 248 245 243 228 212 198 192 182 182 173 168 176 173 187 199 184 136 127 127 128 132 135 135 141 144 143 142 143 146 147 146 144 148 161 192 185 187 189 192 190 192 196 197 197 196 196 196 193 193 192 189 188 187 188 189 186 190 192 188 188 188 186 185 180 178 176 181 183 184 172 169 172 175 173 172 160 167 
