13 13 12 13 15 16 17 21 22 21 22 24 28 24 22 27 17 88 111 105 93 118 132 136 138 140 140 142 142 144 147 145 147 146 143 141 135 133 132 131 116 148 161 162 159 157 158 159 161 166 168 154 168 157 171 167 160 159 162 166 166 168 172 160 167 162 159 164 167 163 168 168 156 171 167 159 163 172 173 171 170 167 169 170 174 173 173 170 170 166 166 165 164 162 161 158 160 159 156 154 
11 11 11 12 13 15 15 19 19 21 24 23 26 22 25 26 78 108 101 90 119 135 139 141 142 141 140 140 142 144 147 148 147 140 129 125 124 124 128 118 143 160 162 161 160 158 161 163 165 171 166 161 169 159 157 157 161 163 168 169 169 172 165 164 168 169 171 172 162 169 171 154 169 168 163 158 155 169 173 171 169 168 172 172 173 171 173 171 170 169 166 165 164 162 158 157 160 160 160 157 
12 14 14 14 13 16 18 20 20 25 27 26 24 24 18 62 106 103 86 115 131 137 142 141 140 139 140 141 143 143 146 145 137 120 119 126 132 139 130 137 157 163 164 163 164 164 164 164 167 169 160 167 160 160 163 169 165 169 173 172 169 170 160 165 165 167 176 169 169 172 162 169 167 159 164 161 154 170 173 170 169 171 177 176 174 173 172 170 169 169 168 165 164 162 158 162 162 164 163 164 
11 14 13 17 15 13 15 17 17 15 15 18 22 18 53 101 103 85 111 131 136 141 138 140 141 141 141 143 145 146 142 130 118 126 137 144 147 141 135 158 162 162 162 162 161 165 166 166 168 156 150 169 153 162 174 173 168 172 177 173 173 159 156 168 165 170 175 168 173 169 165 167 154 161 167 161 163 172 172 170 170 175 176 175 174 172 170 170 169 169 168 167 166 166 166 168 169 169 165 166 
12 10 9 13 12 12 14 13 13 14 15 17 16 36 101 98 89 109 131 139 140 140 140 139 141 142 143 146 147 142 122 121 131 136 140 144 143 128 154 161 159 155 153 151 156 163 164 164 140 145 169 162 152 170 172 172 169 175 176 173 168 159 169 173 169 167 168 169 173 162 171 153 161 165 163 156 172 173 172 170 172 175 178 176 174 173 171 170 169 170 168 165 165 167 168 169 170 169 166 163 
11 11 12 14 16 13 15 14 15 16 16 15 23 98 104 93 108 127 138 141 142 141 141 143 142 144 145 147 141 119 130 142 146 145 144 144 127 151 164 159 155 153 153 153 156 161 158 130 153 170 169 150 167 168 169 169 173 178 177 171 159 171 178 180 175 161 171 174 163 172 163 161 167 165 155 164 174 176 171 172 175 179 178 176 175 173 171 170 170 170 167 166 165 167 168 169 171 166 163 163 
11 13 15 13 14 18 18 15 15 16 14 9 83 105 99 106 126 137 139 142 141 142 142 143 144 146 147 139 121 139 152 152 152 153 151 133 147 162 161 156 151 152 155 157 160 152 143 154 129 161 169 157 167 172 176 178 176 175 173 165 155 172 177 177 173 165 174 170 166 170 161 167 165 155 159 173 176 173 172 176 176 178 176 177 176 175 172 171 171 169 169 169 169 169 169 168 170 165 159 161 
14 14 13 14 14 15 18 19 19 9 5 49 107 105 109 125 135 140 141 143 142 142 142 144 147 147 141 122 139 154 155 157 155 153 143 143 161 161 155 152 154 159 165 169 154 137 119 67 45 65 120 168 172 176 176 173 170 169 164 153 160 166 174 177 176 170 173 169 170 162 165 162 156 152 172 177 173 169 172 175 177 177 177 177 175 175 175 173 172 171 170 167 171 171 170 169 170 168 158 164 
16 18 15 14 14 17 19 17 8 6 25 101 110 111 122 130 137 140 143 142 142 144 143 145 145 144 119 137 152 155 156 157 155 152 139 160 162 155 151 155 162 167 172 160 142 103 69 97 81 42 38 123 172 167 158 157 160 162 159 150 163 166 170 176 178 166 171 170 168 160 163 157 148 162 171 177 169 170 175 179 180 180 177 177 174 175 173 175 174 169 169 172 170 167 168 168 165 165 156 163 
18 20 17 20 20 18 16 8 18 72 98 117 122 124 131 137 140 141 144 144 147 148 147 148 145 122 133 150 156 157 156 158 156 140 158 161 155 149 151 161 169 171 154 142 149 122 137 135 137 130 65 37 119 146 141 141 144 153 149 153 158 161 164 168 168 163 165 166 160 168 158 148 151 169 176 171 175 179 184 184 183 181 178 178 174 174 175 175 163 125 99 88 84 83 75 90 127 155 150 162 
23 23 21 21 21 20 13 47 109 110 115 124 128 129 134 140 143 143 143 143 145 150 150 148 133 128 147 154 159 157 158 161 145 153 163 157 150 147 156 163 168 154 144 164 149 126 129 129 130 130 136 79 39 93 132 133 120 122 117 108 100 122 144 158 156 160 161 161 155 168 166 146 158 172 178 179 184 184 182 183 184 185 182 177 177 176 145 116 124 149 163 160 157 154 156 152 118 100 134 164 
22 22 21 20 23 20 70 116 116 112 126 131 133 131 133 140 144 145 145 146 148 148 146 138 125 147 155 158 159 159 158 156 149 162 159 151 146 150 161 169 156 142 161 169 128 121 132 134 129 134 127 131 83 41 64 78 70 69 67 70 66 64 83 96 121 146 145 153 151 148 159 147 160 176 181 186 185 180 184 183 182 181 181 181 153 122 147 163 161 161 160 158 158 161 161 146 156 171 142 139 
21 19 17 19 19 67 121 109 117 130 137 136 137 132 135 142 146 147 148 150 149 146 142 120 143 155 158 158 158 158 158 143 160 161 153 146 151 161 164 157 142 163 169 162 124 122 136 135 137 128 133 127 128 89 59 69 73 70 62 72 65 64 66 63 88 126 96 95 113 155 155 147 162 171 180 186 181 183 185 184 180 180 168 130 148 163 163 163 162 161 160 163 165 165 170 172 154 125 123 151 
25 21 20 18 42 114 116 118 127 140 141 142 139 136 138 144 148 149 149 151 150 145 128 137 156 160 159 158 157 162 149 155 160 154 144 146 155 161 160 138 160 170 175 150 128 114 143 150 136 139 133 128 119 119 86 78 89 83 75 67 65 64 54 55 55 84 111 113 103 123 145 151 165 166 171 176 179 183 184 183 177 151 140 162 162 164 163 163 164 164 164 167 170 168 168 171 174 174 168 130 
24 18 13 19 91 123 114 127 142 143 144 143 141 141 141 146 149 150 148 150 150 142 132 152 161 161 157 159 162 159 148 160 158 148 142 150 163 166 137 159 171 175 173 126 131 114 115 163 172 160 147 127 113 113 119 99 100 92 89 88 77 60 61 67 73 76 85 101 129 114 149 156 162 162 159 161 164 172 180 184 150 155 162 163 163 163 165 165 166 166 168 169 173 173 174 175 173 174 175 176 
20 14 8 61 112 128 116 135 146 149 146 145 143 145 145 146 150 151 147 149 148 132 148 157 161 158 159 162 162 151 161 159 150 137 148 160 166 139 157 169 175 171 144 83 120 126 98 115 144 150 132 121 110 100 109 115 110 106 97 94 94 87 83 82 85 93 92 81 97 128 141 155 159 159 159 156 157 157 165 158 161 165 164 161 162 164 165 168 170 171 172 174 174 176 177 175 176 175 175 175 
18 9 39 99 119 131 115 138 147 149 148 146 147 148 148 149 152 154 153 150 137 142 157 161 159 156 163 166 157 153 162 155 140 144 155 166 141 155 168 171 168 125 85 99 101 117 103 92 153 134 130 107 106 104 88 98 112 100 94 101 90 97 95 89 89 95 96 99 91 89 121 154 161 160 158 155 158 149 153 166 168 167 164 162 158 160 162 168 173 175 175 176 177 176 176 177 179 179 179 178 
13 30 93 117 124 132 115 141 149 150 149 150 151 151 151 149 150 151 154 152 137 156 162 159 155 160 164 163 149 163 158 143 140 156 168 144 152 170 176 171 126 94 120 115 130 134 147 135 134 128 135 146 129 112 98 93 104 99 92 101 88 88 91 83 88 91 102 94 96 95 86 123 157 161 159 153 138 153 168 173 173 170 164 160 152 153 159 167 175 177 176 178 177 177 178 178 179 181 181 179 
61 98 112 119 129 133 121 138 150 150 149 151 152 151 154 150 150 151 152 138 151 161 157 157 160 166 166 150 160 161 151 138 152 166 152 155 169 174 172 154 107 117 129 128 130 146 164 172 145 123 155 135 120 107 100 98 104 93 90 91 89 87 92 91 88 91 99 93 85 94 97 96 118 147 152 145 149 167 171 175 175 170 163 155 146 147 159 171 177 178 178 177 178 177 179 182 183 185 186 185 
106 111 116 121 128 132 132 125 149 149 151 151 153 153 146 133 136 139 133 140 159 155 154 158 166 170 157 155 164 157 137 143 159 146 151 174 175 172 164 116 110 115 138 111 124 125 116 140 142 108 123 100 106 100 106 106 98 86 79 88 104 94 95 89 87 101 105 92 94 98 87 86 95 113 122 138 166 172 171 173 172 165 155 145 142 151 169 178 181 180 181 181 181 182 182 184 186 186 186 187 
120 111 116 124 129 135 138 119 141 149 150 153 153 152 136 128 131 129 127 157 160 155 159 166 170 160 151 163 159 143 122 119 117 149 173 180 174 170 145 105 108 108 119 117 87 119 96 108 105 90 111 82 93 95 88 80 89 95 88 71 88 93 86 96 95 107 108 127 108 131 113 109 107 113 135 161 170 168 169 168 166 158 143 137 151 168 176 181 183 182 182 183 184 183 182 182 184 185 185 186 
131 124 116 124 130 135 140 127 132 147 150 152 151 148 136 131 129 124 142 161 158 153 163 172 166 156 160 159 148 130 133 132 155 174 175 172 169 165 129 95 103 95 100 113 79 110 87 111 98 92 93 96 87 70 70 73 80 98 89 109 130 98 116 98 104 115 116 122 107 155 112 94 97 96 142 170 168 165 161 162 157 141 133 153 171 178 181 180 181 182 183 182 181 182 184 182 183 186 186 185 
137 135 124 121 132 136 140 139 122 144 149 153 150 146 139 131 127 123 154 161 152 156 170 172 159 161 162 151 132 144 146 163 172 169 167 168 164 159 114 85 109 99 90 92 91 96 95 100 95 107 116 117 105 89 86 94 117 131 88 105 149 109 104 113 114 117 116 117 121 165 133 114 87 96 164 170 165 165 159 158 128 138 161 173 180 180 180 180 179 177 175 173 175 175 176 179 181 183 183 184 
138 142 138 127 127 139 142 141 125 137 149 153 151 150 141 126 115 136 160 162 153 163 173 168 163 165 158 144 148 160 162 172 169 166 163 160 159 149 97 87 87 98 113 117 121 114 89 91 106 122 130 126 132 123 114 108 113 153 113 85 146 132 134 123 126 136 128 150 168 114 123 68 109 98 171 164 160 160 146 118 150 169 176 180 181 179 177 178 175 174 175 176 176 175 174 171 170 170 175 181 
138 144 143 135 124 140 146 147 136 126 142 152 152 151 139 120 123 150 163 159 153 166 174 169 164 161 150 155 172 158 172 171 167 165 165 163 160 152 112 78 89 106 108 95 91 89 83 104 111 107 112 123 129 133 126 101 112 122 150 147 174 141 145 142 134 145 140 188 94 49 118 70 150 101 171 157 154 119 120 157 172 179 181 179 178 178 180 182 183 185 185 187 187 188 190 187 184 179 170 165 
138 144 145 146 126 135 144 147 142 126 139 150 152 149 144 126 135 154 162 157 156 169 175 169 162 153 157 174 171 160 172 170 170 171 171 173 172 159 129 89 79 88 98 121 118 99 107 113 95 93 93 96 98 105 102 113 87 92 108 138 209 198 148 151 151 148 182 137 88 75 75 115 101 81 149 114 92 140 164 175 179 182 180 180 181 183 185 188 187 187 184 182 182 183 186 187 190 191 189 182 
139 144 146 147 141 133 143 145 145 134 130 147 152 150 145 131 139 158 163 157 156 169 173 165 157 156 173 176 160 166 172 174 175 176 177 174 172 156 149 131 105 88 101 114 119 113 102 110 104 122 134 139 143 171 97 81 96 61 129 81 141 209 168 163 160 154 173 99 93 144 141 106 89 87 96 108 156 168 176 179 180 182 184 183 185 188 188 187 184 180 174 170 178 184 186 186 186 185 185 187 
138 141 145 148 148 134 143 148 147 138 128 145 153 155 154 138 142 160 164 159 154 164 168 163 164 171 176 169 158 167 177 175 177 176 178 172 161 150 153 132 94 86 84 113 118 122 116 121 136 150 149 143 127 161 173 85 50 74 121 61 68 162 191 166 170 163 143 115 140 141 115 97 97 96 143 164 171 176 179 183 185 186 188 190 188 188 186 182 176 167 166 176 186 188 189 187 185 182 180 177 
138 142 143 149 152 144 141 149 151 144 132 139 154 157 160 149 146 162 164 162 157 161 169 171 172 174 175 169 165 171 177 176 175 172 172 170 158 147 145 131 94 100 115 103 120 134 132 154 155 166 167 156 134 110 133 164 136 109 114 143 110 106 164 149 158 159 134 127 132 135 124 99 103 154 173 174 169 175 183 186 188 188 189 190 187 185 178 171 160 169 180 185 188 187 187 185 181 176 171 133 
139 144 144 150 154 151 138 150 149 148 134 137 151 156 156 152 147 161 163 161 160 161 164 169 173 176 174 171 170 173 176 173 169 167 168 163 145 151 154 154 129 111 105 112 133 151 134 123 127 136 151 175 183 156 125 114 116 133 146 156 146 103 129 133 129 145 140 120 139 149 138 121 146 178 185 183 174 168 182 188 188 188 188 185 182 177 170 159 174 185 188 191 189 187 187 185 182 154 115 68 
140 147 150 151 154 154 145 147 150 150 141 130 147 157 156 156 149 163 162 160 160 163 164 166 170 175 175 176 173 173 174 173 172 174 175 157 149 149 162 153 153 155 144 144 152 151 140 145 132 131 130 135 159 163 160 147 132 143 149 150 137 137 138 111 115 139 147 130 140 167 148 152 156 171 190 194 186 176 177 187 187 189 186 180 175 166 157 178 187 189 191 190 186 179 172 164 144 99 73 71 
141 148 150 150 152 155 151 143 151 152 148 132 139 151 157 158 151 162 165 167 167 167 167 167 170 173 177 179 178 172 175 175 178 179 167 152 151 158 165 150 157 157 134 123 132 135 169 161 163 157 167 172 176 183 194 188 182 174 168 147 130 131 173 137 98 107 110 106 134 188 167 162 170 171 183 193 192 188 179 185 186 183 177 172 162 153 173 189 191 194 187 179 144 106 93 88 88 94 109 116 
141 149 148 150 154 156 155 144 149 154 151 139 130 148 156 160 156 159 164 161 163 167 169 170 172 172 174 174 175 174 179 177 178 165 141 135 153 152 161 170 172 171 145 136 152 159 179 177 173 170 164 166 172 188 202 212 210 199 174 158 140 130 160 182 121 93 108 116 185 195 173 160 183 173 182 191 194 193 186 184 182 178 173 161 153 163 179 186 179 186 174 134 90 89 96 101 132 123 128 125 
139 148 149 151 155 157 158 152 146 153 157 153 136 141 154 160 160 158 164 167 164 162 162 165 170 171 173 174 173 174 179 175 168 145 139 147 162 147 155 155 160 168 171 167 167 174 187 184 178 175 174 173 169 162 171 195 206 207 191 178 163 148 167 200 199 168 119 157 190 176 166 167 149 128 154 195 197 194 188 181 173 168 157 157 163 169 178 166 152 155 127 108 111 112 120 137 147 135 127 119 
133 145 147 152 156 157 159 159 145 151 156 153 147 132 152 159 159 158 163 166 166 169 167 165 166 169 173 174 172 175 177 172 153 144 156 166 174 167 159 159 160 160 168 168 148 171 193 181 179 174 178 180 179 169 174 168 167 183 196 195 184 181 182 189 188 177 167 182 184 170 150 141 143 151 144 182 194 188 171 164 159 158 161 161 152 145 148 144 107 117 132 138 129 136 154 146 133 124 119 113 
124 143 146 147 154 156 159 157 151 149 155 156 154 137 140 157 159 160 160 167 168 169 169 167 166 169 172 173 171 175 177 167 138 151 153 162 166 164 157 156 142 137 141 127 142 182 199 188 171 173 181 174 168 167 167 172 175 179 186 192 201 200 206 205 204 197 197 191 185 183 170 149 125 134 142 151 164 173 157 152 157 163 149 145 132 127 138 151 135 146 150 137 148 140 137 120 122 116 119 108 
112 140 146 143 149 157 159 159 156 148 155 159 159 148 131 152 162 161 160 169 169 166 166 171 168 169 172 173 170 174 175 149 144 158 166 174 149 141 131 109 105 97 106 123 155 178 198 204 201 186 173 190 190 183 178 183 187 185 181 192 193 198 194 201 205 199 201 205 200 191 174 160 144 153 154 151 147 149 154 139 143 136 148 158 154 149 151 161 157 152 145 120 142 152 122 117 117 120 108 96 
103 136 146 148 144 149 158 164 161 156 151 159 162 153 142 134 154 167 167 168 170 159 167 173 169 172 174 174 168 173 173 143 152 156 151 159 151 135 110 109 118 121 143 166 161 183 201 209 211 209 201 200 197 195 198 201 197 189 187 183 188 190 199 203 204 206 207 210 203 195 184 154 155 165 172 162 153 149 149 145 143 154 160 165 167 161 159 154 148 151 120 113 137 133 115 122 117 117 116 111 
100 122 141 149 152 141 151 162 162 163 152 158 162 160 153 137 141 155 163 164 165 149 170 173 173 176 172 164 151 173 162 139 160 162 161 161 150 140 142 148 151 157 171 168 154 190 202 207 213 213 205 203 200 202 203 203 201 200 195 192 191 193 205 211 212 208 205 208 205 194 168 140 142 169 172 164 159 148 137 137 146 166 158 160 162 160 159 158 159 155 109 114 123 116 114 108 113 126 126 129 
100 112 134 147 152 151 140 151 163 164 159 153 161 162 157 146 140 148 160 167 159 150 172 174 174 166 153 143 143 174 159 155 164 169 176 164 149 142 154 168 171 174 168 147 170 200 203 204 210 207 203 204 207 206 203 199 201 197 199 201 202 208 214 220 221 215 206 205 202 190 161 132 144 168 174 156 146 134 123 135 146 147 145 147 159 161 175 174 167 154 120 109 110 113 112 113 107 109 109 115 
104 110 123 142 148 153 150 137 154 164 164 153 160 162 161 156 147 145 153 161 166 156 169 170 157 147 148 152 168 174 152 164 171 158 155 141 142 157 164 169 167 161 135 143 190 200 200 206 211 204 207 210 209 210 203 194 197 199 199 206 212 219 226 224 223 211 203 200 194 177 146 119 129 155 160 148 120 112 122 140 153 156 157 147 159 168 176 182 180 161 136 122 121 118 124 131 138 139 129 108 
108 110 113 129 144 152 154 149 138 157 164 159 154 162 162 162 155 146 151 155 163 171 170 165 161 164 166 166 176 173 154 169 164 161 155 146 141 149 161 159 148 132 134 181 197 205 210 214 208 208 208 207 205 207 201 187 191 196 199 207 216 224 227 223 218 207 195 188 185 175 150 128 138 154 143 122 102 111 129 161 165 172 162 153 161 176 173 182 186 168 157 150 145 141 132 130 134 136 124 136 
109 114 112 115 131 148 155 154 143 136 157 163 156 158 164 167 161 154 154 155 161 164 170 173 171 171 172 172 175 171 154 158 159 159 138 115 117 131 138 127 133 153 175 198 203 216 212 201 198 200 197 200 205 209 208 202 197 199 204 214 222 226 224 221 210 198 185 180 183 175 158 137 152 158 144 116 103 101 148 175 173 172 165 163 157 178 178 174 185 166 156 154 146 144 125 116 118 114 100 103 
114 110 112 112 116 131 148 153 154 140 134 158 160 152 162 166 164 160 159 156 159 164 169 171 171 169 170 167 174 156 146 142 150 147 127 112 111 113 129 142 164 180 188 195 206 210 198 189 196 197 197 205 208 211 213 208 202 207 216 223 225 225 221 216 203 182 179 175 172 162 148 143 144 154 145 122 111 113 153 176 176 172 174 170 155 151 177 174 177 167 161 150 138 127 114 114 120 153 157 155 
120 114 109 112 113 117 134 147 153 154 141 135 158 155 158 164 165 163 160 160 165 165 165 166 168 169 169 161 159 144 110 122 136 140 120 112 126 144 155 164 179 185 187 202 207 194 187 186 193 200 206 208 211 214 217 209 204 210 216 222 223 218 213 203 188 180 173 170 167 149 142 128 129 146 146 135 124 112 153 181 177 181 187 182 180 170 174 180 178 171 159 143 124 118 113 119 160 189 188 190 
125 120 111 113 116 115 121 134 151 155 152 136 144 160 156 160 165 166 161 162 164 164 168 170 171 169 167 163 156 149 115 126 135 138 122 117 128 136 146 158 178 189 201 211 205 189 176 179 194 202 202 195 196 210 209 199 194 187 203 213 212 207 194 179 160 162 163 156 147 140 134 133 122 136 155 152 133 128 152 172 178 183 184 182 192 191 189 184 183 177 177 175 168 165 175 185 187 188 187 188 
128 125 119 110 114 118 118 120 135 152 156 152 127 152 162 159 163 168 166 165 165 164 167 170 171 169 166 162 153 144 136 128 133 137 126 121 127 142 158 176 183 187 203 206 193 176 168 188 197 196 180 159 168 198 202 194 179 186 203 208 205 182 160 147 135 150 147 145 140 136 133 134 126 129 154 157 148 143 140 160 166 173 184 179 169 182 182 178 183 184 188 190 190 189 189 189 187 190 188 189 
133 131 125 114 113 120 121 118 118 141 156 159 151 130 159 165 161 161 167 170 168 166 165 167 170 167 152 147 137 125 127 133 127 131 113 128 136 152 169 176 174 180 186 189 179 173 180 189 197 193 172 163 177 194 195 196 196 201 203 201 180 159 145 126 131 143 142 140 143 141 137 142 135 140 153 159 161 155 145 146 154 166 185 192 180 181 181 181 191 189 190 192 190 191 190 188 189 187 186 185 
131 133 131 123 113 116 121 121 117 123 148 159 160 140 141 163 168 164 159 167 173 172 170 170 169 161 150 147 125 109 118 127 130 126 115 115 136 156 165 166 170 168 170 168 152 160 181 190 201 202 198 200 199 195 192 193 194 198 197 185 169 158 147 140 135 142 133 137 135 146 145 146 155 161 163 162 161 159 158 160 159 160 176 187 187 189 189 193 191 192 191 188 189 188 189 187 186 185 184 184 
131 133 129 131 119 112 121 121 116 120 137 159 162 154 131 155 166 168 167 156 165 173 175 172 169 161 153 134 120 121 129 134 131 127 132 137 140 147 157 163 162 164 167 170 167 173 180 184 190 198 206 206 202 199 194 173 159 172 171 177 174 153 143 137 133 134 135 141 154 153 159 166 170 169 178 172 172 176 173 181 182 186 190 190 191 189 191 193 192 192 192 187 186 186 186 182 182 178 177 175 
125 127 132 139 135 117 120 124 117 122 127 146 159 161 147 139 161 168 169 168 162 162 163 165 161 145 116 85 101 117 118 121 124 129 129 140 148 149 157 155 161 165 166 158 157 160 161 152 155 163 185 200 195 196 187 151 133 158 165 182 173 157 140 139 140 136 150 151 171 168 165 172 179 177 185 180 181 186 186 187 189 189 189 189 191 190 189 190 188 189 188 187 184 186 186 184 183 182 178 175 
127 134 140 144 142 119 116 124 120 124 125 136 154 163 156 135 155 166 169 169 169 168 153 158 142 121 106 99 116 120 119 130 135 138 145 151 149 152 150 157 168 168 164 160 157 166 169 155 143 152 159 185 189 199 191 163 161 178 159 164 161 160 153 143 135 138 145 147 181 186 165 154 172 171 177 180 181 182 186 187 189 191 189 190 190 190 189 187 187 186 184 184 181 182 181 178 177 176 178 176 
142 145 144 148 141 124 121 126 121 125 126 126 143 159 159 144 141 162 167 169 170 166 152 163 147 100 119 114 117 115 126 138 136 138 146 155 157 158 157 160 159 165 172 171 164 162 175 181 178 181 174 185 195 198 189 162 162 172 158 154 153 157 154 148 135 134 141 165 185 171 152 155 180 182 173 170 177 180 184 186 188 188 185 184 184 184 184 186 187 190 191 192 194 194 192 189 187 184 178 173 
146 147 145 147 145 129 122 124 121 122 124 124 125 149 164 153 139 156 165 169 169 167 154 151 148 122 102 107 116 114 109 122 133 144 154 164 162 158 150 155 153 164 165 152 141 144 155 162 172 178 175 169 177 174 170 152 151 163 169 156 154 157 159 157 150 138 135 174 172 157 156 164 183 189 186 169 164 170 178 184 191 195 196 196 199 198 198 198 199 200 199 197 199 198 198 196 192 184 179 158 
144 147 145 143 141 130 123 124 117 116 121 121 122 139 165 159 142 147 161 168 170 167 157 149 136 103 88 99 108 114 118 116 127 139 144 147 157 157 163 162 157 153 157 152 151 161 165 170 166 167 170 168 157 164 160 150 145 154 162 156 150 161 164 156 144 136 150 166 169 159 175 178 184 188 185 173 172 180 172 174 179 187 195 199 199 199 200 198 199 199 197 197 191 196 195 192 184 176 153 148 
141 146 148 145 140 133 124 123 116 117 116 118 121 143 163 163 149 140 158 166 170 167 161 133 128 109 116 122 119 123 130 132 135 132 127 135 145 147 154 148 153 155 152 146 133 135 152 166 169 173 177 173 167 171 174 166 167 165 159 157 145 150 149 152 148 154 146 147 172 167 185 180 179 186 185 174 177 176 174 173 181 172 175 184 188 194 195 194 197 196 194 194 194 190 182 174 166 140 145 159 
140 145 151 147 142 135 126 126 118 118 119 122 127 149 160 165 156 141 152 162 168 166 156 135 132 113 100 103 118 129 133 143 142 135 136 129 136 143 143 149 148 158 158 156 143 137 148 158 164 162 167 170 166 159 148 142 142 149 145 141 127 126 136 141 147 149 138 137 150 172 171 167 158 168 173 168 170 162 149 160 163 155 158 161 168 181 191 193 187 181 182 184 188 168 149 136 142 153 160 162 
135 147 150 148 143 138 132 126 121 121 122 121 123 146 160 164 160 145 144 159 166 167 160 139 119 95 87 106 127 136 138 143 144 142 147 143 151 153 143 135 129 134 149 161 157 149 143 148 160 163 159 156 152 151 142 130 130 141 136 120 90 95 96 116 140 150 164 174 176 165 166 163 156 152 158 156 147 146 131 132 131 132 125 129 149 158 173 168 163 139 135 127 123 128 123 144 159 158 159 160 
119 144 149 150 147 138 138 127 125 121 119 119 121 137 162 166 161 150 146 155 166 166 161 135 107 97 121 133 131 129 125 117 120 128 133 144 156 155 148 144 140 146 166 178 171 156 148 146 163 169 150 146 146 143 138 128 126 132 128 93 72 72 72 73 117 161 168 184 174 157 169 158 163 168 153 155 156 134 146 141 136 133 137 146 174 164 156 153 155 143 152 154 154 154 156 162 159 154 159 161 
125 143 151 151 149 140 137 128 123 123 119 119 114 136 160 164 163 154 147 153 165 168 153 134 116 128 122 116 119 117 116 124 136 146 149 157 163 158 149 143 143 155 168 174 174 161 144 139 143 147 142 144 143 136 136 140 141 127 93 83 65 72 69 70 83 129 171 170 154 145 157 138 136 155 139 157 139 133 147 153 141 134 138 160 157 157 161 158 160 163 160 159 162 155 163 163 160 155 161 159 
134 147 152 154 150 142 138 133 125 122 119 113 114 141 159 163 163 154 149 153 164 165 151 135 119 116 109 107 110 116 131 134 132 125 128 138 151 150 159 164 169 169 163 162 164 170 172 173 172 162 156 150 148 153 163 154 144 112 91 82 71 73 71 69 77 89 129 134 126 121 110 103 125 132 137 155 136 130 160 155 137 140 143 154 154 163 149 157 157 155 152 146 152 161 168 164 156 156 155 143 
134 148 151 150 147 142 140 136 127 121 120 113 118 143 157 164 165 158 151 150 162 165 151 140 118 103 100 105 116 127 123 121 118 123 130 144 148 148 166 166 180 178 178 180 177 175 172 173 169 171 176 177 177 167 149 146 133 114 92 85 71 70 76 66 68 62 94 111 136 147 147 134 126 124 122 138 141 142 157 141 149 142 152 163 165 152 141 150 151 149 163 172 176 170 167 162 153 156 140 139 
134 148 150 147 146 142 141 138 129 119 120 113 122 146 157 164 165 162 151 150 160 161 157 145 121 104 95 105 123 131 127 116 123 131 141 147 147 163 166 164 172 173 175 175 171 176 178 175 182 186 184 187 176 169 159 157 135 117 102 90 85 69 72 69 63 116 152 155 150 146 146 161 156 150 152 146 146 148 143 144 170 157 157 164 168 148 141 152 154 149 170 180 174 166 160 155 157 156 136 137 
135 147 152 151 146 143 143 138 131 121 120 115 129 147 158 165 165 162 155 150 159 167 162 152 129 111 110 113 112 124 113 116 130 115 128 144 149 152 153 160 159 163 164 165 165 166 166 173 177 175 177 173 174 170 172 152 136 107 99 92 96 80 84 84 108 144 163 148 143 145 151 156 151 150 152 162 172 164 151 133 158 169 169 173 165 150 147 155 152 152 170 181 171 168 171 173 158 145 136 129 
132 143 149 151 149 144 143 140 133 123 120 117 136 148 159 164 164 161 154 152 161 167 168 161 131 123 119 103 103 101 105 115 116 123 129 120 130 143 148 155 158 163 163 164 161 158 155 152 148 149 160 172 175 176 178 161 135 105 97 101 93 90 108 122 157 159 151 141 143 153 162 154 150 154 169 172 171 170 164 146 144 168 177 182 170 150 139 141 136 151 162 163 168 172 174 162 151 134 133 143 
134 145 150 151 149 146 145 139 131 124 116 122 134 147 156 162 166 163 155 152 160 168 169 159 147 127 111 100 110 110 110 104 111 114 100 120 126 132 134 150 171 174 172 169 165 169 167 173 174 165 150 151 153 162 166 160 136 106 95 99 96 91 113 131 161 152 144 142 156 168 162 150 155 166 166 168 170 167 168 149 139 151 169 165 147 133 124 129 139 150 152 158 165 166 158 156 145 147 150 160 
134 146 149 150 148 148 145 139 133 123 117 126 137 150 157 163 167 164 156 152 159 169 167 164 158 120 103 100 110 112 101 107 109 98 109 117 121 123 126 159 173 168 159 164 161 162 169 175 178 172 164 155 146 137 130 142 142 117 104 105 98 100 100 107 147 147 144 148 160 162 152 150 164 169 169 164 170 172 165 144 132 134 141 139 130 113 111 122 127 157 159 160 158 158 156 148 158 163 168 173 
135 144 149 151 147 146 142 139 134 122 115 126 140 150 160 164 165 162 158 153 160 170 172 165 156 131 99 102 108 109 110 110 93 104 103 111 108 118 142 162 160 141 160 156 156 170 174 174 177 173 162 161 158 152 143 132 136 134 123 123 92 88 88 85 107 147 139 149 153 157 153 160 158 161 160 145 159 168 165 150 131 116 117 118 115 112 101 100 106 127 146 153 153 153 156 160 163 164 169 176 
136 144 147 149 152 146 141 138 133 122 115 126 141 155 163 163 165 163 158 154 159 167 172 167 162 128 104 106 114 115 117 107 101 103 106 105 105 115 147 157 145 148 151 149 161 161 157 169 158 144 137 143 151 152 151 153 146 140 134 121 96 79 85 82 75 122 127 139 148 151 160 156 158 136 128 133 145 154 149 136 124 117 102 97 98 111 111 113 115 117 136 148 136 132 151 166 171 173 176 178 
135 144 149 149 151 145 141 138 135 127 116 130 142 155 163 164 165 163 158 156 159 170 172 171 159 130 111 120 123 119 114 103 105 100 99 104 103 123 136 145 133 145 130 125 136 135 160 155 129 126 136 143 156 161 157 156 157 151 129 114 106 85 83 73 74 80 112 115 131 137 132 132 138 116 126 132 126 127 119 122 121 111 106 106 111 128 149 134 135 133 131 142 152 145 162 175 176 176 178 180 
135 144 148 150 149 145 140 137 134 128 115 133 144 155 163 164 164 161 160 158 159 167 171 170 161 145 137 132 123 116 104 99 106 106 103 115 109 116 138 137 130 120 114 110 123 124 144 137 124 123 147 164 175 173 159 142 144 149 133 112 106 91 84 71 71 64 95 86 115 116 110 115 115 104 110 119 118 114 109 116 125 129 127 140 130 119 150 161 150 156 148 137 155 155 170 178 178 176 179 180 
137 143 147 149 149 146 141 135 132 128 118 132 148 155 163 164 165 164 160 155 162 168 172 169 160 155 151 144 135 116 104 104 112 109 100 119 112 107 134 136 122 108 109 113 101 104 129 135 118 130 142 149 169 161 145 141 145 147 138 114 101 106 91 71 66 58 71 70 109 100 102 101 113 118 111 109 114 118 112 123 147 157 147 151 167 151 126 145 167 170 169 150 157 165 175 178 179 179 181 181 
140 147 148 149 149 145 140 132 129 127 119 134 148 155 162 164 166 163 158 159 164 169 172 171 162 161 154 145 148 138 91 96 100 106 103 119 116 113 130 136 121 109 109 123 97 95 97 121 131 129 115 125 150 148 137 144 145 149 148 123 93 92 83 63 63 58 62 70 86 96 99 99 117 128 97 112 130 134 125 117 140 172 166 157 160 165 155 150 150 170 181 171 161 171 179 182 182 183 183 182 
143 146 147 147 148 143 136 127 126 125 117 133 149 156 161 165 165 160 161 160 163 168 173 170 165 158 152 144 160 154 117 96 95 96 100 104 112 109 122 133 123 119 116 125 107 94 97 114 121 110 105 114 142 142 142 149 143 138 134 124 104 90 86 74 58 57 66 70 67 84 88 91 132 130 119 135 150 152 138 126 126 156 169 165 163 160 165 174 160 173 180 179 167 181 185 184 182 182 183 182 
143 146 147 147 144 141 134 123 127 125 117 132 147 155 163 165 163 161 161 161 162 167 172 170 163 159 153 153 169 157 142 121 101 96 92 92 97 94 104 123 113 114 111 116 114 88 95 113 110 96 106 119 137 142 135 140 133 131 136 136 105 93 82 84 64 53 59 65 70 68 73 86 122 124 122 149 161 176 150 152 135 152 164 168 169 164 164 170 172 177 183 175 176 181 183 183 181 181 180 179 
143 146 147 148 143 139 130 121 127 123 119 131 146 158 163 164 164 163 160 161 162 167 171 167 160 157 153 158 170 158 158 145 124 97 92 86 95 91 91 113 112 97 106 120 117 101 92 114 118 102 110 124 128 127 123 119 121 133 139 147 141 92 83 84 84 58 55 58 58 64 66 79 108 121 113 141 163 184 175 168 156 147 162 170 173 172 166 166 170 172 174 178 179 180 181 180 178 179 178 178 
143 146 146 145 145 138 126 120 124 124 121 134 155 161 164 164 163 162 161 162 163 168 170 165 159 155 154 162 170 156 164 156 144 121 105 97 88 90 87 94 108 102 105 125 125 114 92 109 121 112 118 115 123 124 111 108 114 121 124 135 133 106 96 86 76 63 51 54 53 57 61 73 104 113 107 123 140 167 177 174 176 164 164 165 169 168 167 166 165 167 169 169 171 170 168 174 178 180 179 179 
143 146 147 144 143 136 128 117 123 126 123 146 154 159 163 163 161 160 161 163 164 169 170 164 159 154 156 168 169 156 162 154 142 130 114 123 113 100 87 91 102 104 99 113 120 125 103 104 119 113 116 124 117 117 113 108 102 100 106 114 117 125 93 87 81 73 62 55 53 57 55 66 95 105 113 117 139 152 166 175 176 183 177 176 174 172 170 167 165 165 163 163 164 163 162 160 167 175 178 179 
143 146 146 147 144 135 127 116 122 130 129 144 155 159 162 162 160 159 160 164 166 168 169 166 162 155 158 168 168 156 150 140 131 136 142 154 154 136 112 95 99 108 100 111 115 109 121 107 113 109 112 123 112 109 111 102 109 98 107 107 109 112 110 96 91 86 68 56 52 54 58 67 93 96 109 114 134 150 158 172 178 182 178 179 178 177 177 175 172 171 169 171 168 167 165 159 156 161 171 177 
142 144 145 147 142 134 127 116 119 134 122 145 156 160 162 159 158 159 161 164 167 168 169 167 163 153 156 168 162 142 137 136 148 155 163 166 168 161 150 115 97 109 98 102 109 106 115 118 103 109 101 118 101 105 104 91 110 100 90 95 91 91 97 89 102 94 70 60 56 53 57 62 84 81 97 125 135 153 171 177 183 182 178 179 180 180 178 176 175 175 174 175 177 172 170 169 164 157 157 169 
142 145 145 147 142 132 125 115 116 134 121 144 155 161 162 160 160 162 164 163 167 166 165 167 163 153 157 168 153 141 144 149 155 162 166 167 167 165 159 152 107 97 102 100 110 104 103 120 105 111 102 110 98 91 98 100 103 87 80 86 84 100 100 90 89 89 89 73 70 56 62 62 67 70 76 123 145 166 177 182 183 178 177 181 178 174 173 173 173 174 175 176 176 175 172 170 169 168 158 160 
141 146 145 145 140 129 124 116 114 131 122 143 156 161 161 162 163 162 164 164 166 165 166 165 161 152 163 167 153 151 153 159 162 163 167 164 165 164 163 163 136 86 83 93 105 101 99 113 115 101 107 102 106 85 103 104 108 105 114 119 131 139 139 96 81 78 84 79 75 67 60 60 53 57 83 117 140 164 180 182 182 179 178 176 172 165 163 168 169 172 175 175 176 174 171 169 172 171 167 163 
143 145 144 145 139 130 126 117 115 130 122 144 156 160 161 162 161 161 163 167 165 167 164 164 162 153 164 167 154 154 157 162 164 167 165 165 164 162 162 159 150 100 81 80 95 103 98 98 108 103 101 103 103 93 105 107 100 106 125 122 129 131 130 109 76 68 74 74 65 56 42 49 48 61 80 142 144 171 180 184 182 176 173 163 159 159 165 170 173 174 175 175 173 173 173 174 173 171 171 173 
140 144 142 143 142 132 125 117 115 131 122 142 157 159 161 161 164 164 165 165 166 165 165 165 160 156 166 165 155 156 162 165 163 162 161 161 160 160 159 156 155 129 100 91 87 98 99 92 103 105 101 103 98 99 105 115 114 114 132 126 116 112 109 106 90 71 70 63 63 59 51 45 48 53 91 141 154 174 182 184 177 169 160 156 164 171 173 176 178 177 176 176 175 174 175 176 176 175 174 173 
138 140 140 142 142 133 123 117 113 130 119 142 156 158 161 161 163 162 164 165 166 165 166 165 160 159 165 160 156 159 164 163 161 160 159 158 158 156 156 156 160 153 140 108 93 98 100 98 104 102 106 110 110 101 104 107 103 102 110 112 119 117 113 96 85 84 93 72 70 58 52 46 51 56 78 118 153 166 177 175 165 157 158 167 176 178 179 178 176 176 177 177 175 174 174 172 169 170 170 167 
138 139 139 142 141 135 122 117 114 125 117 143 156 157 160 160 161 162 162 164 164 165 166 164 161 163 167 156 159 160 160 161 160 159 156 155 154 154 160 163 165 167 161 140 114 104 103 104 103 93 107 104 102 105 99 91 98 92 102 101 121 118 103 81 68 77 84 85 79 72 63 53 47 54 70 99 129 159 161 153 152 162 170 175 180 177 177 178 177 176 175 172 171 172 172 170 171 169 167 166 
138 138 138 138 139 135 121 114 115 128 120 143 154 158 159 161 162 162 163 163 163 164 165 163 161 164 163 159 161 159 157 158 154 156 151 152 156 160 165 164 165 169 168 162 140 127 131 112 106 91 98 102 93 95 97 87 85 95 99 98 118 113 97 80 78 72 75 81 79 67 63 55 46 43 51 72 102 132 150 163 172 175 176 178 178 176 176 173 172 175 175 173 174 173 170 169 168 168 168 166 
135 137 138 138 139 134 120 112 115 130 122 144 154 155 156 157 162 161 163 163 163 164 165 166 161 166 159 159 156 154 153 153 151 150 153 159 162 164 167 169 168 165 164 162 153 152 144 128 118 93 90 97 98 84 93 94 74 86 75 82 102 101 90 83 84 85 69 70 63 60 61 53 44 49 62 76 112 144 164 174 178 177 178 180 179 178 176 176 175 174 174 172 171 171 170 169 168 168 168 166 
133 133 138 140 135 129 120 112 118 125 120 144 154 155 158 158 160 160 159 161 163 163 165 163 161 163 151 149 150 153 153 151 151 154 159 162 163 166 168 166 165 164 163 161 158 161 148 125 124 122 108 102 100 86 99 90 73 72 79 70 76 95 79 85 86 84 73 77 56 64 51 48 52 55 76 108 142 162 174 177 177 178 177 180 178 177 175 173 175 174 174 172 171 171 169 169 169 167 165 166 
133 131 134 133 131 128 122 113 116 121 121 145 152 153 157 155 157 156 156 160 163 162 162 162 163 148 146 150 151 150 151 152 154 158 159 162 164 166 165 162 162 158 156 154 146 135 141 158 163 158 144 128 116 91 92 86 88 79 82 80 77 77 95 71 75 82 69 67 64 54 50 57 72 99 133 160 172 174 176 176 178 175 174 174 177 174 174 174 175 174 174 171 170 169 167 167 167 167 166 164 
131 128 127 129 130 129 120 117 112 121 122 143 152 154 157 156 156 154 155 159 162 163 163 160 146 145 151 151 151 150 152 154 155 158 157 161 162 162 161 158 155 151 138 129 140 157 170 171 168 162 156 142 133 117 109 98 106 100 107 118 112 104 96 97 72 78 71 88 94 94 78 78 119 143 163 172 173 175 174 175 173 173 173 173 174 174 173 173 173 172 171 171 170 169 168 169 165 165 164 166 
127 127 125 131 133 126 124 116 111 120 123 144 150 153 154 156 156 154 154 157 161 164 157 145 148 152 152 149 151 152 154 157 157 157 157 158 158 156 153 143 130 128 139 154 160 165 169 158 158 157 156 157 156 152 148 129 128 125 144 151 160 149 126 116 117 97 94 104 133 146 140 138 140 157 167 170 168 170 171 174 172 173 173 172 171 171 172 172 172 171 172 171 171 170 168 166 166 163 165 164 
129 127 126 128 130 130 124 111 110 114 122 143 151 152 153 154 155 152 152 155 160 157 147 144 150 149 148 151 154 154 154 155 155 155 152 152 147 132 126 129 144 152 159 165 161 163 165 160 163 167 169 173 169 171 169 164 163 165 166 163 161 159 140 147 144 144 130 130 141 151 157 159 165 165 164 166 168 168 169 170 169 169 170 171 172 171 170 169 168 168 166 168 167 167 167 165 164 162 165 164 
127 126 123 121 130 132 117 109 112 113 120 142 149 151 152 154 153 150 149 155 159 143 145 147 148 150 149 152 153 153 152 152 149 145 132 122 122 136 148 151 159 160 161 162 163 164 169 164 168 169 173 173 173 177 173 172 171 168 168 168 164 161 153 154 156 159 156 153 153 155 158 157 160 163 164 164 162 166 165 168 168 169 170 171 171 170 170 168 165 167 168 166 165 167 165 165 164 162 165 166 
123 116 115 122 126 130 114 110 111 109 119 143 148 148 149 151 151 150 150 155 147 140 145 145 147 147 153 151 150 148 143 130 118 119 132 142 149 155 158 156 161 162 163 163 162 165 169 169 166 170 173 172 170 172 171 169 168 166 166 166 164 162 158 157 158 158 157 157 153 155 156 156 159 158 165 166 164 165 168 169 169 169 167 170 168 169 169 166 167 167 165 165 166 164 164 163 163 162 161 163 
115 111 124 119 121 127 108 109 111 106 116 142 149 148 148 148 149 149 153 145 140 145 147 145 146 146 145 138 125 116 115 127 142 148 151 152 154 157 158 159 159 160 161 159 163 165 166 169 170 170 168 166 167 170 168 166 165 161 162 162 161 160 162 160 159 158 157 156 154 155 156 155 158 160 164 165 164 164 167 168 169 167 169 167 168 167 166 166 166 166 163 165 166 164 161 162 161 160 160 160 
107 122 119 113 117 122 104 105 108 107 118 140 147 149 147 148 148 151 154 130 145 143 144 141 128 116 109 112 126 139 142 149 153 154 153 155 156 156 156 158 158 159 160 160 163 164 167 166 168 162 163 163 164 165 163 161 161 157 160 161 161 159 160 158 157 157 156 153 154 154 157 155 157 163 164 163 164 164 167 166 167 166 168 168 168 168 168 165 165 164 165 164 164 161 158 160 160 161 159 149 
116 118 115 109 115 116 103 105 110 110 121 139 145 146 147 147 147 151 147 127 131 115 104 105 114 131 137 142 145 146 147 150 150 149 152 153 154 155 155 157 159 160 159 159 161 162 160 159 164 154 158 159 160 161 159 160 158 157 160 160 160 158 157 158 157 157 155 152 155 156 159 157 159 165 163 163 165 165 167 168 167 166 167 165 165 165 166 164 164 164 164 160 158 158 161 159 157 156 149 137 
112 110 107 105 114 110 101 106 111 118 126 135 142 146 148 150 146 148 137 103 117 129 134 135 140 140 140 143 144 144 145 147 150 148 150 152 154 155 155 156 156 158 159 159 159 159 156 155 158 151 157 157 159 159 158 156 156 158 159 159 157 156 156 159 158 157 153 154 155 158 160 161 161 167 165 166 165 165 165 165 165 165 165 165 165 165 168 166 164 162 162 158 157 157 158 156 151 145 135 138 
99 103 103 104 111 106 104 110 120 125 129 133 143 143 146 148 147 145 137 137 136 138 136 135 134 136 137 138 140 141 143 146 148 150 148 151 154 154 152 152 155 153 153 153 152 152 148 152 155 151 153 158 157 158 158 157 157 158 158 159 157 157 156 160 160 158 156 158 158 160 161 161 163 166 167 166 166 166 165 165 164 165 164 164 163 163 165 163 160 161 157 158 155 153 153 149 143 138 138 143 
