35 48 54 64 62 61 53 42 49 48 30 37 13 6 6 8 7 12 12 10 7 15 19 19 17 17 17 16 17 19 12 7 8 9 13 13 9 12 10 11 11 10 15 9 16 20 11 11 12 9 7 5 8 11 17 23 21 19 22 25 27 26 27 25 17 8 11 11 15 38 64 90 81 82 88 73 63 86 89 104 100 115 138 134 117 120 120 123 136 155 149 138 140 141 149 150 157 150 156 137 
32 52 56 60 61 62 56 47 46 35 29 19 6 7 5 6 8 16 12 9 5 12 17 17 17 17 16 15 15 16 14 10 9 8 8 11 8 17 15 9 11 11 15 11 13 15 16 9 11 11 7 6 7 12 12 19 20 19 23 28 28 28 26 22 11 8 18 16 17 33 96 102 93 84 100 102 80 97 105 110 100 118 140 133 120 118 120 119 136 152 144 143 129 141 147 151 157 147 149 126 
47 55 58 63 65 62 59 56 47 29 30 15 10 6 6 6 9 15 13 8 7 10 15 17 17 16 15 16 16 17 16 15 9 7 7 8 13 13 22 10 12 11 10 13 13 11 17 10 9 16 9 7 7 10 12 14 18 22 25 28 27 28 26 20 16 18 21 21 19 50 102 109 102 93 98 105 107 102 113 114 99 106 123 123 117 117 119 121 131 143 138 136 127 139 142 152 144 146 144 125 
48 56 63 64 68 66 49 45 41 26 28 15 16 7 7 7 9 9 12 9 8 10 14 16 17 17 15 15 16 17 16 16 13 7 8 7 12 20 13 13 11 10 10 15 14 9 13 17 11 13 12 8 9 9 12 12 18 25 26 28 27 31 23 15 12 18 23 28 47 61 104 112 105 96 88 101 106 108 105 115 117 100 107 116 115 113 119 126 122 131 131 126 123 134 137 148 137 143 139 125 
47 58 70 65 64 62 47 37 36 30 24 14 14 13 7 8 11 9 10 9 9 13 13 15 17 17 15 14 16 16 16 15 13 9 8 8 10 15 13 11 15 11 9 13 11 14 9 14 20 11 10 8 10 10 9 12 13 19 26 24 24 20 15 14 14 26 31 53 68 92 108 117 106 97 91 92 97 113 111 104 137 110 102 110 112 115 119 120 123 120 127 121 115 126 128 136 134 140 134 121 
55 58 65 65 62 57 50 38 30 45 22 14 11 12 11 9 11 8 7 8 8 14 15 13 16 17 15 15 16 17 15 15 10 8 6 10 11 11 11 11 17 15 11 11 11 14 8 13 22 13 8 11 11 9 8 10 11 17 25 25 21 15 13 15 20 29 47 71 96 106 109 116 110 96 89 94 88 115 116 108 140 123 124 114 108 124 124 125 126 119 125 120 121 127 121 131 133 137 134 117 
58 59 61 69 64 54 42 37 30 46 24 13 14 12 10 13 14 9 7 7 7 10 14 12 14 16 16 16 17 16 16 13 9 8 9 9 11 8 8 14 14 16 17 11 12 11 9 13 16 15 8 12 14 9 9 11 13 14 17 21 14 12 22 25 39 43 72 90 98 111 107 115 113 103 95 99 104 106 126 126 131 130 129 127 108 125 130 123 133 118 130 130 132 128 112 125 134 141 131 115 
58 59 63 66 67 57 39 37 28 63 22 10 11 11 11 12 20 16 8 9 8 7 10 12 12 15 14 16 18 15 14 10 9 8 11 14 10 8 8 10 17 15 20 9 11 10 10 15 12 11 9 10 14 12 9 9 10 11 12 13 10 12 22 56 79 91 88 101 104 96 110 90 116 111 103 103 103 113 135 124 134 133 122 140 116 124 136 129 137 128 130 147 135 124 108 123 139 137 129 115 
56 59 64 67 68 59 37 32 30 72 20 10 10 10 10 16 19 15 13 9 7 8 9 12 12 13 13 15 16 14 11 10 7 11 14 17 10 8 8 8 11 22 15 11 10 10 11 16 11 9 13 13 13 15 11 10 9 10 12 11 12 16 22 61 100 111 110 106 114 95 98 95 99 120 111 113 98 128 144 125 138 134 119 139 118 123 138 135 145 133 141 143 135 125 112 124 144 132 117 120 
58 59 62 68 63 59 45 30 42 55 20 11 10 10 9 11 17 22 10 10 13 8 8 11 15 12 11 13 14 12 9 9 9 13 16 13 9 9 10 7 8 17 12 16 12 13 13 12 14 14 20 21 28 19 17 31 18 9 10 9 14 17 28 53 112 123 119 109 120 110 103 98 92 111 124 122 105 124 148 124 137 142 127 142 128 122 143 141 150 146 149 139 137 122 115 139 146 116 115 107 
53 61 66 65 62 60 46 23 37 24 16 12 11 10 11 11 8 11 10 12 12 9 8 8 13 14 9 12 13 9 9 10 9 12 17 13 12 11 11 8 11 10 14 14 14 12 13 11 8 19 17 22 48 46 32 66 20 16 9 12 16 22 41 68 112 126 128 107 117 129 112 101 108 102 124 123 123 125 156 128 139 148 133 147 139 124 146 146 161 147 143 137 137 120 124 146 144 103 114 114 
53 58 68 63 58 54 46 27 37 13 15 11 10 9 9 11 9 10 8 12 14 14 9 8 9 9 14 8 7 9 11 10 11 16 13 12 13 17 14 9 12 9 11 14 12 14 12 11 14 33 35 46 99 56 59 101 54 20 11 18 22 37 79 99 119 128 125 117 123 143 120 118 113 113 121 126 135 131 168 139 133 151 134 143 140 133 145 157 152 144 133 125 137 121 135 145 122 107 122 138 
52 60 68 67 55 43 38 36 45 42 24 7 11 12 10 12 9 9 9 9 13 16 15 9 10 11 10 11 6 9 9 11 13 15 11 10 14 17 12 17 12 9 10 14 13 19 15 11 43 84 84 100 121 87 108 138 62 36 13 14 27 57 97 120 121 131 121 130 117 149 131 122 112 124 124 125 137 133 173 150 131 148 144 141 141 142 143 155 133 116 130 137 122 127 141 142 103 112 142 144 
52 60 68 64 57 35 27 33 42 54 19 11 10 11 10 15 10 9 8 9 16 14 14 18 10 9 9 10 9 7 10 12 15 10 13 11 13 12 15 19 13 12 10 9 15 17 16 24 77 138 129 126 134 121 147 133 71 67 25 21 45 68 104 127 131 130 125 133 128 137 134 121 108 120 112 121 133 142 169 160 131 144 150 140 144 143 139 136 116 136 133 143 122 136 148 130 120 137 145 139 
49 59 69 68 58 41 33 33 39 40 37 22 11 13 13 22 19 18 14 11 13 18 12 15 17 18 7 9 8 8 10 14 9 9 12 14 15 11 18 17 13 13 10 8 12 18 17 66 111 149 139 121 141 128 149 129 97 65 42 49 104 84 122 130 132 135 131 134 128 132 130 119 110 117 97 118 126 141 159 142 128 133 138 137 131 140 125 114 117 131 127 143 131 143 133 127 138 144 149 137 
46 56 69 67 56 44 40 39 66 71 54 21 28 32 54 63 105 68 80 83 43 53 40 26 28 32 10 12 10 9 12 9 9 8 10 13 13 16 19 14 15 13 11 10 12 16 61 118 148 164 143 108 133 126 139 143 103 80 63 101 123 100 155 137 133 138 132 129 130 130 117 111 118 96 100 109 108 127 133 113 122 118 116 126 125 125 120 113 106 119 125 134 142 150 148 144 153 159 163 153 
46 56 68 65 57 43 35 35 63 90 65 53 46 56 64 53 86 94 112 130 83 106 86 67 83 64 34 20 22 21 10 9 7 9 12 12 12 19 16 14 14 13 14 13 12 49 103 135 172 180 148 114 116 120 128 150 120 101 77 131 107 121 180 156 138 138 128 117 108 114 103 113 112 95 89 80 87 91 82 86 93 99 99 103 122 120 117 125 130 138 149 138 158 150 151 147 146 168 169 170 
45 53 67 62 59 46 32 26 51 98 91 52 35 48 68 70 99 115 127 133 119 128 121 119 128 108 100 71 68 35 10 10 9 11 13 12 18 18 15 17 13 12 20 16 28 93 111 154 187 181 150 133 104 100 122 143 131 110 102 139 115 163 187 171 134 125 117 110 104 119 103 120 104 86 68 69 73 68 72 74 78 84 80 75 87 93 116 128 128 140 156 154 157 158 151 152 148 161 164 171 
49 53 66 60 58 49 38 20 45 78 73 48 61 59 81 91 112 123 134 134 138 138 143 154 156 144 140 124 134 79 53 46 61 59 34 27 29 18 19 17 14 19 20 21 68 97 116 165 186 172 145 149 113 91 106 135 139 127 118 142 129 182 190 168 113 113 104 113 123 117 124 124 97 85 75 78 71 83 71 66 64 76 55 54 65 84 95 99 94 125 153 157 156 159 164 163 153 151 171 158 
46 49 66 63 52 48 45 32 32 68 70 60 75 79 86 100 111 114 122 131 137 130 142 161 161 149 139 137 147 147 119 82 82 108 142 138 124 105 47 24 20 27 27 42 76 86 118 162 179 172 153 154 129 112 98 124 134 134 115 147 143 181 186 152 94 108 106 128 130 138 130 103 86 94 90 84 88 76 73 64 79 55 45 53 76 71 72 84 85 99 129 134 128 159 151 158 151 165 175 163 
47 51 66 68 53 45 40 38 29 61 60 49 73 96 105 108 111 114 125 128 125 120 135 149 148 148 141 138 140 159 169 150 110 92 132 137 155 184 93 83 54 42 43 62 70 107 121 156 172 180 162 155 140 132 115 128 127 139 118 142 144 168 178 118 93 92 121 137 146 143 109 93 106 99 106 95 84 92 71 75 56 46 53 75 69 61 80 78 73 77 90 91 102 116 130 160 159 169 170 170 
49 51 61 66 53 40 35 39 30 55 59 58 94 92 112 109 122 127 146 133 113 122 133 133 136 139 140 145 135 135 157 170 141 119 117 146 164 158 93 114 109 44 47 75 76 115 124 156 176 173 169 164 146 133 128 123 127 146 132 139 134 154 161 99 88 112 134 154 152 130 108 107 126 129 105 81 110 105 88 66 57 61 72 61 52 73 71 55 64 66 69 71 72 90 124 156 166 179 172 171 
48 48 60 64 57 39 33 37 32 63 69 86 108 92 118 122 134 149 152 124 110 118 121 128 125 134 134 143 134 131 138 159 156 130 119 148 156 151 129 133 140 96 75 92 103 120 142 161 176 165 160 142 136 126 116 120 140 130 150 148 128 144 128 87 94 129 161 160 139 129 135 137 132 109 108 123 110 107 93 61 74 81 57 49 67 59 44 50 62 58 57 59 71 93 120 151 157 178 180 171 
49 45 61 64 59 48 35 28 31 65 46 105 85 117 119 130 139 153 140 116 112 114 121 129 120 133 128 136 131 127 131 136 154 150 131 137 155 160 143 123 107 107 113 120 123 146 169 172 168 156 146 125 114 108 110 127 148 140 148 150 135 135 117 91 118 153 165 153 136 139 144 142 141 134 145 136 135 127 104 98 96 69 56 59 52 44 46 48 64 53 49 68 69 88 117 143 146 171 162 163 
53 47 56 66 59 50 41 32 25 58 42 78 107 149 141 136 146 146 131 120 104 111 119 129 118 128 126 124 126 122 132 131 143 142 141 121 129 136 138 124 103 102 146 144 163 170 179 177 162 153 153 142 130 111 124 143 148 135 147 153 145 145 134 125 145 149 163 140 147 155 166 155 152 167 173 158 145 137 125 106 78 64 60 51 42 42 42 60 62 48 61 59 66 86 107 118 142 144 136 146 
56 45 53 63 58 51 43 38 26 51 36 31 79 177 172 144 146 137 125 112 102 113 125 114 111 124 121 115 116 123 123 138 133 127 134 135 137 143 155 139 136 111 151 156 179 186 173 177 154 159 173 162 148 142 134 146 146 141 152 156 154 152 160 153 139 147 163 154 164 165 153 148 156 156 142 127 129 126 105 82 67 66 55 34 44 44 46 61 56 54 59 57 59 83 102 109 107 108 107 121 
55 47 56 65 62 52 40 37 33 43 39 38 26 126 167 146 144 132 126 108 104 110 121 105 107 129 113 109 113 121 117 131 130 129 116 128 132 134 150 153 156 138 166 166 182 189 179 173 157 177 194 180 158 157 156 137 140 142 158 157 159 156 165 155 145 156 159 152 155 157 147 134 122 129 124 115 108 85 80 71 75 61 34 44 52 36 39 60 56 62 62 69 75 90 93 96 96 92 94 121 
56 47 54 64 62 56 41 30 34 37 52 36 34 34 130 157 126 129 134 111 104 101 109 107 113 123 111 97 111 124 115 122 126 126 128 121 128 131 144 155 147 155 175 170 176 193 187 178 166 187 193 165 151 150 176 163 145 129 146 142 145 140 148 148 140 150 149 156 149 143 141 110 104 101 85 79 89 92 106 88 82 70 72 68 66 66 61 63 47 78 81 71 70 69 78 92 96 91 81 93 
57 50 48 62 61 57 49 33 28 28 63 30 47 19 49 123 114 129 121 102 97 89 108 110 123 118 106 102 102 129 122 110 111 124 142 141 142 144 145 159 152 165 182 179 189 201 193 193 189 201 199 170 162 149 177 162 146 124 151 126 119 110 117 135 115 139 156 158 149 148 130 108 93 82 87 91 95 112 107 113 130 126 113 124 133 100 74 74 59 72 64 63 63 59 73 90 90 92 82 77 
58 54 45 62 63 52 51 43 31 21 57 35 43 21 14 40 104 133 109 88 88 81 99 108 119 116 104 103 112 114 133 121 111 125 146 151 159 148 150 162 159 165 190 186 206 209 190 197 199 209 214 196 176 168 181 156 155 133 148 138 113 113 104 127 106 120 147 146 135 137 133 109 94 88 89 91 107 115 128 137 130 120 124 119 85 70 78 75 80 66 55 49 51 63 92 97 94 71 60 63 
58 55 43 55 64 57 53 47 40 29 43 43 35 28 16 15 89 130 127 88 75 76 91 109 118 134 111 102 113 116 119 122 111 137 137 145 159 169 172 163 174 175 188 195 217 212 187 181 202 222 226 209 184 176 180 143 158 143 145 142 132 121 104 105 117 117 142 135 134 127 125 127 114 87 90 100 119 126 118 110 104 107 103 83 84 90 98 89 61 51 55 54 50 65 81 91 78 71 56 63 
58 56 47 51 62 59 48 42 44 39 35 58 29 36 17 11 32 161 162 86 59 74 84 101 101 111 116 123 127 122 119 123 125 129 138 144 152 169 184 186 193 189 192 205 221 215 167 174 195 225 230 225 202 179 165 146 157 142 148 143 159 124 104 101 124 128 145 131 118 104 125 134 112 129 143 139 138 143 146 128 117 91 91 122 139 136 126 107 65 49 56 64 55 63 85 76 81 80 90 92 
57 57 47 49 61 63 51 40 37 45 32 61 25 32 15 11 13 59 140 68 51 58 66 96 92 103 109 103 125 136 128 131 140 151 143 134 143 166 175 187 187 196 198 215 223 205 149 172 166 194 230 235 212 192 172 172 172 156 161 146 170 124 104 93 107 124 136 112 95 98 126 121 128 145 149 136 131 129 126 127 133 137 131 120 120 114 88 55 41 47 45 47 56 68 76 92 110 110 105 106 
55 58 55 47 60 64 56 47 39 34 37 57 27 26 16 13 11 17 68 115 50 53 59 85 92 101 109 115 104 119 128 126 142 163 160 149 143 156 173 187 185 201 213 224 223 173 85 95 105 131 199 234 223 205 180 185 181 150 154 170 174 128 113 96 95 131 117 102 92 99 107 126 154 157 150 132 127 116 120 126 130 137 135 134 122 103 66 55 38 39 56 65 75 72 78 92 102 109 110 103 
55 60 56 48 59 65 59 51 44 38 31 49 36 23 21 15 17 13 32 129 89 64 57 63 75 90 108 114 104 117 135 131 152 156 154 162 168 160 181 192 204 208 220 224 221 132 92 139 151 150 136 189 228 206 179 194 196 153 163 165 161 132 129 114 95 117 110 105 99 102 101 138 146 154 140 127 120 119 130 143 139 136 131 111 114 110 84 70 77 103 126 119 110 96 86 72 74 81 94 109 
51 61 60 47 60 62 61 56 46 40 33 31 54 21 27 16 12 17 23 72 136 109 70 66 67 76 116 117 114 110 122 142 148 152 161 171 179 172 188 213 215 216 226 225 212 121 123 165 173 183 186 163 201 206 173 211 205 167 177 169 161 149 122 116 119 99 97 109 109 98 108 131 145 142 119 109 104 116 118 117 127 141 149 145 129 105 90 86 106 134 156 139 89 62 65 67 68 73 86 105 
47 60 60 50 50 67 62 61 53 42 31 29 58 25 24 15 10 8 16 23 79 157 127 95 76 70 90 109 109 120 121 146 162 169 165 173 189 195 207 217 225 221 229 226 205 125 162 156 170 177 190 197 172 224 196 217 212 179 184 143 153 150 128 105 88 89 91 103 102 107 113 119 133 114 108 99 94 102 102 110 118 127 137 129 113 95 93 101 120 132 102 82 80 93 108 111 88 82 95 116 
43 54 59 52 43 60 67 61 58 47 36 30 49 36 21 16 14 14 10 13 29 111 180 150 119 78 88 96 104 131 160 173 182 176 167 174 185 216 221 219 227 227 230 227 205 128 160 130 151 170 184 192 177 209 215 224 219 187 171 123 140 144 142 122 88 101 95 107 102 106 133 127 122 122 121 118 104 101 105 116 124 123 106 77 67 68 82 98 118 128 141 147 148 127 99 68 61 69 80 91 
39 51 61 56 45 48 66 59 53 47 44 33 34 53 19 15 13 12 17 16 15 31 128 183 161 109 105 112 119 131 147 166 176 173 179 188 194 218 229 221 227 232 231 226 204 111 63 52 55 78 142 186 188 178 221 226 222 191 161 140 150 154 139 148 95 112 112 105 124 104 110 129 140 123 124 111 107 98 98 115 132 143 146 141 126 117 109 101 99 111 120 115 111 80 71 58 44 43 55 74 
37 43 59 60 47 47 55 63 45 43 46 43 30 53 19 13 12 9 12 18 19 20 73 127 182 132 139 133 132 145 163 171 177 183 178 188 215 226 233 230 227 231 232 227 209 112 95 39 34 42 130 185 192 149 211 217 224 203 165 160 167 154 144 129 85 91 77 106 139 110 120 154 140 131 127 111 87 78 93 111 134 143 140 147 138 125 91 71 85 91 79 68 83 92 95 99 80 66 66 70 
44 38 51 63 53 46 59 60 52 35 41 40 37 41 32 14 16 15 14 18 23 36 81 90 118 144 147 148 150 163 168 169 172 173 179 188 205 224 232 233 230 233 232 229 213 135 81 80 87 141 180 194 189 141 211 228 228 211 163 143 155 130 107 73 64 100 70 87 100 100 116 172 131 135 125 105 92 75 66 77 89 93 92 80 73 54 41 44 56 69 79 83 85 89 79 65 51 54 68 81 
101 42 47 57 57 43 60 59 58 47 32 28 33 32 48 19 25 25 17 13 15 39 110 107 133 140 144 145 159 167 169 164 174 195 205 201 205 208 211 221 225 227 224 225 225 188 82 147 145 161 175 197 166 161 221 237 231 208 153 136 138 129 103 65 70 101 68 83 104 87 114 169 146 120 119 118 88 61 62 62 50 35 42 38 36 23 24 23 48 66 79 85 89 85 85 76 104 118 100 74 
145 77 50 58 58 42 50 62 61 61 50 34 22 22 51 42 36 20 10 8 11 59 128 148 164 162 150 155 163 158 154 160 180 191 200 203 205 192 196 200 206 211 206 212 228 218 137 90 126 156 186 180 122 151 206 218 202 158 111 116 136 136 103 70 63 76 59 102 130 114 130 168 155 98 103 120 113 87 63 44 28 30 34 33 29 23 28 58 73 80 82 80 87 110 133 151 159 150 118 81 
146 137 59 57 64 48 40 59 64 60 57 56 37 25 28 63 50 30 19 15 9 24 111 159 162 172 177 173 164 145 135 156 173 170 157 174 189 192 192 195 196 198 194 192 210 225 207 125 107 143 146 103 70 156 155 137 133 93 93 116 137 119 105 103 73 63 63 81 115 123 157 176 132 103 74 102 117 96 59 33 26 43 35 37 31 31 47 69 70 73 87 104 123 147 166 176 176 162 115 78 
141 143 118 46 58 59 43 47 61 63 53 51 52 41 34 40 76 27 24 18 12 10 51 170 184 192 196 181 161 143 135 161 174 183 164 164 189 193 195 193 197 208 210 208 214 223 225 206 142 86 58 45 68 129 112 83 92 89 103 92 99 112 101 86 73 72 74 85 120 146 162 153 107 88 67 100 101 102 53 27 39 43 56 48 39 39 56 71 70 78 90 107 130 150 163 180 176 152 139 131 
135 134 133 88 43 53 44 43 51 62 55 49 44 46 49 43 56 43 25 20 20 20 54 163 170 194 196 172 153 131 131 171 169 178 183 176 190 193 196 178 197 218 223 218 223 226 229 229 225 205 181 180 175 126 100 94 106 85 110 104 91 100 78 58 67 84 75 81 110 157 168 151 91 57 60 73 77 95 61 41 44 40 63 51 46 62 65 75 82 87 94 113 138 165 186 196 201 199 169 105 
142 142 142 138 71 40 45 44 49 56 63 55 38 35 41 52 44 74 19 17 16 20 63 170 168 198 197 168 150 127 137 171 174 168 162 158 188 212 216 199 210 227 225 218 210 211 226 236 239 241 240 234 215 162 135 131 137 103 121 123 110 103 61 42 55 51 60 107 131 144 164 127 72 54 63 60 61 77 69 40 36 46 67 57 66 68 74 83 88 98 108 128 147 169 190 202 201 173 137 130 
147 150 151 151 133 44 37 48 45 49 63 61 49 39 35 39 45 63 25 17 15 18 41 158 167 196 185 151 126 129 151 163 154 155 163 176 199 213 214 204 212 215 210 218 220 216 227 234 238 242 243 241 228 171 168 138 124 103 90 106 68 40 27 40 50 42 45 140 154 175 162 124 87 81 80 65 52 69 73 45 35 52 64 70 63 70 72 73 79 85 101 129 142 153 174 186 172 154 140 162 
147 151 153 154 152 108 42 45 50 43 49 63 62 56 38 25 29 37 45 24 20 25 59 152 156 159 150 141 126 141 160 159 185 204 205 196 192 198 202 200 213 219 220 222 225 225 226 225 229 232 232 232 220 212 203 161 147 129 107 124 85 57 52 77 82 69 42 100 164 212 189 142 102 74 74 56 46 72 71 45 51 61 66 60 61 59 60 64 74 80 94 112 135 138 140 141 140 146 160 182 
146 149 150 151 150 149 95 44 56 45 53 57 64 65 55 43 33 27 35 47 27 36 42 134 136 145 145 134 131 164 169 168 189 213 219 214 214 215 215 213 217 223 227 229 226 225 223 222 225 226 219 210 200 197 208 200 193 192 174 181 184 144 142 183 188 159 59 56 166 215 210 156 115 95 79 47 37 51 58 65 58 58 60 54 64 54 55 63 70 77 92 111 125 130 132 138 150 154 162 179 
142 144 144 147 147 148 148 116 62 44 26 58 63 61 55 51 48 42 37 39 48 55 64 143 136 126 137 139 139 165 172 178 193 208 215 217 223 226 222 223 229 230 228 225 223 225 225 226 227 222 221 218 224 221 226 222 217 220 219 219 220 197 202 215 212 188 76 22 108 212 209 149 127 109 66 35 31 45 61 57 46 57 54 76 66 60 67 67 75 69 73 91 116 142 130 142 155 165 170 175 
129 134 135 136 138 138 140 139 131 58 31 38 56 63 60 46 34 34 37 43 41 60 88 149 135 139 147 149 149 159 166 202 218 223 227 223 219 223 225 229 233 233 232 226 226 228 230 230 228 224 230 227 231 231 231 229 226 225 222 223 224 221 220 219 212 184 109 19 65 176 200 143 124 106 69 57 43 52 52 52 47 55 73 67 66 72 79 77 72 70 57 76 88 112 129 101 119 129 144 176 
140 143 143 141 141 141 140 139 141 127 53 36 45 47 61 61 52 37 29 29 41 47 114 151 144 149 147 145 152 153 153 180 199 213 222 220 215 217 217 222 224 227 229 230 230 229 229 227 228 230 232 232 231 227 229 229 225 224 225 227 225 223 219 215 210 186 149 100 68 101 122 106 110 70 55 39 39 58 58 51 46 51 56 46 52 65 81 79 76 65 62 52 76 83 102 83 82 108 136 168 
150 152 152 152 152 152 154 155 156 155 140 79 46 45 47 54 62 61 64 64 66 80 158 127 131 174 155 147 133 116 123 137 151 173 182 191 202 210 218 217 220 224 224 225 227 225 226 226 227 227 228 225 220 216 214 219 222 224 225 227 226 224 218 212 202 189 144 91 53 44 44 75 63 47 51 43 49 78 62 55 52 43 45 46 52 56 62 74 61 58 65 57 46 70 86 78 71 87 116 145 
148 152 153 153 154 155 157 157 158 158 158 156 107 45 46 51 59 63 66 65 66 79 163 167 117 108 100 96 94 85 103 123 127 117 111 126 156 169 189 205 214 215 212 217 224 217 210 208 209 210 199 192 203 201 188 203 218 222 226 224 222 223 218 212 206 191 147 74 36 32 31 48 45 39 58 51 51 68 64 64 59 54 55 57 55 56 64 62 58 49 48 57 56 45 79 76 70 73 89 122 
148 151 152 152 153 153 154 156 157 158 159 159 158 110 46 50 61 62 62 64 68 79 147 165 138 100 93 90 75 73 99 120 118 105 105 121 127 139 156 182 195 187 188 192 195 188 194 192 195 180 161 132 149 151 160 181 177 194 196 211 216 220 218 213 207 182 129 61 46 40 50 71 69 56 74 96 99 105 92 82 69 49 44 46 56 62 71 67 49 48 50 50 55 55 56 66 66 81 94 107 
143 146 146 148 148 148 151 153 154 154 155 155 157 156 115 51 46 58 67 68 66 71 126 150 126 106 92 77 69 74 111 139 140 130 108 95 84 116 138 156 167 153 140 137 139 129 131 138 148 150 124 105 130 99 127 138 120 139 143 162 168 191 203 206 193 145 72 19 46 47 61 65 57 56 77 115 135 150 137 130 87 51 42 36 52 57 65 66 61 55 60 46 46 51 38 36 51 71 94 116 
126 129 134 139 136 135 140 142 142 144 148 148 150 150 134 119 63 44 54 62 65 66 100 140 144 129 110 91 94 86 121 152 135 104 88 61 54 53 66 111 141 117 116 129 132 117 126 133 138 148 147 115 99 108 117 122 134 118 103 80 84 94 120 141 140 86 39 17 41 65 70 63 60 56 68 116 146 151 156 142 79 51 40 37 35 55 63 67 75 68 50 66 41 42 50 35 34 44 45 44 
139 138 142 144 138 135 141 141 137 140 140 142 144 143 126 140 138 75 43 50 58 65 79 136 153 145 114 99 102 95 91 126 127 100 103 118 95 59 45 64 94 117 136 131 104 87 86 116 130 99 112 101 79 63 88 67 84 77 72 57 58 56 71 54 55 56 39 28 63 83 60 56 72 66 73 100 143 154 152 134 105 88 74 68 73 83 92 81 62 59 51 49 51 34 36 47 49 50 44 30 
151 153 153 152 152 153 155 156 157 157 158 158 159 157 134 150 155 145 107 49 49 62 79 143 153 152 132 105 100 103 98 119 140 145 126 146 147 98 58 43 41 54 78 74 71 69 49 65 72 69 66 53 48 51 50 69 52 46 54 58 48 36 34 25 36 34 46 71 118 73 56 58 82 71 70 69 113 142 140 81 75 87 94 83 76 67 60 57 59 61 59 50 51 44 36 50 58 70 84 69 
151 154 155 154 154 156 157 157 157 160 161 163 163 158 135 156 159 155 153 127 62 51 84 159 158 147 152 130 119 114 102 113 141 167 174 153 128 111 78 50 35 29 31 52 59 40 47 46 56 64 69 63 50 39 36 60 62 59 56 106 81 104 49 36 43 47 87 101 132 78 60 65 94 97 82 61 90 136 125 63 50 53 50 45 48 54 65 60 58 58 54 56 46 54 60 77 95 107 115 116 
149 151 152 152 152 154 157 158 159 156 157 160 162 156 138 158 159 156 156 162 155 88 98 170 176 149 137 134 125 112 97 116 136 144 135 122 130 148 137 116 103 55 23 21 22 22 26 31 43 57 78 93 100 86 70 39 45 48 34 72 90 116 106 77 89 84 120 130 113 87 73 70 64 100 103 76 111 126 91 49 47 47 56 61 53 65 57 62 67 55 51 58 57 54 60 76 118 151 156 138 
146 148 148 149 149 151 152 154 155 155 155 153 153 149 135 154 155 153 151 158 165 157 136 155 160 162 143 140 129 103 92 98 94 101 106 120 130 139 117 138 131 86 31 19 24 26 32 68 103 93 64 38 102 106 101 62 41 38 41 66 74 116 92 93 124 119 121 132 106 76 78 92 46 74 98 95 103 97 54 33 36 46 51 58 68 63 63 61 59 68 53 50 68 78 88 121 150 171 176 157 
137 142 143 144 143 143 143 145 147 149 148 150 151 144 131 147 146 141 143 150 157 157 149 122 153 164 148 129 111 84 82 91 91 85 96 138 152 133 125 144 126 67 32 28 31 31 53 118 147 167 146 86 88 95 77 71 57 48 52 59 74 89 69 69 77 107 97 102 93 61 75 83 50 78 92 110 85 54 30 29 31 39 46 48 64 68 66 68 67 56 64 64 69 94 122 146 173 185 176 156 
145 147 148 147 146 146 145 144 144 145 144 145 145 137 127 146 144 142 142 144 142 144 135 103 123 156 146 116 94 87 87 90 105 104 121 130 121 105 125 129 95 52 42 37 44 36 71 111 140 170 189 149 87 88 79 91 90 58 52 69 82 76 71 65 61 75 100 116 118 73 109 116 59 90 103 97 47 27 21 28 25 35 37 48 55 66 72 71 65 77 65 67 71 95 131 158 174 184 197 189 
152 153 152 153 154 156 157 158 157 157 158 158 158 147 135 157 155 151 149 158 159 159 131 100 137 153 135 118 107 86 88 92 102 96 105 131 134 121 112 96 74 55 44 54 46 41 80 116 142 154 183 181 106 84 111 133 138 87 70 65 86 78 78 75 76 102 96 117 102 58 107 133 65 90 110 82 58 32 18 17 17 24 33 41 47 69 71 73 76 77 79 94 96 101 126 153 166 164 169 174 
152 153 153 154 154 156 158 158 158 160 160 162 161 150 137 163 160 156 155 165 172 171 140 109 171 136 125 116 103 89 88 85 102 100 104 127 130 132 103 97 81 69 69 74 47 26 36 50 101 152 172 189 131 120 127 139 166 144 112 68 98 96 75 80 81 99 76 109 111 58 79 94 91 111 91 59 39 52 50 28 21 27 29 37 41 56 70 60 61 69 74 88 101 118 134 149 146 131 139 151 
152 153 153 154 154 154 157 158 158 158 160 161 160 149 141 161 159 156 154 165 169 168 155 146 153 111 109 121 112 91 75 88 97 98 102 97 116 123 91 78 83 86 94 73 45 62 78 39 38 98 168 186 134 137 127 143 149 165 145 86 94 128 81 64 65 66 67 115 105 61 74 89 113 107 62 40 63 40 45 60 67 79 76 52 44 46 61 69 64 66 69 81 93 105 111 100 110 108 100 106 
148 150 150 150 150 151 153 154 156 155 157 158 158 144 137 159 155 152 152 164 165 167 179 128 114 102 103 104 90 88 99 92 86 79 93 85 86 90 88 69 66 87 94 85 52 110 124 95 106 146 181 183 132 139 136 176 142 154 132 94 80 94 80 58 60 65 83 121 111 87 101 118 130 79 58 38 65 92 98 99 98 80 49 31 35 36 43 57 64 74 78 72 95 110 114 108 99 111 113 117 
142 143 143 144 144 148 148 151 150 150 152 154 154 136 133 154 151 148 149 159 160 155 142 109 94 84 76 95 96 88 95 81 78 77 89 92 89 104 72 60 73 89 110 103 54 121 180 173 176 174 183 178 138 147 171 190 153 148 107 91 74 74 61 57 60 79 102 111 117 110 109 102 97 41 49 46 53 76 94 89 67 51 52 49 47 46 44 47 46 56 74 79 88 102 112 114 114 109 122 108 
146 144 142 143 142 146 145 146 144 143 145 143 140 126 130 147 141 140 139 145 147 136 110 84 80 78 81 86 99 109 104 86 97 107 99 96 102 93 63 61 73 96 126 133 65 120 191 190 181 178 188 148 142 161 187 183 163 130 115 109 102 83 68 56 72 125 127 100 108 115 100 105 76 54 45 70 73 81 79 78 75 61 51 37 39 42 48 51 47 46 58 79 112 132 136 123 124 116 128 130 
152 152 151 152 154 155 156 158 156 156 157 155 151 137 141 156 148 145 145 145 128 106 84 86 97 93 95 95 102 120 112 113 126 116 115 125 121 92 74 74 93 113 150 170 96 119 163 179 177 173 141 147 135 155 190 166 147 141 152 128 134 108 112 98 103 132 107 88 101 90 90 93 72 45 64 78 94 100 87 81 73 68 58 50 49 53 65 76 69 62 54 73 107 144 161 162 140 119 107 104 
154 154 154 155 156 158 159 159 160 161 163 164 161 143 148 165 157 154 149 98 70 91 86 79 81 78 87 99 118 114 109 115 109 121 129 127 126 116 91 89 111 122 154 193 126 80 112 132 121 129 128 189 154 149 156 140 141 157 173 145 137 123 141 134 120 106 89 81 95 77 88 68 89 54 66 81 76 88 82 69 54 41 53 55 61 58 64 62 78 76 83 86 104 127 162 174 170 147 114 101 
154 154 154 154 155 157 158 159 159 160 163 163 161 142 150 162 155 149 140 91 76 80 86 76 83 84 105 115 121 119 107 114 127 127 125 134 133 126 107 104 115 122 149 201 156 115 109 102 122 161 176 201 147 137 121 120 118 159 177 181 157 132 140 131 116 88 87 81 91 88 93 79 72 77 71 90 87 73 69 89 80 62 59 57 59 62 62 72 77 97 94 110 121 143 160 169 170 164 142 116 
151 151 153 152 152 154 156 156 157 158 160 161 159 142 150 159 152 141 115 91 76 85 82 86 95 106 123 96 94 105 124 115 123 122 139 139 138 135 125 108 103 107 145 198 179 149 163 175 208 210 206 176 147 135 119 117 116 175 183 179 163 142 120 127 84 78 76 90 112 92 120 99 65 76 74 87 107 88 64 60 69 78 73 66 65 59 69 81 101 130 155 154 125 125 132 137 133 136 126 118 
147 146 146 148 150 151 152 154 154 157 157 158 155 138 148 156 149 119 99 96 89 94 92 106 114 106 103 96 113 99 103 113 109 124 139 139 145 151 138 115 118 103 130 188 186 144 165 194 224 217 200 139 139 128 133 130 136 154 171 154 140 126 101 124 77 79 78 95 114 109 110 121 95 73 77 81 85 99 88 61 53 52 66 77 84 84 93 91 87 94 124 154 132 100 94 96 92 89 81 81 
144 143 142 137 137 144 144 146 146 146 146 145 143 129 141 146 148 167 125 111 93 100 97 100 101 94 91 97 104 110 103 97 102 107 132 141 143 151 140 142 142 126 120 164 195 158 148 186 220 200 179 138 148 129 147 155 154 143 167 143 132 104 98 117 88 95 90 93 111 115 112 108 100 93 84 89 80 81 92 68 59 58 58 71 84 94 104 111 106 88 85 96 120 112 86 79 77 72 71 68 
150 149 149 146 145 149 150 151 153 150 149 151 145 127 143 138 141 158 120 124 102 98 101 95 100 96 102 93 105 99 97 93 111 122 139 143 137 142 144 163 160 139 133 150 194 181 146 169 212 184 164 159 159 137 133 161 150 147 167 147 135 106 102 99 103 96 100 93 106 116 115 114 97 89 95 109 99 75 73 80 64 70 64 65 78 81 89 85 90 85 77 74 73 74 70 62 65 69 70 72 
153 153 153 155 157 157 159 160 161 160 162 163 158 133 149 140 139 149 117 123 113 104 105 99 91 104 102 93 96 86 103 106 116 136 126 130 142 138 148 154 160 152 151 146 185 192 157 162 195 172 162 152 149 136 140 139 143 151 161 134 129 114 105 100 121 98 95 91 108 116 98 104 99 103 103 93 102 98 68 70 73 75 84 77 71 69 76 73 80 76 75 74 73 71 75 73 74 74 77 75 
152 153 153 154 156 157 158 159 160 160 163 164 158 135 144 120 124 133 120 122 118 111 99 100 88 94 96 94 99 96 112 115 131 126 128 137 126 133 118 145 150 156 162 156 171 182 167 155 181 161 159 168 141 139 135 134 145 143 141 124 128 122 102 99 109 104 111 98 115 97 92 81 87 101 124 113 100 87 78 57 76 76 81 76 71 67 70 73 69 75 73 73 73 74 76 78 78 78 76 77 
149 150 150 151 153 155 156 156 159 159 162 164 154 95 82 87 118 124 120 126 123 105 108 97 90 94 95 101 102 105 112 118 131 123 122 108 111 114 121 153 138 167 174 165 165 183 169 155 168 171 169 168 151 150 147 139 151 147 150 132 133 132 111 96 82 94 110 108 104 88 84 75 80 95 119 134 140 101 77 67 67 78 62 66 60 65 62 66 66 66 70 71 73 75 77 79 79 78 78 79 
147 147 148 149 151 152 154 154 155 157 158 158 120 41 59 87 107 116 117 121 130 97 108 102 99 93 98 103 112 126 126 135 122 119 116 110 106 102 131 145 133 166 175 168 164 194 175 164 158 176 176 165 160 142 148 149 157 151 146 136 135 136 113 103 72 86 105 103 94 90 80 76 79 96 117 117 128 131 97 78 74 73 73 60 59 58 59 60 62 65 65 68 71 75 73 76 77 77 78 79 
144 143 144 145 146 147 149 148 149 151 149 144 63 47 87 89 106 106 115 121 126 115 105 110 100 105 102 108 124 131 139 131 130 130 132 119 101 111 153 130 120 136 156 171 176 195 186 175 153 169 177 149 152 136 148 153 165 152 133 131 118 130 109 99 69 82 96 95 85 88 86 95 93 108 122 122 118 122 106 88 86 74 77 67 59 60 58 61 63 64 66 66 68 68 72 74 74 75 77 78 
149 149 148 148 148 148 148 147 145 147 143 100 39 62 93 98 113 104 115 129 121 128 114 114 102 112 114 117 139 137 142 139 145 140 136 130 137 155 158 108 94 121 133 140 173 190 187 180 159 159 159 129 132 142 142 139 137 135 126 131 117 100 104 104 78 70 94 85 82 87 94 102 114 124 129 123 120 130 114 87 74 80 65 71 64 57 59 61 62 66 63 65 67 68 68 69 71 71 74 77 
155 156 156 154 155 157 157 156 157 159 148 61 39 78 95 106 116 112 109 131 116 123 121 111 111 114 121 112 138 138 132 149 144 130 112 114 150 160 139 81 63 103 102 104 148 168 175 179 166 157 154 144 131 138 131 137 123 105 109 131 123 111 115 103 91 88 101 116 96 87 97 100 115 125 135 134 106 116 126 112 73 64 74 61 70 62 62 62 64 66 67 67 66 66 70 71 69 74 77 76 
157 158 159 159 160 160 160 161 162 163 131 32 46 80 94 106 111 113 108 120 111 115 116 109 119 115 134 119 133 135 148 149 142 114 97 95 125 112 99 63 59 85 83 76 110 143 168 171 161 171 170 152 121 124 137 133 107 97 108 127 125 125 116 110 102 113 118 124 129 128 112 103 117 122 128 143 129 111 127 124 105 79 73 79 61 69 64 62 54 65 64 60 66 68 68 67 68 68 74 77 
155 157 157 158 159 159 158 159 160 159 101 34 45 75 88 100 98 106 103 103 116 112 120 109 123 127 148 125 134 152 157 140 112 96 105 109 111 107 118 125 142 158 143 130 119 130 157 168 177 179 172 159 137 116 128 125 87 99 106 130 115 119 114 127 113 114 134 137 143 141 146 139 137 131 141 143 142 141 138 148 145 142 140 138 125 106 94 88 83 73 68 62 63 66 66 65 70 68 73 77 
152 153 155 155 155 155 155 155 157 152 82 25 34 65 82 93 97 98 97 100 114 108 126 120 132 142 136 126 131 145 118 104 119 133 131 143 152 153 158 169 176 175 174 174 167 152 154 157 176 183 177 170 157 128 117 115 90 104 107 125 139 111 118 122 131 127 129 144 147 150 150 149 157 142 144 145 146 150 144 146 149 147 149 148 144 137 112 111 114 107 102 89 79 74 76 82 74 72 73 81 
147 149 150 152 153 153 152 153 155 144 89 39 27 43 63 80 82 85 86 90 105 97 114 112 117 128 120 109 104 111 147 164 168 163 140 157 162 163 157 169 174 174 175 175 173 169 158 145 153 168 174 173 170 154 125 121 124 118 112 118 154 134 125 126 132 141 140 151 144 139 145 144 147 143 138 142 147 147 149 144 144 149 152 152 147 146 131 127 131 125 111 100 92 94 100 97 84 84 82 105 
139 140 144 145 147 146 145 144 141 127 96 55 28 33 37 49 55 60 71 73 79 75 77 83 75 83 75 94 127 144 152 154 154 152 137 147 152 149 145 157 163 162 163 163 162 161 160 146 140 141 158 167 175 170 145 136 154 136 118 123 140 157 140 136 143 137 133 137 133 123 125 122 125 128 123 126 132 135 141 148 144 140 142 143 143 148 142 136 120 115 120 109 101 96 91 89 91 89 106 126 
147 148 151 154 154 155 153 153 146 137 129 98 55 42 31 31 35 43 44 41 43 42 45 58 79 105 122 141 144 144 148 150 150 145 128 141 144 142 138 147 154 154 153 153 151 151 149 149 145 146 148 151 163 157 150 143 152 139 130 131 139 154 144 148 143 135 116 100 98 97 99 106 107 107 109 107 113 113 117 126 138 133 136 139 140 145 148 133 117 102 100 98 91 85 83 85 86 96 124 150 
154 155 157 159 160 162 161 161 158 161 161 152 127 116 109 89 75 90 90 104 114 128 143 157 167 169 166 170 171 171 172 173 175 169 148 166 168 167 162 173 180 180 180 180 180 180 179 179 177 175 175 164 156 131 138 154 146 136 125 133 160 172 149 152 165 162 153 139 128 125 130 133 125 109 94 87 84 87 87 97 123 128 121 125 127 133 148 139 122 94 88 92 96 95 86 83 91 98 146 159 
153 154 156 158 161 162 163 161 163 164 163 159 138 144 157 151 150 150 161 166 166 167 168 168 170 170 170 172 172 172 173 176 177 170 148 166 169 166 162 175 181 181 181 180 182 183 183 181 181 182 182 180 177 164 136 135 146 141 129 140 162 182 184 174 182 181 178 171 159 127 112 119 118 118 110 111 100 83 94 130 146 133 124 135 130 126 144 146 127 99 87 90 91 95 94 92 95 121 156 145 
150 152 154 155 157 159 160 160 161 161 160 157 135 145 156 151 151 152 162 166 166 168 166 166 167 167 167 168 170 170 171 172 173 166 145 163 164 163 159 173 179 179 179 179 179 179 180 180 180 179 180 181 180 180 165 142 147 149 140 144 161 177 185 193 193 190 175 161 167 153 120 112 101 101 130 144 137 123 136 141 146 150 152 149 143 138 141 146 130 107 89 92 96 100 101 102 108 135 140 122 
146 148 149 151 154 155 156 156 157 158 157 152 132 142 152 148 147 147 157 160 160 161 161 162 163 163 163 163 165 165 166 167 169 161 142 158 159 158 155 168 176 176 175 176 176 176 176 175 177 177 176 177 176 177 166 145 161 156 150 156 174 182 191 201 202 186 139 115 141 158 143 128 119 129 150 150 142 135 135 139 147 145 138 129 123 116 125 143 136 111 90 96 101 104 108 108 113 122 124 112 
141 143 144 145 147 147 146 147 148 149 148 143 123 135 145 140 138 138 149 153 153 153 154 154 156 157 156 156 157 158 158 159 160 154 137 153 152 150 147 159 165 166 166 166 165 166 166 165 165 166 165 165 166 166 156 138 154 155 143 158 187 195 203 205 194 160 118 125 134 134 123 128 133 152 165 165 157 146 135 130 126 113 119 134 132 122 120 141 139 118 96 103 110 116 117 116 115 115 119 117 
142 141 142 144 146 143 140 144 148 145 141 134 116 130 137 133 131 132 137 140 140 139 138 139 140 141 139 140 140 140 140 143 143 137 120 135 134 132 129 140 142 144 145 145 144 145 144 144 145 144 145 145 145 144 137 120 135 135 129 153 190 203 204 196 166 125 133 139 132 120 115 129 143 158 175 180 165 152 140 127 123 107 113 140 144 140 131 144 142 124 99 104 114 121 123 123 122 122 119 122 
149 150 151 155 157 156 156 158 159 159 157 152 132 147 154 150 148 150 159 162 162 163 162 162 164 163 162 164 164 165 167 167 167 158 135 157 158 155 154 167 170 172 172 173 173 174 173 174 175 174 175 174 174 174 162 140 162 162 154 167 195 203 195 158 114 121 138 132 134 128 122 131 141 144 165 179 167 154 142 130 144 131 130 146 154 153 143 147 143 129 101 107 118 125 128 128 128 128 127 127 
151 152 154 155 156 157 159 160 161 161 162 156 137 152 157 153 151 155 166 165 167 168 168 167 167 169 169 171 171 172 173 173 172 162 142 164 165 163 160 174 177 178 179 180 181 180 180 180 182 182 181 182 181 182 169 148 168 167 161 185 200 198 176 106 89 116 110 139 152 132 134 139 136 140 154 173 167 155 147 137 146 152 144 130 155 164 155 150 149 134 104 111 122 129 131 130 130 130 130 129 
147 149 151 151 153 155 157 159 158 159 159 153 135 150 154 149 147 152 162 162 164 166 166 164 164 165 166 169 169 168 169 170 168 158 140 161 162 160 158 171 174 174 174 174 175 177 176 177 178 179 178 178 178 178 166 144 165 164 156 172 192 193 180 143 131 143 89 108 139 142 155 153 144 140 155 180 170 154 146 141 143 148 140 119 153 170 164 152 150 135 102 108 120 126 124 120 121 123 121 117 
