28 31 29 31 27 17 21 35 49 57 58 61 68 74 71 67 69 74 82 74 70 53 52 51 41 46 61 73 85 112 141 161 184 188 192 195 196 194 190 184 181 178 180 168 183 185 144 54 63 110 95 77 61 40 22 15 17 14 15 16 11 12 14 13 12 16 51 111 92 56 45 24 24 21 21 19 23 20 22 21 15 9 8 4 4 4 4 2 1 3 2 3 7 7 8 11 7 6 7 7 
27 31 32 34 26 26 37 51 50 60 63 66 76 84 80 75 98 114 134 146 147 135 138 142 138 135 137 135 139 140 125 99 93 84 74 75 67 71 87 103 126 138 151 167 168 92 41 77 88 80 67 38 21 15 19 16 15 10 13 12 13 12 11 11 12 12 55 105 96 57 44 21 23 23 23 20 21 24 19 18 15 13 13 10 13 10 5 3 1 3 5 6 7 9 8 7 7 8 12 9 
24 26 25 20 19 21 26 28 29 33 34 36 40 46 54 61 78 98 120 141 147 140 142 142 139 138 145 163 170 177 178 182 191 192 197 199 202 192 187 174 151 141 117 60 30 41 87 85 70 55 29 18 15 14 14 12 11 8 13 9 10 9 13 8 8 8 49 102 106 58 44 23 26 22 23 21 20 20 18 15 16 16 15 14 14 11 11 12 12 10 20 20 7 5 7 13 13 10 11 17 
48 36 21 22 36 47 54 59 59 63 67 69 69 77 71 70 74 70 74 80 68 58 56 50 52 64 78 93 111 126 139 161 177 187 196 193 195 194 195 186 185 166 93 40 51 81 93 67 56 51 35 32 20 14 14 12 12 9 11 8 10 7 9 6 6 5 38 95 116 60 47 26 21 23 24 22 21 22 20 17 17 16 18 19 17 13 13 15 17 16 15 26 20 11 23 16 11 8 10 13 
99 99 86 69 58 58 63 67 66 70 70 74 78 87 87 95 109 117 136 153 161 141 137 141 159 167 161 151 141 142 127 107 100 79 84 73 72 73 85 102 110 49 37 65 77 77 60 55 56 54 52 50 48 46 49 49 37 26 22 17 11 9 8 6 9 7 33 93 125 56 47 27 26 25 24 23 21 22 24 18 21 18 18 17 18 16 12 15 17 15 17 12 9 9 15 14 14 13 13 7 
107 96 86 80 77 67 60 62 55 45 37 42 47 50 58 70 84 97 114 139 155 140 138 161 168 165 162 166 148 180 183 173 179 186 200 164 190 194 170 78 39 53 76 80 72 65 63 61 62 58 58 58 60 66 75 80 82 74 70 63 54 44 37 30 17 11 29 86 134 60 46 36 33 25 25 27 23 22 22 20 20 18 18 18 17 14 14 16 18 14 18 7 4 10 13 13 13 12 9 10 
137 137 138 138 140 143 146 148 150 149 143 134 118 104 88 81 74 67 77 82 73 66 64 61 64 67 73 85 88 119 141 151 165 182 200 190 189 131 53 45 71 82 80 73 71 61 62 68 73 68 75 75 78 78 79 73 71 69 70 66 65 69 77 80 80 61 56 87 133 67 52 53 65 65 59 57 57 40 35 31 27 25 23 22 20 16 19 21 22 18 17 12 8 9 11 9 12 9 11 14 
70 76 84 93 100 110 121 127 133 143 148 150 151 154 153 151 146 141 143 151 157 160 160 164 161 154 155 146 143 145 131 129 119 108 98 79 58 36 85 102 80 72 67 58 59 62 68 75 80 81 85 77 77 72 74 73 74 68 68 68 62 75 82 75 77 81 74 93 137 69 51 69 105 107 91 95 89 72 62 55 50 47 45 36 32 26 23 21 23 18 17 13 8 8 10 10 12 13 11 14 
119 118 114 108 100 90 84 79 71 65 64 63 58 60 64 67 70 83 94 96 103 115 128 136 143 151 156 161 167 178 159 200 193 194 140 63 48 89 106 84 69 65 66 64 70 71 77 81 80 79 79 81 88 94 88 92 93 78 86 96 104 111 121 114 97 80 76 97 137 75 51 57 97 112 120 121 93 65 63 60 53 54 56 54 56 50 46 46 42 29 24 12 5 6 11 14 15 13 15 16 
132 134 139 139 139 136 138 139 136 139 141 142 145 146 147 147 142 135 135 126 114 103 99 95 88 76 73 70 70 71 81 91 112 85 31 68 89 93 81 72 69 74 81 82 84 78 80 81 87 97 100 104 102 105 100 99 96 95 103 119 139 143 154 155 127 100 89 97 138 81 46 47 71 85 92 104 103 71 70 60 57 55 59 51 59 53 54 63 62 47 47 18 3 5 14 15 16 15 13 13 
61 58 55 54 59 65 70 75 79 84 92 103 110 119 127 138 144 146 153 158 156 153 152 155 152 155 153 152 149 152 176 136 52 53 85 89 75 79 76 76 82 92 94 85 82 78 90 94 105 108 109 110 107 101 102 97 98 97 99 110 122 146 167 164 155 136 115 102 136 93 46 49 78 101 98 102 107 77 73 69 64 52 61 51 57 58 52 60 74 56 54 24 8 11 17 15 14 15 13 15 
133 135 135 138 137 134 127 125 116 109 106 100 93 90 85 73 70 69 69 65 64 66 69 73 83 89 98 107 114 103 69 33 67 90 77 67 73 75 75 81 86 85 77 72 69 83 98 104 108 107 105 106 103 101 99 97 92 91 89 95 102 118 134 146 150 149 142 119 132 102 50 49 77 99 101 106 111 72 74 77 55 50 62 54 55 67 59 67 73 58 53 27 8 10 14 14 13 9 13 16 
90 94 99 108 111 114 120 127 130 136 137 136 140 140 142 146 148 148 146 148 146 152 150 148 139 135 128 111 64 45 46 81 84 54 60 73 69 80 81 93 88 91 82 80 82 96 102 109 111 113 114 111 106 106 103 95 91 87 81 82 81 91 101 111 118 132 153 130 123 110 54 50 68 93 94 97 113 84 90 86 59 57 57 56 54 66 55 58 71 64 52 30 11 14 14 17 15 13 12 15 
103 111 112 112 102 94 89 78 73 69 71 69 62 58 58 62 64 70 74 78 82 83 93 112 114 117 116 57 39 68 89 67 45 62 82 77 74 83 87 89 81 83 83 91 100 107 106 113 113 114 116 114 112 113 108 104 101 93 86 81 79 86 84 86 93 107 127 123 111 112 55 49 66 97 92 88 111 88 84 82 65 68 57 62 58 58 55 52 56 56 52 36 10 13 15 17 15 11 11 15 
43 54 63 76 93 108 124 144 153 156 155 151 145 141 142 144 148 147 144 142 142 135 124 115 70 45 28 37 69 71 43 34 65 80 79 78 80 85 88 95 83 83 85 98 107 109 107 112 113 113 114 112 112 106 104 105 99 94 91 91 94 90 89 86 98 98 116 119 108 125 53 49 65 100 95 91 111 82 67 84 62 59 60 58 64 59 50 52 52 60 51 40 11 12 13 14 16 11 15 15 
28 37 39 43 18 11 16 25 32 40 44 54 58 63 67 66 68 73 77 86 96 105 112 96 59 37 55 80 61 30 30 60 78 80 82 83 82 88 89 90 85 85 90 94 97 97 102 109 110 112 111 110 108 103 99 101 97 90 90 90 92 88 84 90 94 96 106 111 113 140 57 50 70 105 100 98 117 92 79 76 65 53 65 62 54 48 38 52 53 56 52 46 13 6 11 16 14 14 28 20 
10 11 37 131 34 51 43 112 49 45 49 52 62 87 109 132 143 148 148 133 121 87 72 60 44 58 67 45 30 25 52 78 82 89 90 88 91 93 93 98 92 94 91 89 86 82 92 105 107 104 106 107 105 101 97 95 94 88 90 87 88 85 82 82 83 81 96 103 111 141 57 55 75 114 120 113 120 100 88 72 64 52 65 69 65 67 53 51 51 59 64 58 19 27 27 17 18 14 13 12 
19 18 18 40 19 26 22 69 34 41 53 63 101 44 40 40 43 62 82 103 104 78 40 47 67 54 36 31 25 46 77 83 80 90 97 96 95 99 103 107 96 90 85 85 91 89 83 91 99 97 101 105 102 99 96 94 91 88 91 89 77 76 75 76 74 75 80 88 105 147 61 54 69 111 134 136 137 100 80 81 73 57 61 66 58 58 62 56 57 71 58 58 20 9 18 19 17 16 16 12 
15 16 16 23 16 16 17 17 19 17 16 17 14 14 11 15 17 17 23 47 53 43 58 67 45 27 23 22 27 69 92 89 82 90 98 99 95 102 101 98 86 87 85 87 89 99 96 85 84 83 88 95 90 86 86 84 86 85 83 79 77 78 75 77 78 71 71 75 105 148 70 52 52 79 81 82 95 86 81 80 71 54 95 84 83 77 94 73 57 67 60 57 24 8 13 17 17 16 15 12 
25 22 39 95 13 13 9 107 21 13 14 25 60 12 13 13 25 16 10 21 49 71 67 40 30 27 21 19 39 87 95 91 84 91 95 93 95 97 92 85 84 88 85 80 76 81 90 96 86 79 77 85 85 85 79 80 82 82 81 75 73 71 75 76 69 63 68 75 101 155 76 52 54 80 80 70 61 66 73 63 65 55 70 90 102 80 113 73 75 90 64 57 27 7 11 16 17 16 16 16 
83 95 96 100 93 97 101 121 93 92 101 103 137 87 83 83 132 94 53 67 73 55 65 41 36 31 27 33 73 95 101 91 84 95 98 91 89 85 81 74 84 87 81 81 74 67 68 70 67 76 74 76 93 99 88 92 86 90 86 84 81 80 78 70 69 70 64 67 105 155 74 54 55 64 64 60 51 58 62 54 59 54 68 74 115 83 60 67 74 84 58 55 33 7 8 17 17 15 15 17 
6 13 53 89 12 10 20 112 19 20 21 37 66 32 39 42 90 68 68 85 65 92 60 46 42 39 29 40 85 94 93 87 85 94 97 94 86 81 81 74 85 83 77 76 72 70 70 76 77 89 97 88 107 119 114 120 129 130 120 114 107 93 87 75 74 72 69 71 104 153 80 54 54 68 66 59 53 53 71 74 82 51 55 62 100 80 55 61 83 85 59 63 37 4 9 18 16 14 15 16 
8 12 66 104 13 15 18 132 20 19 16 44 114 14 19 16 109 43 20 61 95 103 59 50 43 41 36 64 91 95 87 83 86 99 99 97 92 81 78 75 78 78 74 77 77 76 80 88 104 109 110 108 122 134 143 163 159 155 161 150 146 137 118 95 86 83 78 77 108 149 84 59 59 71 70 65 68 62 77 77 71 54 63 53 53 51 41 44 60 64 62 65 43 6 8 16 18 18 25 16 
12 15 57 96 16 18 24 125 22 23 19 47 110 21 24 23 114 48 23 73 107 113 62 59 49 45 57 87 93 88 80 77 85 99 100 98 93 86 75 79 74 80 76 79 81 89 94 105 113 118 139 142 145 160 177 189 181 184 180 176 176 171 165 152 147 132 114 104 112 151 93 58 60 72 81 103 86 67 69 62 75 53 61 66 66 55 42 45 51 52 62 62 44 10 8 16 25 20 47 24 
9 12 43 53 12 15 20 62 17 19 16 40 67 21 25 26 96 38 41 128 100 118 62 63 56 58 70 90 94 86 85 76 91 102 104 97 89 83 74 82 77 80 81 91 92 97 105 124 127 140 158 170 170 183 195 200 196 198 196 194 192 181 175 165 161 157 154 147 130 153 100 59 63 85 106 109 93 84 91 80 77 60 120 119 91 46 53 69 62 73 56 68 53 12 5 10 29 24 17 15 
70 71 92 100 67 69 70 140 13 22 19 71 90 24 25 19 120 24 35 98 57 120 59 58 59 68 69 93 92 86 85 85 95 105 106 92 82 78 70 80 80 82 92 99 104 106 121 130 141 160 175 187 196 198 204 206 205 204 204 200 191 182 176 170 163 157 159 150 135 154 110 62 62 91 116 92 94 92 95 86 75 62 123 129 104 44 38 65 62 67 71 67 50 11 6 9 14 17 18 17 
15 16 82 80 10 15 24 132 14 23 23 93 91 25 30 23 149 33 47 150 88 116 58 56 65 76 82 98 94 87 86 94 107 109 101 86 71 71 71 74 79 85 92 109 105 106 122 153 154 175 190 198 206 206 207 206 206 206 202 198 195 189 182 176 168 159 157 153 139 151 119 66 63 83 115 96 116 100 91 93 90 68 132 129 105 43 36 55 72 70 78 60 52 18 17 16 15 15 16 17 
14 21 93 74 16 16 28 126 19 25 25 95 83 28 30 25 155 41 40 125 84 117 62 63 64 71 87 90 91 93 93 99 103 101 87 77 68 62 72 75 84 97 108 109 103 114 125 157 171 183 198 205 210 210 207 207 206 206 203 202 198 193 188 182 177 166 160 151 136 152 123 64 66 76 108 105 116 105 92 98 94 67 135 131 112 47 39 50 68 76 63 59 58 24 10 11 15 13 17 16 
16 20 101 65 13 17 29 124 20 26 30 98 75 36 38 32 138 49 44 126 87 102 63 58 66 78 86 91 87 91 93 97 99 88 81 69 65 66 70 72 81 90 107 109 103 114 134 170 181 195 202 209 212 212 210 208 207 208 206 205 200 196 192 186 181 174 170 160 139 150 136 64 65 70 99 104 115 102 86 92 78 69 131 134 116 60 63 65 77 76 60 59 60 19 4 8 13 15 16 13 
17 19 101 62 16 17 34 127 21 30 31 107 72 34 47 38 151 49 58 138 94 70 64 60 73 77 75 98 91 84 84 86 84 81 74 69 68 68 71 78 87 94 103 104 104 125 144 178 188 198 207 212 212 213 212 209 207 209 206 205 203 199 195 190 187 184 179 172 153 147 139 63 62 76 89 102 105 82 94 88 77 72 130 134 112 50 66 66 75 67 63 60 62 23 4 18 16 18 15 16 
17 20 60 33 14 16 26 77 18 26 23 82 58 31 41 43 139 53 67 123 88 68 66 68 77 75 78 97 94 83 76 76 73 71 67 64 61 65 68 80 89 96 93 95 97 112 149 175 191 199 208 210 213 213 212 210 209 208 206 204 204 200 196 194 192 192 184 178 161 145 152 65 65 78 105 105 98 93 103 97 78 76 130 128 115 50 55 74 76 70 64 55 56 26 15 22 21 15 15 16 
19 24 121 48 15 15 43 106 22 33 30 91 53 29 32 46 80 36 58 78 65 68 70 74 81 75 83 90 96 87 73 67 65 67 61 62 60 64 67 81 90 92 92 93 95 101 132 178 188 198 207 210 213 213 212 212 212 209 207 206 204 200 198 199 196 196 185 176 159 144 154 68 68 71 110 112 103 102 94 104 71 71 133 134 114 53 58 79 73 76 69 52 61 28 35 15 18 15 19 17 
17 22 128 43 17 16 49 122 27 40 37 130 61 41 50 70 136 55 84 71 66 72 79 75 94 79 83 83 94 81 71 69 64 68 63 63 60 66 70 85 94 96 98 96 97 98 120 172 197 202 207 209 212 212 211 211 211 210 208 207 203 200 198 198 196 192 183 175 153 142 157 70 66 69 104 106 94 100 87 78 75 72 133 132 109 61 91 87 74 85 88 59 59 24 5 11 15 16 17 19 
16 23 124 38 17 18 53 98 26 37 35 139 65 46 51 76 139 63 74 66 70 70 69 80 82 82 86 87 92 78 67 63 67 69 58 61 58 68 74 82 93 101 101 100 99 112 125 157 196 203 206 208 211 210 209 209 209 210 208 205 202 200 197 195 195 193 186 171 147 140 159 66 69 72 95 94 97 114 92 97 89 76 129 127 119 64 93 76 86 83 101 62 70 32 8 19 17 19 19 19 
19 22 132 37 19 18 67 104 29 39 30 129 55 43 40 50 139 76 73 77 82 70 69 77 85 84 88 81 87 80 73 67 67 68 62 64 66 70 76 81 86 99 102 101 96 108 134 160 182 202 202 202 203 205 206 205 205 206 207 205 201 198 195 194 193 190 185 174 146 134 163 69 69 77 94 102 105 104 97 98 77 70 135 132 121 44 50 67 92 91 97 66 71 33 5 13 16 18 19 21 
72 66 128 58 61 59 78 95 36 45 36 127 53 48 49 57 116 78 78 82 84 72 80 84 88 87 88 82 80 84 75 70 66 62 62 64 65 74 77 75 81 89 90 85 93 102 123 140 158 166 176 187 185 192 193 198 201 201 205 203 198 196 193 191 190 186 181 176 154 134 162 75 65 67 99 114 108 92 93 92 74 60 74 83 100 55 49 69 89 85 89 66 76 39 5 6 13 18 19 23 
22 26 77 30 23 26 60 83 35 43 33 122 49 48 49 64 81 72 73 79 85 69 92 101 97 100 97 85 76 76 83 77 69 62 60 61 63 72 66 62 71 76 81 70 75 78 85 110 109 115 120 128 116 118 152 177 191 194 197 196 193 195 192 187 188 185 182 179 171 130 167 77 62 63 92 117 96 88 89 96 86 78 70 68 77 65 72 68 74 81 94 78 78 40 4 16 17 20 20 20 
36 30 113 33 24 25 80 76 31 35 29 86 30 32 30 65 76 74 70 64 65 59 76 97 93 98 108 90 87 70 82 83 77 67 61 58 57 59 60 61 62 62 69 66 63 58 61 74 75 71 71 71 64 68 98 142 172 184 191 189 188 195 192 189 190 188 183 183 181 132 169 79 64 70 95 120 99 91 80 100 93 84 70 60 58 73 62 66 74 78 93 83 91 42 8 14 19 22 20 20 
38 32 125 39 32 31 99 88 41 40 40 144 39 45 56 85 77 80 77 61 52 60 69 76 86 98 104 100 97 85 90 85 82 77 65 59 55 55 56 57 54 53 57 56 57 59 55 54 62 61 61 59 57 66 79 111 144 165 183 182 187 192 192 191 191 192 189 188 187 133 167 83 66 68 97 102 94 91 67 97 98 108 65 64 63 75 65 77 84 74 88 75 82 50 40 47 22 22 21 24 
35 30 129 38 32 29 99 79 37 41 41 148 48 42 65 84 81 79 78 65 52 55 64 69 82 83 90 99 107 114 105 90 95 80 69 60 55 58 56 55 59 51 47 56 58 62 69 57 64 64 66 70 69 74 80 106 126 143 166 181 189 189 190 190 191 191 192 190 191 137 165 86 65 63 94 91 90 81 73 99 90 104 60 66 72 89 77 79 89 82 90 74 82 55 57 58 25 20 21 20 
69 57 125 61 69 63 103 79 62 66 55 149 57 60 77 84 91 84 80 62 55 48 63 64 74 72 77 81 99 128 122 110 105 87 69 62 57 52 53 54 55 53 56 63 66 66 67 66 61 70 76 82 90 101 102 106 129 140 163 182 190 190 190 191 192 192 193 192 192 137 162 90 64 57 69 96 95 75 70 81 91 96 82 106 88 91 85 76 74 88 86 73 81 55 10 13 18 20 21 20 
31 26 117 28 33 30 100 66 39 44 54 130 43 52 94 85 86 77 71 56 57 46 49 63 69 72 69 95 114 136 135 135 132 130 119 99 85 93 87 79 72 69 74 82 86 75 68 65 67 71 78 90 106 127 142 149 162 170 184 190 194 195 194 195 195 192 192 189 187 136 158 99 64 60 67 86 91 81 77 83 89 89 89 131 108 116 101 76 52 59 101 85 76 51 11 12 21 22 21 25 
18 22 90 22 29 28 89 52 37 44 60 120 45 48 86 87 74 75 70 52 47 47 44 44 54 63 103 144 146 148 144 140 138 140 138 136 138 147 149 163 166 170 163 149 125 108 98 86 83 82 104 128 154 183 186 191 192 194 196 198 196 195 197 195 196 192 190 187 182 134 158 108 64 60 67 91 87 77 99 97 92 101 79 150 118 68 57 87 81 68 95 85 76 53 13 12 18 26 24 51 
28 17 92 16 20 19 76 32 23 26 34 60 26 23 77 92 84 79 76 60 53 56 56 58 55 53 87 141 152 158 156 148 142 141 137 133 137 132 142 158 145 144 163 173 177 167 154 158 159 161 170 178 196 201 205 206 201 200 200 201 198 198 194 194 193 190 192 188 181 137 152 106 65 57 64 95 89 80 103 91 83 106 90 141 144 81 80 97 114 93 85 88 77 48 12 12 20 25 50 89 
30 20 117 21 28 25 111 42 32 37 43 102 37 42 72 86 72 77 75 65 58 58 73 103 122 129 124 133 145 155 157 152 150 143 144 142 136 127 123 123 118 119 129 134 123 117 135 146 148 141 143 141 149 167 183 193 198 202 203 200 197 197 197 194 192 187 187 186 179 137 146 110 61 57 64 100 102 81 105 98 93 79 78 148 143 91 79 102 125 95 94 94 82 54 14 13 22 43 87 104 
57 46 127 55 63 56 112 63 54 49 51 105 49 54 71 88 69 68 69 57 52 54 52 63 78 96 117 126 133 146 151 148 147 151 152 151 133 141 117 112 107 110 111 113 115 129 149 147 137 132 129 116 122 131 130 143 158 178 193 198 197 193 192 189 186 185 182 179 176 136 144 114 61 63 75 103 106 79 88 89 80 92 82 145 114 79 71 94 90 60 86 89 79 53 13 11 31 73 104 104 
35 33 126 38 47 46 121 43 33 38 46 108 36 42 72 88 76 70 65 53 44 47 55 60 63 72 78 82 80 102 137 145 145 150 153 154 152 136 118 112 115 117 114 122 122 131 139 136 131 136 116 107 128 135 131 141 144 130 156 179 186 186 183 181 180 179 175 172 168 135 144 113 63 66 80 96 108 83 84 90 88 87 83 142 121 133 143 142 151 138 97 91 79 51 16 27 62 104 106 103 
35 27 105 31 48 50 127 41 30 35 45 106 36 39 64 76 80 70 49 42 41 46 48 64 92 100 79 62 55 59 101 135 141 148 152 151 163 133 127 124 127 128 123 126 124 124 126 140 151 152 111 97 129 138 145 146 147 124 124 152 171 172 174 175 175 172 166 161 158 132 136 124 67 66 85 94 110 98 86 95 97 102 81 98 90 86 98 87 95 97 86 88 83 49 15 37 96 109 104 97 
34 49 177 164 150 115 138 74 68 48 50 89 25 26 50 75 87 69 45 41 37 42 66 110 145 126 99 88 82 87 89 121 130 138 143 147 151 132 122 117 132 131 121 123 121 126 136 144 156 155 122 105 130 137 151 155 160 146 123 134 162 162 163 168 168 164 158 153 153 131 133 129 66 62 94 113 114 99 86 95 104 99 87 99 89 78 91 77 94 78 75 81 75 51 28 76 106 103 95 88 
18 22 57 99 132 147 154 150 124 102 101 67 77 96 70 78 91 69 51 40 34 42 107 163 176 163 149 166 179 185 191 193 180 139 132 136 134 123 114 114 122 125 121 122 119 127 139 145 151 151 138 135 154 156 161 171 178 174 147 134 154 154 149 156 156 158 154 149 147 123 120 133 64 61 53 57 55 60 57 65 68 69 70 77 72 72 71 78 89 68 76 76 65 46 56 106 108 99 92 85 
23 29 96 60 116 113 114 115 131 137 146 150 142 127 96 80 99 107 97 83 85 98 128 170 191 197 209 202 207 203 205 203 201 173 124 130 129 120 114 115 121 126 130 129 123 133 147 153 163 167 119 122 151 190 191 197 196 187 167 148 150 154 148 149 151 152 147 143 141 117 113 135 64 59 45 48 45 42 44 42 36 35 32 29 34 28 28 32 28 26 23 31 32 53 95 107 103 96 88 85 
16 32 100 147 37 110 101 95 90 109 122 114 106 97 94 73 74 105 107 100 87 81 89 94 120 172 190 192 197 200 205 207 206 174 126 110 117 124 112 119 125 128 135 135 135 142 152 156 166 153 69 73 82 115 196 216 214 200 176 156 153 155 147 140 150 148 142 135 138 114 103 131 62 59 45 48 48 43 41 39 39 36 30 30 29 28 27 26 24 24 26 31 33 77 109 105 98 90 86 86 
66 66 120 90 30 57 116 84 88 79 97 83 67 66 77 63 66 89 93 80 65 74 81 92 114 148 184 187 192 191 194 203 213 164 125 118 105 107 129 134 135 137 142 144 144 153 162 162 162 141 51 78 46 74 148 222 220 213 194 173 163 160 152 141 140 138 134 135 136 112 86 128 64 61 45 48 45 41 41 39 37 35 33 31 26 25 28 26 25 22 24 27 45 98 110 101 92 87 84 84 
21 39 71 13 25 26 142 94 75 86 64 55 45 46 46 34 44 60 82 62 72 88 95 113 129 161 173 175 185 192 185 191 200 147 133 123 126 129 135 136 133 136 142 141 142 155 166 171 162 153 60 49 50 79 122 224 219 222 209 199 196 190 182 155 132 136 133 127 126 104 70 118 68 64 47 49 48 43 43 40 39 33 31 27 28 27 26 25 25 24 23 30 69 109 108 101 91 87 84 84 
37 60 89 50 61 59 88 114 81 71 90 52 38 42 37 36 40 54 59 51 89 93 97 122 137 165 169 169 165 179 181 181 179 128 123 133 144 151 148 145 135 124 122 132 129 141 151 149 140 154 128 72 62 82 143 203 215 221 215 211 210 203 197 170 145 133 122 122 120 100 61 110 67 65 46 50 47 43 43 43 38 33 33 31 27 25 25 24 26 26 24 50 99 112 106 99 89 86 83 83 
39 40 38 32 44 49 56 73 116 69 89 60 39 45 42 50 56 77 61 63 84 125 163 189 188 176 162 167 165 166 169 172 163 143 142 141 147 152 140 135 139 138 140 145 137 143 156 165 171 183 182 181 164 154 168 187 213 215 212 213 213 202 191 175 157 132 117 113 109 87 54 108 68 67 49 49 48 44 42 43 39 35 35 29 24 25 22 24 23 23 32 82 113 111 104 95 88 85 83 83 
125 128 129 122 130 128 124 120 123 82 93 73 49 46 49 60 71 85 51 91 78 91 203 217 210 192 183 185 179 166 159 159 151 141 145 143 150 171 175 167 161 155 154 153 155 143 155 197 204 205 199 199 196 199 198 200 205 205 208 205 207 202 195 177 158 134 116 101 93 77 60 111 67 71 50 51 48 45 45 44 42 38 36 30 27 28 23 24 21 26 58 108 117 109 103 94 88 84 84 84 
107 106 107 108 109 111 111 108 123 114 115 90 66 61 57 63 82 93 79 55 70 85 200 213 218 206 204 201 194 176 159 150 139 135 145 147 158 171 193 209 211 213 209 203 203 207 214 211 211 213 211 213 211 207 202 204 205 206 203 192 188 175 172 176 155 129 126 101 88 80 78 108 67 76 53 51 53 50 46 45 44 39 38 32 29 28 21 21 19 34 87 116 114 107 105 94 88 86 84 84 
109 112 112 113 116 118 115 112 124 122 112 81 70 67 61 64 86 120 172 134 84 93 197 209 210 210 210 197 192 173 145 143 131 128 131 142 151 155 154 153 167 180 190 197 205 208 208 208 208 213 216 221 224 219 214 199 200 206 208 202 196 178 129 134 147 124 133 104 81 69 76 114 76 75 54 47 51 50 46 46 45 38 37 32 30 26 21 19 21 61 107 116 114 108 103 97 89 87 84 83 
118 119 118 120 122 124 121 114 124 126 98 83 74 70 80 102 139 200 195 185 199 200 198 202 198 200 192 191 186 161 134 127 136 125 119 122 138 140 139 127 139 146 157 170 174 188 206 212 212 212 216 218 216 216 211 190 195 197 202 203 197 169 132 103 115 118 129 94 76 64 72 116 84 80 51 47 50 46 46 43 41 36 30 28 25 23 19 19 39 90 111 114 111 106 98 94 89 86 86 83 
121 123 123 124 126 128 126 115 125 121 98 89 74 71 92 126 186 214 210 207 202 201 205 207 200 187 163 120 145 138 109 124 140 120 104 90 107 129 134 125 125 132 140 129 124 162 201 209 203 198 196 195 197 199 198 196 196 204 205 200 189 159 127 123 122 128 124 84 69 61 89 106 83 79 47 49 48 46 46 42 38 32 29 28 28 26 25 41 76 107 114 113 107 100 93 91 89 85 82 80 
82 83 83 83 85 84 80 77 88 111 96 108 121 135 169 195 210 213 216 215 209 205 203 208 203 188 165 127 95 89 85 125 130 108 93 97 104 126 136 133 126 132 139 127 133 138 152 166 177 183 168 155 161 185 192 201 198 196 191 187 177 165 174 169 137 117 96 78 60 62 115 90 77 78 59 60 64 59 59 57 55 51 53 66 74 81 76 73 97 111 112 109 106 99 93 91 87 84 78 77 
112 113 115 116 119 123 124 124 124 115 92 80 70 88 129 187 210 209 205 198 194 194 196 198 199 184 160 118 135 129 111 121 117 129 144 135 116 112 128 131 130 130 136 138 144 150 149 149 142 100 60 77 70 177 204 213 212 210 215 206 198 196 185 159 128 98 82 70 61 78 124 88 87 74 60 66 73 76 87 90 90 93 103 114 116 116 88 87 105 111 108 107 102 96 95 93 87 83 79 79 
132 132 133 137 137 137 141 143 143 129 99 74 74 70 83 144 209 209 190 185 194 191 191 193 191 193 184 189 182 157 132 130 145 142 136 125 118 116 115 121 125 124 125 135 145 153 154 164 79 71 33 63 85 201 214 215 211 205 203 198 193 187 168 132 120 116 108 83 68 98 89 78 74 31 35 75 100 106 113 117 123 121 125 125 128 111 85 98 104 108 104 105 101 94 92 91 90 87 84 81 
137 138 139 145 147 147 148 152 156 141 113 70 59 62 62 60 83 138 171 115 84 79 187 205 203 202 199 187 180 155 140 139 145 152 155 133 125 120 123 124 121 112 111 122 138 147 156 157 67 92 79 86 144 209 213 216 205 190 185 180 173 141 114 98 80 69 61 60 76 77 66 60 38 49 76 87 100 112 122 128 129 129 123 126 133 92 84 97 102 105 100 98 96 96 93 92 91 89 86 83 
143 146 150 151 150 152 151 154 154 141 101 79 63 52 58 66 85 95 68 61 59 81 186 211 208 199 190 188 166 148 149 147 148 159 158 147 127 125 131 135 114 110 111 121 130 137 152 160 121 122 126 163 188 208 210 200 181 156 140 130 114 82 70 69 55 61 61 57 51 48 45 37 53 75 84 90 100 110 116 121 126 128 127 123 126 86 83 85 94 104 104 94 94 91 91 95 93 89 85 81 
143 146 148 149 150 153 149 153 152 132 106 78 55 44 51 57 68 91 52 105 104 84 196 211 198 178 157 157 153 153 151 152 144 159 147 154 129 125 120 117 109 110 108 122 133 137 144 147 133 158 165 161 168 184 185 173 157 131 110 106 95 74 73 63 58 48 37 28 28 23 35 53 53 63 68 77 89 101 110 116 123 131 136 136 130 74 78 82 90 97 103 98 95 90 91 91 89 86 81 76 
141 142 144 137 139 136 127 128 133 91 57 53 57 49 38 44 53 72 70 60 82 107 134 155 165 156 150 156 156 153 151 149 144 156 145 143 129 123 101 108 114 98 103 123 131 133 137 123 123 133 138 153 161 174 173 154 133 107 97 74 69 55 46 34 25 23 17 22 30 42 54 56 60 80 97 109 118 121 131 137 143 145 145 148 142 95 78 83 84 93 100 93 94 92 86 87 86 81 77 74 
61 68 74 78 78 77 84 79 70 70 79 77 64 57 39 33 44 51 59 55 77 76 92 103 126 142 152 154 157 153 140 141 137 145 138 135 139 130 114 130 134 120 111 125 132 128 121 117 114 130 143 156 159 148 110 82 56 30 27 22 31 25 26 30 34 35 38 47 55 68 84 94 103 113 121 129 129 136 141 147 153 155 155 157 149 128 79 80 87 96 93 87 87 87 84 84 83 82 79 74 
136 151 150 152 151 147 133 86 91 98 102 94 80 62 54 49 50 55 84 77 72 82 93 108 131 137 148 151 151 147 139 142 140 138 141 147 155 156 153 165 165 141 119 122 109 104 105 102 95 89 91 67 47 43 37 33 32 42 62 73 83 77 75 78 88 90 90 99 108 110 115 116 120 123 126 135 143 151 153 160 160 163 165 161 155 149 102 83 86 87 85 86 88 89 85 85 81 81 70 69 
136 150 149 149 149 133 112 123 121 125 124 108 96 91 85 91 80 55 97 96 90 77 75 87 109 118 129 131 130 126 129 141 145 150 112 126 126 115 91 65 56 52 72 116 131 123 115 107 97 93 75 71 108 124 133 131 134 131 123 127 127 139 147 144 131 140 138 139 142 134 136 132 124 137 139 139 144 150 155 162 164 168 167 165 166 156 139 110 84 76 77 80 83 84 79 80 66 56 44 47 
136 144 150 154 147 133 143 148 141 144 130 122 119 127 111 121 100 66 93 106 110 135 94 127 180 181 179 169 57 188 193 199 191 181 41 35 37 36 30 31 30 59 116 132 138 138 131 124 112 100 123 134 129 126 126 124 121 113 123 134 108 123 134 126 122 142 154 159 154 150 147 142 133 136 146 154 154 142 141 149 153 159 162 165 167 156 148 136 111 92 78 73 73 73 72 60 40 21 39 76 
136 146 153 184 148 146 149 148 144 134 131 132 139 149 156 161 158 144 152 148 171 198 72 114 179 183 186 179 23 196 191 188 184 192 49 45 42 41 35 35 73 122 141 151 153 140 121 113 103 124 156 140 132 127 126 122 121 120 101 105 87 104 114 118 137 136 139 153 153 160 156 145 134 137 146 151 157 152 147 137 139 144 155 158 158 152 149 135 124 115 91 95 110 108 96 63 22 16 45 167 
143 146 151 172 162 159 153 143 147 154 160 168 180 166 186 177 182 190 187 184 185 202 90 98 187 184 184 186 21 188 191 190 185 195 52 48 49 43 35 64 118 141 148 150 150 136 118 109 112 143 164 147 144 143 150 142 142 115 97 117 117 125 138 146 150 149 150 146 150 158 160 155 139 143 149 147 152 151 156 149 135 137 147 150 150 152 145 134 128 115 107 134 140 133 123 109 56 19 21 74 
92 89 87 84 83 88 88 84 81 80 76 76 88 85 86 88 93 97 97 98 104 111 61 91 189 185 181 193 27 185 190 190 187 195 53 47 48 46 48 111 144 148 147 138 120 112 124 133 140 145 156 154 152 152 158 147 149 134 142 147 139 143 147 149 150 147 149 148 147 152 154 158 142 156 161 153 155 157 155 150 144 133 140 147 150 151 139 138 133 129 129 133 140 153 154 149 103 21 20 23 
143 151 158 159 161 165 163 163 162 163 163 166 176 182 176 178 182 181 180 182 186 202 103 84 191 182 190 198 29 191 201 194 174 201 51 45 46 44 64 128 149 156 147 122 104 119 141 144 143 141 143 147 153 152 154 154 153 146 159 149 144 130 147 154 139 145 148 146 150 156 158 160 149 142 158 172 182 181 186 174 156 140 138 144 146 149 142 140 137 136 139 136 164 171 162 155 136 45 16 22 
146 147 150 152 153 154 152 154 155 152 156 159 164 172 168 168 173 172 168 178 181 197 108 81 189 181 189 157 22 58 64 63 59 64 42 46 43 49 85 131 143 143 139 127 142 151 145 141 143 141 140 134 135 150 157 154 152 152 151 147 130 128 144 170 145 144 148 146 156 162 169 174 173 97 78 82 121 185 219 207 183 156 150 147 148 144 144 140 138 142 144 149 177 180 175 164 136 60 20 23 
144 148 149 154 155 158 152 155 155 156 156 162 168 173 173 174 171 174 172 179 180 202 118 76 178 184 186 205 32 177 204 207 204 198 65 47 46 59 124 141 142 145 160 161 159 151 141 144 147 146 142 138 135 132 164 166 161 152 134 127 116 123 139 145 147 142 145 156 163 170 172 180 171 98 79 57 109 142 222 211 204 189 182 184 177 159 145 141 144 146 150 157 173 180 181 174 141 89 26 25 
139 142 145 150 150 155 151 156 156 157 156 162 169 173 172 174 172 174 174 177 180 197 131 67 190 183 189 208 35 164 189 190 187 193 67 56 50 88 142 146 144 153 165 155 155 149 140 145 151 144 143 143 132 123 154 153 117 131 135 124 114 115 126 137 145 146 147 157 163 171 171 178 172 66 53 29 90 122 212 205 209 202 200 197 186 174 146 139 148 152 158 159 166 175 178 172 149 96 30 30 
138 136 134 136 137 140 145 150 151 150 153 154 160 167 172 174 177 179 182 189 196 204 151 51 202 173 188 214 40 149 193 186 190 193 82 55 48 110 154 151 156 161 156 158 161 154 145 148 149 148 142 138 134 122 143 165 141 108 96 116 127 127 140 138 142 141 148 155 159 165 176 179 175 103 62 77 88 127 183 200 206 200 200 199 189 178 156 138 149 155 162 164 168 172 176 177 157 102 26 43 
131 125 119 115 111 110 104 100 97 92 89 87 87 90 88 91 92 96 98 97 90 97 80 44 194 183 184 205 53 128 194 188 192 186 89 55 49 132 162 150 154 159 153 151 150 150 150 148 148 142 141 137 128 115 126 172 158 154 135 111 120 135 134 131 133 140 146 148 150 146 150 152 143 148 147 134 136 163 172 189 197 198 193 194 189 181 170 139 140 157 167 171 178 178 171 177 165 110 32 38 
125 124 125 131 138 148 152 160 164 167 174 174 179 188 193 189 188 194 195 198 191 203 162 41 185 187 190 204 68 122 195 192 191 184 88 58 58 121 158 147 147 143 147 151 150 155 156 147 143 143 141 136 132 116 116 174 170 164 156 154 154 153 147 143 143 143 141 144 145 157 166 178 186 180 182 187 192 195 189 190 183 192 194 182 173 157 143 134 131 161 172 176 180 185 177 180 166 126 36 30 
171 169 169 169 165 169 166 166 165 163 166 170 170 174 177 178 176 183 183 181 182 192 170 38 199 191 189 209 80 123 193 191 190 193 88 63 61 91 134 149 139 140 154 156 152 149 147 148 145 142 151 143 139 120 109 167 170 167 161 163 164 162 162 152 146 151 161 161 165 163 155 169 195 205 206 206 207 204 201 198 199 209 213 209 201 169 126 107 131 162 171 177 181 184 181 179 170 136 47 32 
156 151 152 151 150 149 146 150 149 147 152 158 164 171 167 170 173 172 180 180 182 193 177 38 199 193 191 207 84 117 192 193 189 193 90 60 60 84 103 105 89 88 114 126 142 151 150 146 146 149 148 144 145 139 136 165 173 173 168 162 158 160 168 176 188 189 187 179 172 174 178 189 202 208 214 216 219 213 207 199 201 216 209 203 200 178 138 125 148 166 177 180 182 187 186 179 169 136 52 33 
143 141 142 140 141 143 142 148 146 146 151 156 165 172 168 170 176 175 168 177 182 184 182 37 193 194 173 207 89 112 192 193 189 195 95 60 60 73 73 66 67 73 103 136 142 153 156 150 150 153 152 149 154 151 159 164 174 171 169 166 161 158 160 169 183 192 198 213 216 215 212 207 208 210 214 214 213 206 196 190 184 187 200 201 195 178 162 150 160 170 180 186 185 194 189 183 166 138 61 35 
153 153 148 148 146 145 145 149 145 142 147 153 163 170 161 172 171 173 171 179 181 187 194 32 185 192 193 193 100 105 190 195 188 197 108 58 62 63 71 57 67 73 102 135 140 145 155 155 152 149 145 148 148 150 153 162 175 175 169 158 153 162 159 151 147 163 173 180 188 192 192 206 209 209 202 190 193 190 183 181 193 195 192 196 194 186 169 163 171 176 185 193 193 196 191 186 171 139 57 39 
159 161 160 162 162 154 156 151 146 143 141 130 132 136 129 126 119 110 108 107 101 101 104 33 179 193 193 196 104 97 189 192 190 190 122 59 64 62 81 67 55 58 80 118 143 152 158 153 150 149 145 142 143 146 145 157 172 165 152 123 104 124 152 154 154 147 147 153 147 151 167 183 191 195 171 125 93 84 148 194 201 206 199 192 193 181 171 174 181 187 188 194 199 196 192 185 172 126 46 48 
78 73 74 75 71 74 80 81 86 87 101 116 128 136 146 153 154 165 175 183 186 200 203 33 173 179 194 192 112 82 198 195 188 182 125 59 66 61 74 96 79 65 62 114 148 149 153 150 147 150 139 135 134 143 146 154 174 157 141 102 79 100 130 147 145 146 142 145 145 151 155 162 162 174 121 52 45 104 141 221 207 202 185 179 183 182 181 181 188 191 192 198 199 198 195 188 163 88 46 43 
139 139 136 126 133 131 133 135 134 130 136 143 150 162 168 171 164 167 175 175 175 184 205 36 165 186 188 189 126 69 198 193 187 183 134 56 66 63 66 110 115 107 81 84 119 137 146 152 151 146 138 134 132 136 142 156 166 139 120 94 90 118 113 126 139 146 146 147 151 153 169 180 184 186 78 51 65 108 159 212 199 184 181 184 188 189 188 191 192 190 196 200 198 194 187 171 100 45 43 43 
132 130 128 125 129 131 129 132 133 130 135 143 151 162 166 168 162 166 172 167 174 185 206 40 160 190 177 198 134 66 198 192 190 186 144 52 66 61 64 110 142 120 118 100 113 136 150 154 148 147 145 134 131 139 143 167 139 90 73 87 126 127 119 124 145 153 151 151 150 153 168 174 185 187 101 95 111 143 180 182 178 184 192 194 193 193 193 197 194 196 198 202 199 191 176 115 48 39 44 44 
134 130 131 128 129 127 128 131 133 134 136 145 151 163 168 170 168 161 174 172 174 184 206 45 140 187 185 196 146 61 199 191 189 187 155 48 65 62 64 90 163 142 117 125 144 149 153 150 150 147 152 148 143 148 153 176 108 85 102 124 135 140 134 139 153 162 152 147 150 150 157 170 179 176 160 175 179 169 166 181 188 198 198 196 195 197 197 197 197 201 197 195 188 171 108 57 41 42 47 49 
135 132 131 127 127 129 129 129 129 133 140 148 146 167 171 167 162 168 174 175 177 190 215 57 137 182 189 194 150 61 199 185 189 186 161 43 68 64 65 71 121 164 160 138 135 147 159 153 147 148 146 151 147 147 152 159 91 101 131 137 144 152 146 148 152 154 145 143 146 154 161 163 169 167 152 164 171 180 189 198 197 197 199 200 199 198 199 199 198 199 191 182 150 99 56 44 44 47 46 52 
136 135 130 131 134 130 130 138 140 141 145 144 143 149 143 130 119 120 114 107 102 108 113 43 131 183 193 194 150 58 203 176 187 184 165 41 70 66 66 64 71 114 169 164 149 124 111 131 145 146 151 153 149 147 157 131 101 131 138 145 151 157 152 150 151 136 127 149 164 173 173 166 165 166 176 190 197 196 197 201 203 201 201 198 196 196 198 198 191 189 163 119 65 47 48 46 47 53 48 53 
83 76 66 64 65 67 68 68 77 77 84 99 106 121 128 143 156 165 172 166 178 191 218 76 117 195 193 192 160 49 202 186 192 185 175 37 64 63 64 63 59 70 139 168 162 151 139 137 148 150 147 149 149 147 158 118 127 139 148 153 151 148 155 145 152 149 143 155 160 146 133 131 128 141 165 173 192 199 201 203 201 199 198 192 188 191 197 185 158 116 81 63 52 47 45 50 43 44 48 51 
134 137 133 134 131 132 130 138 138 137 145 150 154 163 168 170 173 176 179 163 178 186 206 85 113 201 190 190 169 38 201 197 196 194 180 38 65 64 61 57 55 58 90 142 166 160 157 150 149 144 138 141 144 146 153 133 144 154 155 151 156 155 158 156 162 164 145 132 126 118 111 106 109 109 108 116 141 168 195 202 202 202 190 180 170 150 141 112 64 49 51 46 44 43 45 44 41 44 46 43 
143 134 130 129 127 128 126 131 136 133 141 146 155 164 168 167 174 170 175 169 175 182 199 87 104 199 174 204 137 34 97 91 78 74 75 47 64 60 62 57 57 56 62 83 126 153 156 159 156 150 150 141 144 140 146 145 152 154 162 152 158 153 152 153 152 148 146 144 136 126 105 82 61 58 65 68 72 76 78 94 91 104 103 68 55 47 56 51 43 39 39 42 48 45 43 43 41 44 45 41 
143 132 132 129 127 129 132 135 141 138 139 142 155 160 166 166 171 171 170 171 175 184 183 93 93 197 187 200 163 20 174 187 195 193 185 38 66 61 62 54 54 54 59 54 63 64 88 117 141 158 156 153 146 146 147 148 149 144 156 153 130 118 119 112 95 86 63 50 43 46 46 37 29 31 37 43 42 43 42 43 44 47 48 51 46 40 44 48 45 39 37 40 47 50 40 45 42 44 44 43 
144 135 133 130 129 130 133 131 138 137 136 145 155 159 166 168 165 169 164 172 173 177 200 106 87 201 192 193 191 21 195 189 188 189 187 33 63 56 57 52 52 51 53 53 53 33 28 24 32 60 86 107 123 146 149 135 132 130 99 68 51 43 50 54 45 39 39 39 38 40 36 30 32 38 41 44 45 45 41 45 42 45 48 46 50 44 43 43 40 41 40 45 42 43 41 43 42 44 45 45 
148 138 133 133 131 129 133 134 142 142 148 156 158 164 170 166 153 148 141 132 117 117 120 67 83 200 194 193 196 23 185 188 191 188 193 36 60 55 54 52 53 51 52 49 51 32 20 21 23 25 28 37 48 57 63 56 59 61 52 53 47 45 55 60 58 50 48 41 42 39 35 39 42 42 43 44 46 43 44 43 47 45 44 43 48 44 42 43 44 82 48 43 44 43 44 42 42 44 43 46 
127 103 100 87 79 76 74 76 71 72 72 79 82 93 102 110 126 131 136 149 169 184 200 123 56 187 205 199 202 24 178 185 191 190 201 41 59 52 48 46 46 44 46 46 51 36 23 22 25 26 29 35 45 47 46 47 50 51 68 55 53 46 48 52 54 58 47 39 42 45 45 40 45 43 43 41 44 45 44 45 47 43 42 43 43 44 40 42 39 42 45 41 46 46 45 52 48 46 39 44 
