251 252 247 242 234 236 244 247 248 249 250 244 245 243 241 242 233 234 239 248 244 237 236 226 217 223 235 244 243 245 242 239 233 236 235 224 223 216 222 223 233 234 224 195 188 154 118 110 81 46 31 29 30 28 28 28 29 30 31 31 31 32 34 38 41 48 57 57 61 65 64 68 65 65 66 68 104 155 168 182 195 203 217 224 225 218 224 226 222 234 242 239 238 239 242 238 230 233 236 243 
244 251 245 243 236 239 243 243 242 240 245 245 244 240 235 232 229 227 234 243 245 243 241 230 224 229 234 242 242 243 239 233 225 236 230 216 216 218 228 236 230 236 224 180 131 103 37 39 28 28 28 27 26 28 29 28 28 27 31 32 32 31 36 39 47 59 68 74 79 80 77 71 67 62 66 75 130 183 201 198 201 202 213 225 228 226 223 220 211 223 235 231 236 239 239 237 237 234 232 227 
237 248 245 244 240 240 238 237 240 242 244 243 241 239 236 237 233 237 234 234 230 226 225 235 244 244 243 243 244 237 240 229 225 227 220 213 223 219 232 214 204 194 177 127 56 43 35 28 29 29 29 28 28 30 28 28 28 29 33 34 38 42 48 46 62 80 84 81 85 82 86 89 94 71 60 76 113 152 175 193 211 212 217 216 219 214 211 212 208 211 219 220 225 233 234 234 238 237 235 238 
241 244 243 249 240 241 239 242 240 232 236 239 238 242 243 239 232 235 236 231 231 229 225 230 242 246 239 235 233 238 242 235 231 232 243 236 236 231 232 203 151 122 104 45 30 24 29 27 29 28 26 28 27 28 30 29 32 33 37 43 49 57 63 64 83 103 114 108 101 101 113 107 111 88 71 73 96 145 194 203 202 205 213 212 212 211 208 212 217 208 206 226 229 230 233 231 234 240 237 239 
234 229 235 242 232 232 246 246 241 237 237 243 239 247 243 244 227 222 233 224 226 229 223 222 232 247 246 240 241 233 238 239 235 217 228 235 234 231 212 163 43 28 26 24 24 20 28 26 27 26 26 27 30 30 30 30 35 42 47 55 64 77 81 88 104 118 133 128 125 117 122 121 116 111 103 96 85 113 151 182 182 189 209 221 228 225 227 222 216 220 237 232 221 227 233 230 230 234 232 232 
240 242 246 247 236 231 237 237 235 242 242 240 231 241 235 242 239 231 235 236 242 235 227 230 230 244 238 240 234 236 229 223 215 218 213 225 227 169 74 36 29 27 24 22 22 20 25 25 24 25 27 27 28 29 31 33 46 62 65 69 80 95 100 107 115 132 138 126 122 120 127 127 125 108 117 102 89 87 104 138 165 183 209 221 231 224 228 227 218 228 238 223 227 228 230 234 232 227 223 234 
249 251 245 246 246 247 240 237 234 244 231 236 230 235 234 247 250 250 243 243 239 240 248 244 241 239 236 238 231 219 222 218 218 222 215 184 95 50 33 29 27 24 22 22 22 24 25 24 24 26 32 32 33 33 35 44 59 77 87 97 102 121 121 130 130 134 141 139 136 141 128 132 128 125 119 108 115 112 84 90 144 178 196 207 206 217 219 216 220 234 233 230 243 238 236 231 235 229 227 233 
245 248 241 245 242 237 239 234 232 244 236 230 226 227 238 242 247 238 241 242 243 236 235 241 244 234 228 233 236 230 229 224 206 196 183 107 35 28 26 24 23 22 20 20 24 26 26 25 24 27 30 34 38 40 48 64 80 95 113 119 117 123 132 132 130 132 143 148 146 144 139 139 133 137 136 124 112 103 82 59 102 179 210 218 229 223 222 217 223 238 228 235 238 228 235 234 232 234 237 231 
247 246 242 247 239 238 240 238 233 237 240 227 208 219 238 245 239 231 228 228 239 241 239 228 226 227 230 232 230 213 208 198 177 137 66 38 29 29 23 20 20 19 18 19 25 25 26 27 27 28 33 36 44 53 66 87 97 107 119 129 129 140 143 146 146 135 133 137 142 146 146 141 135 139 146 132 122 116 95 81 139 185 206 218 214 213 210 212 221 226 223 234 232 227 234 232 233 230 229 225 
239 240 238 240 242 242 239 238 238 232 236 231 227 232 240 246 226 233 232 229 234 231 227 225 230 225 225 231 227 204 208 203 144 88 36 28 28 26 22 22 19 18 18 19 22 26 27 26 29 37 45 53 61 75 89 98 111 125 134 139 131 133 146 134 134 135 135 142 143 143 146 149 137 135 140 138 139 127 106 104 139 187 205 219 224 214 217 215 217 217 225 228 219 218 228 231 232 223 218 233 
244 238 246 238 247 248 239 236 238 237 234 236 242 237 242 240 226 221 223 218 228 236 225 219 219 222 233 230 211 195 211 186 107 47 26 27 27 26 23 22 19 19 18 19 24 26 27 30 40 50 64 74 78 91 106 122 131 137 142 144 141 142 142 140 143 153 157 147 143 148 145 149 143 140 135 137 127 121 118 125 139 189 213 217 211 219 222 221 224 229 227 227 226 204 227 231 231 228 237 240 
244 237 243 239 248 248 240 235 234 236 240 238 237 235 233 232 224 225 216 207 230 238 234 217 202 196 196 196 157 123 98 41 26 25 27 25 24 24 23 21 19 20 23 25 26 29 32 43 58 71 86 93 101 111 122 130 130 138 132 138 136 137 138 138 147 158 155 162 153 149 137 143 146 141 132 141 142 126 119 115 144 183 205 214 220 223 222 216 221 225 230 224 214 205 233 240 238 237 238 245 
242 240 240 239 237 237 234 229 234 232 241 240 228 232 221 229 228 225 208 212 223 220 216 209 182 184 180 127 98 62 37 28 28 26 25 25 24 26 25 24 24 24 27 30 31 37 45 60 77 90 105 105 114 113 135 123 120 136 145 136 123 127 136 143 145 157 158 154 150 141 138 133 132 137 137 137 131 133 118 113 155 193 212 224 219 215 215 219 220 223 221 220 219 219 229 233 235 230 228 239 
235 232 238 240 243 239 233 230 240 231 221 223 226 226 221 226 226 226 216 208 218 208 164 139 138 140 142 124 52 26 26 25 24 25 25 25 25 22 22 24 31 31 27 30 36 45 63 74 95 116 117 116 126 119 124 125 123 137 137 132 126 142 150 154 150 146 145 143 149 137 136 139 133 134 146 126 119 114 117 138 180 200 208 213 215 219 214 218 223 221 224 229 221 223 232 232 234 230 233 237 
228 224 234 231 229 240 233 230 227 220 218 223 223 217 212 221 220 224 220 206 204 218 167 85 73 44 27 33 27 26 25 23 22 25 24 23 23 22 22 25 26 32 33 33 42 56 73 98 104 122 124 123 137 124 129 116 117 131 136 140 126 137 145 150 144 152 147 148 144 135 133 136 134 132 123 120 123 129 131 136 182 202 204 204 206 221 225 219 224 219 225 226 218 227 234 239 239 236 233 231 
238 243 237 232 235 237 239 233 222 227 211 207 210 212 209 193 206 204 204 192 163 116 80 41 28 26 25 24 25 25 24 24 23 23 26 25 25 25 25 27 30 39 43 53 62 81 96 114 120 123 134 142 128 124 134 128 116 119 136 137 137 135 146 153 151 142 140 145 141 147 145 138 138 137 131 141 131 137 128 130 156 170 195 202 199 205 210 210 207 218 231 222 217 230 230 238 238 241 238 246 
228 234 243 233 237 240 225 221 220 218 198 202 207 202 193 185 193 194 202 205 154 37 27 27 24 26 26 24 23 23 25 24 23 23 24 24 26 31 34 35 42 50 62 68 73 95 112 120 125 129 138 139 129 119 132 127 128 133 135 139 146 140 138 138 148 144 140 133 132 136 133 141 137 138 149 140 135 143 134 141 149 171 194 182 172 186 202 206 219 214 221 219 221 228 225 237 236 240 235 246 
233 237 230 229 235 237 226 218 210 220 219 207 212 206 192 185 149 143 97 66 40 31 26 23 24 24 24 25 24 24 24 26 25 24 24 28 36 37 41 49 55 66 77 92 90 106 119 119 122 129 132 138 131 131 129 122 127 143 137 147 146 143 141 136 147 153 136 136 136 137 133 128 146 149 146 144 151 146 142 148 142 143 155 156 179 196 205 204 210 214 214 216 224 238 217 225 233 234 231 240 
242 238 224 226 226 226 216 213 222 229 230 218 209 209 154 155 122 70 26 26 26 26 25 23 24 22 23 23 24 24 24 24 24 24 31 36 47 54 59 61 73 88 101 112 110 110 118 125 121 124 134 133 132 140 132 118 129 135 138 134 143 141 140 142 153 147 131 136 140 139 136 136 146 150 152 144 149 143 141 141 150 140 139 165 169 200 205 205 209 214 219 217 225 232 223 224 224 229 226 236 
231 216 222 222 210 195 200 206 218 209 208 182 178 163 91 64 43 29 25 25 24 24 24 25 25 22 24 23 25 24 26 25 26 31 39 49 60 72 76 77 92 101 116 128 123 120 131 132 119 116 131 135 127 135 102 105 137 130 132 147 134 137 141 139 135 135 140 146 140 138 129 135 142 142 146 144 142 139 130 147 141 138 145 160 185 202 207 213 220 221 209 213 222 229 230 225 225 226 223 227 
229 203 201 209 219 207 188 200 207 201 226 181 109 91 38 24 24 24 23 22 23 22 22 23 23 22 21 22 26 24 26 29 33 38 48 66 92 93 87 91 115 114 124 123 121 116 139 123 126 119 131 127 131 127 114 86 128 139 134 145 130 132 135 142 150 143 153 149 138 130 133 133 144 152 151 151 140 133 140 155 140 139 144 165 191 210 213 216 215 220 217 215 218 221 226 229 223 226 224 223 
222 205 202 215 214 197 198 208 182 179 212 202 56 28 23 26 23 22 25 22 22 23 24 24 23 21 23 25 27 30 34 42 48 52 70 86 96 108 100 98 116 130 129 124 127 116 125 123 117 120 130 136 132 122 121 132 134 141 136 136 134 139 145 140 148 145 145 146 143 131 127 134 145 149 151 147 141 140 147 141 137 146 162 193 200 206 196 211 213 221 214 219 222 218 221 224 231 231 227 224 
212 206 212 226 224 206 184 210 139 90 164 130 42 26 23 23 22 21 23 23 23 22 23 23 24 22 26 28 33 42 51 63 64 68 93 108 112 115 117 112 120 130 127 120 128 125 126 125 118 124 132 134 133 127 142 136 136 135 135 133 136 143 140 144 147 141 140 145 134 127 133 141 155 150 147 144 148 137 143 133 144 152 158 176 189 178 188 210 200 210 208 213 221 213 222 227 234 235 234 224 
233 230 220 232 221 206 183 188 79 27 25 24 25 23 22 23 22 21 22 22 23 23 24 24 27 26 29 33 42 58 70 76 84 81 95 119 125 121 123 115 126 132 119 119 118 129 130 127 124 135 138 137 131 125 136 135 147 138 139 137 135 140 144 151 143 134 137 145 134 134 148 142 151 152 141 145 149 138 133 142 143 163 164 158 158 150 179 203 203 206 215 216 220 224 219 223 226 234 232 231 
227 227 211 221 228 215 170 109 50 24 23 23 24 23 23 22 21 22 23 24 23 23 25 25 29 30 38 50 59 71 80 90 91 94 112 119 126 128 123 113 121 119 118 132 130 129 128 127 124 121 130 126 126 128 123 126 137 137 139 152 136 150 141 143 139 137 143 145 137 142 152 148 140 148 138 137 141 134 139 136 142 171 163 157 139 148 169 184 205 209 212 211 218 223 224 227 226 224 225 236 
196 196 184 172 192 182 135 69 31 24 25 25 23 21 21 21 20 22 24 22 22 25 27 30 31 35 49 64 72 87 99 108 104 107 121 127 129 122 117 116 124 114 118 133 126 121 123 124 126 114 120 127 140 144 138 134 139 132 139 145 147 154 153 142 129 130 143 138 148 145 155 149 144 136 133 139 141 139 137 140 137 150 150 150 154 156 172 201 208 206 202 208 211 219 222 227 234 225 217 226 
191 179 187 147 99 72 80 31 27 24 22 22 21 21 21 21 21 21 19 22 23 30 36 45 44 49 68 80 90 90 105 116 114 114 124 134 132 122 115 120 121 122 125 140 124 130 119 121 122 119 126 134 127 129 138 135 143 131 130 132 154 159 154 144 134 142 149 147 139 149 148 142 144 140 134 142 150 147 137 142 145 141 147 155 160 168 194 202 199 203 206 210 209 221 222 224 226 231 225 223 
177 171 142 127 86 28 24 22 24 24 23 22 22 23 22 22 22 22 23 22 25 34 55 64 61 64 90 99 95 103 122 119 121 111 124 126 125 127 122 122 122 118 128 131 127 118 122 130 127 115 121 130 131 130 127 135 138 133 137 135 151 157 148 152 142 135 149 144 139 148 150 139 145 142 136 139 143 149 147 146 146 144 153 165 183 197 197 199 200 204 207 212 211 226 232 217 218 220 222 221 
135 66 38 28 25 22 21 19 22 23 23 22 22 22 22 22 22 23 24 26 29 45 65 80 80 79 101 105 100 108 125 128 122 124 130 119 116 122 120 122 122 122 139 139 128 130 133 131 131 128 126 118 128 122 121 133 143 135 137 146 152 154 149 155 139 145 133 143 147 155 147 142 139 134 138 149 148 155 153 151 141 145 152 184 205 200 205 200 203 212 214 221 211 217 224 219 214 213 223 230 
34 28 25 24 25 25 22 23 23 23 23 23 23 22 22 23 26 25 30 28 34 54 87 96 86 91 118 122 111 106 119 124 111 118 119 116 111 112 120 118 129 122 130 138 124 137 135 132 137 122 122 119 120 113 125 130 137 134 132 135 148 155 150 151 147 141 136 146 153 145 139 134 141 145 154 153 136 138 154 149 139 151 156 164 174 193 209 215 201 198 212 226 221 220 215 217 212 218 223 232 
32 29 21 22 21 23 24 24 22 23 23 23 23 23 23 24 27 33 40 42 50 70 94 109 94 108 110 119 127 118 113 115 110 116 123 116 115 122 130 120 132 124 125 134 121 118 122 140 135 119 119 130 120 110 119 138 134 134 144 146 153 161 149 135 141 137 143 142 140 134 145 142 144 144 153 163 152 151 154 142 139 155 160 160 170 203 199 209 204 196 200 225 214 214 216 215 214 214 232 226 
29 27 22 22 22 22 22 23 23 23 23 24 26 26 25 28 35 47 57 61 72 82 103 110 99 111 111 117 119 118 113 122 114 119 122 118 120 119 122 119 131 137 130 133 120 119 117 129 126 119 115 126 122 115 130 142 133 136 147 151 145 149 137 137 144 147 149 138 144 138 153 154 161 144 152 152 148 152 145 136 144 153 159 155 161 187 188 204 213 199 209 215 207 217 216 219 217 210 223 221 
28 23 23 24 24 23 23 23 24 25 25 26 26 31 37 44 51 63 68 69 87 99 106 116 105 107 118 119 114 126 120 125 117 122 128 120 124 122 115 124 128 129 120 126 122 124 121 128 121 118 121 127 121 121 137 146 137 141 151 147 142 143 132 125 133 149 147 133 137 141 152 152 153 152 146 148 144 140 134 146 149 163 158 149 159 173 191 216 219 200 196 216 221 214 218 213 215 218 226 227 
29 24 24 26 25 25 24 25 28 28 28 31 39 45 51 61 71 68 77 85 95 108 111 106 102 107 113 122 120 119 118 121 114 124 126 118 126 127 124 115 125 128 114 131 126 117 125 136 120 116 133 130 124 118 139 140 135 134 139 144 146 146 128 136 145 150 143 131 133 141 141 142 142 147 156 146 144 140 136 142 153 156 158 154 156 173 195 215 210 211 212 212 215 212 219 216 213 220 228 223 
26 24 24 22 25 25 25 29 33 37 37 40 49 62 70 81 85 88 88 99 106 113 113 100 104 113 118 111 117 119 112 106 104 116 106 101 117 113 117 107 101 114 104 101 102 114 122 130 127 118 126 131 130 123 124 123 127 129 133 141 143 141 128 146 143 146 141 131 145 140 132 138 136 140 142 141 146 146 125 135 161 167 156 147 146 143 171 200 212 205 197 216 221 209 207 205 208 212 217 215 
23 23 23 24 25 29 30 36 43 51 53 52 61 78 86 90 99 96 94 98 100 103 98 82 71 71 71 71 66 70 67 74 71 62 50 52 65 82 83 84 69 80 81 81 77 99 119 119 116 113 120 123 127 118 128 127 121 125 129 137 140 129 125 132 136 143 135 129 130 132 149 127 128 123 134 144 134 135 131 133 154 142 143 132 112 148 179 193 203 199 191 211 212 215 217 208 207 210 203 214 
24 23 24 27 31 37 40 44 48 47 45 42 43 47 48 51 52 51 43 44 49 39 38 31 29 38 40 43 46 38 31 31 31 25 31 39 42 40 40 39 41 36 43 44 43 52 71 85 75 88 96 106 104 102 119 135 131 114 118 135 132 122 121 120 121 111 105 124 97 115 114 106 109 105 119 106 116 125 115 109 107 113 114 97 97 129 186 188 192 195 204 212 205 222 213 207 210 218 210 210 
26 24 30 34 41 39 33 29 37 40 49 58 61 62 62 64 64 68 64 62 68 65 61 66 49 72 75 65 57 48 36 29 24 26 31 38 45 47 45 41 35 32 33 32 29 31 35 40 43 56 64 70 73 85 90 106 113 103 104 119 110 103 121 110 103 87 77 83 64 65 74 72 68 74 69 69 73 73 67 63 63 69 65 64 61 74 152 193 191 197 207 212 214 219 212 196 206 209 205 213 
25 24 35 43 35 26 31 39 45 59 56 75 83 87 81 90 90 83 98 95 92 99 88 73 77 77 71 72 57 56 68 50 28 23 28 38 48 48 46 40 33 36 25 33 33 30 32 37 34 33 34 35 38 44 52 76 83 77 77 91 85 79 84 76 56 46 41 44 44 41 42 41 42 40 38 40 37 38 39 39 38 34 43 44 47 47 97 151 169 202 191 219 217 218 211 199 212 216 219 212 
25 32 43 41 31 29 39 52 56 62 54 77 92 89 92 95 99 98 106 112 116 119 109 91 78 93 101 97 81 62 76 82 38 24 33 41 43 46 39 34 33 36 32 32 35 35 29 27 32 36 40 35 35 35 32 36 48 49 55 51 50 46 39 36 41 33 37 42 43 42 42 39 36 33 34 33 34 27 31 31 34 34 43 36 41 42 66 150 191 195 198 222 214 207 209 205 224 219 210 207 
39 47 57 52 43 31 37 47 50 58 55 55 80 90 101 114 112 112 111 121 127 130 117 96 73 70 84 88 83 72 60 64 37 29 35 41 47 38 35 32 34 36 37 34 35 38 38 32 34 38 34 37 41 38 36 36 37 41 37 31 36 30 26 34 44 42 39 43 36 33 42 34 31 37 30 25 26 26 27 27 29 29 32 28 35 38 53 112 172 183 196 219 216 212 208 196 218 223 219 218 
60 62 73 84 56 34 33 37 45 51 51 50 57 72 98 111 99 97 89 101 117 126 124 98 77 62 51 52 64 73 59 48 37 30 29 32 32 35 30 33 33 33 36 36 32 35 36 38 45 44 40 41 42 40 38 38 38 38 33 33 38 31 27 33 34 41 45 34 34 40 37 29 34 29 27 23 25 25 23 23 24 26 26 24 29 41 87 122 181 194 191 193 206 206 204 201 207 217 219 218 
63 71 88 101 89 52 33 35 39 48 48 51 47 56 75 104 89 64 74 87 115 124 105 87 72 59 55 48 39 45 49 38 35 29 30 37 36 34 33 36 38 41 42 42 40 44 44 50 58 53 60 60 53 48 41 42 41 40 37 46 38 29 30 40 35 40 50 37 43 35 37 38 29 25 28 24 24 26 20 20 20 24 24 21 23 70 155 184 190 191 200 205 215 201 196 210 210 198 211 208 
78 83 95 98 103 97 58 39 32 37 44 47 46 44 52 78 84 56 60 83 98 126 84 56 60 68 56 48 43 39 39 37 31 38 38 37 35 41 42 45 44 44 43 49 52 65 66 74 65 63 64 56 48 52 42 44 45 47 36 41 35 29 30 39 30 37 44 44 47 38 41 32 32 26 24 27 23 24 19 19 20 21 22 19 21 42 77 138 170 188 196 211 215 208 205 218 208 197 211 197 
92 105 111 105 103 113 100 67 41 30 33 41 44 40 39 59 73 56 48 58 72 93 83 66 75 83 66 56 38 29 32 33 37 45 41 39 40 43 43 38 54 41 41 41 41 51 55 63 70 72 62 59 59 48 58 58 54 50 44 46 39 32 30 35 30 38 44 48 35 39 33 34 34 30 29 24 23 21 19 20 19 18 20 20 22 25 100 158 168 178 190 200 206 203 214 219 209 202 227 205 
100 114 117 112 106 108 108 110 89 51 35 32 35 36 37 40 56 53 43 38 49 57 77 63 63 70 67 72 60 48 28 35 32 37 39 41 40 40 43 40 44 49 44 41 37 66 96 87 79 70 72 72 64 51 64 65 67 68 56 44 52 41 34 37 28 52 45 35 38 33 34 38 33 34 27 24 22 20 19 21 19 17 20 22 19 23 92 156 171 188 172 189 199 208 217 214 208 210 222 208 
105 113 112 102 107 105 109 114 114 97 62 37 31 33 34 33 39 44 42 31 33 42 45 40 46 61 57 65 56 40 29 29 29 26 31 34 40 44 38 42 35 43 51 56 42 94 123 122 120 104 66 66 68 74 69 72 70 70 58 40 45 42 51 45 41 46 38 37 30 27 32 36 39 37 34 30 24 22 24 21 17 16 17 20 18 22 66 133 163 173 181 189 196 210 208 206 210 217 218 213 
109 111 102 102 103 109 113 108 107 105 111 86 46 35 35 34 32 31 33 29 27 28 27 22 25 28 33 41 37 31 29 28 25 24 23 26 29 38 41 33 37 29 44 55 47 85 122 108 116 124 105 56 61 69 73 79 75 62 48 40 43 50 51 54 48 47 42 31 30 26 32 35 38 42 38 31 26 24 22 21 19 19 18 16 18 19 31 54 119 182 197 202 206 204 191 202 211 218 214 216 
109 99 105 107 106 105 108 111 113 108 112 107 101 75 45 34 33 30 30 27 26 21 19 19 21 25 24 23 23 24 25 23 21 20 22 26 29 31 34 34 30 30 36 42 54 46 62 115 82 137 130 75 54 56 66 69 66 56 49 42 42 45 50 56 53 52 47 40 33 28 28 34 45 42 39 33 31 26 22 23 20 20 19 19 18 21 28 50 86 127 168 189 193 195 193 211 212 203 211 223 
100 102 115 114 102 102 102 115 116 113 115 113 112 115 98 60 38 38 36 40 38 30 28 24 22 24 27 24 24 24 25 24 22 21 21 21 24 28 30 33 34 32 30 30 41 47 66 122 141 132 79 56 60 50 57 55 57 58 55 51 45 44 46 47 53 54 51 46 35 28 28 36 38 34 35 34 34 30 25 24 23 22 20 20 25 21 26 79 149 162 175 193 203 195 195 210 210 206 209 220 
102 96 114 112 107 109 115 112 118 113 108 110 114 118 115 101 67 35 28 22 23 22 21 22 25 31 29 26 23 27 31 27 22 22 23 20 22 25 28 31 34 32 36 33 31 40 41 40 61 61 41 41 47 60 57 58 49 47 45 52 55 52 49 54 50 47 45 44 48 34 32 29 29 32 33 36 29 30 31 28 23 21 21 21 21 29 44 75 142 157 179 181 187 196 197 204 209 202 202 206 
100 102 111 113 102 114 111 119 115 109 107 105 110 111 105 104 90 58 39 31 25 21 20 28 31 28 27 27 24 23 29 28 23 23 21 19 20 24 25 26 28 29 33 31 32 32 31 33 36 36 40 45 45 44 43 42 41 31 27 31 32 37 39 52 45 38 37 35 41 34 29 34 34 31 32 32 30 27 28 26 25 28 24 24 23 24 33 47 94 156 170 184 190 190 204 209 201 199 207 208 
107 107 115 111 108 115 121 115 116 116 115 117 116 111 111 103 88 70 48 32 32 35 36 38 42 43 39 32 34 28 25 27 24 22 19 19 20 24 24 23 25 27 29 29 26 26 27 29 31 31 33 34 35 34 32 28 26 28 30 31 32 36 46 56 47 58 37 38 38 40 29 35 34 28 25 29 31 30 28 25 25 25 23 23 22 21 23 32 65 127 150 169 183 189 197 197 203 210 205 209 
110 108 119 107 109 108 107 107 109 108 114 119 120 114 108 112 105 82 63 35 29 30 38 44 48 47 48 39 32 29 27 28 23 22 21 22 22 20 20 20 22 22 23 23 21 22 23 23 23 24 26 28 28 30 30 30 29 31 32 34 37 39 50 62 54 35 28 33 35 35 35 31 31 29 25 28 27 26 23 23 25 25 21 20 20 21 21 22 44 117 180 203 195 185 190 182 203 206 200 201 
110 115 118 110 105 102 106 111 114 116 110 112 114 109 99 102 105 91 69 32 26 35 41 37 44 51 42 31 29 26 25 25 22 22 21 22 22 20 20 20 21 20 21 21 22 20 21 24 24 25 27 28 28 29 32 34 33 33 35 36 38 40 45 62 59 37 30 31 37 37 43 31 28 24 19 21 24 22 20 20 21 20 21 20 21 21 20 20 26 71 136 150 164 176 183 179 195 200 198 199 
114 114 114 112 102 110 120 110 110 116 118 109 115 110 114 119 112 101 81 35 29 34 37 37 43 45 37 34 37 32 28 29 26 24 20 21 19 18 19 20 21 20 20 21 19 20 23 24 25 26 29 29 30 33 36 37 35 35 33 34 37 37 40 58 55 48 45 35 36 47 38 39 31 19 17 20 20 20 18 17 18 20 22 21 21 21 23 28 47 78 110 122 165 170 183 200 204 196 185 194 
108 104 111 115 110 112 117 105 105 113 112 117 113 110 123 119 115 95 64 28 27 34 38 44 55 49 40 37 33 32 30 26 24 22 22 22 20 20 19 18 19 19 20 21 19 20 22 23 25 27 28 31 33 37 37 37 34 31 30 31 32 33 36 45 52 52 40 46 44 38 32 44 30 20 18 23 22 20 19 19 19 19 21 21 21 24 33 49 70 112 121 143 155 178 197 207 204 188 193 206 
103 102 116 115 93 87 98 99 105 108 106 115 113 112 116 116 112 105 86 40 33 30 34 42 47 52 53 44 31 28 27 23 22 21 21 20 19 19 20 20 21 20 21 22 23 23 23 24 26 28 30 32 34 39 37 37 36 32 30 30 31 34 36 45 55 50 51 51 46 33 30 32 23 20 21 21 21 21 19 20 20 20 21 19 18 21 33 56 79 123 148 131 138 192 204 205 201 195 205 203 
105 110 108 110 91 88 98 105 105 105 111 113 111 111 120 115 115 98 84 39 28 31 30 41 45 45 49 46 39 36 33 36 33 24 21 21 21 22 18 20 21 21 21 20 20 22 24 24 27 33 37 42 48 51 45 41 45 44 43 42 45 51 58 52 48 48 44 39 37 26 22 28 25 32 36 32 27 23 20 20 19 20 21 20 19 22 37 66 90 125 163 145 129 160 179 193 194 202 204 191 
110 115 109 111 91 96 108 107 103 100 113 117 123 117 119 116 110 101 95 45 24 28 33 35 38 41 41 47 51 42 29 30 23 21 20 19 20 21 21 20 19 19 20 21 26 28 28 28 30 36 41 46 49 52 64 59 55 55 62 63 62 53 48 41 43 41 44 40 31 24 25 28 22 23 26 28 28 26 25 24 21 22 22 22 20 23 27 39 68 104 136 139 135 153 147 155 175 186 188 205 
104 107 112 109 102 106 116 117 112 108 111 115 116 121 119 107 106 102 100 63 26 28 30 39 46 50 42 40 38 35 36 32 24 21 22 22 20 21 20 19 21 23 26 28 28 29 28 28 37 40 47 58 64 47 58 56 60 67 66 68 73 54 42 38 41 42 39 33 26 20 26 23 20 22 20 21 21 20 20 23 27 22 24 24 22 23 25 34 61 125 143 157 161 166 165 155 152 181 189 194 
103 106 113 115 107 114 119 117 107 108 111 117 126 114 109 113 112 107 102 71 28 30 34 36 42 46 47 40 38 29 30 24 24 23 22 21 20 21 20 19 20 22 26 27 31 33 30 29 39 44 95 116 66 50 51 55 66 72 58 62 73 63 50 37 41 39 37 30 22 25 25 20 20 19 19 20 22 22 38 74 81 30 35 24 31 33 72 128 133 141 155 169 185 181 177 166 178 189 194 189 
104 113 123 117 116 112 124 119 113 115 116 112 119 115 114 108 115 104 97 70 35 25 30 37 40 39 40 36 34 29 27 26 25 25 23 21 19 20 20 21 22 26 31 35 33 31 29 38 40 95 123 123 112 77 57 63 72 69 55 52 68 74 58 40 43 35 32 23 21 26 24 23 19 20 21 34 27 28 90 160 141 50 37 72 130 116 139 156 166 175 181 190 182 174 184 189 189 193 179 181 
107 112 120 121 120 114 113 117 114 108 116 113 114 118 116 108 108 103 99 92 59 26 27 29 35 38 36 33 35 31 28 28 27 28 24 24 21 20 21 22 26 31 40 37 36 29 32 42 60 118 102 102 133 132 63 72 71 78 63 67 70 69 56 34 35 31 27 23 27 24 23 23 27 55 70 87 116 112 124 168 165 104 116 137 159 172 166 162 186 189 183 180 167 197 198 196 209 216 174 170 
101 105 108 107 109 115 111 117 113 116 117 113 121 121 118 111 101 103 97 79 52 23 28 35 41 39 36 33 31 27 27 22 24 26 28 29 27 24 25 25 28 34 41 35 30 29 35 48 45 69 55 66 104 82 65 73 75 81 75 75 81 67 48 32 34 28 27 30 35 25 22 23 50 145 171 145 170 157 122 150 159 155 172 178 165 163 165 173 189 185 191 194 203 215 208 203 212 201 194 189 
103 106 109 112 117 121 110 113 120 114 112 115 120 123 111 110 105 102 92 76 54 34 34 29 31 28 27 26 23 25 24 25 24 28 28 31 26 26 25 28 34 37 42 33 27 32 39 46 38 100 99 100 86 63 70 68 70 67 80 63 61 49 38 32 31 29 27 37 38 29 21 24 41 143 162 186 177 168 159 162 165 156 170 165 165 167 171 193 191 195 198 208 210 211 209 211 199 196 196 194 
103 109 110 112 118 120 112 117 118 109 105 120 120 110 105 111 112 100 94 88 64 37 34 24 25 25 23 21 21 24 24 24 29 25 24 25 26 27 32 32 29 31 36 31 39 39 44 51 39 63 89 69 60 66 59 58 57 48 52 43 43 36 34 35 30 28 36 43 45 51 59 109 148 145 167 191 178 176 164 174 177 182 179 184 186 192 182 187 186 195 187 201 202 219 203 199 200 200 202 204 
108 108 110 110 114 110 110 110 104 105 114 123 114 112 111 124 116 100 99 80 49 33 26 29 34 26 20 20 22 21 21 23 25 25 25 27 27 32 32 33 37 37 39 38 42 43 44 45 45 42 53 59 56 55 44 44 47 40 37 37 30 30 30 28 32 47 59 88 75 98 133 166 187 166 177 193 179 169 186 182 176 190 193 195 202 198 169 189 188 177 191 190 194 195 203 200 205 202 202 202 
118 109 113 110 115 112 109 104 109 118 123 123 111 112 106 109 108 110 104 75 32 30 32 31 27 21 20 21 21 23 27 36 39 31 27 26 24 27 29 41 36 36 38 40 40 40 35 40 42 47 52 55 49 38 35 34 32 33 31 28 26 27 30 28 75 131 137 166 138 149 188 175 172 164 184 179 192 182 189 175 180 193 196 202 201 182 173 185 182 181 188 192 190 186 189 200 211 198 194 202 
115 116 117 113 110 105 107 107 104 119 125 120 108 103 96 99 100 105 87 42 26 25 23 27 26 24 25 24 26 31 35 47 47 40 35 33 33 32 32 33 35 36 41 35 39 39 41 43 48 42 48 36 33 29 30 31 29 29 29 27 27 37 33 33 111 155 176 176 169 171 189 185 162 161 177 179 192 182 176 179 185 190 190 199 184 191 181 181 191 197 196 182 184 182 184 185 190 196 207 214 
111 116 117 116 111 108 111 115 114 117 118 110 105 103 102 104 98 95 40 26 30 26 28 32 34 29 28 29 29 41 50 53 61 64 38 30 29 28 25 27 32 30 37 39 37 36 40 38 39 39 38 31 30 29 30 32 25 27 35 37 91 123 79 89 147 158 181 180 168 175 199 179 183 177 177 174 173 180 196 188 193 192 187 183 177 185 191 199 198 192 199 195 187 189 188 191 195 215 216 207 
112 114 116 119 113 107 113 113 104 107 109 108 107 109 101 99 77 32 25 31 29 33 50 43 35 36 47 49 47 58 64 63 69 52 36 32 28 30 32 38 34 37 35 38 39 37 34 33 34 33 31 30 25 26 22 26 32 56 91 105 170 151 125 148 172 165 178 175 172 191 180 180 186 195 188 181 184 191 187 187 194 201 188 181 183 187 195 199 203 201 195 202 199 196 196 191 200 198 198 205 
112 118 120 123 116 110 108 112 108 102 106 109 107 99 93 81 34 24 29 33 35 43 62 46 44 49 62 65 60 60 68 70 59 47 47 45 44 36 34 38 43 36 35 34 42 36 33 30 32 29 26 27 23 27 25 29 107 171 144 157 181 139 120 148 164 167 188 173 182 182 184 182 188 189 197 186 184 185 179 185 195 202 187 197 200 199 195 199 207 201 201 201 195 196 202 204 203 204 209 210 
113 116 118 111 111 104 107 110 113 111 114 118 104 102 82 35 24 31 32 35 37 58 77 61 54 67 89 78 57 58 73 75 54 56 51 48 46 36 37 39 31 34 30 43 43 40 32 30 29 30 27 26 22 26 28 35 70 168 169 164 183 129 142 155 167 184 182 181 204 189 187 187 197 191 190 181 188 187 188 186 198 200 194 211 193 189 194 201 203 202 207 202 203 202 210 211 214 220 204 206 
118 125 113 109 116 105 112 113 103 104 115 119 108 78 35 24 32 36 37 37 48 73 90 74 70 82 115 105 77 61 63 77 83 60 46 66 58 42 43 32 24 24 29 38 42 42 36 35 32 29 29 28 27 23 35 117 145 161 172 158 182 159 169 158 174 185 180 190 198 195 187 194 190 187 180 193 202 192 188 195 206 196 190 199 195 199 201 203 202 204 198 205 207 203 211 218 216 220 211 206 
117 124 113 119 118 105 102 109 101 107 116 116 95 39 26 31 36 39 38 39 57 90 113 90 87 96 115 120 105 96 87 74 57 59 85 82 59 60 73 50 25 23 24 32 38 38 42 36 29 29 27 30 47 81 93 155 183 169 169 167 168 176 173 164 171 176 183 197 190 182 186 200 206 187 195 203 195 190 192 204 204 193 195 208 211 207 200 198 201 199 201 199 198 201 211 222 216 222 221 213 
119 112 106 109 112 108 101 102 100 114 119 108 51 33 30 36 41 44 42 45 67 105 119 111 108 103 110 117 116 94 82 77 68 101 87 80 61 81 79 43 26 25 25 30 35 39 44 41 35 29 36 50 90 130 150 174 181 179 161 179 185 191 185 182 176 177 182 188 194 190 189 197 200 195 202 209 205 200 194 196 213 214 204 196 195 200 198 206 215 211 214 213 210 203 201 219 222 223 219 212 
115 109 107 110 117 112 97 96 98 108 104 71 30 30 34 39 49 51 47 57 79 107 128 126 123 114 116 119 118 105 92 75 84 86 75 61 55 68 46 26 24 24 30 49 44 47 40 47 56 79 82 131 159 163 183 178 181 191 171 187 196 188 180 175 181 186 190 190 197 196 193 192 196 199 208 208 206 202 206 212 221 212 206 195 197 200 201 200 202 202 206 208 205 203 214 215 218 215 218 214 
114 117 116 116 119 107 100 99 110 115 103 46 26 32 40 48 49 56 54 71 90 100 114 121 114 105 110 113 110 101 72 73 71 73 69 56 51 49 37 26 29 33 69 169 138 83 66 114 127 149 140 152 180 179 186 165 170 185 179 186 196 185 176 180 189 195 196 189 194 195 192 197 204 208 211 207 205 200 205 214 208 205 214 215 212 207 204 197 205 203 201 209 208 215 213 214 211 215 211 204 
119 122 120 110 106 108 98 94 106 106 70 42 26 34 41 56 55 64 65 81 95 99 99 103 91 86 103 94 87 89 72 58 55 54 54 53 49 37 37 47 58 58 113 158 183 179 157 163 167 160 165 181 182 169 177 162 161 171 176 182 188 189 190 190 200 199 195 190 195 206 201 201 191 209 200 194 193 196 195 195 221 217 207 205 208 212 206 204 210 222 208 210 208 223 220 218 217 216 211 207 
130 125 122 117 111 109 105 99 103 114 61 36 25 29 43 55 63 71 67 78 81 88 94 84 77 78 75 56 53 48 38 37 28 30 34 38 41 39 50 71 140 143 149 150 168 177 187 180 173 193 186 187 179 176 174 167 175 177 172 189 186 198 196 203 195 197 194 196 199 202 205 196 199 213 205 202 200 200 192 195 214 213 212 217 210 210 206 204 213 219 214 208 209 213 220 222 214 210 211 211 
134 127 127 124 111 111 109 102 102 102 74 45 29 27 30 45 49 52 58 66 62 64 61 60 55 47 37 39 36 27 28 30 23 23 23 22 29 74 145 123 142 169 173 168 178 161 149 172 186 192 185 184 180 174 193 179 183 181 181 191 189 197 199 201 194 196 192 193 194 206 209 208 206 209 211 207 205 204 208 214 207 204 207 211 207 206 209 208 215 213 213 211 210 216 210 213 217 217 211 209 
121 119 122 115 114 115 112 100 106 116 98 84 76 67 48 40 36 35 33 38 37 34 40 35 27 26 25 27 26 26 25 24 29 29 25 29 44 80 160 162 149 159 164 187 193 173 158 181 181 171 186 193 185 177 191 187 187 185 183 185 185 193 199 196 190 192 193 198 206 215 208 214 214 214 214 212 206 211 216 223 226 216 216 212 207 212 213 203 214 225 216 213 208 211 205 215 211 208 209 209 
120 119 116 116 120 116 108 107 106 111 101 94 103 97 105 97 92 73 47 37 33 31 28 25 25 26 23 28 32 35 35 34 34 31 33 47 67 105 159 172 178 177 181 192 193 176 175 186 188 185 173 183 184 184 199 193 195 191 187 189 193 192 201 200 200 200 209 210 210 205 206 210 204 211 218 214 209 215 216 216 214 214 213 212 209 214 211 212 209 217 227 226 220 216 221 215 206 202 214 218 
129 123 116 122 121 117 115 110 102 106 99 95 98 106 107 103 102 85 68 59 53 42 39 41 40 41 41 43 51 60 49 44 34 47 75 106 157 171 166 160 161 174 175 176 177 185 181 191 193 192 168 177 194 195 198 188 189 185 183 187 185 188 194 194 190 191 202 210 213 207 203 209 209 210 213 220 221 217 218 218 212 210 215 217 221 219 206 206 207 208 213 213 207 213 218 214 212 209 215 214 
128 124 122 126 124 120 110 116 105 104 102 110 108 107 106 104 106 92 83 87 76 75 73 76 76 71 72 73 70 70 61 44 35 72 150 154 162 183 187 184 169 166 170 180 176 182 183 187 196 191 173 183 185 189 192 178 184 189 187 184 182 190 200 199 197 190 204 211 218 210 211 218 218 219 220 218 217 215 223 214 218 220 221 220 226 219 214 220 222 216 216 215 211 216 222 213 207 212 213 214 
121 126 130 129 133 126 108 117 103 101 101 102 111 106 111 110 103 100 102 103 97 96 101 110 107 99 88 91 89 71 51 40 42 58 139 164 188 187 188 186 187 181 167 189 188 179 168 177 187 188 179 183 176 189 193 189 188 193 185 188 195 196 187 202 203 209 219 221 225 221 211 209 212 211 215 216 206 212 213 213 212 212 214 213 216 222 221 221 221 214 209 211 220 222 215 206 210 218 212 218 
117 128 129 133 137 119 109 103 102 101 102 103 107 109 104 108 106 102 103 113 108 113 112 117 119 108 92 87 74 63 61 45 68 136 164 156 172 164 171 185 178 168 173 180 195 179 174 179 187 190 188 190 192 195 195 197 192 192 196 192 192 194 197 200 196 204 223 225 217 217 219 218 213 213 217 222 225 225 227 226 223 216 220 221 223 219 220 217 212 212 209 211 217 214 208 208 211 212 219 222 
129 136 136 134 119 108 103 105 102 108 102 107 114 108 109 105 100 99 111 111 108 116 108 112 104 101 89 83 97 117 132 131 132 160 184 171 173 173 172 178 184 166 171 179 180 185 173 186 195 194 203 191 198 199 204 198 190 190 199 194 192 196 199 206 210 214 212 220 212 212 222 223 216 217 216 230 230 230 228 230 224 223 222 225 214 219 217 216 224 217 214 225 218 212 217 213 213 225 231 228 
133 132 128 114 110 105 111 106 101 107 108 110 111 109 107 107 102 103 113 118 115 114 112 115 114 107 118 124 131 169 177 188 182 167 172 177 181 181 189 192 185 184 175 178 178 195 191 196 185 188 196 187 194 194 204 201 199 199 202 195 186 197 205 213 223 217 216 220 221 217 220 219 220 216 219 221 219 221 222 226 225 227 223 215 219 218 218 219 225 218 214 217 224 218 215 213 215 221 224 223 
132 125 121 119 117 109 115 114 108 118 108 113 113 102 102 100 104 122 116 120 113 115 107 107 121 122 143 162 186 191 176 163 190 197 177 167 192 187 188 200 184 185 182 179 187 204 201 208 198 194 187 192 196 200 216 205 208 200 204 198 194 212 219 220 222 221 222 223 224 233 231 227 221 228 230 225 218 225 220 220 224 221 220 221 227 223 217 222 222 213 212 213 211 208 212 217 223 224 222 224 
120 108 115 129 122 116 125 124 118 109 110 112 118 103 94 95 104 119 126 117 109 112 108 115 147 148 175 175 184 174 155 159 185 173 169 179 192 192 194 206 182 189 186 193 195 194 204 208 201 208 197 193 198 208 210 207 211 211 205 209 204 215 214 212 212 216 220 225 225 229 229 222 219 228 221 219 216 218 219 220 223 224 227 223 224 220 223 220 215 214 221 225 216 215 214 219 227 229 231 229 
140 120 123 124 118 121 124 126 115 110 105 108 116 102 99 100 116 118 120 112 103 119 118 158 149 153 186 187 172 171 168 169 169 174 174 188 179 185 188 184 184 187 184 196 198 199 201 197 197 204 193 198 205 213 210 207 210 215 214 209 206 219 223 219 213 217 221 213 215 219 221 225 228 229 220 215 219 215 222 223 223 233 229 224 215 219 218 218 221 215 211 215 218 216 216 215 217 219 222 228 
129 118 126 131 123 119 121 118 111 116 104 103 110 100 97 102 120 119 102 100 112 139 151 168 157 158 181 202 198 181 180 183 180 181 194 191 172 185 186 181 186 188 198 193 192 195 203 200 203 208 198 203 209 219 217 215 208 214 214 206 204 219 224 231 220 221 224 225 225 225 222 222 235 230 229 222 220 211 222 220 222 225 226 224 212 216 216 222 220 214 219 224 218 211 215 223 229 222 220 216 
116 109 124 131 122 126 124 120 120 117 107 106 106 98 98 103 108 118 117 115 116 146 160 168 173 178 179 185 187 184 181 193 192 186 197 193 192 195 192 180 180 177 200 197 187 194 206 210 211 205 200 198 209 213 213 209 212 230 225 226 224 219 216 222 222 219 216 219 228 233 228 216 225 231 224 222 215 215 226 229 233 227 221 223 219 223 224 221 223 222 223 219 212 215 219 218 220 227 221 213 
112 128 127 139 128 125 122 125 123 124 112 106 99 94 104 154 157 135 123 142 159 164 178 188 185 176 174 185 183 181 181 190 186 194 193 199 190 196 191 186 197 193 199 196 192 196 177 201 211 212 206 205 206 209 207 210 213 218 221 224 220 218 213 210 217 218 227 225 224 228 226 219 220 218 222 214 213 216 221 227 224 218 214 219 227 229 225 218 216 220 225 224 216 225 211 202 213 217 208 208 
101 121 134 131 126 130 127 130 129 130 118 114 100 89 101 139 153 166 163 177 162 166 171 190 195 186 182 191 200 192 187 187 199 199 194 202 195 195 194 190 198 194 194 197 193 200 196 198 207 216 209 205 207 206 207 207 207 217 215 217 219 222 226 223 226 218 227 228 230 228 221 220 217 214 213 218 217 217 225 230 218 221 217 222 231 231 226 218 218 218 216 219 222 218 222 214 208 206 207 223 
80 110 133 132 126 130 125 132 129 120 118 104 98 93 108 121 155 191 184 177 177 167 163 166 191 201 196 195 189 191 190 185 199 190 200 207 201 199 196 195 197 197 194 200 198 208 209 207 220 217 211 205 211 208 210 215 223 222 218 224 224 221 219 218 224 227 225 226 221 222 228 222 219 221 221 215 213 218 226 223 218 219 213 215 222 218 224 221 219 215 215 217 220 212 218 216 205 204 209 214 
77 97 131 121 131 127 125 123 126 122 120 110 97 99 128 163 178 172 194 185 186 199 187 185 188 200 207 197 198 196 193 178 189 208 215 199 192 201 192 186 198 205 206 205 208 204 218 209 213 218 209 209 223 225 219 222 225 223 218 225 229 225 217 223 222 220 216 213 217 226 227 231 226 223 221 221 222 221 228 232 223 228 220 219 220 212 209 211 206 210 210 211 210 211 213 215 210 207 215 223 
74 93 114 131 127 122 127 125 114 111 124 149 146 141 161 169 175 172 170 189 197 201 192 194 201 203 200 195 195 194 191 203 198 196 197 202 206 208 200 202 188 200 215 213 211 207 221 224 218 214 207 214 224 221 221 225 232 226 218 219 214 211 215 222 218 224 217 225 231 225 223 225 225 215 221 221 211 218 230 223 217 226 221 226 227 222 218 215 217 219 222 215 211 216 215 219 223 219 210 216 
