145 149 143 149 157 151 145 144 145 151 146 144 145 138 145 144 148 143 150 153 147 147 145 144 146 149 143 147 148 150 144 150 150 151 148 144 150 144 145 154 142 148 149 156 152 144 144 144 145 148 152 153 147 144 137 141 142 149 139 147 144 142 144 143 143 141 142 138 139 139 117 65 36 25 23 28 26 21 22 29 32 29 30 29 29 31 31 28 29 28 30 32 37 48 64 98 119 127 134 97 
147 146 147 147 153 151 154 146 150 148 149 151 154 141 146 148 149 145 147 153 151 145 148 149 144 150 142 144 146 149 146 150 149 150 150 148 154 151 149 150 140 146 145 148 156 153 154 141 144 143 139 148 151 148 139 143 142 145 145 148 151 150 150 149 146 145 146 144 146 145 132 100 53 30 27 28 25 23 25 29 29 27 29 28 30 30 29 27 28 28 28 29 28 32 30 39 55 79 106 82 
149 142 143 148 149 143 148 147 147 148 153 148 153 145 147 148 150 148 145 150 145 146 145 145 149 141 143 142 142 146 146 150 151 145 150 145 156 148 147 149 141 154 149 147 151 143 148 142 147 150 141 151 142 141 143 140 145 150 147 149 148 135 136 141 143 146 147 151 148 144 142 134 94 46 35 29 26 25 26 26 26 25 26 27 27 26 26 28 28 26 29 28 29 32 26 28 30 34 51 50 
151 143 145 148 146 140 146 150 151 148 145 149 153 144 146 152 148 143 146 148 146 143 146 143 144 143 142 144 142 148 144 153 155 148 151 142 151 147 150 152 144 156 148 144 145 142 146 144 144 153 140 153 146 139 142 143 145 142 144 145 144 142 147 152 139 139 142 142 145 140 148 144 129 99 70 35 30 27 29 25 26 26 26 27 26 25 27 28 28 28 28 27 28 28 26 24 24 24 26 24 
151 144 144 152 155 148 146 146 145 146 148 148 150 146 147 147 150 144 145 146 146 147 152 149 146 149 149 147 141 146 143 153 156 154 155 142 148 146 148 157 137 150 149 148 145 141 146 151 150 150 146 153 144 141 142 143 148 144 144 146 142 139 151 154 144 149 139 137 147 135 145 145 137 139 119 84 55 40 32 21 26 29 29 29 28 26 29 29 28 28 25 25 25 24 25 25 25 25 26 15 
145 140 142 147 152 152 154 153 154 150 152 149 152 150 148 147 150 149 148 148 144 149 154 150 155 144 147 147 150 150 150 147 147 144 152 145 146 140 147 155 149 150 145 145 141 146 146 146 148 149 145 153 142 146 151 141 154 145 140 148 146 143 152 146 143 140 147 137 150 140 143 146 142 142 135 132 107 75 48 44 38 30 31 30 29 31 32 29 26 26 26 26 25 25 24 24 27 27 25 17 
155 149 148 148 147 145 147 147 151 148 145 148 149 149 146 148 154 149 153 152 145 145 151 143 154 144 146 143 148 150 145 152 154 152 147 143 147 146 148 157 151 152 148 147 142 147 144 149 139 149 143 149 143 140 149 138 150 146 142 150 146 145 146 152 147 144 148 141 150 139 139 147 139 142 134 133 135 132 111 106 105 73 58 36 33 30 31 31 29 28 28 26 24 24 25 24 27 27 26 18 
152 149 146 150 148 147 148 152 150 149 146 151 141 148 144 146 154 158 159 155 154 153 149 147 144 142 145 146 144 150 144 149 150 150 148 145 149 150 148 152 148 147 145 150 142 147 149 147 146 151 143 148 140 140 153 137 144 147 154 155 142 143 145 145 146 146 147 143 145 146 142 146 132 140 133 137 137 146 131 122 137 125 119 98 88 69 52 42 33 29 28 28 24 24 23 23 27 29 28 19 
148 147 151 149 142 149 150 148 144 148 148 151 142 148 144 144 149 149 149 145 142 145 143 146 146 148 148 139 148 154 154 153 149 144 144 149 148 151 147 147 145 149 149 153 150 154 153 151 149 150 143 151 144 148 150 137 151 147 151 156 138 144 149 146 149 151 146 146 143 145 146 148 120 146 136 135 142 141 128 131 133 142 148 136 135 123 108 87 50 34 26 28 26 22 21 22 26 25 25 20 
151 147 143 150 151 149 150 150 148 147 144 144 143 139 143 146 147 145 141 138 146 144 145 148 147 147 150 148 150 151 152 152 153 151 153 153 146 149 144 136 142 151 146 153 147 142 144 146 151 148 149 153 143 153 153 139 149 147 144 152 140 149 150 141 153 151 149 144 146 141 140 153 127 149 142 139 140 138 128 135 129 134 141 133 136 110 133 128 115 77 35 28 25 20 23 24 28 26 25 20 
148 150 155 152 145 140 142 151 141 141 145 147 143 147 142 146 149 143 141 142 143 146 143 144 149 145 152 148 155 153 146 141 149 144 145 146 147 151 152 139 147 147 145 155 155 156 153 151 145 141 154 154 143 145 147 143 152 147 146 151 128 126 140 148 146 141 140 139 146 140 139 149 128 151 144 137 138 135 124 126 132 131 135 131 133 114 135 130 141 127 89 42 27 28 22 21 23 27 19 14 
148 152 152 153 152 150 151 156 149 132 128 137 143 143 143 146 146 148 146 144 145 145 148 143 144 142 147 145 148 152 149 142 147 149 152 144 139 152 150 137 152 149 150 148 144 147 153 151 148 154 153 148 150 142 145 141 146 147 143 150 135 126 137 150 141 147 138 148 142 139 144 149 121 145 138 139 142 134 131 140 140 131 141 139 143 128 146 140 134 142 135 99 53 25 21 26 26 25 24 16 
144 151 146 147 147 147 145 146 144 148 149 150 147 150 144 139 134 137 141 147 147 144 148 147 147 142 147 147 144 151 153 151 148 149 145 146 145 151 150 133 146 145 151 146 142 143 145 148 146 142 149 142 147 147 144 139 141 148 148 152 147 139 140 142 133 134 124 150 147 150 148 144 122 152 140 136 140 140 139 135 136 141 132 133 135 125 142 142 139 141 132 128 119 66 29 25 25 24 27 19 
143 150 144 147 143 146 145 147 144 138 144 149 147 150 149 153 151 149 153 152 145 145 143 133 144 133 139 148 148 152 154 157 153 150 147 145 141 145 149 133 147 146 146 147 144 145 147 151 149 142 145 144 149 151 144 145 144 147 145 156 156 154 152 152 149 149 147 151 149 151 145 145 125 148 142 140 143 142 138 137 142 147 136 130 131 124 139 141 135 133 131 135 137 124 77 31 29 24 25 20 
140 148 144 144 140 143 145 141 143 138 138 148 150 144 142 147 148 146 149 149 150 148 152 155 150 146 145 143 136 136 138 146 145 144 147 145 147 151 148 139 151 144 153 144 143 152 148 148 149 145 146 146 144 150 139 148 148 149 144 154 146 146 147 147 151 155 153 142 141 146 143 137 128 144 142 144 150 136 127 120 125 125 127 135 135 128 150 140 142 139 130 141 134 136 130 88 37 27 22 16 
141 148 147 151 147 147 148 151 149 146 146 147 146 144 144 140 141 144 145 149 148 138 141 147 149 149 151 146 147 145 148 148 148 139 131 126 130 133 145 152 150 149 153 153 152 152 151 150 147 149 149 150 147 149 135 146 146 150 148 148 146 145 149 144 146 150 148 145 135 141 144 139 141 140 141 137 148 151 149 147 148 145 139 133 130 138 150 133 136 138 126 141 143 135 137 131 78 35 21 15 
141 145 152 151 140 142 143 151 155 146 141 144 149 144 141 144 148 146 144 149 144 141 142 145 147 148 140 144 141 144 144 149 152 152 148 143 146 144 148 147 149 141 138 137 139 140 143 147 151 154 152 149 144 147 139 147 145 148 149 140 144 143 142 147 148 147 144 148 143 147 150 143 148 147 142 139 146 145 149 148 147 148 142 144 150 151 145 146 133 137 128 141 133 136 131 138 114 74 32 15 
144 150 147 150 147 146 144 147 148 148 142 147 147 147 143 149 146 147 144 144 143 144 145 146 149 151 143 146 143 143 145 146 143 140 144 136 140 148 148 146 149 151 153 150 153 149 147 142 136 135 139 143 143 143 143 147 150 150 147 142 143 142 143 145 143 140 139 145 145 143 151 140 150 148 145 142 146 140 140 143 142 143 133 140 139 145 136 140 138 143 128 147 141 131 138 140 122 110 66 19 
145 147 147 147 148 151 147 147 148 151 145 146 144 146 148 142 145 146 148 148 150 138 139 146 152 151 144 143 141 142 141 141 145 143 137 135 134 143 138 146 147 147 147 150 150 149 153 153 152 150 146 143 139 130 142 134 136 143 145 145 148 147 149 150 142 144 146 141 140 142 147 139 146 140 144 143 140 140 143 137 138 137 138 133 138 144 134 139 134 141 127 148 134 131 135 137 139 136 124 62 
146 140 147 147 151 150 148 141 142 150 150 146 142 140 146 146 149 145 137 138 147 149 144 150 149 153 143 147 146 145 144 145 146 149 140 140 137 145 144 142 145 148 150 146 142 139 142 149 144 145 150 150 149 147 134 146 145 145 135 129 132 130 135 140 143 147 151 152 147 147 155 136 158 138 137 146 141 143 139 138 143 143 141 140 146 140 138 144 139 142 127 145 138 135 134 136 134 130 130 91 
142 143 147 149 156 151 146 147 147 146 145 141 146 144 142 146 148 143 146 151 144 148 149 148 142 153 145 147 150 152 149 149 150 156 144 138 134 147 144 146 142 146 147 149 144 148 148 143 144 147 147 145 148 150 132 142 144 147 150 148 148 151 147 142 139 135 127 131 132 142 144 146 151 153 148 144 144 145 142 140 133 138 140 141 139 138 140 135 135 139 130 143 136 135 143 144 135 132 135 97 
144 145 147 146 148 153 145 143 144 144 142 139 147 139 142 143 145 138 143 149 147 148 149 148 145 154 149 147 139 134 131 134 141 139 148 138 139 147 143 143 140 142 149 150 151 146 145 149 143 147 145 143 148 150 137 143 138 144 147 148 140 151 147 152 151 151 149 150 144 139 144 146 141 134 127 133 139 144 144 146 145 142 144 150 141 145 140 140 133 136 134 142 135 135 133 138 132 135 129 92 
147 145 147 148 154 150 146 142 141 140 144 141 149 143 144 146 151 146 151 149 145 145 148 148 141 151 149 146 144 142 140 145 149 137 146 145 145 146 143 143 145 147 149 158 155 152 148 151 146 144 134 142 148 147 141 146 137 145 145 149 140 148 146 142 144 140 141 148 145 147 152 133 152 149 144 136 136 129 127 125 126 127 131 138 141 147 150 149 149 140 133 142 134 141 133 133 132 142 133 96 
140 141 149 148 152 147 143 141 142 140 145 144 147 147 148 144 148 146 148 147 147 146 145 145 141 153 146 146 140 140 143 148 147 135 145 142 147 153 146 149 146 151 146 134 139 143 144 147 147 147 148 149 146 145 149 146 142 139 141 141 142 147 145 141 144 138 132 140 139 142 150 134 148 148 142 148 146 146 153 150 148 148 141 134 129 127 128 126 130 134 142 144 141 143 140 135 134 138 129 97 
136 140 149 153 138 132 138 143 140 141 150 145 144 136 142 135 105 130 139 140 152 151 146 144 141 150 146 149 146 144 144 143 149 138 150 142 143 148 141 152 146 146 146 147 147 145 137 135 129 141 149 144 140 140 148 150 144 135 138 140 135 145 140 136 136 139 136 142 135 138 143 136 148 145 139 143 141 138 146 146 151 148 145 144 145 146 149 145 140 134 128 126 123 126 118 116 115 127 109 83 
137 138 153 153 151 152 148 145 147 145 145 144 144 142 142 132 117 142 141 137 145 147 145 149 143 144 141 141 144 143 144 140 142 144 149 141 143 147 144 145 140 139 146 151 147 148 150 138 136 141 142 143 143 135 147 146 146 142 148 144 144 141 142 144 142 136 143 137 145 136 143 135 142 137 141 140 137 144 146 140 144 148 145 145 139 134 137 142 146 142 132 131 116 103 75 68 67 55 53 34 
141 140 143 140 144 146 146 147 148 145 144 136 147 147 146 135 145 145 142 140 142 142 140 149 145 144 140 145 151 152 152 148 145 146 151 140 146 149 143 148 142 142 148 144 146 145 145 143 141 143 142 136 143 132 140 139 141 145 140 131 136 140 142 155 142 144 147 134 137 122 140 141 143 143 141 135 143 145 142 144 145 142 148 146 137 139 136 132 136 133 109 89 78 54 37 32 27 26 24 22 
143 142 140 135 139 148 147 147 148 145 142 137 145 145 151 147 142 134 132 135 142 142 140 146 145 147 144 143 145 149 149 150 146 142 149 139 143 149 147 149 147 142 148 136 141 149 151 151 139 140 139 138 142 129 145 146 139 146 146 145 142 134 135 139 133 136 147 140 138 144 144 146 144 146 145 139 145 141 140 130 137 139 141 134 137 142 139 121 113 76 51 34 29 29 25 20 21 19 24 18 
142 141 143 141 136 144 144 147 150 141 146 142 144 142 148 154 152 147 149 148 146 139 144 145 148 144 145 146 138 147 143 147 139 135 148 142 141 145 139 140 144 140 148 149 146 148 150 149 143 148 146 145 150 137 152 150 142 147 141 148 145 145 145 146 137 131 152 144 135 151 135 140 139 148 143 146 142 141 139 133 139 134 137 133 136 129 110 64 47 29 26 27 28 21 21 21 20 20 22 17 
130 140 145 144 144 145 145 141 145 143 143 141 145 144 139 142 146 141 144 145 149 145 144 142 146 142 147 143 132 137 140 146 141 137 147 141 140 141 137 139 140 147 147 151 149 153 152 150 143 150 145 144 142 134 146 144 140 141 134 143 151 141 136 147 140 137 145 143 141 147 130 147 140 144 139 145 128 129 133 144 140 140 137 131 98 77 49 32 28 22 25 25 24 20 24 23 23 22 23 20 
147 148 139 134 134 137 141 150 147 143 142 142 139 145 141 137 138 138 137 133 131 142 146 140 144 148 146 151 149 147 142 138 135 143 146 139 140 140 147 142 141 146 145 147 145 145 149 144 146 149 137 142 144 137 149 141 136 142 136 148 145 143 139 145 138 138 144 144 143 145 129 137 137 141 140 143 131 131 129 120 119 107 85 62 39 30 26 24 23 24 24 22 25 24 23 23 24 25 25 18 
144 148 151 150 148 147 140 132 132 137 142 145 144 143 140 139 143 143 138 135 134 141 148 139 142 141 145 144 143 149 149 148 148 153 148 140 143 141 149 144 139 145 141 148 143 148 142 137 131 141 132 141 145 135 148 145 141 149 139 154 147 143 145 146 146 141 146 141 146 142 130 142 139 142 140 138 139 135 124 117 108 78 44 31 25 24 21 23 24 24 22 24 25 25 25 24 24 24 24 19 
143 144 143 145 145 151 147 151 144 146 136 133 130 142 143 146 143 139 140 140 136 137 141 139 142 143 145 146 145 139 144 135 138 140 139 139 146 145 148 148 145 146 137 134 136 130 131 130 129 130 127 139 149 141 141 134 134 143 135 143 148 145 145 139 143 144 141 142 139 145 130 149 133 140 142 141 127 119 99 62 50 31 29 28 25 25 19 22 25 25 24 24 23 25 21 19 18 19 21 17 
141 142 144 144 145 145 148 142 144 148 140 149 143 140 140 141 135 139 146 143 141 138 143 139 146 144 143 146 145 140 141 140 142 139 141 143 145 147 145 142 143 148 145 139 116 73 50 60 69 65 117 156 157 140 128 114 107 113 120 131 132 136 146 142 141 144 145 144 141 149 135 146 137 139 148 129 114 71 48 33 27 28 25 26 23 22 22 23 25 26 23 25 25 20 18 19 20 20 20 16 
146 145 147 146 146 142 147 144 142 149 143 146 142 143 147 151 145 140 139 133 132 135 144 142 147 145 146 142 137 138 143 142 141 141 138 139 146 145 134 140 141 136 89 59 38 31 33 42 45 100 156 148 138 123 116 102 86 86 101 114 120 126 135 138 136 147 139 140 139 145 136 144 146 139 135 99 62 35 33 37 32 34 26 25 22 27 29 26 24 24 22 22 22 19 19 19 20 22 20 14 
149 151 150 148 146 145 144 141 144 150 142 145 143 139 141 140 140 145 155 158 150 147 140 136 131 133 139 141 144 141 141 141 143 137 136 137 142 143 142 138 121 66 36 37 41 37 34 60 95 96 118 124 110 96 90 85 72 84 99 106 110 113 120 130 132 140 138 140 137 142 135 136 138 132 106 54 34 34 44 54 46 33 27 28 25 30 24 26 19 21 23 20 20 22 18 20 21 20 19 13 
146 148 139 137 142 147 149 145 142 147 144 145 139 135 140 135 134 138 145 145 143 147 148 141 145 142 135 124 125 129 138 140 142 138 137 132 138 130 121 97 57 62 65 53 42 34 74 119 112 100 88 82 71 75 77 67 69 75 82 90 101 105 110 112 120 128 127 137 142 139 138 134 113 81 55 33 30 38 49 69 61 41 35 32 36 31 23 29 19 21 20 19 18 19 16 19 22 20 19 12 
146 148 142 147 145 141 128 140 143 146 141 138 141 139 140 141 140 139 140 143 141 142 142 140 138 143 148 149 146 144 140 138 128 128 126 120 99 75 46 50 74 83 73 81 67 62 130 132 113 75 63 46 50 92 84 78 76 66 66 73 87 101 109 107 110 113 113 124 128 131 132 117 79 50 48 46 38 49 56 66 67 44 44 39 49 37 34 34 24 25 21 20 19 19 18 21 20 19 19 10 
149 152 142 148 148 145 142 148 146 143 138 139 143 149 148 144 138 141 142 139 140 145 142 140 137 141 142 142 142 143 147 150 142 134 110 66 34 26 40 58 58 27 26 43 76 127 142 132 109 36 23 22 68 109 93 74 65 58 56 66 76 89 97 102 105 111 110 112 113 111 112 98 79 65 70 77 66 80 84 77 77 62 54 56 60 42 45 37 28 27 23 21 19 18 25 25 23 20 17 10 
147 150 143 150 154 151 148 143 141 138 135 139 142 145 139 137 144 147 140 137 140 146 140 143 142 141 138 138 140 140 142 142 133 85 38 30 27 27 33 56 84 17 37 65 116 150 145 126 96 38 14 19 66 104 94 69 36 30 35 43 54 76 92 96 102 108 114 108 106 105 104 102 104 100 98 99 98 102 105 105 93 84 84 83 73 63 60 47 40 35 25 30 23 22 24 22 24 23 21 11 
151 150 140 145 149 153 142 144 136 133 133 137 141 147 144 146 139 128 131 145 139 143 141 147 139 134 141 144 143 139 136 138 93 34 29 28 26 26 30 33 31 34 53 123 160 146 106 80 50 25 16 20 30 43 46 39 20 24 24 28 32 50 73 91 96 102 108 108 109 112 112 110 107 106 106 105 107 105 103 100 96 97 97 93 86 88 82 78 67 55 42 40 25 20 17 21 26 23 22 12 
153 153 149 151 149 142 135 141 135 135 139 136 139 142 142 146 146 144 136 145 144 144 138 144 137 138 144 141 139 129 107 76 43 37 35 26 24 24 24 24 33 65 128 162 116 61 28 26 24 21 19 20 22 23 24 23 22 23 26 25 22 25 53 80 91 101 105 108 110 107 107 107 105 105 104 103 106 104 102 101 102 104 99 93 93 92 92 92 89 75 62 61 44 35 26 23 25 28 26 14 
146 149 151 150 146 142 134 140 142 142 144 141 136 134 137 141 142 140 141 149 145 137 132 140 133 124 117 86 59 43 36 38 37 32 33 27 29 35 65 109 145 162 158 133 65 34 24 24 21 21 21 20 21 20 28 21 20 20 22 31 26 26 39 70 86 88 98 108 112 106 102 103 106 106 103 103 105 101 103 101 103 105 101 96 96 97 95 95 94 81 74 69 60 56 48 37 32 29 28 18 
146 149 148 149 148 142 139 141 144 142 147 143 139 137 138 142 139 146 142 149 136 121 109 91 89 67 58 56 42 48 45 46 39 33 33 34 54 108 158 176 169 161 132 58 36 33 27 23 25 22 22 21 25 27 32 24 21 22 21 19 21 24 32 51 59 55 72 99 107 109 106 101 102 105 104 106 107 103 104 103 105 103 100 99 100 98 97 99 92 87 88 83 79 70 64 63 60 54 48 28 
147 151 146 136 138 142 144 146 143 146 147 140 139 137 136 146 144 133 108 81 59 47 57 75 87 72 60 63 57 55 47 42 33 34 32 41 94 147 166 171 161 138 74 40 32 30 30 24 23 24 23 24 25 23 32 31 25 36 21 23 20 20 24 30 31 31 45 82 106 109 105 103 101 101 102 104 105 101 104 102 101 100 99 98 97 95 94 98 92 89 89 87 83 85 84 77 73 68 62 43 
145 156 150 151 157 145 144 144 144 149 146 142 142 137 133 113 62 36 46 41 48 46 64 81 87 81 69 65 60 44 36 27 27 31 33 60 128 159 168 166 145 77 36 30 28 31 29 23 24 28 32 29 25 20 22 32 29 28 42 28 22 26 22 29 28 22 27 60 94 101 100 96 94 96 99 100 100 96 97 101 97 95 94 94 92 93 89 89 89 90 88 88 88 85 85 79 75 73 75 50 
144 144 140 145 150 154 152 148 145 143 142 133 132 81 45 22 29 36 44 58 64 65 59 74 84 80 72 63 54 44 29 28 28 32 44 87 146 163 145 104 58 39 27 27 26 29 26 24 31 34 33 30 26 22 22 22 36 30 28 43 31 22 31 30 25 19 23 38 78 96 98 97 94 93 96 98 95 89 90 96 94 92 90 89 89 90 89 91 94 90 89 91 88 85 84 81 77 77 77 58 
142 144 138 141 145 142 143 143 144 134 139 122 53 22 23 26 35 41 43 49 51 62 71 65 72 74 66 61 52 42 27 25 29 29 64 130 155 141 83 42 31 32 28 25 23 23 22 27 33 32 30 31 28 23 20 21 28 25 30 27 44 40 21 21 32 26 23 20 44 77 92 96 91 88 91 94 93 90 92 94 92 91 90 88 89 91 91 92 92 88 89 89 85 83 84 82 78 79 76 55 
146 142 138 139 135 134 140 145 140 136 133 128 50 23 22 26 26 32 36 35 36 38 42 53 50 55 57 48 35 28 23 26 28 47 111 117 99 75 42 30 27 23 18 18 23 22 35 51 55 37 25 26 26 24 22 22 15 25 23 27 23 46 43 24 17 22 28 26 23 41 69 82 87 89 90 93 91 88 88 90 90 89 85 83 86 89 90 89 87 87 90 87 85 80 78 74 73 71 67 48 
137 148 144 141 136 137 142 144 146 139 141 133 126 86 55 32 23 18 17 18 20 21 26 24 26 26 28 28 25 23 26 27 30 56 65 43 39 32 26 22 21 18 19 19 23 35 44 50 59 62 32 22 21 23 20 21 18 21 24 27 25 23 36 40 23 21 21 19 18 21 37 60 77 83 90 93 91 88 89 88 85 83 81 80 83 85 84 84 86 86 87 84 82 77 73 69 64 62 60 40 
148 139 135 131 136 144 149 146 138 142 136 131 135 136 134 131 125 119 110 96 83 71 56 38 36 32 28 28 21 20 27 32 33 32 27 30 33 26 23 27 22 20 20 17 23 84 37 24 17 61 44 23 22 23 20 18 17 16 24 21 28 23 20 28 37 28 21 18 20 19 22 32 52 77 84 88 89 91 88 81 82 80 81 79 80 81 84 82 84 84 82 85 76 73 70 66 55 47 40 28 
146 150 149 142 133 131 134 142 146 144 143 138 141 132 135 141 140 136 139 139 141 136 131 126 125 137 126 114 94 72 67 55 34 27 22 22 24 28 32 29 23 22 20 18 25 62 33 27 40 69 42 25 21 22 19 21 16 17 14 24 18 22 24 17 25 34 33 25 21 18 19 24 39 65 80 87 89 93 91 86 82 82 84 83 83 78 80 83 81 83 78 74 66 60 61 56 46 32 23 16 
142 142 146 142 143 145 140 147 141 138 141 146 145 136 142 141 144 143 140 135 145 136 134 135 132 142 148 145 140 139 135 100 40 27 20 23 32 29 37 28 22 25 20 17 21 35 32 37 60 69 36 24 22 23 20 17 17 19 18 16 20 17 19 23 21 22 24 25 25 25 22 20 35 62 78 85 88 93 94 90 86 85 87 86 82 78 73 79 76 74 68 64 57 42 43 35 25 18 18 17 
143 147 145 140 141 139 140 146 143 141 134 131 138 139 141 139 142 143 139 135 140 139 142 137 138 141 139 137 143 146 149 133 50 30 26 27 25 34 24 21 23 23 25 18 17 24 38 47 54 43 28 23 23 23 20 18 18 19 18 16 14 16 16 22 22 21 17 19 24 22 17 17 32 62 80 85 88 92 93 90 86 84 86 82 82 76 75 75 72 67 54 40 36 29 25 21 18 17 18 14 
143 148 147 141 137 138 141 140 142 137 139 141 149 141 131 127 134 146 141 138 140 136 144 137 141 142 132 134 136 141 135 124 67 27 24 27 39 24 18 19 20 21 23 20 20 20 24 20 26 27 23 18 24 23 19 18 20 18 17 18 15 15 16 19 19 21 18 20 19 20 22 25 32 60 78 83 85 89 88 87 85 83 84 78 76 77 71 65 57 56 37 22 22 21 15 14 12 12 17 14 
148 148 150 144 142 139 142 139 137 129 129 135 144 147 145 143 136 139 133 131 144 141 143 144 143 139 142 137 138 142 138 135 101 43 32 35 26 21 19 18 18 21 23 23 22 20 20 17 19 22 22 23 20 21 19 18 17 18 18 18 17 16 17 17 16 15 17 19 18 16 16 22 36 61 81 85 85 85 88 86 84 84 82 80 72 68 63 60 47 33 26 21 16 16 18 14 14 13 11 9 
144 134 136 146 147 146 142 140 138 137 138 136 140 140 141 141 140 140 141 138 141 142 135 138 146 147 142 139 140 142 140 132 122 77 32 27 19 17 16 18 16 18 20 21 22 22 22 19 20 22 21 22 19 20 20 19 18 20 19 20 18 16 17 17 18 19 18 16 17 18 20 20 37 69 83 86 84 86 84 83 81 80 77 72 66 62 54 44 36 25 19 20 19 15 11 12 12 14 12 10 
151 145 143 141 135 146 142 138 139 131 134 136 140 140 142 140 142 139 137 141 147 140 146 141 134 135 137 139 149 145 143 138 129 114 52 24 18 16 16 19 18 16 16 18 22 21 20 20 22 19 19 20 18 20 20 20 19 19 20 19 16 16 17 17 18 20 19 19 17 16 19 25 47 73 83 84 85 82 82 82 77 76 72 64 59 50 41 29 25 22 19 18 16 14 10 11 12 12 13 9 
148 148 149 150 146 145 143 138 136 136 136 141 141 138 135 138 137 139 144 144 141 143 145 142 143 150 148 130 134 137 142 146 141 132 93 27 19 16 17 19 15 14 17 17 19 20 19 19 20 19 17 18 17 19 19 19 19 18 18 18 17 16 17 17 18 18 17 17 18 18 19 27 54 77 80 84 83 82 75 77 75 67 63 53 42 31 27 23 19 17 19 17 14 14 12 10 12 14 13 10 
147 146 150 149 143 143 142 139 135 137 140 144 143 142 139 134 136 136 135 135 139 142 147 140 137 142 143 145 144 142 142 138 128 117 47 21 18 18 17 19 16 15 18 18 20 22 21 23 21 19 19 19 17 18 18 18 18 17 17 17 17 17 18 16 18 17 19 19 19 17 21 28 54 74 77 78 77 74 65 59 63 51 44 36 26 23 21 24 19 16 14 15 16 15 13 11 13 14 15 12 
143 143 149 148 144 143 140 143 133 137 135 141 135 136 140 139 143 144 132 132 145 141 140 139 138 140 146 138 134 139 148 143 127 49 16 20 16 16 13 14 17 16 16 18 19 19 20 22 23 20 17 18 19 20 20 18 17 17 18 19 20 20 18 17 16 16 17 19 19 21 24 39 60 67 67 68 60 54 46 32 28 29 25 21 18 19 22 26 16 14 13 14 16 14 9 13 14 17 14 11 
140 150 149 143 134 144 146 143 139 133 133 145 145 144 140 138 133 143 143 137 142 140 143 141 142 138 140 140 142 137 137 135 88 20 16 21 19 16 17 17 20 20 21 24 23 21 20 21 21 19 18 19 19 21 21 19 18 19 18 17 19 19 18 17 16 17 18 16 18 24 31 47 59 58 55 49 38 34 30 23 18 18 18 19 15 17 19 21 20 16 15 15 16 15 12 16 16 16 13 9 
143 150 143 140 134 139 143 147 140 133 134 143 145 143 141 145 140 141 136 138 135 139 144 144 144 136 137 136 140 137 130 109 40 24 19 23 22 22 19 21 22 24 29 31 27 22 20 21 20 18 17 17 18 19 21 20 18 19 18 17 18 18 17 19 18 17 20 19 25 38 44 46 49 42 34 29 25 29 19 18 17 18 19 23 19 18 17 15 16 14 14 14 14 13 12 14 16 16 14 11 
139 145 143 143 139 139 134 142 137 137 139 143 142 138 140 147 145 141 133 138 135 135 137 142 147 144 145 143 143 138 120 41 21 24 25 22 23 22 20 21 21 21 22 24 25 23 24 24 22 22 19 19 17 16 18 20 21 19 19 19 18 20 20 18 20 19 25 42 72 96 104 93 67 41 38 32 25 24 17 15 17 16 18 19 20 16 14 16 19 18 16 15 13 14 17 18 16 16 14 10 
150 133 130 142 145 143 132 142 139 140 141 142 140 138 145 151 142 137 129 135 136 137 135 136 135 132 141 139 136 121 46 27 26 26 25 27 27 24 22 22 25 26 27 31 34 28 26 26 24 24 21 23 23 18 17 18 21 20 20 20 21 21 21 21 21 29 67 103 130 126 126 138 130 108 104 98 90 78 80 65 74 54 40 33 26 19 19 19 19 19 19 18 16 16 18 19 20 20 16 11 
143 140 141 146 146 143 133 138 133 134 139 143 140 140 147 146 142 141 139 140 135 137 133 142 146 142 138 133 103 33 18 24 25 28 30 38 34 32 31 29 26 27 36 44 42 36 32 30 29 30 28 26 24 20 20 19 19 18 19 20 19 19 20 20 36 78 122 125 139 137 140 145 152 140 141 142 103 127 122 108 130 121 111 92 83 70 69 64 49 47 41 34 31 27 23 23 26 24 22 14 
141 132 139 144 146 137 136 136 137 137 137 140 136 137 138 136 137 137 137 141 136 139 136 144 143 137 135 104 33 17 26 33 33 42 42 57 39 35 38 36 38 37 40 38 43 46 46 44 46 46 40 32 26 22 21 19 17 18 19 21 20 27 43 69 99 125 136 126 139 135 137 139 143 139 137 134 112 136 146 141 144 141 133 121 122 117 114 122 111 111 111 102 98 77 61 49 37 30 22 16 
136 138 134 136 138 137 131 136 138 139 138 134 132 134 136 133 137 138 134 137 125 142 138 134 136 141 101 28 22 24 30 35 45 44 53 61 47 43 46 42 48 44 40 41 40 48 51 48 44 39 30 25 22 20 18 20 18 17 21 25 29 69 106 131 138 131 129 128 135 131 132 136 137 135 137 131 135 130 136 141 146 145 138 128 131 128 136 134 130 127 134 124 130 129 122 115 101 87 75 51 
143 142 137 136 131 135 141 133 133 135 134 140 132 126 131 140 138 138 134 139 119 140 143 136 135 92 24 20 24 29 31 41 53 45 57 64 53 45 49 47 46 43 42 40 39 48 44 42 34 27 25 24 20 19 18 19 18 23 31 42 68 115 122 133 138 144 131 137 137 133 133 137 134 135 134 135 135 127 130 137 136 132 135 137 140 122 139 127 124 128 133 127 140 143 140 134 137 131 128 91 
131 137 138 128 135 135 140 134 137 130 128 136 139 142 139 135 131 131 127 129 115 123 129 134 81 21 25 25 29 33 35 50 58 51 53 59 50 46 49 52 43 43 44 45 44 36 30 33 29 26 25 21 19 22 26 27 36 52 78 104 126 144 144 136 132 124 128 135 139 143 137 137 142 140 138 135 142 131 133 139 141 139 137 139 142 116 135 134 131 140 145 134 121 117 128 132 137 140 133 97 
131 126 128 131 135 133 134 130 132 126 127 127 120 120 111 103 84 66 52 46 45 48 84 90 24 21 24 29 31 36 45 55 61 52 47 55 50 46 47 49 47 46 45 40 36 29 32 34 28 29 23 24 28 41 66 88 98 117 129 137 137 133 132 145 139 145 130 130 120 120 125 136 145 144 150 136 134 136 139 141 138 132 132 136 143 123 137 137 132 135 146 151 145 140 134 123 121 124 118 100 
133 137 136 131 125 124 124 113 99 89 83 69 53 49 44 44 40 34 36 36 39 39 50 30 21 26 30 31 34 43 51 66 64 50 44 46 46 44 47 47 51 45 40 38 38 29 27 29 31 36 35 62 94 117 130 131 137 137 138 130 134 137 133 139 133 139 127 143 141 143 138 130 121 125 131 143 141 141 140 141 134 142 136 134 142 117 137 134 134 133 144 140 140 139 149 146 145 140 132 100 
123 119 110 97 79 67 57 49 44 46 44 42 38 41 44 45 39 36 38 36 34 35 36 20 20 22 30 37 43 44 51 61 57 50 46 42 41 42 41 46 44 41 44 45 33 30 29 34 38 63 109 130 133 148 143 143 144 140 135 131 136 133 134 130 131 138 120 135 133 137 143 152 141 141 130 121 122 128 142 138 140 142 137 140 147 123 136 131 134 132 140 135 133 130 133 139 140 143 142 105 
58 53 48 48 48 45 46 47 46 48 46 38 41 37 38 37 33 35 38 34 30 32 36 20 18 21 28 36 36 41 47 49 47 46 46 44 43 41 39 40 36 31 38 32 29 28 41 71 115 135 139 139 136 145 126 131 141 149 151 140 138 141 137 135 132 136 125 128 129 135 129 143 137 137 141 140 141 133 125 119 121 128 138 141 141 128 139 139 134 131 134 133 135 130 133 131 134 132 134 100 
40 41 44 50 46 46 43 41 41 37 39 35 34 32 30 32 34 36 37 35 31 35 41 27 19 21 25 28 29 34 40 42 40 40 42 43 43 39 39 38 29 26 44 53 68 101 125 136 139 135 132 131 135 145 131 136 131 128 130 131 143 144 133 134 127 131 125 137 133 139 133 138 136 134 135 135 139 142 141 145 147 138 128 120 116 116 137 142 143 137 132 136 143 131 127 139 137 134 135 95 
42 42 43 45 41 37 40 39 39 38 37 37 36 34 33 34 33 30 32 34 33 29 37 60 43 29 20 18 19 19 23 26 29 29 32 32 33 33 39 61 84 123 142 138 132 145 141 138 139 134 138 132 135 142 133 137 141 142 139 130 122 142 129 131 135 130 130 127 134 133 128 142 132 128 141 128 132 144 137 133 134 136 138 147 128 121 121 116 122 134 140 138 141 131 131 141 136 135 131 100 
40 40 38 40 39 37 38 37 38 34 32 33 32 31 29 37 35 36 34 30 32 39 54 108 125 119 101 92 73 60 60 54 58 63 72 86 95 115 128 142 145 145 142 133 134 140 135 138 141 137 139 138 140 142 138 142 142 142 141 143 127 145 137 132 134 133 131 134 128 135 139 134 132 135 136 126 128 143 129 133 135 133 138 142 120 137 143 143 135 129 120 133 138 141 137 141 134 136 132 95 
38 36 38 38 37 33 34 33 34 33 31 32 30 28 32 38 52 64 67 55 47 50 74 129 136 127 129 130 130 133 131 132 134 136 138 134 131 141 136 128 133 138 141 135 136 140 134 138 137 138 134 135 135 132 138 143 140 140 131 132 122 146 134 137 131 124 135 136 134 133 138 140 137 134 134 128 124 126 136 134 133 136 134 133 117 143 131 131 136 144 140 130 116 109 121 131 138 140 139 100 
36 35 36 33 30 33 29 28 34 36 36 42 60 78 103 119 118 100 74 61 52 55 80 121 139 143 136 134 135 135 129 138 136 130 137 131 130 141 150 147 145 143 134 131 144 140 133 133 134 133 128 133 139 133 134 137 137 142 134 131 121 144 132 138 141 125 136 132 133 127 136 129 133 141 139 133 128 132 135 131 124 133 136 139 118 142 131 130 134 133 138 141 143 137 133 125 119 117 126 98 
33 32 33 33 32 35 43 62 77 96 117 123 117 126 127 129 116 96 67 54 60 64 96 123 129 125 131 134 139 137 130 128 134 133 133 135 134 135 138 141 134 138 138 143 147 135 126 135 141 139 134 131 145 142 130 134 139 138 132 139 132 141 140 139 139 131 144 131 127 133 130 121 128 125 122 124 133 137 139 126 128 124 132 142 120 142 140 132 139 136 135 132 135 136 138 142 142 133 122 86 
34 36 47 70 87 113 127 128 125 128 128 119 130 131 128 123 110 89 68 56 60 69 101 122 134 132 132 130 136 137 138 136 133 131 134 136 131 135 132 134 130 135 138 137 139 138 133 134 134 139 130 131 139 144 137 139 132 137 138 131 130 140 141 138 135 123 142 135 129 133 133 129 134 132 137 139 128 120 129 141 137 131 123 136 123 143 143 143 141 141 134 137 135 128 124 138 132 134 139 107 
90 115 127 131 131 129 127 128 125 129 133 134 126 120 124 125 104 82 67 59 63 76 104 124 127 130 134 134 140 132 119 125 132 132 135 134 129 131 131 135 134 136 135 139 136 137 135 132 131 136 121 126 143 136 139 137 133 129 133 136 127 136 135 136 142 127 145 128 133 138 138 132 137 134 132 142 135 132 127 132 128 133 138 133 126 138 141 132 129 139 132 133 137 135 136 133 129 130 127 92 
129 133 129 131 131 128 129 130 126 130 130 136 137 130 121 112 101 84 70 63 62 82 104 123 129 131 127 129 128 132 132 132 137 127 127 132 137 139 136 135 132 135 136 138 133 136 134 139 129 134 130 132 140 133 122 126 134 132 138 129 131 136 132 131 141 131 147 133 133 130 135 134 144 119 125 130 136 128 125 127 122 129 138 128 128 136 132 130 134 138 129 133 135 129 125 130 121 122 125 94 
123 128 130 127 125 125 127 129 126 132 131 132 134 130 123 109 98 79 69 65 65 88 109 126 126 127 127 125 125 132 131 129 132 135 134 126 126 130 137 136 139 136 136 134 135 138 135 142 127 138 133 141 142 142 142 135 123 123 126 131 134 136 136 136 137 129 143 129 125 136 135 137 139 135 137 136 130 115 131 124 126 126 129 127 133 130 121 137 143 144 144 136 136 132 128 128 126 127 127 94 
127 123 119 125 119 126 126 126 126 129 126 130 129 131 122 108 93 76 65 64 69 95 114 131 134 133 131 129 128 134 135 129 126 130 129 134 135 142 129 120 122 129 143 142 138 135 135 135 125 140 135 144 136 131 142 143 144 141 135 126 135 133 129 132 135 128 136 128 132 141 131 139 135 134 137 133 131 120 134 120 123 130 137 125 136 131 132 126 140 124 122 130 139 139 140 134 137 129 126 93 
117 121 127 125 123 122 121 127 126 129 123 127 119 124 115 108 94 76 67 64 77 102 122 128 126 126 135 136 136 138 137 131 128 134 129 137 124 137 144 133 134 129 127 127 130 140 140 133 130 139 139 133 130 137 132 135 136 138 138 144 143 129 139 128 133 133 139 129 128 139 126 138 125 132 137 136 134 121 135 134 137 129 139 120 136 129 127 129 136 122 140 132 113 115 127 135 142 138 134 91 
113 117 119 115 114 118 116 125 123 125 120 128 123 119 107 102 90 74 70 69 77 98 95 129 132 134 131 132 138 136 129 129 130 139 133 128 131 135 134 128 128 138 138 136 130 127 134 133 135 137 131 125 130 129 125 133 133 124 127 134 132 127 127 137 133 135 136 130 131 140 134 131 130 131 130 132 127 126 138 134 135 133 131 120 141 125 124 133 141 127 138 126 134 128 131 124 116 135 138 95 
106 108 110 112 113 118 113 122 118 119 117 125 122 111 99 97 86 68 71 72 88 92 60 120 133 138 138 131 136 133 133 135 132 135 129 131 135 137 131 129 131 129 130 136 133 138 136 129 123 130 134 132 133 138 137 139 130 131 128 130 127 125 119 130 126 138 133 133 133 132 125 124 126 129 132 128 123 124 141 129 124 122 136 121 139 129 127 132 137 126 133 127 133 131 130 136 121 140 136 89 
103 102 101 108 112 119 114 117 112 120 115 116 116 108 100 91 82 70 71 82 97 105 100 127 133 130 131 130 134 133 129 133 131 131 128 133 128 127 127 135 134 127 129 137 134 134 127 128 134 127 123 125 137 135 136 136 130 132 132 123 124 130 134 135 124 134 130 127 130 139 131 126 120 125 132 135 130 123 134 130 126 130 136 121 134 128 123 126 136 127 137 128 128 122 132 132 124 141 129 93 
95 106 105 103 105 106 104 110 109 121 122 116 109 97 93 94 77 66 68 83 94 104 116 128 135 131 129 130 134 129 124 130 128 132 128 137 136 130 131 135 132 125 127 136 133 137 128 129 135 136 135 135 126 119 124 131 136 133 132 129 132 130 132 137 125 135 129 122 125 136 135 141 141 133 123 122 126 125 136 131 122 128 138 124 133 125 128 125 136 132 131 129 125 133 134 135 123 140 133 93 
103 97 99 104 105 105 100 100 106 109 116 116 109 110 103 96 73 72 66 84 95 103 114 126 136 134 135 134 135 126 125 131 128 128 126 126 128 121 132 138 136 135 133 133 132 131 127 130 133 132 135 133 134 136 124 121 118 126 131 131 133 133 135 137 120 137 131 127 130 132 129 130 133 135 140 141 132 130 131 123 128 116 133 125 134 122 125 137 137 133 136 127 132 125 126 125 119 140 119 91 
101 102 99 95 102 102 105 107 107 100 103 103 98 99 97 89 74 68 70 88 94 109 114 125 127 127 135 133 139 136 135 138 130 137 130 130 127 131 130 133 122 127 131 140 126 120 127 135 138 128 128 127 128 131 137 137 137 126 110 110 118 126 136 138 124 130 122 127 129 132 127 118 125 125 128 134 131 136 133 120 125 126 132 129 132 124 125 130 133 130 127 128 139 131 126 123 119 139 125 86 
100 100 99 104 103 102 102 107 105 98 95 90 91 88 83 78 68 66 74 94 95 109 122 127 128 127 129 126 135 128 128 133 128 127 124 130 122 133 136 138 131 129 121 133 131 125 130 130 137 130 127 129 128 127 131 131 133 134 133 131 117 105 114 133 125 130 120 126 124 124 128 131 127 127 132 129 132 129 127 125 125 124 123 129 133 121 133 134 126 125 130 124 133 134 130 117 121 138 129 96 
100 101 98 102 106 103 102 108 98 98 99 84 83 82 76 69 62 67 83 95 96 112 122 125 125 129 128 124 129 120 124 124 124 126 127 134 128 135 134 135 133 137 135 136 128 133 138 125 137 129 129 130 125 123 122 128 125 129 129 133 133 133 131 133 119 119 122 135 132 127 128 130 129 131 132 128 126 107 124 121 123 130 119 129 131 128 124 133 116 120 134 130 129 125 130 122 121 129 115 85 
105 102 98 102 102 103 104 105 104 97 86 77 77 75 72 63 63 69 88 95 97 108 124 131 127 124 123 128 135 125 126 123 125 129 131 132 127 133 134 136 134 133 128 132 128 128 132 126 133 130 128 133 125 125 129 129 128 127 127 124 123 130 130 133 122 137 129 118 116 124 126 135 130 129 128 126 119 109 127 128 124 132 122 129 124 129 126 133 132 122 123 126 132 132 130 125 131 134 121 87 
104 104 109 100 103 110 109 101 97 100 97 85 75 74 73 65 62 76 90 96 100 109 117 126 127 133 129 129 137 131 124 122 130 132 132 131 129 131 129 132 133 130 123 129 126 122 126 126 128 132 135 138 133 127 126 129 126 127 128 125 126 133 124 132 128 135 132 134 130 116 108 114 127 135 131 120 127 133 127 129 124 136 116 132 132 132 123 127 136 140 133 123 117 118 121 123 132 137 128 91 
110 101 107 108 108 111 109 106 99 97 96 95 95 86 73 60 68 81 93 95 103 110 117 125 122 122 128 135 138 133 129 126 132 128 132 136 136 132 131 138 133 132 122 132 131 131 129 123 119 127 133 134 121 119 122 131 129 126 125 122 126 130 129 127 125 125 126 125 133 140 137 124 109 115 119 125 129 130 122 122 122 129 108 134 129 134 125 125 126 124 138 139 139 129 115 116 132 129 118 82 
107 108 110 108 109 109 104 105 99 95 90 86 89 90 84 74 70 80 96 104 105 111 120 124 122 123 128 128 126 125 126 118 129 130 130 130 128 134 131 136 132 131 123 129 131 127 134 129 130 129 133 130 121 125 123 116 118 125 129 124 125 124 124 122 130 126 127 124 127 131 132 131 127 133 125 113 108 112 120 130 125 134 109 128 123 133 128 129 134 126 129 127 130 129 133 139 136 125 121 92 
103 99 105 110 110 106 104 104 102 94 85 85 83 86 78 73 75 86 96 95 97 118 128 126 122 123 129 123 120 129 130 122 125 120 126 132 127 130 137 131 133 127 127 130 124 127 136 132 136 127 125 129 119 128 130 128 124 119 115 128 125 124 126 119 128 128 128 126 131 130 128 124 122 126 128 136 129 117 106 111 112 123 117 129 125 131 132 126 126 120 127 124 126 122 127 135 132 126 123 88 
107 105 110 112 112 109 106 107 111 101 85 84 83 79 74 70 73 90 99 104 109 110 119 127 127 126 128 128 128 129 135 127 128 119 129 134 134 123 126 130 134 124 133 130 126 130 132 129 124 130 132 132 130 128 126 116 126 124 117 132 127 133 129 118 133 131 132 133 133 128 121 124 129 122 118 125 126 131 135 140 130 121 123 131 135 135 133 128 131 122 129 131 135 123 126 118 124 128 117 87 
