7 7 8 9 7 7 8 11 15 12 13 6 10 11 8 14 14 8 8 8 13 11 10 9 14 37 25 25 21 46 44 49 52 65 61 61 67 72 64 62 55 56 58 52 50 55 58 55 55 57 58 59 60 59 62 61 60 59 61 67 66 71 74 74 81 80 80 84 83 81 75 77 77 75 70 66 61 59 56 55 44 53 57 60 65 74 77 79 82 90 97 99 103 101 103 101 98 95 91 87 
9 10 11 10 8 8 9 9 7 9 8 12 9 12 10 11 6 8 12 11 16 13 8 9 19 36 29 26 28 47 43 49 58 69 65 66 78 81 77 73 79 84 80 75 75 82 85 80 78 74 71 66 66 61 58 52 53 53 50 53 53 57 60 63 63 60 58 61 65 63 58 57 58 56 57 55 49 46 54 51 53 70 65 68 71 76 82 86 92 96 103 107 107 109 107 104 102 101 95 89 
9 9 9 8 9 10 12 8 9 12 12 15 10 9 9 9 15 13 12 16 18 11 10 11 24 27 29 32 29 33 34 40 46 59 56 58 77 80 77 75 85 88 86 82 82 90 93 88 91 87 88 88 88 89 87 84 86 86 88 80 76 74 71 66 61 58 55 55 53 50 48 49 52 54 59 63 61 67 58 49 62 74 70 66 68 69 69 69 72 73 76 76 78 80 81 79 80 77 77 77 
10 8 9 10 7 8 8 10 11 13 13 11 9 9 9 6 9 8 8 8 9 9 10 11 27 27 33 25 24 32 32 33 29 23 13 12 15 15 20 29 43 63 72 68 70 76 80 82 87 83 90 92 94 95 94 94 90 89 93 87 85 86 82 80 83 80 74 77 76 71 67 70 73 73 73 71 67 57 67 65 61 55 54 57 61 64 66 70 73 76 78 76 78 78 75 71 72 69 65 65 
14 6 8 12 7 8 8 7 8 8 8 9 10 8 8 9 9 9 8 8 9 9 9 14 28 27 28 25 24 42 38 28 13 7 10 19 18 17 12 7 8 12 30 55 59 64 68 69 67 62 65 65 63 67 66 63 64 64 74 75 80 86 88 85 82 82 81 87 82 79 70 75 74 76 73 69 61 52 52 53 59 59 61 65 68 70 74 81 85 89 91 90 93 93 91 88 84 81 76 76 
13 7 7 7 7 5 5 7 8 7 7 8 8 9 9 9 9 9 10 10 11 11 9 19 24 30 40 28 30 40 39 17 5 6 16 32 36 34 26 26 23 15 8 21 38 50 66 75 73 69 68 74 72 70 65 66 62 62 66 63 66 66 61 59 61 59 60 67 64 62 54 59 56 58 54 56 57 58 57 61 69 71 72 72 73 81 84 91 97 97 103 102 104 102 105 99 96 95 94 90 
14 6 6 8 6 6 8 8 6 6 7 9 7 8 9 9 10 10 10 8 9 10 11 20 27 30 33 32 38 34 38 10 5 8 11 16 34 34 38 58 59 64 42 38 43 23 15 30 41 49 74 64 61 57 55 61 54 40 46 48 52 51 41 51 59 57 60 60 59 56 55 60 60 61 62 61 68 66 64 64 66 64 66 70 69 81 90 93 98 96 100 107 114 113 112 108 108 103 97 93 
21 7 7 9 7 7 8 9 6 7 8 7 7 8 8 8 11 10 10 9 10 9 15 25 25 23 26 34 40 36 32 9 5 8 9 15 29 74 118 113 112 115 90 47 34 30 26 18 23 18 20 16 22 20 20 28 25 25 17 15 20 24 23 26 17 22 29 40 51 58 59 67 67 67 64 65 66 66 62 62 67 65 65 68 70 94 100 92 88 84 80 92 104 106 102 101 98 95 96 90 
22 7 7 7 8 6 7 7 8 7 7 9 8 8 9 9 8 8 10 9 9 9 12 26 25 23 21 33 40 38 30 10 4 6 9 16 42 89 119 140 147 142 87 44 40 33 22 8 6 5 5 7 18 22 26 34 38 37 28 29 24 27 29 27 17 25 15 12 18 18 26 42 54 59 65 65 59 57 59 64 65 63 62 67 68 100 145 118 79 55 55 80 87 84 86 83 84 81 81 75 
26 7 6 7 7 8 7 7 8 7 8 8 8 8 8 9 15 10 15 11 9 9 9 25 25 23 23 31 37 35 33 18 7 9 7 14 41 65 102 156 133 104 65 65 74 54 42 10 4 6 4 3 11 26 28 33 32 33 36 30 32 32 40 25 15 17 12 13 12 11 18 16 21 32 50 57 57 54 57 61 64 63 63 76 84 143 180 183 178 164 99 70 85 92 88 87 85 88 83 77 
32 6 4 6 7 8 8 9 8 12 12 9 9 10 14 13 19 16 23 11 9 12 11 24 25 21 29 29 31 32 36 38 7 10 6 10 24 35 83 96 75 79 98 55 50 42 47 21 8 7 5 8 15 30 27 33 30 36 40 40 32 34 50 28 27 26 15 7 9 9 14 21 23 21 20 34 50 54 60 63 62 62 58 61 67 177 189 180 176 160 144 98 60 68 84 97 101 103 97 86 
33 7 7 8 7 8 9 13 13 22 13 10 13 10 17 14 9 9 11 17 18 20 17 24 27 23 27 31 26 30 37 43 16 12 9 6 14 45 68 55 82 59 40 33 43 15 6 7 11 13 22 29 25 28 24 31 37 41 41 40 35 40 40 26 30 32 25 21 12 13 16 14 23 30 27 31 24 39 56 59 60 54 35 29 54 162 190 191 185 161 154 123 112 103 104 108 108 110 100 92 
39 6 8 11 8 7 11 12 9 6 12 16 18 16 28 11 8 8 9 18 16 10 9 19 23 24 27 26 27 33 37 34 23 9 17 11 14 28 27 35 43 23 18 25 31 6 9 11 19 23 27 30 28 18 17 34 35 39 38 41 41 30 29 26 32 24 27 29 11 16 16 14 17 21 25 26 22 19 34 52 57 56 55 57 66 132 178 183 181 160 77 53 56 68 66 70 65 74 68 68 
45 7 10 10 8 11 19 10 8 9 11 17 10 8 10 11 13 22 17 33 18 10 8 17 19 25 25 24 29 34 34 23 33 24 10 20 13 10 13 16 8 15 35 30 11 3 6 11 9 11 18 26 34 27 25 29 27 32 43 39 32 28 39 36 31 24 21 26 19 15 11 22 9 11 20 19 17 18 14 21 38 37 41 45 48 65 90 112 89 45 40 50 60 56 58 63 65 64 63 51 
46 8 8 9 12 8 12 8 9 14 18 17 8 8 7 14 22 10 11 12 11 8 16 22 16 24 23 22 33 33 25 13 41 55 18 28 27 17 18 27 31 39 83 53 8 4 5 7 8 9 22 26 37 33 30 31 29 26 31 35 33 28 30 38 38 30 16 27 22 7 13 20 16 15 11 15 16 19 13 10 19 40 53 57 56 57 58 55 65 69 72 61 58 67 70 72 61 50 51 48 
46 10 7 9 11 7 7 13 16 9 13 9 7 15 18 21 22 9 8 8 13 21 18 17 21 25 23 24 31 32 14 5 34 45 41 12 16 17 30 47 31 21 43 22 6 5 4 7 11 19 28 32 36 41 18 15 12 11 23 40 46 37 26 26 28 28 33 22 15 7 8 7 13 10 7 10 10 24 22 9 16 27 42 52 52 51 51 54 58 61 65 71 68 63 57 50 51 53 47 44 
48 14 11 13 11 7 9 12 12 9 9 10 11 10 9 15 12 8 9 9 8 10 10 10 23 27 22 30 32 16 4 6 14 25 30 15 13 16 27 21 19 12 6 6 4 4 4 16 17 19 33 38 44 48 20 8 6 7 11 28 54 46 36 32 22 38 30 16 23 9 6 5 6 7 5 4 6 7 12 8 11 27 30 38 48 53 62 64 61 58 55 49 48 50 54 54 59 50 49 51 
50 14 9 8 6 6 7 9 10 9 9 9 12 9 9 7 7 10 12 10 13 14 10 10 22 29 23 29 30 16 3 3 7 10 22 18 4 5 7 12 19 14 10 7 5 9 20 24 28 24 34 40 33 30 28 25 12 13 15 28 52 58 51 40 34 38 34 23 13 8 4 6 11 6 6 3 4 7 9 7 7 19 31 23 39 51 50 46 49 55 56 57 60 59 54 55 58 50 52 43 
47 10 8 8 7 7 8 8 8 10 11 12 11 9 9 9 9 10 12 10 9 10 12 11 15 35 23 29 25 11 3 2 4 15 25 22 8 4 3 2 3 3 5 10 8 13 26 40 35 21 26 38 24 22 105 159 80 28 34 33 60 60 57 55 39 33 37 27 18 9 8 8 5 6 6 3 5 9 7 10 6 10 24 30 18 19 37 49 57 58 56 56 50 47 43 43 40 48 57 48 
52 13 9 8 7 8 8 10 11 9 11 11 10 8 8 13 10 13 9 9 9 10 10 12 10 31 32 36 20 7 2 3 6 14 28 38 33 17 6 4 2 2 4 6 16 22 22 24 20 13 17 27 19 30 70 135 185 69 32 30 51 62 54 53 53 28 14 21 21 17 13 2 5 5 5 4 5 7 6 6 8 8 23 41 36 17 32 52 58 55 51 48 46 46 45 50 50 49 49 47 
38 16 15 15 13 12 12 12 12 11 11 9 11 13 14 9 10 13 7 9 8 10 9 10 10 15 30 41 17 4 3 3 10 18 42 46 46 44 17 6 4 3 9 13 18 13 19 20 16 14 7 18 18 57 104 76 137 104 24 21 38 49 50 47 49 40 15 14 12 23 9 4 8 6 4 4 4 4 7 7 7 6 23 44 44 27 12 23 32 40 46 49 50 46 45 48 48 52 49 49 
38 41 41 42 42 45 45 48 46 46 46 45 45 47 48 45 45 42 41 38 33 31 25 18 12 8 15 39 17 4 4 6 11 19 23 40 62 63 36 18 11 14 24 37 33 25 20 18 10 7 5 9 10 49 78 78 160 80 16 19 38 46 52 52 61 49 24 17 14 14 7 7 6 6 6 3 3 4 5 7 7 5 16 46 61 36 18 11 18 25 34 43 45 44 46 53 54 56 55 60 
26 27 25 27 30 27 29 28 29 31 31 31 30 29 31 32 33 33 34 32 35 34 38 47 48 42 33 29 15 3 5 10 19 21 20 24 57 69 57 41 47 61 54 44 36 35 24 10 8 7 9 18 5 15 121 183 138 47 25 37 57 61 61 61 52 23 20 14 12 9 9 7 7 6 5 3 3 4 3 4 3 5 18 47 48 23 8 10 10 16 25 27 41 47 55 62 58 58 57 58 
40 40 41 36 40 39 39 39 36 38 37 37 37 36 37 43 41 38 38 38 36 33 32 36 36 47 50 47 12 3 6 14 21 28 24 33 77 83 82 85 80 88 69 42 25 17 7 4 4 5 5 6 5 6 27 48 31 51 47 44 56 62 71 73 57 33 29 18 14 9 10 10 7 6 4 4 4 4 4 4 2 5 8 13 13 4 4 2 4 9 8 15 35 48 54 59 58 59 54 51 
31 31 32 33 37 38 39 38 40 41 42 44 43 44 46 45 45 45 46 47 49 49 47 45 48 36 33 33 9 3 9 15 25 28 37 50 61 77 88 84 80 72 76 52 26 12 6 4 3 3 3 3 5 6 7 15 28 39 36 36 53 62 67 62 56 47 49 44 21 10 7 5 5 6 3 4 4 5 4 3 3 4 5 7 3 2 2 3 3 3 6 7 16 29 47 52 55 54 50 50 
47 48 48 47 45 47 49 46 47 50 48 50 51 50 48 51 54 52 54 53 56 54 57 56 56 49 38 24 6 2 4 14 22 29 51 60 70 54 50 67 78 79 90 61 31 15 7 7 4 3 3 4 4 4 4 6 5 6 20 19 19 26 46 54 54 54 68 62 41 16 10 7 6 6 3 4 4 5 4 3 3 3 2 2 1 2 2 3 3 3 4 6 8 17 36 50 51 53 50 52 
42 43 43 42 41 45 44 45 45 45 46 45 48 47 48 51 49 46 49 51 52 51 54 54 52 52 51 35 7 16 19 23 32 38 53 48 29 24 27 56 76 64 61 45 27 12 5 5 7 7 11 15 12 8 8 8 7 6 8 5 5 8 14 23 44 55 57 73 65 43 26 11 10 9 4 4 4 4 5 2 2 3 2 1 1 1 1 2 3 3 2 4 8 19 24 46 55 62 62 67 
40 40 41 42 44 46 45 47 47 47 49 49 51 50 53 52 54 56 55 57 58 56 60 60 59 57 55 39 12 27 38 33 15 19 26 24 10 4 7 29 75 70 52 34 16 8 10 8 11 16 20 30 30 27 23 20 16 13 14 10 11 6 8 14 21 32 29 48 65 55 50 31 20 5 4 4 3 3 3 2 2 1 2 1 1 1 1 1 2 3 2 3 5 11 21 30 50 61 64 74 
40 43 42 44 45 47 48 48 48 51 50 49 49 55 55 56 57 56 59 59 61 61 59 60 59 57 56 44 49 53 46 27 7 5 4 5 4 3 5 8 29 41 35 20 8 6 6 7 10 16 24 27 26 29 28 21 17 17 12 16 26 26 24 36 53 49 67 46 58 38 43 47 38 8 3 3 3 3 3 1 2 1 2 2 3 1 2 3 2 2 2 3 6 12 21 27 30 48 51 60 
41 40 39 38 37 36 37 37 37 36 36 37 36 38 39 39 40 39 40 42 42 41 40 39 42 42 43 42 49 36 18 12 19 7 5 3 3 1 2 1 9 27 35 24 13 5 3 3 3 2 5 5 8 10 11 11 14 15 13 19 33 35 41 66 72 46 43 38 40 41 53 48 27 4 2 3 3 3 1 2 4 2 2 2 2 2 2 3 3 2 1 1 4 13 33 42 31 37 52 56 
37 37 39 42 40 40 43 44 45 45 48 50 49 48 51 54 54 56 61 63 62 62 63 64 68 69 62 34 15 11 17 15 9 8 7 3 2 1 1 2 3 10 26 31 24 14 6 3 4 3 3 4 5 5 5 6 6 9 8 13 22 27 41 61 55 48 38 39 31 53 51 41 16 3 2 3 3 3 2 3 3 2 2 1 1 1 2 1 3 2 2 3 5 12 32 49 49 31 45 51 
42 41 44 46 44 45 44 47 46 46 44 50 48 46 46 48 49 48 52 51 56 53 50 51 54 54 35 11 10 16 19 11 6 6 4 2 3 5 3 4 10 17 33 28 33 33 14 7 8 5 4 16 36 22 25 14 9 9 8 8 10 13 26 50 49 40 51 61 48 44 40 32 6 3 3 3 3 3 3 3 3 2 2 2 2 2 4 3 4 3 2 4 7 10 22 40 51 44 36 52 
28 26 28 28 29 30 30 32 32 35 34 36 37 39 38 40 40 40 40 40 39 41 46 45 46 38 11 8 8 14 20 31 11 8 6 10 10 15 9 8 12 27 30 37 30 23 11 8 7 7 25 114 166 46 50 43 36 47 51 44 34 29 37 48 47 58 49 37 51 35 23 8 3 4 3 4 3 2 2 2 2 1 1 2 3 2 4 6 3 3 4 4 5 5 12 27 50 55 38 48 
43 44 44 48 48 47 51 51 49 51 51 54 53 53 56 57 55 57 59 58 59 62 66 66 43 13 6 7 10 31 52 60 34 10 8 14 27 7 3 4 10 25 32 45 49 31 17 11 11 24 89 91 151 30 23 63 68 69 78 74 49 15 18 33 42 30 19 26 25 13 13 19 7 4 3 2 2 2 2 2 3 2 2 2 3 4 5 5 5 7 6 3 3 5 5 13 41 59 45 46 
42 43 43 44 44 44 46 46 47 47 48 47 47 48 49 49 47 51 52 50 52 52 52 28 8 6 5 12 22 60 89 88 62 18 16 52 35 6 5 6 7 15 28 35 50 55 51 54 45 70 112 135 74 19 39 70 75 84 82 54 33 15 14 26 20 25 23 25 10 5 5 9 7 5 3 2 2 2 4 3 3 4 2 3 3 4 5 6 5 6 7 4 3 6 6 12 34 62 55 43 
38 41 40 43 42 41 41 43 46 43 45 44 45 47 48 47 49 51 50 49 49 49 22 6 6 6 8 15 33 75 119 99 84 46 51 58 39 14 6 6 11 18 26 45 50 49 51 52 43 112 139 79 53 42 71 67 77 69 54 33 12 10 19 15 23 16 22 7 6 4 4 4 4 3 3 3 3 5 7 4 3 4 4 4 5 11 8 7 7 7 6 4 5 6 8 14 40 62 63 50 
40 41 43 43 42 43 45 45 46 47 48 48 49 52 52 51 52 55 55 57 56 37 5 5 10 21 28 30 53 62 110 110 69 47 69 68 47 18 8 12 27 30 41 42 44 44 30 36 32 67 79 75 65 65 56 43 49 47 33 20 14 13 12 17 18 8 10 7 4 4 4 4 4 3 3 3 3 4 5 6 4 2 2 4 6 31 32 9 8 6 3 4 6 6 8 11 27 46 60 62 
39 41 42 42 46 46 45 45 45 45 45 44 43 44 45 47 47 47 48 51 57 14 6 16 28 41 54 49 48 63 77 61 47 24 24 30 22 14 23 20 21 22 41 24 25 43 35 44 47 61 60 61 65 57 46 33 28 19 25 16 19 13 14 15 12 10 5 6 8 3 3 3 2 1 1 2 4 3 3 4 4 3 3 4 14 65 41 13 7 5 5 5 4 4 6 5 8 19 33 51 
32 34 36 35 37 39 40 40 41 39 42 41 41 45 43 46 45 46 46 48 50 16 10 23 31 34 35 23 26 32 24 28 44 42 44 48 37 28 40 21 14 27 34 18 12 20 19 32 49 54 43 43 39 27 22 13 22 25 24 20 16 16 12 6 8 8 7 4 6 4 3 2 2 3 3 4 4 3 3 4 4 3 3 3 17 74 54 26 12 6 3 4 5 4 5 5 5 8 14 26 
44 43 43 45 45 43 46 47 49 47 50 50 49 52 52 53 57 53 52 51 53 39 33 33 34 35 35 37 39 41 46 50 55 59 61 63 44 16 29 35 26 26 36 44 14 8 7 9 12 14 11 10 13 14 12 17 34 32 18 23 12 11 6 4 6 7 7 2 2 3 3 3 3 3 4 4 4 4 5 6 4 3 3 3 7 41 64 56 25 12 9 5 5 12 17 5 3 6 10 21 
30 30 31 32 33 35 34 35 34 35 32 35 36 33 35 36 36 38 39 40 39 42 40 42 39 39 40 43 42 43 42 41 40 42 42 27 6 10 19 25 27 33 38 45 28 16 12 10 7 10 10 8 12 15 18 21 25 16 25 24 7 8 5 5 5 3 5 3 2 3 3 5 6 6 5 5 6 4 5 5 2 4 3 4 4 7 18 57 45 40 13 7 19 28 7 5 5 6 10 17 
43 43 45 44 44 47 46 48 49 50 49 52 53 53 56 58 59 60 58 57 58 58 60 59 61 59 60 62 64 64 66 67 68 65 52 13 12 17 15 22 23 23 31 30 19 15 12 14 14 13 15 17 21 22 22 25 24 29 25 12 11 7 5 5 4 3 2 1 2 3 4 5 6 4 4 3 4 3 6 3 3 5 7 8 10 13 13 56 78 33 12 26 36 10 6 6 6 7 12 18 
40 38 41 41 43 42 40 42 43 46 44 46 47 49 52 52 53 52 52 55 56 55 56 54 56 55 57 60 60 61 60 61 59 58 43 8 10 16 24 22 27 18 22 30 31 28 30 23 24 22 17 15 25 30 27 31 22 10 20 6 14 7 4 3 4 2 2 3 2 4 3 3 3 3 3 3 3 7 10 5 5 5 17 10 12 16 30 78 74 59 55 45 15 12 6 6 5 8 16 22 
39 40 39 38 42 42 43 42 45 45 46 45 44 46 48 47 50 50 49 51 53 52 52 52 53 52 54 54 56 55 55 55 57 56 42 8 10 21 28 20 14 28 21 19 24 27 29 33 29 27 28 23 22 22 16 13 11 17 21 7 10 7 3 3 4 4 3 5 3 4 4 5 4 3 4 6 4 18 6 4 6 9 22 10 9 19 64 39 63 96 73 32 25 31 16 9 11 16 24 29 
39 40 41 42 42 44 46 46 46 47 46 47 49 50 51 52 55 54 53 54 58 57 58 60 60 61 62 63 62 63 64 63 63 62 51 11 10 25 26 27 18 22 27 23 23 23 30 25 25 19 15 11 16 21 19 17 12 23 13 9 15 9 9 4 4 4 5 4 4 4 5 5 3 5 10 10 10 23 3 4 6 24 15 7 18 68 26 12 68 77 56 40 43 45 15 17 18 16 33 49 
39 39 40 40 40 42 41 43 43 45 43 43 46 46 48 49 51 49 49 50 52 51 53 50 54 53 51 51 54 52 54 53 54 53 44 14 10 18 27 32 23 20 17 30 26 26 35 27 20 18 13 11 15 14 20 14 22 10 11 10 10 8 17 8 6 8 6 8 5 5 5 5 7 8 20 11 37 16 8 5 10 50 9 20 76 28 15 72 35 15 52 74 74 63 37 9 8 7 21 50 
32 35 35 34 34 35 38 40 40 43 42 41 42 41 43 46 47 47 47 49 49 47 49 51 49 52 52 51 51 51 54 54 53 53 38 16 15 20 25 25 22 18 20 15 23 28 30 27 18 22 20 20 19 15 15 18 16 15 15 10 8 9 8 15 14 21 9 10 26 14 18 25 25 34 43 51 70 34 39 15 47 47 24 81 37 23 83 35 6 12 30 44 54 57 48 11 9 18 36 56 
39 39 44 44 42 43 48 48 50 49 51 50 51 50 53 54 55 56 58 59 59 58 57 58 59 59 61 61 63 65 63 63 61 62 41 15 19 28 29 24 16 20 26 20 15 20 30 31 29 20 26 26 26 28 30 19 18 18 27 21 19 21 18 34 38 54 28 32 60 45 50 79 80 104 111 127 117 117 96 87 100 80 108 57 41 102 48 10 14 50 45 23 24 43 54 37 32 37 53 44 
30 28 29 29 30 29 29 30 31 33 33 35 35 33 34 37 39 37 40 41 41 41 40 43 42 40 43 43 43 44 44 44 45 45 36 21 20 18 23 20 14 29 34 29 20 14 13 27 33 23 19 19 22 20 26 21 27 25 32 34 40 32 36 65 53 84 52 75 96 65 107 107 123 141 145 148 132 135 114 136 126 167 128 105 143 114 76 38 83 55 18 8 5 10 17 22 15 9 11 5 
42 40 42 45 46 47 49 50 50 48 52 54 52 52 54 54 58 57 58 56 57 58 59 59 59 61 62 62 61 65 62 61 62 64 61 43 11 7 3 8 19 24 27 27 21 16 12 23 34 31 20 19 23 20 24 30 29 34 38 37 43 33 44 89 83 128 108 134 129 114 161 166 181 179 195 172 173 175 154 154 179 146 123 161 123 127 127 138 108 60 33 18 9 6 7 5 4 4 3 4 
38 39 38 38 39 44 43 43 44 45 45 47 48 48 50 50 52 52 54 53 56 54 57 55 57 56 59 59 57 58 59 57 55 54 49 38 11 4 4 4 6 12 13 14 17 15 9 16 26 34 31 26 33 35 34 35 43 36 45 50 70 69 83 114 130 154 158 164 163 159 191 205 217 230 232 232 228 224 199 191 200 160 176 121 126 139 152 127 120 109 92 56 28 30 23 14 6 6 5 3 
37 36 38 38 40 41 41 42 43 42 41 45 46 46 48 47 49 50 52 54 54 54 54 55 55 58 59 63 72 82 79 87 78 68 45 24 6 4 4 3 5 9 14 21 19 15 5 5 14 24 31 31 40 40 37 46 56 66 71 84 109 111 111 133 162 162 171 176 191 201 222 238 243 249 248 251 250 242 236 226 209 201 148 143 175 166 143 123 113 118 132 130 114 74 32 21 9 5 7 6 
37 39 42 43 41 44 43 44 46 48 47 50 51 50 51 51 50 52 55 56 57 57 58 58 66 79 90 120 150 127 101 100 106 116 116 103 82 60 38 21 8 4 6 7 11 11 8 5 4 6 14 27 39 53 61 81 104 128 123 125 131 140 126 136 164 152 167 183 203 215 234 247 251 252 252 252 252 251 245 240 240 218 185 194 169 166 150 141 139 147 157 147 131 92 54 36 15 8 7 11 
37 36 39 40 39 40 40 41 44 43 46 45 45 47 46 47 46 49 50 50 52 53 51 55 56 64 89 135 139 92 72 85 105 135 136 129 111 113 109 105 88 85 68 43 28 21 24 22 25 35 61 87 105 121 141 150 143 142 137 136 145 150 151 143 155 138 152 159 166 184 207 237 250 254 254 255 255 254 248 250 248 243 224 204 182 164 155 158 168 156 144 129 140 139 111 69 41 26 14 10 
31 34 36 36 36 37 39 39 37 40 42 42 41 42 44 43 47 47 49 47 48 49 50 52 52 51 57 101 148 83 66 76 99 136 161 148 152 150 130 139 131 147 153 135 99 92 97 107 109 108 133 144 159 155 151 156 153 157 146 151 146 155 150 157 166 151 149 152 152 153 156 199 231 245 252 255 254 253 253 253 253 251 246 236 214 190 187 170 139 133 137 146 138 147 150 129 86 52 29 20 
38 38 41 40 39 41 42 41 44 45 45 48 50 52 55 57 59 57 56 59 61 57 61 60 61 61 64 74 124 127 70 61 66 93 118 129 149 139 151 160 144 163 180 165 125 104 104 102 99 123 140 150 153 150 148 156 158 148 143 150 150 152 148 155 156 153 143 141 145 142 141 196 176 211 244 253 254 254 254 254 254 252 251 249 246 237 205 174 151 135 118 121 140 149 150 145 136 102 70 49 
30 31 30 30 32 31 32 30 32 33 33 33 31 36 35 35 37 38 39 39 40 39 39 41 43 44 41 43 51 96 107 63 58 63 80 104 120 143 166 167 167 154 151 159 114 138 139 113 120 112 143 134 144 152 154 150 150 142 142 159 161 159 159 153 150 152 141 134 129 142 150 184 152 169 211 245 253 255 255 255 255 254 254 254 252 247 233 205 163 136 125 120 135 134 129 144 155 142 116 90 
39 41 43 45 45 44 45 49 47 48 49 50 51 52 55 52 54 54 57 55 57 58 58 57 60 60 60 59 61 62 87 100 71 55 56 81 102 119 140 139 135 112 139 144 103 123 126 109 110 109 130 138 146 150 150 148 147 145 154 163 165 166 161 156 152 142 136 131 125 124 156 178 141 167 192 233 250 255 255 255 255 255 255 254 253 252 246 213 175 156 146 133 130 125 130 138 151 153 146 126 
34 38 41 39 39 38 41 42 44 43 43 43 44 46 48 50 51 53 52 54 55 56 53 54 57 57 58 57 57 60 67 81 102 90 64 59 80 97 100 106 99 87 121 108 84 91 88 88 81 99 112 118 120 128 143 150 155 148 160 154 154 162 159 155 152 144 140 134 129 121 170 162 142 169 205 226 244 253 255 255 255 255 255 254 254 253 251 238 199 169 140 115 110 113 118 127 147 157 154 136 
35 38 37 39 40 43 41 44 44 43 44 44 46 46 49 48 49 49 48 51 51 52 54 52 54 54 52 56 56 57 57 63 73 104 108 80 67 84 79 79 77 70 85 73 74 76 73 80 77 86 100 106 105 111 120 137 139 138 138 132 149 157 156 162 154 152 151 142 128 122 182 136 157 165 223 221 241 253 255 255 255 255 255 255 255 253 253 246 217 188 158 131 124 119 115 125 136 146 139 125 
40 41 42 44 43 44 44 44 45 46 48 49 50 50 51 53 55 55 56 55 56 57 56 58 57 59 60 62 63 63 63 62 63 71 95 122 103 83 77 63 59 59 61 65 66 63 68 71 81 88 87 101 101 110 103 116 123 125 122 118 135 143 151 158 156 146 148 149 140 128 203 127 162 200 225 206 242 253 255 255 255 255 255 255 255 254 254 253 246 234 209 174 146 131 114 117 128 125 121 117 
28 28 30 31 31 31 32 33 36 38 39 38 41 42 43 44 44 45 47 49 50 50 50 52 50 50 53 55 55 55 56 54 57 61 67 112 144 127 98 81 55 49 47 59 66 65 71 78 82 87 89 109 106 112 100 116 133 138 141 126 128 138 143 153 153 161 151 148 140 142 208 150 170 229 209 215 244 253 254 255 255 255 255 255 255 255 255 255 253 241 224 198 187 164 127 115 116 114 111 111 
39 40 43 42 41 41 42 43 43 43 47 45 46 47 48 47 46 49 50 52 51 48 52 51 49 51 54 54 51 52 53 56 57 56 62 78 158 169 139 122 90 63 47 56 77 68 76 85 88 85 91 105 112 113 99 122 141 141 171 168 146 148 156 161 151 148 165 156 146 159 198 164 207 234 210 239 242 253 254 255 255 255 255 255 255 255 255 255 255 252 247 240 228 193 142 115 105 101 103 102 
31 33 32 33 35 35 38 37 40 40 39 41 44 49 50 48 50 53 55 56 56 57 58 58 60 59 60 60 59 61 64 63 63 63 67 71 134 163 147 143 140 117 81 69 83 96 91 85 80 87 99 94 99 102 96 138 193 179 148 155 161 151 164 167 155 152 166 175 164 176 193 184 235 223 235 244 247 253 254 255 255 255 255 255 255 255 255 255 255 255 254 252 242 219 189 144 108 106 104 103 
36 35 35 35 35 36 36 37 36 36 34 37 37 36 39 35 36 37 37 38 37 35 38 37 39 38 38 39 42 41 41 41 41 42 46 49 96 149 158 154 143 116 96 111 97 95 106 90 83 87 98 105 92 97 107 136 168 169 181 177 165 150 159 168 174 167 175 190 180 184 191 176 225 217 244 241 246 253 255 255 255 255 255 255 255 255 255 255 255 255 255 255 252 235 209 164 124 109 103 97 
37 38 37 39 43 42 44 45 46 45 48 49 51 54 56 55 55 57 57 58 57 57 60 57 58 57 59 62 61 63 63 66 67 66 63 61 79 116 149 148 118 96 88 85 115 127 113 107 101 97 95 97 98 107 132 168 216 191 175 205 162 174 168 169 176 182 189 191 185 185 194 179 201 197 227 221 238 253 255 255 255 255 255 255 255 255 255 255 255 255 255 255 254 252 237 195 142 116 108 103 
34 34 35 36 38 40 41 41 40 37 41 42 45 44 45 46 46 50 51 51 52 51 52 50 52 54 54 53 54 53 58 60 60 63 64 66 82 106 137 153 129 102 91 92 93 96 126 131 128 122 101 95 100 116 124 170 230 217 219 218 149 172 174 160 184 190 199 205 190 187 197 192 186 195 198 195 210 245 254 254 254 255 255 255 255 255 255 255 255 255 255 255 255 253 250 239 177 124 112 100 
37 39 39 40 38 42 43 40 41 43 43 45 44 46 48 48 48 52 50 51 50 52 51 50 51 51 52 51 51 53 55 55 55 56 56 54 67 92 112 155 138 123 124 125 132 134 128 115 114 128 120 98 93 102 120 137 208 232 226 194 130 174 171 164 184 199 209 216 203 192 189 186 184 181 181 166 175 205 239 252 253 254 255 255 255 255 255 255 255 255 255 255 255 255 252 246 221 178 145 125 
38 40 40 40 42 41 44 43 44 43 47 49 48 48 51 53 53 56 55 55 56 55 53 54 54 55 57 56 58 56 58 60 58 62 65 60 66 88 99 127 145 143 123 113 115 121 129 140 143 131 119 98 89 89 106 135 145 177 210 174 116 141 157 170 187 207 214 217 203 198 192 188 191 183 180 171 163 159 200 238 252 254 255 255 255 255 255 255 255 255 255 255 255 255 252 252 247 221 176 150 
28 29 30 30 31 29 31 31 30 29 32 34 36 38 36 39 42 43 43 45 46 45 45 47 47 48 49 49 49 50 48 51 50 52 50 52 56 90 106 121 134 162 158 145 158 161 149 140 143 145 141 128 122 122 124 146 168 163 151 125 110 122 129 156 168 182 198 205 198 199 199 192 194 188 182 162 160 149 175 211 240 252 255 255 255 255 255 255 255 255 255 255 255 255 253 254 251 235 196 170 
41 42 42 42 42 43 43 46 48 47 49 51 51 51 52 49 51 48 49 49 50 52 51 50 52 52 53 51 53 51 51 55 52 53 53 52 66 89 102 120 145 161 152 152 157 157 159 148 140 137 128 124 122 127 137 146 164 182 187 182 188 199 176 165 158 167 161 163 175 173 192 200 196 190 186 166 157 150 161 169 213 246 255 255 255 255 255 255 255 255 255 255 255 255 254 254 251 242 218 205 
26 28 31 31 29 33 31 32 33 36 38 38 38 41 42 45 44 46 48 49 51 51 54 55 59 58 56 57 59 61 57 59 54 58 60 54 66 88 103 113 143 165 163 151 147 144 135 137 138 131 119 119 123 134 145 144 149 158 170 183 192 191 176 181 185 178 147 118 99 104 146 196 203 197 175 163 165 148 145 151 185 236 254 255 255 255 255 255 255 255 255 255 255 255 254 254 251 242 230 235 
37 40 39 38 40 41 42 42 41 41 42 43 42 42 41 41 41 37 39 39 38 38 38 39 39 40 38 37 38 37 39 39 39 36 41 42 61 85 107 129 142 147 148 144 140 141 131 116 112 107 111 121 128 137 150 149 152 156 164 176 177 180 179 198 200 175 146 126 89 78 95 129 177 198 172 164 165 156 141 147 181 232 252 255 255 255 255 255 255 255 255 255 255 255 254 254 251 247 248 249 
35 34 35 37 39 39 39 41 40 41 42 44 46 49 49 48 50 51 51 52 55 56 59 60 59 58 59 59 58 60 61 63 59 59 60 58 61 90 120 140 144 129 123 116 112 116 115 111 114 116 124 127 136 146 158 165 169 171 171 178 173 169 190 190 189 186 175 176 134 79 94 99 109 179 175 158 151 157 143 150 190 234 252 255 255 255 255 255 255 255 255 255 255 255 254 254 252 250 252 252 
33 35 35 36 35 36 36 39 38 40 41 41 42 40 40 43 45 47 47 47 47 48 50 51 49 49 51 52 54 52 53 55 56 55 55 54 57 80 118 140 130 130 123 120 120 115 114 115 119 123 130 132 150 156 160 165 167 177 175 167 155 154 174 188 188 178 161 159 113 82 99 104 166 224 192 159 153 150 141 154 198 241 253 255 255 255 255 255 255 255 255 255 255 255 254 255 252 250 252 252 
38 37 40 39 38 39 40 42 43 45 45 46 45 44 45 44 47 47 47 49 48 49 49 50 49 50 52 51 50 52 51 52 51 52 52 52 59 76 101 138 148 148 154 154 153 141 125 124 117 113 121 135 145 148 152 162 165 172 170 162 158 156 158 169 184 167 142 111 80 89 123 179 213 206 172 160 145 132 151 182 225 248 253 255 255 255 255 255 255 255 255 255 255 255 254 255 252 249 249 249 
27 29 32 33 37 38 38 39 39 43 45 43 46 43 46 46 49 50 53 55 54 53 54 53 54 57 55 56 56 57 59 60 61 60 57 56 65 81 97 128 151 152 146 147 154 155 139 123 119 118 118 118 127 132 146 157 160 166 164 162 167 160 145 141 136 134 137 147 132 137 178 194 189 185 176 158 150 131 177 217 243 253 255 255 255 255 255 255 255 255 255 255 255 255 255 255 253 248 244 243 
29 31 32 33 35 34 35 34 32 31 30 30 33 33 34 34 33 36 35 36 38 40 39 40 42 43 45 45 47 47 49 48 49 47 47 46 63 84 101 110 107 101 97 106 115 138 144 128 126 121 109 106 112 124 136 143 170 178 156 136 100 104 123 148 153 165 180 192 187 187 188 178 174 170 165 154 148 148 198 236 251 255 255 255 255 255 255 255 255 255 255 255 255 255 254 254 252 249 248 245 
29 33 32 36 37 41 42 43 42 45 44 45 46 49 51 51 54 52 51 53 53 49 51 50 49 51 51 49 50 49 51 52 54 53 55 51 63 106 134 117 93 83 84 105 111 113 117 126 136 141 136 122 115 113 122 139 160 163 201 207 112 138 153 160 168 182 199 203 181 166 168 169 167 167 158 140 154 185 229 248 254 254 255 255 255 255 255 255 255 255 255 255 255 255 254 252 249 248 250 247 
30 31 28 28 27 25 27 27 28 30 30 29 32 36 37 36 40 39 42 45 46 44 45 47 48 47 52 51 50 53 53 54 60 57 58 59 70 133 146 131 104 90 80 95 98 102 134 161 166 164 139 135 122 100 102 132 180 195 182 194 146 148 175 158 179 188 195 200 179 162 166 168 160 163 159 156 173 216 244 253 255 255 255 255 255 255 255 255 255 255 254 254 254 252 250 250 248 249 251 245 
36 37 40 43 45 43 43 41 44 44 43 43 43 42 43 43 42 42 41 41 40 41 40 39 40 41 40 39 38 37 38 37 40 37 41 50 87 151 147 137 130 92 93 107 133 113 127 141 149 137 132 127 122 112 123 150 205 197 157 172 161 158 173 163 168 175 183 181 172 163 162 158 182 166 193 175 207 235 250 254 255 255 255 255 255 255 254 254 254 254 253 249 243 240 244 246 246 245 236 226 
34 35 33 35 36 38 41 43 41 41 41 42 42 46 47 45 46 49 50 51 51 53 55 55 55 55 54 54 58 59 59 61 60 62 63 66 98 174 145 137 120 102 98 98 93 124 138 107 91 113 112 109 98 105 132 157 157 185 186 198 149 170 165 162 152 161 165 171 162 147 181 158 204 200 221 212 220 245 252 254 255 255 255 255 255 254 254 254 253 252 249 246 219 200 222 237 238 231 210 158 
38 37 37 35 35 38 37 39 38 40 40 42 42 41 40 41 42 41 44 43 45 43 46 45 45 45 46 46 45 47 49 49 51 50 53 65 125 150 132 102 72 49 46 89 125 109 103 94 93 88 91 95 98 101 115 131 153 216 210 167 168 166 162 150 150 155 149 154 139 129 186 173 189 219 220 238 238 245 251 254 255 255 255 254 254 253 252 246 229 221 220 204 167 165 191 214 209 195 156 125 
36 37 38 38 39 40 40 40 41 43 43 45 46 45 45 48 49 50 49 50 49 47 46 45 47 48 49 49 51 49 50 51 52 53 67 104 136 120 79 54 49 51 86 94 78 89 96 104 89 87 94 93 96 106 117 120 121 142 151 177 188 160 156 141 139 147 139 137 129 121 169 187 132 196 224 236 247 247 250 254 254 254 254 254 252 246 238 223 201 183 163 135 131 145 169 182 151 116 113 102 
26 28 30 29 35 34 35 36 37 38 39 39 42 44 43 46 48 48 48 50 51 50 50 49 49 50 51 51 53 53 55 62 67 72 92 117 99 67 62 57 62 102 83 69 75 82 87 92 86 92 98 92 95 107 119 110 125 157 182 180 163 144 139 126 125 132 135 116 117 126 144 195 139 167 213 243 250 252 252 253 253 253 252 249 240 217 205 198 178 164 139 138 151 156 150 123 103 93 77 73 
37 39 38 38 38 40 36 35 35 35 36 36 34 33 34 34 33 32 32 32 33 35 34 35 37 38 37 38 40 48 51 49 55 80 99 75 58 63 74 82 99 78 81 86 83 78 91 82 86 96 91 90 95 97 106 106 109 132 156 149 138 137 133 136 133 126 113 125 134 134 129 186 161 152 225 246 250 252 253 250 242 241 230 220 199 164 154 149 137 127 133 141 141 131 114 91 70 74 67 61 
26 29 30 30 34 35 38 39 41 44 45 48 45 46 45 48 49 50 50 52 50 46 51 49 51 52 50 51 54 52 54 65 91 92 62 53 68 84 101 128 87 83 108 109 96 100 110 97 85 93 96 104 101 100 106 105 113 123 140 144 140 144 138 127 128 125 129 138 142 122 133 169 189 193 233 247 248 245 249 243 222 203 177 181 145 131 134 137 121 129 132 133 122 96 77 71 70 65 65 65 
33 34 32 31 30 26 27 26 27 29 29 31 30 30 31 32 33 36 38 37 38 39 40 39 41 43 47 44 47 51 62 95 81 63 53 65 85 108 145 138 128 110 137 146 124 110 133 128 114 110 108 115 117 114 112 126 136 140 146 154 142 136 137 125 125 132 142 140 129 117 133 174 206 229 236 243 235 230 195 218 204 171 142 128 140 131 138 141 141 141 113 86 82 81 71 69 68 71 69 69 
33 36 38 39 42 43 44 46 43 42 42 43 42 43 43 41 41 39 37 39 39 38 38 38 38 38 39 37 38 52 99 75 60 56 73 90 115 137 156 155 154 152 147 162 138 107 127 145 119 113 134 121 119 137 139 136 142 139 137 138 135 129 134 138 135 142 137 136 131 129 151 180 211 218 205 210 213 181 184 175 191 180 140 133 134 134 143 146 134 106 77 64 72 70 65 72 72 72 76 72 
33 32 31 32 34 35 35 36 36 38 40 42 43 42 42 45 45 43 44 47 45 47 46 48 49 50 53 56 63 110 82 69 63 67 92 127 154 157 142 167 167 172 184 178 146 119 112 100 105 123 137 140 130 135 140 135 139 128 131 127 141 135 142 149 139 139 141 139 140 147 155 137 178 188 161 158 189 169 174 184 172 189 187 142 132 124 126 118 111 75 61 57 68 69 67 70 72 74 82 81 
33 33 33 32 36 38 36 34 34 34 37 37 38 40 40 39 39 39 41 40 40 42 41 43 42 43 46 55 109 119 73 70 74 84 128 157 174 165 149 144 145 150 148 133 112 91 88 80 89 93 102 129 140 133 131 134 134 137 137 140 137 141 141 142 146 139 141 126 120 129 143 111 138 173 162 139 143 177 145 183 168 156 178 182 136 109 92 85 72 80 60 57 69 66 69 74 82 84 89 91 
33 34 35 34 37 37 38 38 37 37 39 41 40 40 41 40 41 41 41 43 41 41 42 44 45 45 52 77 140 89 72 79 85 110 150 161 152 140 124 110 104 92 84 72 55 54 57 63 68 75 79 80 105 134 138 142 135 130 120 118 129 121 113 113 120 109 122 106 107 116 124 107 121 157 158 131 114 139 153 133 180 149 138 159 171 116 73 65 65 72 64 61 76 68 72 81 89 99 100 101 
24 23 25 23 23 25 28 30 30 32 35 37 38 38 39 39 41 43 42 44 45 44 42 43 45 46 65 93 145 104 82 78 89 99 106 112 104 107 99 73 53 42 26 24 33 37 51 50 59 68 73 72 80 86 101 99 98 93 82 81 81 76 86 92 99 98 108 94 99 105 113 112 122 131 153 140 110 117 141 134 121 167 127 110 136 146 106 64 62 69 67 65 81 85 89 96 100 101 101 105 
32 32 35 36 37 36 31 32 32 30 30 32 33 31 30 30 29 27 30 28 29 29 28 30 33 37 61 82 116 133 111 104 99 101 87 81 68 50 38 33 34 33 30 27 28 37 43 48 47 60 61 64 71 77 72 68 69 65 74 74 75 76 79 88 88 90 93 85 94 101 109 112 115 111 133 152 123 114 114 149 117 119 159 118 81 105 139 111 68 69 73 70 91 101 101 102 109 102 100 110 
20 22 24 25 26 30 31 31 30 31 32 36 38 39 39 40 43 39 42 43 42 42 45 43 44 50 53 62 65 65 62 65 57 52 57 51 52 49 48 54 51 49 42 30 30 31 39 44 44 48 49 54 63 70 65 58 55 56 60 68 72 76 76 79 82 87 88 86 92 95 106 110 114 112 108 144 129 109 103 110 143 112 111 144 94 68 89 128 120 71 72 77 88 106 111 106 112 119 112 120 
30 30 29 29 27 29 26 26 25 22 22 21 23 22 23 24 25 27 29 27 29 32 34 32 35 36 39 39 38 36 40 38 40 38 45 38 39 38 37 38 36 36 33 29 28 27 27 35 37 47 51 49 58 56 55 51 55 69 62 64 64 59 71 71 69 78 72 82 87 92 101 108 108 103 99 117 140 108 101 99 106 134 104 93 125 82 69 79 114 114 84 84 85 97 117 112 114 125 129 144 
28 26 26 27 31 32 33 32 35 34 36 36 38 38 37 37 38 39 38 37 34 34 36 36 35 34 35 36 35 36 38 35 38 38 40 38 39 39 40 40 39 39 39 36 26 24 27 34 33 33 43 54 57 52 54 54 61 59 58 66 55 59 62 64 61 69 67 67 71 79 81 98 106 91 101 105 126 123 98 84 84 95 114 91 67 110 88 77 81 101 112 98 85 95 110 118 121 131 148 158 
23 24 20 25 26 27 29 27 28 27 27 27 28 31 31 34 35 34 34 34 37 38 38 40 40 39 41 43 43 45 43 36 37 35 32 28 27 23 24 27 19 24 26 27 14 20 32 26 32 30 42 57 70 57 54 55 60 62 57 58 60 51 53 54 51 55 63 63 64 68 59 68 83 86 95 103 103 127 103 92 76 79 77 102 88 60 101 99 88 80 90 110 103 99 109 116 128 139 165 174 
20 22 26 24 27 29 30 28 29 29 30 30 30 31 30 31 34 32 31 30 31 31 32 33 33 34 37 36 32 22 18 25 25 24 23 24 28 17 26 29 21 27 27 24 5 11 24 29 29 32 41 53 53 57 60 64 61 68 59 49 52 52 51 53 45 43 46 57 55 65 55 51 61 66 69 74 74 91 110 83 77 75 74 77 94 96 81 105 99 80 85 106 124 124 134 144 147 158 172 177 
19 17 18 15 16 17 18 19 18 19 22 24 24 23 24 27 29 30 31 31 33 33 35 35 35 36 36 29 15 20 28 17 21 22 21 22 26 19 26 28 24 23 29 25 8 5 15 26 30 31 32 40 38 46 56 61 63 67 58 52 45 55 56 50 44 39 41 47 49 50 53 47 47 49 50 52 57 54 80 69 54 60 56 60 57 64 91 89 99 126 139 143 155 150 152 153 159 158 157 156 
