114 115 113 111 113 113 110 112 110 110 109 107 110 110 110 110 113 112 107 107 97 94 90 102 107 108 111 109 106 108 107 107 104 105 107 107 109 106 103 102 104 103 107 105 105 103 101 100 100 103 103 103 101 104 102 101 108 105 104 102 103 100 102 102 101 101 98 101 100 101 99 99 99 100 99 102 101 102 101 101 102 101 98 93 107 124 137 147 155 158 127 118 129 136 141 144 147 149 153 152 
114 112 111 110 111 113 111 114 112 113 110 108 109 109 110 110 108 109 108 108 118 104 104 106 110 110 107 106 106 105 108 107 107 105 107 106 105 103 104 104 105 106 105 104 102 104 102 100 100 102 102 100 102 105 103 102 102 103 101 102 102 102 104 102 101 102 100 103 100 99 101 100 100 100 99 102 100 101 102 107 104 101 98 90 109 126 137 149 157 160 126 119 130 136 140 142 145 148 152 151 
114 114 114 111 112 112 111 111 113 116 110 112 111 111 112 114 111 111 110 111 110 108 108 106 106 106 106 103 104 104 105 102 106 104 104 102 104 102 101 101 101 101 100 98 97 96 92 93 94 95 94 92 96 96 98 98 99 97 98 98 100 98 98 98 96 95 95 96 94 94 95 93 96 93 94 93 94 95 93 95 95 94 91 91 111 127 138 149 158 160 126 119 130 135 136 141 144 145 149 149 
109 108 110 110 108 108 107 108 107 106 105 104 105 104 102 102 102 103 102 101 100 100 101 100 100 101 100 98 99 98 100 99 97 97 97 98 98 98 98 98 97 96 95 94 94 91 89 90 90 91 92 91 91 91 92 94 93 94 95 95 96 96 95 94 93 96 96 93 93 92 93 92 93 92 93 95 94 94 93 93 91 91 89 94 114 126 139 148 155 159 128 117 126 134 137 142 142 142 149 151 
107 107 107 105 104 105 106 104 104 103 104 101 103 103 103 102 103 103 102 101 100 100 99 97 97 96 95 93 93 92 91 91 90 90 88 88 88 87 87 86 86 84 82 80 81 80 77 77 77 79 77 78 79 77 77 78 78 77 77 78 77 76 74 74 75 75 74 73 72 73 74 75 72 74 73 73 74 74 75 75 73 75 77 98 115 126 139 148 155 157 128 116 124 133 135 140 143 145 149 153 
90 89 89 88 88 87 86 85 86 85 82 82 81 82 80 79 79 79 78 77 78 79 81 81 81 81 81 80 81 81 82 83 84 85 85 86 86 87 88 87 88 88 90 91 91 92 93 93 95 96 96 97 97 99 100 101 99 99 99 101 103 103 103 104 105 105 107 108 109 110 110 110 112 112 113 114 115 116 117 116 118 118 101 103 118 127 136 147 154 157 125 115 126 132 135 139 143 147 152 156 
110 111 111 112 111 111 114 113 114 115 114 116 116 115 114 115 117 116 116 115 117 118 118 118 120 120 120 119 119 118 120 120 119 119 118 119 120 120 121 120 121 120 121 122 121 122 120 120 121 121 120 121 121 121 121 120 122 121 120 120 120 118 118 119 119 119 120 119 119 120 120 120 119 119 119 119 119 120 118 118 119 118 97 102 117 130 138 146 152 154 126 114 124 130 134 139 145 147 152 153 
132 131 130 130 129 128 130 128 128 129 128 127 126 125 126 126 126 125 125 125 125 124 122 123 123 124 124 122 121 120 120 121 121 120 119 119 119 119 119 121 121 121 123 123 123 123 124 126 128 129 126 121 121 119 119 118 117 117 116 116 117 117 116 113 110 109 110 110 112 111 109 109 109 109 108 109 110 111 109 110 108 106 91 106 119 131 139 146 151 156 132 114 123 130 135 140 145 145 139 128 
124 124 122 122 122 120 119 119 116 119 117 116 116 116 115 115 114 113 112 112 113 111 112 111 109 109 109 108 107 107 108 108 107 107 108 108 110 110 110 110 108 109 110 111 113 114 115 116 119 119 118 117 114 113 114 113 115 115 115 115 115 116 116 115 116 116 116 116 116 116 116 115 115 116 117 117 117 118 118 118 118 112 92 106 119 131 138 144 151 155 132 113 122 129 136 137 130 118 108 102 
123 123 123 122 122 122 123 123 122 122 122 122 123 123 122 122 123 121 122 123 121 121 122 121 120 120 120 120 120 120 122 122 121 122 122 121 122 121 121 121 122 121 123 123 125 127 127 127 129 127 125 124 121 120 120 120 118 116 115 116 112 112 110 110 108 109 108 110 108 106 105 105 107 108 108 107 108 110 112 104 96 89 88 106 121 132 140 144 149 155 133 112 120 126 126 113 103 99 103 101 
123 121 121 121 120 119 118 117 116 112 112 111 110 108 107 106 104 103 102 100 99 98 98 95 95 94 92 93 90 93 94 91 92 91 90 88 88 88 92 92 92 93 93 90 90 90 93 92 94 92 93 93 90 91 92 93 94 101 101 101 101 101 98 100 100 102 98 103 102 101 100 104 105 106 103 103 105 106 105 107 103 89 90 107 121 131 140 142 144 153 136 112 119 115 106 102 100 102 99 101 
103 102 102 100 99 103 100 101 101 100 98 99 99 99 98 98 98 98 98 98 97 99 99 101 100 99 102 100 101 103 104 102 105 103 101 100 102 103 104 107 106 106 106 106 106 105 107 105 108 106 106 106 103 102 102 103 102 104 103 101 101 99 99 98 100 101 100 101 102 101 102 103 104 104 105 103 102 102 103 104 102 85 90 105 118 129 139 144 148 151 133 109 109 102 100 100 99 100 98 98 
113 113 115 113 112 112 114 113 113 110 112 110 111 108 108 109 108 107 106 109 107 108 109 109 109 108 107 106 108 107 109 107 105 105 103 105 103 103 104 106 105 104 107 106 104 106 104 105 105 106 107 105 104 103 107 106 104 104 102 99 99 94 92 95 97 100 101 104 105 106 105 107 107 109 108 107 108 107 109 109 105 87 92 105 116 127 137 141 145 151 138 108 102 100 102 98 96 98 100 105 
116 117 115 116 115 116 114 114 116 114 115 113 112 111 112 112 111 110 109 111 111 110 111 110 110 110 110 109 111 110 111 108 108 107 109 109 109 108 109 110 111 108 108 110 108 108 109 108 112 112 111 110 109 112 110 108 106 105 104 101 96 93 90 92 97 102 102 104 107 107 110 109 110 111 111 110 110 111 109 111 107 88 98 107 118 127 134 140 145 149 133 102 100 100 98 98 101 104 106 105 
120 121 119 120 120 118 120 120 118 119 118 118 116 115 116 115 116 116 114 117 115 115 115 116 116 115 114 115 115 115 114 115 113 112 114 114 115 112 114 114 114 113 115 113 113 110 117 143 157 136 115 106 113 110 112 107 106 107 101 97 93 91 89 92 94 97 99 101 105 109 110 112 112 112 113 112 115 114 114 113 106 87 99 111 118 127 132 140 142 145 116 98 99 101 106 107 104 105 104 99 
122 123 121 121 124 122 121 121 120 121 122 121 119 120 119 119 118 118 119 119 119 118 120 117 118 120 118 117 117 118 118 119 120 118 114 114 115 113 116 117 118 116 115 114 118 143 168 182 180 165 137 117 109 111 107 106 104 101 97 92 87 85 81 84 88 90 94 98 102 107 113 115 114 116 114 115 115 115 117 113 104 88 102 113 116 122 130 137 138 140 105 97 102 106 105 105 100 96 97 97 
126 124 124 123 124 124 122 123 121 123 122 122 121 123 120 121 120 120 121 120 119 120 120 119 118 120 120 120 118 118 117 120 121 120 120 114 108 109 114 118 118 119 125 138 175 200 203 205 191 175 134 135 123 127 118 103 96 94 94 88 80 74 72 71 75 80 85 90 95 105 111 113 114 114 116 115 114 116 114 114 103 89 103 111 114 119 123 129 129 128 108 107 107 104 101 99 98 98 96 100 
124 123 123 122 123 123 122 123 122 122 122 122 121 122 120 118 119 121 121 120 119 121 119 119 120 120 118 119 121 119 115 119 126 135 141 131 122 128 136 140 140 151 155 169 184 197 204 198 176 148 115 146 175 161 135 110 90 88 80 75 69 67 62 62 65 71 75 79 87 98 106 110 113 116 114 115 115 116 117 115 97 92 103 109 110 110 114 117 118 120 125 130 122 121 110 105 106 103 102 103 
123 123 124 123 123 121 123 120 121 122 124 120 121 122 121 121 120 121 120 121 120 121 121 121 119 119 119 117 118 119 122 125 133 146 150 144 140 139 126 125 125 123 130 124 131 151 176 161 147 145 151 180 192 184 154 119 82 81 77 69 66 64 62 59 62 62 65 71 80 91 101 105 110 113 114 115 115 115 116 116 99 98 108 109 107 97 102 107 114 123 134 146 149 145 130 129 130 120 113 123 
123 125 123 122 122 120 124 122 121 119 122 120 121 120 119 118 119 121 118 118 120 119 119 119 118 119 118 118 118 116 130 136 132 119 111 107 111 104 105 122 120 120 114 109 115 115 113 103 123 127 158 190 184 192 169 139 96 74 70 64 67 66 63 62 61 60 60 64 70 82 94 100 107 112 113 116 114 115 117 113 104 97 115 110 102 99 111 117 120 143 149 156 160 163 162 165 160 154 162 174 
125 125 125 123 123 122 122 124 122 121 121 121 119 122 120 120 120 119 120 122 118 119 119 119 120 119 118 117 113 123 132 115 93 82 89 97 97 101 107 108 112 118 118 111 98 83 75 83 96 99 100 125 160 176 174 156 132 132 100 72 64 62 62 61 62 60 61 62 66 75 83 90 100 110 113 116 114 117 116 115 112 104 115 106 100 108 129 128 150 175 177 182 182 183 184 184 186 191 193 200 
124 124 125 124 122 122 122 122 121 121 121 121 120 121 118 119 119 119 119 119 119 117 119 117 118 116 112 109 102 99 89 82 84 76 70 78 84 90 96 107 109 105 91 74 60 63 74 85 83 76 74 83 92 109 151 164 144 154 146 89 65 60 58 60 59 59 59 62 64 69 75 83 93 106 112 113 114 116 112 113 108 122 122 107 81 117 151 163 182 191 190 190 191 195 195 197 199 202 205 209 
124 123 123 123 122 122 122 120 123 121 120 120 120 120 118 119 117 117 116 116 115 114 116 116 113 108 96 88 78 74 76 81 78 62 48 52 66 76 87 93 93 87 74 53 54 61 66 72 71 66 65 67 76 84 99 134 147 159 162 124 72 62 60 59 61 63 65 61 60 63 67 75 90 104 110 114 114 118 110 122 111 123 128 106 89 128 164 184 196 202 202 205 201 204 207 209 211 211 211 212 
122 122 122 123 123 122 122 121 123 121 121 120 120 119 118 119 118 116 112 108 103 108 109 107 101 91 76 72 77 79 75 72 59 50 48 49 55 63 63 69 82 82 60 59 63 61 59 68 67 57 60 57 65 70 83 104 143 163 169 156 95 72 66 66 66 62 61 59 59 63 65 75 85 100 111 120 120 132 133 143 120 119 135 118 93 143 185 197 206 211 213 218 212 212 213 216 214 214 214 216 
123 122 122 122 122 121 120 122 124 120 117 113 110 108 105 107 107 102 96 90 87 89 82 79 78 72 72 70 70 58 55 52 47 45 44 42 39 29 36 70 67 100 47 62 67 60 59 60 63 53 59 57 71 72 72 105 140 169 172 167 105 70 66 63 64 60 64 65 64 63 72 83 83 101 120 135 140 149 162 163 142 117 130 124 111 135 186 200 208 214 216 219 214 212 214 215 214 214 215 216 
123 124 122 122 122 120 121 123 119 104 90 80 76 74 73 77 82 86 82 83 84 72 73 71 74 73 75 68 57 45 41 41 45 45 51 50 39 58 111 129 107 53 37 56 50 52 50 55 55 54 65 60 78 84 101 105 141 179 177 169 108 79 69 70 68 68 72 77 80 77 104 100 104 130 140 149 148 161 171 181 173 147 134 133 117 140 187 201 211 215 216 222 215 211 213 212 211 211 212 214 
124 123 123 122 124 123 122 118 86 59 54 54 54 59 63 63 65 74 76 75 69 61 64 72 72 69 70 61 54 45 43 44 43 49 57 57 44 79 73 77 116 128 56 45 47 53 49 46 46 52 68 65 80 91 97 116 158 187 181 167 112 76 69 75 82 85 111 123 117 121 150 143 148 157 156 158 161 168 177 187 186 178 156 123 121 137 184 204 212 214 212 211 214 209 210 211 210 209 209 210 
122 121 121 121 124 122 122 97 50 47 49 49 54 56 59 59 64 71 76 74 75 67 69 71 71 66 56 53 45 42 42 39 45 53 63 63 54 30 19 21 40 105 77 47 46 49 50 49 53 61 68 76 82 92 103 130 170 182 177 150 91 82 87 121 138 146 165 169 170 178 180 180 178 181 174 181 178 179 182 185 185 194 182 156 124 133 176 198 208 211 208 205 205 206 208 210 210 209 207 203 
123 122 120 120 120 121 120 82 49 48 48 50 54 54 56 60 68 72 74 73 78 83 75 77 75 57 47 43 42 36 34 42 56 62 70 67 64 68 58 38 28 57 46 45 42 44 51 53 53 57 65 69 82 93 111 149 181 180 168 130 108 123 146 176 172 179 185 184 187 187 185 186 188 191 192 195 189 189 190 191 186 195 200 179 151 138 159 188 204 209 206 207 205 205 207 209 207 204 202 198 
122 123 122 122 120 121 119 95 60 52 47 48 53 53 55 60 65 73 72 80 80 84 89 86 69 51 42 41 37 37 39 42 52 61 67 74 78 69 146 85 56 48 43 42 42 46 50 54 52 56 61 71 75 84 115 163 179 179 164 134 155 162 173 182 185 192 193 197 195 195 192 187 192 198 199 198 188 193 192 197 193 197 199 193 181 165 155 173 197 205 206 206 204 203 203 202 199 199 197 196 
122 121 121 121 121 120 121 117 76 54 47 49 53 54 55 55 61 67 74 88 82 85 84 71 61 43 42 40 37 36 40 42 53 61 65 66 69 57 57 55 49 43 44 45 46 50 53 59 53 62 61 65 79 65 102 147 181 182 170 155 177 173 181 189 192 193 199 201 205 199 197 198 200 202 203 199 195 197 199 201 202 205 206 205 204 196 177 169 185 196 200 201 199 197 194 191 191 195 192 192 
122 123 123 122 121 122 120 121 108 71 52 50 56 55 53 53 58 62 72 79 70 61 53 53 49 44 44 42 39 36 40 44 51 61 60 64 59 46 50 53 45 47 46 46 46 57 58 53 55 63 54 58 68 69 93 136 178 183 169 164 192 187 189 190 197 197 202 204 205 203 204 205 205 206 209 206 204 204 204 202 204 204 206 201 203 201 196 176 173 182 190 195 194 189 186 182 179 183 184 189 
122 122 122 120 121 122 119 120 115 101 67 54 45 39 36 36 36 42 43 44 39 40 49 53 49 43 50 45 41 41 37 42 55 63 62 78 59 42 46 52 49 52 52 48 54 57 63 51 54 57 57 59 56 73 88 140 176 184 175 184 197 192 193 197 202 205 207 207 208 210 209 209 211 211 214 212 212 214 208 203 205 207 207 203 205 212 203 194 178 169 168 174 178 173 177 166 163 162 169 162 
121 121 121 119 122 120 121 117 114 89 56 46 40 36 31 26 25 27 34 39 39 38 36 52 50 46 62 50 44 41 39 42 52 64 80 83 55 43 41 45 54 55 57 54 61 55 58 47 48 47 52 56 57 76 92 147 184 186 176 192 197 192 198 200 205 209 210 211 215 217 214 215 217 216 218 221 220 218 218 214 208 211 213 210 210 211 209 201 191 175 157 145 133 125 130 124 118 117 120 121 
121 121 118 115 114 112 115 118 129 101 88 78 61 51 48 43 44 47 51 54 50 48 40 49 52 57 62 47 48 48 44 42 54 66 70 51 45 45 42 42 58 56 56 56 62 61 52 44 47 48 54 55 61 73 100 146 183 189 181 195 201 203 204 206 209 213 215 216 220 219 220 222 223 221 221 221 222 223 223 217 210 215 217 211 208 209 205 199 193 188 160 128 115 116 118 117 117 117 116 118 
121 122 119 120 117 116 119 124 139 126 114 98 82 63 64 60 64 70 73 66 66 68 52 63 59 74 88 58 60 53 51 45 54 58 58 49 48 49 44 44 46 53 59 62 56 58 51 42 51 49 52 55 61 70 105 147 184 186 184 199 205 204 206 210 211 216 219 220 222 223 225 226 224 224 226 224 225 225 225 218 215 220 217 212 211 210 205 194 191 181 138 116 115 117 118 120 118 116 118 120 
120 120 119 122 120 97 97 106 137 123 120 117 94 76 76 84 86 92 87 88 78 77 82 76 68 78 104 58 42 45 47 50 50 55 54 43 46 49 44 42 37 55 60 59 57 56 53 44 51 51 58 52 52 66 94 130 175 185 182 201 207 207 209 210 213 216 221 222 223 225 225 225 226 226 227 224 226 227 226 220 222 219 217 214 211 210 202 192 182 165 127 114 114 118 119 121 120 119 121 121 
123 122 120 122 119 64 81 91 124 120 117 129 117 92 91 97 97 104 106 102 90 76 79 73 49 63 100 89 54 44 43 50 56 58 53 45 45 52 49 45 42 45 51 53 55 55 55 42 46 52 57 53 49 53 72 111 148 177 182 196 204 207 209 212 215 219 222 223 223 224 226 228 230 229 227 224 228 228 223 223 224 220 217 212 212 208 202 194 180 158 131 121 116 118 122 124 123 121 122 120 
122 121 118 121 120 69 98 110 108 130 114 126 127 101 97 101 105 115 118 111 99 96 120 97 73 97 124 101 62 52 52 53 50 54 47 41 44 47 48 47 44 38 42 49 51 46 54 46 45 57 58 51 42 50 67 87 129 167 179 192 200 208 213 212 217 220 223 225 227 228 230 231 231 230 228 225 227 227 224 223 225 221 219 213 212 206 203 199 189 158 133 121 118 121 122 121 120 117 118 117 
123 121 118 122 121 64 99 109 38 88 114 111 126 111 98 103 107 117 129 138 130 117 137 133 133 139 139 115 72 54 54 48 49 48 43 37 46 42 43 45 38 33 39 42 44 50 57 50 43 56 60 57 42 41 60 74 113 152 178 190 200 209 213 214 219 220 221 227 231 233 232 232 232 232 230 228 227 228 225 225 226 222 219 218 212 209 206 201 189 164 135 121 120 123 122 121 119 118 117 117 
121 121 120 122 122 53 89 111 35 39 106 104 116 120 108 103 105 123 135 155 155 140 135 125 137 150 129 83 45 39 37 40 48 41 40 41 43 40 37 44 40 35 41 50 49 51 52 53 46 51 57 47 48 43 52 62 89 136 175 190 200 207 211 213 219 220 221 225 229 231 233 233 235 234 231 229 228 227 224 224 223 220 216 215 213 208 205 202 192 174 142 123 118 122 123 120 118 118 115 116 
120 121 121 121 123 53 97 113 36 27 51 108 105 112 110 101 100 118 141 152 143 132 110 100 100 137 129 87 46 35 32 37 54 42 42 42 41 42 41 40 43 38 40 45 57 50 48 46 44 50 44 50 46 52 51 55 83 141 178 192 203 208 209 215 217 218 222 224 227 232 234 234 237 236 233 231 229 226 225 224 222 221 216 214 215 210 207 203 195 179 149 125 120 121 123 123 121 117 117 116 
121 122 120 120 124 63 92 119 32 24 27 46 102 102 104 91 90 114 134 148 153 121 109 99 68 98 90 66 54 43 44 45 54 43 42 43 44 49 44 38 39 41 38 43 63 55 38 38 42 46 41 42 45 53 58 63 87 146 178 193 202 209 213 215 216 219 222 223 226 231 235 236 237 236 234 233 231 230 228 226 224 220 216 215 214 211 208 205 193 178 150 127 120 120 122 122 120 117 118 116 
121 123 120 120 125 83 98 123 32 24 23 26 41 83 89 82 81 98 117 134 151 130 91 106 83 88 64 56 66 67 71 69 45 41 43 44 46 48 44 40 41 44 42 49 50 54 47 40 40 41 40 43 40 48 55 61 90 148 181 196 205 208 213 216 218 219 222 223 226 230 234 237 237 236 235 235 233 231 228 225 224 218 218 217 214 212 209 206 196 185 154 122 119 121 123 121 120 121 117 113 
121 122 121 120 127 99 108 125 34 26 24 24 26 34 55 69 69 65 82 109 129 140 103 74 59 57 48 50 55 76 78 65 44 45 45 45 45 49 49 44 40 42 41 47 44 39 43 45 45 40 42 43 44 46 52 67 107 163 186 198 205 206 214 216 217 221 224 224 228 229 233 237 239 238 238 236 234 233 229 224 223 219 220 219 214 213 210 206 197 184 154 123 120 122 124 123 120 118 115 115 
119 121 121 120 125 87 106 118 36 29 26 25 24 26 31 43 62 61 62 68 89 94 85 50 39 37 52 57 52 52 60 56 48 51 48 42 42 49 50 46 42 41 40 46 44 36 39 41 42 47 43 42 46 45 53 66 115 167 189 200 207 211 215 216 218 220 223 225 228 231 232 234 236 237 238 238 234 231 231 225 223 218 221 221 214 211 211 206 199 183 147 121 122 124 122 121 121 119 117 115 
120 121 120 119 124 80 105 121 36 26 26 25 26 27 29 36 44 41 48 64 76 85 72 93 68 60 71 60 30 40 54 56 51 48 45 43 44 46 52 47 45 39 39 44 42 41 38 42 42 45 45 44 48 49 59 67 111 160 188 203 209 210 213 218 220 220 220 223 227 229 230 235 237 237 238 237 234 230 229 227 222 220 220 220 215 212 213 209 200 185 157 123 124 123 122 120 119 118 116 115 
119 119 118 117 122 74 102 117 36 24 26 26 26 28 27 28 47 52 41 49 62 76 77 62 53 59 55 38 29 39 49 52 52 49 46 44 45 47 47 46 45 44 39 44 43 45 44 44 44 54 46 45 53 57 67 75 109 160 189 200 207 210 215 217 218 219 221 225 227 229 230 234 237 237 238 237 236 232 229 225 222 219 217 219 219 217 213 211 202 191 160 126 125 126 123 120 117 117 115 115 
120 120 117 118 122 73 101 112 37 23 25 25 25 27 24 26 34 59 59 43 39 38 40 36 36 31 27 27 28 39 48 48 54 53 51 46 44 45 48 47 52 46 42 46 43 40 43 43 46 59 47 47 53 55 70 88 128 175 188 199 204 210 216 221 221 220 220 223 225 226 231 235 236 236 237 237 236 233 231 222 221 217 214 217 220 218 215 212 206 194 168 127 125 126 122 121 118 117 114 113 
118 119 116 117 121 73 98 109 41 22 23 23 25 27 25 26 29 38 61 59 52 48 35 34 44 38 31 29 34 38 49 56 56 54 53 54 48 45 44 48 52 50 49 50 47 47 45 46 49 51 53 51 56 61 73 103 142 176 192 198 200 208 215 217 222 221 219 222 225 227 230 232 234 236 237 237 235 232 230 225 224 218 215 216 214 217 213 209 205 193 171 133 123 125 122 121 119 118 116 114 
121 117 114 117 121 71 95 107 41 22 24 25 24 26 24 24 26 28 44 69 59 48 34 31 39 37 35 38 54 65 59 62 60 58 53 54 52 51 43 45 49 49 50 46 49 49 46 51 54 48 52 54 60 72 82 112 149 175 189 194 199 209 214 214 217 219 221 222 224 227 229 231 234 235 236 237 235 231 229 229 224 219 219 219 217 217 213 208 206 189 160 130 124 124 122 121 118 117 117 114 
119 118 117 118 120 70 93 105 41 23 23 23 24 24 25 25 25 26 28 57 81 66 45 32 29 31 35 35 57 69 70 68 62 52 54 53 56 54 50 45 48 44 49 48 49 49 48 51 54 54 52 56 63 80 96 130 153 176 184 193 203 206 212 211 216 218 221 222 224 225 227 230 234 235 235 234 232 228 228 228 222 219 218 215 213 214 211 210 203 186 154 130 124 123 124 120 117 118 116 117 
119 116 116 117 119 70 93 103 41 22 23 22 24 25 24 25 25 24 24 39 60 89 70 52 39 29 29 32 54 65 67 58 53 52 51 47 52 55 56 51 50 49 55 49 46 49 53 59 58 56 60 65 77 103 130 158 169 184 194 200 205 204 206 211 216 218 218 220 223 225 228 231 232 234 235 233 231 229 228 228 223 218 216 215 210 210 210 207 203 186 150 126 125 125 124 122 120 119 117 119 
118 118 117 116 118 67 94 101 41 22 22 23 23 23 24 24 25 23 24 27 36 72 86 73 54 40 35 32 41 51 52 46 55 52 40 36 45 56 58 54 55 53 53 48 49 50 53 56 59 65 65 76 97 139 161 172 188 197 198 200 199 201 206 211 216 217 218 220 224 228 231 232 233 233 233 233 232 230 228 225 222 220 214 212 206 208 208 202 197 186 154 127 126 125 123 122 122 121 118 117 
119 118 116 117 117 66 93 101 42 22 21 22 25 22 22 23 24 26 25 24 30 44 68 81 66 55 45 38 37 36 40 40 45 41 37 36 47 64 63 58 57 61 52 48 52 49 54 55 65 75 86 94 121 154 171 183 191 195 194 196 198 203 205 208 211 214 218 221 224 228 231 232 233 233 233 234 231 230 228 224 224 221 215 211 208 208 208 204 200 190 155 129 127 126 124 122 119 118 117 118 
119 116 115 116 119 67 91 100 44 23 22 23 24 23 25 25 24 26 25 24 26 32 44 68 73 77 70 56 50 44 44 41 41 41 41 41 47 64 68 61 66 59 57 49 53 55 62 68 83 93 109 123 137 158 168 182 188 188 192 197 204 206 206 207 210 214 217 220 223 227 227 229 232 233 233 232 231 229 227 226 224 220 214 213 211 207 206 206 201 185 153 130 125 124 124 121 120 119 117 116 
116 116 114 115 118 66 90 99 41 23 23 23 22 23 24 23 24 23 23 25 28 25 30 42 54 64 72 67 71 65 57 50 47 44 43 42 40 51 61 73 69 59 63 57 58 67 72 82 90 101 125 141 150 159 172 181 185 190 198 204 207 207 208 207 209 214 216 219 224 227 227 230 231 231 232 231 230 229 228 227 223 218 213 215 212 205 202 200 195 178 149 126 125 122 119 120 120 120 118 117 
116 116 114 115 118 69 90 97 39 24 23 23 22 22 23 22 23 23 24 25 25 23 25 28 38 54 59 57 63 60 61 56 58 52 51 49 48 46 53 78 74 76 76 83 84 91 88 99 103 113 130 153 152 159 171 180 183 192 200 205 206 206 208 207 210 214 216 220 222 225 227 229 231 231 232 231 231 229 227 225 223 216 211 211 208 203 199 195 188 171 144 125 124 122 119 120 120 120 118 119 
115 115 114 114 118 68 89 96 40 24 23 22 23 23 21 21 23 24 24 25 23 22 22 24 30 37 46 55 56 56 48 49 52 52 52 54 50 48 51 62 70 101 108 115 108 100 110 105 113 109 142 146 137 153 167 176 180 191 197 202 203 206 208 208 211 215 217 221 223 223 227 229 230 229 230 232 230 228 228 226 223 215 206 205 203 199 196 190 182 156 131 127 125 123 121 119 118 119 119 117 
114 114 116 114 118 68 88 97 43 24 23 22 23 23 23 23 23 24 24 23 24 23 22 23 24 29 43 41 49 57 54 46 46 50 46 47 48 52 55 52 67 91 109 105 95 99 87 92 108 119 128 110 123 152 162 171 178 186 194 200 201 204 207 208 212 217 219 221 222 223 227 229 231 230 229 229 228 227 226 224 222 215 207 204 205 200 196 188 174 146 125 125 123 122 120 120 119 121 118 118 
114 112 114 113 116 68 87 95 45 19 22 22 23 23 23 24 24 22 24 24 24 24 23 23 23 25 28 31 32 46 51 50 52 54 47 51 49 50 54 51 64 82 89 91 78 83 76 87 86 109 97 101 125 143 152 166 178 180 194 199 201 203 208 210 212 218 219 220 221 224 227 229 231 230 230 229 229 229 230 226 222 216 207 204 202 199 193 185 168 136 124 122 124 121 120 120 120 118 117 116 
112 115 115 113 115 69 86 95 45 21 22 22 22 23 21 22 21 22 22 23 23 22 21 23 23 21 23 24 27 34 37 44 47 52 47 59 54 57 53 55 57 71 81 80 81 78 66 85 80 107 97 104 113 134 125 160 170 169 190 198 201 207 210 213 215 218 219 220 224 228 229 229 230 228 228 226 226 226 225 224 221 216 208 204 198 193 190 184 166 133 118 123 124 122 122 122 122 120 118 117 
113 114 115 113 116 70 85 93 45 21 22 22 22 22 21 21 22 22 21 22 24 24 22 22 21 21 23 24 26 29 30 29 32 40 40 44 46 57 52 55 58 65 70 85 69 74 69 75 75 95 102 110 105 119 109 149 157 163 187 197 200 211 214 215 218 219 221 223 227 229 230 230 230 227 227 226 225 225 223 221 218 214 209 205 198 193 190 186 165 132 118 122 123 122 120 119 120 119 119 117 
113 112 113 112 116 71 88 93 46 20 22 21 21 22 22 20 21 21 21 23 23 22 23 22 22 23 23 25 24 28 27 26 29 30 30 30 33 46 41 42 55 59 63 77 72 63 70 59 52 67 89 93 99 105 97 136 140 160 185 197 204 211 219 219 219 219 221 225 227 228 226 228 229 227 225 225 225 224 224 220 216 213 210 204 200 193 189 183 168 132 117 121 122 122 121 120 119 119 119 118 
113 114 113 111 116 71 86 94 44 20 22 21 23 23 21 21 21 20 20 22 22 23 23 22 23 23 23 23 24 27 25 25 25 25 28 25 26 29 31 31 38 40 46 53 52 53 57 53 51 58 67 73 74 81 93 124 121 149 179 196 207 212 219 220 219 219 220 224 224 226 225 225 225 225 226 226 223 219 218 219 217 213 209 205 202 195 183 177 167 135 118 122 123 122 121 120 119 120 119 120 
113 115 114 112 115 72 85 92 47 20 23 22 21 21 19 19 19 21 21 20 21 22 22 22 22 23 23 23 23 27 26 24 24 25 26 25 26 26 25 26 28 28 33 35 32 38 35 34 38 54 55 59 68 65 87 107 114 142 172 187 200 205 213 216 218 219 220 220 222 223 221 221 221 223 222 222 218 216 215 215 212 212 211 207 204 196 180 176 167 139 119 121 122 122 121 120 120 120 118 118 
113 114 113 111 116 71 84 92 50 21 24 21 21 21 20 20 20 20 20 21 21 21 22 22 22 23 22 23 24 28 28 27 27 24 24 24 23 24 24 25 26 26 28 27 28 29 28 27 29 35 50 52 59 62 88 94 118 135 156 170 189 197 207 214 213 216 214 216 218 218 215 215 216 217 216 215 210 213 213 215 215 215 215 207 204 196 179 176 168 143 120 119 120 120 119 118 119 118 117 117 
111 112 112 111 116 73 83 93 51 22 21 21 21 20 20 19 19 20 19 20 21 22 20 21 21 21 21 23 22 26 28 27 26 25 24 26 26 26 24 25 25 25 25 26 26 27 26 26 28 32 36 46 53 59 84 94 117 138 129 158 181 187 202 209 208 213 211 211 213 208 208 207 208 211 211 207 205 205 207 208 212 214 212 207 204 197 185 177 167 146 124 121 120 119 119 118 118 118 116 116 
111 111 112 110 117 73 82 92 53 22 21 20 21 22 20 19 21 20 21 22 20 20 22 20 20 21 20 23 21 25 26 26 25 26 25 25 24 24 22 24 25 24 26 27 26 27 25 26 26 29 29 33 40 54 68 77 92 126 117 141 163 172 196 204 201 206 205 200 197 197 196 194 202 206 201 200 198 198 200 196 205 207 208 205 204 197 190 177 166 144 125 120 118 118 117 117 119 118 116 115 
113 112 111 110 115 70 80 91 51 21 21 21 22 22 19 20 21 21 20 20 21 20 21 23 22 20 21 20 22 25 25 26 25 26 24 21 22 22 23 24 24 23 25 23 24 25 24 23 25 25 25 28 28 34 48 53 66 87 91 125 143 150 182 195 192 194 196 191 189 189 189 188 196 196 194 190 191 188 194 193 199 200 199 203 202 198 192 179 166 139 125 120 118 117 117 116 118 117 116 116 
113 113 112 111 114 71 79 90 54 21 23 20 21 21 22 21 20 20 21 22 21 22 21 20 21 22 21 22 23 25 24 25 24 26 27 25 24 25 23 22 23 25 26 25 25 26 25 24 25 27 27 26 29 29 33 45 55 66 75 94 118 132 164 180 179 183 185 186 183 185 187 185 190 191 189 185 186 180 185 188 193 198 194 196 196 191 190 180 167 139 124 119 119 118 119 119 117 114 114 116 
113 111 111 111 114 72 80 89 53 19 22 20 21 21 19 21 20 19 20 20 21 20 21 21 21 22 20 20 21 25 25 22 24 25 26 24 24 25 23 22 23 24 24 24 24 25 24 24 26 26 29 26 29 28 29 27 37 44 55 72 93 120 152 164 170 171 173 175 175 179 180 181 185 183 183 178 176 176 180 185 187 190 191 188 192 188 180 176 164 135 121 118 116 118 119 119 118 115 114 113 
112 111 111 111 115 72 79 89 54 20 21 21 20 21 20 19 21 20 21 20 22 21 20 21 21 21 21 19 22 23 26 23 24 24 24 24 25 24 24 23 23 23 24 25 25 25 25 26 26 25 28 27 29 27 28 23 25 27 33 41 60 89 109 127 136 148 149 153 160 168 176 176 187 179 171 173 172 175 180 184 183 183 182 183 188 183 173 169 166 144 123 118 116 116 117 117 116 116 115 114 
112 111 111 110 113 73 78 90 53 19 22 20 20 20 20 20 19 20 20 20 19 20 21 20 21 21 21 20 21 23 24 23 23 24 23 24 25 24 24 24 23 23 24 23 25 24 24 26 26 26 27 26 27 27 25 23 25 26 27 28 33 45 51 60 70 96 118 131 143 151 163 166 172 170 165 163 166 170 177 179 183 177 178 180 184 176 169 167 164 151 126 119 117 115 114 116 114 115 115 115 
111 110 109 109 113 74 77 91 55 19 21 20 19 19 22 19 20 21 19 18 19 20 22 21 21 22 21 21 21 24 25 25 25 25 24 24 25 24 25 25 23 24 23 24 25 26 26 25 26 27 27 25 26 26 24 23 25 26 26 27 29 30 33 36 37 45 67 103 126 139 147 151 157 158 159 158 165 165 174 175 175 175 178 181 178 175 173 169 160 151 128 118 115 114 114 114 115 115 116 117 
111 111 110 108 113 73 77 90 56 20 19 19 21 21 21 20 19 20 19 20 20 19 20 21 21 20 20 20 20 24 23 23 23 24 25 25 24 27 25 24 24 24 25 24 24 24 24 25 26 26 25 26 27 25 23 22 25 24 24 25 28 27 26 30 31 35 40 55 87 119 130 137 145 153 158 158 162 161 162 168 168 172 180 180 176 175 172 163 154 143 126 115 112 111 112 113 115 115 115 116 
110 109 110 106 113 74 75 90 55 19 21 19 20 23 20 18 20 20 18 20 20 20 20 20 21 20 21 22 21 24 24 23 23 23 24 24 24 26 24 22 24 22 23 22 23 23 24 23 26 25 24 24 26 25 20 22 21 23 22 24 27 26 25 29 30 32 32 36 46 71 113 129 137 146 155 155 160 156 156 162 163 172 177 178 174 171 168 155 142 137 124 113 113 111 111 112 114 114 114 114 
110 109 107 106 113 74 75 88 57 19 22 21 19 21 21 20 21 21 19 19 20 20 21 19 21 20 20 20 21 23 23 24 24 24 25 23 23 26 23 24 23 22 24 23 22 22 24 25 25 25 24 26 23 25 20 21 23 23 23 24 26 26 26 27 29 30 29 30 36 44 72 118 127 136 149 148 156 152 150 156 164 173 180 178 168 166 161 149 139 132 118 115 114 112 110 111 112 113 111 111 
107 108 108 104 111 74 75 87 57 19 21 19 19 20 21 20 21 20 20 20 21 22 20 20 22 20 20 21 18 22 24 25 26 23 25 25 23 24 24 23 24 24 23 24 23 23 23 24 22 24 23 24 22 25 20 21 21 23 22 23 25 26 26 26 28 30 29 31 32 36 41 70 115 125 139 141 148 141 146 154 165 172 178 173 162 157 156 145 143 134 109 107 108 114 111 110 109 110 110 111 
108 108 108 104 110 75 72 85 57 18 21 20 19 20 20 18 20 19 19 21 20 20 20 21 22 21 21 21 19 21 23 24 25 23 23 24 22 22 21 22 22 22 24 24 24 23 22 22 23 25 25 24 23 27 21 22 22 21 22 24 25 24 27 27 28 29 29 29 31 33 33 37 64 100 122 128 134 137 147 157 165 169 172 169 163 154 158 153 144 162 155 147 168 136 113 111 108 110 112 109 
110 107 109 106 111 77 75 87 59 18 20 21 18 19 19 20 20 22 21 20 20 21 21 22 22 23 21 22 21 22 23 23 21 22 24 23 22 23 23 23 23 23 24 26 24 24 25 25 25 26 27 25 25 25 19 20 21 22 22 23 25 24 27 25 28 30 29 28 30 32 32 32 35 47 78 107 118 129 145 154 159 168 167 166 165 161 162 157 148 145 156 150 159 121 110 110 110 110 110 110 
107 107 109 105 112 76 74 86 61 18 20 20 18 19 20 20 21 20 20 21 21 21 21 22 22 20 23 22 22 22 22 22 22 23 22 22 22 23 23 23 22 22 24 22 22 23 22 21 21 22 24 22 21 22 19 20 22 23 24 24 25 26 26 26 28 28 28 28 31 31 32 33 31 36 43 65 90 118 131 145 145 149 162 169 167 166 166 165 167 148 131 121 111 116 110 110 108 109 109 109 
108 107 107 105 110 76 73 87 61 20 20 20 20 20 21 21 21 21 20 20 22 22 21 21 22 22 23 23 23 22 23 23 22 23 24 21 23 23 23 22 23 24 22 23 24 25 24 24 25 27 26 27 25 25 27 22 24 24 25 25 25 24 27 25 27 28 29 29 27 30 31 30 29 31 33 40 52 81 113 133 138 137 165 172 170 167 168 176 168 164 132 155 132 146 106 109 108 111 111 112 
107 106 106 104 110 77 71 84 63 18 18 18 18 19 20 21 21 21 21 22 22 21 20 22 22 23 23 24 24 23 22 21 22 23 23 21 22 23 23 23 23 25 23 24 24 24 22 25 25 25 23 22 22 23 25 24 26 25 25 26 24 24 24 24 27 29 28 29 29 30 30 29 30 32 30 33 41 46 75 102 121 141 170 170 172 175 177 183 186 151 163 158 133 96 105 111 110 110 109 111 
107 107 104 102 110 76 68 85 62 18 18 18 19 21 21 22 22 22 22 22 21 20 20 22 21 21 23 24 25 23 22 22 23 23 22 21 21 22 23 23 22 22 25 25 25 23 23 24 24 23 22 22 22 23 25 25 24 24 24 24 25 23 24 24 27 28 28 29 28 28 28 29 29 30 30 31 35 35 48 59 107 150 169 174 178 181 183 187 187 186 182 174 130 104 103 106 107 108 108 106 
107 106 104 101 109 76 69 86 63 19 20 20 19 20 19 21 20 21 21 20 22 20 22 21 22 23 22 23 24 24 22 21 22 23 23 21 21 19 19 22 23 21 24 23 21 22 22 24 23 20 19 21 20 22 22 24 25 24 24 22 25 26 25 25 27 29 28 26 28 29 27 27 27 28 28 28 29 27 29 35 105 158 169 177 182 183 186 189 189 187 182 176 157 125 105 104 107 108 105 105 
107 106 105 103 108 78 69 83 62 16 19 20 19 20 19 20 21 21 21 22 24 22 21 22 22 23 23 23 22 21 23 20 22 22 21 21 20 20 22 21 20 21 22 23 22 21 22 23 22 17 16 15 17 19 21 22 25 23 23 25 25 24 24 26 28 28 25 26 27 28 27 28 27 29 28 28 29 26 24 37 119 158 169 180 182 181 186 188 189 169 153 176 169 150 122 135 127 106 104 103 
107 106 106 103 109 78 67 83 65 16 21 21 19 19 19 19 21 21 21 23 22 23 21 21 21 21 22 23 22 22 21 21 22 23 22 21 22 22 22 22 20 21 22 22 22 23 21 22 23 22 20 22 22 21 21 20 22 19 20 21 22 24 24 26 28 28 27 28 28 27 26 29 28 28 28 28 29 28 29 61 122 157 170 180 184 185 185 184 179 156 155 149 148 128 130 142 116 104 106 105 
105 105 104 102 108 77 66 84 66 17 20 21 19 20 21 20 20 20 22 23 22 22 22 23 24 27 24 22 22 22 22 22 21 22 21 19 22 22 23 21 21 21 23 23 23 23 23 23 23 23 23 24 24 23 23 25 25 24 25 24 23 22 22 21 21 22 23 24 24 26 26 25 26 27 26 26 27 28 30 61 107 149 169 180 185 184 182 185 185 156 145 160 136 157 155 153 128 104 100 107 
104 104 105 102 108 77 68 83 66 16 19 21 19 19 20 20 21 23 23 23 25 24 24 27 31 27 26 24 26 27 25 21 20 20 20 20 22 23 22 22 22 23 23 23 23 22 24 24 24 23 24 24 23 24 24 24 26 26 26 27 26 24 25 25 26 25 24 21 21 23 20 21 21 23 24 24 27 27 28 52 83 133 164 178 185 184 180 184 179 167 150 149 172 174 178 176 157 118 97 92 
104 102 104 102 109 77 65 81 62 19 21 21 21 19 20 21 24 28 27 24 27 27 30 28 28 27 26 26 26 25 25 27 25 24 20 20 21 20 21 21 22 24 21 24 24 23 22 23 25 24 23 22 23 23 25 26 25 26 24 26 25 24 25 26 28 28 28 27 27 27 26 25 23 23 22 20 20 19 26 34 58 112 152 174 182 183 181 183 181 146 173 180 174 141 161 169 175 149 113 96 
104 103 103 101 107 78 64 79 64 19 21 20 21 23 25 28 32 31 32 30 27 28 28 27 26 27 25 25 25 26 26 23 21 21 22 22 26 24 21 23 23 24 24 22 23 24 25 25 24 25 26 24 25 26 26 25 26 26 26 25 24 25 25 25 25 27 28 26 26 27 26 27 27 27 26 27 26 26 26 29 48 89 129 164 178 183 181 182 187 183 176 170 137 151 170 163 166 171 143 116 
103 103 103 101 106 78 62 75 64 18 20 18 19 24 31 36 33 28 24 23 22 24 24 24 23 24 24 21 21 21 22 21 22 25 23 21 23 23 23 23 22 24 24 24 26 24 26 26 27 29 29 31 32 34 35 36 31 31 29 33 29 27 27 26 25 24 24 23 24 24 23 25 26 25 27 25 26 26 26 29 41 68 100 145 169 179 182 183 184 180 181 181 160 159 173 171 165 164 161 141 
103 101 103 101 106 77 66 77 66 20 22 23 35 37 30 26 27 30 33 31 28 26 23 24 26 26 28 25 24 24 24 24 27 24 24 26 24 23 25 25 23 23 25 25 29 36 43 50 60 65 70 74 73 73 74 72 70 64 62 60 53 47 44 37 31 27 23 22 23 25 23 24 24 26 27 26 26 26 25 30 32 48 66 110 147 170 177 182 183 170 166 170 168 157 176 176 171 164 158 163 
102 102 103 101 105 79 67 80 67 27 30 36 30 21 28 35 40 41 40 36 35 34 29 24 23 23 25 24 24 24 26 29 27 26 23 22 25 24 24 26 30 44 54 64 76 82 87 88 88 86 87 90 90 89 90 91 89 84 79 77 75 73 68 63 56 45 33 25 25 23 23 24 23 24 26 25 24 27 25 25 28 33 46 70 106 149 168 174 171 168 147 174 162 173 176 176 168 171 176 177 
102 103 102 99 106 79 69 80 68 40 44 41 50 54 61 59 51 42 38 35 34 37 38 35 37 31 33 30 26 25 26 23 22 29 27 26 24 25 30 48 68 82 86 89 90 94 92 85 84 88 94 94 90 92 95 91 89 85 83 80 78 76 76 73 69 65 61 53 41 28 24 23 23 22 22 24 25 26 25 23 25 28 31 43 65 103 138 163 163 142 160 141 158 154 177 177 181 189 191 186 
101 102 101 100 106 80 69 85 81 66 72 77 75 71 67 59 62 66 59 54 42 32 26 32 30 26 35 31 27 27 23 23 27 25 26 27 25 37 68 77 79 77 80 79 74 71 76 81 80 88 94 93 91 86 93 90 82 81 83 81 81 80 79 80 76 75 69 67 62 55 42 29 23 22 22 24 25 23 24 23 25 26 28 33 41 58 82 134 156 162 143 147 161 164 175 177 187 194 196 190 
101 99 100 97 104 81 80 96 100 87 82 79 88 87 81 78 71 70 67 55 50 47 42 33 31 28 33 25 23 27 26 28 28 25 25 27 48 70 72 68 63 64 68 71 69 64 67 72 75 86 97 101 103 100 96 91 87 89 87 84 84 83 80 79 78 78 77 74 70 66 61 52 39 27 21 24 25 24 24 24 23 23 27 28 31 35 45 80 123 156 159 164 172 161 174 178 187 193 194 189 
101 101 100 99 100 97 101 100 93 74 56 47 66 54 59 63 60 54 54 65 62 54 50 41 38 42 40 39 35 37 34 33 37 44 54 61 68 70 64 62 59 57 56 61 62 65 70 67 77 88 105 103 105 109 104 95 101 102 99 95 90 87 82 80 79 78 78 75 76 73 69 65 57 47 32 27 25 22 23 23 22 22 24 25 27 28 34 46 84 108 135 136 126 155 174 175 182 189 189 183 
100 101 100 96 101 102 101 93 83 57 57 52 51 56 50 41 49 54 53 55 45 55 59 59 57 53 49 55 62 63 62 62 62 65 65 66 65 67 64 58 55 59 54 54 56 59 69 69 81 104 113 115 112 114 115 110 110 113 111 109 104 97 95 91 86 82 78 76 76 73 70 69 65 59 50 46 29 23 23 23 22 23 25 25 26 28 29 35 50 158 120 138 161 173 176 169 175 186 183 177 
