103 118 119 122 124 125 126 129 131 132 134 135 137 138 139 143 143 141 141 142 145 146 149 151 153 154 156 159 160 161 161 158 158 155 151 148 148 149 152 159 158 157 152 148 145 143 147 145 146 147 146 149 149 149 152 153 156 157 156 157 158 158 156 156 155 154 153 152 151 152 155 155 154 154 151 151 152 155 147 144 144 120 111 127 127 121 116 118 126 134 138 137 133 122 104 103 101 100 97 101 
105 119 122 125 125 129 130 132 133 134 137 139 141 142 143 145 146 148 148 150 151 151 151 151 151 152 153 155 157 158 160 161 162 162 160 159 158 156 156 154 153 155 158 161 159 158 155 154 151 150 149 147 148 149 148 153 155 157 159 159 160 160 160 160 160 159 158 157 156 154 154 155 156 156 155 154 153 157 155 144 147 141 113 123 141 134 124 116 128 141 142 139 136 123 108 105 104 104 99 98 
106 120 125 128 128 130 132 134 135 136 139 140 143 144 146 147 148 151 151 152 154 154 155 156 155 155 155 155 157 158 159 160 160 162 161 161 161 161 162 163 160 155 150 150 152 156 160 161 161 161 159 157 154 152 149 146 149 154 157 157 158 158 159 161 161 161 162 162 160 158 156 155 155 156 156 155 155 158 160 149 142 149 130 109 136 141 141 128 129 146 145 142 135 121 111 106 105 103 101 100 
106 120 127 129 131 133 134 137 137 139 141 142 143 146 149 149 151 151 151 152 154 156 157 158 159 159 158 158 158 158 158 158 158 159 161 162 162 160 160 161 161 160 158 154 154 152 147 149 154 158 161 163 162 163 161 157 153 150 151 153 155 160 161 161 159 160 161 162 163 160 158 155 154 156 157 158 157 157 160 158 145 151 145 115 126 143 148 142 131 147 150 146 133 121 112 107 105 105 102 99 
106 120 128 131 133 135 136 139 141 143 145 145 146 148 151 151 152 154 154 155 157 158 160 159 160 160 161 161 162 162 162 162 159 159 160 163 165 163 163 163 161 160 160 160 158 156 156 157 151 148 145 150 160 162 162 163 162 162 160 159 157 154 156 158 160 159 158 156 157 160 160 157 153 150 153 156 156 156 157 160 152 148 153 141 125 140 148 149 133 146 151 144 130 119 110 105 106 106 106 105 
107 121 129 133 135 138 139 141 143 145 146 146 149 151 153 153 153 155 156 158 158 159 160 160 161 160 162 163 165 165 165 165 164 164 163 161 164 167 167 166 163 160 162 161 160 158 158 160 158 157 154 145 144 143 147 156 162 164 164 163 162 162 160 157 150 144 137 131 131 129 124 115 115 123 131 147 153 155 156 159 156 144 154 152 129 133 147 149 139 144 149 139 127 118 109 107 106 105 106 106 
109 122 131 135 136 138 139 141 144 145 146 148 151 153 154 155 156 157 159 159 160 160 161 163 163 164 162 163 165 165 166 167 168 168 166 162 162 163 167 169 166 162 163 163 162 160 158 158 158 161 161 162 159 153 146 136 135 141 150 155 159 162 158 146 108 74 53 48 44 35 27 28 27 34 54 81 110 138 149 156 159 145 150 155 142 117 138 142 139 144 147 137 124 112 107 108 107 105 108 106 
110 123 133 138 136 138 140 142 144 145 147 150 152 153 154 156 158 159 161 161 162 162 163 164 165 167 167 165 165 165 167 168 170 170 169 169 168 167 164 164 165 165 163 162 162 161 160 157 157 157 159 162 162 159 157 154 148 135 128 126 126 110 78 43 22 18 19 19 20 23 23 18 19 16 15 19 38 75 109 136 149 145 140 153 150 118 120 138 127 131 133 129 121 108 109 106 107 107 105 108 
112 125 135 138 138 139 142 144 147 149 150 152 155 154 155 157 159 159 161 161 164 163 164 165 166 167 167 167 167 167 167 167 168 169 170 170 170 171 170 169 166 166 163 162 162 161 161 160 160 159 158 158 160 160 162 159 156 152 146 129 59 23 17 17 17 18 20 18 18 19 21 17 21 23 17 15 15 19 34 65 102 135 125 140 149 135 110 87 54 25 31 60 97 105 111 110 110 110 110 105 
111 125 135 139 140 142 145 146 148 150 151 152 155 156 158 158 160 160 162 162 164 165 166 167 169 171 171 171 170 170 171 172 171 172 172 172 172 170 172 171 168 167 164 163 162 163 162 161 160 161 159 156 155 156 153 152 149 135 92 46 17 17 16 18 17 17 18 17 13 13 13 13 13 17 17 16 18 15 14 14 27 64 99 119 138 128 56 16 12 10 9 12 52 111 112 116 115 115 113 108 
108 124 136 141 142 145 148 149 150 151 153 155 156 158 160 159 161 162 163 164 163 167 168 168 170 170 169 170 172 172 173 174 174 174 172 172 171 171 170 168 166 166 165 164 163 164 163 161 158 156 146 130 116 108 91 74 55 31 16 16 14 18 21 21 19 17 16 10 10 10 10 10 10 13 14 15 17 16 14 13 12 17 44 78 77 45 13 12 10 8 10 14 63 111 117 120 119 117 113 111 
109 126 138 142 143 144 147 150 151 154 153 155 157 159 160 161 162 162 164 165 166 167 169 170 170 170 170 171 172 172 175 175 173 173 174 174 174 174 174 174 171 167 166 162 161 156 146 119 96 76 48 26 21 19 13 15 15 12 14 13 14 17 17 18 17 16 14 8 8 6 8 9 8 8 11 12 16 15 12 12 17 14 14 23 9 6 7 8 11 11 9 11 68 111 122 123 119 117 118 119 
110 125 138 142 145 146 148 150 152 155 154 155 158 160 162 162 163 164 165 167 168 169 170 171 171 171 172 174 175 175 175 175 174 174 175 175 175 174 174 174 171 166 164 163 155 107 48 24 19 14 11 12 12 11 10 13 10 12 11 15 16 19 19 16 18 16 13 8 8 7 7 7 7 8 8 11 15 12 13 12 9 10 13 11 7 3 7 8 8 10 9 18 90 117 122 123 121 114 123 126 
109 125 141 143 146 148 150 151 152 156 156 157 160 161 164 163 164 166 167 167 169 170 172 173 173 173 174 175 176 176 176 176 176 176 177 177 177 177 177 176 173 166 159 134 65 22 15 14 12 12 10 10 11 10 10 11 11 13 13 19 17 18 17 20 18 17 13 11 8 9 10 9 9 9 11 11 12 13 8 6 6 7 8 8 11 6 4 6 4 7 14 75 112 126 129 129 122 116 130 131 
111 125 141 144 145 149 151 154 154 158 157 159 161 162 164 164 166 168 169 170 170 171 172 173 173 174 176 178 177 177 178 178 177 177 178 179 179 179 179 177 171 145 82 33 20 16 15 12 11 11 11 10 10 10 11 12 15 14 16 19 21 20 22 22 19 16 14 12 13 14 13 10 10 9 9 7 8 7 8 6 6 7 7 8 10 6 4 3 4 9 29 103 122 129 134 135 129 125 140 138 
111 126 142 146 147 150 152 155 155 160 159 161 163 164 165 166 168 170 171 172 172 173 174 175 174 175 177 178 177 177 179 179 179 179 180 180 179 179 179 168 118 45 20 18 15 13 13 10 13 12 13 11 11 11 12 16 18 17 19 19 21 22 18 20 19 15 16 12 10 11 11 10 11 9 8 7 8 7 9 9 9 9 9 9 9 5 6 6 7 23 70 97 119 135 143 144 138 131 144 143 
111 127 144 148 150 151 153 155 156 158 161 162 164 165 168 167 169 169 171 173 174 174 175 177 176 176 178 179 179 179 180 180 181 181 180 180 179 177 170 89 30 19 16 15 16 12 11 13 13 13 16 12 16 17 17 17 17 18 19 20 19 19 19 15 10 11 14 15 12 11 11 13 11 8 8 5 6 6 9 11 12 12 9 7 6 9 16 33 56 85 104 101 109 132 143 150 147 143 150 150 
113 127 145 148 150 152 153 155 157 158 161 163 164 166 168 169 170 170 171 173 174 174 176 176 177 178 179 180 181 181 180 180 181 181 181 180 180 169 84 28 18 17 14 17 15 11 13 14 13 16 17 19 21 20 22 21 20 20 19 20 20 17 18 15 13 13 11 11 11 10 8 8 11 11 8 9 8 7 9 11 13 12 9 7 8 26 75 104 96 109 117 116 119 121 139 140 140 147 154 150 
113 126 144 148 152 153 154 156 159 160 162 164 165 167 169 170 170 172 173 174 174 175 177 177 179 180 180 181 183 183 182 182 182 182 182 180 170 95 23 25 20 21 19 17 16 16 16 16 20 24 24 24 27 25 23 23 22 17 20 19 19 15 16 19 14 11 11 10 12 11 10 9 10 9 12 14 9 9 10 12 14 14 13 8 20 70 119 122 103 106 115 116 127 126 126 136 141 139 141 146 
114 126 145 150 153 155 157 159 160 162 163 164 165 168 170 172 171 172 173 175 176 176 179 178 179 180 181 181 183 183 182 183 182 182 181 175 109 30 22 24 25 23 21 20 20 21 23 20 23 25 25 23 23 24 20 18 19 17 16 13 15 12 13 12 11 12 11 13 12 10 10 9 9 7 9 11 10 9 8 10 13 13 12 8 18 63 116 128 98 49 89 116 115 136 126 124 138 140 140 139 
116 128 146 151 153 155 158 161 162 163 164 165 167 170 171 172 174 174 175 176 178 179 180 179 179 180 182 182 184 184 184 185 185 184 180 129 33 23 26 26 27 23 22 23 21 20 19 14 16 16 19 21 18 19 17 21 18 13 11 9 11 10 11 12 10 10 11 10 10 10 12 12 11 12 10 11 10 10 9 8 9 14 13 12 21 66 113 118 38 14 55 100 110 121 135 124 128 142 144 143 
114 128 147 152 154 155 158 160 162 164 165 167 168 169 170 173 174 175 177 177 178 179 181 181 181 181 182 182 183 185 185 185 186 184 173 61 24 25 27 26 26 24 20 21 19 12 11 10 12 14 17 16 16 18 19 19 14 11 11 12 14 11 12 15 12 12 10 13 13 13 12 12 12 16 19 14 12 10 8 9 8 9 12 16 62 111 113 48 13 13 30 92 113 117 121 136 121 139 150 146 
115 127 147 152 154 156 158 159 162 164 166 168 170 171 173 174 175 176 177 177 178 180 180 181 182 182 183 184 183 184 185 185 184 184 141 32 25 26 26 27 24 19 17 16 12 12 12 14 15 14 15 15 13 15 18 12 12 11 10 13 15 10 8 9 11 13 12 12 14 13 10 12 11 10 15 17 16 11 10 9 8 8 15 22 113 127 88 20 20 17 37 96 112 118 114 121 136 131 151 150 
114 125 147 153 156 157 159 161 162 165 167 169 170 170 173 173 174 177 179 180 181 181 181 181 183 184 183 185 184 185 185 185 183 172 78 29 27 24 26 26 21 17 13 10 8 9 12 12 14 14 15 11 11 12 13 13 13 10 13 10 8 8 5 4 7 7 10 10 9 8 8 10 10 12 13 14 18 15 11 9 5 4 10 17 76 111 39 20 21 25 71 111 109 112 111 103 134 138 144 149 
117 126 146 152 155 159 161 163 164 166 169 169 171 175 174 175 177 178 178 180 182 183 183 184 184 184 185 185 186 186 186 186 184 137 34 30 31 25 24 21 18 16 15 13 13 10 11 12 11 11 12 9 9 12 10 8 9 11 10 7 4 4 4 4 4 6 6 7 8 6 6 7 7 7 8 10 10 11 7 7 7 5 14 23 26 32 15 17 18 35 103 115 109 113 114 107 123 150 137 149 
116 126 146 154 157 161 163 164 166 168 170 170 172 175 176 175 177 179 180 181 182 184 184 184 184 185 186 186 187 188 186 186 183 96 29 33 27 25 23 21 17 18 14 12 10 9 12 15 8 6 10 8 7 9 8 6 6 5 6 6 4 4 3 4 5 6 6 8 7 7 9 8 8 7 5 5 7 7 6 4 3 12 24 17 7 8 10 15 17 35 97 123 112 110 120 113 126 155 137 139 
116 124 145 155 157 162 163 164 166 169 170 171 173 174 176 178 179 179 181 181 183 183 184 185 185 185 186 186 187 189 187 188 174 75 28 28 29 27 25 14 14 12 11 9 8 8 8 6 6 6 5 5 5 5 5 5 6 6 6 6 6 6 7 9 9 11 15 12 10 7 8 10 8 7 6 6 4 6 6 6 6 21 28 8 4 5 7 10 13 48 131 126 108 115 125 122 123 158 152 129 
118 126 145 154 157 161 164 165 167 167 170 170 172 174 176 177 178 179 181 181 183 184 183 184 185 185 186 187 188 190 188 188 168 52 28 31 28 25 23 13 11 10 7 5 7 4 4 4 4 5 4 3 5 3 3 4 4 4 5 6 8 8 10 9 12 19 23 22 18 15 11 16 15 12 12 9 4 6 6 4 7 17 14 5 5 2 4 6 14 95 148 119 113 124 131 123 144 163 156 129 
119 127 145 156 161 163 164 165 167 168 171 172 173 174 177 179 180 181 183 182 183 184 185 185 185 186 187 188 188 190 189 189 168 51 29 33 32 33 30 22 17 13 7 5 4 6 10 9 8 9 8 5 6 3 3 2 2 3 3 5 9 9 10 13 17 26 25 27 27 24 20 20 19 14 10 7 6 7 5 4 7 8 7 4 4 3 3 6 38 145 131 122 130 135 135 141 155 158 160 145 
119 128 145 157 161 163 164 166 168 170 171 173 176 177 179 179 181 181 183 184 184 185 186 187 187 187 188 188 190 190 190 189 176 55 27 32 32 32 29 28 27 21 15 11 11 11 12 9 12 11 11 12 12 10 7 9 11 13 14 16 21 18 18 21 19 23 20 23 23 25 22 22 16 17 13 13 11 9 6 4 4 5 4 3 4 4 4 12 97 136 126 141 142 144 138 140 145 149 157 157 
120 129 145 158 163 165 165 167 169 171 173 174 176 178 179 181 182 182 184 184 185 186 187 188 188 189 189 189 189 189 190 188 174 61 26 25 36 36 32 29 29 29 24 26 27 19 12 16 18 22 23 27 23 16 18 22 21 16 19 19 18 18 24 22 12 12 15 16 15 15 16 19 16 16 12 11 20 24 20 14 3 3 2 4 3 5 6 18 99 131 139 141 137 140 138 142 132 130 141 144 
120 128 144 158 163 165 165 168 169 171 174 175 176 178 179 180 181 183 184 184 185 187 188 189 189 190 189 189 190 190 188 173 86 30 25 26 32 37 32 29 30 33 27 30 31 29 18 14 20 25 25 26 23 29 27 31 27 22 26 24 26 26 24 19 16 16 17 15 15 12 15 16 15 10 9 8 11 17 24 21 14 8 2 2 3 4 8 27 100 115 121 125 121 125 123 126 130 126 123 143 
118 129 145 161 164 165 166 168 169 171 173 173 174 176 179 180 183 184 184 183 183 186 188 189 189 189 191 189 189 186 159 84 30 23 32 35 31 32 28 31 31 33 38 34 35 34 28 22 22 26 24 30 33 38 34 36 29 24 25 20 30 23 21 17 20 18 19 18 12 9 12 15 14 11 8 5 7 11 14 14 17 13 10 6 4 6 8 35 123 142 133 122 123 124 124 133 135 132 133 145 
119 129 144 161 164 166 168 169 170 172 174 175 177 177 179 180 183 183 184 185 186 188 189 190 189 190 190 187 170 129 58 28 22 22 25 27 27 29 31 30 28 31 33 32 32 33 32 36 33 31 29 32 33 37 38 35 27 22 15 19 17 17 18 16 18 15 14 13 11 9 8 9 9 9 9 7 6 7 7 8 12 12 10 11 12 18 15 19 81 124 139 138 130 127 125 128 130 132 132 142 
119 131 143 159 164 166 169 169 170 173 174 176 177 177 178 179 181 183 183 183 183 183 182 181 182 180 166 147 89 43 19 13 15 21 27 26 20 23 26 25 24 25 29 30 27 26 30 34 30 28 26 23 26 26 24 26 22 16 12 16 15 15 13 13 12 13 11 14 9 10 11 9 7 7 7 8 6 6 6 6 7 6 6 8 7 13 23 26 26 40 70 106 127 123 129 123 117 132 134 139 
119 129 145 160 164 166 169 171 172 174 177 178 177 174 164 154 151 153 159 153 146 136 133 123 119 112 79 46 39 31 18 13 16 24 21 20 18 15 16 18 19 18 17 23 23 19 19 25 26 24 22 19 16 19 18 18 22 19 14 15 13 11 9 10 10 14 15 17 14 14 14 13 11 11 10 11 5 3 4 3 3 2 3 4 5 6 13 19 21 24 24 32 67 86 115 123 106 132 128 131 
119 128 145 160 164 166 169 171 171 174 176 176 174 139 109 98 96 95 98 91 85 76 72 66 57 54 41 31 34 34 30 24 21 18 18 16 18 18 16 21 20 15 13 16 20 19 16 18 20 20 18 16 13 10 13 15 22 20 15 12 9 12 13 10 9 11 13 14 14 14 15 14 12 8 11 12 6 3 2 3 2 3 2 2 2 3 8 13 15 13 14 16 18 21 32 74 98 119 127 126 
119 131 143 160 164 168 169 170 171 174 174 161 129 89 74 75 67 55 47 37 29 25 26 27 26 26 32 33 31 31 33 27 19 15 14 13 15 16 17 22 19 17 16 17 20 19 13 14 16 19 18 18 15 14 18 22 26 23 19 15 8 10 9 12 9 8 13 15 17 20 21 16 17 14 12 12 7 5 6 9 6 3 3 2 2 3 5 7 6 9 12 13 14 15 9 8 28 91 123 127 
118 131 144 159 164 166 169 170 172 168 100 37 34 41 41 36 33 36 35 23 23 15 14 20 22 22 21 21 25 31 30 30 20 14 13 13 14 16 15 16 17 18 15 16 14 14 13 12 15 16 16 13 12 16 19 26 24 24 24 18 9 6 7 11 10 9 13 20 21 23 27 31 42 57 61 47 34 19 15 13 10 7 7 4 3 4 3 4 6 7 9 9 11 9 6 4 4 22 103 126 
116 131 144 158 165 165 167 171 173 155 42 21 28 42 45 47 43 45 33 34 31 31 40 51 22 18 14 18 23 31 30 31 19 13 11 12 14 14 13 17 16 13 15 15 16 18 18 15 17 16 13 13 14 18 19 18 20 24 20 16 11 6 7 8 12 12 15 19 17 20 19 20 31 46 64 70 89 84 47 17 9 9 10 7 5 5 6 8 7 5 6 3 4 4 3 2 3 3 49 132 
118 128 144 158 166 164 168 172 173 167 102 34 23 29 35 33 38 35 29 25 31 49 90 106 62 15 17 17 18 26 34 33 28 18 12 10 14 13 14 14 17 16 16 13 16 14 19 16 18 17 15 15 17 20 22 22 25 23 17 10 8 6 8 9 10 12 17 22 19 13 12 12 14 22 24 33 41 58 83 65 45 34 24 47 56 51 36 27 16 9 5 3 2 2 3 3 2 2 42 151 
117 130 144 159 166 164 169 171 172 173 175 142 59 23 22 19 23 26 19 20 16 33 62 52 57 22 15 13 13 18 23 25 32 26 18 12 13 16 17 14 18 18 16 22 14 13 14 14 18 18 19 16 18 20 16 18 18 16 13 8 7 6 6 7 8 16 22 19 15 9 7 7 9 10 9 14 17 24 37 51 69 86 100 108 108 109 99 87 63 37 9 3 2 2 3 3 4 4 55 157 
116 130 143 161 163 167 169 170 172 174 175 174 139 35 14 15 15 16 16 15 20 37 39 29 39 23 9 8 9 16 18 24 29 23 19 18 12 16 18 17 15 15 20 16 16 17 16 15 16 17 18 19 17 16 16 14 15 12 9 8 8 8 11 11 11 15 16 14 11 6 6 6 5 7 6 5 5 8 12 16 25 35 45 68 92 107 111 113 97 80 62 27 3 3 3 3 3 7 72 154 
118 131 143 159 161 167 169 172 173 175 175 176 142 60 19 13 13 18 22 28 31 59 44 21 32 27 15 9 10 13 16 20 18 14 12 10 11 10 12 18 17 13 13 13 22 24 22 19 19 17 18 17 13 14 13 16 17 13 11 11 11 15 14 14 16 16 13 10 9 6 5 6 7 9 5 4 3 3 4 8 13 9 9 13 24 39 84 122 110 96 84 35 4 4 4 5 6 9 94 149 
119 130 144 155 165 168 168 171 172 174 176 175 110 36 24 17 15 13 19 35 37 26 19 26 37 39 33 23 12 12 12 17 21 20 17 11 11 11 11 14 15 14 15 17 15 18 18 20 19 19 17 13 14 14 14 15 15 15 15 15 19 21 25 26 22 15 11 8 9 6 6 7 9 10 6 4 3 2 3 6 7 6 6 5 7 8 34 120 130 119 107 82 20 8 5 9 10 12 96 130 
121 128 142 155 165 169 167 172 173 174 176 173 95 30 24 28 22 16 16 18 32 39 23 29 37 51 51 35 19 13 11 11 14 14 16 14 11 13 11 11 12 14 14 13 15 14 14 16 14 15 16 13 12 11 12 20 18 18 22 16 17 19 17 15 12 13 13 12 11 9 8 10 12 9 8 6 5 5 5 5 7 7 8 7 5 6 9 91 139 138 116 103 65 30 34 46 65 83 110 136 
122 126 142 158 164 165 165 171 173 173 173 168 89 25 25 28 26 24 17 14 19 35 34 35 35 40 53 35 32 54 28 10 10 13 16 13 13 17 17 14 13 12 13 12 14 11 13 16 16 15 12 10 11 12 13 14 19 20 18 17 19 16 11 11 13 19 24 24 22 22 22 21 21 19 16 15 9 9 8 8 6 6 9 11 8 9 8 42 144 140 125 126 127 139 142 147 153 150 153 143 
122 127 143 160 164 164 165 171 173 173 174 168 85 25 27 30 29 28 26 21 18 12 21 29 32 44 50 30 32 80 59 50 13 16 14 12 14 19 23 21 17 19 18 17 16 13 14 13 14 19 15 14 13 16 15 14 18 16 19 23 18 17 23 34 39 55 89 116 125 127 109 93 83 83 70 65 66 62 54 51 37 28 24 20 18 19 11 16 123 154 157 165 165 165 160 161 164 156 155 153 
119 128 144 158 162 164 167 171 174 175 177 173 101 28 29 34 28 25 28 21 15 12 11 20 28 27 26 25 29 43 29 73 24 15 14 12 13 18 22 22 22 20 17 14 13 14 14 12 13 15 22 18 18 19 19 15 18 19 22 18 27 63 109 118 137 131 153 168 177 172 169 158 157 165 165 164 157 154 150 150 149 146 131 114 91 53 21 16 47 147 166 174 165 170 161 161 167 161 159 161 
115 134 146 158 160 165 169 171 173 176 178 170 86 28 30 32 32 27 28 30 22 23 23 19 20 28 26 29 18 38 70 47 45 23 14 13 13 15 17 20 26 23 16 14 17 20 20 19 17 17 18 24 26 25 26 25 25 36 50 72 114 155 165 164 166 163 165 172 172 180 175 168 170 174 174 175 167 162 160 164 163 160 146 143 135 133 64 14 12 53 155 174 164 169 166 159 169 163 162 158 
121 139 147 159 162 166 170 174 176 175 172 122 43 31 30 32 34 36 33 32 29 27 29 25 19 14 14 20 22 16 27 45 67 33 18 12 11 17 16 16 24 20 19 18 24 28 25 27 27 22 25 29 31 36 41 54 85 120 148 158 170 174 178 177 175 175 173 175 164 180 178 171 176 178 178 178 175 170 165 164 168 164 149 149 142 147 87 21 14 11 96 164 170 166 169 160 165 166 163 157 
119 136 145 158 166 169 172 173 174 175 164 87 33 29 24 26 29 33 31 28 29 30 30 25 17 15 15 16 14 14 15 22 24 24 18 15 14 13 12 13 22 23 26 33 36 37 35 33 38 48 62 69 61 95 136 162 176 176 180 182 184 178 178 176 175 173 172 171 165 169 178 174 177 177 178 179 176 176 172 172 170 163 150 151 146 151 138 87 26 14 33 145 170 170 171 160 157 169 163 154 
116 133 140 151 158 160 162 163 163 167 120 41 30 25 19 18 23 30 30 28 28 21 17 16 15 16 15 15 16 20 16 17 26 35 29 21 19 20 15 23 30 42 53 71 58 56 69 101 142 162 180 180 164 174 188 188 191 187 185 195 192 181 174 173 174 173 175 174 174 165 174 179 181 182 179 181 175 181 178 173 169 161 152 152 152 152 147 140 119 73 53 109 167 175 173 160 154 167 168 162 
116 138 139 154 162 164 165 165 165 132 41 31 25 23 19 16 20 25 30 26 21 16 14 12 13 12 13 16 23 36 36 26 28 32 30 32 29 30 25 31 104 145 170 181 176 177 179 186 193 194 194 195 193 194 197 195 192 189 196 198 196 193 189 184 183 186 188 184 183 185 167 181 183 183 181 175 176 181 181 174 167 162 156 152 152 149 149 148 138 135 138 145 163 168 171 163 154 161 170 165 
122 142 145 155 161 165 167 164 143 51 37 35 27 23 20 16 16 16 26 30 25 15 16 14 15 14 13 14 20 27 39 24 24 25 25 29 29 30 32 100 184 192 195 195 197 198 197 196 196 196 196 197 196 197 196 190 192 199 196 196 195 194 190 187 189 190 191 189 188 187 174 176 184 183 178 174 179 179 183 174 164 163 157 151 153 148 149 139 139 142 145 155 160 162 168 161 158 155 167 166 
129 139 143 151 157 165 166 153 59 39 42 36 31 26 21 20 31 57 90 87 59 32 41 33 26 24 22 22 42 94 69 19 20 20 25 56 78 107 153 182 195 193 196 196 198 198 198 196 196 196 196 196 196 196 191 192 199 199 198 195 194 192 192 194 195 192 191 190 189 189 180 168 183 179 173 180 178 180 183 174 164 164 160 154 152 143 141 140 146 148 151 157 158 167 162 165 162 158 157 165 
165 139 148 151 156 164 163 88 43 48 47 43 33 37 57 89 127 162 175 168 140 117 156 142 92 49 34 34 59 47 24 29 57 81 135 180 182 177 188 188 191 194 196 197 198 198 197 197 197 195 197 197 196 195 194 199 202 200 198 197 193 196 195 197 197 193 191 189 188 188 183 166 184 171 178 181 177 178 183 174 163 165 159 148 140 139 147 147 153 153 156 156 162 163 158 165 165 164 156 162 
195 141 146 149 157 162 133 48 46 45 41 56 91 130 162 172 177 178 177 178 174 174 180 178 174 160 137 144 157 134 148 169 186 186 193 193 190 185 186 192 194 196 196 197 197 198 198 198 198 197 196 197 196 195 198 203 202 199 195 198 196 196 198 198 197 195 193 191 190 187 185 169 167 174 179 177 175 178 182 172 164 157 143 146 148 149 153 158 159 157 155 154 157 154 162 165 162 162 157 154 
200 141 143 149 161 163 146 95 85 103 127 157 170 173 176 176 175 177 179 180 182 180 181 182 182 183 185 188 188 188 190 191 194 192 193 194 193 193 194 196 198 198 198 199 199 200 198 199 199 197 199 198 197 199 203 201 200 198 197 195 197 197 196 198 196 195 192 191 189 190 188 178 168 175 178 176 176 182 182 169 155 149 154 156 160 159 156 155 159 163 164 156 157 152 166 167 155 157 160 146 
207 139 139 153 162 164 166 168 170 166 166 172 173 172 174 177 176 179 180 181 182 181 182 184 188 189 188 190 192 191 194 196 197 194 194 198 196 197 197 198 200 199 199 200 200 200 200 201 201 199 196 200 201 200 201 200 200 199 198 195 197 196 195 198 196 195 193 192 191 190 187 181 169 176 176 176 182 182 180 164 161 155 155 159 161 156 159 153 159 164 161 159 149 141 163 172 173 156 157 147 
209 138 140 155 159 162 167 169 166 164 166 168 169 173 174 175 178 178 182 183 183 182 187 188 190 189 188 190 193 192 192 193 195 195 192 197 198 198 198 198 199 198 199 200 200 200 200 202 201 199 197 200 202 202 200 200 200 200 199 198 198 198 198 199 196 194 193 193 192 192 190 186 170 168 171 174 183 179 165 169 162 157 159 162 163 156 152 154 160 166 157 160 143 139 153 171 174 177 158 147 
212 135 144 153 158 160 168 166 162 166 167 170 172 173 177 177 180 180 183 183 184 186 188 190 191 192 191 193 193 192 193 194 197 197 195 197 197 197 198 199 200 199 198 200 201 201 201 201 200 200 199 200 202 202 201 200 200 200 200 200 199 199 199 199 195 194 193 193 189 188 187 183 169 172 174 171 176 166 165 176 165 162 161 163 161 158 153 150 162 167 156 152 143 136 141 165 172 176 178 158 
213 135 147 151 158 162 167 161 164 166 170 170 173 173 176 178 181 182 184 186 187 189 190 192 193 191 191 192 193 194 193 195 197 199 195 195 197 197 198 199 201 201 199 198 200 202 203 202 202 199 198 201 201 200 200 201 201 200 200 198 199 199 198 198 197 194 193 194 193 191 191 189 172 154 161 159 161 165 168 171 174 170 168 165 160 154 149 158 164 164 152 150 149 138 142 151 171 173 172 171 
211 137 144 148 161 163 161 161 166 168 170 171 173 176 177 180 183 182 185 188 189 190 192 194 194 192 194 196 195 196 194 196 198 199 197 195 199 198 198 200 202 202 201 200 202 204 205 203 203 200 199 201 199 196 198 200 200 199 198 199 199 199 198 198 198 194 194 194 193 192 190 189 180 163 170 170 166 171 172 169 171 171 169 168 163 150 155 160 162 155 149 149 150 146 145 151 162 167 165 166 
194 137 144 149 157 158 161 168 170 169 172 174 177 179 179 181 182 185 187 187 189 189 191 193 192 194 194 196 197 196 195 196 198 199 200 194 200 200 200 201 202 202 202 204 205 202 203 203 203 202 201 199 196 197 195 200 201 199 199 199 198 198 197 196 196 197 194 195 195 190 187 190 184 168 172 171 177 169 168 167 168 168 167 169 167 148 157 164 160 150 148 149 155 149 144 144 155 160 156 149 
207 134 140 147 156 163 165 169 169 170 172 174 176 177 180 183 184 184 186 187 188 189 188 189 191 194 194 194 195 196 196 194 196 199 200 196 199 200 201 202 204 203 202 203 202 201 198 199 199 199 198 196 197 199 199 198 199 200 199 199 198 198 197 196 197 196 193 192 189 192 189 189 189 161 165 166 169 173 167 161 164 165 165 164 164 152 154 161 160 146 149 154 159 141 145 142 152 159 159 145 
225 131 136 144 151 154 161 167 169 171 172 174 177 178 180 181 183 184 185 185 186 187 188 187 192 193 192 192 194 197 197 196 194 197 197 195 196 196 200 201 201 202 202 201 201 202 198 199 199 200 199 195 197 198 198 196 197 199 197 198 198 197 196 194 194 192 188 190 191 192 189 189 187 169 169 168 171 172 173 165 166 160 161 160 159 152 154 161 151 144 156 154 149 139 145 144 146 149 150 148 
241 144 140 147 150 154 154 157 161 165 172 172 175 176 176 179 181 183 185 184 186 188 189 187 191 192 192 193 193 195 195 196 194 196 199 199 197 194 197 200 198 198 201 201 202 201 198 199 200 201 197 196 196 197 197 196 195 197 195 195 196 196 194 193 192 189 191 191 191 190 190 190 182 176 175 175 175 168 170 169 162 167 160 157 153 157 163 159 149 151 151 150 146 140 143 142 142 146 145 145 
248 172 138 147 152 155 156 157 158 160 165 167 172 175 178 179 180 182 183 184 182 186 188 186 189 189 189 191 192 193 194 195 192 195 198 198 199 196 197 200 198 199 200 201 200 200 199 199 197 197 196 196 196 196 196 195 195 193 195 196 194 194 190 192 189 189 190 190 190 190 190 189 180 172 168 169 167 173 175 169 158 166 158 153 156 161 161 162 153 153 152 147 146 150 154 152 149 148 146 140 
250 205 132 134 145 156 162 161 159 161 163 161 163 164 168 170 172 175 175 176 178 177 182 184 185 186 186 186 189 190 191 192 192 193 195 195 196 196 198 199 196 196 199 202 199 200 198 199 197 195 195 196 196 196 195 196 196 194 194 194 195 190 189 191 187 189 189 188 188 189 189 187 177 168 158 165 173 176 169 165 161 158 157 162 160 160 165 163 154 163 152 146 143 155 152 155 150 141 142 140 
251 227 134 132 134 142 157 163 161 162 163 163 164 165 166 167 172 172 172 174 176 177 175 181 183 186 186 181 182 184 185 188 191 190 194 193 191 193 196 196 195 194 196 198 198 198 198 198 196 196 191 194 195 196 195 195 193 193 193 192 194 189 191 190 189 188 188 187 187 189 188 186 179 180 159 163 173 167 163 162 159 155 161 162 153 161 162 159 158 161 157 144 141 157 144 150 152 141 132 131 
249 243 155 139 137 137 150 160 164 163 164 163 164 165 168 168 167 169 172 174 175 176 174 181 176 181 187 187 186 184 179 179 183 184 185 188 188 191 194 195 194 191 194 196 196 197 194 196 195 196 192 193 193 194 195 194 193 195 192 193 192 187 187 189 189 189 189 187 187 187 186 184 173 179 165 155 165 162 162 161 158 162 159 158 158 164 167 160 153 157 150 137 142 151 148 133 147 144 134 126 
246 236 155 137 143 140 143 161 168 171 172 169 169 168 168 171 173 173 172 173 173 172 173 180 180 174 179 183 185 185 186 186 181 182 178 179 183 186 188 191 191 189 192 191 194 194 194 193 193 192 189 192 192 192 191 192 191 193 192 191 191 187 189 190 190 190 188 185 180 179 180 182 167 173 162 150 162 165 164 158 160 160 159 161 157 165 168 166 158 149 142 135 142 150 152 137 129 141 140 128 
248 244 237 143 137 147 148 146 156 168 172 173 173 174 174 176 178 180 178 177 176 177 176 179 180 180 177 179 183 183 179 182 186 188 186 180 182 183 187 190 188 186 187 188 190 190 190 191 191 192 189 188 191 192 192 193 193 191 191 190 188 189 188 189 188 184 183 183 181 180 175 170 166 163 159 151 161 162 159 158 158 159 161 163 160 166 168 163 153 143 141 139 146 144 148 148 131 127 134 133 
237 166 163 101 105 134 150 149 154 158 161 167 172 173 175 176 179 180 183 184 184 184 178 181 182 181 184 181 182 184 186 182 182 180 182 179 181 181 181 186 186 186 187 188 187 189 189 187 189 190 189 187 185 190 191 191 191 190 188 188 189 189 187 186 187 187 186 183 181 181 180 178 180 167 156 157 157 159 162 157 154 157 161 161 162 166 164 156 150 141 145 140 142 143 142 144 141 126 123 126 
181 129 135 82 54 104 135 148 155 159 164 165 169 173 174 175 177 177 180 182 184 184 184 185 185 185 185 185 183 185 183 185 186 188 188 188 179 183 184 184 184 184 185 185 185 187 186 186 188 188 187 186 185 184 188 190 189 187 188 188 186 183 180 187 195 194 191 189 184 181 176 176 179 166 145 146 150 157 160 157 154 157 161 163 163 162 163 156 149 144 140 146 137 139 140 146 143 132 126 125 
145 113 69 44 40 46 94 134 154 157 163 162 170 175 175 177 178 179 183 183 184 186 186 186 187 188 189 189 188 187 187 186 185 185 186 188 185 182 184 186 186 186 186 185 185 186 185 185 186 185 185 185 186 183 184 188 187 185 183 181 179 187 189 183 180 182 180 178 176 176 177 174 175 157 146 142 157 157 156 155 155 159 163 161 160 162 158 152 149 148 145 143 140 137 141 148 143 132 127 123 
49 32 29 27 26 24 28 73 131 150 158 161 167 174 178 181 182 180 181 181 182 184 183 187 188 188 189 189 189 189 189 189 188 188 187 187 189 181 182 184 186 185 185 184 183 184 182 183 185 183 182 182 183 185 181 183 182 184 186 188 180 179 185 185 184 184 185 182 180 178 176 175 171 152 146 140 160 154 154 155 158 160 159 159 159 159 153 147 151 152 148 144 139 141 149 144 132 134 126 122 
27 25 26 25 25 24 23 23 52 113 144 155 161 167 171 173 175 177 179 181 182 183 185 184 186 188 189 189 189 190 189 189 190 190 189 188 188 188 183 182 183 183 185 183 183 185 183 184 185 184 184 184 184 182 179 180 187 188 185 186 182 176 177 179 183 182 182 182 180 177 174 173 161 151 142 141 162 154 153 155 156 155 155 159 159 156 147 142 148 150 145 143 144 147 147 134 130 131 126 121 
23 22 23 22 22 21 21 22 23 34 83 132 156 158 170 172 175 178 179 180 180 179 182 183 181 186 187 187 188 189 189 189 190 190 190 191 191 192 188 186 184 184 185 187 186 185 184 185 184 182 181 179 179 182 191 188 185 179 181 181 176 175 171 173 179 175 169 171 173 172 171 168 155 149 138 147 159 151 153 150 153 155 156 154 156 152 143 144 144 146 147 148 146 142 134 131 131 127 120 118 
22 22 21 21 21 21 21 22 23 21 41 61 111 150 160 164 171 174 176 179 177 180 180 181 182 181 182 185 185 186 186 188 189 190 191 191 191 192 192 187 186 187 188 188 188 184 182 181 184 182 181 184 191 192 187 183 182 181 183 180 176 170 171 174 174 161 166 164 163 161 159 157 149 146 145 147 153 147 149 146 151 154 155 155 152 147 140 144 150 154 150 147 140 134 131 131 131 131 122 116 
22 22 21 21 21 21 21 21 23 20 39 42 45 72 119 148 159 164 170 174 175 179 180 181 179 181 180 179 181 183 184 185 186 187 189 189 190 191 191 192 190 191 191 190 191 189 185 183 182 188 194 191 187 186 183 183 182 179 176 176 175 174 169 174 163 174 174 170 171 155 148 145 144 147 147 144 154 153 148 148 150 153 153 153 150 145 140 153 151 156 152 142 134 129 129 129 129 131 128 115 
21 21 21 21 21 21 21 21 24 21 38 42 40 42 49 80 125 147 156 165 169 175 176 179 180 180 181 181 181 181 182 185 184 185 186 187 189 188 188 188 189 190 190 191 193 193 192 188 190 193 187 182 180 179 180 176 174 170 170 171 172 174 174 160 163 175 176 172 166 157 141 141 146 148 151 148 151 151 149 151 144 151 149 151 146 143 147 153 154 154 152 136 131 129 128 129 133 128 120 114 
21 21 20 20 21 21 22 21 25 21 42 43 44 46 47 49 55 80 118 146 160 169 172 174 175 177 181 180 179 180 182 183 182 182 183 183 182 183 184 185 185 188 188 188 186 184 184 181 180 179 175 174 173 172 172 171 169 167 166 168 169 169 172 171 153 164 161 156 158 152 144 132 145 158 156 157 152 145 153 150 146 148 145 148 141 140 148 151 154 154 150 133 132 130 130 131 128 121 121 116 
21 21 21 21 21 21 21 24 23 22 40 42 44 47 48 49 49 52 55 77 116 138 155 168 172 176 177 179 177 178 180 180 179 179 179 179 179 181 181 181 183 182 184 182 183 181 179 177 175 174 171 171 170 170 170 170 168 168 168 168 169 171 171 172 167 146 150 153 161 165 158 143 130 143 150 157 154 152 149 147 146 142 147 143 135 140 146 149 150 155 146 132 133 132 130 126 123 120 120 112 
22 22 23 23 23 23 23 24 23 40 54 53 55 57 59 58 58 58 59 60 62 72 105 133 150 157 163 172 176 176 175 175 175 179 180 183 183 182 181 182 184 184 177 178 179 177 174 172 169 168 168 166 167 167 167 167 169 167 171 173 174 171 171 171 169 163 147 153 160 163 162 155 138 127 140 145 147 142 137 146 146 141 145 137 132 138 146 149 152 154 138 136 132 135 127 122 121 122 114 110 
29 30 32 32 33 33 35 37 40 54 56 58 58 58 58 57 59 57 59 55 54 52 34 76 109 129 136 151 167 174 178 178 179 176 174 174 175 175 173 173 171 168 167 166 168 171 168 167 166 165 165 164 163 162 164 167 168 167 173 173 174 169 170 170 168 168 162 151 160 159 161 159 152 132 131 135 134 141 136 137 148 141 139 132 131 134 142 152 153 141 138 135 134 133 127 123 123 123 110 111 
59 67 65 65 65 66 63 67 68 71 80 91 94 77 75 94 109 121 116 85 84 108 109 104 113 98 111 125 140 152 167 169 174 178 176 175 174 171 170 173 172 172 171 168 165 164 169 171 167 166 167 168 167 166 166 166 167 169 171 171 174 169 166 165 166 165 163 152 162 158 158 159 154 150 133 130 139 132 136 138 146 132 133 130 127 138 148 152 141 134 133 136 139 137 125 123 126 119 109 111 
206 224 230 225 224 218 156 222 235 242 248 249 251 164 127 197 208 235 234 199 165 143 143 116 128 82 95 120 114 123 141 156 162 169 171 171 171 174 176 177 174 175 176 174 171 169 167 166 168 169 168 171 171 170 169 169 169 169 168 168 171 171 163 161 162 163 160 154 163 157 156 154 149 152 149 135 123 136 129 137 131 125 125 122 127 147 148 141 133 139 141 138 143 139 124 123 122 113 114 110 
222 218 230 245 247 230 164 235 242 241 249 252 251 179 118 195 183 173 157 143 155 161 135 131 122 132 132 119 138 86 103 120 131 149 158 163 166 170 172 173 170 171 172 172 170 165 167 169 167 169 166 167 168 169 168 167 166 165 165 166 168 165 166 160 157 160 156 154 162 157 156 153 149 148 150 146 136 118 129 131 124 124 121 117 130 139 135 133 142 140 143 142 137 131 127 125 118 114 112 108 
213 204 225 226 228 218 148 211 212 215 225 231 233 181 89 155 161 164 146 199 196 175 136 127 138 121 112 122 147 68 80 88 122 109 119 138 149 154 162 165 166 167 168 167 167 163 161 162 162 163 163 158 157 161 161 161 159 157 157 161 160 161 158 163 155 153 152 152 159 155 155 151 150 145 149 148 143 133 119 123 124 119 120 120 121 125 134 135 142 138 139 136 130 125 126 127 118 115 110 108 
152 149 179 202 211 212 146 195 220 238 232 241 240 190 115 186 181 175 169 192 185 177 140 131 115 107 113 119 124 64 74 76 106 97 99 95 112 129 139 146 153 156 159 160 160 160 156 155 153 153 156 158 152 146 146 150 152 148 150 151 149 153 151 157 154 147 149 151 156 152 150 146 148 147 144 145 135 124 123 115 115 113 116 119 112 115 127 137 142 136 134 137 131 122 124 124 119 112 108 107 
163 213 227 239 234 220 152 233 241 237 244 241 235 190 105 182 174 183 212 190 179 168 126 118 110 115 111 109 120 61 75 68 67 75 75 65 71 86 110 115 125 135 141 143 146 147 145 143 144 145 143 143 149 150 143 137 140 141 140 146 147 143 143 153 152 147 145 150 150 147 144 142 144 143 141 131 124 128 123 114 112 114 109 113 112 110 118 138 137 132 137 138 127 118 118 116 114 112 109 106 
187 218 235 220 221 181 143 238 227 239 235 236 240 187 92 165 166 210 237 218 192 167 120 116 114 115 110 110 116 57 63 65 68 72 67 63 60 33 51 83 109 116 116 121 122 125 130 132 135 137 136 135 134 136 142 142 134 130 128 139 143 136 133 142 147 146 143 141 142 143 139 138 137 137 127 121 127 130 125 116 121 122 111 108 109 112 114 137 138 131 135 134 124 113 112 116 114 113 110 103 
214 204 222 224 215 177 144 221 237 244 243 240 241 193 88 144 164 206 222 195 196 189 124 115 109 111 107 115 138 52 68 75 63 68 64 58 55 29 30 30 41 64 97 122 130 127 125 125 121 124 125 127 127 126 130 134 136 137 128 129 135 133 130 130 137 136 132 135 137 138 132 130 130 129 116 118 127 127 119 124 123 124 112 110 109 113 114 132 138 133 127 132 125 111 112 113 111 111 106 99 
210 205 215 205 180 191 138 218 216 237 239 236 239 196 79 156 162 187 197 175 188 174 121 120 111 114 126 123 119 53 64 63 64 63 61 57 56 25 27 30 29 27 30 36 57 89 119 134 138 140 139 141 140 141 142 143 142 142 144 141 132 129 127 126 133 130 133 138 138 133 125 120 119 113 111 118 127 122 131 126 121 121 111 107 111 113 116 130 135 133 127 127 120 114 115 113 108 107 101 99 
197 208 197 182 195 207 134 219 215 217 225 228 234 190 77 156 185 162 164 165 162 162 114 112 106 108 109 114 106 49 69 75 60 65 65 64 61 33 17 26 23 25 23 24 23 23 37 82 106 110 114 120 124 131 136 134 132 128 126 130 133 124 123 124 124 128 131 129 129 123 112 111 118 114 111 123 124 127 129 125 119 115 99 102 111 111 123 132 130 121 126 126 113 115 115 111 110 102 101 95 
210 190 194 182 185 208 114 228 237 232 224 220 232 182 80 160 181 184 165 144 136 150 117 105 101 100 104 100 108 50 62 76 72 71 67 69 65 45 17 21 20 18 20 19 18 18 18 18 38 63 85 98 102 100 96 104 115 118 123 129 129 124 120 120 116 112 101 96 107 116 117 123 131 109 120 121 127 127 126 123 113 104 95 105 110 120 128 129 116 117 123 119 114 115 115 111 106 101 98 92 
197 200 178 165 196 196 113 195 214 225 216 216 241 187 93 209 236 226 190 201 143 95 113 95 90 97 95 94 97 48 61 65 66 62 64 64 62 30 9 17 16 15 15 14 13 12 12 9 9 10 12 15 27 49 69 87 100 108 112 115 116 115 108 98 86 78 66 44 91 112 124 125 115 115 123 131 134 134 129 118 109 108 110 108 115 122 124 119 112 118 122 115 115 113 110 107 105 98 97 92 
190 198 187 187 210 210 123 192 189 202 189 194 212 173 71 147 180 164 218 209 186 110 98 103 87 84 85 84 85 46 58 69 53 58 60 58 55 32 6 11 10 10 10 9 8 7 7 6 4 5 6 5 5 7 10 23 40 58 71 81 81 78 71 65 66 50 13 4 27 106 117 121 113 121 127 131 133 125 114 111 112 111 105 109 115 116 117 106 108 111 111 111 109 109 108 106 103 99 94 92 
