40 41 42 42 43 42 45 47 45 42 43 42 40 40 41 47 52 59 68 70 72 71 72 74 74 75 76 77 77 75 76 76 75 74 74 72 69 68 67 67 68 68 69 69 67 66 65 66 65 66 65 65 65 79 99 108 109 104 104 102 106 112 113 114 116 117 118 116 118 122 121 119 121 128 133 127 124 131 129 126 129 134 136 132 129 128 133 142 145 145 152 162 168 167 151 147 154 113 112 99 
37 37 38 39 39 37 37 39 42 45 45 44 41 40 41 42 42 61 71 72 71 73 76 79 82 83 84 86 86 85 86 87 87 86 85 84 80 75 71 70 72 74 75 76 75 73 74 74 74 74 74 76 78 95 109 106 109 105 106 105 108 115 116 117 117 118 116 116 119 122 124 125 126 130 133 124 123 131 129 126 129 133 133 132 132 133 137 143 144 144 149 160 174 176 164 147 152 115 108 94 
36 36 37 37 38 38 38 38 40 42 47 45 42 40 41 45 52 97 113 115 108 102 89 76 78 83 84 87 89 88 89 90 89 89 88 87 84 74 67 65 66 68 72 76 78 79 78 78 78 78 78 79 85 95 105 108 110 107 108 108 112 117 117 117 117 117 117 120 122 121 124 128 129 133 134 125 123 131 129 126 129 132 132 131 132 134 138 145 147 147 153 161 171 175 172 148 157 116 107 95 
38 38 39 39 40 38 39 40 43 45 48 46 43 41 41 43 55 108 115 117 121 126 124 116 97 76 77 78 76 77 80 83 82 83 83 82 76 63 54 51 53 54 61 66 72 76 77 77 78 80 80 85 95 104 111 112 112 110 112 110 115 116 118 119 119 118 120 121 124 120 124 130 128 133 135 124 122 132 133 130 131 133 135 135 134 135 140 144 145 148 152 163 172 172 171 146 154 116 110 98 
38 38 39 39 40 39 39 40 43 46 48 47 43 41 42 43 52 103 120 117 120 125 125 130 128 104 76 62 62 62 59 62 64 66 69 69 64 50 41 40 42 42 48 52 58 64 69 70 72 73 75 88 97 103 111 112 112 111 112 110 114 116 117 118 119 118 120 121 124 124 128 132 128 130 130 124 123 130 131 129 129 129 130 132 131 132 142 147 145 151 152 164 172 175 173 147 150 113 110 96 
38 38 39 39 40 41 41 42 44 47 49 48 44 42 42 43 47 89 124 120 119 120 123 128 130 134 123 105 83 70 68 65 65 67 67 68 63 49 38 37 39 39 40 41 46 52 53 58 60 63 69 91 97 101 110 112 112 110 112 110 114 118 118 118 119 120 123 124 123 128 131 130 126 128 127 125 126 130 130 128 130 131 132 134 134 135 144 147 144 152 154 161 163 169 163 143 146 116 114 97 
38 38 39 40 40 41 42 43 45 48 50 48 45 43 43 44 45 76 125 126 126 118 117 122 126 125 123 133 135 109 93 86 80 74 72 70 65 49 38 34 35 35 36 36 39 44 46 54 58 65 74 92 97 99 109 112 112 112 113 112 116 121 120 119 121 123 125 126 124 132 131 126 127 130 128 124 128 132 133 130 134 133 133 135 132 131 143 146 143 151 152 160 160 162 154 143 151 122 118 98 
39 40 40 41 41 42 44 44 45 50 53 51 46 44 44 44 48 63 114 128 122 115 119 114 115 115 119 120 128 121 117 112 95 78 72 64 55 41 30 26 25 24 27 26 27 30 32 38 41 48 59 86 95 98 109 110 112 111 109 111 118 122 121 122 124 125 125 127 125 132 126 124 127 128 126 124 128 129 135 129 135 133 131 134 134 133 145 148 148 151 152 162 162 159 149 141 152 125 111 94 
40 41 41 42 43 43 45 45 46 51 54 50 45 44 46 47 58 60 93 117 110 108 118 113 107 104 108 110 120 120 120 111 103 93 85 82 75 56 39 29 26 25 26 28 30 30 31 33 34 37 42 78 96 102 109 108 113 111 107 110 119 124 124 123 124 124 123 127 125 129 125 124 125 123 122 125 128 132 133 132 132 133 131 134 137 138 141 148 146 147 151 157 159 159 150 143 154 128 115 98 
41 42 42 43 43 44 46 46 47 52 55 51 48 50 55 67 78 84 86 99 98 94 100 97 98 98 102 104 111 104 103 100 96 94 90 97 96 74 53 39 36 39 36 37 37 33 34 34 36 38 38 74 94 101 108 111 111 111 110 111 117 123 123 122 122 122 123 130 125 125 121 122 124 124 124 126 128 135 131 133 129 132 135 139 135 137 142 154 150 149 155 157 156 158 152 145 155 131 117 99 
43 43 44 44 45 46 48 48 49 53 56 54 53 58 73 84 89 92 91 87 86 88 95 96 97 105 108 115 109 127 126 114 118 108 101 99 101 91 80 63 54 55 49 43 37 35 33 30 35 32 38 74 99 103 106 107 109 111 107 111 115 118 121 121 122 124 126 128 125 120 119 121 125 127 128 126 126 133 132 134 131 134 134 138 134 133 142 155 150 148 155 153 153 161 151 149 156 134 105 95 
44 44 45 45 46 47 48 49 50 54 56 58 65 76 90 91 91 93 93 91 90 88 90 98 116 123 129 105 100 128 148 121 116 111 111 108 106 105 102 90 91 94 86 75 64 56 46 43 44 38 40 73 91 98 104 105 107 112 109 111 114 118 120 119 118 120 125 128 125 121 119 123 127 129 129 126 125 133 134 137 136 138 135 137 136 135 144 157 152 149 153 152 155 163 156 148 155 135 113 102 
45 45 46 46 47 48 49 50 51 55 60 64 75 85 91 90 92 95 98 101 104 100 97 111 123 137 141 70 53 75 147 120 115 121 129 130 126 116 118 109 113 117 116 109 108 98 85 84 80 75 72 83 88 95 97 96 103 103 98 103 108 115 117 117 117 119 124 126 123 119 118 122 127 129 128 125 126 135 135 137 135 139 137 138 140 138 145 156 152 152 153 154 155 158 163 154 154 136 110 100 
45 46 47 48 49 50 51 51 52 55 60 67 78 88 91 91 92 94 95 94 96 97 96 116 142 156 153 111 87 106 150 129 130 139 142 131 131 130 126 120 128 137 133 122 121 118 114 112 109 108 101 97 100 104 103 99 110 106 97 98 104 103 105 104 105 104 113 115 116 117 118 124 127 126 128 127 130 139 139 139 138 137 135 137 138 136 144 153 153 151 152 156 159 159 171 159 158 145 111 104 
45 46 48 49 50 52 51 52 54 56 59 67 79 87 93 92 93 97 100 102 97 96 96 111 136 146 149 152 131 119 114 124 137 149 151 141 133 135 133 132 134 141 145 138 130 125 124 123 124 124 115 110 103 109 121 121 121 121 112 111 117 115 111 109 115 111 113 114 116 119 125 130 135 129 121 123 128 138 140 139 141 138 135 137 140 137 142 153 154 151 151 156 160 162 170 157 154 146 110 103 
47 48 49 50 51 53 52 53 55 58 62 67 76 84 90 89 88 88 89 90 96 113 125 136 142 146 149 149 132 123 115 116 139 160 154 144 132 134 138 142 144 151 155 151 143 134 132 130 130 134 128 113 106 119 138 137 136 138 121 123 135 132 122 114 117 114 109 110 110 111 120 127 135 128 119 126 132 139 140 138 139 139 137 138 141 137 141 150 153 150 149 152 158 165 168 160 151 145 110 106 
49 48 50 51 52 51 54 58 58 62 74 91 109 114 107 99 96 94 94 97 104 118 139 161 162 158 152 144 130 128 136 128 123 133 132 138 141 136 143 152 158 162 161 155 147 134 133 141 144 143 133 120 113 122 140 147 149 146 122 126 144 142 132 117 113 110 107 109 109 108 118 128 131 124 121 128 134 141 142 138 138 137 140 144 141 138 143 153 157 154 152 154 155 167 169 164 152 147 109 103 
51 51 54 52 55 56 60 78 95 109 116 121 121 117 113 105 101 96 95 101 114 128 144 145 120 114 127 127 112 109 120 124 121 104 121 145 145 137 142 153 163 168 166 159 150 137 141 150 152 153 147 137 128 125 132 137 152 150 130 124 140 138 128 124 124 115 108 108 110 109 116 125 126 123 121 128 134 140 143 142 140 139 140 142 144 141 138 151 153 152 149 153 159 166 168 157 153 150 105 100 
53 55 56 54 60 91 116 117 115 116 117 119 119 118 121 117 108 102 101 103 107 127 121 85 63 73 124 142 120 126 148 163 154 119 124 144 141 136 144 154 163 168 167 162 153 149 148 150 156 156 149 142 135 129 134 142 147 149 144 133 127 129 125 126 128 125 118 111 109 108 114 118 119 122 126 130 134 140 143 141 140 143 142 140 145 143 139 149 156 153 151 156 163 168 164 155 158 155 108 108 
54 55 54 55 72 115 112 117 120 120 119 120 119 118 120 124 122 114 106 109 115 126 118 102 89 108 137 129 126 135 147 156 148 128 134 141 137 141 152 157 160 161 158 152 143 146 150 152 153 145 146 143 143 137 135 137 140 140 139 130 116 107 101 97 98 101 101 97 99 100 102 105 104 108 118 124 130 138 142 139 137 141 145 144 142 141 141 139 153 151 152 158 163 160 160 158 160 160 111 112 
53 54 54 55 57 84 109 122 123 122 126 123 122 124 124 124 127 123 112 110 113 107 118 140 143 131 123 117 121 134 140 145 138 127 133 137 139 147 154 157 158 159 151 138 133 139 144 147 146 139 142 147 145 144 138 138 134 128 124 115 102 99 88 95 100 95 92 90 89 87 91 94 98 97 101 110 113 125 132 134 135 135 142 142 141 142 146 149 153 152 153 155 160 164 159 159 160 164 112 107 
54 55 56 56 57 60 75 99 117 126 127 125 127 131 123 115 115 119 119 111 103 94 103 120 121 117 114 113 122 133 137 141 143 136 136 139 137 145 153 157 157 155 145 136 135 141 146 146 141 132 135 141 144 141 130 128 125 108 98 98 91 90 92 99 100 98 98 94 89 92 93 92 92 90 96 98 97 107 117 122 125 129 135 138 143 144 143 150 160 161 156 155 161 162 156 160 164 164 113 113 
56 56 58 58 59 59 57 65 74 86 104 114 124 132 133 133 133 133 127 115 105 93 96 110 119 121 110 109 125 132 135 139 141 132 126 132 136 144 149 152 149 140 132 129 137 144 141 138 132 122 126 130 125 122 112 106 101 92 86 89 91 88 92 95 101 101 106 107 96 96 96 93 93 87 90 96 97 101 109 112 113 119 130 139 139 137 139 148 160 163 158 156 163 164 159 164 166 154 107 114 
58 58 59 59 60 62 61 62 61 66 69 77 85 88 92 100 104 110 117 119 113 104 98 97 99 100 101 110 109 107 117 119 122 119 120 130 134 140 145 142 137 132 121 128 131 134 136 134 129 126 123 115 104 100 98 88 82 75 78 88 85 90 89 90 101 105 103 103 98 99 99 91 97 96 96 99 103 99 104 108 107 104 117 133 134 134 138 147 157 161 156 155 163 165 160 167 167 158 109 114 
59 59 60 60 61 61 61 62 64 67 66 70 76 77 73 70 69 73 85 95 96 100 101 96 96 101 100 103 104 101 107 110 114 114 118 125 125 124 127 123 122 124 120 130 124 117 118 125 124 128 123 109 98 84 83 84 75 75 80 86 87 87 88 89 92 98 103 102 101 101 99 93 98 98 101 102 109 108 111 104 105 97 104 124 134 135 138 146 155 160 153 153 159 159 159 167 163 158 111 115 
59 59 60 60 61 62 61 63 65 68 70 71 76 78 72 70 68 63 62 66 72 78 77 70 75 89 92 94 101 101 103 112 116 113 113 116 111 112 117 118 120 119 115 124 119 125 132 136 126 131 134 131 140 136 127 119 103 83 74 76 83 89 88 85 84 90 95 98 100 101 104 104 103 104 105 102 109 110 115 108 110 102 97 105 116 127 135 145 155 163 159 158 158 158 161 165 161 157 115 117 
60 60 60 62 62 64 64 63 65 66 68 69 76 80 74 69 70 67 62 63 66 72 68 54 53 65 77 82 87 92 96 102 107 107 108 111 110 111 114 111 113 119 120 129 113 125 128 141 132 128 129 139 144 142 147 152 150 145 127 97 92 95 83 75 77 79 83 88 90 88 92 101 101 106 112 110 115 110 112 115 113 102 100 103 108 117 125 140 152 161 161 161 161 165 164 161 162 157 117 119 
62 62 63 63 64 63 64 65 67 67 68 72 80 81 74 72 73 70 66 67 71 74 70 60 52 55 68 76 79 81 87 90 91 94 99 101 102 104 105 110 114 117 118 119 115 119 121 134 137 136 134 138 154 144 138 137 133 131 136 122 118 114 101 92 81 68 71 77 85 81 93 93 94 97 106 111 108 110 119 115 111 103 109 114 114 120 120 132 148 158 161 158 157 163 163 162 163 154 112 118 
63 63 64 65 65 64 65 66 67 69 68 69 80 90 94 94 96 95 92 92 92 92 91 89 86 86 87 86 81 79 79 80 81 82 83 85 91 94 97 102 109 112 116 111 126 120 118 126 132 133 135 134 139 137 135 130 119 116 127 130 126 113 103 97 90 86 80 74 78 79 91 94 103 104 99 101 102 102 111 116 120 113 110 112 124 128 119 126 142 154 158 159 161 169 165 162 157 153 117 123 
64 64 65 65 66 65 66 67 68 69 70 71 91 117 134 134 137 138 135 134 135 132 129 130 127 124 122 115 102 89 81 83 86 88 88 88 90 91 90 92 97 105 109 113 111 119 123 118 123 128 138 135 134 132 126 123 114 113 115 117 114 106 101 100 98 100 102 90 89 86 87 85 92 93 97 106 104 105 115 115 127 128 121 116 121 125 123 127 129 151 159 158 157 169 165 163 153 151 118 123 
64 65 66 68 69 67 67 67 68 69 70 70 88 116 133 136 137 137 137 137 136 131 121 108 103 104 103 101 95 88 83 82 87 92 95 96 96 95 91 90 92 97 98 103 100 101 126 114 109 131 128 113 107 103 100 103 106 116 123 121 113 108 112 119 118 116 109 102 96 103 101 96 93 92 93 103 107 109 118 122 123 129 126 114 112 120 120 117 121 147 159 161 155 161 167 165 161 155 116 119 
66 66 67 68 69 67 67 68 69 70 72 70 77 91 99 101 102 102 103 104 104 109 103 81 72 71 69 68 68 71 74 80 85 90 93 96 99 101 100 99 100 97 92 88 85 85 107 119 108 106 95 84 84 89 93 99 102 108 116 121 129 131 124 123 122 106 102 110 113 120 115 106 106 110 111 111 107 100 105 115 115 116 112 104 110 116 115 113 119 152 163 161 161 160 165 162 156 153 121 122 
68 68 68 68 68 68 69 70 70 71 71 70 74 81 86 86 85 85 86 86 86 96 99 83 69 67 66 65 65 65 68 74 79 85 88 90 93 99 101 101 102 104 97 88 80 80 88 98 93 93 88 76 77 83 83 87 102 118 128 128 155 161 138 113 113 103 118 137 139 134 121 118 113 108 111 116 119 106 95 101 114 124 124 129 131 125 123 118 123 154 165 167 166 158 164 161 154 155 116 117 
68 68 69 69 69 69 69 70 70 71 70 70 72 76 78 77 77 77 77 77 78 89 98 93 81 74 73 74 74 73 72 74 78 80 82 83 87 91 94 96 100 100 95 84 74 79 90 88 87 88 83 74 75 81 89 95 108 132 109 80 91 128 149 114 106 103 117 139 145 136 138 131 121 106 109 120 130 121 105 97 105 122 127 140 147 144 143 135 137 154 164 169 165 156 161 161 156 158 109 108 
68 68 69 70 70 69 69 70 71 72 72 71 72 75 74 74 75 75 75 75 74 84 95 96 83 74 72 72 73 72 71 72 74 74 75 76 79 81 85 90 95 92 87 78 75 86 90 96 101 88 69 68 76 76 90 117 143 152 71 33 40 81 142 132 110 108 112 130 135 141 144 134 127 121 125 118 124 128 122 114 104 113 122 133 141 144 149 143 150 157 167 172 162 154 156 160 157 157 112 110 
71 71 72 72 73 72 72 73 74 74 75 73 73 74 73 74 74 74 74 74 74 78 90 97 84 71 67 66 68 67 66 67 68 69 70 70 70 74 76 81 85 78 70 77 82 86 90 89 96 95 85 78 87 108 124 124 120 162 121 71 82 89 162 146 135 132 120 139 135 135 131 136 133 124 121 121 124 130 129 119 110 122 130 138 142 145 153 149 152 157 164 166 156 154 156 159 159 163 115 113 
72 73 73 74 74 74 74 75 75 76 76 75 75 77 76 76 76 76 76 76 78 78 87 100 92 76 70 69 71 70 69 68 69 70 70 71 70 71 71 75 76 71 78 83 86 93 91 86 84 84 84 80 80 84 103 126 145 163 180 157 110 97 122 114 117 138 138 154 164 157 140 136 134 133 136 130 130 129 131 141 135 137 137 142 150 150 148 134 132 151 164 161 151 158 161 159 158 164 109 101 
74 74 74 74 74 74 74 75 76 76 78 77 77 76 75 76 76 76 76 76 76 79 88 102 97 80 70 69 71 70 70 69 69 70 69 70 72 71 72 74 76 77 84 91 99 103 99 87 81 77 76 73 79 95 112 131 146 144 152 163 168 150 126 116 103 124 164 184 173 164 148 144 134 134 139 142 140 140 139 146 148 150 148 153 155 141 128 121 118 129 141 158 151 156 158 155 160 166 117 114 
77 77 77 77 77 77 77 78 78 78 78 78 78 77 77 77 78 78 78 78 77 80 85 100 103 90 77 76 77 75 76 74 74 75 75 75 76 74 73 74 75 77 79 85 89 87 86 88 90 87 81 72 73 96 123 140 153 151 152 158 161 152 151 143 127 95 105 152 151 140 161 164 141 129 138 140 136 139 139 148 151 156 154 155 144 122 112 118 116 126 130 137 149 154 158 160 168 172 116 115 
78 78 78 78 78 78 79 79 80 81 80 79 78 78 77 78 78 78 78 78 79 80 81 96 109 104 92 90 90 88 88 87 87 88 88 88 87 85 85 86 87 82 75 81 93 97 94 98 98 91 81 80 89 113 129 136 145 146 150 157 163 152 149 144 131 106 82 93 130 151 170 169 146 125 131 140 139 142 140 145 145 149 145 142 126 107 99 109 111 106 113 132 148 152 156 159 168 175 125 122 
80 80 80 80 80 80 80 81 81 82 81 80 80 80 80 80 80 80 79 79 79 78 80 91 104 101 83 75 75 74 74 76 76 76 76 75 75 75 75 75 77 77 82 87 100 97 90 82 84 92 94 104 118 121 124 140 176 177 163 148 135 123 129 116 96 109 153 153 146 152 168 164 142 126 125 132 134 133 134 137 135 134 135 131 112 99 95 85 77 102 118 129 145 150 153 156 167 175 121 118 
81 81 81 81 81 81 81 82 83 83 82 82 82 82 82 83 82 82 81 80 80 81 81 89 102 106 87 75 74 73 73 74 74 74 74 74 73 74 75 76 77 78 91 100 114 117 112 99 92 92 92 93 105 117 134 155 114 81 83 87 132 142 113 135 148 186 194 180 156 152 164 151 133 131 133 126 126 129 133 139 131 121 123 118 99 93 93 89 104 124 124 128 136 144 150 155 168 174 120 115 
81 81 81 81 81 82 82 83 84 84 83 83 83 83 83 84 84 84 83 82 80 82 81 84 101 112 95 81 77 75 75 75 75 75 75 74 73 74 76 78 81 86 108 127 131 124 115 111 103 91 84 90 94 108 123 125 54 44 48 97 150 177 155 128 123 174 185 186 165 143 140 129 128 138 138 125 116 113 113 113 111 114 123 115 94 93 100 94 106 130 131 127 129 138 145 152 165 172 120 118 
81 81 81 81 82 83 83 84 85 85 84 83 83 83 83 85 85 85 85 85 84 81 79 84 100 113 102 87 81 79 78 80 82 82 82 80 75 74 78 77 93 114 133 130 122 137 135 125 117 109 106 103 95 98 114 117 83 70 82 120 165 154 151 124 123 157 166 159 142 138 131 114 123 134 129 121 117 114 106 101 105 112 120 108 87 87 96 105 111 127 132 127 127 135 142 151 162 168 117 112 
81 81 82 83 83 84 84 85 86 86 85 85 85 85 85 85 86 86 87 87 87 88 84 77 73 72 70 65 63 66 72 78 80 90 97 93 91 85 90 116 129 128 126 126 128 140 143 130 124 124 120 118 114 110 120 129 141 151 163 165 145 143 140 123 129 147 147 148 142 141 124 113 114 117 119 119 119 116 105 101 106 107 112 102 92 89 100 110 115 126 121 127 132 138 141 151 163 165 116 112 
83 83 84 85 85 85 86 86 87 87 87 86 86 86 86 86 87 87 88 89 90 84 59 42 56 67 78 86 77 68 70 76 64 49 58 71 79 108 132 135 127 125 133 136 136 139 144 147 134 122 114 114 121 128 129 134 148 158 154 137 141 133 129 134 137 142 137 141 141 132 115 108 103 104 114 118 109 103 96 100 109 113 107 93 91 94 105 106 110 117 128 133 143 142 141 150 162 162 112 113 
85 85 85 86 87 86 86 87 88 88 88 88 88 88 88 87 88 88 89 89 89 90 64 37 46 58 75 93 90 88 89 93 100 86 72 68 106 142 131 131 131 139 139 137 140 143 151 147 143 144 131 119 119 130 134 138 141 142 136 135 134 125 118 122 118 126 122 124 123 110 99 98 100 101 101 98 94 93 93 94 101 102 92 78 75 68 67 53 100 146 153 154 150 139 143 152 161 166 115 119 
88 88 87 87 87 88 88 89 90 90 89 88 88 88 88 89 89 89 89 90 90 92 83 60 45 44 48 63 79 77 80 91 93 86 74 80 122 120 113 126 135 136 137 139 145 150 154 147 141 136 137 131 125 129 137 137 131 128 128 131 132 121 109 106 108 115 107 102 98 95 93 90 96 95 89 93 91 89 95 92 92 83 61 46 46 49 47 42 101 146 154 150 143 138 147 150 166 168 116 122 
90 90 90 91 92 90 90 91 91 92 92 91 91 91 91 91 91 91 91 92 93 92 96 96 77 53 40 42 52 64 74 78 70 64 61 68 101 118 112 120 130 133 136 133 137 146 147 144 145 142 135 123 119 120 125 127 123 117 113 114 113 113 103 98 100 95 84 82 82 82 85 84 90 92 88 89 87 82 78 66 58 48 48 55 46 45 56 53 101 138 145 143 140 146 153 154 167 168 117 118 
89 90 91 93 93 91 92 92 93 94 94 94 94 94 94 94 94 94 94 94 94 95 96 98 101 99 74 48 44 54 63 61 49 54 59 68 79 84 90 103 112 121 121 122 128 133 133 140 141 144 144 136 121 118 118 110 104 105 105 96 83 81 81 72 68 61 64 66 65 62 66 72 80 80 70 63 58 49 44 41 47 45 46 55 49 50 59 48 84 117 126 127 135 148 148 153 168 172 122 121 
91 92 93 93 94 93 93 93 93 93 93 93 93 94 94 95 96 96 96 96 95 95 96 98 100 104 112 96 64 54 50 51 52 55 61 63 69 68 52 63 60 84 97 91 87 77 75 74 74 82 87 84 72 79 88 81 69 63 67 64 51 38 50 42 39 41 52 48 44 46 51 52 57 61 54 46 43 37 37 44 41 40 47 52 45 51 50 41 65 89 100 116 133 146 149 152 170 169 123 125 
93 93 94 94 95 96 97 97 97 97 96 96 95 94 93 95 95 95 95 95 94 94 96 98 99 103 112 107 83 68 56 52 50 51 55 57 56 71 55 49 61 76 103 105 106 86 87 78 71 60 50 49 57 60 63 69 61 59 56 62 42 25 32 28 30 37 44 46 44 46 44 39 58 44 28 41 44 43 35 43 44 43 50 50 43 39 29 23 34 52 66 86 121 144 148 155 170 167 122 127 
100 100 101 102 102 102 102 102 102 102 102 102 102 101 101 102 103 103 103 103 102 102 103 104 105 109 110 93 68 63 60 55 59 59 53 54 48 65 72 75 73 62 78 87 93 91 107 92 74 60 62 51 41 47 61 63 60 60 51 46 31 22 27 35 41 42 45 61 57 49 42 40 57 44 39 46 41 41 39 42 46 53 40 29 25 23 18 15 27 41 46 56 88 146 145 154 173 172 123 123 
126 126 127 128 128 127 127 128 128 129 129 130 130 131 132 131 130 131 131 131 131 130 131 131 131 130 104 73 65 63 61 60 61 63 60 63 57 63 70 82 87 87 77 67 53 48 71 69 69 66 67 72 50 42 59 61 55 52 47 35 25 29 29 36 45 49 49 55 65 71 43 33 57 57 54 55 48 40 43 38 45 50 37 38 31 27 27 28 37 45 46 52 60 130 150 162 171 173 122 127 
128 128 129 130 130 128 129 129 130 131 131 131 132 133 133 132 132 133 134 134 134 134 134 135 132 120 88 66 65 64 66 64 63 57 53 56 56 66 79 86 93 97 69 61 72 58 36 49 63 71 65 76 57 41 59 63 47 42 34 24 14 23 32 38 46 47 52 40 48 66 51 50 64 65 62 61 51 46 39 54 52 46 52 34 39 35 38 56 63 63 52 46 51 91 135 151 169 174 121 130 
127 127 128 129 129 128 129 129 130 131 131 131 132 133 133 132 132 133 134 134 133 134 133 134 126 105 77 62 62 63 68 66 61 53 47 52 57 69 82 85 90 94 78 66 56 44 63 79 73 64 57 62 42 44 65 56 38 30 18 12 12 21 35 37 43 43 52 69 48 70 65 68 61 76 61 57 59 46 40 70 45 74 68 25 53 30 46 53 62 69 67 52 52 66 121 146 165 175 120 123 
126 126 127 128 128 128 129 129 130 131 131 131 132 132 133 132 132 133 134 134 132 135 132 133 121 92 65 57 58 59 62 52 44 49 48 48 53 57 66 77 84 86 74 81 90 92 103 106 84 70 61 47 47 57 60 45 38 23 12 16 20 26 41 40 51 58 46 58 49 61 79 62 61 70 46 60 61 23 61 86 52 93 78 33 47 49 51 39 46 53 65 55 53 51 100 144 162 181 124 122 
126 126 127 128 128 128 129 129 130 131 130 130 131 131 132 131 131 132 133 133 133 133 135 133 124 109 81 63 56 56 53 51 44 46 46 42 47 50 55 77 69 67 67 86 93 103 91 91 78 57 54 51 54 55 45 32 32 25 14 19 25 45 43 51 61 74 52 51 50 64 79 60 75 61 45 69 67 28 72 92 55 84 91 55 25 60 67 37 40 51 57 59 65 55 77 137 161 173 129 140 
126 126 127 128 128 128 129 129 130 131 130 130 131 131 132 131 131 132 133 133 134 134 133 133 132 131 114 88 61 58 51 49 44 39 41 44 38 38 47 59 47 55 69 89 97 95 83 80 68 51 41 50 47 42 35 27 27 27 27 30 32 59 65 56 58 84 71 55 60 60 80 72 88 59 49 63 76 36 48 84 65 59 76 81 48 69 72 58 66 64 57 59 65 58 73 133 157 173 120 124 
126 126 127 128 128 128 129 129 130 131 130 130 131 131 132 131 131 132 133 133 133 135 134 132 134 136 136 119 80 66 55 54 49 45 41 37 39 47 53 54 44 55 72 83 76 67 66 73 62 51 43 39 37 34 28 19 15 14 18 26 37 46 74 64 52 81 67 49 57 58 67 89 81 69 49 50 81 63 32 65 91 61 63 94 61 70 71 79 79 69 64 57 56 58 69 131 155 172 120 124 
126 126 127 128 128 128 128 127 129 131 130 130 130 130 130 130 132 132 130 130 130 132 133 133 135 135 141 143 109 82 59 51 47 43 47 39 49 59 60 55 50 66 82 62 62 60 56 63 49 42 35 36 31 30 26 22 18 22 28 31 44 48 64 66 58 69 68 51 60 63 65 97 74 81 73 66 85 85 56 64 88 76 54 76 72 67 74 88 82 80 68 60 52 61 63 120 149 164 117 115 
126 126 127 128 128 129 128 128 128 129 129 129 129 129 129 131 131 131 132 132 131 131 131 131 131 133 138 145 129 105 76 56 48 42 42 47 50 58 67 63 53 58 60 53 57 54 51 49 37 33 31 34 27 26 22 22 27 36 53 52 44 51 57 55 66 70 78 63 57 75 62 110 97 101 107 87 89 98 79 50 70 83 58 62 71 69 72 88 91 87 69 57 54 65 69 124 152 168 117 109 
126 126 127 128 128 124 125 127 127 127 127 127 128 130 131 131 130 131 131 123 120 123 124 127 129 131 133 132 118 100 64 40 52 65 63 60 55 56 67 70 60 51 55 64 64 58 50 44 37 33 31 31 26 25 21 18 23 29 54 62 56 53 62 65 63 68 75 68 47 76 53 83 118 121 119 114 108 71 86 77 61 74 79 68 64 62 70 88 96 92 74 64 59 66 74 127 146 159 127 133 
126 126 127 127 128 129 127 125 116 111 116 118 122 125 127 127 128 132 126 104 88 85 88 91 100 104 112 113 93 67 37 41 55 62 83 100 88 74 78 78 75 65 58 61 59 59 55 50 44 36 31 29 29 28 22 18 30 40 57 60 47 59 56 62 64 68 71 79 46 54 81 70 108 132 128 125 123 94 77 85 88 74 80 85 85 81 70 83 84 74 67 64 60 69 85 139 153 159 128 138 
125 125 126 126 127 125 126 127 111 111 103 106 113 117 120 124 128 125 113 98 88 72 63 56 63 67 75 82 66 44 38 49 65 80 104 116 102 83 83 78 78 72 65 61 56 52 53 50 44 37 32 29 34 39 38 34 37 48 55 68 72 59 69 60 49 62 74 61 66 58 67 83 103 120 128 115 109 86 78 51 44 54 69 89 90 95 87 101 92 77 68 57 52 54 78 143 156 157 126 138 
125 125 126 126 127 125 127 129 115 116 105 106 111 113 115 120 131 132 123 117 127 126 113 89 91 80 65 61 46 43 51 58 83 97 97 95 100 80 58 55 73 73 66 57 51 50 51 49 45 39 35 32 27 29 33 33 38 51 51 59 68 72 75 77 71 61 70 63 63 62 58 61 89 93 80 58 50 57 69 53 71 59 67 78 82 86 92 100 97 79 62 62 57 58 79 143 156 158 132 148 
125 125 126 126 127 126 122 128 121 117 116 110 108 115 114 117 127 132 127 117 113 113 117 112 107 93 74 42 42 61 66 76 89 87 78 84 82 50 48 63 68 66 60 51 46 49 47 48 48 46 43 37 35 30 28 32 40 49 48 55 56 56 56 66 65 62 63 64 66 55 51 54 46 48 39 53 41 83 88 84 75 61 78 76 73 70 89 92 87 78 62 68 67 69 80 135 154 155 123 135 
123 124 124 125 125 124 124 125 125 123 115 114 114 111 113 113 123 120 120 119 108 112 107 102 94 91 70 36 43 60 74 80 72 60 51 60 62 68 75 78 64 45 52 55 52 45 47 61 65 62 53 44 35 30 26 34 52 63 61 73 68 62 61 66 55 48 46 51 43 47 36 23 26 42 75 70 44 84 102 84 44 67 69 57 64 78 94 99 85 78 61 63 66 67 81 118 149 151 120 133 
122 123 123 124 125 126 125 124 125 127 120 107 114 112 110 112 120 115 105 102 98 99 99 108 105 103 93 63 51 51 53 58 50 54 57 63 72 79 87 80 58 52 61 57 53 63 113 121 120 117 119 120 118 108 81 55 38 35 43 49 51 50 56 61 53 49 46 42 34 19 19 24 36 45 74 75 46 46 81 75 40 62 48 55 72 89 85 101 93 82 65 65 68 62 72 109 142 152 124 144 
121 122 122 123 123 125 125 125 124 123 118 111 99 109 106 109 104 97 91 86 88 93 98 106 105 122 134 109 93 94 91 97 92 90 88 84 84 79 86 90 74 62 58 61 55 79 130 122 126 130 132 136 135 132 133 129 124 79 41 48 62 76 74 54 42 47 40 35 25 17 22 31 48 59 65 64 58 30 64 63 56 46 46 56 74 64 86 96 96 95 83 65 65 67 79 99 116 138 123 143 
121 121 122 123 123 123 123 125 125 121 115 106 82 82 94 91 81 77 71 68 69 82 95 106 74 77 100 124 104 108 99 111 109 109 105 99 89 90 98 97 83 65 65 62 56 62 117 119 120 124 124 136 141 133 134 140 141 135 119 110 100 74 44 25 26 25 25 23 21 24 29 33 43 61 63 56 70 59 50 66 57 51 60 54 62 56 85 88 85 91 87 78 82 86 88 83 95 109 106 137 
120 120 121 122 122 121 121 123 125 122 113 92 67 67 73 70 62 56 58 64 80 104 115 100 48 47 61 109 115 103 111 118 115 110 114 107 102 104 114 109 89 67 64 60 57 57 78 111 104 114 117 124 131 133 137 142 147 147 127 118 120 119 98 54 42 46 42 38 37 41 35 40 50 57 68 68 62 81 76 71 62 60 60 63 40 57 78 78 81 85 76 63 59 60 65 83 96 104 97 131 
119 119 120 121 121 120 120 123 124 121 114 77 57 62 71 77 76 67 54 67 86 100 125 135 95 69 75 137 123 121 119 133 130 110 105 106 110 112 118 114 89 71 62 58 57 56 59 82 105 94 108 121 125 133 134 137 142 146 145 138 119 89 72 66 74 68 61 46 38 56 56 60 62 64 70 78 80 79 81 83 62 60 61 62 42 62 64 68 67 70 68 61 55 62 70 89 93 95 100 140 
118 119 119 120 121 121 121 123 122 117 100 63 57 65 72 75 64 76 71 66 90 113 123 143 147 127 110 102 102 121 141 152 151 120 97 105 110 120 127 127 104 75 61 56 56 53 52 58 86 103 98 108 116 128 128 126 134 133 128 125 113 81 68 57 40 34 28 34 51 70 72 70 60 74 75 88 95 93 89 93 79 64 70 44 46 60 46 52 53 59 61 60 58 50 44 49 66 93 99 135 
118 119 119 120 121 118 119 122 120 113 83 54 56 66 71 69 64 71 74 82 96 120 126 129 129 137 135 126 107 92 104 139 138 122 125 109 104 122 133 131 105 76 63 59 56 51 49 52 58 87 103 93 93 99 104 116 118 116 110 103 90 69 65 58 36 29 50 85 98 106 100 65 53 80 90 93 93 98 106 101 95 96 89 64 54 56 39 45 46 43 47 56 53 43 46 71 95 103 96 140 
118 119 119 120 121 120 120 122 120 112 84 56 59 66 68 67 66 72 76 76 97 132 141 143 147 153 143 142 136 122 86 86 105 123 132 110 100 121 135 138 115 79 64 61 53 49 47 54 55 56 83 105 87 81 88 94 83 81 84 83 83 79 79 78 52 56 93 120 115 114 75 52 71 94 102 110 102 89 89 101 101 102 100 90 79 72 63 57 52 50 48 56 57 57 55 70 92 104 99 142 
118 119 119 120 121 119 120 121 118 109 87 62 67 74 75 74 74 65 65 85 106 124 132 146 143 139 129 125 107 106 95 106 108 126 130 106 98 120 137 144 123 82 61 57 48 51 52 53 54 43 35 70 78 63 69 59 56 56 66 70 81 85 90 85 78 95 110 95 104 102 97 83 96 110 108 123 125 97 74 78 95 109 103 106 107 96 91 83 72 71 66 70 68 59 53 64 82 101 107 141 
118 119 119 120 120 121 119 120 117 112 92 65 68 78 77 69 61 57 60 66 74 112 137 111 99 92 99 105 106 131 154 148 130 117 119 97 99 119 135 141 119 83 62 60 55 58 53 52 41 33 38 51 50 57 60 54 51 63 63 69 79 94 97 76 85 118 138 102 89 91 90 96 110 120 124 119 122 118 102 74 70 96 95 108 119 118 110 79 83 79 86 84 75 75 84 96 117 129 130 146 
117 118 118 119 120 120 118 118 116 114 96 83 87 92 86 73 72 69 67 75 90 108 84 47 61 93 141 122 134 123 152 150 133 105 104 102 104 113 124 132 117 93 66 58 56 58 52 46 40 40 44 43 37 33 36 40 41 53 71 88 104 118 104 52 45 56 91 133 94 80 89 107 122 132 136 117 114 126 115 83 74 67 74 97 111 109 87 75 78 69 80 82 85 95 117 128 143 153 142 147 
116 117 117 118 118 118 117 119 114 106 97 106 109 102 98 87 80 74 69 69 76 88 69 53 59 102 123 104 105 110 132 128 124 110 107 100 100 107 104 109 107 95 65 53 56 57 53 41 39 48 53 70 62 68 73 62 45 53 55 52 68 116 120 54 65 60 83 147 121 117 105 112 129 133 134 120 119 122 117 93 100 105 76 51 73 83 73 81 74 57 61 58 68 77 121 141 152 159 141 137 
115 115 116 117 118 117 118 114 110 107 107 102 98 102 107 106 95 90 88 88 86 97 97 107 129 135 115 109 98 104 118 115 118 119 102 94 91 92 86 88 90 86 79 65 57 52 43 28 36 51 60 66 63 68 79 84 61 56 98 120 126 151 169 126 94 70 79 141 120 97 89 109 131 138 134 132 131 128 124 100 99 107 91 78 71 70 75 76 74 68 54 48 55 77 117 143 153 165 156 154 
115 116 117 117 116 116 114 110 112 105 102 104 106 108 113 118 111 105 98 98 99 106 107 121 132 126 115 94 94 104 105 108 108 105 93 82 77 74 77 79 76 75 62 67 68 51 34 16 29 41 46 52 63 62 62 74 71 47 53 88 118 130 149 170 166 124 82 55 57 90 105 135 154 159 144 140 143 144 138 109 91 101 119 115 86 87 85 68 60 53 51 54 59 85 122 148 153 173 164 155 
113 115 116 114 112 111 114 106 103 105 106 108 111 115 115 116 118 118 109 112 107 110 99 89 99 104 106 95 86 89 87 88 86 80 71 67 62 52 52 55 57 63 71 83 86 71 48 26 38 45 53 63 61 57 55 51 41 37 49 72 88 106 108 114 133 128 105 79 60 48 87 150 169 153 143 145 150 148 147 125 105 107 121 131 109 97 88 66 54 52 55 67 74 88 119 146 156 184 167 149 
111 113 115 112 104 115 107 99 105 106 111 109 116 127 127 115 114 117 112 113 113 112 101 90 83 76 78 84 82 74 72 66 65 62 51 60 68 68 68 69 74 84 92 103 109 98 58 34 36 48 67 69 78 84 73 64 54 53 79 94 100 105 108 112 117 103 99 90 73 71 62 96 126 123 136 150 156 148 147 132 114 111 108 122 102 100 107 81 68 71 70 68 69 92 123 146 160 192 173 152 
113 112 115 113 104 105 100 99 107 113 117 118 123 126 119 116 120 126 124 115 108 107 102 92 84 78 74 71 70 72 76 79 78 76 75 84 95 101 103 103 104 109 110 113 116 103 61 43 50 56 54 59 68 73 57 56 76 99 120 127 133 144 150 151 143 108 88 87 63 69 69 66 78 95 126 156 163 149 145 130 109 108 110 121 94 102 115 103 90 84 83 74 71 105 128 143 170 197 172 151 
114 112 112 114 114 111 114 110 106 108 111 114 117 116 108 108 98 93 101 107 107 105 103 101 105 113 110 96 92 99 107 107 105 102 103 110 113 117 117 117 119 121 117 115 115 103 70 37 44 52 45 43 43 44 40 41 47 66 92 118 166 165 153 131 113 84 66 50 55 75 125 147 123 117 137 158 162 148 139 121 106 104 107 106 89 85 112 108 98 91 91 84 83 119 132 147 174 193 170 136 
112 112 112 112 114 113 113 113 114 116 115 115 115 114 114 113 109 111 115 114 114 115 114 115 119 127 126 116 112 115 118 116 118 116 113 118 119 120 118 118 120 123 117 116 117 109 93 48 41 55 74 73 59 50 54 56 70 69 78 118 122 78 73 80 69 94 81 70 102 129 162 164 147 131 143 157 149 139 131 115 105 104 114 115 113 80 99 107 100 95 98 96 96 125 136 154 177 194 166 134 
111 111 112 112 113 112 112 113 114 114 113 113 114 115 115 113 112 113 114 114 113 116 117 116 122 131 130 123 118 117 118 119 120 120 120 120 121 121 119 121 126 126 118 119 119 114 97 81 86 65 75 75 60 55 62 61 78 97 107 123 77 35 59 53 85 162 132 98 77 109 137 148 144 138 135 143 141 130 127 111 108 90 109 112 87 65 101 114 101 102 98 98 119 132 140 157 178 186 154 134 
110 110 111 112 112 111 112 112 113 113 112 113 113 114 115 113 112 113 114 114 113 115 115 115 124 131 128 123 120 121 121 120 120 120 120 120 121 122 120 121 124 122 119 120 118 113 110 97 81 77 93 99 88 80 71 73 74 78 84 101 74 72 64 84 128 124 93 110 97 115 129 133 129 124 121 125 121 114 95 103 98 101 110 108 74 63 121 116 112 106 110 107 130 137 146 166 183 176 136 121 
109 109 110 111 111 110 110 111 112 112 111 112 112 113 114 112 112 113 114 114 113 114 113 115 125 133 128 121 116 115 115 116 116 116 116 116 117 117 116 118 120 119 116 113 109 106 96 93 95 102 107 116 113 97 93 87 85 87 88 88 78 101 133 136 109 78 78 84 102 122 121 131 120 111 109 114 112 100 81 79 102 119 111 76 70 100 118 114 112 107 106 122 133 142 154 172 180 162 123 119 
108 109 109 110 111 110 110 111 111 112 112 112 112 112 112 112 112 112 113 113 113 114 113 116 126 131 125 117 114 114 115 116 116 116 116 117 116 113 118 116 119 117 108 100 97 99 113 121 125 121 121 127 130 127 111 103 96 88 85 68 44 86 100 93 89 95 83 89 108 120 127 126 108 105 108 112 111 85 65 92 107 85 81 71 80 110 108 115 112 106 106 126 135 145 161 176 177 148 121 131 
108 108 109 110 110 109 109 110 111 111 111 111 111 111 111 111 110 111 112 112 112 113 113 116 125 130 124 116 114 114 114 115 115 115 115 115 115 116 115 112 115 112 108 108 112 117 121 125 127 131 135 143 137 129 127 118 93 80 79 61 30 61 97 104 98 95 80 94 92 106 115 114 114 118 114 95 89 80 72 93 77 62 65 91 105 101 106 109 105 101 116 138 136 148 169 181 169 138 130 133 
107 107 108 108 109 108 108 109 110 110 110 110 110 110 110 109 109 110 111 111 111 111 112 115 123 129 122 114 112 112 113 114 114 114 114 114 111 116 106 113 116 116 118 120 123 125 127 131 134 136 139 143 145 136 132 132 95 67 55 40 25 37 80 105 100 72 49 50 54 94 103 105 117 116 102 69 63 78 80 64 49 65 94 105 95 100 104 106 102 106 120 139 138 157 173 182 161 124 140 138 
106 106 107 108 108 107 108 108 109 109 109 109 109 109 109 109 109 109 110 111 110 111 111 115 123 127 120 112 110 111 112 112 112 112 112 113 110 108 98 116 118 116 118 119 124 128 129 127 130 139 148 143 129 116 120 111 78 69 68 51 34 30 31 59 83 85 68 46 50 73 97 99 96 86 78 55 70 81 57 51 74 93 87 89 98 100 98 94 102 118 125 132 141 163 170 178 160 127 145 140 
106 106 107 107 108 108 108 108 108 108 108 108 108 108 108 108 108 109 110 110 109 109 111 114 120 125 120 112 110 111 111 111 112 113 113 113 111 110 102 110 114 114 113 111 115 120 125 121 122 130 134 129 125 114 117 111 100 71 59 66 59 51 35 44 58 71 64 64 66 71 83 84 87 75 73 59 53 66 59 78 90 80 75 88 94 97 95 103 114 119 124 131 145 163 171 175 154 125 142 135 
104 105 106 106 107 107 107 107 107 107 107 107 107 107 107 107 107 108 109 109 108 109 110 111 117 121 117 110 109 108 108 108 109 110 111 111 110 113 110 113 114 112 111 112 114 117 122 122 124 125 122 106 104 105 98 100 86 82 75 67 60 61 53 59 65 77 78 83 83 79 82 84 79 90 92 97 78 72 75 88 90 84 86 96 98 104 107 115 123 124 125 130 147 167 171 174 156 127 147 134 
104 104 105 105 106 106 106 106 106 106 106 106 106 106 106 106 106 107 108 108 107 108 108 109 114 121 119 114 113 111 110 112 113 114 114 115 110 112 114 115 116 113 111 113 114 112 113 113 115 116 113 111 108 107 111 108 108 109 102 95 97 90 85 91 88 94 98 101 101 99 96 99 101 106 117 124 110 92 107 104 100 99 100 107 108 113 117 127 127 124 125 132 150 171 172 174 157 127 148 130 
103 104 104 105 105 106 106 106 106 106 106 106 106 106 106 107 107 107 107 107 106 107 107 108 114 119 116 109 107 105 105 106 106 106 106 106 106 107 107 109 111 107 107 106 106 105 106 107 108 109 109 107 106 109 112 107 108 107 108 108 108 105 104 102 100 100 102 103 111 110 109 114 110 116 122 132 123 115 118 117 116 110 112 117 123 124 121 130 129 124 125 133 152 167 169 173 156 122 147 131 
102 103 104 104 105 105 105 105 105 105 105 105 105 105 105 106 106 106 106 106 106 106 106 107 113 118 114 107 105 105 105 106 106 106 106 106 106 107 106 109 111 107 107 106 106 105 106 107 108 109 109 107 105 109 111 106 107 107 107 107 107 108 107 107 106 105 104 105 106 108 116 119 111 113 117 130 132 123 121 129 126 116 120 123 125 124 121 133 130 123 121 130 152 172 178 169 152 124 147 132 
101 102 102 103 104 104 104 104 104 104 104 104 104 104 104 105 105 105 105 105 105 105 106 106 112 116 112 106 105 105 106 106 106 106 106 106 106 107 106 109 111 107 107 107 106 106 106 106 107 108 108 106 104 108 110 105 107 107 107 107 107 104 105 104 105 105 107 113 108 107 119 113 106 110 113 127 131 122 117 124 123 116 123 124 126 124 120 131 130 125 126 137 153 168 174 158 150 122 141 129 
