122 117 115 115 116 116 116 115 115 115 115 115 115 119 117 114 116 116 116 117 115 115 114 113 114 114 112 115 116 115 113 115 114 114 115 113 112 115 76 44 38 36 35 34 35 45 49 48 54 51 55 52 45 48 47 55 54 53 52 67 59 68 59 57 61 65 63 63 59 65 62 67 66 81 70 66 65 66 60 60 56 66 66 58 57 58 72 66 71 69 71 60 65 62 60 61 70 56 57 59 
111 100 102 102 103 103 103 102 100 100 99 99 100 101 104 101 102 101 102 101 99 99 100 98 97 97 99 101 101 100 99 99 98 99 98 96 98 97 71 22 12 9 9 12 13 22 28 31 31 34 30 27 20 25 19 33 32 32 43 39 36 38 34 39 40 40 33 33 31 48 51 59 51 65 46 49 54 41 40 55 60 42 53 35 45 36 37 46 41 37 42 50 45 49 46 34 37 45 43 33 
112 103 104 105 105 105 103 102 101 101 102 102 103 102 102 102 101 101 104 100 99 99 102 100 102 102 99 99 101 101 100 99 98 102 103 101 102 97 92 32 12 10 12 8 12 21 34 37 33 28 26 22 21 25 22 27 24 27 26 34 38 37 33 34 32 39 42 31 38 59 67 71 65 60 44 43 58 48 41 53 59 59 50 39 64 56 62 40 47 41 28 42 54 50 48 32 45 53 55 45 
114 104 105 104 105 104 103 103 101 101 100 100 102 102 101 102 101 101 98 98 99 99 99 99 101 101 99 101 99 100 100 98 98 101 101 100 101 100 98 50 16 12 16 13 16 18 29 30 33 29 27 22 16 22 23 20 20 22 21 23 29 30 33 31 29 32 36 44 51 69 73 57 60 52 57 57 52 51 44 60 67 70 51 57 66 70 55 49 65 54 29 36 50 45 45 41 46 68 54 41 
113 105 104 104 106 104 103 103 103 103 103 103 103 102 102 101 101 101 100 100 102 102 102 102 103 100 100 100 99 99 101 101 102 102 101 101 100 100 101 79 26 14 15 16 15 18 30 26 24 21 32 21 15 23 18 22 18 27 20 22 38 30 35 39 55 47 49 53 60 52 65 48 43 40 56 59 59 55 57 54 73 75 51 62 81 68 62 62 65 61 46 45 56 43 53 41 42 50 58 54 
114 105 103 105 107 105 103 103 104 104 104 104 105 102 103 100 101 101 101 101 103 103 103 103 102 101 101 100 99 99 100 102 102 100 101 101 99 101 100 94 34 20 18 14 15 22 29 24 21 22 24 24 12 20 22 16 23 29 29 29 41 30 38 51 57 57 47 63 58 61 59 47 39 33 43 51 55 62 50 56 61 72 54 66 85 79 67 59 55 74 62 62 63 45 58 39 43 56 71 64 
116 104 105 106 107 106 104 104 106 106 106 106 105 101 103 101 103 103 103 103 103 103 103 103 103 102 101 100 101 101 101 102 102 101 103 103 102 103 104 99 49 19 12 15 19 31 30 21 27 24 22 20 16 22 29 28 42 48 49 44 38 38 46 54 63 60 52 61 54 51 53 41 34 34 32 47 57 62 70 72 85 68 70 76 81 86 76 75 64 77 75 77 71 50 39 50 67 70 68 66 
115 107 105 105 107 106 104 104 107 107 107 107 103 104 104 103 103 103 103 103 103 103 103 103 104 102 100 100 102 103 102 102 104 104 103 103 103 103 102 102 68 20 13 16 23 29 25 20 25 23 23 33 32 33 32 44 55 55 48 47 60 39 42 48 57 72 53 48 47 54 53 53 35 36 39 37 54 69 64 81 66 62 89 82 82 84 82 72 71 71 67 71 75 49 55 57 78 79 84 73 
116 109 107 107 108 106 106 106 107 107 107 107 104 106 104 105 104 104 104 104 104 104 104 105 105 104 102 102 103 104 103 103 103 103 104 104 104 104 103 104 89 31 16 18 21 31 26 28 30 23 27 51 37 45 45 47 54 37 36 46 61 50 49 51 56 75 58 54 58 54 56 57 45 38 41 42 47 66 71 73 84 73 89 67 58 86 91 76 77 75 63 75 81 50 53 82 90 86 83 73 
118 108 109 109 108 106 106 106 106 106 107 107 107 106 105 106 106 105 105 106 106 106 106 106 106 105 104 104 103 104 106 104 105 105 105 105 105 105 104 104 102 43 22 24 26 34 31 25 24 33 31 26 38 51 40 59 43 42 40 40 45 64 62 56 41 61 59 57 52 66 51 56 55 42 42 49 49 57 74 68 82 77 92 72 72 67 88 85 67 80 74 78 75 50 63 83 85 85 82 69 
118 108 107 107 107 105 106 106 106 106 107 107 106 107 107 106 107 105 104 106 107 107 105 105 106 105 105 105 105 105 106 106 106 106 105 105 105 105 106 106 104 64 18 26 25 26 24 23 29 36 30 36 42 50 41 58 53 57 46 32 39 64 60 48 42 43 57 65 68 63 66 56 61 56 56 49 53 62 63 60 66 86 88 92 89 77 83 91 75 89 87 79 83 55 71 87 73 88 83 64 
118 108 107 107 106 106 107 107 107 108 108 108 107 108 108 105 108 106 104 105 107 107 105 105 106 105 106 107 106 106 104 106 107 107 105 105 104 106 107 107 107 83 22 21 28 23 25 33 36 42 45 46 35 59 58 55 71 61 46 44 42 59 49 44 45 57 53 63 68 80 74 55 52 57 58 57 67 63 58 70 69 77 97 96 85 86 83 88 76 82 76 75 83 58 75 78 84 94 81 64 
118 109 109 109 108 109 108 108 107 108 109 109 110 109 108 106 109 107 104 107 108 106 106 106 108 104 107 106 107 105 106 107 108 107 105 105 104 106 107 107 105 91 22 23 27 22 26 38 44 48 50 58 52 54 56 57 52 44 41 64 54 58 53 46 53 61 48 51 76 81 76 71 62 49 73 88 66 68 74 50 71 73 76 82 89 85 76 82 72 87 81 84 76 60 55 69 76 84 86 59 
121 112 111 111 110 111 110 110 112 110 108 110 110 108 109 106 108 103 105 103 103 101 103 107 99 105 105 104 105 107 110 107 106 106 106 107 109 110 106 106 106 85 25 24 28 34 39 58 50 62 57 54 55 53 40 56 57 54 58 53 60 67 60 50 71 61 60 57 81 68 74 88 88 55 67 83 88 75 78 53 63 76 66 76 93 75 82 80 68 85 76 76 84 86 65 69 65 74 78 56 
121 112 111 111 110 110 109 109 110 110 109 110 110 108 105 103 103 97 89 102 117 123 130 122 118 112 116 113 109 107 108 110 107 106 106 107 106 107 102 94 100 73 34 26 36 60 50 51 64 63 63 53 53 52 54 50 51 48 58 61 55 63 56 54 67 70 55 49 61 67 71 96 94 82 72 80 102 92 86 72 52 70 70 81 80 77 85 69 76 81 82 86 85 86 67 74 60 66 75 52 
121 112 111 111 109 112 113 112 111 113 112 109 112 110 105 93 77 83 118 131 130 128 121 111 104 109 119 125 135 130 117 100 96 104 102 100 99 94 81 60 65 57 43 43 48 54 45 49 60 47 55 51 52 52 50 48 51 56 66 69 47 52 58 46 57 62 47 47 43 48 56 78 94 105 78 77 83 90 93 88 66 63 70 88 85 77 59 77 69 71 86 82 86 90 78 77 76 53 64 55 
123 113 113 113 112 112 112 111 110 113 112 110 112 112 107 90 54 119 121 119 111 106 111 113 115 115 120 126 130 134 132 110 65 68 73 71 62 51 39 32 33 40 46 40 39 40 38 39 36 37 42 39 38 42 41 44 49 58 59 54 57 57 55 48 58 59 55 57 54 55 51 62 81 108 99 83 84 87 96 81 67 53 68 69 82 84 60 87 84 72 89 90 78 81 78 72 74 53 61 56 
125 115 114 114 113 113 111 110 110 111 110 110 112 112 109 85 83 119 109 114 108 115 117 124 128 130 140 147 152 146 136 136 147 95 69 77 69 47 23 16 21 26 37 41 57 57 55 33 28 43 38 40 48 58 44 39 31 35 46 52 44 45 64 53 52 53 64 71 64 57 48 53 66 83 82 89 89 77 73 81 74 87 72 71 81 85 71 84 87 72 86 97 81 75 73 78 70 74 56 61 
124 115 115 115 114 114 113 111 112 111 111 113 112 112 112 85 114 112 110 118 117 117 120 122 121 126 128 138 149 157 148 137 135 130 80 113 113 103 79 24 15 23 39 56 80 88 67 38 38 61 55 61 57 68 48 35 37 29 36 38 38 50 43 52 46 45 58 61 67 51 55 56 54 59 86 89 93 73 76 82 82 81 75 66 72 74 76 83 73 78 69 91 79 80 82 86 79 69 57 63 
124 115 114 115 114 114 114 114 113 113 112 115 113 114 114 95 129 112 115 121 124 123 123 119 121 126 127 129 132 144 150 140 142 135 97 123 146 158 154 91 29 22 35 51 85 101 79 66 66 70 70 73 71 63 49 44 37 30 33 32 34 59 34 41 45 36 51 52 55 47 56 61 66 52 65 88 81 67 74 77 84 73 85 59 69 82 74 78 76 75 70 83 86 78 72 91 86 77 58 61 
126 116 113 114 113 113 115 115 113 113 114 114 114 115 116 103 137 116 114 126 120 126 127 120 123 123 123 122 125 129 142 144 137 140 145 120 131 133 135 131 80 39 34 30 68 102 84 81 77 81 78 81 81 62 69 55 44 42 35 41 37 57 32 37 42 33 37 52 63 52 52 59 79 67 78 68 62 65 60 69 71 65 84 75 67 80 77 67 78 78 70 70 95 87 72 82 78 71 59 60 
124 116 115 113 114 114 116 116 115 115 115 113 113 114 113 111 136 107 111 120 123 128 121 121 128 130 124 122 120 116 131 142 138 132 137 104 112 114 112 114 96 70 46 30 79 86 82 80 83 88 82 89 87 75 74 65 59 39 44 49 61 50 36 29 32 35 30 42 66 59 54 54 66 62 91 51 55 68 64 74 74 61 93 85 73 64 77 63 69 87 81 76 88 90 72 93 99 64 60 65 
125 115 115 115 117 115 117 116 117 117 116 112 115 114 114 112 142 107 107 118 123 124 122 130 133 146 133 117 112 109 114 132 132 123 134 116 110 111 102 102 94 74 48 33 83 95 83 79 85 91 82 98 85 87 67 62 67 45 47 46 83 41 30 28 26 32 32 39 52 61 63 57 55 68 83 69 55 58 75 61 76 76 90 101 75 69 77 61 73 79 79 76 74 85 74 79 82 56 61 65 
125 117 116 116 117 116 117 116 117 117 116 114 115 114 115 112 133 106 100 122 118 125 127 140 156 146 131 111 102 106 106 113 122 118 120 112 112 99 73 74 81 68 56 73 84 79 75 89 88 92 84 90 80 96 67 51 54 56 54 67 82 43 42 37 30 33 32 38 43 57 56 54 59 90 81 79 68 56 54 50 83 92 86 87 86 69 76 68 75 72 68 68 65 72 66 75 84 57 63 67 
122 116 117 117 118 116 117 116 117 117 116 116 116 116 116 116 127 121 84 114 115 121 132 152 141 152 147 123 104 108 99 99 104 108 113 105 104 103 82 60 72 63 76 87 71 70 77 104 99 100 84 89 95 96 76 45 38 54 58 71 74 54 60 42 37 33 37 35 38 51 46 46 55 82 73 77 73 59 44 54 85 90 70 66 85 80 71 66 76 75 80 73 66 60 72 77 75 57 65 71 
125 119 117 117 118 117 116 115 118 118 117 116 117 116 117 115 125 138 82 107 117 117 123 134 136 153 155 116 114 108 103 91 100 91 75 74 104 100 84 77 83 91 79 55 87 80 103 99 99 95 91 93 101 96 83 41 46 73 67 86 85 63 61 52 49 38 31 33 39 42 48 48 76 49 54 80 65 75 57 67 68 63 79 71 81 88 78 74 71 68 71 72 75 60 65 67 60 59 66 70 
127 120 118 118 118 118 119 119 118 118 118 116 117 116 116 115 112 150 86 95 110 116 134 136 141 164 149 126 115 109 119 87 84 66 54 56 120 94 103 116 89 79 70 68 112 83 99 98 87 91 88 99 102 100 80 32 60 102 83 107 75 72 61 55 48 40 39 30 35 38 50 51 80 40 55 65 79 64 82 74 43 48 85 77 69 95 81 65 72 69 64 72 79 72 61 72 58 61 69 73 
128 119 118 118 118 118 118 118 118 118 118 116 117 116 115 116 114 137 107 81 103 101 126 128 150 151 146 117 114 104 134 85 74 61 69 79 103 117 120 126 72 61 101 78 92 71 104 88 115 89 101 98 95 88 58 35 75 90 110 124 66 81 59 61 68 44 50 31 27 33 36 75 57 49 42 55 74 79 84 69 44 42 85 86 55 95 69 72 70 76 67 67 74 69 65 72 55 62 68 72 
128 119 119 119 119 117 118 119 118 118 118 117 118 117 117 117 117 122 135 79 83 89 118 108 135 123 131 106 110 97 134 80 63 62 88 138 115 138 129 101 84 64 94 76 72 79 111 98 107 102 101 101 94 91 57 43 89 98 117 123 77 77 58 73 73 75 46 39 34 34 38 80 54 59 42 47 59 79 112 66 66 42 84 94 61 76 83 68 65 79 65 70 70 60 62 63 57 67 69 73 
128 120 120 120 120 120 119 119 118 118 120 118 118 118 120 118 117 115 140 103 85 99 110 102 133 124 107 87 92 100 118 93 60 78 90 143 136 141 109 86 77 84 77 80 91 108 118 100 96 98 102 98 96 96 67 54 79 90 118 123 103 64 77 67 63 82 54 44 42 27 50 80 53 58 53 42 54 84 82 64 69 45 91 89 70 75 94 65 70 80 62 55 64 49 66 55 57 69 74 74 
129 121 121 121 121 121 119 119 120 120 119 119 119 119 120 118 117 115 127 139 88 80 105 106 122 126 102 79 82 88 103 88 72 98 114 144 153 127 92 83 65 71 76 76 99 107 104 96 105 93 103 96 106 85 49 50 97 90 118 117 110 62 74 64 66 92 66 53 53 34 74 48 49 51 54 44 67 61 84 76 76 51 83 71 61 81 85 74 80 81 63 53 63 62 61 55 63 71 71 74 
131 122 121 121 122 120 120 118 120 120 117 120 120 121 120 118 118 117 119 142 112 73 92 108 118 127 103 87 100 77 109 77 78 97 111 141 151 118 79 71 86 79 87 96 107 96 106 114 91 89 90 81 96 72 42 67 94 102 112 114 105 59 80 67 65 89 89 63 52 49 72 41 61 55 56 64 58 42 72 92 90 45 65 53 56 70 77 79 60 81 70 43 68 66 53 55 67 70 77 77 
130 120 122 122 122 121 121 121 121 121 119 120 120 121 120 118 119 119 119 122 142 80 81 106 105 101 94 99 94 89 103 80 69 70 109 134 143 84 66 82 113 81 90 73 88 79 93 117 90 66 69 72 62 44 39 81 92 108 104 104 75 44 83 68 75 95 87 89 52 91 44 45 62 63 49 77 39 46 55 88 101 65 48 41 68 78 79 73 58 73 78 47 50 48 58 56 65 71 74 80 
130 121 122 122 121 122 122 123 122 123 121 120 121 120 119 119 120 120 120 122 129 120 79 85 75 100 81 77 85 91 82 90 89 76 121 119 120 81 103 100 92 93 91 70 72 95 115 117 111 74 75 55 37 33 53 86 94 97 97 93 81 49 85 83 77 87 95 89 67 95 28 36 60 59 72 58 41 44 50 68 80 79 63 41 63 69 71 80 80 65 77 62 44 55 57 58 68 75 76 77 
131 121 122 122 121 123 123 121 122 122 122 121 121 120 119 120 119 119 119 121 119 135 111 88 74 82 65 64 84 84 102 83 102 108 143 122 108 91 87 104 88 74 71 98 79 95 127 99 108 85 64 38 29 42 63 86 96 97 101 100 81 59 89 93 73 78 97 86 76 82 45 36 45 75 71 64 42 44 45 57 85 81 67 42 59 73 77 82 72 70 75 70 56 55 53 63 71 75 78 80 
134 124 124 124 124 123 125 123 122 122 122 122 122 122 122 122 119 119 119 119 116 114 128 99 68 53 52 72 84 78 78 67 112 132 138 104 103 101 76 82 76 90 56 94 70 83 111 110 90 66 52 32 47 49 66 78 99 108 103 100 83 62 86 99 86 89 110 99 109 69 44 34 41 93 57 57 53 45 41 58 107 79 73 50 57 76 80 93 80 73 63 79 64 46 56 66 71 75 77 81 
132 124 124 124 123 122 125 125 123 123 122 124 122 120 122 122 119 119 120 120 120 118 120 127 86 72 44 62 63 56 56 63 100 144 123 110 82 110 82 78 77 96 83 77 84 103 83 111 85 45 30 37 81 72 80 95 105 109 117 102 86 60 82 103 95 97 112 101 128 60 55 36 67 60 60 70 50 49 70 62 68 83 66 48 61 69 72 94 79 80 75 84 69 54 55 66 72 76 81 82 
133 126 124 124 123 121 123 124 124 124 122 125 124 121 122 122 120 120 121 121 121 119 118 125 115 86 45 45 58 49 56 55 75 154 121 113 95 103 74 85 86 103 86 92 101 92 92 119 82 40 53 49 109 89 97 105 111 120 125 110 77 65 80 97 96 104 110 114 108 82 59 42 73 53 53 64 58 79 79 49 68 83 71 46 63 56 73 98 82 89 73 85 73 56 63 70 74 79 82 84 
133 125 125 123 124 124 124 124 123 124 123 125 125 123 121 121 123 123 124 121 120 121 121 115 140 107 56 50 49 42 63 64 61 129 102 108 80 76 68 95 103 120 100 83 97 85 87 103 73 61 103 69 91 97 90 100 110 105 112 95 63 64 77 90 100 108 101 142 105 97 54 74 54 59 54 65 98 70 65 61 57 73 71 56 54 76 76 79 71 83 77 86 71 54 61 71 76 78 81 86 
133 125 126 124 124 124 124 124 126 126 125 123 124 124 123 124 125 124 124 121 123 119 119 120 127 135 82 41 52 40 72 81 89 106 107 106 93 72 79 90 107 105 101 76 89 98 99 94 45 99 142 111 103 105 84 89 115 96 104 101 65 79 87 105 106 96 89 145 105 95 67 87 39 52 56 88 89 59 68 59 61 76 74 64 72 78 73 71 72 83 67 87 66 57 64 71 77 82 83 86 
133 125 127 126 124 124 124 124 125 126 125 124 123 125 123 123 125 122 124 121 122 119 119 121 120 144 94 57 63 42 60 90 74 81 99 94 88 71 96 102 102 110 85 85 86 96 93 84 48 134 141 128 101 100 91 89 110 96 102 111 80 92 93 106 115 87 92 139 109 96 88 74 43 52 98 61 72 73 60 57 57 80 74 66 56 74 78 74 77 92 75 75 70 57 67 72 77 80 83 88 
133 127 127 127 125 125 126 126 127 127 126 125 124 124 124 124 123 122 123 124 123 121 120 119 121 129 125 84 72 58 62 67 64 90 90 104 118 75 103 100 95 108 116 108 108 101 92 86 78 148 130 127 120 86 85 96 104 97 87 107 90 108 104 113 103 92 119 124 115 103 107 60 44 80 96 50 68 75 51 52 67 93 87 49 61 70 78 80 83 90 86 78 61 64 70 76 79 80 86 91 
134 126 127 127 125 126 124 124 127 127 125 124 124 124 124 124 122 123 122 125 123 122 119 120 124 113 125 105 82 63 61 53 79 72 116 112 100 78 97 128 102 102 79 118 110 104 110 98 102 144 129 121 116 87 103 95 97 92 70 88 104 115 106 109 111 106 132 119 119 123 84 56 66 91 69 58 63 72 64 60 87 96 75 54 50 71 78 77 73 82 77 66 56 69 74 76 78 83 88 93 
135 125 127 127 125 126 125 125 127 127 126 124 124 124 124 124 121 124 124 124 124 123 122 121 124 116 73 135 96 78 65 65 86 80 72 88 84 66 66 99 93 116 109 120 118 110 112 111 139 156 131 121 91 108 113 108 98 97 60 92 107 130 118 111 113 94 126 113 119 128 79 61 96 40 58 56 53 71 68 67 91 77 78 53 47 60 74 57 71 72 63 57 57 70 74 76 79 82 88 96 
137 126 128 127 126 126 126 125 127 127 127 127 125 125 124 124 122 125 125 124 127 124 124 121 122 116 50 104 115 70 57 80 56 79 92 111 95 83 81 95 88 97 109 130 122 130 113 147 162 150 141 123 106 99 120 124 111 108 74 89 113 130 125 120 114 103 118 114 124 128 78 112 59 42 56 63 57 79 88 92 68 75 73 49 48 73 77 61 79 82 79 64 59 71 76 82 84 84 90 98 
136 129 127 127 128 128 127 125 127 127 127 127 126 126 125 124 123 125 125 125 126 124 124 123 119 107 44 59 110 81 66 37 82 86 107 89 108 97 85 92 97 105 98 132 127 99 108 148 174 171 157 131 121 115 107 131 103 112 88 99 115 126 124 121 122 128 102 110 139 107 96 88 62 42 58 60 57 87 113 57 69 72 74 55 54 72 90 79 86 71 64 59 61 70 75 80 82 87 93 99 
135 130 130 130 129 129 128 126 127 127 127 127 127 127 127 124 122 123 125 125 126 126 124 125 122 93 44 61 66 85 80 64 73 57 83 93 126 122 68 90 97 120 108 133 129 59 83 94 148 179 172 138 114 110 116 150 115 115 91 104 110 121 124 129 125 139 91 107 145 107 129 66 67 45 55 61 69 115 80 58 77 72 81 60 48 77 79 72 64 76 54 59 67 74 77 80 84 87 95 100 
138 130 129 129 128 129 129 128 125 127 127 126 126 127 127 126 125 126 126 125 126 126 125 126 125 91 43 62 58 78 70 38 46 67 94 84 120 92 75 81 94 109 105 120 86 40 63 73 74 149 184 143 115 118 132 147 103 115 101 97 111 127 139 127 124 134 103 129 128 135 92 71 60 52 57 71 116 90 84 65 79 84 79 83 63 59 73 72 70 61 53 61 72 77 79 81 85 91 98 101 
138 130 131 131 130 131 129 129 125 128 128 126 125 127 125 125 125 128 127 126 127 126 127 127 127 103 43 57 59 45 55 52 57 48 92 92 86 62 76 65 89 112 127 127 48 91 138 140 108 77 168 156 105 107 120 125 97 120 106 88 112 122 131 132 130 140 104 138 122 134 79 70 63 60 57 116 84 90 73 64 86 107 96 72 44 61 81 74 71 60 51 66 70 76 80 82 84 93 98 98 
139 131 132 132 134 133 132 131 129 129 129 128 126 127 126 126 125 128 126 127 127 126 127 127 128 102 39 48 57 73 71 68 57 88 84 66 74 106 92 83 88 115 131 114 76 130 150 156 161 103 114 180 114 104 122 137 94 120 108 89 116 123 127 129 136 136 120 137 152 101 95 54 63 58 94 100 73 88 85 89 120 101 81 82 63 66 83 85 80 68 61 67 76 82 82 85 87 96 98 102 
141 133 132 132 134 132 133 132 130 130 130 129 128 129 129 129 126 126 125 127 128 127 125 125 124 98 41 41 53 70 91 84 68 92 87 99 55 81 87 85 95 83 122 107 99 140 148 156 162 154 75 173 135 109 128 112 119 124 116 104 114 116 122 129 149 129 145 118 147 104 91 64 66 79 128 81 78 98 115 114 95 110 93 58 62 87 89 83 73 48 57 74 79 83 84 89 90 96 99 100 
140 132 132 132 134 132 132 133 131 131 131 131 131 131 129 129 129 128 128 128 129 129 128 128 125 99 45 50 47 47 109 95 96 76 84 89 48 61 74 86 99 95 123 76 121 139 143 146 157 163 89 143 148 126 111 139 129 121 125 111 109 120 119 128 146 130 153 141 121 116 77 70 73 124 65 81 101 133 117 126 126 101 96 84 60 70 83 69 63 58 64 72 80 80 85 89 93 101 103 103 
140 132 133 133 133 132 132 133 131 131 131 131 131 131 131 131 130 130 130 128 129 129 130 130 130 104 46 52 76 70 116 122 101 109 105 75 73 69 89 82 78 112 131 64 124 138 149 144 147 165 125 105 153 103 114 125 134 119 127 98 109 119 114 124 129 134 151 147 119 111 88 81 117 90 74 102 130 117 138 142 130 125 76 47 46 66 85 74 57 64 65 78 76 81 88 91 95 102 103 103 
141 133 133 133 133 132 133 133 131 131 131 131 131 132 131 131 129 129 129 131 129 129 129 128 128 111 61 47 90 90 64 129 115 99 95 91 78 90 105 89 74 122 136 55 126 161 158 148 143 158 150 78 171 105 98 116 139 119 122 100 109 114 114 121 123 145 153 130 130 109 102 110 124 78 113 111 108 146 145 155 140 105 76 50 56 69 80 72 54 57 70 78 79 82 86 92 99 102 102 103 
142 133 133 133 133 133 133 133 131 131 131 131 131 133 133 132 130 130 131 131 129 129 129 127 126 98 67 81 74 67 63 110 114 102 126 108 75 119 108 122 109 136 114 54 124 152 135 143 147 160 158 67 168 113 103 112 133 127 125 101 114 111 112 120 122 131 161 121 118 111 100 146 85 132 104 106 137 148 158 146 128 102 81 58 55 67 87 67 60 61 71 78 82 84 90 95 99 101 103 104 
142 133 133 133 133 133 133 133 133 133 133 133 132 133 134 131 132 132 131 131 129 129 128 128 127 93 50 52 77 85 71 119 108 104 90 83 96 116 102 105 127 130 118 58 115 168 117 124 153 155 152 58 173 111 120 122 128 132 125 112 116 104 109 116 119 119 154 132 109 106 144 97 137 94 114 113 140 147 144 137 129 105 77 69 60 64 74 66 58 65 74 79 80 83 89 93 96 101 103 104 
141 133 132 132 133 133 133 133 133 133 133 133 132 133 133 132 132 132 131 131 129 129 129 131 128 92 51 50 42 46 107 97 111 115 119 94 70 117 134 120 136 145 137 46 110 139 161 156 145 163 136 66 169 135 126 109 129 111 119 122 120 93 110 103 110 129 126 118 111 121 133 135 99 128 110 135 121 137 141 137 125 100 74 66 68 65 73 64 64 66 76 78 82 84 89 97 100 102 103 103 
141 132 131 131 133 133 133 133 132 132 132 132 132 133 134 134 133 132 131 132 131 132 131 129 130 107 53 49 32 26 50 76 120 99 108 91 88 103 126 154 146 148 143 38 111 133 137 147 149 161 99 64 173 126 104 126 106 136 127 145 125 96 94 92 92 129 121 118 111 156 139 89 121 140 121 80 112 134 135 128 114 84 74 75 68 54 65 57 66 66 77 79 83 88 91 97 102 102 102 102 
141 132 135 135 134 134 133 133 133 133 133 133 132 133 135 133 132 133 132 131 131 132 132 133 138 126 58 46 33 25 59 99 124 123 89 64 77 111 124 125 145 142 145 45 94 134 144 149 155 151 66 84 176 136 128 138 117 130 139 153 118 114 114 90 92 116 117 120 153 162 101 121 164 110 70 88 107 130 123 123 100 73 59 69 68 58 58 62 64 71 77 80 84 89 95 101 102 101 102 102 
144 135 136 136 135 135 133 133 133 133 133 133 131 134 135 132 132 133 133 130 131 132 131 134 142 131 64 55 33 22 42 84 100 114 94 62 55 68 108 134 140 152 151 74 53 124 140 146 149 93 65 95 178 152 110 112 134 147 147 119 129 109 117 97 119 104 98 122 178 125 97 167 90 82 79 82 103 110 114 107 87 77 60 60 73 68 64 65 68 75 77 82 86 92 97 101 103 101 101 102 
144 137 136 136 134 134 134 133 133 133 135 134 134 134 134 132 132 132 133 132 132 132 131 133 146 137 65 66 60 34 67 102 83 86 82 53 30 28 58 93 135 151 159 118 27 80 115 121 93 27 55 109 174 155 114 113 153 147 133 132 109 79 143 102 120 97 96 144 149 111 158 83 83 71 77 84 86 99 97 95 76 66 63 58 62 70 68 67 72 76 80 82 89 92 100 102 105 102 102 102 
133 129 131 135 134 133 136 134 135 136 135 133 134 134 134 132 133 133 133 132 132 132 131 133 145 130 72 64 79 35 45 107 70 60 89 65 46 21 23 37 94 134 166 136 38 30 40 41 22 28 47 127 187 163 121 128 136 127 141 130 105 49 141 97 120 89 93 141 131 165 89 80 80 81 78 86 84 100 88 82 73 59 62 67 66 68 62 65 75 78 82 84 91 97 101 103 105 102 102 102 
126 114 113 116 118 126 131 135 133 135 134 132 134 134 134 132 132 132 133 132 132 132 129 137 151 133 76 58 71 40 47 85 81 104 86 87 82 31 16 11 32 77 142 152 92 35 32 22 26 28 55 141 181 163 117 116 153 148 154 116 116 57 143 87 114 95 87 118 176 124 91 82 77 78 76 73 91 104 101 73 55 61 61 66 68 70 62 69 77 80 84 86 94 100 104 104 105 103 102 102 
147 138 130 123 122 119 116 117 114 117 121 126 131 134 135 134 134 133 132 132 132 131 133 142 154 118 72 67 94 48 52 65 118 103 98 129 109 86 44 25 16 37 120 150 130 69 41 29 23 28 70 146 179 162 107 114 135 132 115 125 108 62 154 94 109 95 103 134 136 116 94 88 95 82 93 108 109 103 81 69 49 52 64 67 68 67 62 68 79 81 82 88 95 102 105 106 103 103 104 104 
104 92 109 125 129 135 132 128 126 123 120 115 113 110 117 120 124 131 131 131 133 132 132 146 151 118 74 65 76 75 50 61 119 109 105 136 127 129 111 72 29 31 109 147 152 118 60 40 31 34 77 134 150 148 125 118 126 158 112 110 110 41 145 77 123 111 108 104 124 121 106 110 114 119 95 76 79 84 73 56 45 45 68 64 72 71 69 72 81 81 85 90 97 102 105 106 103 103 105 104 
142 135 124 121 109 105 101 102 114 131 139 138 130 123 120 117 115 112 112 113 118 124 131 150 141 98 72 68 61 74 69 62 74 134 129 148 120 133 141 109 84 70 107 148 167 153 106 55 40 39 58 96 127 121 115 124 132 131 130 92 109 62 147 63 126 92 103 103 127 141 128 117 90 80 78 86 84 79 67 47 46 49 72 66 73 99 72 73 78 86 91 93 99 104 105 106 103 103 104 103 
146 139 139 135 135 133 136 132 118 105 97 95 108 122 126 135 132 131 125 122 120 116 116 151 132 71 68 61 68 40 62 60 70 120 109 130 151 128 142 139 133 117 110 153 168 167 148 99 57 31 48 65 79 89 104 110 119 120 120 119 116 89 162 70 125 66 120 114 143 159 97 79 85 83 80 86 83 74 51 45 55 66 76 72 90 103 69 76 82 87 89 95 101 105 106 106 103 103 106 104 
140 129 133 134 134 138 139 139 139 142 137 134 130 120 110 103 99 98 111 121 134 134 136 154 135 63 61 57 68 31 32 81 58 104 103 77 126 148 136 138 137 119 123 148 167 175 167 142 95 50 39 65 54 65 84 95 102 119 114 114 102 60 152 85 129 79 133 119 152 133 103 100 92 84 85 87 76 65 44 50 60 65 72 106 106 92 67 78 83 90 94 98 103 106 106 106 103 102 102 99 
137 131 135 134 131 129 131 134 135 138 139 140 137 141 138 140 135 133 122 110 98 94 127 152 130 59 49 77 78 36 31 82 70 100 127 77 135 156 150 157 142 138 122 144 154 176 178 173 147 93 41 33 25 41 61 90 105 113 126 134 100 41 137 64 132 85 155 131 136 154 130 120 109 97 79 69 60 57 49 58 63 56 89 120 123 81 72 81 86 94 100 101 105 106 108 105 104 101 102 102 
113 103 97 103 109 124 134 139 136 133 131 132 133 136 140 146 144 140 136 138 135 136 144 157 109 55 34 62 76 73 68 75 81 63 132 118 64 88 138 147 141 131 119 139 147 159 178 179 170 135 80 39 30 28 50 84 110 121 129 136 104 48 137 43 121 65 143 117 164 166 145 109 78 66 64 55 62 60 52 48 50 93 113 137 134 69 74 83 88 94 100 101 108 106 106 105 105 103 103 103 
144 130 121 117 116 106 100 97 103 113 127 134 141 138 134 136 129 130 134 134 134 139 155 148 70 69 90 99 96 88 71 69 97 52 74 135 110 78 93 151 128 138 127 131 135 143 164 179 176 155 140 90 39 28 40 70 94 119 132 146 121 88 141 88 151 116 157 147 153 153 138 109 77 66 56 58 56 55 50 45 69 137 143 145 124 66 75 84 88 92 99 102 108 107 105 106 104 103 105 104 
155 150 153 147 142 132 131 125 124 119 110 102 100 108 116 130 137 139 133 129 127 132 153 121 53 120 119 83 69 85 85 83 114 82 59 80 124 125 84 66 116 137 136 123 135 138 151 158 165 157 151 136 80 32 44 68 82 126 147 133 112 66 127 109 143 130 166 124 151 152 148 98 71 63 57 58 55 45 50 65 111 149 149 153 105 74 79 89 91 95 101 105 107 106 105 106 103 103 104 104 
152 145 146 147 150 150 152 151 147 146 138 132 129 123 117 108 99 102 104 109 121 134 148 75 112 121 103 80 67 75 87 82 104 126 85 60 97 148 120 139 147 135 139 137 124 136 145 154 151 160 152 140 108 70 70 85 89 107 124 133 104 54 113 61 129 123 159 131 154 166 153 113 70 58 54 50 52 53 64 126 148 164 168 156 88 74 87 92 93 97 103 105 106 105 107 105 103 102 103 104 
153 144 144 144 146 146 145 148 151 149 146 149 150 147 144 138 132 123 121 117 107 127 134 80 142 111 88 86 66 86 63 85 88 121 110 92 63 99 128 99 110 117 139 132 133 141 139 151 157 159 156 136 115 87 65 48 91 106 121 132 121 101 114 82 159 160 146 136 158 160 163 120 71 56 56 54 58 65 98 142 158 176 170 142 80 79 88 94 95 99 102 107 107 105 106 106 104 100 104 103 
152 144 145 145 146 146 146 147 145 146 146 143 146 148 148 150 150 151 149 144 138 145 94 130 123 115 112 104 92 112 81 92 96 126 137 107 70 49 103 132 156 140 137 115 134 154 136 159 164 156 138 119 104 81 47 40 83 93 110 128 140 133 145 111 159 178 154 142 151 164 164 116 69 66 61 66 56 93 126 154 164 168 162 126 77 85 91 95 96 100 105 108 106 105 106 106 103 101 104 104 
151 144 143 143 147 147 146 146 147 143 144 145 145 145 147 148 145 145 146 146 150 133 105 136 120 108 115 109 104 113 105 90 92 126 115 99 132 102 86 93 117 149 146 133 135 129 132 144 149 139 127 111 106 91 59 55 57 85 99 143 148 152 147 101 150 174 147 119 147 171 169 105 72 71 68 71 73 121 150 158 161 163 156 113 80 86 92 97 98 103 109 109 107 105 106 106 103 101 104 109 
153 144 144 146 145 145 145 145 145 145 146 146 145 147 146 146 146 146 144 143 137 111 134 125 116 106 109 101 116 125 121 111 97 107 127 137 99 136 111 71 100 109 144 144 144 136 136 130 133 143 129 118 112 93 78 63 43 77 87 129 161 159 158 141 176 173 134 117 160 181 161 100 77 74 75 84 93 140 159 165 168 158 144 96 78 89 93 97 99 105 106 108 108 105 105 106 105 103 104 110 
153 144 144 146 145 145 145 145 145 145 146 146 146 146 146 146 146 145 143 138 117 128 125 121 102 116 110 108 141 129 133 119 103 80 100 149 107 65 89 113 126 115 130 140 128 124 134 137 134 137 128 130 120 106 90 70 59 65 70 95 177 184 182 182 172 166 135 139 169 184 150 89 72 78 80 80 122 153 169 163 166 158 130 90 82 91 93 97 102 104 106 108 108 107 105 106 104 103 106 113 
153 144 144 146 145 145 145 145 145 145 148 148 147 145 146 146 145 145 141 138 116 132 118 118 113 98 116 118 134 144 126 135 105 101 76 92 137 79 72 142 136 133 141 137 134 113 119 126 136 138 134 133 134 113 103 89 78 67 61 61 185 192 193 188 156 168 138 151 166 182 136 80 79 74 83 92 144 162 173 178 164 156 115 86 87 91 95 99 103 105 108 107 106 106 105 106 103 103 106 117 
153 145 145 145 146 146 145 145 145 145 145 147 149 148 146 146 144 144 140 118 132 117 127 117 123 100 117 109 130 152 141 140 129 118 100 52 120 152 133 131 142 142 156 148 137 119 117 113 114 125 144 138 139 124 120 104 92 69 49 44 159 200 195 190 169 144 137 152 176 178 129 90 86 81 93 120 161 169 171 165 160 141 109 89 88 92 98 101 103 107 109 105 105 106 106 106 106 104 108 127 
152 147 146 146 145 145 146 146 146 146 146 146 149 148 147 147 145 144 136 139 128 124 142 120 126 106 139 119 136 157 137 140 146 105 110 74 61 151 145 152 137 147 144 157 151 153 158 126 113 120 131 135 135 135 124 111 98 79 59 41 125 205 199 191 163 139 145 167 185 174 117 94 97 95 100 144 169 177 177 157 156 126 103 88 88 93 99 103 105 108 109 106 107 106 106 106 105 105 113 135 
155 147 147 147 148 148 147 147 147 147 147 146 148 149 148 147 146 144 130 144 121 128 138 112 133 123 147 140 145 159 157 140 165 127 111 103 69 64 118 158 143 169 199 206 201 191 175 161 132 117 139 143 141 133 126 121 105 81 101 29 101 203 215 189 158 128 153 176 194 160 118 106 104 104 113 153 170 168 169 157 137 106 99 88 90 97 99 103 110 112 110 108 108 107 106 106 105 107 119 141 
155 146 149 149 147 150 149 149 147 149 148 147 148 149 149 147 145 138 149 132 125 134 136 122 135 145 153 163 155 176 164 152 168 141 147 158 94 49 58 56 116 188 166 155 159 164 172 164 156 122 134 144 141 139 129 123 104 91 117 18 65 161 206 173 138 138 176 187 183 147 120 119 113 107 145 170 185 179 171 145 107 98 98 88 92 97 101 105 110 112 111 111 108 105 106 107 105 111 120 155 
155 147 149 149 149 149 149 149 151 152 150 150 149 149 148 145 147 140 145 140 142 140 138 147 140 160 165 176 168 165 176 173 155 155 121 148 134 114 77 74 169 158 156 173 170 163 152 81 129 144 127 149 142 138 132 125 106 94 122 45 100 89 155 153 144 156 184 181 153 143 132 122 121 120 158 183 185 186 161 133 76 95 96 91 94 97 102 106 113 113 110 108 107 107 106 109 112 120 135 174 
156 148 149 149 148 149 149 149 150 148 149 149 151 149 148 146 137 153 143 151 150 140 154 156 165 170 171 170 169 170 165 176 163 152 114 151 162 162 138 159 183 146 178 180 178 167 165 93 109 120 114 143 148 140 128 126 118 106 133 120 123 69 125 156 163 169 174 162 150 149 143 135 127 128 164 181 182 175 158 103 61 95 100 92 96 100 104 108 114 112 109 108 107 106 107 110 113 132 149 167 
157 148 149 149 148 151 149 149 152 150 150 152 153 150 149 147 144 155 147 159 149 155 162 170 179 177 165 166 164 144 149 161 168 172 140 141 169 181 178 181 177 135 140 112 158 161 165 104 107 172 106 104 137 146 135 130 123 107 138 139 118 111 174 172 171 163 158 149 153 154 148 137 140 138 167 179 181 173 158 96 63 98 100 98 98 101 106 111 113 111 110 109 108 107 108 110 116 136 163 165 
156 149 149 149 149 151 150 149 152 150 150 152 154 151 149 148 153 143 154 161 161 159 170 183 178 172 159 150 155 173 165 161 164 163 153 125 134 164 175 183 111 145 147 151 148 151 165 96 116 192 169 89 92 135 143 126 107 120 143 142 136 183 191 185 180 157 156 153 152 161 151 150 148 152 176 185 191 177 151 87 69 100 102 100 99 102 107 114 113 111 109 107 107 107 106 114 129 143 175 172 
155 150 151 151 150 150 151 151 152 151 151 151 152 151 151 146 160 145 162 168 164 167 176 186 169 164 161 171 174 171 173 158 153 151 166 145 139 164 168 148 87 152 149 149 152 161 173 66 134 184 164 148 124 109 127 124 99 129 133 152 199 213 198 182 164 152 158 164 157 158 157 143 150 166 180 192 193 174 142 58 78 101 103 101 100 104 109 115 114 110 107 108 107 105 107 111 128 154 168 170 
156 151 151 151 151 151 152 152 150 150 151 151 152 152 150 149 166 153 164 169 157 155 175 181 174 182 175 175 174 172 175 171 157 162 158 172 147 123 139 118 60 140 157 157 166 177 122 64 155 182 132 124 144 126 116 125 96 135 146 200 220 210 189 189 149 150 148 163 159 165 155 143 150 178 190 191 184 185 136 58 85 103 104 102 102 105 113 115 113 110 110 107 106 104 108 113 129 164 174 177 
159 152 151 151 151 153 153 155 151 151 152 153 155 153 153 151 166 158 156 147 143 141 161 185 181 172 171 176 180 177 171 169 166 168 161 158 158 149 146 120 77 111 154 169 178 132 55 111 168 157 124 117 147 151 134 129 110 134 180 203 212 186 169 182 150 152 152 166 164 169 162 147 155 182 193 194 192 184 142 78 92 103 103 105 107 108 115 117 113 110 109 106 104 107 109 120 140 164 175 172 
159 152 151 151 150 154 153 155 153 153 154 155 154 152 154 142 159 157 149 146 154 164 173 179 174 173 173 175 179 177 176 168 172 165 164 155 157 168 172 142 115 133 150 117 97 75 93 159 168 138 118 125 138 155 157 147 135 146 105 131 134 147 154 168 162 147 151 169 179 167 158 154 168 187 194 191 181 172 136 64 95 105 104 106 106 109 118 115 110 110 108 106 105 105 108 129 148 167 175 176 
158 152 152 152 153 153 152 154 155 155 154 154 155 154 149 131 158 155 161 166 173 170 174 172 173 177 177 175 179 175 174 171 170 163 165 150 142 157 169 154 134 128 130 185 168 167 179 175 130 141 131 134 158 140 160 161 153 125 124 168 134 153 160 167 162 151 156 172 168 166 159 158 174 194 203 201 189 175 149 71 98 104 105 104 108 113 117 114 110 109 107 106 105 108 118 135 160 167 175 176 
158 153 153 153 155 155 153 155 155 155 154 154 156 155 148 106 143 154 156 161 173 173 179 178 178 181 177 176 178 173 173 168 166 168 165 153 143 150 161 144 139 138 97 149 189 189 187 148 132 129 136 149 140 157 171 175 162 157 173 146 166 162 172 177 155 150 156 176 174 167 159 156 176 197 200 201 189 164 114 71 96 103 105 105 110 115 117 113 112 108 105 106 107 108 127 142 167 175 177 177 
160 152 155 155 154 156 154 156 155 155 154 154 157 152 145 136 148 156 155 161 170 174 176 173 176 177 177 174 177 174 167 173 176 164 162 154 155 159 148 140 159 149 118 121 180 188 168 138 144 154 159 157 150 181 184 185 174 156 164 155 161 175 173 178 147 158 155 173 178 178 164 161 178 193 202 198 180 168 113 72 94 102 104 106 112 117 117 112 110 108 106 106 108 114 136 160 174 173 173 176 
160 152 156 156 153 156 155 156 155 155 156 156 156 153 152 155 157 156 158 162 172 179 177 175 172 178 178 174 176 178 170 175 165 165 165 162 164 167 156 141 156 153 137 137 167 177 149 148 164 163 177 175 186 187 181 177 168 153 167 150 154 174 176 171 160 139 168 167 176 176 159 167 179 196 197 196 183 172 123 77 95 101 104 107 112 117 113 110 109 108 108 107 108 123 142 165 172 174 172 168 
161 154 156 156 156 156 155 157 155 155 154 156 157 157 155 157 158 158 158 161 171 178 177 178 177 178 177 179 179 178 169 171 158 166 165 175 172 170 166 156 158 159 163 165 161 168 169 180 185 187 191 185 179 184 180 172 175 145 171 152 144 169 166 171 173 142 158 169 176 173 161 163 189 200 200 192 189 165 130 78 94 99 106 109 113 117 112 110 109 107 108 107 109 127 148 169 170 173 175 176 
163 156 156 156 156 156 155 157 155 155 155 157 158 158 157 159 158 158 157 160 170 182 181 180 184 178 179 178 180 180 172 162 160 170 176 174 168 173 170 166 170 168 173 180 180 180 188 192 194 191 193 188 181 184 176 164 174 151 162 147 143 162 172 164 176 151 154 170 178 175 154 165 191 201 201 198 183 157 144 72 94 100 105 109 117 118 113 112 110 108 107 108 115 135 161 172 173 175 178 182 
162 156 156 156 156 156 155 157 155 155 156 158 157 157 157 159 158 159 157 159 167 180 183 180 183 181 177 176 178 176 172 165 172 176 177 175 176 172 176 173 176 180 187 184 189 194 195 187 192 191 195 185 184 181 176 160 166 151 158 154 145 146 163 156 160 162 150 167 177 172 157 165 193 198 195 193 185 164 118 72 95 100 107 112 120 115 113 111 109 107 105 109 122 138 160 172 177 177 179 183 
163 156 158 156 157 157 158 158 156 156 156 156 156 157 158 158 159 159 158 161 164 177 184 182 187 180 184 176 181 176 176 175 172 174 180 174 179 175 179 176 184 189 196 198 186 192 194 192 187 191 191 188 181 185 175 162 164 147 159 158 146 141 166 164 158 165 159 168 178 178 165 169 195 202 203 203 193 167 120 69 93 102 108 115 119 116 111 111 108 107 105 112 128 150 171 173 177 176 182 180 
171 167 167 166 165 168 168 168 167 167 167 167 167 169 168 169 169 169 169 170 172 184 187 188 192 189 191 190 187 187 185 186 187 182 185 186 186 187 194 192 196 201 204 208 199 198 199 202 199 197 198 195 191 194 182 164 165 154 171 173 155 150 173 176 170 166 179 172 185 183 175 182 200 206 208 205 196 181 142 85 109 118 122 129 133 130 126 125 123 122 123 129 146 169 180 179 186 185 192 187 
