45 46 47 48 49 51 52 53 54 52 35 19 45 56 56 55 54 52 51 65 89 101 101 110 129 145 161 178 179 168 158 150 134 120 114 104 92 81 76 72 74 73 72 73 71 71 71 71 72 73 72 70 68 69 69 69 69 68 67 66 67 67 67 67 65 65 64 64 65 64 63 63 63 61 60 60 59 59 56 56 52 54 56 62 68 101 128 127 121 107 97 97 97 105 94 88 91 83 82 80 
53 54 52 53 54 55 54 54 55 53 40 25 36 58 57 59 58 56 43 42 56 61 62 63 65 67 72 76 74 71 68 64 63 66 76 83 96 106 114 117 113 98 92 92 90 91 96 101 95 88 77 68 63 62 63 63 63 66 68 68 70 68 69 68 70 69 68 69 68 67 66 66 67 65 65 65 65 65 64 55 56 57 62 67 92 129 129 123 118 101 105 103 112 115 102 101 93 82 89 73 
52 54 56 58 59 61 61 62 64 64 53 31 27 63 65 65 65 61 47 42 56 61 63 64 65 66 66 65 65 66 68 65 64 64 64 65 65 64 64 65 63 65 61 58 60 56 56 56 58 61 61 62 61 68 62 54 56 58 51 53 55 56 58 60 63 69 71 63 61 60 65 65 66 65 67 68 69 68 59 56 60 61 64 78 124 130 128 120 102 105 106 113 108 109 116 111 100 90 76 74 
56 57 57 59 60 60 56 57 57 57 56 33 21 57 64 64 65 65 49 41 62 71 72 72 72 72 71 71 71 70 68 66 68 66 65 65 64 63 62 62 63 62 62 61 60 61 60 61 61 60 61 62 61 61 61 62 63 62 61 60 59 59 58 58 60 64 70 71 77 82 86 82 77 72 68 45 39 44 58 60 58 65 73 119 128 131 124 121 104 120 109 99 110 99 113 116 101 81 77 89 
65 66 69 69 81 86 85 79 82 76 75 47 27 50 63 65 65 66 51 38 50 62 64 64 63 68 70 71 72 72 74 70 71 71 71 72 73 71 71 72 72 71 70 70 68 67 67 65 63 63 64 63 62 62 62 61 62 61 62 61 60 59 60 61 59 61 61 61 59 59 61 59 58 59 56 54 50 51 54 55 64 69 109 127 130 120 123 99 105 111 105 107 109 107 116 108 85 82 89 90 
50 50 49 50 50 52 54 56 60 62 70 62 28 45 100 100 103 108 116 115 120 122 130 132 137 129 129 124 119 103 88 85 80 74 69 68 65 64 65 62 62 61 62 64 65 64 66 67 67 70 71 70 70 72 71 71 70 69 68 67 66 65 64 64 63 62 62 61 62 61 61 61 60 60 58 58 52 54 54 61 68 95 126 128 120 117 126 103 114 115 107 103 111 117 120 109 82 110 101 95 
56 56 56 55 55 55 56 56 57 56 55 53 34 22 57 58 58 59 51 39 47 55 59 60 62 75 91 105 115 124 126 120 114 108 112 97 88 89 86 84 87 77 79 79 77 77 71 63 61 63 62 62 59 60 61 60 59 61 62 63 64 65 66 69 69 68 69 70 69 69 69 68 67 66 66 59 54 55 60 66 86 125 126 119 107 107 109 123 123 105 111 108 119 109 110 121 114 112 103 117 
66 66 68 67 67 67 66 66 67 68 68 66 42 22 54 62 62 62 56 42 46 60 61 61 62 62 62 62 64 63 61 62 62 61 61 60 55 54 53 54 53 50 49 48 54 54 56 60 58 49 55 55 48 46 50 50 54 55 58 69 60 54 52 51 53 54 55 56 57 58 58 58 59 60 60 53 55 58 67 76 120 125 123 108 110 108 115 126 110 112 110 121 109 110 122 127 112 108 109 107 
65 68 69 71 72 73 73 74 74 73 73 71 53 28 50 75 74 73 68 45 50 68 72 71 70 71 72 72 71 70 68 67 66 64 66 64 63 63 60 59 59 58 58 59 58 59 59 58 58 57 58 58 57 57 56 55 55 54 56 57 59 63 66 71 71 75 73 74 75 72 69 57 41 40 56 56 55 63 69 113 124 122 91 110 108 111 104 103 108 107 118 117 114 122 120 110 121 103 97 104 
64 64 68 74 78 81 85 88 88 88 91 89 79 36 34 73 72 73 71 53 55 74 77 78 80 80 81 84 81 77 78 77 76 74 74 75 75 75 73 72 73 71 69 68 69 67 67 64 64 65 64 62 61 61 60 61 60 60 59 59 58 58 57 56 57 56 57 55 56 55 54 53 48 44 52 53 59 65 101 124 125 118 81 89 109 105 99 86 97 101 94 106 117 112 113 118 126 79 77 107 
59 59 59 59 57 56 56 57 58 58 62 65 74 42 25 84 98 100 102 101 100 107 104 105 118 125 132 137 142 133 123 112 103 98 91 81 77 74 74 76 75 76 75 74 74 74 71 68 68 71 73 73 73 73 73 74 72 73 71 69 69 68 69 69 66 65 65 64 64 61 59 62 54 49 52 59 62 92 119 123 116 122 98 95 110 102 90 77 101 104 91 115 109 110 113 103 121 86 88 118 
68 68 67 67 66 66 66 67 67 66 66 66 65 46 26 50 64 64 63 50 47 62 64 64 64 61 61 64 66 57 58 65 68 78 84 84 91 85 83 76 67 57 55 66 71 67 61 58 58 63 64 63 65 63 63 69 64 64 64 66 68 73 77 75 75 75 73 72 74 73 70 67 50 51 54 62 78 115 120 113 100 113 119 74 96 91 80 90 87 121 115 110 111 117 110 112 123 111 104 114 
75 77 77 77 77 78 78 78 77 77 76 78 76 64 30 42 77 78 75 54 46 68 73 73 74 73 72 72 70 57 46 46 46 47 52 51 53 53 59 58 54 54 52 50 50 46 44 39 37 39 41 41 46 46 50 56 65 58 53 55 60 64 68 74 79 77 74 69 61 52 58 59 57 54 59 70 111 114 112 102 97 104 95 104 93 74 89 95 82 114 111 110 109 108 109 119 120 125 80 95 
61 64 68 71 77 78 80 81 83 80 80 83 79 73 37 33 76 75 79 63 50 73 84 71 52 75 80 80 81 68 46 44 44 43 49 52 53 56 62 62 53 50 45 43 41 41 41 43 43 42 43 43 44 45 45 45 45 43 41 41 43 48 52 57 57 57 58 60 54 44 42 55 53 56 61 117 119 109 114 99 102 88 97 115 82 88 97 81 92 118 124 111 106 112 121 123 135 115 92 103 
61 61 61 60 60 59 60 60 61 62 62 68 75 82 51 25 79 89 94 94 95 98 98 93 41 44 68 84 116 120 105 93 93 84 77 68 62 61 62 61 51 48 40 36 40 43 42 41 42 41 41 41 41 41 41 42 43 42 42 41 39 41 47 58 67 66 67 65 64 56 48 52 55 58 97 119 127 109 114 112 85 90 105 106 97 91 78 100 117 123 129 111 111 114 109 129 119 134 109 128 
76 76 75 75 75 75 74 73 72 72 72 71 71 69 60 32 51 68 68 60 44 60 68 65 47 34 42 63 66 69 64 60 56 55 58 68 72 71 68 59 49 35 28 23 27 32 32 34 36 39 40 43 46 48 47 42 40 40 41 42 43 43 48 59 68 73 73 73 70 50 55 52 55 82 112 117 124 111 115 88 86 100 103 103 104 79 89 111 114 117 118 111 118 103 121 123 114 130 124 86 
71 71 71 72 73 75 79 78 79 81 80 82 83 83 82 41 42 82 81 71 45 66 80 78 61 33 36 43 62 68 61 54 48 44 34 27 25 24 24 22 19 18 20 20 30 30 40 41 44 50 59 76 76 64 37 38 54 53 56 59 62 62 61 61 63 59 41 36 54 56 48 50 65 113 116 112 116 115 115 94 99 101 108 103 108 89 107 106 105 111 115 119 121 109 121 115 108 132 113 97 
54 56 60 63 67 69 80 79 73 78 89 91 83 83 93 59 36 88 95 96 88 92 101 108 108 59 37 47 48 59 66 55 46 44 31 21 23 23 27 35 44 51 60 63 58 66 73 71 72 79 82 82 78 58 42 26 60 62 45 42 44 44 43 43 45 46 46 45 47 48 52 54 103 117 112 112 114 113 111 120 103 103 105 101 111 106 107 102 116 117 127 123 112 121 120 116 129 144 140 114 
71 71 71 71 70 70 69 69 69 69 68 68 67 66 66 58 37 53 61 60 46 52 62 64 66 56 43 50 54 52 51 54 52 38 23 15 21 32 37 40 62 71 66 69 66 91 116 109 96 77 63 60 48 57 68 80 98 92 59 51 46 45 46 46 46 45 44 44 48 51 55 90 118 114 110 113 110 112 109 127 110 99 100 103 107 102 81 108 105 99 118 121 124 112 117 123 132 129 124 101 
72 74 74 76 77 80 79 78 81 84 83 84 83 83 83 79 42 55 83 80 52 58 80 79 78 72 44 55 59 54 47 38 24 25 20 22 27 37 45 44 48 53 56 53 63 65 96 78 46 30 43 40 40 60 74 61 73 78 80 65 45 44 49 51 53 50 45 47 50 54 73 115 116 109 112 108 108 108 112 122 116 95 98 107 109 104 82 105 102 108 111 115 106 117 121 117 131 126 130 106 
55 56 56 60 61 64 61 62 64 63 70 70 72 74 74 81 56 44 90 96 85 88 103 107 106 100 75 45 56 56 49 35 25 27 24 20 34 42 40 46 46 45 38 54 43 41 43 36 28 57 53 34 40 43 51 68 61 74 78 89 71 40 49 60 61 58 50 50 50 59 108 115 107 111 111 108 105 108 112 118 132 102 93 102 117 120 124 110 111 113 106 113 116 127 113 119 131 126 132 123 
75 75 76 74 74 74 73 72 71 70 70 70 68 67 68 66 55 35 61 65 56 52 67 67 71 77 80 41 46 52 39 26 25 23 33 29 42 45 42 45 57 56 55 64 35 39 91 58 31 56 32 25 32 52 49 74 73 75 77 93 109 59 61 66 72 67 61 56 52 95 112 109 105 104 106 107 106 108 108 127 131 100 83 101 110 107 129 110 108 105 112 125 115 117 117 124 119 121 138 132 
62 66 66 69 73 71 77 79 79 81 79 79 80 81 81 82 74 39 66 86 64 53 83 87 86 83 79 50 39 40 32 25 26 50 52 40 43 41 42 49 61 75 91 75 50 47 68 70 34 35 41 47 36 56 62 67 79 84 78 113 127 73 67 69 81 86 81 68 72 89 99 102 102 100 96 95 107 107 105 133 130 113 94 99 108 107 115 115 113 112 118 125 118 121 120 120 136 126 135 132 
59 58 58 58 60 59 59 61 62 61 61 64 62 68 62 62 72 47 44 83 83 81 92 95 104 107 114 95 39 37 24 25 36 40 23 30 38 47 44 55 59 86 96 85 75 95 70 59 59 55 57 65 48 74 80 54 74 91 93 122 120 73 64 70 74 79 75 76 76 70 83 91 98 79 83 92 106 107 104 129 136 120 109 98 108 117 116 117 111 111 113 112 131 118 116 125 118 134 132 139 
76 77 81 80 80 80 82 82 82 81 82 80 83 80 80 78 78 61 39 73 62 45 69 73 71 71 67 56 37 26 25 32 27 22 27 36 40 48 51 58 80 94 94 81 62 50 77 78 72 60 79 64 71 86 113 111 107 103 128 113 88 69 73 79 78 75 76 72 69 65 71 76 85 74 81 102 108 107 106 125 143 122 106 107 109 112 121 126 108 119 120 130 131 115 117 107 122 133 140 118 
54 68 66 70 71 78 72 72 79 83 81 80 78 74 79 86 87 76 37 80 89 75 96 102 105 103 100 78 27 24 25 27 24 34 43 46 47 47 63 69 78 74 79 79 66 50 65 76 74 75 84 78 84 116 138 133 115 141 119 94 84 100 102 97 91 92 89 73 68 77 72 65 74 70 89 94 111 110 106 121 147 127 109 102 104 108 123 120 109 121 117 127 140 117 123 103 133 136 111 123 
76 77 77 77 78 76 75 75 75 75 76 74 73 73 72 71 70 68 49 45 62 48 63 67 62 57 61 56 20 18 22 24 38 50 53 60 72 69 68 65 74 80 63 57 69 60 55 89 86 74 100 90 91 130 138 131 138 131 112 95 109 115 109 114 110 104 84 76 83 90 85 81 73 74 78 100 112 100 102 117 148 129 97 89 111 111 125 121 114 122 132 121 129 125 127 124 109 118 124 132 
50 51 54 53 56 61 63 66 65 67 69 68 76 78 75 72 80 85 65 46 94 73 89 90 74 61 51 28 30 41 59 63 63 62 64 73 94 73 74 73 62 53 47 52 67 59 55 82 87 88 90 74 97 127 155 155 146 130 103 114 121 124 123 118 113 98 89 94 101 98 95 86 83 74 85 104 99 83 99 116 149 131 100 103 106 109 114 146 117 130 128 114 131 130 120 99 129 131 123 131 
71 71 72 72 73 70 70 71 71 73 73 71 72 71 70 69 68 67 62 36 50 52 60 65 55 46 38 38 59 67 56 67 84 80 75 86 110 86 90 83 69 70 79 68 66 65 48 81 83 84 73 80 93 110 119 125 127 112 115 125 123 120 119 119 120 107 101 103 106 106 96 103 85 79 81 84 82 81 97 115 147 134 116 88 107 117 111 125 114 107 124 117 125 107 112 117 123 135 143 158 
52 53 53 54 55 55 56 56 60 63 58 58 58 65 68 65 68 74 76 47 61 67 58 65 62 59 57 52 48 53 59 80 91 83 88 106 117 91 94 74 65 80 95 92 77 74 57 76 82 97 68 79 95 92 87 92 94 112 124 117 121 123 120 122 122 115 112 113 113 107 114 106 95 73 69 75 84 82 94 116 142 138 106 95 110 100 101 126 117 106 131 110 108 130 127 125 146 158 159 159 
54 50 48 51 54 55 59 58 63 69 66 68 71 76 76 79 76 76 57 47 59 67 70 67 59 61 73 75 84 81 76 82 89 94 111 119 105 88 68 55 72 82 89 101 99 77 56 88 105 94 81 82 87 105 127 131 100 102 114 116 118 118 125 130 126 119 115 117 119 121 116 108 94 78 63 66 80 84 93 119 135 143 129 97 99 100 109 121 116 113 111 115 119 124 132 151 162 160 162 160 
89 90 89 88 88 87 87 86 87 87 87 85 83 83 82 82 80 72 63 70 69 78 79 80 81 82 90 100 94 84 86 95 95 86 84 89 99 71 53 65 86 93 91 91 82 70 59 77 81 83 82 108 116 128 133 133 129 118 114 114 123 133 141 134 127 124 122 122 120 112 100 91 84 71 56 70 84 86 94 123 130 147 125 98 109 110 119 128 107 109 126 122 129 143 156 157 163 161 162 161 
89 91 91 90 91 91 92 91 92 93 93 93 93 92 92 90 81 65 70 72 82 96 105 104 98 94 96 109 98 82 75 85 112 99 82 91 121 78 60 69 81 94 94 85 76 63 53 65 94 109 117 129 134 138 133 129 122 122 115 102 115 120 116 109 107 118 120 120 115 102 92 88 74 68 44 62 75 88 96 129 131 152 137 111 111 109 114 105 115 122 124 136 151 157 158 160 163 163 164 162 
91 92 92 92 92 91 91 91 92 93 94 94 94 93 94 92 86 78 78 65 74 104 114 117 112 108 107 116 114 94 86 78 87 88 100 110 91 63 61 71 86 97 94 83 78 74 65 98 129 134 135 132 120 133 129 119 115 115 112 100 98 100 96 105 122 124 124 118 103 97 93 86 63 56 44 51 69 87 96 131 133 151 139 111 116 104 113 116 116 127 145 150 152 159 159 174 158 164 165 164 
69 69 70 72 73 73 74 74 75 77 79 80 79 80 81 81 83 83 60 62 69 73 79 102 104 111 104 116 106 88 112 108 94 89 67 66 63 71 69 70 84 99 89 84 82 92 101 131 131 133 137 127 128 122 124 123 112 104 97 97 100 106 120 128 134 135 126 114 104 97 95 79 58 39 32 34 70 86 94 135 133 150 137 108 105 108 122 130 135 144 130 137 152 163 164 160 158 163 168 165 
65 65 65 65 66 70 71 71 70 69 72 73 74 75 74 74 74 73 54 51 50 72 79 79 77 82 82 89 97 85 101 78 82 84 69 76 84 91 84 81 84 92 97 94 97 114 126 131 128 122 127 128 129 122 110 103 102 97 90 89 97 104 117 129 135 130 120 110 105 103 94 61 44 29 20 24 67 89 94 136 133 144 142 107 113 112 137 150 137 123 109 128 153 166 164 158 157 162 170 167 
85 85 84 84 83 84 84 84 84 79 79 80 80 84 84 79 80 83 59 51 59 88 91 87 90 88 68 46 73 79 74 69 72 68 71 96 100 103 90 76 79 91 97 101 102 104 109 111 117 111 112 121 112 110 102 88 79 92 102 112 121 134 138 137 126 121 116 114 116 97 70 57 49 34 17 18 69 88 95 136 137 143 147 116 126 136 145 128 112 98 103 123 152 169 167 158 157 162 167 167 
92 94 95 95 95 95 94 94 96 97 97 97 97 95 95 95 95 95 58 60 57 95 96 96 97 94 82 37 60 70 65 59 65 69 68 68 74 82 81 70 70 82 84 83 88 89 97 97 98 104 95 98 101 101 102 107 103 107 114 123 129 130 132 128 120 116 108 105 97 85 66 48 49 29 15 17 62 87 93 134 135 138 147 129 138 118 136 103 95 93 102 119 151 171 168 157 160 164 166 172 
89 90 92 93 92 93 93 94 96 96 96 96 96 96 97 96 96 94 54 58 57 95 97 96 96 97 93 60 46 50 59 63 71 83 79 69 72 74 91 82 70 84 84 79 99 91 84 99 98 93 91 90 95 94 100 119 133 143 140 139 138 139 135 125 116 111 104 97 95 83 55 36 32 24 19 16 50 86 92 127 135 137 145 128 119 82 103 93 97 109 117 119 149 168 167 161 161 164 166 172 
73 72 72 71 70 70 68 69 72 71 72 73 73 73 72 73 73 70 46 51 54 75 77 78 79 79 78 69 61 39 45 49 61 71 77 78 80 77 85 89 87 95 99 96 101 93 81 92 96 98 90 103 117 85 76 96 138 147 149 149 144 136 129 125 112 102 91 87 86 68 34 14 15 16 21 16 41 85 90 126 134 137 139 130 110 90 114 118 118 108 102 118 144 168 169 161 162 166 163 170 
66 67 68 67 68 69 70 71 72 70 71 72 73 75 73 77 84 83 45 65 71 88 91 91 94 98 101 103 102 93 62 30 43 49 68 86 94 83 85 86 89 93 94 95 89 88 86 96 96 95 91 103 133 131 106 94 108 127 131 130 135 130 118 112 105 95 84 73 64 44 31 12 21 17 18 14 34 79 92 130 137 136 135 126 114 105 115 108 105 107 106 117 139 170 168 161 163 166 163 171 
96 97 97 97 97 95 95 96 97 97 98 97 96 97 96 95 95 84 48 59 67 95 96 95 95 96 98 111 122 130 105 35 29 36 55 79 88 100 91 87 90 85 85 97 87 94 98 96 97 96 83 88 121 124 131 119 116 112 114 111 107 113 113 105 92 86 79 69 51 33 18 13 19 19 14 11 27 71 91 132 139 140 130 123 115 102 101 108 108 111 118 114 136 171 169 159 164 165 164 174 
93 95 96 96 95 95 94 96 98 98 98 98 99 100 100 98 98 87 49 62 68 101 100 100 100 100 100 100 99 99 86 51 25 39 42 58 72 93 88 92 96 83 85 103 101 100 100 94 105 111 105 107 118 121 118 108 101 99 92 90 89 97 105 102 87 83 80 64 41 32 15 16 15 11 12 13 23 66 93 130 140 142 131 116 113 89 103 116 120 106 96 113 135 172 169 159 165 166 164 160 
80 83 84 84 84 84 84 86 89 89 90 91 92 93 93 93 93 82 51 61 69 96 97 98 98 97 97 98 97 97 95 78 42 39 34 35 54 83 84 91 98 98 87 98 102 103 94 84 95 101 107 116 122 113 120 119 103 95 87 80 78 82 84 87 80 69 56 33 28 31 16 18 16 12 13 13 18 56 89 127 138 145 137 115 117 115 114 102 101 108 114 122 139 170 171 161 162 148 98 78 
76 77 78 76 76 74 73 74 77 78 78 77 76 75 75 75 74 65 50 52 58 73 73 73 74 73 72 73 74 73 73 70 53 42 31 29 37 55 67 77 88 87 79 84 95 101 95 85 79 89 94 107 111 104 100 112 101 84 77 75 70 74 71 70 58 47 41 25 18 18 18 17 11 12 11 15 15 43 87 122 140 146 143 113 127 110 137 94 95 110 120 141 155 170 169 156 137 131 94 73 
75 76 78 80 82 82 80 82 85 82 81 82 85 82 78 77 85 72 54 72 82 95 96 101 103 109 109 124 124 121 111 107 92 56 34 28 35 44 51 63 68 74 76 77 83 91 90 87 87 80 82 92 93 87 84 97 87 78 69 65 58 53 49 44 41 41 51 34 9 8 10 15 10 14 12 16 15 38 86 122 140 142 145 120 135 111 103 110 141 156 152 142 125 145 166 148 134 97 81 101 
98 98 99 98 97 96 96 98 99 99 100 101 100 101 101 99 99 80 62 56 80 101 99 99 98 98 97 96 97 96 95 93 85 44 24 29 36 37 49 67 64 70 72 74 79 85 78 79 79 78 81 77 75 71 72 84 75 62 53 47 40 36 32 35 31 25 28 19 11 11 8 14 8 12 12 14 15 34 79 125 142 142 147 127 139 125 135 137 141 123 98 91 86 127 156 141 131 124 106 99 
98 98 98 98 98 96 96 98 100 101 101 101 101 101 101 101 101 80 60 51 82 101 101 101 101 100 98 98 98 99 99 97 80 28 14 21 29 34 46 53 52 64 60 67 76 79 73 74 70 73 78 64 62 59 54 54 52 40 33 23 23 23 25 23 17 12 12 19 20 7 9 9 10 16 13 14 14 34 73 128 144 148 146 139 140 137 116 72 107 72 63 72 90 122 148 145 125 132 126 132 
80 82 83 82 83 82 82 87 89 89 89 90 92 91 91 93 94 76 57 50 79 95 96 97 97 98 96 98 97 98 99 92 58 20 13 8 13 19 35 43 40 49 55 59 61 75 75 66 61 59 63 55 50 44 38 30 30 21 20 22 21 14 14 12 9 8 7 17 13 8 12 11 15 15 16 11 13 28 62 128 146 151 146 146 134 108 100 65 78 81 93 104 108 122 148 151 121 130 104 77 
78 79 79 78 77 78 76 80 80 80 80 79 80 80 79 80 77 68 54 47 66 77 75 74 75 73 73 73 73 72 71 65 40 16 18 4 7 9 25 27 30 36 41 44 51 61 58 59 46 45 45 39 40 31 27 23 18 17 12 12 14 15 14 11 10 8 6 6 7 20 22 15 18 15 16 10 10 18 53 124 149 151 151 148 122 99 84 86 92 98 102 109 118 120 149 159 122 126 84 60 
72 72 72 73 77 80 79 78 78 78 83 87 80 81 84 85 90 75 59 70 89 95 97 99 104 106 116 124 136 133 120 97 51 32 17 5 6 10 17 18 13 20 23 21 34 43 37 40 28 24 29 22 24 24 23 31 35 32 27 29 25 24 25 23 16 15 19 15 23 49 31 19 15 17 15 12 9 12 44 114 149 151 157 145 125 103 95 100 114 122 122 128 121 118 147 168 127 127 92 73 
100 100 101 102 101 101 100 102 101 102 103 102 102 102 101 101 101 81 67 48 95 101 101 101 102 102 102 102 102 101 97 90 50 34 16 10 7 11 12 7 8 9 9 11 15 19 19 24 20 20 23 31 34 43 36 38 46 50 40 42 49 54 58 52 45 34 27 19 27 41 37 20 17 20 9 12 8 11 35 107 142 150 158 141 128 106 105 112 85 68 90 81 88 118 143 169 128 127 123 81 
98 98 98 98 99 98 97 101 101 101 102 102 101 102 102 102 102 83 64 47 97 101 101 102 102 103 102 103 103 102 100 87 54 29 21 11 7 14 7 5 9 17 32 38 43 47 46 33 29 16 25 34 52 57 40 45 58 66 63 62 55 47 40 42 38 32 30 30 52 33 32 25 25 22 13 14 7 12 25 96 136 146 162 134 131 112 91 49 55 65 72 51 65 113 139 165 132 125 140 127 
83 83 84 84 85 84 85 89 90 89 90 92 92 93 93 92 93 80 63 45 90 96 97 98 98 99 99 99 99 99 97 90 52 31 23 10 11 15 12 18 33 50 55 62 60 62 52 46 46 39 32 42 53 57 47 46 53 55 49 43 42 41 35 27 26 29 27 35 47 47 38 31 28 25 14 12 9 10 16 87 130 144 162 129 126 109 89 56 54 84 65 72 78 112 136 159 136 123 138 131 
81 81 81 82 81 79 77 81 83 82 82 81 81 81 79 79 78 74 53 46 71 75 76 76 75 76 76 76 74 74 74 67 33 28 22 13 16 18 32 44 40 38 30 35 37 38 33 40 42 44 49 45 49 51 50 45 41 42 44 42 36 42 47 39 40 36 33 39 49 48 42 30 32 33 15 9 10 9 14 75 124 143 162 127 123 110 100 73 62 61 53 88 96 110 144 158 153 135 153 153 
70 70 74 75 76 76 74 75 76 79 81 81 80 79 84 88 90 81 61 72 94 93 98 103 108 119 130 148 148 134 114 88 27 24 20 18 16 23 30 32 22 30 28 21 23 30 33 35 36 34 34 39 44 42 43 48 38 39 35 31 30 30 31 36 37 38 40 48 52 49 43 29 30 29 15 11 8 8 11 67 118 136 157 121 118 108 101 99 90 75 70 93 122 130 159 154 156 155 165 160 
98 99 101 99 100 100 99 102 102 103 103 102 104 103 103 102 102 82 61 50 101 104 104 104 104 103 102 105 104 103 98 71 22 29 19 16 19 21 25 20 21 30 35 34 37 41 39 45 48 55 49 45 43 39 34 36 34 31 33 42 44 39 31 31 30 35 42 40 39 45 44 28 24 20 17 9 10 8 14 61 109 130 152 120 112 118 108 111 119 127 130 137 131 125 132 125 127 131 162 149 
99 100 101 99 100 99 99 102 102 103 103 102 103 103 103 104 103 85 64 53 105 104 104 103 102 102 104 103 103 103 98 57 19 17 13 13 20 22 20 19 26 34 36 40 35 38 40 35 39 44 43 46 50 48 42 35 31 33 26 25 35 41 43 39 29 23 27 35 41 43 41 28 21 18 10 10 8 7 16 55 101 127 145 120 106 124 122 110 104 99 94 82 73 73 88 115 119 111 154 138 
89 90 92 92 92 91 91 95 95 95 97 99 99 100 100 99 98 84 62 53 101 102 104 104 103 103 103 103 103 102 92 49 11 11 8 13 16 17 24 22 23 18 22 19 18 18 23 25 28 29 36 40 41 39 40 42 42 42 44 40 36 28 32 34 32 27 30 39 46 44 34 26 16 15 9 10 8 5 16 50 94 125 137 114 104 101 94 89 66 66 80 47 51 58 76 106 111 111 145 135 
77 76 75 76 75 73 73 76 76 74 76 76 76 75 76 75 72 83 51 49 74 74 73 74 74 75 76 75 75 73 63 24 7 10 11 12 23 24 16 12 13 13 20 20 15 12 13 10 15 28 29 28 31 33 31 33 30 28 37 40 37 35 29 28 21 26 33 36 43 46 30 20 19 14 8 12 6 5 12 47 83 120 130 113 99 88 88 67 58 60 86 72 73 84 88 102 102 110 135 135 
70 71 71 74 75 76 74 81 87 81 76 77 79 81 93 90 86 88 70 76 98 101 107 111 118 121 123 118 120 112 71 34 10 14 18 14 21 14 15 13 16 19 30 36 27 18 15 20 20 34 39 32 29 26 38 42 40 37 46 60 57 50 38 29 12 14 20 30 33 35 30 20 18 11 11 9 4 4 10 45 78 112 127 111 94 87 83 74 71 70 67 75 70 77 90 98 101 108 124 135 
100 99 100 99 99 98 98 100 102 102 101 102 100 100 102 102 92 94 62 57 98 97 98 97 97 98 98 99 101 96 80 43 13 20 16 11 14 17 12 11 13 19 28 39 51 36 33 36 43 53 41 32 27 26 37 50 55 48 49 57 59 50 37 35 27 11 12 17 19 18 16 14 14 11 10 5 4 3 8 40 77 107 121 111 93 86 77 71 84 72 60 67 67 73 86 94 97 104 115 131 
98 99 100 99 99 98 99 101 103 103 102 103 102 101 102 103 91 100 65 61 102 102 102 103 104 103 102 103 101 100 87 33 17 15 15 13 10 10 10 9 11 15 18 26 32 35 27 19 28 30 28 28 22 31 36 32 43 49 48 45 44 41 42 37 37 34 24 18 14 13 12 16 20 15 8 5 3 3 12 28 82 103 115 108 94 85 74 74 76 50 70 62 50 52 84 89 92 102 110 126 
91 92 94 92 93 93 93 96 97 98 98 98 98 98 98 101 88 104 61 63 98 100 100 100 101 101 102 102 101 99 79 15 13 12 16 13 8 9 9 7 6 7 10 15 16 14 14 16 16 20 22 22 20 19 19 23 30 44 50 50 49 47 43 44 38 39 43 38 22 13 14 26 30 21 8 5 3 3 8 31 87 100 107 108 92 82 75 73 74 49 67 60 44 52 82 86 91 99 106 122 
74 73 74 72 72 70 72 74 74 73 73 74 74 74 73 74 66 104 52 52 72 71 71 71 72 73 75 74 75 73 42 11 6 10 16 23 25 22 20 15 9 5 7 11 12 11 9 14 14 20 20 20 20 24 25 23 29 35 52 54 38 38 35 37 47 56 58 52 41 26 20 32 34 21 10 4 3 5 6 40 89 96 103 105 92 78 72 75 78 58 48 47 56 66 78 78 89 92 105 120 
72 74 75 79 78 78 80 78 77 76 75 76 76 80 89 91 80 99 75 81 99 100 108 116 122 126 129 131 129 108 62 19 5 12 31 48 49 47 35 37 24 13 9 15 19 18 15 12 9 10 15 21 22 20 17 21 24 22 23 26 25 24 26 34 43 60 69 68 55 41 34 38 32 21 10 4 3 3 10 47 88 96 100 100 91 83 71 73 78 59 48 38 67 78 78 73 86 93 111 118 
98 99 98 98 98 96 96 97 98 97 97 97 98 98 96 95 81 106 56 63 92 89 92 94 98 103 106 110 110 99 71 17 9 17 30 50 51 51 37 31 28 22 18 17 20 20 19 14 12 13 18 18 14 13 19 24 24 26 25 24 26 31 32 36 46 53 54 57 64 58 56 52 35 23 11 6 3 4 14 48 90 94 100 99 91 95 89 93 96 101 105 99 101 103 99 93 107 112 111 115 
97 98 98 98 98 97 97 100 98 99 100 99 99 100 101 100 84 106 58 68 101 100 99 101 97 100 100 99 100 95 64 10 10 24 30 45 46 38 30 25 21 12 16 13 13 20 30 34 34 37 37 34 34 40 41 38 35 26 24 28 32 40 55 63 65 65 68 78 70 64 79 62 40 21 9 6 3 3 20 42 88 96 103 97 91 89 73 77 75 68 55 65 53 60 58 80 82 89 105 111 
93 94 94 93 95 94 94 98 98 98 97 98 97 97 98 96 84 107 55 68 98 98 98 99 98 97 98 99 97 90 54 15 16 30 22 42 51 54 55 44 35 28 16 25 32 44 60 74 74 64 60 66 60 47 48 49 39 30 28 33 37 45 55 58 81 74 71 95 79 63 83 56 37 22 12 5 3 3 19 38 84 97 104 99 90 81 70 73 60 56 44 69 44 36 47 60 77 84 94 111 
68 70 70 68 67 66 67 70 69 70 70 70 69 69 70 69 71 95 47 55 70 69 70 70 68 69 69 71 69 66 49 16 10 11 17 46 65 72 72 65 54 42 33 35 47 62 69 67 58 63 56 56 54 55 56 44 32 27 26 34 36 38 48 61 73 84 83 78 74 71 63 35 29 20 12 7 5 3 11 32 80 100 107 105 92 79 72 78 68 70 62 73 58 54 60 65 76 81 89 113 
74 74 74 79 77 77 82 84 84 88 88 91 90 89 90 89 85 97 66 79 91 94 94 100 101 111 115 120 110 94 77 30 5 6 19 41 56 66 61 52 32 21 31 35 48 56 55 53 53 52 51 45 41 36 34 35 29 29 34 40 44 42 51 56 72 88 73 84 70 51 36 30 33 28 17 11 6 4 6 26 85 102 110 110 93 80 73 79 82 68 62 65 59 64 76 80 77 82 91 115 
87 87 87 86 85 85 85 88 85 86 85 85 87 85 86 84 88 90 56 73 91 92 92 96 98 106 113 119 112 102 90 59 9 6 19 36 44 36 30 29 16 12 26 40 48 53 51 43 36 36 45 51 43 43 40 46 49 50 45 47 51 55 63 73 75 68 68 70 56 43 37 39 38 38 26 16 15 10 6 27 84 100 112 114 98 81 76 80 86 86 84 50 44 58 83 83 80 86 95 120 
93 94 94 94 93 94 94 95 96 95 95 95 95 95 96 95 92 86 53 72 94 95 95 95 97 96 95 94 95 94 89 63 12 7 17 24 22 17 18 22 24 25 39 39 58 44 38 30 18 22 32 41 37 35 36 48 57 58 56 45 51 58 57 71 65 65 68 59 42 41 44 41 37 27 17 11 9 7 7 26 81 103 118 120 102 86 81 84 88 62 35 40 53 34 52 86 82 87 98 126 
92 94 93 92 91 91 92 95 96 95 95 94 94 95 95 95 93 80 50 73 92 92 92 93 93 94 93 92 93 92 91 65 10 9 11 12 12 11 15 17 18 24 34 43 48 36 24 13 11 17 31 27 24 23 23 31 41 40 32 30 22 28 44 58 57 52 47 46 44 49 45 48 38 29 21 13 10 7 7 31 78 107 125 125 108 90 89 90 91 58 44 54 53 39 60 92 90 89 98 131 
79 81 80 78 80 78 78 81 82 82 81 81 81 83 84 81 92 71 45 68 82 82 83 84 83 84 84 83 82 82 80 53 8 3 4 7 4 6 6 10 7 10 14 25 31 23 16 12 16 31 37 27 23 28 25 25 24 17 10 15 12 7 11 36 46 41 38 46 52 52 51 46 46 39 25 10 3 2 8 27 76 111 130 129 115 97 91 92 94 83 70 48 46 65 86 98 96 93 99 135 
72 74 73 71 72 72 72 73 73 74 74 73 72 72 74 72 88 62 42 62 72 70 71 71 71 73 72 71 71 69 67 57 11 4 2 3 4 4 3 4 4 4 8 9 14 15 20 18 27 37 44 28 38 39 26 20 10 7 10 6 10 5 3 8 20 31 33 45 53 53 49 43 40 35 22 10 6 4 12 24 81 118 130 137 122 108 111 104 100 98 80 54 59 89 99 101 102 100 98 140 
64 68 67 65 63 64 64 69 69 68 68 69 70 71 80 76 90 60 62 79 79 82 90 101 111 124 133 121 103 97 89 74 20 4 3 2 3 8 2 2 2 2 8 8 9 11 21 29 33 39 40 29 33 35 15 10 12 13 11 8 5 3 6 19 28 31 30 38 43 36 33 37 40 29 17 8 6 8 8 19 85 124 136 145 129 114 127 126 128 122 128 117 114 113 112 107 104 102 107 145 
88 88 89 88 88 88 86 89 89 89 90 90 89 91 92 86 90 62 44 75 90 90 89 90 89 92 93 91 89 88 90 84 25 5 5 3 3 10 6 2 1 3 8 21 26 34 33 30 29 32 23 19 26 26 13 12 17 26 10 5 4 3 4 17 27 31 28 31 37 34 31 31 33 27 20 13 3 6 4 19 79 131 144 153 137 116 128 113 130 101 126 118 135 132 137 138 136 129 135 146 
87 87 88 88 87 88 89 90 89 87 88 89 88 89 89 87 85 57 42 75 87 89 89 88 89 88 88 88 89 88 86 84 26 4 4 4 5 8 3 4 3 8 17 31 40 43 35 36 24 17 19 26 20 13 11 13 20 20 6 2 4 8 14 24 34 36 28 18 27 32 26 20 18 20 15 10 5 3 4 17 79 127 148 159 138 116 114 118 58 45 55 85 101 133 143 143 144 140 145 148 
82 82 80 80 80 79 80 80 82 82 82 82 82 82 84 81 80 54 41 73 82 82 82 82 82 81 81 81 80 81 82 78 29 6 4 12 11 9 3 4 16 16 20 29 29 31 23 14 10 8 24 22 10 7 7 5 10 29 15 7 14 18 29 35 34 32 28 21 13 24 27 32 27 17 11 7 4 4 7 13 70 125 158 169 133 111 120 44 68 55 43 34 54 132 129 146 147 144 124 134 
62 61 60 61 61 58 60 62 64 64 64 63 63 63 64 63 68 44 36 57 62 61 62 61 61 61 63 63 63 64 62 61 30 10 20 14 9 10 4 7 17 17 15 15 17 12 10 6 6 8 19 17 8 6 3 2 5 22 13 11 23 29 19 28 30 26 22 24 17 17 26 33 35 27 15 7 6 6 4 21 79 122 165 158 134 108 63 35 51 49 83 78 64 51 127 148 149 145 101 95 
62 64 69 65 63 61 63 67 70 70 65 65 65 68 73 78 67 52 62 74 80 84 88 96 107 116 122 116 107 92 81 74 43 33 35 11 12 16 12 11 15 12 7 7 6 8 6 10 11 23 21 12 7 4 2 3 3 13 19 12 14 20 18 10 15 19 19 21 15 11 15 33 33 29 17 8 5 4 3 27 82 115 168 141 137 94 58 42 57 70 58 50 53 43 105 134 146 148 123 137 
80 81 80 79 79 78 80 81 81 83 82 82 83 83 81 82 67 53 39 76 85 85 83 85 84 85 85 85 85 83 82 81 56 59 53 10 15 22 21 14 11 7 11 5 4 8 11 23 28 29 22 13 8 4 3 2 3 9 14 10 15 36 26 14 9 24 21 16 8 7 14 35 33 31 21 6 4 3 3 30 82 105 156 135 125 116 66 33 36 41 68 80 57 35 69 139 146 147 143 144 
79 80 79 77 79 77 80 81 80 78 80 82 81 82 81 82 61 51 39 74 81 80 79 81 82 80 82 83 83 80 79 77 67 74 59 13 15 17 16 10 7 5 8 5 4 3 9 21 28 35 33 26 18 7 2 2 2 5 6 5 20 44 31 16 8 13 14 13 10 7 16 37 38 27 19 12 3 2 8 40 75 105 128 134 116 109 64 30 77 59 64 41 52 33 58 131 144 136 87 110 
77 78 77 76 77 76 77 76 77 73 76 78 79 78 77 78 56 49 38 72 78 79 81 80 79 80 79 79 79 78 77 75 73 75 60 27 23 14 12 6 3 3 3 7 6 3 4 8 21 30 32 26 30 17 5 2 1 4 4 3 11 35 33 14 7 9 12 12 7 6 13 20 28 31 31 16 6 5 13 42 73 101 117 133 115 127 122 36 94 91 98 35 34 32 93 120 134 133 52 57 
54 54 54 51 53 53 51 54 52 51 55 55 55 54 54 54 51 38 36 52 56 54 54 55 56 55 55 55 54 53 54 54 52 53 49 39 35 20 12 6 4 3 4 6 6 5 9 18 23 25 19 16 26 30 21 7 6 2 6 4 11 26 30 16 9 7 12 18 10 9 19 29 37 36 27 11 5 10 22 50 89 113 123 112 127 126 107 99 55 85 42 33 31 53 76 140 146 127 73 106 
66 65 65 65 65 64 66 68 67 65 66 67 68 66 67 68 51 49 50 77 83 84 92 96 104 107 104 105 102 97 90 80 76 67 61 53 58 43 29 21 7 4 5 5 3 5 7 16 20 17 12 6 15 20 19 19 14 7 3 5 15 26 26 21 13 10 13 16 17 22 29 32 35 28 14 4 5 12 38 71 99 138 149 111 98 115 122 116 89 60 50 43 66 101 134 124 144 112 87 110 
61 62 63 62 64 67 67 65 66 62 62 63 66 67 68 71 45 47 47 69 71 70 73 73 77 77 73 72 70 70 69 68 65 67 66 66 69 66 58 60 50 20 8 5 2 2 2 6 5 5 3 4 9 8 7 13 19 16 5 4 11 15 17 16 15 12 10 20 30 32 37 37 26 14 7 3 4 28 54 88 110 146 160 123 95 85 87 94 118 99 127 90 134 110 134 135 142 88 92 105 
72 72 71 71 70 70 72 74 74 73 73 73 74 72 74 71 44 49 37 72 73 73 73 74 74 73 75 75 77 76 74 72 72 72 71 69 71 71 68 70 67 47 15 7 5 2 3 5 9 10 3 4 5 5 8 4 13 22 13 9 7 9 6 6 10 10 11 27 36 43 42 40 24 12 6 3 17 48 63 94 118 143 158 135 115 101 96 91 87 93 107 114 128 131 134 140 131 66 99 109 
70 70 69 68 70 69 70 73 74 74 73 72 72 72 71 67 39 49 39 71 73 70 70 72 72 73 75 75 74 73 72 71 71 71 71 70 70 69 71 69 69 40 26 9 6 4 6 12 10 13 8 10 15 3 6 7 4 11 15 24 19 12 8 5 9 8 21 35 38 45 42 33 25 10 4 11 28 57 63 91 116 140 157 128 133 109 112 107 94 90 92 87 95 113 132 137 112 55 62 71 
69 69 68 67 67 64 67 68 67 66 66 66 65 65 64 60 40 46 36 61 62 62 62 60 61 62 60 60 60 59 57 57 56 55 56 56 53 52 52 51 47 21 31 17 7 4 4 8 7 8 12 10 19 16 6 3 4 5 5 11 15 15 15 12 9 17 27 38 40 41 38 31 23 11 4 10 37 58 62 90 109 135 156 128 127 117 115 105 100 95 110 112 99 94 85 101 114 105 82 66 
48 48 47 46 46 45 47 49 51 49 51 49 49 51 52 50 37 40 34 54 55 54 58 58 60 59 59 59 60 59 60 60 59 58 60 59 59 57 56 57 51 29 29 32 11 3 2 2 4 4 4 6 17 18 12 7 3 8 7 10 6 5 9 15 15 25 36 40 37 34 28 20 15 8 2 11 47 62 62 88 105 128 150 128 128 113 108 96 103 102 107 121 120 116 113 106 86 87 102 113 
65 65 66 64 65 64 62 62 56 57 57 56 55 55 58 54 32 49 50 65 69 74 82 89 93 96 101 99 94 84 77 73 68 69 67 60 53 54 51 49 46 40 42 50 34 5 3 3 2 3 3 3 7 14 16 11 11 9 17 17 15 11 13 16 22 36 43 40 36 27 19 9 6 2 11 34 54 60 61 84 104 122 143 126 127 104 99 99 106 108 112 117 117 114 112 115 116 108 99 86 
58 60 60 60 59 59 63 66 66 66 66 66 67 66 65 55 37 47 39 64 66 67 68 68 68 68 67 67 67 67 67 67 66 66 65 65 65 65 64 62 57 41 46 47 37 15 3 6 3 2 6 3 2 4 7 9 16 17 21 24 17 13 12 20 28 37 41 41 40 33 21 7 4 1 18 43 53 58 60 80 102 114 137 128 117 99 99 104 111 118 116 118 118 117 114 115 114 113 112 113 
62 63 63 62 63 62 63 65 66 66 65 64 65 64 63 54 34 48 41 65 66 66 65 65 65 65 65 66 66 65 64 64 65 65 66 64 63 63 63 62 56 40 43 43 43 33 8 3 5 2 6 2 1 1 1 2 5 7 9 11 10 8 14 25 34 39 38 33 29 27 18 9 3 8 31 46 50 56 60 71 100 108 132 132 107 93 97 104 110 113 115 116 116 117 117 115 114 110 110 107 
61 61 62 62 62 60 63 62 64 64 64 63 64 64 61 51 32 46 40 63 64 63 63 63 63 64 64 65 65 64 62 62 63 63 62 61 61 61 60 59 51 41 43 41 43 38 23 4 5 6 5 1 1 1 1 1 3 4 4 6 8 12 18 20 29 33 34 28 20 15 12 5 4 20 36 47 49 51 57 64 96 103 123 132 102 91 98 107 106 105 107 111 114 116 116 122 129 110 110 108 
57 57 58 56 54 52 55 55 55 54 53 51 52 52 50 41 30 39 37 48 49 47 47 47 47 46 45 46 46 46 43 45 43 45 43 44 43 43 44 44 42 37 40 41 41 40 31 13 3 5 4 1 1 1 1 1 1 1 2 5 7 10 12 18 18 21 22 21 17 9 7 3 2 18 35 49 54 53 55 61 89 99 117 133 94 87 94 110 104 102 104 107 105 109 109 114 107 106 106 105 
41 41 41 41 42 41 44 48 48 49 50 52 52 52 50 41 28 41 43 55 56 56 57 60 63 69 73 77 79 81 78 72 64 62 57 53 55 51 45 45 42 36 37 39 40 39 37 28 6 5 7 2 1 2 1 1 1 1 2 2 3 3 3 4 10 10 9 7 6 4 3 1 7 17 35 48 60 56 52 57 83 95 112 129 100 89 92 110 102 99 100 102 100 101 103 108 105 103 102 99 
53 52 52 52 50 50 50 48 51 50 46 47 52 56 57 45 27 54 58 71 71 77 78 79 81 85 82 76 67 59 51 52 52 55 53 55 55 56 56 56 49 33 35 37 37 38 37 31 20 7 6 9 2 3 3 3 3 2 3 3 3 3 2 2 1 3 5 3 2 2 1 0 9 25 35 46 46 57 51 67 75 93 106 120 99 90 87 107 102 96 97 97 96 97 101 107 101 97 97 97 
46 48 49 52 50 51 53 56 56 56 57 58 58 57 57 42 26 41 44 58 58 57 58 59 59 58 57 57 55 55 55 55 56 55 57 54 55 55 56 55 47 33 33 35 36 34 35 33 29 12 8 8 4 3 4 4 4 4 4 4 4 4 3 3 3 3 1 1 1 1 1 1 9 33 34 38 40 44 48 56 64 89 100 112 104 95 83 104 102 96 96 94 95 92 93 97 98 95 90 87 
