73 72 76 83 84 72 67 79 101 116 117 117 113 107 102 85 72 68 64 64 49 30 26 36 50 50 70 88 98 104 111 99 69 51 47 47 49 48 42 43 39 42 20 15 27 34 34 34 24 6 9 19 25 25 28 26 28 72 128 139 139 141 146 147 147 146 142 130 127 128 131 137 144 153 173 184 186 184 182 173 172 159 143 131 102 84 82 78 76 69 64 61 67 79 84 83 86 89 91 94 
59 63 79 80 87 78 69 80 105 119 116 117 116 109 103 90 76 71 70 72 56 31 28 35 50 57 72 87 100 104 113 103 76 55 50 44 51 54 48 49 47 40 18 26 32 40 44 37 17 3 18 33 34 34 34 37 37 103 128 138 141 146 150 151 152 152 150 143 142 140 137 134 129 160 178 187 187 185 184 176 173 171 167 151 121 105 104 95 87 77 69 67 66 70 76 78 80 84 85 88 
39 40 47 46 51 48 47 53 67 78 80 81 81 81 81 68 59 60 48 41 40 31 28 30 44 51 65 82 96 99 112 117 94 57 52 47 47 49 50 44 45 17 13 32 36 39 39 24 8 13 29 35 33 33 36 39 61 125 131 133 139 143 146 148 149 150 152 150 149 145 143 145 144 150 183 179 177 174 180 188 186 188 177 145 126 125 121 112 102 90 80 75 66 64 69 74 77 80 83 86 
44 38 34 35 29 27 29 23 26 20 25 23 19 15 17 15 11 10 14 17 14 8 7 12 14 14 17 21 26 31 34 36 35 26 24 20 22 23 24 24 21 12 19 24 21 26 21 10 8 16 25 24 24 26 28 29 80 133 132 130 138 142 144 145 148 147 153 153 156 155 154 154 151 164 185 149 158 151 162 180 194 174 105 97 109 132 136 127 114 101 86 74 67 67 69 69 70 74 77 77 
78 80 74 81 76 70 65 68 84 103 97 94 93 96 100 83 60 62 50 39 37 35 27 25 30 35 39 49 57 60 57 62 52 35 30 26 23 26 22 17 14 13 22 20 12 15 10 11 13 9 13 9 10 10 11 19 102 138 139 133 136 139 145 145 145 146 150 153 156 153 151 152 156 185 191 144 151 141 145 147 132 130 93 91 107 125 144 134 118 97 79 75 70 69 69 68 65 66 70 74 
32 31 31 39 38 34 29 36 44 46 47 45 43 45 45 39 30 33 29 24 24 24 18 17 17 25 34 50 61 68 72 87 82 50 41 38 38 44 45 22 8 21 45 43 35 22 8 19 33 34 33 32 32 35 34 51 131 139 143 139 137 141 145 143 143 145 136 136 147 147 149 149 151 178 176 151 149 144 135 92 63 68 69 71 117 135 142 143 124 102 87 86 84 79 69 64 59 57 64 75 
70 72 72 80 74 56 49 62 76 77 73 67 65 69 70 57 42 43 41 31 26 23 16 14 16 18 21 30 37 41 40 49 48 24 14 13 12 12 14 11 7 13 15 14 12 8 6 10 15 14 16 16 14 13 17 71 141 144 145 143 140 140 140 140 144 144 147 143 142 140 142 143 145 154 182 189 191 184 174 168 162 152 141 109 90 153 145 147 136 120 105 94 87 83 75 69 63 65 73 83 
88 85 98 99 94 70 72 92 102 105 104 95 92 97 95 86 75 76 73 58 51 51 45 38 42 39 50 70 85 95 95 104 99 64 45 40 36 34 20 11 29 37 35 26 7 9 18 23 26 23 23 23 22 22 28 107 140 143 144 146 145 142 138 138 142 146 139 145 143 140 140 143 140 142 155 166 171 181 189 193 196 194 190 187 157 137 144 108 138 132 120 103 93 90 90 88 83 85 90 94 
89 87 106 107 88 62 80 99 101 98 98 98 89 94 93 81 81 78 79 64 54 58 61 46 54 45 53 71 93 103 109 116 108 72 57 52 52 31 12 25 52 52 46 19 6 19 34 40 43 41 40 40 35 37 59 130 136 134 136 138 147 143 140 144 142 141 143 144 148 142 143 145 141 137 131 88 68 93 139 167 182 187 187 174 174 143 156 75 107 132 140 128 112 103 104 103 103 102 101 102 
82 84 100 95 80 66 83 102 104 99 95 91 88 93 88 86 89 82 82 64 53 64 70 47 55 51 49 69 90 107 106 112 112 76 57 61 54 13 13 41 53 51 27 7 18 32 36 40 43 45 41 40 39 38 93 138 138 134 135 138 142 142 145 145 142 140 143 147 148 145 139 138 137 136 106 56 45 43 93 146 95 73 73 64 87 93 132 73 83 126 151 148 131 113 107 110 117 118 114 108 
21 19 18 14 16 15 17 20 23 20 20 26 23 25 26 27 29 32 29 29 21 25 30 25 29 26 25 36 43 50 52 57 57 46 34 37 23 11 16 34 35 29 9 9 26 28 29 31 33 37 32 34 36 44 121 136 142 137 138 141 144 143 140 140 141 141 139 137 137 138 142 142 138 115 57 48 59 118 161 158 61 64 77 84 67 59 70 67 90 102 158 164 150 131 119 127 134 129 125 125 
72 73 86 89 79 64 67 76 75 75 76 68 66 65 58 57 55 59 48 38 33 42 50 29 23 26 32 40 37 42 41 40 37 26 22 19 16 19 20 14 13 9 10 13 13 13 11 12 10 9 10 7 8 42 132 138 140 133 138 141 144 144 144 143 140 140 138 140 139 142 140 139 133 105 104 88 139 174 171 125 56 80 94 86 64 50 61 78 87 82 134 166 161 153 139 146 146 140 137 142 
38 41 52 51 47 45 52 55 52 52 55 49 49 50 51 44 38 36 34 29 33 44 46 23 19 28 47 66 63 70 73 79 79 61 48 27 9 27 42 38 24 6 18 36 39 32 32 35 35 36 36 34 39 92 128 131 139 140 146 144 143 147 146 143 143 143 138 137 137 137 133 141 128 117 146 166 166 170 160 80 64 89 87 73 59 53 62 73 75 64 88 168 168 151 153 162 163 158 157 163 
63 64 69 64 56 52 61 63 60 61 55 53 56 53 47 40 38 36 28 24 20 19 10 10 16 22 28 37 36 48 45 45 52 43 20 11 13 16 10 7 4 8 11 14 13 11 12 13 13 14 15 16 59 115 125 132 137 140 141 146 146 144 144 143 141 135 133 129 121 124 107 113 117 114 146 155 164 163 83 50 70 88 88 79 75 66 61 62 62 59 63 159 167 140 158 173 176 172 175 179 
86 91 101 97 80 78 95 99 93 91 85 90 93 83 69 65 61 56 53 46 33 25 22 33 45 49 69 84 88 105 104 99 101 92 20 14 43 47 33 10 13 36 43 44 41 34 30 31 32 32 32 41 115 137 122 122 134 136 135 119 119 121 119 114 110 85 95 78 72 54 40 43 73 85 110 122 140 145 73 52 80 91 87 89 90 66 62 63 59 57 54 133 171 142 153 162 177 178 176 182 
85 94 105 101 82 82 98 103 95 93 90 95 91 72 64 65 57 58 55 47 32 25 33 49 52 64 85 81 96 102 106 113 109 45 16 33 56 55 23 9 34 54 55 54 52 46 42 41 42 43 47 83 135 147 132 117 113 108 90 60 52 40 48 54 44 26 24 19 16 14 8 17 23 28 39 63 77 110 107 51 77 85 79 86 94 58 54 59 48 51 62 143 173 146 135 129 157 174 172 176 
78 89 95 89 75 79 94 97 89 84 81 93 84 68 63 58 55 57 54 47 30 26 42 51 57 76 86 90 100 101 119 121 99 19 32 58 51 38 10 20 50 58 54 52 53 48 44 42 45 44 60 118 134 142 130 119 80 61 34 25 15 15 16 11 8 8 11 10 7 9 9 11 15 13 17 18 28 54 67 68 66 80 84 96 108 94 54 51 49 52 59 163 172 158 133 105 133 177 166 165 
20 22 22 18 18 20 21 23 21 20 21 23 20 24 26 22 21 24 24 21 17 23 24 26 26 37 40 40 42 55 78 69 44 17 23 29 23 13 8 21 28 29 31 28 29 29 26 27 27 22 84 119 108 99 97 73 32 18 16 10 11 8 8 6 8 7 9 7 9 10 8 10 10 7 7 8 16 50 54 53 56 75 115 158 183 163 93 59 51 46 85 166 174 165 121 88 121 143 154 150 
76 83 80 69 64 78 83 78 77 74 77 74 61 52 47 43 39 38 36 26 21 34 40 43 53 52 55 56 61 74 100 51 18 21 32 32 12 10 24 26 26 29 29 26 25 24 16 8 16 47 106 84 58 60 51 19 12 10 11 9 10 8 8 9 7 6 8 8 8 9 9 7 7 8 5 4 9 44 59 56 64 69 90 162 186 191 171 74 60 54 136 179 176 148 85 93 105 136 142 135 
40 51 49 45 41 52 52 48 47 44 47 45 39 30 25 24 25 21 20 14 11 25 31 35 49 47 49 48 54 71 64 29 15 22 25 19 6 10 24 24 25 27 30 29 28 27 20 13 21 69 69 39 26 28 17 10 8 7 8 9 10 11 11 9 8 8 9 9 9 10 9 9 11 8 8 7 7 26 58 88 69 66 78 125 177 192 184 135 87 152 171 181 173 101 78 97 121 141 139 136 
74 83 76 68 61 68 68 62 61 60 63 59 52 44 40 37 35 28 27 20 23 31 29 36 48 51 61 66 80 78 37 12 23 30 21 7 18 30 31 30 28 29 31 30 29 28 26 21 31 43 27 19 11 9 12 8 5 6 9 11 14 15 12 8 4 5 9 12 14 13 15 17 14 13 10 9 5 7 37 75 84 85 109 94 157 194 182 176 160 176 176 180 148 86 107 110 116 135 141 146 
98 108 97 86 83 92 92 87 84 90 93 85 68 62 61 57 53 46 34 32 48 54 50 62 73 85 98 109 122 98 21 20 43 46 32 15 40 51 51 52 49 52 54 53 52 46 37 29 20 21 16 13 8 11 8 6 6 9 13 15 20 17 12 10 7 7 20 18 16 19 24 19 15 13 9 13 15 13 17 55 71 68 54 59 104 179 186 168 172 178 181 176 123 107 114 108 109 131 145 143 
103 111 103 91 88 99 99 87 82 91 92 80 64 62 61 58 56 48 32 32 50 48 54 69 77 93 99 115 125 50 16 36 50 39 27 34 54 56 54 58 54 54 53 45 47 42 24 19 12 11 15 14 8 8 8 4 12 17 18 18 21 18 11 7 7 9 20 17 21 27 18 16 17 9 12 16 16 19 15 43 74 89 91 62 83 169 188 162 175 175 175 164 123 108 104 97 133 161 167 156 
51 59 53 47 46 57 57 52 53 62 61 62 57 45 41 38 37 30 22 24 33 35 42 53 62 69 77 90 80 16 21 48 40 25 24 33 45 45 42 49 47 46 45 32 29 27 15 11 7 8 13 9 10 7 9 8 18 19 13 13 13 21 15 6 9 16 19 15 16 24 21 22 12 8 16 15 14 26 23 35 77 85 119 72 66 174 189 162 171 166 170 120 87 71 78 106 181 200 202 201 
52 53 47 39 41 45 42 39 42 38 36 43 46 32 28 26 23 20 20 23 24 25 30 28 26 29 27 27 18 17 22 43 21 16 19 16 12 13 9 11 12 13 17 14 10 11 9 9 8 7 8 9 6 8 6 8 18 23 14 10 12 15 14 8 15 13 15 14 17 14 18 14 13 16 18 16 23 28 30 28 71 89 119 100 100 169 187 151 152 141 111 76 104 148 190 203 204 204 204 205 
68 70 62 58 63 63 61 57 62 66 59 47 37 36 33 36 33 26 26 31 33 38 51 59 67 74 86 54 21 32 42 34 23 24 27 25 26 26 25 26 30 29 23 19 9 10 8 7 6 6 6 10 7 7 7 5 18 28 27 17 13 9 13 11 13 10 19 15 12 19 23 24 36 21 26 20 25 25 36 29 49 75 82 92 90 135 160 134 130 140 167 197 209 206 206 207 204 204 204 203 
49 49 41 39 40 40 42 40 43 40 36 31 24 21 27 23 19 14 12 18 22 25 36 41 49 54 48 19 18 22 26 19 20 27 29 22 26 30 27 28 30 28 21 15 10 7 7 8 8 7 6 13 10 9 9 5 19 24 28 23 12 14 17 11 15 11 20 13 16 21 24 36 28 21 32 20 23 27 33 28 45 85 88 105 92 85 60 115 163 202 207 176 144 162 198 203 208 208 202 201 
98 91 73 78 88 83 74 75 80 79 68 55 45 77 107 108 103 91 87 80 73 68 76 83 87 107 53 18 36 43 40 31 39 49 49 41 49 56 51 49 42 36 21 14 10 8 6 9 14 10 6 12 14 18 21 10 10 13 21 23 10 18 16 11 12 13 14 7 9 15 11 25 25 30 41 21 23 28 27 21 34 66 86 100 84 86 67 90 196 170 104 74 75 74 81 125 190 206 200 195 
100 88 80 88 93 86 85 87 91 81 67 65 66 140 136 134 129 132 138 144 148 153 126 94 91 104 64 41 46 46 38 38 45 44 43 41 48 56 52 42 38 35 18 9 9 9 9 9 10 17 11 11 17 28 35 24 12 14 23 23 13 12 8 13 11 10 18 22 16 15 14 28 38 38 43 22 19 24 23 26 40 60 108 116 78 76 72 110 120 77 73 68 71 70 75 71 77 96 145 183 
68 62 61 68 67 61 60 67 70 60 50 45 82 136 131 133 136 135 139 141 145 155 157 155 160 162 140 123 93 63 55 51 47 41 42 37 39 49 45 37 37 20 11 9 8 8 16 9 4 16 16 9 16 29 40 23 11 13 22 16 11 11 13 11 8 24 23 18 14 19 22 25 44 44 24 23 21 24 23 43 43 44 83 122 113 92 86 70 65 71 67 74 77 70 70 71 68 65 83 160 
43 39 38 40 35 33 36 37 36 31 28 30 55 131 124 126 134 138 143 146 141 167 158 145 132 140 137 131 107 97 97 86 67 45 35 26 20 22 27 35 20 17 9 12 11 15 5 8 7 9 19 13 17 30 22 22 14 13 18 16 12 13 17 12 22 24 14 15 24 34 27 17 31 45 27 20 20 29 30 58 34 26 75 103 90 80 94 66 65 67 70 74 77 85 76 70 67 68 69 76 
71 64 71 77 74 69 70 71 66 50 41 35 40 117 127 120 126 134 147 153 144 156 156 164 151 144 114 123 112 104 97 90 77 50 43 41 25 26 41 29 22 13 11 12 21 11 3 8 8 8 16 12 21 30 43 28 14 13 19 20 14 12 22 18 25 19 13 18 34 27 31 39 31 27 45 40 17 27 32 49 43 50 79 93 123 89 94 74 62 71 81 79 91 88 85 93 77 74 77 76 
48 45 49 49 47 47 45 42 41 31 28 24 22 68 130 123 126 126 139 145 133 140 142 150 161 149 121 101 107 99 100 99 67 35 42 41 27 40 40 34 26 23 19 27 15 9 8 10 9 14 18 22 28 28 44 34 18 16 20 20 12 18 16 21 24 27 24 39 24 17 26 23 20 23 25 30 21 15 25 50 45 59 79 88 120 109 94 74 77 86 94 94 94 96 92 92 95 85 80 75 
77 77 85 79 77 81 83 75 62 54 57 54 47 44 93 131 124 124 131 142 134 140 150 143 125 101 87 80 81 86 85 76 40 29 53 59 57 66 53 44 41 33 23 29 16 23 19 10 25 25 9 9 19 34 53 33 16 21 20 20 27 24 21 32 26 46 53 55 35 35 37 39 50 50 40 36 26 20 13 49 45 64 59 75 84 94 93 86 86 91 98 97 109 102 101 95 82 87 89 90 
85 86 95 88 87 88 87 79 65 62 58 51 53 43 45 114 135 122 127 135 134 133 119 99 90 91 84 83 90 81 80 71 32 41 70 78 82 94 69 54 62 43 44 31 40 21 26 27 19 19 20 14 14 17 23 21 18 28 22 25 43 25 41 31 39 67 47 33 40 41 31 21 34 41 39 30 35 26 18 44 47 68 61 65 81 125 102 79 85 89 93 124 139 125 128 128 117 112 96 89 
51 54 54 50 52 53 51 46 39 41 35 34 34 32 30 54 131 111 99 111 101 103 91 78 84 84 83 87 89 90 93 101 77 84 105 89 56 72 89 66 79 61 65 42 30 39 26 35 27 20 11 12 21 26 25 32 34 41 22 34 36 41 54 23 43 50 22 13 20 33 23 23 27 19 26 37 36 36 18 37 49 86 93 88 79 78 61 78 88 87 111 133 141 139 135 133 127 127 111 88 
51 51 52 50 50 50 43 40 38 37 35 35 31 27 27 28 55 97 107 88 71 76 76 75 76 80 78 87 91 91 108 123 87 117 131 161 107 62 71 66 81 99 77 43 44 44 31 37 35 39 39 28 26 28 30 33 46 56 23 43 29 37 38 19 40 38 18 20 28 19 22 30 31 37 40 34 29 33 26 36 55 116 144 92 66 94 70 78 95 93 127 135 139 139 133 131 126 129 123 99 
57 59 64 62 62 59 52 41 34 29 30 32 28 24 27 33 24 38 58 64 63 65 73 69 75 71 77 92 87 82 130 94 94 108 97 102 146 102 78 49 79 110 93 73 55 47 57 45 38 35 26 23 28 35 42 31 54 56 26 47 22 33 35 32 47 29 23 51 38 25 18 24 32 32 30 41 45 55 53 35 46 123 126 83 73 71 80 99 160 164 141 137 139 138 138 136 128 126 154 183 
47 48 48 50 52 49 44 42 36 31 29 26 23 25 24 24 22 33 39 48 42 50 58 59 55 59 68 94 127 119 144 85 92 73 72 111 114 159 86 63 85 127 125 111 79 61 67 48 42 38 34 34 39 66 79 51 72 59 29 47 29 48 40 34 28 15 52 38 16 34 63 59 37 31 21 26 38 58 58 43 45 119 102 75 103 89 58 69 169 201 196 201 164 140 137 133 131 156 210 223 
81 80 77 83 85 73 63 63 57 50 47 40 29 27 25 27 27 29 33 35 34 41 47 42 29 36 57 58 71 112 172 139 98 113 122 110 100 188 90 96 109 116 124 126 107 80 68 58 52 44 48 54 59 90 81 46 76 60 31 58 32 49 31 38 19 22 51 20 22 51 40 24 21 22 26 28 39 47 39 45 44 120 175 103 119 143 81 61 146 204 212 210 186 167 137 130 154 210 221 222 
82 84 82 84 77 66 60 54 50 45 46 36 30 32 26 25 28 33 33 32 35 50 62 60 30 24 84 98 76 71 139 199 153 95 100 90 131 159 94 99 71 107 131 136 114 94 68 65 43 32 35 41 63 103 76 62 88 68 42 69 41 59 24 30 16 22 41 24 20 16 19 23 22 26 33 26 33 35 40 42 41 111 158 148 102 154 142 72 126 205 216 216 214 211 179 179 210 222 220 207 
27 27 28 28 24 34 35 21 23 20 21 20 24 26 28 29 35 34 30 30 33 27 36 48 51 38 36 65 102 141 155 179 199 190 155 105 55 52 50 98 124 115 153 151 137 105 68 55 51 47 52 51 50 73 61 71 93 69 37 69 51 59 32 37 20 34 51 15 27 40 22 16 21 31 41 33 37 49 44 43 60 117 119 86 92 151 159 145 142 202 216 218 217 209 204 216 219 223 217 129 
64 63 65 63 55 46 45 36 38 32 29 29 32 29 23 24 32 35 31 30 28 34 30 29 21 27 30 32 26 69 107 115 123 139 145 135 101 77 74 88 114 161 206 190 162 140 86 60 50 38 42 59 58 60 47 58 84 59 43 62 54 45 66 57 21 44 50 15 46 53 16 30 40 30 22 30 40 46 44 40 71 101 89 77 89 148 160 157 150 191 218 220 204 189 207 215 225 229 220 205 
43 43 42 41 35 27 23 21 22 18 17 20 25 25 20 23 34 40 31 34 39 38 33 39 26 29 40 23 36 65 91 96 99 112 129 143 129 109 107 101 73 73 151 164 165 169 78 61 49 50 53 51 54 70 49 52 81 62 42 53 66 47 89 65 23 63 67 20 53 42 14 51 61 29 32 42 54 54 41 46 84 100 98 99 119 138 123 130 162 175 214 203 189 175 172 196 226 227 227 215 
62 65 59 51 52 49 49 48 41 30 28 33 27 21 23 31 23 35 38 35 37 49 59 58 39 29 33 31 64 99 111 104 106 121 136 144 129 127 123 117 98 73 62 123 164 178 116 79 72 54 68 58 72 69 62 44 64 88 52 63 67 52 71 76 38 92 92 39 36 43 13 49 60 27 42 30 43 62 39 56 100 93 127 121 97 70 72 84 109 161 180 194 201 184 181 184 205 233 230 224 
74 78 65 57 60 57 57 55 44 33 37 43 39 38 26 31 45 49 47 37 35 33 26 19 29 72 94 105 134 150 172 174 166 159 144 118 101 96 89 93 67 69 93 141 176 172 118 79 73 68 77 80 77 71 65 55 62 81 72 78 80 71 71 87 32 67 82 54 40 52 19 39 81 48 39 27 40 57 44 51 130 141 121 77 70 63 80 119 84 81 78 93 115 139 156 161 180 211 229 225 
40 39 30 30 33 30 29 28 24 21 21 25 29 34 30 42 61 72 57 55 64 60 48 41 43 58 59 50 64 154 200 169 133 128 110 67 51 62 79 88 107 160 177 166 185 154 91 77 76 82 84 78 77 56 47 61 75 69 84 82 102 98 85 95 69 50 59 62 51 75 20 37 100 82 54 65 54 58 33 45 124 139 136 83 86 93 82 80 85 88 85 82 80 84 85 94 103 131 170 215 
46 43 35 34 36 36 32 30 26 30 30 30 39 44 79 111 107 82 77 72 66 73 60 49 58 76 112 127 150 176 115 105 114 93 79 131 95 63 85 125 147 190 199 171 159 125 69 82 74 83 91 86 91 77 67 46 47 56 90 83 90 81 89 93 97 80 56 45 58 88 48 32 79 89 66 73 61 62 28 36 114 119 96 104 93 85 81 102 103 109 104 101 98 94 96 96 81 82 84 160 
48 42 31 25 25 25 22 19 19 22 28 32 46 122 135 113 99 102 95 92 69 67 66 63 70 75 85 85 139 99 90 88 90 113 85 186 123 100 93 80 130 147 159 142 134 125 69 71 74 77 113 92 85 69 46 55 69 103 111 86 59 42 35 57 80 90 75 82 70 80 89 77 75 100 90 71 68 60 34 36 75 113 93 107 103 86 118 129 143 145 138 131 131 117 119 101 91 86 81 140 
53 46 44 41 39 41 34 25 25 27 26 45 119 130 123 124 131 136 124 110 84 83 75 79 89 80 78 101 136 78 111 87 94 101 118 164 90 86 104 112 135 139 145 151 155 116 77 75 93 94 96 97 100 48 59 88 99 110 77 48 27 26 51 80 98 85 75 47 53 61 75 69 75 84 91 85 70 65 45 38 64 100 113 144 147 156 167 172 173 160 149 145 138 123 128 116 104 104 100 119 
74 60 59 57 53 50 41 33 36 36 69 127 127 127 137 141 143 142 147 130 99 85 84 86 87 94 94 100 118 97 100 105 112 147 143 90 71 58 107 121 140 144 163 194 189 156 87 86 96 110 87 100 107 69 87 94 124 92 36 20 34 70 98 101 112 113 55 37 28 39 75 88 74 61 56 73 83 81 43 38 42 91 115 169 191 155 126 123 122 123 124 127 115 107 108 97 83 74 79 89 
39 34 35 33 30 29 24 18 24 60 129 128 127 138 150 149 147 144 149 148 132 112 89 82 87 91 86 84 96 84 96 147 147 114 70 64 59 84 113 125 153 171 188 206 205 188 131 113 118 113 118 95 115 111 107 110 132 68 18 22 44 85 109 120 110 83 42 42 19 49 89 78 55 43 37 74 103 112 45 31 44 63 136 203 223 211 181 140 123 121 125 118 106 103 105 98 94 82 102 135 
36 35 35 31 30 27 25 30 25 118 132 127 134 143 154 155 156 158 151 145 153 154 120 99 87 85 95 91 82 37 37 68 64 59 68 72 65 92 106 133 156 176 185 193 200 202 189 163 148 134 143 116 127 136 117 127 134 78 49 44 62 111 134 127 105 62 42 46 21 72 81 44 24 44 59 84 102 126 52 38 39 98 186 217 224 221 220 181 161 163 184 183 158 147 137 150 180 177 205 213 
35 30 27 25 23 17 17 19 32 137 139 135 144 144 147 153 155 172 166 145 148 155 143 129 105 105 113 90 59 28 32 60 84 83 87 71 53 86 90 102 113 123 127 158 176 182 191 179 175 164 159 153 148 151 152 156 155 144 91 44 69 101 139 159 142 69 72 40 32 79 53 16 19 61 82 81 67 111 73 44 59 168 213 218 218 222 219 215 217 219 223 226 227 227 229 227 226 224 215 214 
42 42 37 32 31 24 24 23 23 132 144 139 139 141 142 149 158 169 162 150 137 134 141 125 104 106 105 85 58 42 41 32 39 56 79 70 50 66 67 63 75 82 97 133 157 159 161 168 178 175 168 149 151 153 158 161 155 143 136 99 72 83 126 142 130 86 93 27 32 70 30 21 66 85 83 74 60 67 75 43 107 198 212 217 219 218 219 217 217 222 224 227 228 229 231 230 228 223 218 215 
56 53 49 46 43 33 34 35 38 58 98 129 138 143 150 152 163 162 145 152 151 150 135 136 116 102 92 75 67 64 59 46 34 51 45 41 37 47 59 63 75 98 114 121 131 126 138 157 160 148 148 151 157 160 148 131 127 115 120 95 82 66 78 76 83 111 115 37 35 60 35 60 58 49 47 35 29 50 51 71 144 183 208 213 217 216 213 215 220 225 225 227 230 231 234 233 231 227 220 212 
26 24 24 21 17 19 17 17 20 17 24 29 34 45 59 72 65 49 27 47 88 95 95 79 60 41 43 48 42 47 37 34 28 24 34 22 27 36 51 59 76 100 113 121 127 127 135 139 143 150 152 157 155 149 121 89 89 74 73 66 50 54 81 118 170 179 149 71 70 73 63 29 14 23 20 13 24 46 65 115 156 168 189 212 214 214 213 217 223 226 229 233 236 238 238 235 233 229 220 214 
41 36 32 27 24 28 28 35 22 22 56 67 48 21 20 22 15 19 17 14 11 11 15 13 13 4 12 21 22 24 22 20 15 6 21 10 13 26 37 43 52 67 90 103 116 119 117 126 154 155 154 149 146 118 68 70 68 46 40 45 58 87 106 150 190 200 178 135 91 85 48 37 41 26 14 25 53 69 87 121 154 166 185 208 214 218 221 226 230 233 235 238 240 240 237 231 228 226 218 213 
25 23 21 16 15 18 21 21 14 32 49 43 29 19 20 19 15 15 17 12 8 4 5 3 3 3 4 4 8 7 5 8 3 7 6 13 5 9 27 35 45 47 57 57 88 102 108 128 137 143 150 134 102 75 60 67 61 80 91 103 115 119 110 121 182 142 74 65 69 91 70 94 54 22 43 64 64 72 72 91 153 164 175 210 221 221 223 229 232 233 235 236 237 236 235 232 229 225 219 214 
43 39 34 27 28 33 36 16 26 72 78 51 41 41 37 30 25 20 16 13 9 5 3 4 7 6 5 6 9 7 7 11 11 11 8 17 13 11 24 28 38 37 43 48 76 107 110 117 131 117 87 61 82 103 96 107 129 143 153 143 134 118 110 100 153 68 65 60 78 104 128 93 49 65 56 34 50 51 52 87 109 139 177 211 216 220 224 227 227 228 230 231 231 232 231 230 229 225 219 214 
38 32 31 28 28 29 25 13 37 59 49 30 28 29 25 22 20 15 13 12 11 10 8 9 12 11 9 9 9 6 9 11 13 12 8 12 21 17 23 31 35 37 31 37 76 121 125 144 140 127 118 109 134 142 135 132 131 146 132 129 108 98 98 70 64 60 60 69 92 123 166 110 90 52 36 49 51 60 63 85 92 88 88 163 214 217 221 224 224 225 227 228 229 231 230 229 228 218 197 180 
19 18 20 23 19 19 14 21 32 27 25 24 24 21 20 20 21 20 19 16 16 15 10 7 11 15 20 25 34 50 69 83 63 33 26 17 25 24 28 35 34 36 28 42 61 118 143 158 151 156 158 142 124 96 67 66 87 83 65 60 73 100 86 49 50 48 58 56 59 86 149 179 154 85 74 59 61 55 43 83 102 91 81 104 202 220 220 225 224 228 229 231 230 231 230 229 226 225 212 184 
31 28 28 30 32 24 16 38 52 45 34 28 26 25 25 25 23 22 18 17 17 12 9 7 26 65 99 129 158 182 190 177 132 70 45 21 22 29 29 34 40 36 46 41 44 108 148 155 166 162 157 151 136 115 87 78 77 74 74 83 67 63 49 33 43 53 53 57 82 122 142 118 82 87 67 57 54 47 49 86 105 95 81 111 183 200 219 224 225 227 228 229 230 231 230 229 226 219 205 173 
24 18 21 22 18 16 41 49 43 39 35 25 25 32 32 33 32 31 29 34 37 17 7 43 116 165 188 192 179 144 110 81 62 43 25 24 26 35 39 36 42 47 44 29 32 78 147 154 155 161 163 156 153 151 135 117 102 84 59 41 37 29 23 47 78 127 95 161 171 90 43 50 63 88 91 77 72 55 49 79 101 97 87 82 77 89 170 224 226 227 226 227 230 231 230 229 227 221 211 175 
34 33 38 36 17 32 69 66 51 57 59 64 72 72 72 53 30 30 37 49 42 13 20 105 158 157 131 102 77 51 34 25 19 17 21 25 30 38 39 36 36 44 38 34 42 54 123 150 157 161 165 166 168 161 153 133 82 53 43 42 65 92 111 134 148 123 151 178 116 48 53 57 60 73 77 103 78 71 50 70 101 89 79 76 119 178 212 221 225 229 230 233 230 235 230 228 225 224 203 150 
17 18 17 12 16 23 26 23 20 51 89 103 126 139 137 127 45 17 27 18 10 8 12 19 19 17 12 10 11 12 8 8 11 18 26 30 36 42 36 31 33 33 34 41 47 51 100 147 158 161 163 170 170 168 164 137 122 105 106 104 116 105 116 152 169 138 107 170 78 63 60 61 63 81 147 160 111 88 71 59 117 116 102 108 115 120 145 177 152 156 165 182 212 206 208 207 215 208 176 154 
27 30 24 13 32 50 42 34 49 83 93 94 123 156 159 157 114 74 127 59 5 25 50 42 30 17 10 3 6 11 17 16 18 22 30 35 36 35 31 27 29 29 38 49 44 49 91 141 162 163 162 169 165 167 171 156 152 135 113 100 91 99 95 116 140 113 72 160 78 67 66 73 120 178 187 113 73 81 87 71 120 115 112 128 142 114 121 150 114 116 110 121 166 133 128 123 143 149 117 114 
18 19 18 16 30 31 28 35 68 99 111 108 113 163 174 173 150 57 66 24 8 27 27 16 12 12 13 16 17 16 17 18 19 27 30 29 29 24 24 25 29 37 44 49 49 57 73 133 158 157 160 165 168 170 174 170 165 159 133 112 120 110 75 109 88 62 98 149 151 107 104 170 190 194 188 75 51 74 77 86 124 114 116 144 139 112 123 150 124 123 120 130 163 124 117 118 144 147 114 118 
30 23 21 39 46 39 46 66 95 127 143 141 121 152 185 186 178 131 110 92 74 62 43 31 28 26 24 21 18 15 16 20 27 30 31 31 27 22 28 32 42 55 61 52 55 63 57 128 156 161 165 166 175 176 177 173 171 168 147 131 101 83 98 93 76 105 110 129 173 182 183 187 183 191 178 115 53 65 60 81 123 120 116 124 134 109 126 150 113 123 127 129 144 134 132 125 156 131 126 133 
21 16 14 17 21 28 58 85 116 140 143 145 134 143 188 189 187 157 155 153 146 138 130 120 110 96 78 59 44 32 28 27 30 28 29 27 21 28 32 35 44 53 58 58 57 60 53 123 157 166 169 168 174 172 174 172 171 169 167 145 113 92 104 101 113 89 90 124 119 133 160 180 186 189 195 174 96 59 73 121 129 115 113 130 127 107 106 113 100 107 113 138 137 117 117 112 149 137 124 128 
10 12 33 70 82 71 83 114 134 143 144 146 137 132 182 192 191 173 173 175 171 167 165 162 159 152 149 144 138 129 123 110 97 83 69 55 41 36 31 41 49 57 58 64 58 56 54 123 162 172 170 169 170 168 167 168 170 168 172 158 135 117 111 102 96 101 110 117 81 54 60 130 191 190 187 189 149 76 119 150 142 126 121 123 121 102 123 119 118 124 122 144 141 117 118 115 126 105 108 121 
15 42 128 163 148 100 104 130 141 143 145 146 143 128 177 194 194 180 182 186 184 183 180 177 176 172 174 169 169 162 161 155 152 146 141 134 122 112 97 88 78 74 66 67 62 63 56 125 164 170 164 166 166 167 164 168 170 168 169 172 162 135 113 101 74 98 100 105 95 64 54 142 187 190 184 181 113 116 165 174 143 121 123 122 118 106 148 133 124 116 109 125 123 122 122 123 138 111 106 125 
23 89 137 122 95 91 125 139 141 143 144 144 145 127 169 194 194 182 182 193 189 189 188 187 186 186 184 182 181 180 178 176 173 170 165 163 160 155 150 144 138 132 113 82 66 69 64 115 161 166 169 168 167 169 165 165 169 169 169 170 169 150 118 94 84 90 94 104 102 61 125 189 186 187 165 111 101 151 186 161 154 115 130 124 115 110 139 128 124 121 113 143 143 118 118 133 144 103 101 123 
19 50 52 71 88 116 138 143 144 144 144 144 143 127 155 193 194 188 181 190 192 192 192 191 190 190 189 189 188 189 188 187 185 183 182 181 179 176 174 170 167 164 159 143 104 74 59 100 155 166 167 166 169 168 171 170 169 169 167 171 174 163 126 87 75 73 79 90 90 110 179 184 180 134 58 85 129 144 153 161 156 112 106 113 108 111 138 129 122 118 114 160 136 118 114 152 151 110 114 141 
15 13 39 82 105 132 142 142 143 143 143 144 142 129 143 192 194 192 180 189 193 193 192 192 191 190 190 190 191 191 191 190 188 188 189 188 187 187 186 183 180 177 177 167 144 100 55 88 153 167 169 171 175 170 172 172 173 172 173 177 180 179 161 142 131 87 83 98 87 143 176 181 120 52 77 122 139 150 145 154 140 118 122 108 99 107 139 124 117 106 110 141 128 111 117 157 143 117 120 141 
13 27 66 101 129 140 141 140 142 141 139 139 139 132 134 184 194 193 181 190 193 194 193 193 193 192 191 189 190 191 191 192 190 189 189 189 189 190 189 189 188 187 185 180 167 138 72 70 151 164 162 173 175 171 170 169 173 176 177 177 177 173 177 177 175 129 90 82 85 121 174 125 68 93 142 162 159 152 157 114 98 123 139 127 118 120 149 123 154 128 135 159 130 116 119 145 129 109 131 119 
21 55 87 119 138 141 140 141 142 140 138 140 140 133 126 176 197 194 183 188 193 193 193 193 193 194 192 191 190 191 191 192 191 191 191 190 190 192 190 188 188 188 188 184 172 151 95 71 137 163 167 170 165 170 180 177 171 172 171 168 170 175 177 187 200 189 150 149 136 122 146 157 105 98 107 100 124 154 155 78 90 117 132 121 119 121 137 113 129 137 158 166 129 125 130 153 124 113 119 113 
42 79 108 134 139 141 142 140 140 139 136 131 137 135 122 169 196 196 186 186 195 193 193 192 194 193 193 193 193 193 192 192 191 191 191 191 191 192 191 190 190 190 190 184 176 160 124 102 124 162 165 167 169 168 170 168 169 172 167 170 172 178 179 186 203 201 202 203 210 200 151 135 87 91 69 92 139 107 101 112 98 119 131 121 117 119 140 109 121 125 173 156 110 110 118 140 119 141 143 122 
67 100 130 139 140 141 142 140 139 139 139 138 140 135 120 157 197 200 191 186 195 192 191 191 193 193 193 193 193 192 192 192 192 192 192 192 192 192 192 191 191 191 190 186 181 165 132 119 133 160 159 164 168 168 172 169 168 171 173 172 178 179 180 186 207 206 203 204 208 206 174 171 110 95 84 81 156 90 119 154 81 111 119 112 101 103 118 108 115 126 161 143 114 112 136 132 172 192 134 126 
88 119 136 138 139 140 141 139 139 139 139 138 140 139 123 147 199 198 191 188 198 194 193 192 194 193 193 193 193 193 193 193 194 194 194 193 192 192 192 192 192 192 192 188 183 168 134 121 133 164 161 170 172 171 173 170 171 170 171 176 177 180 184 186 203 210 208 199 200 188 150 183 135 104 136 146 146 112 136 81 73 116 123 115 100 114 122 117 116 118 138 122 115 109 130 113 108 125 114 118 
115 132 135 138 139 140 138 136 137 137 137 138 139 140 127 139 198 199 198 184 195 195 195 194 193 192 192 194 193 193 194 195 194 194 194 193 194 195 192 192 194 193 189 186 183 175 144 124 135 160 166 172 174 174 175 174 175 175 176 178 179 175 180 178 183 205 214 218 215 191 108 176 188 193 191 192 167 149 111 75 73 117 123 134 115 122 121 116 132 121 172 133 121 127 142 125 126 124 109 111 
122 132 135 136 135 136 138 135 137 138 137 138 136 136 128 129 190 200 201 187 194 196 196 195 194 194 194 194 193 194 193 193 193 193 193 193 193 193 194 194 193 192 191 188 186 177 151 126 135 158 166 177 176 171 170 167 169 170 171 173 175 173 176 176 177 180 198 198 184 153 96 105 133 190 192 191 192 169 154 124 116 112 126 136 116 135 124 113 129 127 174 135 122 123 140 132 147 111 113 125 
132 128 128 129 129 128 130 131 135 136 134 136 121 104 105 118 185 202 203 188 193 198 197 196 195 195 195 194 194 195 194 194 194 195 195 195 194 193 195 195 193 192 193 190 187 179 157 130 128 149 169 175 174 174 173 167 166 170 172 173 176 174 175 177 174 175 177 180 165 154 112 84 109 179 119 100 108 131 149 165 164 151 128 135 114 124 127 127 125 126 171 136 126 145 153 122 129 113 124 137 
136 132 130 133 135 134 131 133 137 139 139 138 117 93 96 116 174 203 202 189 191 198 197 196 195 194 194 194 195 196 196 196 196 196 196 196 194 194 194 194 194 194 193 189 186 182 163 133 121 123 165 162 160 167 169 171 169 167 175 177 177 175 173 177 176 175 175 174 171 163 92 91 107 129 139 132 129 131 129 108 162 143 120 127 116 123 128 134 130 125 166 148 133 149 149 130 146 134 131 156 
135 136 134 135 133 135 134 133 134 137 139 136 130 124 123 122 162 202 202 194 187 199 197 196 195 196 196 196 196 196 196 196 196 196 196 196 194 194 194 194 194 194 193 189 188 184 168 138 125 106 153 161 158 164 167 172 176 180 177 174 178 178 179 181 180 178 174 170 174 152 93 84 119 128 133 129 136 137 147 104 110 98 69 73 89 107 103 85 98 102 142 146 114 110 103 103 103 103 109 92 
138 139 138 139 138 139 138 135 135 134 134 134 135 137 137 125 150 201 203 197 183 198 200 199 198 198 197 197 198 197 197 197 196 196 195 195 196 196 195 194 194 194 193 190 190 185 174 147 125 107 152 164 160 158 164 170 171 173 175 176 178 182 182 181 181 179 176 172 170 162 98 112 115 126 130 137 142 148 169 174 133 77 87 83 76 58 35 20 13 13 28 37 25 22 28 53 89 83 80 80 
139 139 140 140 140 140 140 138 138 139 139 137 136 139 139 126 140 198 205 201 184 196 198 198 197 198 196 197 199 198 198 198 197 196 195 195 195 194 193 194 194 194 194 191 191 186 176 154 131 115 149 162 165 159 166 172 170 177 180 175 177 176 177 175 176 174 172 170 166 151 85 60 61 99 130 141 139 147 177 179 108 74 81 127 107 89 66 40 52 58 46 64 78 73 81 124 182 169 121 141 
136 138 140 141 141 141 141 139 140 140 141 141 140 141 141 129 133 192 204 202 187 194 198 199 200 198 196 197 199 199 199 199 198 197 196 196 196 195 194 194 194 194 194 193 192 187 176 160 132 117 133 162 164 168 168 168 173 179 174 176 171 170 168 163 160 159 158 158 161 111 55 55 49 58 120 139 142 136 140 149 122 131 96 121 125 84 75 50 88 89 90 98 100 98 88 110 166 179 119 165 
138 136 134 139 141 142 142 140 142 144 143 144 144 144 143 136 123 184 203 203 188 193 201 199 199 199 199 198 198 197 197 197 197 197 197 197 196 196 196 196 196 195 194 193 193 190 182 166 140 130 131 158 167 169 164 170 168 171 170 170 169 167 163 160 159 154 157 156 147 78 56 54 50 60 121 138 134 130 135 106 123 80 93 115 115 107 64 78 89 87 108 106 100 102 80 68 106 121 116 176 
141 139 137 141 144 146 148 144 147 149 149 150 150 150 148 142 118 173 203 205 191 192 200 197 198 197 198 200 200 200 200 200 197 197 197 197 195 195 195 195 194 193 193 193 193 190 184 172 146 129 112 160 174 172 156 160 171 177 176 170 167 167 164 164 166 167 165 163 154 91 65 57 54 63 93 131 126 123 135 87 88 88 106 86 107 89 56 120 104 90 110 96 106 102 79 60 71 72 138 180 
161 160 159 162 162 162 162 161 162 162 161 162 162 162 160 155 119 162 202 205 196 187 198 198 200 199 199 197 198 199 198 198 198 198 198 198 197 197 196 196 196 195 195 193 192 190 186 176 151 129 121 159 168 157 164 175 175 175 171 168 166 162 165 169 167 172 171 169 168 123 66 55 58 65 119 125 122 126 136 110 130 125 109 94 71 46 79 139 105 102 104 86 89 105 83 76 70 106 169 185 
170 170 171 172 172 172 172 170 171 173 173 173 173 173 173 169 129 150 200 205 202 186 199 199 199 199 198 197 197 199 198 197 198 198 198 198 197 196 195 195 195 195 195 193 192 190 189 176 157 131 133 155 164 167 170 166 168 170 167 170 172 166 166 168 164 168 172 173 171 134 64 55 59 79 121 124 127 135 137 112 152 171 123 155 79 67 124 119 100 84 76 74 68 94 95 88 85 139 173 184 
175 176 176 177 178 178 178 178 179 179 179 179 179 179 178 177 140 138 194 205 205 188 194 199 201 200 200 199 199 200 199 198 199 199 199 199 199 198 197 196 197 197 196 194 194 191 190 181 165 133 138 158 167 170 167 166 169 169 176 169 171 168 168 174 175 172 171 171 170 155 73 62 71 121 127 117 109 118 122 131 110 139 138 143 121 81 125 105 105 93 89 83 73 77 109 99 99 134 178 183 
184 185 186 186 186 187 188 188 188 188 187 187 187 187 187 186 153 132 186 203 205 190 191 201 201 199 199 199 199 200 200 200 200 200 200 200 199 198 197 197 197 196 195 195 195 194 192 185 170 139 137 161 163 166 165 166 172 171 169 162 166 171 174 168 172 172 175 173 171 169 91 102 130 103 72 60 60 64 60 105 89 89 118 81 116 90 120 104 111 91 90 99 68 76 97 83 84 124 177 183 
195 195 195 196 197 198 199 198 198 198 197 196 196 195 193 192 164 127 180 205 204 192 190 201 200 199 199 198 199 200 200 200 200 200 200 200 199 198 197 198 198 197 195 195 195 195 193 188 175 145 132 157 163 164 167 168 171 171 170 166 164 167 173 172 175 171 172 170 171 172 133 126 91 66 63 61 64 65 66 79 90 96 89 69 90 75 102 104 100 108 93 110 79 77 98 102 107 156 174 179 
203 201 200 200 202 204 205 206 206 206 206 205 203 201 200 200 176 123 169 204 206 196 192 202 204 201 199 197 198 200 200 200 200 200 200 200 200 199 199 199 199 198 196 195 195 195 194 191 179 150 129 147 163 165 168 168 169 169 166 163 163 171 175 171 180 175 174 173 174 171 129 128 99 93 93 85 82 79 72 87 114 87 121 73 70 66 71 91 88 85 87 91 92 69 97 119 137 176 173 180 
194 193 191 196 196 194 199 200 200 201 201 201 201 200 201 201 178 129 158 203 206 197 191 204 200 200 198 198 200 201 201 201 201 200 199 199 199 201 199 198 198 199 199 197 197 197 196 192 183 156 129 140 159 169 171 172 166 160 164 173 178 182 178 176 178 175 178 175 174 170 100 118 109 99 102 105 108 97 68 98 93 98 112 79 72 72 60 78 104 83 95 96 117 76 77 123 158 178 183 165 
188 188 184 177 174 186 194 193 192 192 192 191 191 191 192 194 181 133 149 201 207 201 189 202 200 201 200 199 200 201 201 201 201 200 199 199 199 201 199 198 199 198 198 197 197 197 196 193 183 168 131 133 152 167 171 162 159 169 170 170 178 177 180 178 176 174 175 172 169 164 115 105 120 115 110 116 109 90 77 100 128 121 98 91 100 73 72 79 112 86 89 107 110 77 74 97 156 178 185 169 
186 185 172 156 167 179 185 187 185 181 177 178 183 188 191 196 174 129 139 197 206 204 189 199 201 198 195 198 202 201 201 201 201 200 199 199 199 200 199 199 200 199 197 197 197 197 195 195 186 169 138 127 120 156 156 158 167 170 174 177 178 177 178 173 169 166 168 167 163 161 135 120 135 127 121 113 95 91 72 70 111 129 146 69 80 89 90 96 94 108 79 94 89 91 71 123 167 178 183 183 
182 183 183 174 156 153 172 181 183 184 180 183 185 186 190 191 173 131 134 192 206 204 191 197 202 201 201 201 201 201 201 201 201 199 199 200 200 199 197 198 200 200 198 198 198 197 196 194 190 173 146 129 99 136 155 163 171 167 177 174 178 179 175 170 168 159 165 163 164 152 129 113 134 131 114 100 83 88 66 70 89 103 149 102 92 97 93 101 90 100 78 84 78 100 127 171 169 169 177 180 
