220 221 221 222 222 223 225 224 215 216 211 212 212 215 238 246 240 240 246 248 252 249 254 251 240 225 235 231 227 225 223 223 223 231 235 238 240 242 246 251 254 252 248 228 213 204 204 207 217 224 231 235 237 231 175 144 156 199 231 242 241 225 210 210 216 222 222 222 220 220 219 211 217 219 217 219 218 216 216 214 210 206 203 201 201 204 201 198 193 197 209 203 204 201 201 204 205 206 211 215 
222 221 221 224 224 223 224 230 228 219 206 215 220 218 226 249 242 239 245 248 252 249 254 251 245 228 231 233 224 224 225 222 222 230 235 238 240 242 246 251 254 252 247 225 212 204 205 209 218 225 232 235 238 239 212 166 207 235 239 242 242 226 212 208 215 220 221 221 220 218 211 210 216 214 216 215 217 216 220 216 211 210 210 201 204 206 201 185 176 192 201 196 198 190 179 204 201 199 208 206 
221 222 219 222 224 225 226 227 230 213 212 221 217 230 226 246 248 240 241 249 252 249 254 252 243 227 229 235 225 223 223 222 221 229 236 239 240 242 245 251 254 249 247 222 213 203 205 209 219 225 232 236 238 240 233 220 238 238 238 238 241 225 208 209 214 215 220 219 216 214 209 206 212 212 214 212 214 215 215 214 211 208 205 201 205 208 196 168 172 201 202 194 189 169 174 201 182 192 202 190 
226 223 226 221 225 225 223 226 231 205 221 210 229 231 223 251 250 245 240 249 252 249 254 252 243 228 229 230 227 223 224 223 223 231 236 239 240 242 245 251 254 249 246 220 212 203 204 210 219 225 232 236 238 240 239 239 240 238 237 239 241 225 206 203 205 208 212 210 212 207 204 205 208 208 211 209 211 212 211 211 208 204 200 193 203 208 182 157 173 193 196 174 169 157 173 204 175 194 201 175 
231 228 229 223 224 223 225 231 230 219 227 224 232 231 220 252 246 243 243 246 253 250 254 250 244 228 226 224 227 225 224 220 216 226 236 238 240 241 245 251 254 249 245 219 211 203 205 210 218 226 231 233 237 238 239 239 239 238 238 237 238 225 207 208 207 209 209 208 206 203 203 201 204 204 208 206 208 205 206 209 206 201 195 187 203 203 168 142 160 182 186 162 147 148 165 184 170 196 205 205 
226 238 224 221 225 223 226 232 231 228 227 231 233 230 232 251 245 239 248 246 253 250 254 250 243 227 228 229 226 225 224 220 218 227 236 238 240 241 245 251 254 247 243 217 209 203 206 210 218 226 231 233 237 237 238 237 237 237 236 236 236 223 210 215 211 216 217 212 209 206 208 201 203 205 208 205 203 206 203 206 205 191 186 183 194 189 146 138 160 191 176 163 165 184 200 203 207 205 203 197 
228 235 224 223 224 226 225 232 233 229 229 232 235 230 228 241 241 246 249 249 253 250 254 252 244 226 232 234 226 225 223 222 224 231 236 238 240 242 244 250 252 246 241 217 208 204 205 210 217 226 230 233 235 234 235 236 235 235 234 233 235 228 221 213 207 222 220 214 206 209 210 198 196 205 211 207 203 205 197 207 200 181 173 167 179 165 136 145 173 201 202 206 205 205 202 200 198 193 180 183 
232 228 225 228 224 227 226 234 235 229 229 231 234 228 227 237 243 250 250 248 252 250 254 248 239 228 233 230 225 225 223 221 223 232 235 238 240 242 243 248 251 244 240 216 208 204 205 212 219 225 227 228 230 231 232 233 231 231 230 232 228 225 218 203 207 214 216 211 205 208 210 195 186 203 210 210 201 203 192 210 197 175 165 153 158 169 182 205 205 202 203 204 198 196 191 182 175 161 153 157 
228 225 224 226 225 225 230 236 232 228 230 230 229 226 229 242 250 250 249 248 252 249 253 241 225 228 230 229 225 226 224 221 225 232 236 239 240 242 244 247 251 245 237 216 207 202 207 217 230 231 231 232 232 231 229 230 227 227 227 227 220 213 208 204 205 207 215 207 196 202 208 193 161 196 202 211 187 193 178 203 182 160 147 160 190 201 202 202 200 200 196 190 183 184 168 162 156 147 150 142 
226 224 228 223 228 225 234 236 233 225 226 224 226 228 233 243 251 251 249 249 253 248 249 242 230 227 228 231 228 226 224 223 227 232 236 239 239 242 243 246 249 244 234 215 206 204 208 227 236 236 236 235 235 234 233 231 225 229 229 226 216 211 209 195 182 201 210 200 183 194 205 192 151 178 195 206 171 168 168 174 156 160 187 202 202 199 199 194 194 188 186 175 161 156 153 147 149 144 137 137 
227 225 234 224 226 231 232 232 231 229 227 225 230 232 235 242 249 251 249 249 251 242 231 240 244 228 230 228 227 225 223 225 227 233 236 238 239 242 243 245 247 243 232 215 206 205 209 237 244 241 241 240 239 237 234 229 224 226 228 227 214 208 205 193 167 194 207 193 167 178 201 188 142 153 187 195 157 145 154 143 170 198 199 199 196 196 186 182 176 173 167 149 147 146 144 143 140 134 133 130 
227 226 230 228 221 223 227 231 233 231 229 229 236 238 235 240 244 246 249 243 234 240 242 244 236 227 232 228 225 226 224 224 227 232 236 237 237 242 243 246 247 243 227 214 206 204 211 242 247 246 246 245 242 245 238 233 224 223 228 228 215 204 197 179 143 173 207 193 154 159 190 193 133 136 161 165 143 136 152 190 202 194 190 188 184 177 173 166 169 161 153 151 139 138 135 131 130 127 122 124 
230 230 229 228 225 215 222 224 235 236 231 228 231 234 231 230 241 232 237 243 229 243 251 244 243 225 231 231 224 226 225 223 228 232 236 237 238 241 242 245 246 242 226 213 205 203 213 243 248 246 247 245 240 244 238 228 224 223 220 227 215 202 182 167 137 152 199 191 148 149 177 183 127 115 132 134 143 183 199 191 188 177 172 160 164 163 159 155 151 151 148 139 137 134 131 130 121 124 118 118 
227 228 229 228 228 213 201 213 223 227 226 224 224 228 227 226 242 234 240 250 241 238 243 239 246 227 228 237 230 228 225 223 228 232 233 236 236 240 240 243 245 241 223 213 204 205 215 241 243 241 240 238 235 240 236 224 222 219 215 219 213 204 165 155 141 141 178 191 139 138 143 164 109 106 131 168 192 187 176 160 159 154 150 148 149 155 145 151 147 144 139 131 134 122 126 118 119 118 109 111 
224 225 225 225 221 211 172 193 212 221 223 226 223 225 225 227 240 237 241 238 233 236 251 247 240 231 234 239 231 227 223 224 227 231 232 232 234 239 240 243 245 241 221 213 206 206 219 241 245 240 236 236 231 232 229 217 216 209 206 210 207 203 156 141 151 144 152 188 131 128 137 144 114 157 189 183 169 161 154 146 149 150 146 151 144 149 147 150 143 139 138 130 130 119 124 118 111 114 113 113 
227 230 227 224 221 213 152 151 201 215 222 222 222 224 223 226 228 225 229 230 239 245 252 254 251 232 240 241 231 225 222 223 226 229 229 229 231 238 243 244 244 238 218 212 204 206 222 242 245 238 235 233 233 224 225 212 213 204 193 203 204 191 156 137 155 145 138 156 121 126 142 171 188 184 171 164 150 143 140 141 143 140 146 146 148 149 149 144 141 137 134 125 129 121 111 117 114 107 109 101 
226 227 225 224 221 211 161 111 163 205 213 220 222 221 221 221 226 227 235 243 245 254 254 254 252 231 239 240 229 222 222 223 223 226 227 230 230 235 242 243 244 237 217 209 204 207 224 240 243 240 229 231 229 220 215 208 208 202 165 171 198 158 137 124 140 142 129 117 121 148 179 174 168 164 160 144 136 132 129 137 149 148 147 150 155 148 150 149 144 135 132 132 122 121 113 102 111 107 103 98 
224 225 223 224 221 211 152 101 111 190 210 217 220 219 220 221 228 232 242 250 247 254 254 254 252 233 240 241 229 221 221 221 222 224 225 228 228 236 241 243 244 236 215 209 205 207 224 240 243 239 227 228 226 218 210 208 201 198 153 146 183 121 115 112 128 142 125 116 169 184 171 154 148 141 131 129 126 126 133 142 159 160 150 149 153 143 150 142 129 128 123 123 122 115 112 108 102 102 101 98 
227 225 224 225 222 213 160 92 88 138 201 212 218 218 220 219 223 229 228 240 244 254 254 254 252 232 237 239 227 221 219 218 219 219 223 225 226 232 239 242 242 234 215 209 207 209 221 239 241 238 225 221 219 212 207 201 169 182 146 118 138 110 112 105 117 141 156 188 181 161 148 131 126 126 121 122 123 131 143 161 156 154 150 145 145 140 136 127 132 124 126 115 112 106 107 102 99 96 95 92 
222 222 221 222 220 214 170 94 83 88 177 205 212 218 217 216 221 223 219 221 240 251 254 254 252 232 238 236 227 221 217 213 213 213 218 221 226 226 237 240 240 229 214 208 206 210 219 236 239 238 224 212 211 209 200 174 148 148 134 105 115 111 101 101 138 188 189 170 158 142 128 120 123 120 121 122 128 143 154 157 146 144 137 134 136 136 138 131 129 128 124 114 111 105 105 98 99 94 88 87 
224 225 223 221 221 216 184 100 83 76 120 196 206 213 214 215 219 222 217 212 221 235 246 250 248 230 236 231 222 217 205 201 197 201 206 217 221 221 229 234 236 224 213 208 206 206 213 224 236 233 220 208 200 202 191 141 131 137 131 103 111 121 134 173 198 192 172 154 141 127 121 125 120 121 120 131 149 153 142 138 134 130 132 133 134 133 132 126 124 119 120 110 108 106 103 96 92 90 91 86 
229 229 227 222 220 217 195 116 93 85 88 162 202 208 210 213 214 217 214 207 215 228 232 237 231 226 229 227 214 205 176 150 151 180 185 211 216 218 218 225 229 220 213 205 206 206 213 212 217 227 211 200 167 175 161 140 121 118 122 113 150 183 197 194 185 165 154 143 131 122 123 125 120 117 134 152 146 139 131 125 124 125 128 129 130 127 126 119 117 116 113 103 107 103 99 98 94 91 85 86 
231 229 226 216 209 213 203 134 100 85 84 115 190 204 206 211 211 217 210 205 210 223 229 230 236 219 213 212 200 167 119 107 113 136 150 197 210 209 208 215 212 212 210 206 206 206 212 213 207 210 199 191 151 136 145 123 121 127 155 186 198 196 189 178 170 157 147 135 128 131 132 126 124 131 148 142 130 129 123 117 115 118 123 126 123 122 119 114 116 112 105 103 103 99 97 95 85 86 88 89 
229 228 225 219 207 210 209 154 103 90 80 90 151 199 202 206 206 211 205 204 203 208 215 218 223 208 195 187 152 122 103 104 111 124 137 174 200 198 199 197 200 203 205 204 202 203 206 212 207 189 170 170 141 135 129 141 176 190 194 187 184 175 166 157 156 155 143 144 142 135 145 147 150 143 139 131 129 125 115 108 117 109 111 113 115 117 116 115 109 104 104 97 98 99 92 89 87 88 91 92 
221 222 218 228 221 213 212 177 114 94 74 85 107 177 199 204 203 201 201 202 199 187 192 196 195 178 144 129 123 124 115 104 78 86 112 132 162 164 171 182 175 171 191 198 193 194 199 207 204 172 142 158 144 158 175 192 189 181 171 170 165 163 166 155 156 147 148 146 136 144 158 167 161 143 127 126 129 118 108 103 105 109 105 105 108 106 113 110 109 105 105 93 91 92 85 87 89 89 87 88 
225 222 223 236 232 220 220 202 138 103 84 81 84 129 189 201 202 200 199 200 195 166 164 167 163 133 127 128 136 119 94 92 82 96 128 131 150 149 156 155 141 130 150 166 181 187 192 198 193 156 157 154 170 176 173 171 164 162 159 159 153 155 159 155 150 145 141 140 134 148 166 168 167 150 138 135 126 114 100 96 96 91 95 103 101 103 108 109 107 99 99 94 96 95 90 90 93 90 91 93 
227 222 228 226 233 229 232 206 155 107 91 81 78 79 162 192 197 198 196 197 189 156 152 132 143 125 130 128 112 100 99 97 97 118 130 136 145 146 138 136 130 110 117 124 158 175 165 167 151 153 149 155 154 162 151 154 150 160 153 147 151 149 150 163 148 140 144 128 125 143 171 169 159 148 143 129 115 97 84 72 76 81 91 101 102 102 105 103 100 99 101 96 93 98 94 88 88 84 93 85 
224 223 223 222 236 236 227 202 171 113 94 85 81 71 114 175 189 196 188 185 180 150 143 130 122 134 125 117 105 91 92 110 122 137 141 140 137 148 136 121 117 103 95 100 124 152 148 144 144 131 142 140 140 138 137 143 143 142 143 148 145 146 151 158 142 135 136 109 133 152 171 168 158 147 145 131 112 106 70 62 66 78 88 102 100 100 100 98 85 92 95 94 93 93 92 85 91 86 89 86 
221 224 223 223 223 231 220 204 172 114 95 81 71 79 84 142 173 182 186 169 171 152 144 130 132 122 118 122 104 99 97 93 102 131 147 129 131 131 138 136 125 108 88 82 115 132 141 153 123 113 132 132 132 133 124 141 129 138 146 149 156 151 147 154 128 130 126 103 145 166 167 165 156 145 156 145 131 102 53 61 85 94 103 104 104 97 94 102 93 96 91 89 93 92 90 91 96 91 85 90 
220 221 221 219 219 224 216 210 193 118 96 82 60 64 83 104 158 160 167 159 153 139 134 128 125 106 115 119 117 105 80 83 112 134 149 129 122 127 136 136 133 112 80 76 113 126 137 135 96 120 119 123 126 111 125 131 131 141 139 144 145 143 134 156 117 120 116 122 169 173 172 159 153 179 185 161 153 125 97 110 121 118 114 114 109 101 92 93 95 92 88 90 90 91 89 91 96 91 90 87 
219 218 219 218 218 218 213 212 199 132 86 75 64 67 87 96 131 135 145 143 135 129 118 126 108 109 110 120 120 105 80 87 113 135 149 126 116 103 116 122 134 111 75 85 106 117 141 102 99 98 122 126 109 111 106 140 139 119 124 133 138 123 125 150 110 111 99 139 183 177 172 159 181 188 171 181 175 152 150 141 133 113 107 102 106 97 95 92 89 91 83 90 85 88 92 87 92 88 87 88 
223 230 227 226 224 220 219 213 190 123 82 71 53 62 85 89 99 129 126 125 111 109 109 115 106 104 109 117 114 102 79 88 121 130 134 117 105 93 99 105 129 120 83 90 101 114 111 92 98 102 115 121 119 100 122 123 131 117 111 117 123 110 123 147 105 105 107 162 184 171 159 170 191 191 191 196 193 202 196 169 132 126 122 108 105 99 97 93 85 87 84 92 88 88 90 83 87 86 88 91 
206 211 213 215 215 214 214 212 198 124 73 57 53 64 87 99 92 114 125 116 102 95 107 95 98 105 120 122 115 107 79 92 126 141 123 103 96 88 82 88 130 140 101 97 97 116 79 96 82 100 92 124 99 110 106 114 125 119 104 101 101 99 123 136 133 149 149 180 179 154 177 188 196 194 190 193 198 200 202 197 162 142 128 104 100 96 89 89 84 78 80 84 84 81 86 86 86 86 90 93 
207 207 209 211 211 209 209 199 155 102 80 67 69 83 91 108 110 111 114 103 90 93 96 84 99 126 124 131 130 108 81 91 129 134 117 89 92 90 79 82 139 156 113 92 103 107 78 62 90 84 109 122 111 91 92 107 117 105 85 91 91 94 105 119 153 182 182 190 179 157 196 190 182 192 195 195 193 197 201 201 186 145 127 107 100 95 90 82 83 82 83 87 84 85 92 88 89 88 87 92 
207 208 208 210 211 210 205 184 128 89 79 73 69 84 97 105 95 96 94 84 72 87 90 97 103 117 126 125 132 118 83 99 129 124 105 85 89 97 90 104 156 169 133 94 116 83 82 56 82 95 130 122 93 83 96 110 113 91 66 86 98 86 79 94 147 179 184 188 186 179 184 180 179 197 197 187 181 186 196 201 195 172 152 130 113 100 90 87 84 82 85 85 84 85 85 91 85 89 93 96 
206 210 209 209 213 214 210 188 123 93 84 81 86 94 101 99 93 92 96 80 74 81 88 91 99 105 113 128 135 138 73 90 124 148 130 94 100 104 110 131 173 174 164 117 125 100 57 79 78 109 123 123 90 82 98 127 124 99 55 90 114 90 68 92 159 178 183 189 193 188 175 188 194 176 160 171 169 187 194 201 200 185 184 152 129 112 98 92 85 84 89 85 88 82 89 83 93 92 92 91 
215 215 212 212 212 210 206 192 125 99 93 89 85 87 91 90 86 84 84 78 75 74 81 69 83 95 104 136 146 126 66 81 70 93 143 108 104 108 132 151 171 172 181 154 132 105 69 72 87 116 112 91 78 73 104 125 99 96 56 79 114 107 94 140 178 161 162 181 196 199 192 193 175 142 165 180 165 172 185 193 200 201 189 155 142 136 117 102 100 109 100 89 82 89 89 87 89 90 94 97 
217 219 218 219 217 216 206 179 120 94 93 88 86 83 84 85 84 72 80 82 66 65 80 80 83 98 101 139 145 65 42 90 79 61 91 146 99 103 133 152 168 173 186 189 160 100 84 74 107 79 89 97 87 67 84 99 109 83 51 74 106 108 116 160 175 152 122 168 195 197 192 179 147 168 151 117 131 171 184 187 176 183 193 197 187 166 150 137 146 127 108 80 80 88 90 91 88 88 95 98 
213 213 214 213 209 209 203 166 102 82 85 81 79 83 81 84 88 75 75 85 64 69 72 78 93 117 121 132 134 35 58 94 99 58 42 119 113 100 138 161 162 170 192 189 184 149 99 103 84 79 98 77 70 60 83 114 104 84 80 43 99 106 97 140 166 170 156 172 196 196 182 177 169 130 117 161 181 184 166 117 142 183 188 187 194 175 174 173 164 141 110 99 97 89 87 91 93 89 95 97 
213 215 215 214 210 203 198 152 101 86 80 73 67 76 77 71 69 63 63 78 82 59 56 63 85 131 138 133 119 30 62 79 56 67 39 81 137 96 141 156 154 156 183 178 189 187 136 97 71 97 90 61 52 63 87 114 87 93 98 65 76 119 103 131 142 143 163 189 196 195 184 180 128 105 126 152 150 145 105 133 169 177 176 181 190 193 196 198 179 133 107 98 103 92 88 80 90 89 91 99 
219 216 216 216 216 205 179 143 100 83 78 70 67 69 78 73 67 68 58 65 43 49 56 57 75 112 140 139 107 29 51 71 33 63 53 61 149 99 132 139 141 151 174 181 191 198 183 117 98 94 83 63 62 63 88 109 79 92 97 93 81 136 139 149 130 112 137 183 193 191 183 132 85 105 129 142 137 82 109 154 178 175 164 174 179 188 191 192 190 176 168 133 115 109 106 99 91 88 89 96 
221 217 216 221 220 208 200 130 95 74 73 68 64 70 62 68 64 68 56 45 48 35 49 56 71 75 110 136 120 27 71 61 53 67 45 56 158 120 123 126 140 134 168 172 191 197 196 147 94 82 90 74 62 76 91 106 84 82 97 111 90 125 151 160 136 115 142 180 189 171 139 87 80 93 135 125 55 69 111 136 130 119 128 160 143 163 190 201 202 195 188 174 140 117 95 88 92 95 94 103 
216 215 216 218 218 208 180 120 90 79 77 77 79 78 69 69 62 65 64 63 54 51 50 58 56 68 68 108 120 32 75 101 67 58 41 71 172 123 104 135 148 133 152 176 186 191 197 179 106 82 96 73 54 89 104 93 84 83 91 121 104 100 121 147 116 106 140 171 174 147 101 105 131 145 129 43 42 81 98 104 99 124 128 139 151 173 196 201 205 203 182 138 107 104 103 95 91 99 97 92 
216 215 216 219 219 201 170 110 89 73 67 63 67 81 71 71 64 62 60 53 65 69 76 91 96 84 86 73 128 55 48 78 55 48 57 102 160 85 90 135 151 151 171 180 183 184 192 189 151 113 90 79 69 98 103 87 77 84 86 121 111 100 104 129 98 89 141 178 163 142 141 146 134 123 85 51 77 111 129 117 98 91 82 106 136 167 188 199 204 205 186 152 144 127 122 108 103 103 103 100 
219 217 217 219 216 200 156 103 85 70 69 63 58 64 72 69 68 60 60 59 62 63 89 119 124 122 121 118 148 134 56 34 34 51 55 88 95 76 107 139 152 167 181 183 182 180 179 189 177 147 117 112 91 103 99 88 80 88 79 116 125 95 100 109 90 92 133 168 162 159 161 157 119 100 66 86 114 127 107 69 57 71 86 120 145 165 193 199 203 205 205 194 160 124 126 120 107 103 110 107 
226 223 222 218 214 204 161 107 89 66 69 65 70 62 64 60 72 63 69 62 67 58 79 103 119 122 128 139 160 183 177 131 81 68 89 84 80 105 110 137 153 132 128 169 182 170 173 180 175 169 150 118 118 112 122 106 90 103 106 111 134 116 92 96 85 93 119 153 160 159 153 129 119 73 64 93 92 81 77 71 76 86 99 120 139 156 191 199 203 203 205 206 205 190 161 127 109 109 116 114 
226 226 229 220 217 206 166 100 80 73 73 62 65 65 66 62 60 60 67 68 74 59 69 74 82 83 123 140 156 178 190 191 178 171 154 139 137 117 109 121 126 106 76 100 166 160 166 160 165 183 176 160 147 126 123 122 104 128 132 124 133 131 88 93 94 86 111 162 160 145 152 136 109 73 65 89 89 81 83 78 82 97 102 117 141 170 199 202 202 202 205 206 206 206 201 173 128 129 121 117 
227 226 226 220 215 206 161 101 79 66 62 60 60 61 59 59 63 66 72 69 73 57 71 74 66 72 87 110 141 157 167 167 177 179 174 153 121 107 92 110 117 104 92 65 117 151 158 125 147 187 191 179 144 133 119 137 112 136 139 138 143 139 116 107 87 80 110 161 161 150 160 138 127 104 87 105 105 74 74 70 66 70 76 92 119 171 197 198 200 202 203 202 203 205 204 203 187 147 127 121 
233 227 228 222 215 197 157 94 90 78 68 60 60 59 54 60 64 63 66 66 61 57 57 64 61 87 101 123 146 169 168 157 166 167 143 126 112 99 100 112 105 92 78 77 80 121 132 96 146 183 188 179 146 132 135 147 133 119 129 140 150 137 129 114 80 81 125 175 160 165 175 146 131 126 111 98 92 85 85 69 65 71 74 88 127 182 197 198 201 201 201 200 202 203 205 206 202 191 150 125 
232 227 227 224 216 191 118 88 78 83 77 73 74 64 66 64 70 63 59 60 69 63 57 57 69 85 108 126 144 161 159 152 145 158 134 114 115 104 103 98 102 97 84 103 71 51 64 90 138 169 182 178 154 127 139 155 149 130 123 145 146 129 114 82 69 85 157 188 177 179 170 166 146 119 112 91 60 70 83 71 53 59 70 100 145 186 194 199 200 201 201 200 201 202 204 205 205 202 175 137 
250 236 235 235 227 193 123 81 76 80 73 70 62 60 60 65 63 52 51 56 64 54 48 47 66 71 91 101 128 135 130 127 135 134 137 143 124 105 110 101 100 98 78 93 60 41 47 89 131 160 184 185 155 130 130 144 137 116 125 140 135 125 71 50 56 95 161 188 189 189 175 177 161 131 125 102 82 72 80 77 77 78 81 116 163 183 187 198 198 200 201 198 199 198 201 202 202 203 199 168 
247 239 236 242 229 209 139 80 77 71 76 68 67 65 62 65 59 61 55 56 51 51 63 66 63 72 97 104 119 120 120 121 133 133 139 141 135 116 116 108 111 96 80 96 65 36 45 96 137 150 177 183 158 138 151 142 131 121 120 90 89 94 70 38 57 95 138 190 197 193 174 154 167 144 137 101 93 89 81 55 69 82 98 132 173 180 189 197 197 199 199 198 199 196 195 198 196 201 200 153 
245 236 234 236 221 195 122 76 68 58 61 64 62 69 60 54 56 54 60 62 54 53 63 71 79 99 121 124 130 133 131 140 144 147 145 134 130 119 111 111 104 93 84 60 35 55 61 105 140 147 172 178 169 156 162 148 118 140 108 48 48 49 46 35 56 73 131 187 195 193 179 159 145 141 129 115 102 85 73 80 83 95 120 162 174 169 182 194 196 199 200 200 198 196 195 195 194 195 191 158 
246 243 247 237 215 186 119 82 74 77 63 65 58 62 62 66 62 60 56 64 59 54 48 55 85 113 134 135 149 162 157 157 162 152 134 129 114 108 101 105 104 93 85 62 72 108 97 116 142 157 174 179 178 159 160 166 156 147 98 42 39 35 38 34 49 79 140 168 181 193 192 174 150 142 138 139 136 109 98 86 99 111 125 141 161 180 191 198 200 202 202 198 198 196 196 198 194 194 198 184 
240 241 236 232 218 196 132 90 82 73 77 67 61 66 62 65 62 59 57 60 58 62 63 65 62 77 102 130 158 168 159 158 161 153 144 129 108 103 90 104 97 89 82 105 139 141 127 125 153 169 186 191 181 155 159 166 157 153 116 69 37 36 49 84 104 118 137 140 159 186 195 188 170 153 138 148 146 124 107 95 124 142 121 142 173 184 196 200 200 200 198 194 197 199 200 197 197 196 198 197 
221 226 220 216 213 198 127 86 82 74 71 66 65 60 60 48 49 66 62 62 46 49 49 49 61 81 99 119 133 146 141 150 164 176 160 125 101 94 83 107 121 111 112 152 174 156 142 129 164 182 192 195 169 146 151 153 149 157 122 75 58 78 107 117 125 135 138 138 139 159 191 195 187 171 157 162 157 135 125 128 146 146 136 157 182 191 198 202 199 198 196 194 198 200 196 195 193 193 198 197 
222 222 230 223 216 201 142 101 84 70 66 61 58 53 61 55 58 57 60 60 60 47 44 46 53 71 97 128 133 149 170 184 187 188 169 110 74 79 84 104 145 162 165 176 182 156 155 142 172 194 195 193 159 121 111 141 149 155 121 96 104 116 126 128 130 137 137 129 130 135 174 191 190 182 170 168 170 162 150 148 154 134 128 156 184 196 197 200 200 198 195 194 195 195 195 196 192 195 198 197 
221 222 236 235 224 196 150 90 76 71 67 62 60 66 66 54 54 68 74 70 55 51 43 48 65 85 103 121 135 170 182 190 164 131 97 86 59 58 83 104 143 159 166 164 174 166 164 163 191 200 200 189 146 106 77 109 139 153 124 113 124 127 133 137 136 139 135 128 124 127 142 156 177 189 187 168 174 175 166 147 141 134 145 174 193 197 199 200 200 199 198 196 196 196 200 198 195 195 196 196 
219 221 228 233 215 202 145 95 82 76 69 69 66 62 60 50 42 59 70 60 55 51 55 70 97 115 134 150 152 177 181 141 84 48 43 71 93 60 69 96 147 134 126 161 174 174 169 188 199 201 201 176 134 102 99 119 129 141 123 128 131 131 133 139 140 140 131 127 124 126 137 131 155 190 194 180 171 185 177 165 154 137 141 170 195 200 202 201 200 200 201 198 199 198 202 199 197 196 197 199 
221 220 232 235 210 199 127 95 78 72 68 66 59 65 55 56 58 57 73 78 67 54 66 102 123 142 147 151 158 168 139 58 34 38 38 51 143 114 85 108 149 132 126 154 169 177 181 196 202 199 192 148 119 110 117 123 131 131 131 133 136 138 139 141 137 140 128 122 124 127 133 123 143 191 198 190 161 185 181 178 168 159 161 184 197 201 204 203 201 202 202 199 198 201 203 200 196 190 189 198 
222 226 239 235 218 196 131 93 76 64 62 61 72 61 61 64 56 53 71 74 62 54 68 87 101 120 121 120 113 148 87 37 47 50 27 32 148 165 122 117 135 124 138 156 173 179 191 199 201 194 175 132 111 115 121 127 128 132 135 137 141 140 142 139 140 138 131 126 125 126 133 127 142 179 195 196 165 174 185 171 171 157 179 194 199 202 204 203 204 202 201 201 199 199 202 201 198 198 199 194 
222 223 234 231 223 208 148 94 79 65 55 64 67 64 57 51 66 64 61 43 41 56 70 68 76 65 53 49 95 127 47 57 92 74 47 23 116 175 130 121 122 114 149 165 186 190 198 203 198 182 155 123 117 118 121 126 131 134 135 135 143 139 138 136 139 136 132 131 130 134 133 135 145 154 170 186 182 174 186 169 168 170 179 200 203 204 204 203 203 205 202 202 202 199 201 202 203 203 203 199 
222 221 226 229 232 208 154 99 82 71 71 70 61 59 49 41 42 45 51 48 47 44 34 36 37 32 39 65 135 110 41 68 59 63 65 27 96 171 123 132 134 128 161 166 184 193 202 203 183 155 127 121 120 119 125 128 133 137 136 139 140 135 134 138 138 140 139 134 131 140 144 143 149 146 152 169 183 189 194 185 177 187 193 200 204 205 205 203 204 205 204 204 205 202 202 204 205 205 205 204 
220 223 230 235 234 212 181 111 90 77 73 57 55 49 49 54 55 49 42 38 35 34 34 28 35 51 69 119 156 95 40 46 19 32 74 37 93 163 120 147 152 153 165 176 191 198 204 190 152 135 125 120 121 128 125 127 136 141 141 136 136 135 139 136 138 145 143 142 130 140 143 148 145 147 155 158 164 176 193 198 193 198 202 202 204 206 205 205 205 206 206 206 206 205 204 205 205 207 206 202 
223 224 231 236 232 213 182 113 94 80 72 63 53 59 70 62 51 48 39 32 37 33 34 39 55 81 117 157 156 93 52 90 45 64 78 39 98 157 100 157 163 164 175 181 195 200 180 163 133 121 130 127 127 128 127 131 138 146 143 139 135 137 137 141 147 143 147 145 141 147 147 154 150 153 151 156 151 167 181 200 192 201 206 206 206 206 207 207 207 207 207 207 207 205 205 205 206 206 205 188 
225 225 228 233 232 215 177 113 94 87 74 61 57 55 56 55 52 51 45 48 48 36 37 50 63 104 144 150 153 111 45 95 89 110 85 34 107 147 107 155 171 171 181 188 198 180 152 137 136 132 124 129 130 127 128 135 140 143 139 140 142 143 146 146 149 149 147 152 153 155 156 161 158 158 155 158 150 169 180 188 176 190 205 209 208 208 207 208 208 208 208 208 208 206 206 206 208 207 196 171 
232 225 226 229 225 212 183 121 89 87 68 64 57 61 57 50 51 41 42 48 50 39 47 54 63 121 145 125 146 130 45 75 100 94 95 32 139 127 109 153 170 182 183 194 197 154 143 148 144 140 131 128 132 131 136 135 141 145 143 145 150 149 153 155 154 152 153 153 152 158 163 162 156 159 161 156 150 158 168 166 165 177 192 205 207 209 209 209 209 209 209 209 209 207 208 208 207 192 167 153 
236 228 230 227 220 211 191 130 95 89 74 65 59 61 52 57 50 42 53 56 53 47 61 65 76 114 120 113 134 144 68 67 114 62 29 66 155 110 117 140 157 182 184 195 184 143 136 150 142 145 139 128 138 136 132 145 147 148 148 152 155 157 153 162 161 156 160 160 163 161 166 170 166 161 167 159 156 158 164 161 170 168 178 184 198 207 209 209 210 210 211 209 209 208 208 204 195 176 155 147 
229 223 225 224 217 212 200 177 123 87 78 68 59 56 60 55 49 48 62 64 53 51 68 61 77 96 107 105 121 146 118 49 61 51 50 138 140 106 121 133 140 176 189 193 156 134 140 141 148 130 140 142 140 141 130 146 153 153 155 158 156 160 161 168 165 168 164 164 167 162 164 165 165 161 163 155 156 158 161 157 167 164 172 178 188 198 202 203 207 208 209 206 205 207 200 197 175 168 154 147 
227 225 226 225 220 216 215 201 136 94 78 63 67 58 65 62 55 64 60 61 56 60 71 75 79 78 93 101 131 145 151 95 87 82 134 165 117 90 111 124 134 166 187 171 134 140 144 137 149 140 136 140 155 148 130 143 156 155 163 162 162 162 161 168 165 168 165 169 168 171 171 174 169 170 169 165 166 163 167 160 161 160 170 170 178 186 191 189 193 193 193 194 194 180 168 174 170 159 152 148 
225 224 225 223 222 221 223 203 139 97 72 63 74 70 66 65 62 62 71 62 64 63 68 75 82 93 95 105 127 145 146 115 102 133 161 143 108 92 100 113 129 154 184 153 128 149 145 152 148 155 143 131 141 155 158 145 157 158 158 165 165 168 167 169 170 173 172 170 174 181 187 189 185 182 180 170 172 168 166 161 162 155 160 160 169 179 179 179 175 172 176 175 182 172 167 152 168 157 154 151 
226 223 223 223 223 224 218 204 169 105 80 74 70 71 71 73 69 67 66 61 70 72 66 81 86 86 91 105 125 133 132 112 101 138 149 135 106 97 95 110 130 144 176 143 137 158 150 157 160 161 153 144 138 150 153 145 155 166 161 170 172 171 172 174 177 180 181 184 179 149 108 93 123 155 169 180 181 176 168 164 162 159 157 160 161 168 173 177 171 167 171 173 165 168 169 161 165 163 157 153 
227 227 226 226 222 222 213 212 188 115 86 76 71 77 68 80 83 81 78 80 80 69 75 79 75 85 98 111 124 133 124 101 91 120 154 134 110 104 104 110 124 144 168 151 152 162 165 163 163 163 166 159 155 148 147 150 142 157 155 162 175 179 182 187 189 191 165 121 77 68 74 106 129 152 160 167 178 176 168 163 164 164 161 162 164 165 166 174 172 167 167 161 161 161 159 174 170 166 163 157 
223 227 226 226 225 224 218 211 201 144 85 77 62 66 70 91 102 94 92 86 74 80 71 85 79 85 100 112 120 127 119 102 71 97 141 124 115 121 114 110 144 154 166 157 167 171 177 169 169 162 173 164 162 157 145 144 136 151 161 162 180 188 192 188 159 111 64 70 70 92 103 126 145 156 156 169 171 163 164 161 166 165 161 158 164 165 165 165 171 174 175 167 164 172 171 184 181 173 170 170 
221 224 232 231 224 231 231 220 213 163 93 70 58 62 68 95 117 108 102 96 84 86 85 90 85 90 99 110 114 116 111 102 76 84 125 117 114 126 121 119 149 161 164 161 174 185 187 187 183 185 186 184 181 170 163 152 150 164 181 180 185 177 147 101 95 78 70 83 98 107 118 136 151 155 159 164 168 168 159 159 160 157 159 165 165 169 169 164 168 168 180 183 180 190 196 194 193 183 179 175 
217 222 226 227 225 225 230 229 218 179 97 66 55 56 76 111 122 120 114 103 101 100 95 90 94 96 102 104 109 103 101 91 63 75 120 123 117 131 130 134 153 154 154 163 175 188 186 190 190 189 193 194 193 190 181 177 174 169 174 142 131 127 102 87 93 75 84 107 112 117 131 144 157 159 157 164 159 158 156 155 155 160 163 160 163 171 187 172 177 187 195 223 240 229 216 207 200 195 194 193 
203 207 208 217 234 217 224 222 218 194 115 63 61 64 100 145 143 134 123 115 120 114 111 106 107 101 104 106 111 98 104 95 67 57 93 117 121 134 142 150 148 153 143 129 131 145 136 135 145 154 170 178 172 171 163 150 154 158 145 130 130 124 86 87 87 97 110 118 123 132 142 151 162 161 165 162 154 152 155 157 161 166 164 167 168 176 192 199 213 239 248 251 253 251 251 249 246 245 244 239 
207 204 206 210 213 204 212 213 213 201 116 67 69 81 138 159 154 145 128 128 133 128 118 122 118 118 113 108 109 105 101 94 73 61 79 117 132 145 154 159 143 157 137 128 118 128 143 147 148 164 171 165 180 171 152 155 160 148 140 137 145 115 99 101 109 119 124 127 132 145 151 158 168 168 169 160 154 155 154 155 160 165 171 170 180 194 221 242 248 251 250 252 252 253 253 252 251 252 250 245 
216 210 208 207 208 207 206 213 210 187 102 80 71 103 162 164 164 152 133 135 137 129 125 131 131 129 117 109 115 103 100 94 77 73 66 112 137 151 166 164 142 156 154 140 138 137 143 149 164 173 164 171 197 185 157 149 144 135 138 138 135 119 121 123 123 132 132 135 147 156 156 161 167 170 166 164 155 159 159 158 162 168 175 185 211 235 244 244 244 247 249 251 252 253 252 251 251 251 250 246 
216 212 207 205 205 205 207 212 206 163 99 84 80 150 178 181 175 150 132 141 136 146 151 143 144 129 123 112 107 99 102 99 87 77 66 94 127 139 161 164 145 169 172 156 152 144 142 164 174 163 164 199 209 198 174 164 151 134 136 137 127 117 124 124 129 134 136 147 156 160 161 172 173 172 168 165 158 162 163 163 169 179 191 226 241 240 242 241 242 244 247 250 251 252 252 251 251 250 249 249 
216 211 210 208 205 203 207 209 202 159 100 82 121 181 181 184 168 131 134 151 142 156 160 150 147 132 127 115 107 105 107 98 96 87 81 84 110 131 151 153 155 179 188 173 159 149 155 167 176 179 190 216 224 215 191 178 164 157 147 135 133 129 133 133 139 143 149 154 160 167 171 174 176 172 170 168 164 164 166 166 176 198 233 240 241 240 242 242 242 244 245 247 249 250 252 252 251 250 249 250 
218 220 216 203 203 207 209 208 201 146 98 90 163 188 191 186 153 128 127 148 146 167 166 158 159 144 127 114 108 116 109 100 96 94 89 88 101 109 140 159 174 196 202 193 173 167 166 183 197 200 215 233 229 223 208 190 171 159 151 144 144 134 137 140 144 151 156 162 164 172 178 176 171 168 169 172 171 178 170 172 198 238 242 241 240 240 242 242 242 243 244 245 246 248 251 252 251 248 245 248 
218 224 221 202 208 207 215 209 198 126 87 128 185 195 197 185 133 118 138 152 152 174 171 165 159 144 123 112 108 109 109 107 104 100 99 94 95 95 124 166 197 204 204 199 189 176 186 200 203 214 233 243 233 224 218 206 189 169 157 148 148 144 147 149 149 154 162 167 173 178 183 179 174 175 173 177 179 185 184 201 239 242 241 240 240 240 242 242 242 242 243 244 244 245 248 249 250 246 241 247 
215 223 220 207 212 212 227 210 185 110 101 170 192 197 197 173 136 120 151 161 159 185 180 171 158 137 135 111 108 115 113 121 111 111 104 103 99 105 121 177 204 206 207 205 201 198 205 207 210 220 232 241 232 223 220 220 208 185 174 165 158 153 156 155 155 163 165 170 176 179 182 184 180 175 178 181 183 188 211 246 244 241 239 239 240 241 242 242 242 242 243 243 243 242 245 248 247 240 238 246 
217 219 217 216 219 222 226 209 153 99 144 192 196 200 196 146 135 127 163 169 177 187 191 182 160 141 144 125 121 128 127 128 117 111 111 105 105 117 126 194 207 206 208 208 205 206 208 209 209 212 214 220 217 215 213 219 221 205 191 180 173 170 163 161 159 164 171 176 181 182 183 187 188 182 183 189 195 220 241 249 242 239 239 240 241 241 243 243 243 243 244 244 244 241 241 244 244 236 235 245 
217 219 220 219 219 219 216 204 133 103 185 195 199 201 183 131 126 132 175 177 184 192 195 186 162 155 163 141 146 142 145 133 125 124 122 114 109 119 131 200 208 207 209 210 209 209 208 207 206 206 207 206 203 205 205 206 210 214 207 197 188 179 172 167 163 164 169 175 176 181 187 188 191 188 188 192 225 240 244 247 241 239 238 239 241 242 242 242 243 243 244 243 242 240 240 240 240 229 232 243 
216 218 219 220 220 219 214 191 108 139 197 199 202 200 153 130 118 142 186 186 183 197 196 187 171 179 183 157 148 159 165 167 152 139 143 130 123 133 140 199 208 208 207 207 207 208 208 207 207 207 207 206 205 204 203 203 202 203 206 204 200 187 173 168 164 166 169 171 176 183 190 191 193 192 197 226 235 238 245 246 240 238 238 239 241 242 242 242 243 243 244 243 241 240 240 238 233 223 227 239 
217 218 218 219 219 218 209 159 113 180 200 201 202 195 122 149 130 148 198 194 175 196 197 191 190 195 181 169 162 181 192 198 192 176 182 169 145 148 168 202 216 216 213 211 211 209 207 205 205 205 204 204 204 204 205 205 205 205 205 206 204 202 185 176 170 167 168 178 180 186 193 199 197 201 224 230 232 235 243 242 238 237 237 239 241 242 242 241 242 243 244 243 241 241 240 238 227 219 223 236 
217 218 217 217 218 215 204 132 144 199 203 202 202 176 130 157 144 167 204 195 179 198 200 198 198 199 195 189 193 203 206 210 209 205 204 205 189 180 194 205 220 224 222 221 221 220 219 218 217 215 212 210 207 207 206 204 203 203 204 205 206 204 202 190 177 174 173 181 180 184 196 200 202 204 204 205 209 213 220 224 224 226 229 233 237 239 241 241 241 242 243 242 240 241 240 235 222 216 219 233 
216 216 216 216 216 212 192 126 177 204 203 202 204 153 149 155 166 197 204 204 202 204 201 203 203 206 205 205 206 208 210 212 213 212 211 210 209 202 205 209 216 222 222 223 223 223 224 224 224 223 221 220 219 217 216 215 213 211 210 209 206 208 206 202 197 190 185 184 184 188 201 206 205 206 205 204 204 203 203 205 205 206 208 210 216 219 223 226 230 233 236 237 236 238 237 233 220 215 218 231 
226 225 217 215 217 211 181 142 199 205 202 200 195 141 173 183 200 206 212 214 212 212 207 208 208 214 210 212 212 212 213 213 212 212 212 212 214 211 211 212 213 213 214 215 215 216 218 219 221 222 223 223 223 223 223 222 223 221 221 219 218 217 216 213 210 207 203 202 203 204 204 204 204 205 206 205 206 206 206 206 206 206 206 206 205 205 204 204 205 208 210 212 216 220 223 221 213 213 214 229 
236 247 231 219 230 212 172 185 203 204 201 197 183 177 201 211 217 214 219 219 216 216 211 211 213 215 214 214 214 214 214 213 212 212 212 212 214 212 212 211 212 214 213 213 212 212 212 212 213 214 214 215 216 217 218 218 219 221 221 221 221 222 222 222 221 220 218 218 217 215 214 212 210 210 208 206 206 206 206 205 204 204 205 205 207 205 205 205 205 204 204 204 204 204 204 204 204 204 206 212 
225 236 230 228 238 216 181 202 205 204 201 202 202 213 221 230 229 227 227 224 223 221 216 216 217 217 218 217 217 216 215 213 213 213 212 213 213 213 214 213 212 213 213 212 212 212 212 212 212 212 212 212 212 211 211 211 212 213 214 214 215 215 218 219 219 221 221 221 221 222 222 222 220 220 218 218 216 214 213 211 210 208 206 206 206 206 205 204 204 205 206 206 206 205 206 205 205 204 204 203 
234 234 234 242 242 221 192 205 207 207 207 215 225 228 237 245 249 252 252 244 242 243 239 233 229 223 220 218 218 217 217 217 216 215 214 214 213 213 214 215 213 212 212 211 211 212 212 212 212 212 212 212 211 211 211 211 211 211 211 211 211 211 211 212 210 212 213 213 215 217 218 221 222 223 222 221 222 219 220 219 219 218 218 217 215 214 212 211 209 207 208 207 206 205 205 204 205 204 204 203 
231 239 236 246 242 221 205 210 214 218 223 232 232 242 251 251 255 255 255 253 253 254 254 251 250 237 228 225 220 218 218 216 215 214 215 214 213 213 202 206 208 208 209 209 210 210 210 211 212 212 212 212 212 212 212 211 211 211 210 210 210 210 210 210 210 210 210 211 212 212 211 212 213 212 212 212 214 214 216 217 217 220 219 219 221 221 220 220 219 219 219 218 217 212 211 209 208 206 206 204 
232 237 238 245 246 229 225 224 228 226 227 236 236 249 253 252 254 254 254 255 255 254 254 254 252 241 238 236 236 232 228 225 221 219 219 211 211 211 191 202 206 206 208 207 208 207 208 209 209 210 210 211 212 211 211 210 211 211 210 211 211 211 211 210 211 211 211 211 211 211 211 211 212 210 210 209 209 210 211 211 210 212 213 213 215 218 218 219 218 220 221 222 222 220 220 219 219 218 216 214 
248 249 244 231 243 232 240 238 244 231 227 225 223 237 246 253 254 254 255 255 255 254 254 254 252 241 243 244 248 240 231 229 226 226 228 214 213 211 189 207 210 207 207 208 209 208 208 209 208 208 207 207 208 207 207 207 209 210 209 210 212 210 209 209 211 211 211 211 211 211 211 211 211 211 211 210 210 210 210 210 210 210 210 211 212 211 211 211 212 213 214 216 216 216 219 219 220 221 220 221 
243 247 250 246 242 233 237 230 247 232 240 238 229 226 237 245 251 253 252 254 254 254 254 254 252 247 248 251 249 239 231 229 229 228 231 215 212 210 186 207 210 208 204 203 203 200 199 204 207 206 208 208 210 207 207 208 207 207 206 207 208 207 208 208 209 209 209 210 211 211 211 211 211 212 211 211 211 210 209 210 210 210 211 211 211 211 211 211 211 211 212 212 211 211 211 211 212 213 214 216 
241 242 245 243 249 244 240 240 240 225 244 243 243 235 228 229 246 248 252 253 254 254 254 254 253 251 247 253 249 235 227 225 230 230 227 215 212 209 187 207 206 206 203 204 198 190 186 199 212 213 213 212 213 208 214 215 219 218 215 212 209 208 208 208 208 208 207 208 209 209 209 209 209 209 209 210 210 210 210 210 210 210 211 211 211 211 211 210 210 210 211 211 211 211 211 210 211 211 211 211 
244 238 244 246 242 240 240 246 247 231 233 223 238 239 236 234 239 230 246 252 253 255 254 254 253 248 236 245 249 241 230 228 231 230 225 215 212 207 189 208 209 208 203 202 197 195 191 209 230 232 230 227 227 215 218 221 233 237 233 229 217 209 209 209 210 211 211 217 217 213 211 209 209 209 208 208 208 207 208 209 209 209 210 211 211 211 211 212 212 212 212 212 212 212 212 212 212 213 212 212 
