132 133 139 143 149 155 163 165 165 175 185 188 184 177 188 186 167 165 173 173 141 122 176 193 177 176 183 179 163 152 143 136 106 106 158 191 182 170 181 163 164 160 156 143 147 138 137 133 124 115 112 110 111 117 119 112 113 113 122 135 143 140 121 119 124 123 130 139 138 139 139 138 133 128 120 114 109 106 107 103 89 86 86 88 90 93 95 94 95 101 96 85 81 75 62 75 110 117 105 99 
163 171 182 183 186 189 196 197 202 203 201 195 192 192 195 185 180 178 180 162 142 136 118 166 202 197 173 150 138 125 111 100 124 183 189 170 159 157 161 153 149 140 143 132 132 125 133 136 131 123 122 120 119 120 126 122 128 133 138 141 133 131 124 134 141 140 139 141 144 135 130 127 120 118 104 95 102 105 104 96 91 93 103 105 105 100 95 95 99 103 97 89 84 90 83 60 74 110 111 102 
185 194 200 200 200 206 207 203 201 199 193 188 184 182 170 159 150 144 139 137 140 119 118 146 195 179 163 146 137 129 114 162 191 170 166 164 156 152 160 151 151 142 137 133 137 142 144 139 131 128 129 125 124 130 142 148 148 146 135 122 124 135 136 131 128 132 134 135 135 123 118 119 116 112 108 109 119 110 102 101 108 118 118 114 110 100 90 93 98 102 99 93 89 91 89 78 58 67 108 106 
190 196 199 195 189 187 198 185 186 183 165 164 156 149 145 134 129 141 152 160 154 146 188 162 132 176 180 131 104 160 180 183 194 167 170 172 159 153 164 158 153 154 157 157 153 145 144 141 139 137 139 148 155 158 155 155 151 138 130 120 119 123 130 129 134 134 138 143 137 125 118 119 116 122 131 124 118 105 105 113 120 121 115 112 106 100 100 99 105 104 96 101 104 101 96 88 71 63 67 96 
180 189 186 184 181 194 198 185 182 177 177 178 178 179 170 171 186 192 187 185 170 184 158 130 107 151 160 147 191 182 129 166 203 175 174 173 159 162 167 161 158 161 159 148 139 145 154 153 157 160 162 156 144 137 140 151 149 138 135 126 117 120 136 147 152 137 130 139 147 141 143 140 138 140 133 117 110 108 114 119 119 115 110 109 109 110 108 103 106 103 96 98 100 98 91 84 71 64 60 63 
206 210 206 197 205 208 204 202 198 190 190 186 184 180 176 176 181 173 167 164 156 142 93 112 130 146 147 185 181 154 103 176 196 173 162 156 154 156 158 153 152 147 143 142 147 153 156 149 139 129 121 131 129 140 153 158 155 146 132 124 123 129 152 160 143 126 118 130 153 153 146 132 126 118 112 109 109 106 113 116 113 108 104 102 99 95 91 89 92 90 90 93 101 102 94 83 63 67 84 58 
186 185 181 184 185 182 176 169 153 148 149 150 152 148 146 145 146 141 148 142 141 116 93 107 159 181 116 133 151 158 120 195 163 127 126 130 131 140 147 138 134 138 135 135 127 123 117 111 113 118 133 149 149 151 148 147 148 141 128 129 144 158 167 158 132 115 110 125 147 137 120 112 116 114 114 113 111 108 112 113 109 105 100 98 100 100 100 105 109 108 107 102 101 97 98 85 67 89 93 70 
151 156 158 154 150 156 147 142 135 139 148 150 147 149 148 151 153 154 151 138 138 113 134 187 179 171 142 111 128 174 170 191 142 122 137 143 138 142 151 151 146 138 127 123 116 116 118 126 134 148 160 151 146 146 145 156 158 154 150 160 169 163 156 143 119 107 112 120 135 132 127 127 129 129 126 123 125 124 121 121 121 122 127 129 128 121 112 109 104 103 98 94 96 102 101 80 81 94 83 84 
153 158 154 147 160 157 150 158 158 167 176 180 182 178 172 181 177 168 152 124 123 168 203 198 176 155 119 115 114 146 168 185 155 151 164 155 136 129 137 158 140 125 126 124 126 136 153 159 168 173 168 160 162 163 170 169 162 164 172 166 154 152 151 133 115 127 139 143 144 139 137 133 134 136 135 134 139 133 129 129 132 131 130 129 124 116 110 106 106 114 109 110 116 116 107 101 107 109 107 103 
172 175 175 185 190 192 195 197 192 186 192 191 185 164 163 178 157 137 109 139 194 197 196 183 169 153 137 141 123 92 142 193 153 134 133 123 117 113 127 147 150 156 158 167 175 178 187 185 180 177 168 165 164 168 168 169 165 165 157 148 142 141 129 121 126 138 141 134 132 121 122 122 123 123 123 120 122 117 116 117 115 108 109 110 111 110 106 105 109 110 113 117 119 103 92 88 101 103 96 88 
170 188 204 208 209 207 203 200 186 179 188 184 184 165 158 158 129 119 175 208 194 192 181 163 157 151 151 161 117 91 106 159 164 135 135 145 154 161 176 187 190 188 186 183 178 177 173 172 164 161 157 155 157 155 150 147 139 133 122 115 115 117 118 121 115 111 104 103 110 100 102 108 110 105 105 104 99 95 93 95 92 87 94 99 99 100 96 98 100 102 97 94 90 84 78 81 109 109 91 80 
194 207 197 173 187 197 196 186 176 177 183 168 160 159 148 114 143 195 202 201 183 180 167 163 161 154 151 144 108 126 133 105 166 164 184 201 193 186 191 184 163 156 152 158 159 157 153 151 149 142 138 138 135 125 122 120 113 109 105 106 110 114 114 108 101 94 99 101 103 100 101 103 104 107 102 99 94 92 92 96 95 94 96 100 100 101 98 98 97 95 96 91 84 81 77 96 118 94 84 82 
168 166 152 163 198 204 197 180 164 170 164 147 120 105 116 168 194 180 198 188 175 169 154 157 152 144 143 128 136 172 152 122 115 177 195 185 181 172 164 157 142 145 153 155 142 130 132 145 140 134 135 128 124 123 113 115 113 118 118 114 109 111 112 112 110 109 111 112 110 109 108 110 112 116 112 110 112 111 111 109 106 105 108 110 111 110 106 105 104 99 97 95 92 88 89 116 96 72 91 88 
151 170 175 194 204 198 193 176 176 163 143 112 92 145 193 193 188 197 209 191 183 175 169 166 164 159 162 161 190 168 135 138 128 125 180 181 178 164 169 165 136 130 150 148 118 118 131 141 147 133 123 119 121 129 128 127 128 121 122 117 116 119 113 114 118 119 119 122 120 121 120 122 122 122 120 119 124 122 121 112 109 114 115 114 113 111 110 113 108 98 102 107 105 103 115 115 73 76 97 87 
189 204 206 204 207 204 198 179 172 137 109 128 176 192 190 150 147 193 190 170 157 153 158 155 158 154 155 165 153 142 143 150 158 120 122 170 169 183 182 154 126 124 142 133 118 125 147 152 150 148 142 157 157 146 137 136 137 136 133 130 131 128 126 126 127 130 134 137 132 130 126 127 129 130 125 120 122 124 124 122 119 122 124 118 114 114 116 119 106 95 113 119 107 108 108 86 60 79 83 68 
206 202 211 202 203 192 171 146 128 113 171 193 159 173 173 138 158 185 180 158 138 140 139 136 141 134 137 143 139 148 162 179 170 106 91 111 185 189 159 135 132 131 137 134 131 154 171 174 163 164 178 174 159 147 144 145 143 145 143 141 143 144 143 139 132 139 143 130 122 128 138 139 126 129 136 123 120 122 125 125 121 125 128 119 114 115 115 112 99 98 110 114 103 93 78 60 54 69 58 51 
197 204 201 181 181 167 133 111 147 198 195 175 171 177 160 170 190 174 173 159 147 155 163 166 171 176 181 188 193 198 186 165 128 108 131 124 148 183 160 160 164 148 146 142 151 174 178 176 169 168 167 165 153 145 143 141 138 139 139 147 151 154 146 139 127 125 121 128 134 141 140 132 124 127 140 133 128 126 126 127 125 123 121 115 115 110 106 97 99 100 103 103 91 74 70 51 53 62 77 100 
202 211 185 162 177 138 116 180 200 188 173 170 179 156 151 178 186 182 188 188 195 195 198 203 202 200 201 198 186 160 139 132 126 145 161 136 102 143 174 178 169 148 140 134 160 184 177 165 158 152 145 136 137 130 128 129 137 139 147 154 151 137 128 123 125 129 129 134 134 128 129 129 125 128 137 130 120 115 111 109 107 101 93 93 95 87 84 78 86 83 79 81 67 55 52 49 73 104 110 105 
202 186 165 142 125 145 204 201 175 181 176 173 182 174 191 202 205 209 207 206 203 198 198 194 192 184 182 167 153 149 156 157 157 166 142 127 125 97 152 178 168 153 143 145 172 179 162 137 122 125 119 112 125 132 133 137 150 148 142 132 118 122 128 135 129 124 116 119 132 128 127 134 129 128 134 119 104 97 98 100 102 97 97 96 100 99 95 99 101 95 82 71 53 52 67 99 121 121 113 104 
160 132 114 118 183 204 203 180 190 199 198 205 201 207 212 207 204 190 179 172 169 174 167 158 161 150 145 146 149 152 154 144 147 132 121 145 151 118 98 164 172 165 144 154 168 162 144 119 110 117 126 123 127 131 146 144 131 121 113 119 131 135 130 128 124 116 108 108 119 124 119 122 112 114 118 112 104 102 108 113 115 114 112 103 107 98 96 98 92 76 59 54 75 106 117 118 115 117 110 99 
154 116 153 202 200 202 191 197 204 204 209 198 194 192 180 170 160 149 139 138 148 153 145 143 144 143 148 145 140 135 136 134 128 124 142 153 142 124 108 102 158 164 141 146 148 137 117 99 100 116 131 131 129 133 138 131 116 116 124 139 150 146 135 128 120 111 110 114 114 116 105 102 100 105 111 107 106 103 101 105 109 107 99 93 89 80 84 78 65 59 78 109 120 115 102 94 91 95 91 80 
151 187 212 208 202 201 206 207 203 202 186 176 161 147 137 136 139 133 127 130 136 144 139 136 143 141 151 147 143 143 146 142 146 157 155 143 136 131 121 103 103 156 147 145 154 127 105 107 128 143 152 155 151 147 145 144 130 118 135 143 150 153 148 131 125 124 118 120 115 117 121 121 121 113 117 116 111 104 96 103 97 91 90 83 73 70 64 61 83 113 124 119 115 105 97 94 98 103 97 91 
198 205 206 202 193 185 179 170 169 158 145 138 127 131 142 149 144 139 134 133 134 145 138 138 142 144 141 137 140 143 149 153 151 145 135 144 149 134 121 116 107 99 152 151 136 115 135 156 169 163 161 157 157 154 137 113 109 125 135 138 143 150 151 139 133 129 120 120 122 123 121 125 119 112 115 119 108 103 98 103 97 92 89 74 61 59 81 111 131 127 116 115 118 116 107 107 114 119 112 108 
192 206 199 181 146 142 135 133 137 127 130 127 137 152 162 154 150 147 148 144 151 154 145 152 159 150 148 145 145 149 148 139 138 138 150 162 153 133 119 124 124 91 102 153 146 161 167 164 159 151 150 155 151 134 105 96 117 144 141 125 126 136 152 145 146 142 125 112 107 107 109 118 119 109 110 112 105 100 95 105 93 79 68 61 82 113 127 124 123 111 109 109 106 100 97 95 103 103 92 95 
184 193 150 129 125 145 152 154 151 149 158 160 166 165 162 155 164 160 154 147 143 149 146 163 167 159 156 158 153 151 153 156 161 163 170 157 131 123 126 144 127 95 84 107 143 160 161 148 142 148 154 162 149 117 96 110 138 149 129 106 119 137 160 162 154 144 120 100 102 110 113 113 117 104 103 100 101 91 83 87 69 63 79 109 119 119 112 108 100 90 89 91 91 85 84 87 95 90 86 91 
170 163 127 140 168 185 182 176 171 168 173 174 173 165 164 172 167 159 148 134 134 158 166 177 178 166 152 158 156 170 175 169 165 169 159 133 125 145 155 151 115 92 84 98 124 171 154 142 160 166 165 162 134 113 110 138 158 148 123 108 117 139 158 159 145 134 112 106 110 115 114 99 108 105 96 98 88 82 68 65 81 109 122 117 110 112 104 98 92 91 95 101 100 99 96 102 108 102 105 104 
183 174 169 190 196 186 171 162 165 169 174 176 173 179 175 160 157 157 142 138 160 178 181 180 171 158 149 168 172 172 157 149 150 146 137 129 149 152 147 136 116 109 122 133 110 136 160 163 171 167 162 148 126 127 139 157 160 141 118 111 105 122 148 153 145 133 117 112 114 115 99 92 105 104 87 78 64 61 84 114 125 113 110 110 109 111 102 97 103 115 123 129 125 119 113 115 111 107 105 99 
206 209 207 198 181 167 164 167 165 173 177 175 176 178 153 142 154 159 155 170 185 179 170 163 157 156 155 157 143 130 122 122 115 113 121 126 121 114 116 129 137 123 120 128 113 103 137 167 170 168 166 150 138 137 139 146 140 129 117 114 110 108 120 138 140 131 118 112 113 108 86 90 94 86 73 63 88 119 126 119 109 109 110 113 111 110 108 99 112 124 126 128 119 113 115 117 111 110 109 109 
182 181 174 177 178 178 180 170 171 176 173 176 178 160 151 170 187 186 186 183 165 151 147 156 155 146 136 127 118 118 119 125 127 130 134 137 138 137 143 153 158 139 117 119 121 117 101 143 171 159 148 110 107 116 122 120 116 119 111 112 119 110 101 114 124 124 116 107 99 83 70 74 71 66 89 126 139 139 136 132 137 135 128 127 120 121 123 122 131 133 133 123 114 111 112 116 112 108 106 106 
153 155 155 166 161 151 167 169 182 181 172 175 175 173 180 193 190 174 164 157 148 147 146 149 146 137 129 124 129 135 139 137 141 148 148 150 152 152 154 157 152 133 107 105 125 135 150 170 216 219 199 131 147 139 135 130 115 110 103 107 120 118 106 108 114 114 118 115 98 76 63 67 86 117 137 136 134 136 140 139 139 138 131 130 128 130 133 132 134 130 126 121 114 109 113 114 103 102 102 91 
187 185 183 184 181 181 192 195 200 186 181 188 197 196 191 186 172 158 154 153 156 161 157 153 153 148 145 154 157 158 154 149 157 156 155 153 146 146 144 143 141 126 100 115 174 219 245 252 248 246 229 165 146 133 138 137 124 122 120 126 132 123 118 112 109 100 97 105 81 64 77 109 136 140 140 141 143 144 149 149 142 132 129 126 119 114 109 105 105 107 108 102 104 104 100 101 95 92 94 91 
203 201 199 199 198 193 189 183 179 176 176 181 180 176 172 170 165 162 163 169 180 170 167 158 162 168 171 181 177 173 167 167 166 161 158 156 160 149 145 147 150 124 117 181 245 251 250 248 236 225 192 137 87 91 113 117 119 126 120 137 143 130 120 122 105 85 77 79 99 135 151 154 151 146 140 140 135 132 129 125 118 110 105 101 94 88 85 87 87 91 93 94 92 90 86 85 87 87 83 84 
178 170 160 148 137 127 125 131 133 132 131 130 131 136 135 135 139 147 155 160 161 161 160 156 162 165 164 168 165 160 155 159 157 156 153 152 159 143 131 134 140 153 210 250 253 248 244 232 218 191 152 103 59 76 101 110 127 123 117 129 119 101 96 99 78 69 91 131 147 142 124 111 101 96 98 94 93 92 91 88 87 85 85 85 86 89 91 96 105 107 96 90 86 84 84 84 82 84 85 80 
153 146 139 138 146 154 147 137 133 127 126 123 121 120 122 121 120 124 125 124 126 129 130 136 137 139 140 142 140 139 140 142 135 137 132 140 155 134 121 141 180 239 251 251 243 231 213 173 165 148 126 74 52 70 81 94 108 104 100 102 87 87 77 70 91 128 146 135 123 115 100 98 88 84 90 94 97 99 99 101 102 100 105 106 106 105 112 122 116 105 98 97 95 93 92 92 89 88 87 87 
172 178 184 187 186 169 155 150 154 159 154 149 147 147 143 138 129 130 128 127 127 125 123 126 126 129 126 131 135 134 136 137 137 143 135 136 143 143 159 223 250 252 247 232 217 201 182 161 142 128 79 54 52 69 78 89 98 99 102 94 83 85 95 124 116 109 100 89 88 83 78 80 80 84 100 114 119 124 125 123 123 122 124 125 128 132 127 122 116 111 108 104 106 103 103 103 104 102 98 95 
196 192 178 166 160 154 157 162 171 177 169 162 161 161 157 151 158 156 152 149 149 147 151 155 149 149 149 146 148 144 145 145 146 160 160 169 199 230 249 252 247 242 222 194 182 172 160 143 114 81 63 62 65 67 83 99 101 98 94 80 92 118 127 116 100 122 126 119 107 95 91 98 103 107 124 136 136 128 129 125 123 126 129 129 125 118 117 117 115 110 113 109 110 108 105 105 106 103 103 103 
168 160 156 164 171 174 182 175 172 157 150 150 167 171 162 150 166 158 165 176 175 169 166 171 172 168 166 169 167 163 171 190 213 229 235 242 248 249 250 245 223 203 178 160 142 130 110 87 72 67 72 77 80 70 75 101 91 82 100 126 131 129 130 129 133 145 136 118 103 93 95 113 125 129 141 143 138 129 126 121 121 122 124 122 113 114 117 114 107 106 108 101 96 96 95 92 92 92 93 91 
173 188 187 188 184 178 166 151 145 153 171 191 202 210 200 183 185 178 191 192 189 188 194 201 192 181 181 183 193 209 226 237 245 247 249 248 243 236 232 223 188 150 136 123 97 69 78 77 82 85 88 90 94 78 80 98 103 120 126 126 141 169 174 176 156 142 116 91 90 99 110 121 127 121 125 128 132 132 130 134 132 130 129 125 118 116 113 108 107 98 100 95 92 87 86 85 82 79 79 77 
183 168 149 149 153 153 149 148 174 216 237 231 228 226 223 219 219 225 231 231 236 235 236 237 225 220 220 225 232 238 245 246 247 247 244 241 235 222 208 196 166 138 128 121 133 146 156 145 130 125 111 98 93 83 105 101 123 137 157 201 241 249 248 246 240 199 131 102 127 129 124 124 121 117 127 125 123 128 128 129 128 129 129 128 122 122 120 119 113 108 103 101 97 92 85 82 82 81 80 79 
166 167 156 163 155 151 149 150 168 199 207 202 217 221 220 210 196 191 194 200 211 213 204 210 217 224 213 214 218 223 242 241 241 244 244 240 237 233 231 223 217 214 225 228 238 243 243 241 238 235 223 207 188 188 191 191 197 220 242 248 242 239 238 240 229 208 155 103 103 95 98 111 122 112 118 118 112 109 119 125 121 119 122 123 121 120 118 118 116 113 110 110 106 103 99 91 90 87 90 87 
156 183 175 165 177 180 185 188 187 183 178 175 186 201 212 218 218 204 189 192 206 218 204 202 217 214 197 193 192 194 220 231 230 230 237 238 237 238 240 239 242 241 240 239 240 240 237 239 238 239 231 220 211 216 224 224 225 227 230 225 215 200 208 213 181 142 105 57 64 79 96 109 111 102 97 95 98 95 108 130 132 126 125 123 120 118 117 117 118 115 114 115 113 111 104 102 97 93 92 95 
170 160 172 186 200 197 199 194 194 198 191 174 163 166 181 199 210 210 202 192 204 213 213 208 209 217 218 219 204 207 217 227 228 216 214 232 237 240 243 244 243 239 239 239 238 235 231 227 224 225 218 215 188 170 164 163 158 150 154 159 152 140 126 151 130 112 79 48 54 66 77 89 99 101 102 105 111 116 121 132 132 125 124 117 112 106 106 101 97 105 110 111 113 109 108 104 103 99 97 97 
165 148 168 185 173 168 168 169 167 170 163 156 151 162 166 170 185 190 189 196 205 208 209 208 211 220 228 230 207 229 218 200 196 190 182 202 230 241 244 243 241 241 237 235 229 225 219 210 204 201 193 185 177 146 128 130 125 119 118 116 117 114 105 123 116 93 46 46 55 63 74 89 103 109 118 127 127 128 125 126 126 122 120 120 123 123 121 112 108 101 103 101 101 97 97 96 100 98 94 90 
170 164 161 189 175 165 171 172 169 163 153 146 142 144 163 172 167 170 174 181 194 199 201 202 208 224 235 229 219 227 219 188 166 157 153 172 197 225 243 246 248 246 239 228 222 213 206 192 175 165 157 153 145 125 114 120 117 114 117 120 120 115 103 84 63 48 45 54 61 68 80 95 110 122 129 131 129 128 128 130 131 132 135 137 136 133 129 126 129 118 108 101 99 96 95 94 92 92 92 94 
181 175 159 168 171 169 180 173 163 155 156 158 169 177 179 191 193 163 160 171 174 181 185 194 209 229 237 184 156 139 162 202 174 168 189 208 222 219 225 240 239 237 237 221 203 195 184 168 151 140 140 127 120 106 100 95 91 100 108 104 97 75 52 43 40 45 51 59 65 72 85 96 105 112 117 121 124 127 130 130 130 132 128 129 133 129 126 121 117 110 105 95 90 90 92 87 85 82 82 85 
160 159 150 138 159 169 175 173 186 197 207 217 218 217 210 204 203 188 178 171 171 178 186 193 210 228 217 120 116 94 118 188 207 191 227 226 234 219 213 221 226 235 236 213 196 198 168 150 145 150 136 122 119 83 62 51 51 61 72 64 66 58 53 41 40 43 48 54 62 70 79 83 84 86 88 91 94 95 99 102 103 105 107 108 111 111 111 110 111 109 103 96 94 92 94 92 89 85 82 82 
141 153 148 163 181 206 220 217 216 215 211 212 204 194 194 204 201 193 188 175 183 191 189 197 214 224 200 112 90 92 107 185 213 222 225 215 211 194 175 184 206 210 211 192 200 183 158 147 145 142 129 131 125 101 75 59 52 62 74 71 81 78 71 58 45 43 44 48 51 52 53 53 53 56 57 59 60 62 65 66 67 69 71 74 76 79 83 85 89 94 95 96 100 99 99 99 97 94 92 86 
200 215 216 230 238 233 229 220 205 195 190 181 163 160 178 200 205 197 185 176 183 180 177 176 191 204 185 166 149 145 158 191 205 211 227 223 210 169 140 143 171 183 183 182 179 175 160 155 150 137 136 136 132 127 107 93 123 175 189 182 193 187 165 122 70 45 40 42 45 48 50 52 54 58 61 63 64 67 68 68 69 67 66 67 66 64 64 64 63 68 66 69 74 75 81 85 89 93 97 96 
241 238 224 221 226 214 201 202 200 190 181 166 157 160 181 204 216 212 198 194 184 165 154 178 205 205 176 183 207 218 223 228 222 218 225 188 162 150 122 118 140 158 168 170 170 171 156 146 137 136 133 131 130 126 128 154 198 203 190 180 169 174 161 139 103 54 44 44 48 51 55 59 62 66 70 71 73 74 73 74 75 76 73 72 72 70 71 72 70 69 67 65 66 65 64 64 68 70 74 78 
215 217 209 203 208 206 205 198 189 178 163 151 155 164 190 217 218 208 213 213 197 175 150 142 149 149 155 169 183 187 205 216 221 211 194 144 125 111 105 115 130 140 153 155 152 145 135 131 129 127 127 126 123 120 133 163 176 163 145 125 114 123 151 122 105 72 41 43 45 46 49 55 61 67 74 79 83 85 88 89 92 94 94 95 95 94 92 91 91 90 86 83 83 80 79 75 73 71 69 67 
157 186 188 181 184 180 158 131 121 118 109 117 135 152 187 219 217 208 200 190 168 152 129 121 121 119 120 131 140 135 141 151 174 177 159 118 96 115 118 112 124 133 139 140 135 132 126 128 124 121 120 119 116 113 112 127 129 115 104 100 91 94 126 111 108 89 38 36 39 40 43 46 48 52 59 66 72 76 80 85 90 93 94 96 96 95 95 97 96 94 91 89 91 89 88 86 89 88 85 83 
103 124 131 113 93 78 67 67 60 61 71 88 105 126 171 214 217 207 191 179 166 152 135 121 120 121 118 117 116 119 123 127 123 121 99 97 104 124 123 116 121 131 132 128 124 124 124 116 115 116 112 110 109 105 99 102 105 97 87 86 78 84 94 101 98 64 36 33 38 42 45 46 46 48 52 55 57 61 65 70 76 78 82 84 85 84 84 85 84 82 83 86 85 84 82 85 90 89 88 91 
66 64 62 59 57 55 56 57 57 56 64 77 96 118 160 208 219 208 192 185 169 149 122 114 116 118 120 125 129 117 103 96 96 95 92 107 118 120 124 125 125 125 125 125 122 111 107 110 114 114 112 108 108 104 95 92 84 74 64 65 70 75 79 71 54 34 33 34 35 40 42 45 49 53 57 61 64 66 71 74 75 75 77 80 81 81 81 81 81 79 79 81 79 80 83 86 88 86 83 83 
72 67 66 68 67 67 68 69 68 69 73 88 107 132 159 197 220 217 195 178 163 145 120 108 99 103 117 122 85 68 64 76 124 118 101 111 117 122 125 125 126 124 117 117 113 100 100 101 106 111 109 105 100 96 87 73 48 36 31 31 33 38 37 33 30 31 33 35 37 37 38 39 41 45 48 53 59 64 70 74 77 80 83 81 84 84 85 82 82 83 85 87 86 89 91 91 91 89 88 84 
104 95 90 92 96 98 97 97 96 90 90 108 126 139 157 188 217 213 203 187 163 156 141 123 117 138 143 127 64 56 48 72 133 121 83 98 119 120 121 108 104 98 98 106 109 99 97 105 104 111 109 102 93 85 57 37 34 32 30 29 31 30 31 30 31 30 32 33 36 37 38 42 44 46 48 49 48 49 51 55 58 62 68 72 77 78 80 82 85 88 88 88 92 95 90 89 91 91 90 88 
103 98 98 102 102 104 111 114 105 90 106 109 125 134 147 181 222 216 207 190 179 159 137 120 115 132 141 141 73 62 64 82 131 100 82 91 111 110 111 108 99 101 103 102 95 93 95 102 104 103 101 94 86 54 34 32 32 32 32 30 29 30 31 31 31 31 31 33 35 39 37 38 43 46 50 54 57 59 62 63 65 62 62 60 61 64 68 71 74 77 79 83 84 85 86 85 86 86 85 83 
104 99 98 103 109 117 124 122 92 103 122 116 121 138 153 181 225 227 193 193 179 145 134 120 117 123 135 136 117 88 109 126 108 88 80 82 106 99 96 97 95 92 90 88 88 89 92 91 94 94 92 84 60 34 32 31 33 35 33 31 30 31 30 32 32 32 32 34 37 38 39 37 40 43 47 49 51 55 59 62 68 72 73 75 77 75 70 69 66 69 70 74 77 79 82 84 86 86 87 86 
146 145 143 145 144 142 136 111 93 127 125 119 111 135 141 188 235 212 193 189 189 162 120 107 109 110 113 116 110 92 107 106 82 78 81 75 105 92 92 82 83 87 86 80 83 84 82 83 87 83 71 52 33 30 31 32 33 33 31 31 30 31 31 32 32 32 33 34 35 36 39 38 36 39 42 44 46 48 49 53 57 58 61 66 69 71 72 74 71 71 71 67 64 64 62 66 69 71 72 73 
164 161 154 147 133 120 109 97 109 112 92 85 93 119 184 228 211 193 171 179 184 146 117 115 108 99 102 104 102 88 74 79 82 86 81 76 103 93 86 77 74 78 76 77 79 78 76 74 69 58 39 32 28 30 30 31 31 31 31 31 30 30 31 31 32 32 32 32 34 36 37 39 36 37 41 42 43 44 46 47 50 51 53 57 59 60 61 62 64 66 69 72 71 68 65 62 59 55 54 51 
146 139 129 113 97 95 83 81 83 67 70 110 143 196 218 190 183 166 146 144 128 120 117 123 113 92 98 96 94 88 75 73 83 92 85 89 105 92 84 78 68 70 66 69 56 53 49 42 40 37 32 29 28 31 32 31 31 31 31 31 31 31 31 31 32 32 32 33 35 35 36 38 40 39 37 41 45 48 50 50 52 51 54 55 56 55 55 55 55 55 58 61 63 66 69 70 66 64 61 59 
105 96 90 77 70 79 72 60 76 103 127 147 210 210 175 170 174 163 143 124 120 112 110 122 113 98 102 92 83 87 86 83 97 103 91 88 100 97 86 76 74 59 51 42 34 34 33 33 33 29 29 28 30 31 31 31 31 31 31 31 31 31 31 31 32 32 32 34 35 35 35 36 38 39 36 37 43 44 46 49 51 52 54 56 58 57 57 58 59 60 60 59 58 57 59 60 62 63 66 67 
85 87 87 78 72 72 74 101 123 130 153 217 200 168 165 173 166 146 128 110 111 111 112 108 110 111 109 104 99 102 105 104 105 90 84 86 89 100 87 87 75 63 49 43 37 35 33 34 32 30 30 30 29 30 30 31 31 31 31 31 31 31 31 31 32 32 34 34 33 35 36 36 37 37 38 34 37 41 42 44 46 49 53 55 59 58 59 61 62 63 63 65 67 66 66 66 66 66 66 64 
94 87 78 71 79 115 144 144 142 156 205 213 157 155 159 155 135 123 117 111 118 118 116 114 120 120 119 114 115 125 124 113 97 91 100 103 104 101 111 97 83 71 55 49 43 40 37 35 33 32 32 31 31 32 32 32 31 31 31 31 31 31 31 31 32 32 34 34 34 35 36 36 36 36 37 38 33 40 40 40 40 42 46 49 52 56 58 61 63 64 67 69 70 72 72 73 75 75 73 73 
104 86 79 108 133 133 130 130 140 173 189 185 149 140 142 134 124 120 123 131 130 126 128 131 133 128 120 116 123 124 114 108 118 127 124 123 121 112 105 99 81 63 58 53 53 48 44 40 38 37 34 33 33 33 32 33 32 32 31 31 31 31 32 32 32 32 34 34 34 35 34 34 34 36 37 37 36 34 39 41 40 36 38 39 39 42 45 49 53 57 60 63 66 67 69 70 72 72 72 74 
88 118 134 132 132 129 123 123 141 147 149 141 132 128 128 123 119 104 96 126 134 139 143 143 136 128 120 121 125 125 127 137 139 133 123 117 106 98 88 77 71 69 68 65 59 57 54 53 53 49 43 39 37 35 33 32 33 32 31 32 32 33 33 33 33 33 32 32 34 34 34 35 36 36 36 36 37 34 32 37 41 43 43 42 41 41 41 40 41 42 45 48 50 52 56 61 61 63 64 64 
130 121 120 114 110 109 112 129 127 135 125 113 116 118 116 118 119 112 104 115 132 128 131 135 139 137 129 133 133 135 135 121 101 86 79 79 76 74 73 68 67 64 61 69 70 73 72 68 65 61 53 48 43 39 36 35 35 35 34 34 34 34 34 34 34 34 34 35 35 35 36 36 37 36 36 37 38 37 36 36 37 41 41 41 42 43 45 47 47 47 47 47 44 44 45 46 48 49 52 53 
130 124 118 111 114 114 121 113 114 115 110 105 104 103 101 110 111 99 93 86 103 120 121 121 111 103 95 97 94 86 76 65 67 68 75 82 82 82 79 75 77 79 82 87 88 89 86 77 72 68 61 55 50 46 44 42 38 39 38 36 36 36 36 36 37 37 35 35 35 35 36 36 36 36 36 37 37 37 36 33 36 39 41 43 44 48 50 52 54 55 56 57 57 56 56 51 49 46 46 48 
122 124 126 130 126 119 110 107 107 107 109 107 106 104 106 105 99 92 105 108 101 123 127 115 81 68 65 64 58 61 67 76 83 88 92 97 97 100 95 90 94 96 96 100 99 95 87 78 75 71 66 60 56 53 51 47 44 43 41 39 39 38 37 36 37 37 36 36 35 35 36 36 35 35 35 35 37 37 36 37 34 37 41 42 45 47 47 48 50 52 54 56 56 56 58 56 58 57 55 55 
140 137 134 131 133 132 134 134 134 132 128 125 122 116 112 114 123 129 131 124 113 99 116 86 66 63 69 74 68 76 87 93 93 94 98 104 107 108 105 107 108 113 111 108 103 93 84 79 74 70 64 61 58 55 54 50 47 43 41 40 40 39 38 36 37 37 36 36 36 36 36 36 35 34 34 35 36 35 35 38 37 35 37 39 40 39 38 39 39 40 43 44 46 48 52 53 53 53 52 50 
145 147 147 147 148 149 147 149 146 146 144 146 144 144 138 135 133 133 130 121 110 95 93 101 97 98 105 98 80 89 102 108 106 109 115 118 121 118 116 115 111 102 92 86 78 72 67 66 62 57 53 51 49 47 44 43 41 40 40 38 39 39 40 40 39 39 39 37 38 37 37 36 35 34 34 34 35 36 37 37 37 36 35 39 41 41 41 44 44 45 46 43 43 46 44 44 44 42 39 37 
120 129 132 136 141 144 144 148 146 147 147 148 143 144 146 148 146 140 131 122 112 95 77 92 103 91 105 84 64 86 109 108 98 93 92 85 80 75 72 67 63 58 54 53 52 49 49 48 48 45 44 46 46 47 48 48 46 46 45 44 46 47 46 45 42 42 41 39 39 37 36 36 35 35 35 36 37 37 38 37 37 38 34 34 38 42 44 45 46 47 46 47 48 48 45 43 38 39 48 56 
62 63 67 72 77 82 87 94 96 97 97 98 102 109 112 115 115 116 113 105 96 86 84 78 101 111 101 69 68 87 97 89 78 82 85 85 85 84 82 79 77 74 70 69 68 66 66 63 62 59 57 57 57 55 56 55 52 52 50 49 50 50 51 49 46 45 43 42 41 40 38 38 37 37 37 37 37 37 37 36 38 38 37 35 35 39 41 42 42 42 40 41 40 38 39 44 52 58 57 57 
86 85 80 79 74 69 66 64 61 59 59 59 59 61 62 63 64 67 70 70 71 73 86 89 79 105 85 86 106 106 116 119 114 113 111 108 108 104 102 98 94 91 90 87 85 85 85 81 80 77 75 76 72 65 62 62 60 60 58 55 54 54 55 52 47 45 45 43 42 41 39 39 37 37 37 37 37 37 37 38 38 37 37 39 34 37 39 39 37 38 36 37 40 43 48 51 54 56 53 50 
123 119 117 115 112 111 108 105 104 102 103 101 101 99 95 94 99 102 104 105 105 104 102 85 74 80 103 116 119 117 137 134 133 135 132 128 125 118 116 114 110 107 107 104 105 105 104 98 91 82 81 84 78 72 71 67 69 67 65 63 60 58 58 55 52 51 51 49 47 44 44 42 41 40 39 38 37 37 37 38 38 37 36 36 36 35 40 39 35 36 38 43 47 49 48 47 45 44 43 41 
131 125 122 113 111 106 99 97 100 102 104 104 109 113 116 117 112 103 96 89 83 80 81 83 82 76 85 111 117 123 116 100 92 93 102 108 113 117 119 117 116 116 117 115 114 107 102 96 89 84 88 89 87 84 82 80 83 80 74 72 68 63 60 61 58 57 57 55 50 46 49 49 45 41 41 41 39 38 38 37 37 36 36 37 38 36 35 37 39 42 43 42 45 46 46 46 47 47 48 46 
133 124 119 114 112 108 104 103 101 95 90 83 81 82 88 98 112 118 119 116 112 109 109 111 108 101 88 100 102 87 69 67 69 71 71 71 75 76 79 85 91 95 97 92 90 87 85 90 88 84 90 89 90 86 85 89 86 81 77 75 71 66 65 62 61 60 60 59 53 50 54 51 47 45 45 44 42 40 38 37 36 36 36 35 35 36 37 34 39 40 42 43 43 44 45 45 45 46 47 48 
117 122 123 124 128 127 125 123 120 120 117 111 107 101 95 89 84 82 83 87 96 103 108 108 103 101 91 80 100 86 76 86 89 93 93 90 82 74 69 66 66 69 73 68 70 70 67 69 69 71 77 81 80 79 76 77 76 75 72 71 71 69 69 66 63 63 64 61 55 57 58 56 51 48 46 45 43 41 38 36 35 34 35 35 38 39 38 33 33 37 38 40 42 43 46 47 45 47 48 49 
70 74 82 93 101 109 117 123 126 124 123 119 117 116 110 104 97 90 79 73 71 70 68 70 73 80 84 82 80 102 105 115 117 117 116 113 107 101 98 88 83 79 77 73 75 69 65 68 66 69 69 70 68 68 67 67 71 70 68 67 71 67 69 66 67 65 64 59 56 61 60 56 53 50 46 43 42 39 37 39 42 42 40 40 39 37 38 34 34 35 38 39 39 37 40 40 41 41 43 45 
79 76 73 69 69 70 76 85 94 103 109 112 116 117 119 120 119 116 110 105 100 95 92 89 88 92 92 87 81 81 104 107 104 100 98 98 98 100 97 93 92 87 85 93 96 93 92 90 86 85 85 80 74 72 71 69 71 70 65 62 63 61 59 59 61 63 61 53 57 59 55 50 47 42 39 38 41 48 49 49 48 43 42 42 40 39 38 38 37 32 37 38 36 35 36 36 35 35 36 37 
88 88 94 96 94 87 82 77 77 78 80 86 93 97 102 108 111 113 117 120 118 116 115 113 111 109 105 99 87 70 84 90 87 85 80 80 82 92 93 94 94 88 83 93 99 100 99 100 97 100 101 96 87 86 85 83 84 80 74 71 68 65 63 62 63 64 61 52 52 48 43 38 38 44 52 56 57 58 52 52 50 44 44 43 42 41 40 38 38 33 32 38 39 39 38 37 36 36 35 34 
93 96 97 95 95 92 93 92 92 87 82 80 76 76 80 82 86 90 95 96 91 87 85 85 85 86 87 83 77 79 73 89 105 92 80 84 92 99 94 85 83 81 80 90 99 103 93 89 88 94 97 94 85 87 87 83 87 83 80 82 78 70 70 74 69 64 59 48 42 38 48 56 64 69 64 59 63 58 54 52 49 46 45 45 42 42 39 38 38 36 36 35 39 38 39 38 38 40 39 39 
99 99 98 95 88 85 84 83 88 88 86 82 75 67 64 63 60 64 74 81 84 85 89 90 90 86 77 75 77 85 79 76 94 79 79 95 96 98 93 88 88 84 83 79 89 87 79 74 89 99 101 91 85 82 79 82 84 82 74 72 71 64 69 68 55 48 44 44 58 71 75 72 67 63 58 56 57 51 48 45 42 42 41 42 40 40 39 37 36 39 39 35 34 40 40 40 39 41 40 40 
123 122 118 115 111 107 104 101 96 89 83 83 80 79 80 78 77 77 76 75 76 84 92 99 104 107 108 111 112 108 99 83 75 88 99 92 79 75 73 73 80 78 80 77 86 78 78 80 97 96 95 92 91 87 80 82 87 83 73 70 69 56 52 45 49 61 76 82 81 73 64 58 55 50 50 50 46 41 39 39 37 37 37 37 36 35 35 35 35 36 36 36 32 36 40 38 41 41 38 38 
125 130 132 133 133 131 131 130 127 123 117 115 112 114 110 104 105 105 105 95 88 77 69 65 69 77 87 91 89 82 75 77 75 73 89 89 100 109 100 88 79 73 74 76 73 69 87 107 103 96 97 100 93 83 76 70 80 73 61 50 48 48 61 78 91 89 78 68 63 55 52 47 43 43 47 48 43 40 41 45 47 46 43 42 42 42 43 42 42 42 42 41 38 32 37 40 42 41 41 39 
94 97 103 106 113 117 123 126 128 129 128 128 125 124 123 117 113 111 108 105 100 100 98 91 90 90 88 87 85 80 84 91 86 76 84 99 109 107 102 99 93 91 83 79 71 70 90 112 94 92 104 103 90 81 74 69 66 53 48 64 81 93 94 96 90 72 61 55 55 51 46 45 43 46 49 49 48 47 52 57 59 53 47 48 49 50 49 45 45 45 43 40 38 36 32 40 42 40 41 39 
47 51 57 63 69 74 84 91 99 106 114 117 121 124 121 122 121 117 113 108 104 101 99 99 97 89 85 81 75 68 74 83 76 65 61 87 105 102 98 97 100 102 104 102 95 89 96 109 94 85 98 94 69 59 52 48 58 78 93 98 94 92 92 92 74 63 59 67 62 54 55 53 57 58 60 57 55 57 61 62 57 53 49 51 52 50 48 43 41 42 41 39 38 38 35 32 41 41 40 40 
56 53 53 53 50 49 51 52 54 60 69 76 85 94 105 112 116 122 123 125 122 118 115 111 106 99 93 87 80 76 79 76 65 65 77 77 91 84 83 79 84 85 87 91 92 93 95 107 92 74 73 61 48 54 72 86 96 90 86 77 76 78 87 76 64 61 64 69 62 57 56 61 69 69 67 62 59 62 63 62 55 50 48 50 50 48 46 44 44 46 45 44 43 42 39 36 33 41 43 41 
86 88 86 82 81 77 69 62 56 53 50 50 49 50 55 63 70 80 90 102 110 113 118 120 121 121 120 119 114 115 112 106 100 104 101 84 75 98 89 79 72 65 60 56 58 51 53 63 55 51 59 78 92 95 84 82 87 77 73 67 70 80 89 69 61 60 62 58 56 51 49 59 67 70 64 62 60 65 62 61 55 51 53 54 49 47 45 44 45 46 45 43 40 37 34 37 31 35 41 39 
85 88 90 92 91 90 86 82 79 77 74 70 64 60 57 55 50 47 47 49 54 60 70 79 89 96 103 106 109 109 109 108 109 106 90 79 70 78 84 71 64 57 51 46 44 41 44 54 69 75 85 86 87 78 69 79 77 72 66 63 70 86 87 75 71 72 72 65 62 57 61 67 68 67 61 61 61 60 55 54 51 51 56 53 48 47 48 49 50 48 47 42 35 32 36 40 36 32 39 43 
79 82 83 87 87 88 89 91 93 93 93 92 91 88 83 79 72 69 64 61 55 49 48 47 47 50 54 58 65 70 71 75 78 69 63 62 62 56 65 69 59 48 45 48 64 79 85 88 102 91 85 80 77 73 68 75 69 69 66 63 69 83 78 79 78 80 77 75 74 73 79 74 73 67 63 60 58 55 52 51 52 54 61 56 52 51 52 55 56 51 45 38 32 34 41 43 39 35 31 38 
75 73 74 72 70 72 75 78 79 81 84 85 87 90 89 89 86 87 83 81 77 73 72 66 60 58 54 49 47 49 52 58 61 59 61 62 63 58 50 59 52 58 77 96 100 93 83 89 99 91 89 88 87 85 84 85 83 82 79 78 84 84 80 79 79 78 75 73 74 74 77 73 73 69 68 67 64 59 56 56 57 55 59 58 55 55 56 56 53 44 37 35 35 38 44 45 40 37 33 30 
85 81 77 70 68 71 69 65 63 64 64 63 64 63 62 66 72 78 83 83 81 79 80 74 73 74 70 63 64 63 55 52 48 42 40 43 44 46 57 65 91 94 110 109 104 99 91 98 100 93 85 80 90 100 103 101 102 99 98 100 99 90 88 85 84 78 73 67 69 72 73 71 72 72 70 66 64 61 59 62 61 63 65 62 60 60 57 52 43 35 34 36 40 44 44 44 41 38 34 31 
77 81 85 88 85 84 82 76 74 73 73 72 71 72 71 73 73 64 61 63 66 68 70 69 67 67 66 58 67 67 58 57 53 46 47 59 73 82 77 72 69 94 111 98 101 102 104 111 109 105 101 99 106 111 105 104 106 102 106 107 100 95 94 95 91 84 80 71 74 76 75 69 64 61 52 52 58 61 60 62 62 67 66 62 61 57 50 42 35 34 35 39 45 48 46 44 39 36 35 32 
61 64 68 76 83 86 86 84 86 86 87 84 84 86 85 84 83 79 74 69 62 56 60 65 64 63 60 59 64 51 43 52 68 81 88 89 80 69 64 74 69 76 91 91 100 106 109 112 109 107 110 112 112 110 103 105 102 102 104 99 94 90 88 91 91 86 86 79 82 79 71 55 45 42 48 57 59 60 59 58 59 64 61 57 53 47 41 36 35 41 44 46 48 47 44 42 39 36 32 30 
54 54 55 52 53 61 69 75 79 81 76 70 68 69 69 71 71 74 76 73 71 71 74 71 58 53 44 44 53 71 84 85 86 81 83 85 83 82 85 92 84 70 78 91 89 84 87 89 92 94 96 98 104 99 100 99 94 95 91 83 74 67 66 68 67 69 72 72 76 65 49 39 36 40 45 51 51 47 48 49 50 51 48 45 42 39 37 36 40 43 39 42 42 42 39 37 34 33 33 32 
45 51 54 53 49 45 43 48 55 61 59 60 58 59 57 56 56 56 56 56 55 57 58 54 51 53 69 83 90 93 93 91 90 85 80 74 70 73 85 92 88 69 61 96 93 90 84 69 60 58 55 58 65 65 71 73 75 72 70 69 63 57 58 58 53 52 49 44 45 41 38 39 44 47 47 47 41 38 40 39 39 42 39 36 34 32 33 35 39 37 34 39 38 34 32 32 34 38 40 38 
55 58 56 53 51 51 52 49 43 44 49 56 62 64 68 68 64 62 60 53 44 45 54 70 90 94 93 90 89 87 85 85 86 91 98 95 90 84 88 86 78 65 73 78 89 82 72 72 65 61 58 64 60 54 52 51 52 55 56 59 59 58 61 62 58 56 53 49 49 47 46 48 53 53 52 53 48 49 46 42 41 40 38 36 34 34 35 35 36 33 34 38 36 34 37 40 41 41 39 36 
45 46 45 42 45 50 51 54 56 54 50 47 49 55 59 54 47 42 45 53 70 90 101 98 99 100 100 97 98 96 98 96 95 95 92 89 93 100 101 98 93 87 87 68 85 91 90 86 77 72 75 89 76 69 67 62 58 54 53 52 55 55 61 61 63 63 64 60 60 58 60 61 60 58 57 54 52 55 49 48 50 44 39 37 36 35 37 39 36 37 40 40 40 41 44 43 40 37 32 29 
40 37 34 33 33 36 40 44 56 57 59 60 53 48 40 38 49 69 86 93 96 92 91 90 88 86 83 87 92 95 97 95 93 95 91 87 84 85 83 82 82 84 81 70 59 80 80 74 70 69 76 91 79 75 73 75 72 66 62 58 57 56 61 60 60 62 62 61 59 60 64 63 60 56 55 50 47 46 42 40 42 41 38 36 36 37 40 42 40 44 44 43 43 43 42 36 32 30 28 27 
43 47 54 55 55 58 62 62 63 52 43 47 42 60 72 78 80 79 84 85 81 75 71 67 69 63 62 63 61 63 67 70 76 78 77 78 80 82 78 73 71 72 68 65 54 54 75 76 68 60 75 78 65 64 65 68 69 69 71 67 66 63 62 60 59 53 52 51 51 56 58 53 50 48 45 40 38 36 36 37 41 38 37 43 46 47 49 50 48 47 45 41 41 40 36 33 32 32 35 37 
