44 46 48 48 51 53 55 56 58 59 60 63 66 67 69 71 71 74 75 76 77 79 80 82 82 82 82 84 84 85 85 85 85 85 84 84 84 84 84 85 85 85 84 84 85 85 85 86 86 86 86 86 85 82 80 81 80 79 79 78 79 78 76 75 73 74 73 72 71 71 72 73 74 73 71 71 70 71 74 83 88 82 77 74 75 77 81 83 87 87 91 92 94 97 99 101 101 103 105 106 
47 50 51 51 54 56 57 59 61 62 63 65 67 68 71 72 73 76 77 78 79 79 80 82 82 82 82 84 84 85 85 85 85 85 86 86 86 86 86 85 85 85 85 85 85 85 85 86 86 86 86 86 83 81 79 81 80 78 77 76 76 74 73 72 70 72 72 71 69 69 69 70 71 67 66 67 70 86 112 120 113 115 107 109 101 94 86 76 82 86 91 91 93 96 99 103 106 108 110 111 
48 53 53 53 56 57 59 61 62 65 66 67 69 70 72 73 74 76 77 79 80 80 81 81 82 83 85 85 85 85 85 86 86 86 86 86 86 86 86 86 86 86 86 86 85 85 85 87 85 84 84 83 83 80 78 77 77 77 76 73 73 72 71 70 69 70 70 70 67 67 67 67 68 66 67 86 111 115 114 113 115 113 119 116 123 126 120 113 94 84 87 87 89 94 100 105 108 111 113 113 
51 55 56 57 58 58 59 62 63 65 66 68 70 71 72 74 75 77 78 79 81 80 81 82 82 83 85 85 85 85 85 86 86 86 86 86 86 86 86 86 86 86 86 86 86 85 85 86 85 84 83 81 80 77 75 74 74 74 72 70 68 67 66 66 65 65 65 65 65 65 65 64 72 90 101 113 113 113 116 121 119 116 118 123 120 124 123 133 129 131 134 112 88 91 93 102 109 113 115 117 
52 57 57 58 59 59 62 64 65 66 67 68 69 72 74 75 75 77 77 78 80 80 81 82 83 84 83 85 86 85 85 86 86 86 86 86 86 86 86 86 86 86 86 84 86 85 84 84 84 83 81 78 78 75 72 72 72 71 69 66 66 64 64 63 62 62 63 61 61 66 76 96 107 112 112 112 111 120 119 119 116 123 116 120 124 120 128 126 131 133 138 135 132 124 106 97 106 115 118 119 
54 58 59 60 60 61 63 65 66 67 68 69 71 72 74 75 76 77 77 78 80 80 81 82 83 84 84 85 86 85 85 86 86 86 86 86 86 86 86 86 86 86 84 83 84 84 83 82 82 81 79 77 77 73 70 70 67 66 64 61 61 60 58 56 56 57 60 71 76 92 107 104 112 108 111 115 113 123 123 117 121 121 118 133 136 142 148 153 149 147 145 139 135 141 130 95 102 112 117 121 
54 58 58 59 60 62 63 65 66 67 68 70 71 73 74 75 77 78 77 78 80 82 82 82 83 84 85 85 85 84 84 85 85 85 85 85 85 85 85 85 85 85 85 84 83 83 82 81 79 78 78 77 75 71 68 67 63 62 60 57 56 55 55 58 72 86 88 95 98 103 107 114 114 109 110 114 112 125 121 123 122 122 129 146 148 151 149 150 152 159 149 150 147 148 142 110 98 108 115 121 
55 59 58 59 59 62 63 65 65 66 67 69 70 72 73 75 77 78 77 79 80 82 82 82 82 83 85 85 85 85 85 85 85 85 85 85 85 85 85 84 84 84 83 82 81 81 81 81 79 79 77 75 72 68 65 62 59 57 57 54 58 68 85 100 98 93 95 99 106 103 105 112 112 112 110 114 120 121 121 133 126 149 153 144 150 151 153 154 152 159 164 157 165 160 151 151 113 101 113 122 
60 64 65 64 64 66 67 68 68 70 70 71 72 72 73 75 76 77 76 77 78 80 80 80 79 80 80 82 82 84 84 82 82 82 84 84 84 84 84 84 84 84 83 83 82 81 80 80 79 79 77 74 74 72 72 73 78 88 85 90 96 99 107 97 95 90 99 101 102 114 111 110 115 115 114 119 119 118 118 136 148 149 151 150 155 154 160 155 165 162 159 158 159 164 162 147 128 110 109 120 
69 73 73 73 73 75 76 77 77 79 79 79 80 81 82 83 83 84 84 85 86 87 87 87 87 84 76 86 87 87 87 86 85 85 85 85 85 85 84 84 84 84 83 83 82 81 80 79 78 78 75 71 92 99 102 103 99 101 104 99 99 98 97 93 91 96 102 104 100 119 112 118 115 122 117 118 116 107 141 147 152 155 153 156 160 159 158 162 160 165 168 164 165 165 163 166 167 124 103 113 
80 84 83 82 83 84 85 86 86 87 89 92 93 92 93 95 96 97 97 98 99 99 99 99 99 99 99 99 99 97 97 97 96 96 96 95 95 95 94 93 92 91 90 88 87 85 84 83 81 79 77 78 99 97 99 98 102 102 102 100 101 100 98 102 97 94 99 100 114 124 117 119 123 119 130 118 118 126 140 148 147 157 172 165 169 169 164 168 169 177 172 168 173 173 167 166 159 147 115 104 
88 91 92 93 94 95 96 97 97 99 101 103 104 104 105 107 109 110 110 111 112 113 113 113 114 114 114 114 114 113 112 111 111 111 109 108 108 108 107 106 105 103 102 100 100 98 97 96 94 92 88 91 96 97 100 96 103 102 105 108 109 100 101 100 94 94 93 102 126 117 126 130 128 120 123 127 136 140 145 144 154 163 162 169 172 169 170 176 186 177 172 174 169 172 176 177 172 163 168 141 
90 95 97 98 100 100 101 102 103 106 108 110 113 114 115 118 119 124 125 126 127 134 132 138 137 146 143 145 140 149 147 144 141 139 137 133 130 128 126 125 123 121 120 118 118 115 113 110 107 104 99 92 96 97 97 99 95 100 108 104 108 106 103 101 94 91 94 114 125 120 122 131 122 120 131 138 140 140 143 151 158 165 161 168 164 172 180 174 177 172 178 182 180 179 176 180 182 176 174 165 
94 98 100 101 102 102 103 104 105 108 110 112 115 115 116 119 120 122 124 125 128 129 130 133 135 137 138 139 140 147 149 149 151 149 151 150 148 152 149 149 145 142 140 146 140 133 129 129 124 120 115 97 94 98 95 97 100 99 103 107 100 103 101 96 97 96 104 132 122 124 125 127 128 116 129 140 140 138 142 167 163 170 164 164 168 175 187 178 176 186 194 184 182 187 183 188 177 179 181 180 
96 100 101 102 103 104 106 107 108 110 111 113 115 116 119 121 122 124 124 126 129 130 131 133 134 135 133 134 136 137 138 139 139 139 139 139 138 138 138 138 137 136 136 134 134 132 130 131 129 126 119 99 93 94 95 96 91 95 104 106 98 97 95 94 98 99 119 126 121 124 123 126 130 129 127 135 143 141 142 164 171 165 170 170 175 177 183 183 194 182 206 195 184 188 185 191 187 187 190 176 
99 103 103 105 106 106 108 109 110 113 114 115 117 118 120 123 125 127 127 129 131 131 133 133 134 135 135 136 137 137 138 139 139 139 138 138 139 139 138 138 137 136 135 134 133 132 132 131 128 125 121 105 96 94 94 99 92 91 96 97 95 96 98 98 97 97 118 113 115 129 129 126 125 132 131 134 139 141 148 155 160 165 171 172 168 190 189 189 189 182 195 194 195 195 201 194 186 191 187 189 
100 104 104 106 107 107 109 111 112 115 116 117 118 120 123 125 127 128 129 130 131 133 134 134 134 136 136 137 138 138 139 139 139 139 139 139 140 139 138 139 138 137 136 135 134 133 132 131 129 126 123 109 95 96 92 92 99 99 98 96 96 96 96 101 102 108 116 123 119 125 133 128 141 133 135 132 138 140 141 155 156 166 170 176 171 196 183 189 187 179 193 207 196 196 195 192 190 187 198 200 
102 106 105 106 108 109 112 114 114 117 118 120 121 123 125 127 128 129 130 131 133 134 136 135 137 135 137 138 138 138 139 140 140 140 140 140 141 140 139 140 139 139 138 137 136 135 134 132 131 128 123 118 102 94 96 90 96 101 101 99 95 96 98 95 100 117 122 124 121 128 128 131 143 147 136 146 142 145 144 155 154 153 163 180 180 182 184 182 192 180 202 201 190 194 193 195 197 206 208 195 
103 106 106 106 109 111 114 116 116 118 120 122 124 126 128 128 129 131 132 134 135 137 135 137 147 153 153 141 141 141 140 141 141 141 141 141 142 141 141 140 140 140 139 138 137 136 135 134 131 130 127 121 110 96 95 91 94 95 102 99 96 101 103 102 102 117 126 128 127 129 136 128 145 145 140 142 136 141 155 160 150 162 157 160 169 172 180 177 182 188 197 189 194 196 202 209 200 208 199 198 
103 106 107 108 111 113 115 117 119 122 123 125 127 129 130 131 133 134 135 137 137 131 146 184 181 182 190 180 173 165 150 142 142 143 143 143 142 142 142 142 142 141 140 138 139 138 137 135 133 131 129 122 113 103 95 97 90 96 96 96 97 101 108 101 110 119 119 115 123 122 128 135 161 160 146 145 141 136 156 150 157 155 157 164 151 172 167 183 187 196 197 193 204 203 199 207 211 212 205 198 
104 108 108 110 113 114 116 119 121 124 125 126 128 130 131 133 135 136 137 137 138 131 181 188 172 170 168 170 171 177 184 177 165 150 143 143 144 144 145 144 143 142 140 139 140 139 137 136 134 133 129 124 117 110 94 99 94 91 95 96 97 97 101 105 108 114 115 114 119 128 134 136 149 147 150 139 142 141 155 152 154 159 158 162 179 165 174 180 188 190 198 194 190 200 207 207 218 219 204 203 
104 108 109 111 115 115 117 119 121 124 125 126 129 131 133 135 135 137 138 139 140 138 189 195 176 175 167 178 181 191 188 188 186 180 172 147 141 142 142 142 142 141 141 140 140 138 137 137 135 134 130 126 118 112 98 95 96 90 101 100 99 99 100 106 108 103 105 112 120 119 125 133 140 149 147 147 142 147 153 154 161 148 165 164 169 170 184 180 190 195 190 195 195 205 198 209 208 215 199 211 
103 107 109 111 115 116 118 120 122 125 126 127 130 131 133 136 137 138 138 139 140 140 171 192 172 162 176 191 190 191 192 192 197 188 182 184 154 133 135 135 139 139 140 140 140 139 138 137 135 135 131 128 121 116 99 95 98 98 92 96 94 99 103 107 108 99 107 113 121 124 127 124 137 149 139 143 145 143 150 162 158 152 160 154 158 165 190 186 173 178 187 186 209 205 212 201 215 203 212 201 
104 107 109 111 115 117 119 122 124 126 128 129 131 132 135 136 138 139 139 139 139 140 144 195 177 166 183 193 189 193 198 189 203 201 188 190 185 157 146 136 133 135 137 138 139 137 136 137 135 134 131 130 122 117 101 99 101 97 96 97 98 103 99 107 108 101 105 114 124 131 132 124 143 145 145 142 141 146 150 158 157 166 164 170 160 161 182 182 178 180 185 193 202 204 201 202 205 210 213 216 
103 105 108 111 115 118 120 123 125 127 130 131 132 133 135 137 137 138 140 140 140 142 142 170 190 171 183 189 185 201 192 200 203 204 190 199 198 185 179 177 152 143 136 132 137 138 137 134 133 133 130 128 126 121 107 98 99 96 93 100 107 101 101 108 103 103 103 113 123 129 131 125 135 144 144 153 143 133 143 151 152 161 158 159 161 166 175 183 181 185 185 189 200 198 208 212 206 213 213 209 
105 108 111 113 116 119 121 124 126 129 131 132 132 135 137 138 138 139 141 141 142 143 143 146 187 177 186 182 182 196 185 196 224 207 182 197 203 196 183 170 174 181 179 158 129 133 134 132 139 140 132 127 123 117 110 94 99 97 96 97 106 99 105 104 102 104 102 113 127 128 129 121 132 138 147 160 159 162 156 135 152 155 159 165 174 173 169 177 192 194 198 189 207 213 205 203 200 208 211 209 
108 111 114 115 118 120 123 125 126 129 131 133 134 135 138 139 138 139 141 143 144 144 146 147 154 187 185 181 198 188 171 207 220 204 175 196 206 192 181 171 162 163 184 191 171 137 143 144 145 141 137 129 127 115 107 104 100 105 94 100 104 100 105 101 107 106 103 113 122 133 123 122 121 127 155 144 149 167 160 159 150 149 162 177 177 175 177 184 201 196 202 191 209 206 210 208 199 204 212 209 
110 114 116 117 120 121 123 125 127 130 131 133 135 135 137 139 140 142 143 145 146 146 147 151 150 159 185 176 192 186 179 206 202 193 175 192 202 191 139 148 169 167 184 173 171 152 153 168 168 156 145 130 134 112 101 108 104 116 116 109 108 102 103 97 107 107 109 117 127 133 123 133 119 119 138 154 151 156 167 163 165 161 148 170 170 170 170 199 198 205 206 197 207 207 209 199 205 217 214 219 
111 115 117 118 121 122 124 127 129 131 132 133 136 136 138 140 142 144 146 147 148 148 149 151 149 150 164 178 180 194 183 184 194 198 177 173 178 167 156 160 180 191 183 185 162 177 185 177 170 154 163 152 138 139 123 108 90 110 123 130 122 117 103 100 106 109 105 117 135 133 132 120 122 117 123 132 139 151 159 176 169 168 171 157 171 171 179 194 196 210 212 210 200 214 203 206 207 213 219 221 
112 117 118 119 122 123 125 128 130 133 133 133 136 137 141 144 144 144 146 147 148 149 148 151 150 151 149 165 184 179 178 168 187 187 170 161 165 173 186 195 196 210 195 181 167 161 172 172 163 146 153 146 151 153 118 98 96 113 125 123 121 127 108 104 106 113 109 120 151 122 127 120 120 113 117 112 131 143 166 162 165 171 181 174 146 167 172 191 188 200 204 205 204 210 211 205 218 206 205 220 
113 119 119 121 123 125 127 129 131 134 135 136 139 142 144 145 145 146 147 148 148 149 151 152 153 153 152 148 176 175 163 164 169 165 168 163 163 176 201 203 191 184 176 162 156 154 154 165 168 177 165 157 158 127 91 133 152 147 153 144 115 112 120 120 119 118 111 125 161 139 119 130 123 117 112 121 122 122 149 160 166 164 176 186 176 159 161 188 186 200 207 197 211 217 210 211 205 212 208 215 
114 118 119 121 123 125 128 131 133 135 135 137 140 141 142 143 144 145 147 146 148 149 150 151 152 152 152 152 131 170 152 139 148 151 148 154 156 183 192 187 188 175 173 162 157 157 143 155 156 154 154 141 118 107 115 164 191 176 188 174 138 121 124 132 136 129 125 122 155 138 125 129 125 109 116 116 119 121 140 167 165 172 173 182 180 176 166 193 207 210 207 205 203 205 204 207 215 218 222 216 
115 120 121 122 125 126 129 133 133 134 136 139 141 142 143 144 145 146 146 148 149 150 153 155 154 156 156 153 134 109 177 152 125 129 125 124 142 170 181 183 177 178 168 154 149 144 150 142 144 153 149 96 102 134 155 174 166 184 199 190 168 123 130 141 138 148 129 133 142 121 138 126 120 106 115 118 115 109 122 152 166 168 195 194 195 168 191 196 214 204 211 207 214 211 206 209 213 221 213 214 
117 121 123 123 126 129 129 133 133 135 138 140 140 143 143 143 146 144 147 149 148 154 154 151 155 159 156 145 124 121 128 175 168 144 129 119 130 163 165 180 172 169 162 157 147 147 157 157 145 149 121 94 145 158 146 142 157 166 198 198 173 127 121 160 155 163 143 153 117 99 119 120 109 110 115 109 118 122 120 134 147 153 165 178 120 151 176 198 208 203 217 215 217 208 198 198 219 216 205 208 
117 121 123 125 127 130 131 134 134 137 138 140 141 142 142 144 145 148 149 147 154 157 153 155 168 162 160 124 103 128 130 121 128 145 143 121 119 159 164 177 163 162 155 154 160 160 174 190 180 150 116 160 196 190 168 123 135 148 179 204 183 123 136 155 172 185 149 148 103 102 104 91 96 103 111 111 121 121 117 124 140 139 137 148 162 169 176 196 212 206 207 216 207 204 210 199 212 215 221 218 
119 122 124 125 128 129 131 134 135 138 139 140 143 141 142 147 149 151 149 150 157 154 154 161 160 156 136 117 102 95 126 119 96 89 106 117 127 152 162 167 158 159 153 145 143 165 177 179 179 116 132 148 188 216 191 143 141 122 152 171 210 142 141 144 180 206 158 159 131 117 77 65 71 72 98 114 119 119 120 120 131 138 128 144 168 177 180 201 204 209 216 204 204 214 227 223 237 244 248 246 
119 122 124 125 128 129 131 134 136 139 140 141 143 143 144 149 149 149 152 152 158 156 157 163 158 123 87 94 119 112 119 136 140 111 113 122 144 162 159 162 159 170 161 146 137 144 170 172 152 109 119 124 132 184 211 166 157 146 148 118 197 141 137 160 182 213 188 189 167 146 74 74 57 64 67 93 116 119 122 116 132 144 138 138 159 161 198 206 206 214 215 219 224 237 247 246 246 244 246 244 
119 123 123 125 128 129 131 134 136 139 139 140 143 144 149 149 149 150 154 153 160 161 164 167 152 111 84 80 103 138 104 117 137 153 138 130 137 148 160 173 165 169 171 153 151 147 159 167 127 50 47 55 101 145 189 196 167 154 152 123 161 128 158 199 195 210 208 195 185 180 102 55 62 69 74 81 103 112 120 128 138 143 139 133 127 160 184 207 213 224 237 240 236 241 240 235 232 236 243 239 
119 123 123 125 128 129 131 134 136 139 141 143 146 144 150 152 152 151 153 161 161 161 165 164 144 96 103 114 96 122 136 104 119 121 129 143 134 153 167 159 176 171 161 188 184 177 155 175 147 58 102 60 57 144 143 202 170 151 154 157 148 150 188 204 202 210 212 192 200 179 117 70 63 77 90 93 89 109 109 115 135 146 149 135 132 155 189 209 219 229 228 234 232 230 234 239 234 236 240 238 
118 122 124 124 127 130 132 135 135 138 144 144 144 145 151 151 150 154 156 160 160 162 166 160 134 88 87 121 127 103 102 138 146 136 115 117 100 110 144 163 156 163 156 164 184 189 189 184 197 80 81 92 126 151 119 188 181 157 154 165 162 164 173 196 201 204 212 205 192 181 137 68 97 93 85 96 106 106 112 119 135 150 155 128 141 144 191 224 222 227 225 238 237 232 238 239 244 238 230 235 
118 122 125 126 129 130 132 135 137 136 143 142 144 147 155 149 155 157 157 158 159 160 160 145 103 78 87 89 109 140 139 123 129 142 165 153 120 100 131 155 142 140 150 144 143 140 146 158 187 156 158 162 143 131 128 155 198 171 154 159 155 175 178 185 187 175 212 208 209 184 145 82 85 104 103 106 107 103 115 118 134 149 129 133 147 206 230 230 233 214 208 204 219 227 230 233 237 234 236 239 
118 124 124 127 129 132 131 135 136 137 141 144 145 148 152 152 155 154 153 155 158 160 160 148 102 98 106 129 124 115 137 115 113 106 137 162 170 153 150 146 149 176 191 191 186 185 172 159 165 194 166 135 160 170 136 161 172 158 154 157 170 175 175 181 159 167 190 195 208 211 165 96 56 98 118 109 100 95 115 122 134 137 130 131 187 219 217 227 227 215 224 209 209 214 221 227 228 227 235 232 
118 124 123 126 130 132 131 134 134 138 142 144 145 147 149 152 152 152 154 158 158 159 157 138 86 86 109 123 119 120 122 130 122 123 114 117 139 179 183 186 152 114 139 170 192 198 196 189 187 196 207 188 154 123 119 137 151 123 127 146 164 176 182 191 198 195 176 196 201 213 197 131 80 89 123 121 96 88 105 122 131 152 146 154 199 216 230 228 229 226 223 213 210 194 212 187 215 222 222 227 
119 123 123 125 128 130 133 135 137 139 143 143 143 146 151 150 151 152 154 161 158 159 154 107 73 93 98 118 119 104 120 109 112 120 131 116 132 149 140 163 192 173 126 109 137 169 180 178 175 168 193 200 207 200 174 151 124 104 116 132 153 167 180 189 192 197 205 209 200 209 212 169 120 83 107 129 126 109 110 137 148 145 134 211 232 220 210 219 211 192 194 189 189 188 203 188 200 213 193 228 
119 123 123 125 128 131 134 136 137 139 140 141 144 146 147 149 152 152 153 157 158 157 151 96 81 80 118 112 122 127 130 115 126 125 123 134 151 144 145 153 150 166 171 160 139 143 142 155 169 173 175 173 178 182 175 168 179 167 153 153 135 141 152 151 155 163 197 216 214 224 210 184 172 106 100 133 145 145 118 120 117 123 125 191 208 197 190 189 186 184 177 176 172 173 184 181 178 159 187 214 
116 122 123 125 128 131 132 136 137 138 138 141 143 145 149 148 153 154 156 155 159 159 147 100 85 100 108 117 121 118 142 121 136 147 145 159 165 160 156 167 157 153 150 140 151 163 177 185 192 192 187 191 186 184 178 177 168 171 169 162 152 145 127 116 113 117 135 208 222 229 210 195 194 168 112 113 142 150 142 131 108 120 121 128 170 169 134 128 162 186 183 209 216 227 225 220 229 216 209 191 
117 121 123 125 128 130 130 134 135 137 138 141 143 145 146 151 150 151 156 155 157 161 151 108 65 66 79 90 103 113 133 141 145 156 159 150 182 169 147 158 147 159 176 142 149 179 186 186 194 196 193 194 192 178 184 170 171 172 183 175 168 162 153 147 146 152 132 151 202 223 204 191 203 201 139 100 124 147 152 140 137 136 154 177 172 156 87 143 203 207 212 216 227 229 228 226 231 233 231 226 
116 121 121 126 128 130 130 125 132 135 138 140 142 143 144 148 149 153 154 157 157 159 163 133 86 87 99 122 132 120 121 149 158 156 149 135 149 174 189 195 174 146 145 159 163 168 190 199 202 196 187 188 190 186 180 164 160 175 175 180 175 173 154 160 161 165 160 141 148 167 183 175 207 205 138 107 126 164 175 175 169 194 201 201 200 202 184 193 204 214 228 224 226 232 234 244 242 241 244 239 
116 121 121 125 127 127 130 128 131 134 137 139 141 143 145 146 148 150 151 157 157 156 160 149 115 92 88 81 91 106 114 127 127 103 84 90 100 158 138 128 133 132 132 148 140 147 159 180 190 183 181 173 165 171 160 156 153 168 173 174 173 169 154 162 163 174 159 143 112 127 172 183 210 190 126 109 127 168 184 187 202 214 209 209 208 200 211 212 228 229 222 217 225 227 241 245 240 244 247 243 
116 120 122 124 126 127 129 131 132 135 135 139 140 143 145 144 147 149 150 152 156 155 162 158 110 107 131 118 115 126 147 140 139 133 126 109 137 148 144 125 148 175 195 189 191 180 181 170 162 163 168 171 168 154 148 142 141 132 144 158 157 159 157 148 161 161 142 110 141 192 189 183 196 162 114 114 138 174 180 188 205 212 206 204 213 209 222 219 227 222 225 223 223 233 239 244 238 241 245 249 
116 120 122 124 126 127 129 131 132 135 136 138 140 141 142 143 146 147 150 150 151 153 159 156 131 89 95 121 108 109 95 113 130 109 121 137 147 136 149 148 129 150 164 176 188 195 187 183 192 204 184 157 140 138 134 112 101 112 125 113 115 119 116 113 117 109 118 200 221 209 195 170 143 123 110 122 161 190 190 177 193 195 199 209 216 210 212 228 222 222 222 230 227 226 235 232 237 243 247 252 
116 120 122 123 125 126 128 130 132 135 136 138 140 140 141 142 146 147 147 149 150 150 156 154 133 102 94 83 83 87 92 99 106 116 132 139 142 162 170 163 157 161 149 141 131 138 139 182 178 118 124 144 144 124 135 119 114 117 125 133 137 135 119 118 116 153 194 204 196 181 165 127 108 106 123 159 186 195 185 163 158 161 207 220 216 208 215 215 224 226 222 225 222 212 227 231 239 240 249 251 
115 120 121 123 125 126 128 130 131 134 136 137 139 140 140 142 143 146 142 148 149 151 144 126 96 93 85 125 167 164 156 130 102 125 157 157 155 143 155 157 151 164 171 173 181 179 196 164 103 63 110 115 109 158 199 173 166 173 176 169 175 166 171 164 165 172 161 164 167 151 114 99 101 124 167 196 203 199 196 163 144 139 172 185 182 187 213 223 222 226 212 210 216 225 214 228 235 242 250 245 
115 119 119 122 125 126 128 131 131 133 135 138 138 138 138 141 143 145 144 148 146 135 121 90 86 103 154 160 133 133 124 123 120 131 150 144 147 151 153 142 135 147 162 137 164 194 174 64 53 51 79 118 136 199 179 161 170 176 186 183 169 168 157 137 148 155 172 172 151 109 95 96 118 168 194 200 204 195 174 139 124 134 128 124 146 192 194 219 220 225 212 206 215 223 215 222 220 231 245 241 
115 119 119 121 124 125 129 129 131 134 134 136 137 137 138 138 139 144 142 141 135 109 80 82 122 161 147 144 139 149 131 130 142 144 156 152 150 145 148 147 142 152 134 140 178 184 122 67 69 84 115 150 196 184 167 167 177 166 169 189 178 180 161 163 191 186 179 148 104 96 93 115 165 197 203 190 189 185 172 127 119 118 116 115 158 194 178 184 213 212 219 202 220 210 194 210 214 221 239 223 
113 118 119 120 123 124 129 130 130 132 133 134 135 136 136 135 139 139 138 124 91 69 83 151 183 177 177 155 148 172 137 148 155 159 167 153 154 156 142 134 148 146 154 164 186 181 106 127 126 127 165 207 181 150 174 169 151 161 156 180 186 186 185 188 189 177 134 89 99 82 109 151 185 195 183 186 182 168 145 134 135 135 118 133 149 168 162 186 212 218 214 201 221 206 207 214 212 214 225 225 
112 118 118 118 121 123 126 127 128 130 131 132 132 135 135 135 135 133 110 76 64 93 166 187 173 183 173 170 179 178 158 126 168 165 167 175 166 151 138 136 136 140 142 169 183 159 112 165 188 207 209 165 148 156 166 153 133 146 142 171 192 200 199 133 150 156 140 71 91 99 126 164 177 166 173 171 163 148 133 133 142 151 125 139 151 171 135 157 198 202 207 224 211 204 204 215 199 205 211 234 
112 117 117 117 118 121 124 126 128 129 130 131 131 134 134 133 131 115 67 60 109 180 176 187 161 176 171 167 195 173 147 151 130 153 173 178 162 148 140 139 141 137 143 145 149 135 88 128 182 189 155 130 141 129 146 146 169 143 111 133 149 132 150 115 167 169 97 74 80 133 154 159 160 162 164 160 151 143 135 135 147 154 140 137 149 138 140 141 177 197 208 212 218 207 216 209 215 206 214 243 
110 115 116 116 118 120 122 124 126 127 129 130 130 131 131 129 122 75 57 132 183 175 175 168 168 160 180 178 188 172 154 160 148 154 167 143 152 141 147 145 144 140 138 140 136 137 78 87 138 139 120 124 130 145 166 164 137 128 103 116 126 115 141 140 157 170 80 75 116 152 157 136 150 155 147 136 141 137 136 139 153 158 158 139 119 126 141 134 148 190 189 197 207 207 218 220 208 236 245 246 
110 113 116 118 119 120 121 123 124 125 127 129 129 129 129 125 81 59 138 175 155 154 158 156 156 150 170 181 187 153 172 168 167 148 148 163 166 148 137 153 162 154 145 151 147 141 117 87 82 113 148 158 159 156 177 162 111 103 104 108 124 135 125 126 127 140 122 115 138 152 146 147 148 143 142 136 134 129 144 136 150 158 158 123 137 137 127 130 130 167 204 207 206 196 206 213 211 232 246 249 
110 114 115 116 118 119 120 122 123 125 126 127 127 128 126 107 59 144 174 156 137 148 153 159 164 172 183 172 182 154 178 165 157 159 169 173 161 119 122 141 149 151 142 131 138 143 147 112 74 95 146 165 162 149 142 94 92 88 108 122 139 120 113 106 135 136 159 122 123 139 138 140 144 144 134 125 141 131 138 148 148 154 116 98 137 147 130 119 128 149 177 215 209 210 209 216 245 247 248 250 
108 113 114 115 118 119 120 122 121 122 124 126 127 126 125 85 115 180 159 142 137 154 179 186 196 190 178 173 172 155 145 144 132 107 93 54 32 39 76 94 118 120 126 127 130 123 135 130 94 73 95 101 113 96 96 82 88 96 121 112 83 102 123 118 147 136 160 123 108 120 127 141 135 126 121 127 142 146 140 140 131 109 98 117 133 145 128 120 125 146 168 193 208 215 211 219 239 245 235 249 
108 112 114 115 117 118 119 121 122 123 124 124 126 124 122 95 176 168 146 134 145 165 174 185 185 173 168 162 100 42 32 28 25 32 40 45 68 101 101 98 109 99 80 110 101 101 101 100 78 74 80 99 116 106 100 100 116 104 115 99 95 131 149 130 139 130 141 136 108 120 124 123 121 125 130 129 155 146 126 119 101 94 112 124 128 135 129 120 141 147 165 196 195 205 216 221 231 236 238 238 
107 110 113 113 114 116 119 121 123 124 124 124 125 125 119 114 163 161 144 144 161 165 165 165 156 128 81 28 18 19 35 63 97 102 96 91 90 102 106 108 119 105 109 107 110 103 92 84 82 92 87 98 101 103 108 111 98 95 112 98 117 135 142 127 132 122 120 142 127 105 115 133 136 138 131 117 142 114 111 80 94 111 113 111 119 133 138 123 124 137 166 173 195 211 222 223 229 236 232 238 
107 110 112 112 114 115 117 119 122 123 124 123 122 123 121 101 113 149 153 153 136 98 65 37 24 18 17 23 42 65 89 96 99 110 101 99 98 101 101 111 117 124 129 126 124 116 109 112 109 112 98 100 109 105 111 110 115 108 125 121 126 131 136 121 119 131 119 115 118 124 137 136 140 153 152 116 103 98 87 87 108 115 112 109 120 137 141 128 148 154 168 168 193 201 183 212 227 237 240 239 
106 109 110 111 114 115 116 117 118 120 121 121 121 122 121 87 48 59 71 66 51 24 18 20 23 30 47 61 74 88 100 103 103 113 110 103 106 105 107 114 120 133 132 124 127 129 124 132 134 125 117 128 123 133 124 133 142 134 134 121 126 120 122 125 115 123 113 108 111 142 134 114 120 138 116 91 89 85 91 108 101 110 116 112 127 137 146 124 149 166 165 174 188 205 205 198 191 214 236 217 
105 107 109 110 112 113 115 116 117 119 118 119 121 122 120 95 45 56 68 67 56 40 42 46 58 71 80 83 88 92 91 91 97 103 112 110 109 108 113 120 126 134 140 140 122 123 116 133 141 136 142 132 145 132 143 135 126 133 128 130 131 128 121 117 113 123 123 114 97 132 141 122 113 110 77 79 89 104 110 97 101 113 117 119 121 134 131 147 167 158 172 173 186 201 200 200 188 197 205 207 
103 105 107 108 109 111 113 114 116 117 118 118 119 122 120 97 48 55 62 63 65 67 64 67 81 81 80 78 79 83 92 91 90 107 101 109 111 106 99 110 136 138 136 137 132 132 136 129 132 125 125 124 127 130 136 131 130 140 136 138 134 122 113 115 103 126 136 106 95 116 125 112 108 93 106 143 150 153 156 103 85 108 120 116 120 130 136 138 152 161 179 177 185 202 200 199 192 199 197 215 
101 105 106 108 109 110 112 113 114 115 116 118 119 119 118 103 53 51 59 61 63 63 69 70 80 85 96 98 88 77 82 86 84 88 102 101 105 112 100 107 104 119 128 128 121 122 114 128 128 136 126 129 123 126 116 127 117 127 124 104 119 119 118 99 114 146 138 100 96 102 102 114 106 127 164 169 165 147 149 136 87 97 119 120 134 149 138 148 167 177 186 182 176 202 206 197 194 196 194 195 
100 104 104 107 108 109 111 112 112 114 115 117 118 118 117 104 54 53 55 65 64 66 74 71 78 71 83 81 98 94 80 87 97 97 100 106 102 101 100 104 108 121 129 121 126 130 128 126 113 109 114 119 122 125 123 128 122 122 117 122 119 115 108 110 113 134 128 102 98 115 96 113 133 159 178 179 170 175 178 193 170 114 120 129 142 148 143 147 166 173 182 174 173 188 183 188 196 184 187 194 
100 103 103 104 106 108 109 110 112 113 113 114 116 117 115 110 73 45 51 54 66 65 66 66 71 82 73 86 88 90 92 92 98 98 102 106 106 99 106 107 125 130 133 130 108 117 127 134 132 135 131 132 115 116 117 113 113 109 106 107 107 112 128 103 116 115 102 123 115 95 99 140 145 157 173 180 176 184 188 190 171 117 121 120 128 148 148 142 153 166 175 191 186 177 188 177 179 181 196 192 
98 102 102 102 105 106 107 108 110 111 112 113 114 115 114 113 87 49 55 56 60 62 62 64 68 77 80 84 85 95 90 109 113 105 105 112 105 105 106 108 105 113 115 128 122 109 110 113 118 126 134 134 119 101 94 99 102 105 109 95 116 136 125 82 102 108 115 124 115 102 141 150 145 154 171 189 189 188 182 169 140 106 118 119 133 148 141 143 162 174 172 173 175 168 177 177 185 183 179 187 
97 101 101 103 104 105 106 107 109 110 111 113 114 114 114 113 106 57 53 55 57 61 59 62 57 74 83 88 77 84 102 112 110 104 103 100 101 95 96 108 108 98 107 114 125 127 113 112 114 124 134 136 127 111 105 116 109 119 105 97 137 136 97 84 106 122 132 139 116 141 149 147 159 152 165 178 178 164 163 163 152 103 110 125 141 147 146 152 171 173 171 175 179 169 167 172 176 185 188 195 
96 100 100 101 103 103 104 106 107 109 110 111 113 113 113 113 107 76 47 49 53 55 62 65 62 65 70 78 83 78 109 124 115 114 114 109 103 98 100 99 105 99 108 116 128 131 124 127 124 127 130 122 117 103 98 99 125 99 93 109 119 103 101 119 135 150 159 157 131 138 148 139 153 156 158 159 169 175 166 159 120 104 105 105 128 144 144 149 164 171 172 175 173 167 173 177 179 180 176 189 
95 98 98 99 100 102 103 105 106 108 108 109 111 112 112 112 112 99 50 45 49 51 59 61 66 64 66 67 79 87 106 107 116 128 118 117 114 104 96 99 103 105 107 100 104 118 123 127 120 116 101 98 98 108 123 127 106 92 108 84 88 107 124 143 156 165 163 157 137 125 145 155 148 152 157 159 161 165 161 115 99 106 96 104 133 138 143 154 159 165 166 173 176 165 159 182 178 174 168 181 
93 97 97 98 99 101 102 103 105 106 107 108 109 110 110 110 112 107 75 41 51 47 50 57 57 67 65 69 79 79 94 107 115 113 125 131 118 106 100 96 101 95 102 106 98 99 105 103 99 101 104 113 119 130 123 112 87 95 87 101 117 136 152 154 161 158 150 139 132 111 135 151 157 147 147 145 145 140 101 99 107 110 99 109 122 136 143 143 150 153 173 184 177 164 161 165 168 159 164 206 
92 96 96 98 99 100 101 102 104 105 106 108 109 110 110 110 110 110 102 61 41 43 52 48 48 53 62 64 81 87 92 90 102 103 118 123 128 113 108 101 98 107 107 97 100 96 106 98 98 109 114 111 111 114 102 86 83 96 116 131 133 144 143 137 135 140 141 146 142 112 119 136 144 143 141 139 134 102 103 102 106 101 98 103 115 136 145 133 152 162 157 173 171 165 160 154 168 157 170 201 
91 95 95 96 97 98 99 101 102 104 105 106 107 108 108 108 108 109 106 97 53 41 41 44 50 47 54 61 76 81 85 90 100 106 118 116 127 126 120 107 106 100 104 101 98 96 97 98 91 91 95 96 103 101 88 95 117 122 116 121 126 123 123 128 134 145 149 141 125 104 106 124 137 142 138 122 109 107 111 107 104 102 98 104 110 131 123 141 153 152 157 178 175 177 164 153 174 162 172 168 
91 95 93 93 94 97 98 100 101 102 103 104 106 106 107 109 109 109 107 105 93 48 43 43 43 43 61 77 94 107 111 114 114 107 105 114 123 126 125 116 109 97 99 98 97 104 103 98 98 101 100 97 101 105 109 117 112 110 104 102 114 122 130 137 142 143 134 125 111 107 107 108 132 131 111 114 112 107 109 107 100 102 99 105 110 129 130 125 158 160 159 183 168 164 161 164 151 151 170 144 
90 93 93 91 92 95 97 98 98 99 101 103 104 105 106 107 108 108 108 106 105 87 46 42 43 56 67 77 84 91 107 105 109 101 109 103 105 125 121 116 115 111 112 108 108 105 103 103 102 108 112 115 118 113 117 110 108 105 104 114 119 124 126 132 127 123 111 99 82 88 109 100 101 102 106 107 109 110 112 108 105 100 101 102 113 124 129 126 153 156 169 169 169 167 166 168 176 184 175 139 
88 92 92 93 94 94 95 96 97 99 100 101 102 102 103 105 106 107 107 107 107 104 90 64 50 51 71 79 88 88 87 100 102 105 101 101 111 108 120 118 112 116 109 119 115 112 113 115 117 117 105 109 123 109 106 106 108 108 105 110 118 127 129 119 118 111 94 89 97 105 95 98 96 93 113 108 105 110 111 114 114 105 107 94 115 117 129 123 146 152 163 167 169 194 203 212 200 171 145 136 
87 91 91 92 93 92 93 94 96 97 97 98 99 101 102 104 105 106 106 105 105 107 103 97 79 46 71 94 88 97 98 95 103 100 98 105 104 109 109 121 111 111 106 99 112 114 116 106 106 114 111 105 112 106 103 99 96 104 116 123 124 121 123 101 104 95 92 92 92 84 77 88 82 101 104 106 103 105 111 105 107 108 104 95 109 121 127 124 129 149 167 196 213 218 189 175 149 140 140 137 
87 91 90 90 90 91 92 93 92 93 95 97 98 98 100 101 102 104 104 104 104 105 104 104 101 90 71 78 95 101 103 102 112 107 106 104 105 107 106 110 107 104 107 104 107 108 107 102 109 105 112 108 99 101 99 108 102 107 113 123 127 127 113 94 91 75 69 60 64 60 60 80 99 102 101 111 105 103 101 104 115 113 113 104 116 127 125 129 120 147 183 195 172 171 148 144 141 145 142 135 
86 89 88 88 89 89 90 91 91 92 94 95 96 97 98 100 101 102 102 102 103 103 102 103 101 100 95 83 77 80 87 102 99 109 119 122 123 107 119 116 107 111 111 116 114 111 114 112 100 102 104 108 100 107 107 110 105 108 116 121 128 119 97 84 71 64 59 56 48 43 57 98 104 104 100 109 105 96 104 106 106 109 116 101 112 117 113 126 133 135 138 146 150 153 150 148 144 146 142 131 
83 87 87 89 89 87 88 89 90 91 92 93 94 96 97 98 99 100 101 102 103 103 103 102 102 102 101 100 86 80 87 95 93 111 111 118 106 110 115 117 120 123 120 124 115 115 111 106 103 102 103 102 103 100 103 105 105 108 115 118 112 98 74 64 71 74 68 59 54 45 58 91 102 103 100 108 103 98 98 96 103 106 107 102 111 108 114 121 123 123 128 140 148 147 144 143 141 143 141 129 
82 85 85 87 88 86 87 88 88 90 90 91 93 95 96 97 97 98 99 100 101 101 101 101 101 102 100 101 97 90 78 66 78 92 94 103 89 97 104 107 108 116 111 128 113 113 113 106 104 102 103 101 109 111 109 110 110 105 114 111 107 77 65 49 54 55 61 57 49 54 72 96 98 104 101 104 110 100 110 98 99 105 108 114 113 106 109 124 127 127 126 138 140 143 141 144 141 144 140 145 
80 83 83 84 86 85 85 87 87 89 89 90 91 94 95 95 95 96 97 98 99 100 100 99 99 100 100 100 98 98 92 77 72 68 71 77 77 78 89 94 102 103 108 121 108 113 106 110 105 108 101 110 102 109 104 105 107 102 100 92 84 72 61 52 56 56 59 61 67 84 97 99 97 108 102 104 110 111 107 112 99 101 96 107 118 118 111 123 121 127 120 132 138 140 143 144 139 147 158 149 
78 81 81 81 83 83 84 85 86 87 88 88 90 90 91 93 93 95 95 96 97 98 98 98 99 100 100 100 100 98 98 95 84 67 63 73 82 86 92 97 100 101 112 107 111 111 102 110 106 107 100 100 100 102 95 104 90 88 78 69 60 58 58 56 57 67 63 73 89 95 108 105 101 104 107 101 103 106 112 112 107 98 104 110 114 122 109 124 138 138 113 127 139 149 156 169 165 180 166 141 
75 79 79 79 80 82 83 84 83 85 86 87 89 88 89 91 92 93 92 93 94 97 97 97 98 99 99 99 99 99 99 100 98 92 77 64 72 80 80 84 86 90 94 94 96 99 101 105 97 94 94 93 89 91 85 86 78 68 59 58 53 53 54 59 59 60 73 87 103 105 105 107 99 106 105 102 106 104 103 111 102 102 105 112 124 114 113 138 119 102 121 160 178 193 193 184 172 149 151 149 
73 77 76 77 78 80 81 82 82 83 84 85 86 86 87 88 89 90 91 92 93 95 95 95 96 97 97 98 98 99 99 100 97 97 97 88 70 54 63 67 73 77 78 89 91 95 95 86 84 81 82 79 86 83 68 61 58 53 51 53 50 53 49 53 48 71 90 96 106 107 103 104 106 97 104 103 103 94 107 114 102 101 109 112 110 113 127 100 96 106 152 157 160 149 147 144 150 141 144 141 
72 75 75 76 77 77 78 79 80 81 82 83 84 84 86 87 88 89 90 91 92 93 94 94 94 95 96 97 98 98 98 98 98 98 97 95 92 83 66 56 56 69 67 69 78 73 73 70 71 69 72 76 76 64 52 47 52 39 44 42 44 34 25 40 60 78 86 101 106 110 111 110 100 103 104 102 104 104 103 111 103 93 101 106 118 116 100 93 98 123 148 152 156 148 149 141 146 134 140 138 
68 72 72 73 74 75 76 77 78 79 80 81 82 83 84 84 85 86 87 88 89 89 91 91 92 94 94 95 96 96 96 97 97 97 95 95 96 95 92 85 79 72 66 57 63 60 60 59 59 54 56 54 48 48 41 42 45 43 41 45 63 76 71 53 66 73 88 97 97 108 112 108 100 99 103 100 103 96 102 104 98 91 103 120 109 90 86 88 108 139 152 150 152 151 149 158 146 143 146 142 
66 70 70 71 72 72 73 74 76 77 78 78 79 81 82 82 83 84 85 87 88 88 90 90 91 93 93 94 95 94 94 95 95 95 95 95 96 96 95 94 91 89 85 81 75 69 66 65 60 60 59 59 61 58 60 60 60 59 56 54 69 89 82 83 77 73 81 91 91 96 112 107 97 103 100 104 104 96 95 100 105 113 100 87 84 83 89 88 109 133 153 156 149 149 157 153 150 139 128 128 
62 66 68 68 69 70 71 72 74 75 75 76 77 79 80 80 80 81 83 85 86 87 88 89 90 91 91 92 93 93 93 93 94 94 95 95 95 95 94 94 94 93 93 93 88 86 84 83 80 80 79 79 79 79 79 81 78 75 70 62 62 79 87 87 90 90 89 94 91 94 104 108 106 99 98 98 102 95 99 110 111 86 77 83 85 81 90 90 105 137 150 159 161 147 157 152 147 139 128 133 
59 63 65 65 66 68 69 70 72 73 74 74 75 76 77 78 77 79 80 82 83 85 86 87 88 89 89 90 92 93 93 92 93 94 93 93 94 94 94 94 94 94 95 93 92 91 90 90 89 88 88 88 89 89 90 89 87 81 73 62 58 76 84 84 83 82 88 88 96 96 97 107 108 99 96 101 99 94 105 94 82 74 80 85 85 80 94 99 115 130 147 150 151 159 152 148 151 134 122 121 
56 61 61 61 63 65 66 67 69 70 71 71 72 73 74 74 75 76 78 79 80 82 83 84 85 86 87 89 90 90 91 90 91 92 92 92 93 94 94 94 94 94 95 94 93 92 91 93 92 91 90 90 90 90 91 91 89 84 75 62 58 83 81 81 80 82 86 78 97 96 95 98 103 105 102 100 105 84 80 81 77 75 79 82 83 91 117 118 115 128 143 155 153 149 146 144 150 146 128 118 
53 58 57 58 61 62 63 64 65 67 68 67 69 69 70 72 72 74 75 76 78 79 81 83 84 85 85 87 88 88 90 89 90 91 91 91 92 92 92 94 94 94 94 94 93 92 91 93 92 91 91 91 92 92 92 91 89 84 74 61 59 90 77 79 82 80 80 76 87 91 101 91 104 109 103 91 82 80 78 76 71 79 81 88 98 110 117 108 111 130 143 155 150 148 145 139 143 139 119 112 
48 53 53 55 57 58 59 60 62 64 65 66 67 67 69 70 70 71 73 74 75 75 78 80 80 82 84 85 87 87 89 89 90 91 91 91 91 91 91 92 92 92 92 92 93 92 92 91 90 90 91 91 92 92 92 91 89 83 74 62 60 83 75 79 86 83 79 71 78 93 102 96 88 87 77 79 80 78 78 77 76 91 98 106 99 94 102 111 106 115 139 140 134 144 140 131 138 130 126 109 
46 50 51 52 54 55 56 57 59 60 62 63 65 65 66 67 68 69 71 72 73 72 75 76 77 79 81 84 85 84 86 88 89 90 90 90 89 89 89 90 90 90 91 91 91 91 91 91 91 90 90 90 91 91 91 90 88 82 73 61 61 80 82 81 81 79 76 72 74 84 96 86 76 76 76 77 77 84 89 86 96 108 93 93 101 104 110 115 103 104 126 134 128 126 129 129 125 121 114 104 
44 46 47 48 49 50 51 53 55 57 58 60 61 63 63 64 65 66 68 69 71 69 72 74 75 76 78 80 82 83 84 86 87 88 88 88 89 89 89 90 89 90 89 90 91 91 91 91 91 90 89 89 90 91 90 90 87 81 72 59 59 77 78 79 78 79 76 76 70 76 89 98 85 75 75 81 99 108 112 99 85 92 82 96 108 103 96 119 106 104 119 124 124 124 129 124 130 114 103 97 
