241 241 241 242 242 242 242 242 241 240 240 242 242 240 238 233 223 215 213 218 221 221 221 220 218 216 209 200 196 190 187 179 172 164 152 146 136 130 129 131 196 250 253 250 240 236 235 234 234 235 235 235 234 234 234 233 233 233 232 232 232 220 168 103 85 101 211 229 229 241 254 255 255 255 255 255 255 255 255 255 255 255 255 255 255 255 255 254 251 250 251 251 252 253 253 253 252 252 250 248 
241 241 241 242 242 242 242 242 241 241 242 242 242 238 234 225 216 214 216 221 223 222 222 219 216 213 206 198 192 189 185 178 172 162 147 137 132 126 126 140 231 253 254 251 249 243 237 235 234 234 234 234 234 234 234 233 233 232 232 232 231 217 154 87 71 70 183 227 230 244 254 255 255 255 255 255 255 255 255 255 255 255 255 255 255 255 254 253 250 250 251 250 251 253 253 253 252 252 250 248 
241 241 241 242 242 242 242 242 241 241 242 241 239 233 227 217 215 217 219 223 225 223 223 219 214 211 203 196 189 191 185 177 169 160 148 136 129 126 126 172 246 253 254 254 253 251 246 238 235 234 233 234 235 235 234 232 232 232 231 231 231 216 145 84 68 65 152 222 236 250 254 255 255 255 255 255 255 255 255 255 255 255 255 255 255 255 254 252 250 250 251 249 250 253 253 253 252 252 250 248 
242 241 243 242 243 242 242 241 241 241 240 238 231 226 219 215 217 220 220 223 225 221 222 219 213 208 199 192 188 190 184 175 166 157 143 135 128 125 127 201 249 253 254 255 255 254 251 247 241 238 235 235 236 236 234 234 234 234 233 233 232 220 146 82 67 62 119 213 237 251 254 254 255 255 255 255 255 255 255 255 255 255 255 255 255 255 253 251 249 248 250 250 251 253 253 253 252 252 250 248 
244 242 243 243 243 242 242 242 241 241 239 231 224 218 216 219 222 222 222 225 226 221 221 219 212 205 196 189 186 187 180 171 163 152 140 131 125 123 128 207 250 253 253 254 255 253 253 252 250 245 241 240 240 238 238 237 235 235 235 235 235 233 164 83 67 64 94 186 229 249 253 254 255 255 255 255 255 255 255 255 255 255 255 255 255 254 252 249 247 247 249 249 250 252 252 252 252 252 250 248 
245 243 243 243 242 242 242 241 241 241 234 223 215 216 219 222 225 224 223 226 227 223 221 218 211 202 193 187 184 184 176 169 159 148 136 129 126 122 133 214 246 252 253 253 254 253 253 253 254 253 248 248 248 246 246 245 244 244 243 243 244 244 211 90 67 67 90 160 217 242 250 253 255 254 254 254 254 255 255 255 255 255 255 254 254 253 250 248 246 246 246 246 248 251 251 251 252 252 250 248 
244 243 242 242 244 243 243 242 240 237 228 217 214 217 220 223 224 223 225 227 226 223 220 216 209 199 192 185 183 184 172 164 156 144 134 129 124 123 139 219 237 249 253 254 254 254 254 253 254 254 253 252 252 250 249 249 247 247 247 246 248 248 240 132 75 70 86 139 199 231 245 251 253 254 254 253 253 255 255 255 255 255 255 253 252 252 249 247 246 246 245 245 246 250 250 251 251 253 250 247 
244 244 243 242 244 243 242 242 237 230 222 217 217 220 223 222 224 224 225 226 224 220 216 212 205 196 191 186 182 178 165 155 149 139 133 127 122 122 150 223 236 241 247 253 253 254 254 254 255 255 255 254 253 251 250 250 250 250 250 248 245 243 240 183 86 78 89 125 181 217 238 245 250 254 254 254 254 255 255 255 255 255 255 253 250 251 249 247 246 245 243 244 246 249 250 251 251 253 250 247 
244 244 244 243 244 243 242 239 232 223 217 219 221 223 223 221 223 224 225 226 224 219 213 209 203 195 190 186 182 174 160 150 144 134 127 123 122 126 168 229 235 237 239 247 251 252 253 254 255 255 255 254 254 251 251 250 249 247 246 240 229 220 215 199 109 86 93 111 159 200 228 240 247 251 252 254 254 254 254 254 255 255 255 253 250 250 248 247 245 244 243 244 245 249 249 250 251 253 250 247 
244 244 244 244 244 243 240 234 224 217 217 219 224 226 224 222 224 225 226 226 224 218 211 206 199 194 189 186 179 170 154 144 136 128 122 118 122 128 203 235 236 236 237 240 244 247 250 252 253 253 253 253 253 250 249 247 244 238 226 197 167 148 133 139 104 91 96 103 134 185 217 231 240 246 249 251 253 253 253 253 254 254 254 252 250 249 247 246 245 244 244 244 244 248 248 250 251 253 250 248 
244 244 244 244 244 243 238 230 220 217 217 220 226 228 226 224 226 226 226 225 222 216 208 202 198 192 187 185 175 165 149 138 129 120 117 118 121 146 237 245 241 236 236 237 238 240 244 248 249 252 251 250 249 249 248 241 229 202 167 122 98 83 80 77 77 81 89 98 114 177 214 224 236 243 244 247 250 252 252 252 253 253 252 251 248 248 246 244 244 244 243 243 243 246 247 249 251 253 250 248 
244 244 244 244 245 243 236 226 221 221 221 222 227 229 226 224 225 225 225 224 220 213 206 198 196 192 187 180 172 162 148 134 123 115 115 116 119 187 248 253 249 246 241 238 237 238 239 242 242 242 239 241 241 240 234 215 180 133 100 82 74 70 68 68 66 72 80 91 105 168 206 215 229 238 241 243 246 246 249 250 252 250 251 250 247 245 243 242 243 244 244 243 244 244 246 250 251 252 250 248 
244 244 244 244 245 242 236 228 226 224 225 227 230 231 227 226 225 224 223 220 219 211 203 196 191 190 187 177 167 155 142 130 119 113 113 113 131 229 252 255 255 253 248 244 238 237 236 235 235 233 225 213 203 192 178 149 111 92 81 75 68 63 61 65 64 65 72 81 95 131 178 194 208 217 220 228 237 241 245 247 250 249 248 248 246 243 242 242 242 244 243 241 243 244 246 249 250 252 250 247 
244 244 244 244 245 242 236 232 228 226 227 230 231 232 226 225 224 223 220 219 217 209 198 194 190 187 182 171 160 149 136 125 116 113 111 110 187 245 253 255 255 255 254 251 247 243 238 233 229 213 182 161 145 125 110 96 85 83 77 73 67 58 56 57 60 62 66 70 77 93 121 141 156 153 155 164 195 219 235 242 244 246 245 245 243 243 242 242 242 244 242 240 240 243 245 247 248 252 250 248 
244 244 245 245 244 240 235 231 226 226 228 230 231 229 224 222 223 221 218 216 214 207 195 193 189 184 176 166 155 142 128 120 116 113 107 146 236 251 253 255 255 254 254 254 254 251 244 234 211 179 138 120 108 95 87 81 78 78 75 72 67 61 59 58 56 58 59 61 65 73 85 96 101 96 98 100 119 141 174 212 236 241 243 243 242 240 241 242 243 240 230 230 238 241 243 246 248 252 250 247 
244 244 245 245 244 238 234 228 222 223 226 228 231 228 223 220 220 218 215 213 210 202 192 189 186 179 168 160 149 137 125 120 118 115 123 213 247 253 254 255 255 255 254 254 254 250 243 222 177 142 107 96 88 80 73 69 66 66 67 69 66 65 63 57 53 53 54 55 58 63 69 73 80 82 82 82 84 91 106 139 194 231 239 242 240 239 240 241 231 212 167 169 223 239 244 245 248 252 250 246 
244 244 245 245 243 237 231 222 215 216 219 223 228 227 222 219 217 215 213 211 206 197 188 185 181 174 163 157 146 133 122 120 119 128 187 228 246 253 254 255 255 254 253 252 252 241 222 175 136 111 94 82 74 64 57 54 54 54 56 59 60 64 64 60 53 50 47 47 50 56 60 65 66 71 72 74 76 77 80 89 115 187 229 236 235 234 237 224 172 128 94 100 174 238 242 244 248 252 250 246 
243 242 243 245 239 233 224 213 209 205 205 210 221 225 220 216 213 210 209 208 201 195 185 183 180 167 161 154 142 128 120 121 120 173 224 237 243 248 250 252 254 254 254 249 241 216 174 127 110 101 86 75 63 55 50 47 47 48 49 50 51 55 59 61 54 50 43 42 46 51 52 54 57 62 66 69 70 71 70 73 82 112 173 210 215 218 222 182 96 77 74 79 110 226 243 244 247 254 249 247 
231 236 241 240 234 225 213 200 195 193 190 196 210 220 217 214 211 206 205 203 195 189 182 179 172 165 158 151 138 125 118 116 131 209 234 238 241 240 243 245 250 249 246 240 212 164 126 110 99 92 82 67 58 50 50 48 46 46 44 43 45 46 51 58 59 51 42 39 42 46 48 49 52 55 57 62 65 67 65 68 71 79 104 152 159 162 166 111 67 69 69 71 87 213 242 244 247 253 249 246 
164 224 235 234 222 202 196 187 179 177 174 179 194 209 211 208 206 202 198 197 190 180 177 176 167 159 152 146 133 121 115 115 164 226 238 239 238 236 236 238 239 238 227 207 158 116 103 101 93 84 76 61 53 53 50 49 45 45 43 40 41 44 46 50 54 54 49 42 42 44 46 47 49 50 49 57 61 61 62 65 66 69 77 98 94 85 85 64 62 61 62 67 84 205 241 243 245 252 248 245 
115 153 218 222 195 171 170 173 159 162 155 159 176 191 202 201 198 195 190 184 175 171 171 170 162 153 149 138 127 116 115 113 191 232 236 237 235 236 234 234 224 202 175 142 111 94 98 93 85 78 68 58 54 54 54 53 50 45 42 40 40 42 43 45 50 52 53 49 45 43 44 44 45 45 48 54 57 59 60 62 64 64 69 75 74 59 58 58 57 56 58 65 86 204 239 242 244 252 248 245 
146 90 128 186 155 134 140 146 142 138 140 135 152 167 182 192 182 165 154 151 140 148 158 158 157 150 145 131 121 109 111 127 220 238 237 237 236 235 232 223 194 153 123 99 94 88 93 93 79 71 62 55 56 56 58 60 54 49 40 39 39 40 40 42 44 46 49 53 51 47 46 44 43 43 47 50 55 57 59 60 60 60 64 67 68 55 55 54 55 52 58 66 84 201 239 242 244 251 248 245 
194 94 72 99 113 98 108 116 124 112 121 114 125 139 155 168 151 122 105 101 96 104 125 141 144 139 134 121 114 104 108 169 243 250 248 243 240 235 227 192 154 111 97 87 85 83 85 87 75 65 60 58 59 62 62 62 60 55 44 37 38 42 39 40 42 42 43 47 52 55 52 45 43 43 45 48 52 54 57 58 56 56 60 64 62 53 52 51 49 50 55 63 79 201 239 242 244 251 247 246 
226 116 70 64 75 82 88 94 110 105 107 100 102 115 125 131 114 89 76 77 70 72 82 103 120 119 120 112 109 99 107 214 251 254 253 250 245 236 205 148 110 97 90 82 76 81 83 80 67 59 56 63 62 62 61 60 62 59 49 41 41 40 40 42 42 43 44 45 48 52 54 49 48 46 45 48 52 52 55 55 54 54 57 59 58 52 48 50 50 50 51 61 85 205 237 241 244 250 247 246 
238 151 85 56 65 67 71 82 97 97 99 96 98 100 105 102 81 64 63 68 63 64 61 67 79 91 100 102 101 94 143 240 252 255 254 253 246 225 171 113 93 93 86 76 76 80 82 72 66 60 60 66 63 61 57 57 59 60 55 48 39 37 38 42 41 41 42 41 44 47 50 52 52 50 46 46 48 49 52 53 53 54 56 56 54 48 45 47 52 50 51 58 106 209 236 241 244 251 246 246 
242 192 92 58 55 60 60 74 88 94 93 88 97 98 94 85 64 58 59 70 58 58 55 59 60 61 70 82 90 97 204 247 252 255 253 252 239 196 128 96 88 89 81 74 74 83 83 73 66 64 66 64 60 57 55 55 55 56 59 56 46 37 37 40 41 38 40 41 43 46 47 52 55 55 55 47 44 49 51 53 54 54 52 52 51 45 44 45 49 51 53 63 137 214 236 241 244 250 246 245 
245 222 105 69 51 54 57 64 78 91 87 92 92 99 89 76 55 79 78 73 64 55 54 55 61 58 48 59 80 137 237 249 252 255 253 250 222 143 107 95 89 84 76 70 77 83 76 73 70 66 63 59 56 54 52 53 52 52 56 58 53 41 36 36 39 37 39 40 42 47 48 52 54 55 59 55 45 48 49 52 50 51 51 51 48 42 41 43 46 49 54 67 162 217 235 241 243 249 246 244 
247 236 129 82 54 55 56 64 75 79 84 93 93 97 83 71 72 104 121 95 77 54 55 55 58 64 53 52 77 199 243 249 252 255 253 246 195 107 98 94 86 76 69 70 75 72 68 67 66 62 59 57 55 52 52 52 50 51 52 58 56 49 39 34 37 37 38 39 41 43 48 49 51 55 54 56 53 48 48 49 51 50 49 48 46 42 42 43 43 47 53 89 178 218 233 239 243 247 245 245 
247 240 165 82 71 64 63 68 73 81 91 98 95 89 77 65 79 103 114 121 88 55 53 53 57 60 57 56 74 204 240 245 252 254 252 238 163 92 94 86 81 71 66 70 69 62 61 60 56 56 55 52 53 53 52 52 50 53 51 55 57 56 46 34 36 36 38 38 41 43 45 48 50 52 51 55 60 57 52 48 51 50 51 50 47 41 41 41 45 48 66 124 189 218 231 239 242 244 244 245 
246 241 197 84 79 79 75 72 80 82 95 94 85 75 72 65 71 83 78 97 105 56 53 53 50 54 59 61 59 148 225 238 245 248 245 227 131 92 86 83 76 70 68 68 63 56 55 52 50 50 50 49 49 49 50 50 50 52 54 57 58 55 52 38 37 33 37 37 38 42 43 45 49 49 48 52 57 59 60 52 53 52 52 54 56 68 62 56 54 63 96 157 197 218 231 239 241 243 244 245 
246 242 214 100 83 86 82 87 85 90 87 82 67 54 60 66 69 68 59 60 96 57 50 51 47 51 59 65 65 83 184 227 235 239 235 203 116 98 89 81 77 73 72 70 68 58 52 48 48 48 46 48 48 46 47 48 47 48 53 56 55 55 51 41 39 37 39 37 38 39 42 42 47 49 47 50 54 56 61 63 60 59 63 107 108 145 143 137 120 113 143 181 198 218 230 238 241 243 244 246 
245 238 218 121 87 89 87 92 90 90 76 64 51 42 46 59 86 71 51 53 84 59 51 50 50 54 57 62 63 62 122 199 229 232 223 158 108 99 90 79 73 68 62 57 54 51 52 49 48 49 48 47 47 48 45 47 45 45 51 51 53 53 49 44 41 42 42 40 40 42 41 41 44 46 47 50 50 56 56 62 64 67 85 150 158 165 164 163 163 157 179 200 202 216 229 237 240 243 244 246 
244 237 215 143 90 83 94 91 85 84 69 54 43 38 39 47 70 96 68 91 90 56 50 51 51 54 55 56 58 57 71 128 210 231 214 130 103 97 82 75 68 64 61 53 51 46 46 47 47 48 47 47 48 47 46 46 43 45 49 51 54 52 47 45 41 42 43 45 44 43 42 43 46 46 44 49 51 54 54 56 59 62 72 105 121 113 104 102 110 113 138 185 203 211 227 238 241 243 244 247 
243 235 205 152 100 85 95 90 79 74 60 51 43 40 40 42 50 104 102 108 94 54 48 53 57 52 52 54 56 53 61 72 164 220 194 118 97 89 81 74 69 64 58 51 51 46 45 43 45 45 44 45 45 45 46 44 43 47 47 49 49 48 48 45 40 42 43 45 43 40 42 44 45 45 45 47 49 53 55 54 55 54 59 71 77 73 69 73 77 82 92 118 181 201 219 236 241 243 244 245 
244 236 196 141 107 92 100 96 72 67 55 47 40 40 40 42 44 84 104 103 86 60 63 60 60 56 50 52 56 53 53 57 98 180 162 106 88 76 69 63 59 55 52 49 48 45 47 43 43 45 45 45 45 45 46 44 46 47 46 46 47 48 47 46 43 41 41 43 41 38 42 44 44 45 46 46 47 49 54 52 51 49 54 58 59 58 56 59 58 64 66 87 138 186 207 233 243 244 243 245 
245 238 201 134 101 99 97 93 75 64 51 44 39 38 39 41 45 52 74 75 64 60 66 64 62 56 47 47 50 49 52 54 62 125 125 93 80 67 61 56 51 48 46 45 46 48 46 43 43 44 45 46 44 44 46 45 46 46 47 47 48 47 44 46 41 38 38 41 40 37 40 40 42 45 43 45 44 46 52 53 50 48 51 56 55 54 55 58 52 57 56 68 101 145 187 226 241 244 243 245 
247 240 205 133 105 100 92 86 70 65 49 43 42 41 40 42 44 45 49 47 45 48 54 60 59 56 48 46 47 47 47 48 54 71 95 80 67 59 52 46 45 47 48 45 46 46 47 44 45 46 50 50 47 48 45 47 48 46 46 45 46 46 45 44 40 35 35 38 39 37 38 37 37 42 40 41 45 46 49 53 51 48 51 55 56 53 54 58 51 52 53 59 74 92 148 214 238 243 244 246 
247 241 205 128 104 100 89 79 67 61 52 44 43 44 44 43 41 43 43 42 44 48 51 56 65 67 53 49 47 46 44 45 52 48 64 66 60 53 46 47 46 48 48 48 46 47 47 45 46 47 52 52 48 47 47 48 46 44 44 43 48 45 42 41 40 33 32 35 36 35 35 37 36 39 41 40 41 43 47 53 52 48 53 56 55 50 54 58 51 50 55 61 65 74 112 194 235 244 245 247 
247 241 204 124 104 104 86 76 66 57 52 47 48 53 56 49 44 41 41 45 61 63 65 74 81 77 61 44 46 44 43 43 47 46 48 59 55 49 47 46 44 44 44 46 45 46 46 45 45 50 53 51 48 47 46 46 45 42 42 43 48 45 41 39 38 31 29 34 36 36 32 32 32 38 38 37 39 41 47 48 50 48 54 54 52 51 56 58 53 47 54 55 59 65 89 175 226 243 245 247 
246 240 197 122 112 102 86 73 63 58 55 53 57 68 65 60 49 42 42 53 77 79 78 85 89 79 61 41 41 43 44 45 45 42 42 56 59 52 47 41 40 40 41 42 43 46 45 45 45 51 47 46 47 47 45 46 46 40 42 45 48 46 41 42 40 32 29 32 34 32 32 31 32 34 36 35 36 40 47 45 51 51 52 54 51 50 53 56 48 44 48 52 55 61 77 166 219 243 245 247 
244 237 183 116 112 107 92 76 67 63 61 60 67 74 74 65 56 42 44 58 83 87 85 88 91 75 58 43 38 42 43 47 41 44 44 61 64 53 40 37 37 38 37 39 41 42 44 45 48 47 42 42 46 45 47 47 46 43 42 45 45 44 40 42 40 33 29 31 35 33 29 31 31 32 33 35 36 39 44 47 48 49 52 55 53 52 52 54 47 44 50 51 52 57 76 160 213 243 246 247 
244 237 180 117 111 107 94 78 68 63 61 63 67 72 70 63 56 50 51 68 87 90 83 84 86 73 58 52 45 40 47 51 43 43 42 63 69 47 35 33 34 33 33 34 36 37 41 43 44 40 39 39 43 43 47 46 45 44 44 47 46 41 41 41 38 33 29 31 34 32 29 28 30 32 32 34 35 40 41 44 45 45 50 54 51 51 54 53 48 44 50 53 52 57 70 144 208 242 246 247 
244 234 173 118 110 103 90 74 65 62 59 58 60 62 64 58 53 54 62 81 97 93 85 85 84 70 57 50 50 42 51 72 61 44 41 52 77 41 32 32 33 32 32 33 34 36 37 39 38 38 37 38 40 42 42 46 43 44 47 48 43 42 41 39 37 32 30 31 31 32 34 32 30 31 30 33 35 39 42 44 45 44 46 51 50 50 51 50 49 46 49 55 55 58 69 143 205 242 246 247 
244 235 165 123 117 104 92 69 61 55 52 51 53 52 52 50 51 53 64 83 100 100 89 89 89 65 55 49 49 48 56 80 110 46 45 47 74 44 34 31 31 31 32 33 33 34 34 36 35 36 36 37 39 40 41 41 42 45 44 43 46 44 40 38 36 32 30 29 30 31 33 37 36 35 33 34 37 38 41 45 45 44 46 47 47 49 50 49 50 50 49 55 59 60 84 160 207 242 245 246 
244 237 165 124 117 110 93 71 59 50 46 43 44 43 44 44 45 48 58 74 94 95 96 98 96 63 49 50 46 52 58 67 136 72 45 48 70 48 32 31 32 32 30 31 31 31 33 33 33 34 34 35 36 37 37 39 40 44 42 41 43 41 37 37 36 32 30 31 31 31 32 39 41 39 34 33 37 38 41 43 47 43 43 45 46 46 48 49 49 47 50 55 61 72 124 172 218 243 245 247 
245 237 174 118 111 104 94 77 57 48 40 37 40 41 39 38 40 43 52 62 79 78 88 100 95 59 39 48 48 49 58 60 124 114 65 47 65 54 33 30 29 30 30 30 30 31 32 33 35 34 34 34 36 36 37 37 37 40 40 38 38 39 37 37 34 32 31 30 30 29 32 37 41 41 33 31 34 39 40 43 48 48 48 50 47 45 47 51 54 48 53 57 77 116 159 194 230 243 245 250 
244 233 173 113 113 105 83 68 54 46 39 35 36 38 36 39 39 41 46 55 59 56 58 85 92 53 34 43 46 51 50 47 96 115 86 56 56 57 34 31 32 31 30 30 30 33 31 32 34 33 32 33 32 33 33 32 34 37 37 34 34 37 36 36 32 30 29 28 27 28 32 38 44 39 30 30 31 36 38 40 45 44 44 52 55 55 59 56 56 57 63 84 125 156 182 213 238 244 245 250 
242 221 152 103 113 109 87 66 49 42 37 35 35 38 37 39 41 39 41 48 55 45 43 56 83 50 33 44 44 53 44 44 69 97 82 63 52 61 36 32 33 31 30 30 30 31 31 33 32 34 31 30 31 31 33 32 34 36 34 33 32 34 35 34 31 27 28 29 25 27 31 39 44 37 30 30 32 34 37 39 42 38 38 46 72 81 91 82 71 89 104 132 156 178 203 227 242 244 245 250 
236 195 123 92 106 99 85 64 48 40 36 35 36 38 39 41 40 37 43 45 50 51 44 42 64 51 34 45 44 52 46 49 62 78 74 57 48 60 38 32 32 31 30 30 30 30 31 32 33 33 31 29 31 30 31 29 30 32 31 32 31 33 34 31 31 30 30 30 27 26 30 39 44 36 29 31 32 34 37 38 39 39 35 40 76 88 101 109 112 128 136 151 172 197 217 236 243 243 244 251 
226 162 93 87 96 94 77 63 48 40 35 35 36 37 41 43 42 39 43 46 47 52 51 44 57 53 39 42 44 51 47 51 61 68 74 58 45 56 44 32 31 32 30 29 29 31 32 33 32 32 32 30 30 31 30 30 31 32 31 32 31 34 34 30 28 31 30 28 27 27 30 39 43 36 30 32 34 34 36 39 39 38 36 36 72 91 107 118 128 136 142 158 186 210 227 240 243 243 244 251 
215 123 80 83 93 91 78 60 49 41 35 35 37 39 48 56 56 44 43 52 54 58 58 54 47 50 43 42 43 52 48 53 61 68 75 68 48 53 45 32 31 32 30 30 30 31 31 32 32 32 31 29 30 28 29 31 31 32 31 32 31 35 32 31 29 33 30 26 27 28 30 39 42 35 31 32 33 36 38 42 43 39 36 35 66 90 111 125 133 142 148 168 196 219 234 240 244 243 245 251 
203 100 71 80 86 90 87 66 48 42 38 35 36 41 47 53 73 56 49 59 66 74 60 59 54 49 47 39 41 50 47 59 69 67 70 72 52 55 46 34 30 31 31 31 29 30 31 31 33 32 30 27 29 29 28 29 30 31 31 31 33 34 33 32 31 32 28 28 28 28 29 40 43 35 31 33 33 35 39 45 47 40 34 38 60 89 112 126 136 144 151 175 206 226 237 240 241 243 246 252 
189 81 67 72 83 86 95 81 53 45 42 40 39 50 55 45 61 73 60 60 66 70 70 57 55 49 45 40 39 47 54 71 74 72 67 67 56 57 46 33 30 31 31 30 30 30 31 31 33 31 30 29 29 29 28 31 32 32 31 30 30 34 33 30 29 30 28 29 28 29 28 37 45 37 31 33 35 37 40 44 48 40 34 36 50 90 113 129 141 148 153 181 213 232 237 240 243 244 246 252 
162 72 61 68 78 91 92 85 67 56 50 44 51 73 93 80 54 70 69 66 65 64 61 57 51 45 39 41 38 49 87 117 83 69 61 58 51 59 47 31 30 31 31 30 30 30 31 31 32 30 30 29 27 28 30 31 31 31 31 31 30 32 30 31 31 32 28 26 27 28 28 35 44 37 31 35 38 39 42 47 49 41 35 35 46 86 116 133 143 150 157 188 219 232 238 240 244 244 246 252 
135 61 62 64 76 89 93 86 77 67 51 48 67 86 119 132 70 67 70 71 70 60 51 51 43 39 35 40 39 55 101 140 113 79 61 56 48 59 48 32 30 30 31 32 30 30 31 31 31 31 30 29 28 30 30 30 30 31 31 31 30 31 31 31 31 32 31 29 27 30 30 37 43 38 33 34 37 41 45 51 51 41 34 36 40 82 117 137 146 152 159 191 222 233 238 240 243 244 247 253 
107 57 56 60 77 91 98 94 96 75 55 62 64 69 99 142 95 63 68 73 74 60 48 46 39 32 32 38 40 58 97 109 118 87 62 52 50 59 48 33 31 31 31 31 31 30 31 31 32 31 30 29 28 30 31 29 29 31 32 36 33 31 31 32 32 31 32 31 29 30 32 38 42 38 34 36 39 41 46 53 53 40 34 35 38 74 116 139 151 156 163 194 223 232 237 240 243 244 247 253 
76 54 54 58 72 90 102 103 99 80 56 120 102 59 62 114 99 54 58 68 75 62 45 37 35 32 32 34 39 46 77 68 80 71 60 51 51 63 46 33 30 30 30 30 31 30 31 31 31 31 30 29 29 30 31 29 28 30 32 38 37 33 35 37 35 32 31 30 29 28 31 37 42 39 36 37 41 47 52 60 56 40 36 37 39 64 116 140 151 157 166 193 217 231 236 239 242 244 246 253 
60 53 54 56 62 80 94 99 95 78 59 131 152 60 45 73 81 51 50 63 73 61 43 34 34 31 30 32 38 44 57 57 54 60 57 50 50 62 46 31 32 30 29 30 30 30 30 30 31 31 31 30 30 30 30 30 28 29 31 32 33 33 36 38 32 27 28 31 30 30 32 38 41 38 39 37 42 52 60 74 62 41 38 41 43 56 98 118 122 133 145 174 200 221 232 238 244 243 246 253 
54 50 54 55 60 70 87 89 89 76 60 102 139 60 43 49 62 49 46 53 72 59 39 32 34 33 32 33 38 45 56 49 49 53 53 47 51 64 44 31 32 30 30 30 30 29 30 30 31 31 31 30 30 30 30 30 29 28 30 31 31 32 34 36 34 28 28 29 29 29 33 39 40 40 40 41 45 55 65 110 71 46 43 46 48 51 66 74 70 83 86 108 138 173 206 230 241 242 246 252 
57 51 54 59 54 63 79 87 89 79 60 106 130 64 54 46 51 48 48 49 66 61 40 32 35 34 33 35 38 46 51 45 50 50 47 44 53 70 42 33 32 30 31 31 30 31 30 31 31 31 32 30 30 30 30 29 28 28 30 29 30 30 30 32 34 29 29 31 32 32 35 39 38 36 36 38 40 48 57 83 75 46 48 46 47 48 51 54 55 59 64 65 73 90 123 173 230 242 246 252 
61 50 52 56 57 58 71 88 91 85 75 107 149 122 76 49 46 46 50 48 61 63 44 36 39 36 36 32 39 46 55 57 47 46 44 42 54 71 39 31 31 30 32 30 30 29 29 32 31 31 32 31 29 31 31 29 28 28 30 29 31 34 32 31 31 31 30 31 32 33 37 38 38 34 34 34 35 37 42 46 47 45 47 47 47 47 50 53 56 57 60 57 52 61 75 93 174 240 247 250 
62 49 49 51 56 56 63 88 95 88 99 114 144 130 90 51 46 47 51 49 54 65 51 43 42 39 39 39 37 52 59 55 47 38 40 46 59 67 37 31 31 31 32 31 31 29 30 31 31 31 32 31 29 31 31 30 29 30 31 30 32 32 31 31 30 30 31 31 31 35 37 39 39 33 33 33 35 37 39 43 43 44 47 48 50 49 51 53 56 55 55 52 49 58 63 71 99 211 246 251 
59 49 49 50 54 54 59 82 95 89 85 127 106 107 73 49 50 51 51 51 48 56 53 47 48 43 42 41 44 55 67 48 39 44 43 49 63 63 37 33 32 34 39 38 33 29 32 31 31 32 32 31 31 31 31 29 29 30 32 31 33 32 30 29 30 30 31 32 33 37 41 42 39 33 33 34 35 38 39 41 43 44 45 47 49 51 53 55 56 54 53 51 50 55 60 69 80 142 242 250 
54 48 46 48 52 54 55 77 91 90 86 105 93 80 58 48 54 58 51 49 46 48 53 51 48 46 41 45 57 66 56 46 39 42 42 47 63 56 34 31 32 34 37 36 35 31 31 33 31 32 33 31 31 31 31 29 29 30 32 32 33 34 29 27 28 30 30 31 33 37 42 43 41 35 33 35 36 38 38 41 43 44 45 47 47 53 55 57 58 56 52 50 50 55 60 68 76 98 224 248 
53 48 45 44 48 52 55 65 85 89 94 94 85 69 52 49 59 60 53 50 46 44 50 51 54 49 43 47 69 66 43 51 43 40 41 43 48 47 32 33 34 36 43 40 35 31 32 34 31 33 34 31 31 30 31 30 30 31 31 30 31 32 31 29 29 31 31 33 35 38 40 40 39 36 35 35 38 38 39 42 45 45 47 49 50 53 56 61 62 62 56 50 51 55 60 66 74 79 185 245 
58 52 46 45 49 49 54 59 75 82 98 94 78 61 52 54 63 61 54 50 48 42 45 48 53 51 47 50 81 57 48 43 52 38 43 47 47 39 33 33 33 37 49 53 50 45 38 34 31 31 32 32 32 31 31 30 32 33 34 31 31 29 31 31 31 31 32 33 36 38 41 40 37 35 36 36 39 39 40 42 44 46 49 52 53 54 56 60 63 63 59 50 51 56 61 64 69 75 138 237 
72 58 52 50 48 51 57 61 66 80 92 91 69 55 54 61 63 59 54 51 47 41 43 45 52 50 54 74 73 59 54 43 43 47 45 43 52 49 40 32 36 43 52 50 46 38 34 35 34 33 33 31 30 32 33 33 35 37 36 32 29 29 30 31 31 32 33 35 39 41 43 40 38 36 37 37 38 40 42 45 46 48 52 55 56 54 57 61 65 64 60 52 53 61 63 64 65 73 112 221 
77 68 66 62 51 49 54 61 69 75 89 84 64 54 56 65 60 55 51 48 43 41 43 45 50 58 67 71 51 62 53 54 34 36 54 58 51 49 44 35 43 61 76 61 39 37 34 33 34 34 33 33 33 34 36 37 39 37 40 36 32 31 30 31 30 33 34 37 40 39 39 41 37 35 38 40 41 42 45 49 50 52 55 59 60 58 59 62 68 68 63 54 55 62 65 64 66 74 101 209 
86 80 74 68 54 48 55 64 74 74 85 85 64 56 61 61 57 50 49 46 40 39 42 45 53 69 63 54 40 63 55 50 38 36 53 69 67 67 46 39 48 55 70 69 45 38 35 33 33 35 35 35 39 40 40 41 42 39 38 37 35 33 31 33 31 33 37 39 40 40 39 40 39 37 38 41 42 46 50 51 50 56 60 69 69 63 61 64 67 72 67 59 60 61 65 66 67 78 96 205 
97 91 85 68 56 49 55 64 78 78 85 87 70 63 62 57 53 47 46 45 40 41 42 46 51 55 43 50 39 52 58 40 49 40 62 80 75 78 49 36 41 53 60 66 56 40 35 34 35 33 34 37 39 41 43 42 41 42 42 41 39 35 30 32 33 34 37 39 40 41 40 43 40 40 41 44 45 48 53 55 55 61 70 84 88 99 94 86 75 74 70 62 65 67 66 68 71 83 105 204 
107 103 93 74 59 52 56 67 84 81 84 89 76 69 60 52 52 47 45 46 40 43 43 46 49 49 39 50 40 40 61 46 44 50 74 88 89 86 49 36 39 50 65 70 76 59 41 34 34 33 33 35 36 38 40 43 42 40 40 41 40 36 32 33 35 36 37 37 38 39 41 42 42 43 44 45 48 53 55 60 61 76 100 104 133 196 201 185 152 88 70 62 67 69 69 72 75 89 138 215 
116 109 105 86 63 57 60 75 92 82 75 84 78 69 63 54 51 50 47 44 41 43 42 47 46 49 39 47 43 33 51 52 39 55 94 97 102 96 47 35 44 48 59 60 55 56 45 35 34 34 35 36 38 38 39 40 41 43 43 42 40 37 34 34 35 37 38 38 40 40 42 42 42 44 48 51 52 58 61 68 100 165 205 179 204 235 238 233 221 150 72 67 68 74 70 74 82 106 192 231 
112 114 116 100 70 60 66 83 96 86 71 80 76 68 62 55 52 52 49 45 42 43 43 48 47 50 41 44 48 36 37 55 48 60 111 124 107 82 43 37 39 48 60 56 51 50 44 37 37 37 36 38 38 38 38 43 45 44 43 41 38 36 34 34 35 37 37 39 41 41 44 44 45 49 53 55 60 66 98 157 213 236 245 246 242 244 243 243 239 218 91 70 70 79 80 83 93 158 226 242 
115 128 124 114 85 72 77 91 104 91 70 69 72 68 66 57 52 49 49 46 45 47 42 48 50 54 43 39 50 39 37 45 58 78 103 105 121 84 39 38 40 47 55 61 60 57 43 37 38 38 38 39 42 40 42 44 43 42 43 41 43 43 38 35 36 37 38 39 42 45 48 49 50 57 60 70 110 164 213 235 245 250 253 252 249 249 247 247 245 241 167 86 78 82 96 122 147 221 244 244 
122 129 118 111 99 87 84 96 109 97 71 66 72 69 66 57 51 49 45 46 44 48 45 52 52 54 45 40 45 42 40 45 66 56 64 86 99 70 39 42 44 45 51 52 46 47 42 39 37 37 39 42 42 41 43 44 43 42 47 45 41 42 39 36 37 39 40 41 44 49 52 55 55 66 110 170 221 239 247 250 253 254 255 254 251 251 250 250 248 245 236 149 95 104 145 205 222 245 247 244 
123 125 110 102 96 99 89 93 109 101 81 68 70 69 67 60 52 47 42 45 46 47 48 55 55 56 46 42 43 49 45 64 72 73 61 59 58 47 43 45 45 46 45 48 45 42 39 38 37 37 39 41 44 41 41 45 46 44 44 42 37 40 38 36 36 39 43 45 47 52 58 64 90 153 216 240 250 251 253 254 254 255 255 254 253 253 251 250 249 247 244 233 179 186 214 238 243 250 249 245 
108 109 102 105 91 92 89 89 102 101 88 71 68 68 68 60 53 45 43 45 47 50 51 57 57 59 49 44 43 51 48 64 84 93 79 52 43 39 42 44 45 46 51 50 44 44 42 40 39 39 38 39 44 43 42 44 47 49 43 42 42 39 37 37 39 40 43 49 50 56 72 130 204 238 247 251 254 254 253 253 254 255 255 254 254 253 251 250 250 247 244 245 243 241 242 245 249 253 249 245 
152 97 90 99 94 84 80 85 96 95 94 78 67 66 64 61 54 48 46 47 48 54 53 59 59 60 53 47 43 48 57 69 92 97 83 53 43 43 42 43 41 43 45 54 52 46 43 41 38 40 40 41 44 48 49 46 46 49 45 43 41 41 39 40 41 42 44 50 55 86 182 229 247 252 254 254 251 253 252 251 254 255 255 254 253 253 251 251 250 249 247 248 249 248 247 248 251 252 247 245 
234 173 87 86 84 71 68 85 93 93 91 88 70 67 63 60 54 51 47 51 52 55 53 61 59 61 55 48 45 59 73 84 100 92 58 55 51 46 43 43 40 42 45 42 46 50 48 46 43 44 41 40 43 46 51 52 49 45 42 43 39 39 43 43 42 46 48 54 99 194 243 249 252 253 252 254 252 253 253 253 255 255 255 254 253 253 253 253 251 249 249 250 252 253 249 249 251 252 246 244 
240 234 170 95 69 56 56 78 89 90 84 88 74 64 68 64 56 51 49 52 57 59 52 59 60 59 56 47 53 73 84 95 105 78 48 49 54 52 48 44 41 41 43 42 42 45 50 48 42 42 41 40 43 47 48 51 50 45 40 38 39 40 42 42 41 47 53 78 188 241 251 254 254 252 253 254 254 254 254 254 255 255 254 254 254 254 254 253 251 249 250 251 253 254 251 251 252 252 246 244 
242 240 235 206 162 162 150 89 94 87 79 80 79 68 66 70 65 60 55 57 60 59 56 56 60 59 62 57 70 90 105 102 86 62 49 48 55 50 51 48 46 46 47 42 41 43 46 45 44 43 42 42 48 51 50 49 46 42 38 39 41 41 41 43 44 47 63 135 232 249 254 255 255 255 255 255 255 255 255 254 254 254 254 254 254 254 254 253 251 249 250 251 254 254 254 252 254 253 246 245 
242 241 242 240 235 235 230 168 106 91 75 71 77 73 68 71 72 70 63 63 65 61 60 59 62 60 69 93 96 106 110 87 66 57 55 54 54 58 51 49 47 46 46 43 40 43 48 44 45 43 43 42 45 49 48 49 46 43 39 40 43 43 41 45 48 51 111 213 247 253 254 255 255 255 255 255 255 255 255 254 254 254 254 254 254 254 254 253 252 250 250 252 254 254 254 252 254 252 246 244 
241 242 242 243 241 239 239 232 182 132 92 71 68 72 71 71 73 77 74 68 68 66 65 65 70 68 96 160 118 107 95 79 59 64 59 59 56 55 55 52 48 43 42 42 42 43 46 48 47 45 45 45 44 48 50 48 47 42 43 41 42 41 43 46 53 67 149 240 251 253 253 255 255 255 255 255 255 255 255 255 255 255 253 253 254 254 254 254 251 251 251 253 254 254 254 252 254 252 246 244 
241 242 242 242 242 240 242 240 232 218 178 128 105 102 108 102 98 106 98 91 90 85 82 78 105 130 178 224 152 111 93 74 68 69 64 61 62 57 56 53 47 44 41 44 44 45 43 48 47 45 44 45 48 45 48 49 43 42 40 43 44 46 45 49 55 111 190 233 252 253 253 255 255 255 255 255 255 255 255 255 255 255 254 252 252 254 254 254 252 252 253 254 254 254 254 253 254 252 246 243 
242 241 240 240 241 241 241 241 241 240 236 219 204 196 197 190 184 187 183 173 162 165 173 146 189 218 237 245 192 108 95 79 70 77 70 67 65 59 55 52 49 43 42 47 48 47 46 45 45 43 43 45 48 47 44 45 41 41 41 42 44 47 49 52 83 155 212 230 247 253 253 255 255 255 255 255 255 255 255 255 255 255 255 253 254 254 254 254 254 253 254 254 254 254 254 254 254 252 246 244 
242 242 241 241 241 241 241 241 242 242 241 237 234 234 233 232 227 228 227 225 220 224 237 232 237 247 250 252 231 114 99 84 78 83 77 73 69 58 57 52 47 44 42 42 49 44 48 46 44 40 40 44 46 43 46 43 41 41 40 41 44 47 52 77 143 197 221 231 240 251 253 253 254 255 255 255 255 255 255 255 255 255 255 255 255 253 254 255 254 255 255 255 255 255 255 255 253 250 246 244 
242 242 242 241 241 241 241 241 241 242 242 240 239 238 238 238 236 235 235 236 236 236 242 250 252 253 253 253 248 144 98 90 83 82 82 78 76 62 58 53 47 47 48 46 47 48 49 47 43 41 41 43 44 41 40 41 40 41 42 43 45 48 64 145 193 217 229 232 236 246 252 253 254 254 255 255 255 255 255 255 255 255 255 255 255 254 254 254 255 255 255 255 255 255 255 255 253 249 246 244 
241 241 241 241 241 241 241 241 241 242 242 241 240 241 240 239 238 238 239 239 238 239 240 251 253 253 253 253 251 195 103 95 90 84 84 75 74 68 58 54 47 49 52 53 48 47 48 46 41 41 43 43 42 40 38 38 38 40 44 45 46 54 119 195 218 228 232 233 233 237 249 254 254 254 255 255 255 255 255 255 255 255 255 255 255 255 255 253 254 255 255 255 255 255 255 255 253 249 246 244 
240 240 240 241 241 241 241 241 241 241 242 241 241 240 240 240 239 240 240 240 241 241 239 245 253 252 254 254 254 240 141 104 94 84 86 79 74 70 61 55 50 51 52 55 54 47 46 44 42 41 45 44 41 40 39 40 41 40 45 47 50 104 179 218 230 231 233 232 232 234 240 251 254 253 255 255 255 255 255 255 255 255 255 255 255 255 255 255 254 254 255 255 255 255 255 255 252 247 246 244 
240 240 240 241 241 241 241 241 241 241 240 240 240 240 240 240 240 240 240 240 241 241 239 241 249 254 255 255 255 250 215 124 102 91 89 79 74 73 63 56 52 51 52 55 55 49 46 44 45 46 45 42 40 41 41 42 43 44 46 52 99 181 212 229 232 233 233 233 232 233 234 243 254 253 255 255 255 255 255 255 255 255 255 255 255 255 255 255 254 254 255 255 255 255 255 255 252 247 246 244 
240 240 240 241 241 241 241 241 241 240 239 240 240 239 239 239 239 239 239 240 240 240 240 239 245 253 254 255 254 253 249 197 119 98 92 82 80 75 66 62 56 54 56 56 56 50 47 47 46 48 47 44 42 44 44 45 45 48 51 98 167 216 226 234 233 233 234 234 233 233 231 214 250 253 255 255 254 255 255 255 255 255 255 255 255 255 255 255 254 254 255 255 255 255 255 255 252 248 246 244 
239 239 239 240 241 241 241 241 241 240 240 240 240 240 240 240 240 240 240 240 240 240 240 241 241 248 254 254 252 254 253 247 183 109 97 89 86 80 68 65 63 59 58 58 58 55 51 49 47 52 51 49 46 47 47 46 46 54 91 161 210 228 232 234 234 234 234 234 234 233 231 189 217 252 254 254 254 255 255 255 255 255 255 255 255 255 255 255 255 255 255 255 255 255 255 255 252 248 246 244 
239 239 239 240 240 240 240 240 240 240 240 240 240 240 240 240 240 240 240 240 240 240 240 241 240 244 252 254 253 254 253 251 240 154 109 97 92 85 77 71 69 67 60 60 60 56 55 53 52 54 53 53 53 52 54 54 61 113 173 206 225 232 233 235 235 234 234 234 234 233 231 185 170 239 253 254 254 255 255 255 255 255 255 255 255 255 255 255 255 255 255 255 255 255 255 254 250 247 245 243 
239 239 239 239 239 239 239 239 239 240 240 240 240 240 240 240 240 240 240 240 240 240 240 240 241 241 248 253 254 253 253 253 250 224 145 116 103 93 83 79 75 71 68 63 65 62 58 55 56 56 58 57 57 57 66 90 135 189 218 228 232 234 235 236 235 233 234 234 234 233 232 183 153 203 252 254 254 255 255 255 255 255 255 255 255 255 255 255 255 255 255 255 255 255 255 253 250 246 245 242 
239 239 239 239 239 239 239 239 239 240 240 240 240 240 240 240 240 240 240 240 240 240 240 240 240 240 243 249 254 253 253 254 253 249 232 185 140 120 97 88 84 78 74 69 70 67 66 63 60 61 63 62 65 81 125 170 201 222 232 234 234 235 236 236 235 233 234 234 234 233 231 182 151 177 250 254 253 255 255 255 255 255 255 255 255 255 255 255 255 255 255 255 255 255 255 254 250 246 244 242 
239 239 239 239 239 239 239 239 239 239 240 240 240 240 240 240 240 240 240 240 240 240 240 240 239 239 239 242 250 253 253 254 253 251 251 244 223 207 168 134 125 116 98 83 83 77 75 73 75 72 94 103 125 171 200 221 228 233 234 234 235 236 236 235 235 233 234 234 234 233 230 182 153 177 249 253 254 255 255 255 255 255 255 255 255 255 255 255 255 255 255 255 255 255 255 254 250 246 244 242 
239 239 239 239 239 239 239 239 239 239 239 239 239 239 239 239 239 239 239 239 239 239 240 240 239 239 239 239 244 250 253 254 254 254 253 253 250 250 239 212 197 195 181 157 156 135 135 122 132 132 174 190 202 219 228 232 232 235 236 236 236 237 237 236 234 233 234 235 234 233 231 182 153 198 251 254 253 255 255 255 255 255 255 255 255 255 255 255 255 255 255 255 255 254 254 253 249 245 243 241 
239 239 239 239 239 239 239 239 239 239 239 239 239 239 239 239 239 239 239 239 239 239 239 239 239 239 239 239 240 244 253 253 255 255 255 255 255 254 251 241 229 229 226 221 222 214 212 206 207 213 225 229 229 233 235 234 236 236 237 237 237 237 237 237 236 234 234 234 234 233 232 180 155 225 252 254 253 255 255 255 255 255 255 255 255 255 255 255 255 255 255 255 255 254 254 253 249 245 243 240 
239 239 239 239 239 239 239 239 239 239 239 239 239 239 239 239 239 239 239 239 239 239 239 239 239 239 239 239 239 240 246 251 254 255 255 255 255 254 253 247 238 235 234 235 234 233 232 231 232 234 235 236 234 236 236 236 237 237 237 237 237 237 237 237 235 233 234 234 234 233 231 180 179 242 251 254 253 255 255 255 255 255 255 255 255 255 255 255 255 255 255 255 255 254 254 253 249 245 243 239 
239 239 239 239 239 239 239 239 239 239 239 239 239 238 239 237 238 239 239 239 239 239 239 239 239 239 239 239 239 239 240 247 253 255 255 255 255 255 254 251 242 238 239 238 236 237 235 234 235 237 236 236 236 237 236 236 236 236 237 237 237 237 237 237 236 235 235 234 234 233 232 186 220 247 253 255 254 255 255 255 255 255 255 255 255 255 255 255 255 255 255 255 255 254 253 252 249 245 242 237 
