134 132 137 132 129 126 131 129 123 119 118 92 30 24 23 24 25 23 21 20 20 20 18 21 18 17 25 37 48 51 48 55 49 51 53 49 53 57 70 104 82 73 106 125 103 131 116 138 124 115 112 134 150 136 139 133 148 125 136 143 131 140 133 117 106 122 124 125 118 116 125 107 97 89 101 99 105 114 125 116 116 108 98 101 88 84 96 98 99 75 72 70 75 77 76 70 59 59 50 50 
130 132 133 135 127 129 132 130 125 121 122 96 30 24 24 23 22 22 25 22 18 20 21 20 18 19 23 40 49 51 51 53 61 63 66 59 65 79 91 116 94 108 134 121 117 125 146 150 130 135 112 143 151 134 133 138 138 130 134 136 133 145 132 123 111 123 110 125 130 126 118 104 105 87 99 107 94 116 127 122 124 106 102 115 100 98 104 98 88 67 72 73 77 77 77 65 53 48 55 56 
131 130 128 129 129 126 131 127 126 122 125 91 28 19 24 21 19 23 24 22 21 19 19 18 16 22 26 44 53 53 54 61 82 87 72 76 78 114 128 124 110 125 140 133 138 130 161 168 133 145 139 152 155 151 146 146 137 153 130 142 147 147 130 121 127 125 139 130 143 134 122 122 102 103 124 124 116 105 109 120 106 112 111 125 118 114 106 97 85 75 70 75 86 78 73 55 54 65 61 53 
131 126 127 126 126 125 127 129 125 121 124 81 22 24 24 20 16 21 21 20 21 18 19 19 18 21 23 45 56 56 65 83 100 96 74 105 98 130 150 136 128 138 142 151 155 148 171 172 154 149 157 169 161 156 155 154 150 156 138 142 146 141 128 133 146 142 146 154 151 134 137 125 125 138 140 128 112 103 107 114 105 102 105 120 126 120 100 101 91 87 77 79 80 81 64 54 60 63 65 63 
128 122 123 121 123 124 121 125 123 123 123 75 31 32 21 22 19 21 21 18 18 16 19 19 17 20 26 45 53 58 68 91 105 100 93 129 130 156 161 153 160 154 148 168 168 169 177 174 160 156 167 169 170 162 166 159 164 146 147 151 149 137 133 150 143 153 157 163 152 146 141 146 146 153 141 131 120 124 121 111 103 91 116 116 115 117 92 92 93 92 69 76 88 87 69 59 68 71 68 61 
130 124 123 118 123 117 120 121 123 119 119 66 32 28 22 24 21 22 23 20 21 18 17 18 20 23 27 43 50 72 93 106 100 111 132 143 145 172 166 161 165 162 164 176 171 185 185 180 161 173 176 174 170 168 175 166 171 156 155 154 150 150 147 164 149 158 171 158 157 159 161 146 157 147 144 130 131 136 126 124 112 99 121 111 113 108 81 74 94 94 74 102 92 80 72 70 67 78 77 59 
129 123 119 116 122 121 123 126 124 118 115 59 26 23 20 21 21 22 23 21 19 19 19 20 22 21 26 48 65 80 111 119 105 108 159 162 162 175 166 168 168 167 172 179 179 186 182 179 169 181 179 180 177 179 173 179 173 163 160 151 150 155 167 150 156 170 167 165 169 161 159 158 158 154 144 137 138 133 124 117 114 129 119 106 109 110 86 69 94 93 113 123 97 84 88 77 81 96 78 56 
127 123 122 120 121 129 130 127 122 112 114 51 24 19 21 18 20 22 20 19 19 19 18 18 20 20 20 52 61 114 119 128 128 131 164 169 169 171 174 174 173 164 179 189 183 188 184 185 174 184 182 186 179 182 175 187 174 166 166 161 163 163 180 152 162 169 166 182 164 163 161 163 159 154 143 145 139 126 120 132 132 128 125 112 111 104 93 72 111 108 127 127 110 94 100 100 106 100 73 42 
132 125 124 124 120 126 132 126 123 108 103 43 23 27 24 21 21 21 17 17 19 19 18 19 21 22 33 63 85 124 142 133 144 145 161 172 174 172 174 182 176 168 184 191 184 190 186 182 183 188 182 180 183 184 192 184 174 183 173 176 177 175 171 162 174 163 179 164 160 164 160 161 163 145 148 146 142 134 137 143 133 129 127 119 121 120 94 81 106 126 148 149 116 113 114 115 108 89 64 36 
129 127 125 127 112 120 132 122 120 110 100 45 34 32 28 23 22 20 19 21 19 19 19 22 26 26 60 75 114 134 143 143 150 153 165 175 177 170 178 184 175 178 180 190 194 198 186 179 193 187 186 185 185 186 197 189 183 188 184 184 180 190 169 179 167 183 166 161 165 163 162 163 151 146 155 147 151 153 154 144 140 134 133 125 131 121 113 90 96 135 143 150 120 127 129 116 111 91 64 61 
130 131 129 131 118 117 127 122 119 117 94 41 39 29 25 25 23 22 18 20 20 23 25 24 50 37 86 97 121 147 153 152 150 158 177 177 180 171 183 183 176 180 186 192 190 195 182 183 192 187 188 189 184 198 200 190 192 188 187 186 189 185 188 191 183 175 164 164 169 169 164 153 151 157 147 152 155 160 157 148 146 141 131 138 127 109 106 91 115 138 133 140 127 133 123 113 101 72 44 67 
131 132 128 131 123 123 126 125 118 121 92 43 30 24 22 22 22 21 20 19 28 31 19 42 43 33 94 102 132 152 154 159 153 159 172 179 175 171 183 179 178 183 187 189 188 191 177 179 193 190 192 187 187 202 193 185 192 193 193 187 199 184 199 183 182 174 157 168 170 165 164 150 154 158 153 151 152 150 154 154 144 135 142 128 129 119 118 114 131 120 121 141 135 125 127 116 88 48 31 75 
130 131 129 132 122 124 127 125 118 115 78 33 26 23 22 23 22 20 21 26 34 40 26 30 53 62 119 138 141 149 161 172 160 163 169 174 177 172 176 178 178 186 185 183 189 187 176 178 185 192 190 185 185 209 196 193 195 196 190 188 200 198 197 195 181 178 169 168 160 162 156 159 157 154 155 153 152 150 148 146 142 148 139 128 136 132 121 125 133 137 127 136 135 132 130 124 91 38 31 81 
132 126 127 131 129 127 119 121 115 118 70 25 21 22 22 22 28 32 22 30 37 47 58 53 74 111 117 140 154 151 165 178 166 156 165 168 175 165 165 174 169 178 182 182 183 191 177 184 194 196 189 179 189 211 196 196 194 197 186 197 197 210 202 191 189 181 179 173 164 152 160 163 162 165 160 155 152 153 152 148 148 137 134 139 134 142 135 133 131 143 138 128 141 144 143 129 75 49 61 99 
134 127 125 127 126 122 116 125 120 115 58 28 22 18 23 25 26 34 38 51 39 51 83 67 86 120 132 140 156 159 177 173 162 150 164 164 162 168 159 164 158 178 179 180 187 180 174 188 195 200 189 181 192 214 198 198 200 204 185 208 198 210 206 200 193 187 187 177 159 165 172 164 164 161 154 157 154 150 145 144 139 138 148 144 147 137 131 128 127 126 129 122 139 151 141 112 72 66 83 116 
132 125 122 122 120 127 126 125 119 114 47 26 22 20 23 24 28 32 38 74 61 63 98 87 120 126 139 150 161 167 177 183 163 150 155 159 153 171 156 156 157 176 183 178 189 174 188 195 195 197 187 185 195 207 201 199 207 199 191 200 212 213 203 199 201 198 186 172 168 166 170 166 163 162 161 156 154 150 142 142 140 142 152 145 144 142 132 134 124 126 123 126 133 148 142 119 99 79 103 124 
134 126 124 122 120 127 127 122 113 99 35 27 28 20 21 25 47 29 43 72 80 71 116 115 129 136 150 150 169 178 179 178 170 147 139 151 166 178 155 156 148 162 178 179 177 173 185 197 194 195 183 186 195 202 197 207 207 196 207 207 219 208 197 205 206 200 193 181 173 177 169 164 164 162 152 152 150 140 137 140 146 151 149 150 145 146 137 135 133 124 122 135 129 144 136 134 117 94 85 118 
128 125 126 122 121 125 125 114 112 90 32 24 26 17 21 33 85 55 70 88 92 108 112 124 127 142 160 162 175 181 175 173 170 141 130 147 160 183 174 172 163 165 170 171 180 180 186 199 195 192 191 185 203 208 204 213 198 189 215 216 217 198 203 207 203 202 194 181 177 175 167 163 164 158 160 156 152 139 144 149 149 155 155 155 149 145 138 139 134 133 132 141 129 118 116 127 102 70 75 107 
124 119 119 117 122 119 120 112 115 83 30 23 25 23 23 42 90 84 91 102 114 119 120 124 133 149 164 163 174 180 166 166 160 135 116 148 176 187 194 196 185 180 160 161 185 192 184 202 205 194 190 185 213 210 214 206 195 201 224 223 205 203 206 201 212 204 194 186 181 177 171 164 166 164 159 153 150 148 148 152 153 154 150 152 148 144 143 142 142 141 140 146 139 119 114 108 92 63 71 113 
116 106 103 104 111 108 109 105 109 68 35 35 26 23 36 70 100 115 106 114 123 132 117 128 129 147 169 175 165 179 167 156 155 148 128 133 182 196 208 205 204 198 168 149 187 199 185 194 198 193 187 183 215 210 214 201 203 223 218 223 199 200 203 209 211 197 193 186 184 183 171 172 159 158 160 157 150 149 152 148 156 152 151 149 141 140 139 144 143 145 150 152 147 122 108 120 112 96 87 98 
87 79 80 86 91 93 91 93 87 55 42 37 26 28 50 72 112 128 123 117 129 126 116 130 139 156 172 175 168 169 164 147 167 162 133 139 177 200 212 216 210 209 185 147 181 208 204 187 189 196 190 192 221 204 210 204 211 227 219 217 203 204 212 211 199 195 193 192 192 184 172 169 160 161 160 152 155 157 154 163 155 151 143 143 145 141 144 139 143 148 160 153 154 152 131 123 118 99 88 106 
72 67 66 72 75 75 76 74 66 55 47 37 28 31 52 99 120 130 134 124 135 127 128 137 141 153 174 167 174 162 162 149 171 165 134 136 176 204 201 220 214 201 191 163 165 197 218 200 188 202 189 194 214 201 214 216 220 219 228 203 207 212 214 205 193 194 196 194 188 185 184 173 166 158 160 154 162 162 161 153 143 138 139 150 149 141 141 143 151 156 165 164 168 153 136 117 121 111 89 100 
65 61 61 63 63 65 65 65 62 62 58 57 43 51 47 110 129 137 140 136 137 130 126 141 138 149 166 171 162 163 155 164 168 143 131 150 183 193 207 217 207 195 176 165 151 192 218 216 191 206 201 199 209 202 206 210 226 218 215 208 212 220 207 196 199 197 193 196 190 188 175 165 164 163 163 159 167 162 156 150 139 145 150 151 146 137 146 151 151 149 163 173 161 152 134 140 142 127 107 100 
65 62 64 63 61 63 62 63 64 63 61 67 65 71 84 112 136 141 140 135 135 141 136 132 139 161 163 178 165 157 157 165 160 127 130 156 182 183 211 218 201 187 146 163 151 185 229 222 192 208 208 203 217 207 207 206 217 224 215 209 219 210 204 197 196 195 196 199 195 188 181 182 175 168 164 164 157 160 154 149 150 150 152 141 139 145 150 147 146 154 159 170 165 160 151 140 141 147 136 126 
65 60 62 61 61 61 60 61 61 61 59 71 77 89 97 115 135 141 142 142 135 141 141 145 152 161 171 165 162 153 150 153 153 111 152 165 181 188 211 207 192 189 147 165 151 181 221 232 200 214 209 202 223 203 203 206 215 232 208 210 217 199 201 201 198 197 198 197 196 195 190 182 171 161 161 155 148 154 159 158 156 156 146 142 149 151 152 145 143 150 156 163 162 159 155 151 148 148 140 108 
60 56 58 59 60 58 57 57 59 60 61 71 79 102 111 115 130 136 140 142 145 136 131 139 148 159 162 163 152 145 145 143 123 94 119 161 182 188 198 204 184 189 155 173 153 176 215 233 202 219 209 210 214 208 200 217 214 223 201 220 202 196 200 196 201 197 196 196 200 188 179 178 169 164 162 156 159 161 164 163 156 150 149 147 149 144 148 147 141 143 149 149 152 160 160 163 159 154 145 137 
61 59 59 60 58 56 56 56 60 60 68 70 89 105 117 111 125 135 134 134 139 137 131 139 144 158 150 140 152 170 169 151 114 97 93 147 173 189 193 203 200 189 171 183 172 184 208 225 206 218 208 223 206 206 198 226 224 202 206 206 200 199 201 196 200 201 201 197 189 191 185 182 174 172 165 157 163 163 164 164 150 155 153 151 149 153 150 149 139 137 143 147 154 160 162 162 154 150 152 154 
61 61 60 61 58 55 59 63 61 63 71 70 85 111 117 129 121 136 120 123 139 134 126 139 155 167 143 162 164 186 196 167 132 101 88 131 159 173 183 194 210 208 182 189 184 188 206 217 203 213 216 227 208 211 206 220 218 192 217 193 199 195 202 197 197 200 203 194 191 186 184 188 183 179 171 163 163 166 168 163 153 154 155 151 145 155 156 147 149 146 147 151 154 157 156 160 161 167 158 140 
58 60 62 60 59 58 60 65 64 73 74 73 86 106 116 147 115 129 116 127 142 133 122 134 145 163 159 163 169 184 172 180 119 95 123 141 150 176 166 181 192 210 194 184 208 192 212 217 199 215 226 226 216 209 218 223 205 208 196 190 187 197 193 194 203 200 195 193 191 191 191 191 187 183 179 168 171 172 168 166 159 158 158 154 159 158 163 160 162 159 161 163 155 157 153 164 161 154 148 150 
58 60 61 58 58 59 58 60 65 82 87 79 99 109 122 177 124 129 128 138 135 112 110 141 143 162 171 157 161 168 175 166 106 108 164 157 173 191 178 188 182 201 215 183 216 219 218 220 203 210 224 231 214 210 223 233 193 208 186 187 184 192 192 203 203 194 199 192 196 198 194 192 186 181 172 163 166 167 159 161 155 153 159 162 163 158 160 157 153 152 155 153 152 152 151 153 159 154 150 149 
55 55 57 58 58 57 59 58 72 93 110 100 119 120 140 199 150 141 142 142 127 120 88 127 149 159 156 155 158 172 154 168 113 140 168 150 158 201 175 181 188 171 218 166 204 233 230 232 220 215 219 227 221 221 230 220 212 195 194 182 182 184 197 195 198 201 200 198 195 196 195 187 185 183 181 172 162 158 160 161 172 173 169 162 157 151 149 146 147 144 141 136 142 148 155 162 162 154 157 160 
56 56 57 58 59 60 58 60 72 110 144 120 156 149 158 210 163 165 150 171 160 135 86 106 148 156 142 152 165 160 165 120 115 159 165 156 142 163 182 177 189 164 207 162 187 233 239 242 240 234 217 220 210 232 232 213 217 209 199 183 185 191 186 187 202 210 200 198 196 195 187 185 184 186 182 173 166 168 162 172 176 169 169 164 155 151 153 138 142 133 135 137 136 148 156 161 157 156 157 162 
56 56 57 61 60 61 61 67 75 122 146 153 175 186 179 210 172 171 180 198 171 128 132 146 155 155 163 167 165 159 156 118 120 176 172 163 135 140 176 192 190 163 192 154 167 223 233 236 232 238 215 217 214 231 228 228 215 220 187 197 195 183 177 194 206 213 211 205 198 193 191 190 189 192 189 182 177 172 167 165 172 174 172 169 167 156 152 146 144 136 133 127 128 137 146 140 147 154 163 170 
58 57 59 58 64 66 75 108 156 194 210 210 210 218 218 213 199 199 196 185 184 165 148 157 172 159 178 176 162 147 149 132 124 182 210 201 171 134 152 188 192 182 195 152 155 215 233 226 232 222 199 204 221 215 227 236 232 220 205 211 203 189 186 194 212 212 209 204 201 200 197 191 187 188 181 184 178 173 171 166 167 170 175 177 168 162 155 155 142 125 124 122 131 134 143 149 150 153 157 168 
62 58 58 62 67 131 202 215 210 207 215 228 227 235 236 222 207 194 204 188 175 194 175 160 159 155 148 152 130 141 150 131 137 203 222 228 209 129 151 180 153 183 182 175 172 202 228 222 232 221 184 188 208 226 222 232 237 227 221 221 205 191 186 207 209 211 207 199 195 200 195 191 193 192 189 183 182 180 178 170 174 172 171 168 166 166 158 151 150 141 139 140 141 149 151 158 157 158 156 158 
63 60 58 59 128 219 206 206 214 220 239 244 243 238 239 226 211 223 201 187 171 168 170 171 168 152 139 154 140 140 160 155 147 224 233 245 230 166 145 192 188 190 191 180 165 208 234 228 201 226 183 189 178 225 214 214 236 238 236 230 207 205 197 203 211 210 207 201 198 199 195 191 191 192 189 188 182 180 180 176 173 169 176 174 169 163 157 156 150 140 141 134 140 151 155 160 164 160 160 165 
65 60 57 77 201 195 213 220 228 232 239 241 239 242 246 230 222 218 197 181 157 150 164 173 151 155 160 159 155 168 170 171 176 238 242 247 246 216 171 180 196 208 197 187 163 219 236 217 166 216 178 170 188 202 202 204 238 235 239 232 228 227 210 204 202 209 207 203 199 196 190 193 190 187 186 189 190 188 192 190 182 173 170 169 168 168 168 162 151 148 140 140 148 147 164 171 173 170 168 165 
66 59 59 106 206 209 221 228 231 233 238 240 242 246 243 229 217 219 191 168 161 143 161 171 154 169 174 191 180 190 168 181 199 180 149 151 201 235 190 178 196 189 175 173 208 237 229 207 122 187 170 158 195 167 190 205 236 236 239 241 242 234 219 199 205 205 200 199 198 197 192 191 196 199 199 196 191 197 201 197 187 178 173 176 184 185 185 181 172 159 145 146 146 151 163 176 175 174 172 165 
63 59 59 107 208 208 223 229 229 231 235 240 243 244 242 230 208 211 186 143 142 165 159 162 146 163 180 184 189 195 183 128 141 174 201 186 130 169 212 183 183 192 123 177 213 229 204 166 103 152 136 114 194 148 189 189 219 233 231 243 242 238 220 196 201 202 202 204 201 194 199 200 196 196 199 197 198 202 207 203 196 184 180 181 182 185 180 172 167 157 154 143 144 154 159 167 169 171 174 169 
58 58 61 79 200 198 218 225 226 228 231 233 240 239 233 219 218 212 182 165 157 161 168 157 169 180 179 179 161 194 188 91 198 224 223 233 224 145 174 204 185 180 164 216 216 221 213 113 146 168 172 144 201 149 191 173 186 223 232 236 241 239 206 203 213 212 209 206 196 191 191 190 190 194 198 197 197 200 201 200 200 186 183 183 179 182 181 176 168 159 152 152 146 151 168 173 169 168 171 169 
55 55 60 64 162 199 207 218 223 228 231 229 239 232 214 213 209 199 191 152 166 156 151 154 147 182 177 162 153 178 179 120 229 196 185 190 227 219 162 214 221 185 175 203 214 209 210 191 174 100 166 115 197 165 174 156 158 219 229 230 232 223 211 212 210 213 214 203 196 195 195 191 190 188 191 193 195 190 198 197 197 194 186 183 185 189 186 182 170 168 160 153 158 161 165 168 163 162 162 160 
56 55 58 59 97 197 199 208 215 221 227 220 231 225 200 203 211 200 185 143 152 150 136 154 176 192 166 159 162 178 163 137 210 172 176 186 201 234 170 165 241 234 193 213 204 201 208 200 192 167 196 119 190 189 177 159 153 219 225 233 229 214 212 217 214 209 207 206 200 195 192 198 190 187 185 190 193 199 198 196 193 192 192 191 195 195 187 186 179 175 166 160 158 160 164 165 169 175 176 170 
56 55 56 59 62 113 187 192 199 212 217 218 222 223 209 200 208 199 169 158 138 171 141 168 185 164 136 151 167 181 177 148 192 191 237 231 209 232 188 131 240 242 205 209 183 187 200 201 195 196 209 182 204 210 155 148 164 218 218 234 231 221 223 216 209 207 207 201 194 197 194 198 198 188 185 193 194 195 196 195 190 192 202 202 205 204 200 192 185 171 166 161 159 153 166 174 180 170 168 167 
52 51 51 55 58 60 117 170 173 195 207 206 213 215 200 183 204 207 172 136 150 157 153 166 167 154 126 124 170 194 196 158 201 220 229 220 228 236 194 151 225 231 198 171 152 177 195 193 199 197 211 223 234 222 171 148 166 197 217 237 235 221 220 218 209 207 207 206 205 200 196 196 198 192 190 190 189 189 192 192 194 203 204 204 198 197 189 185 182 177 170 157 157 154 160 171 171 173 174 172 
49 48 50 52 56 57 55 96 157 164 171 188 201 200 193 180 182 186 147 126 136 155 152 163 161 161 139 153 165 172 209 202 166 216 224 237 241 229 170 117 182 157 126 108 134 161 164 171 169 181 213 237 241 196 149 169 166 172 215 240 240 226 217 209 200 209 203 200 200 196 195 198 192 192 194 193 188 184 184 185 188 187 189 193 191 200 195 191 184 171 160 157 160 168 168 177 176 176 173 176 
49 48 49 51 54 55 55 59 85 143 161 159 167 182 175 171 175 190 158 137 142 148 167 168 151 174 166 177 179 194 205 205 197 215 238 243 237 197 148 91 106 102 57 71 123 115 119 134 108 142 193 238 249 216 157 180 169 177 224 241 239 232 203 194 207 213 213 206 201 195 199 198 201 195 193 187 180 182 183 182 189 191 196 202 208 207 199 187 180 175 170 163 162 161 169 172 173 173 171 170 
47 48 48 48 49 51 56 55 60 72 105 161 153 149 154 139 145 179 163 152 139 143 164 173 168 170 186 198 191 193 194 218 228 191 201 226 194 150 71 80 81 72 76 141 107 110 105 118 87 102 166 226 246 222 182 188 174 207 235 243 240 232 211 205 206 204 204 211 208 204 202 200 189 191 188 186 182 184 182 185 188 186 195 201 203 200 197 187 180 174 169 162 157 152 159 162 171 174 168 163 
47 49 48 48 47 50 49 51 58 73 88 107 168 161 143 116 112 157 172 143 139 135 152 192 191 188 168 169 155 128 103 126 154 203 219 187 158 144 146 153 149 160 154 157 127 126 112 100 88 119 127 144 208 230 182 164 169 190 220 239 238 229 211 196 196 197 204 206 203 201 195 192 192 185 179 182 178 176 179 185 188 190 197 201 197 199 188 178 169 171 163 154 141 146 152 160 165 163 162 160 
48 48 47 47 48 49 48 51 56 66 93 94 96 140 176 141 119 128 155 160 148 134 174 180 182 168 141 125 86 58 47 45 79 193 239 242 239 230 233 228 207 187 172 146 152 140 118 111 110 150 142 128 100 143 154 171 159 197 220 236 238 230 202 185 190 197 199 196 190 182 184 185 180 169 172 176 177 178 181 182 185 194 202 202 198 192 184 181 180 175 168 159 152 149 151 153 155 163 168 162 
47 46 47 47 48 47 48 50 55 72 105 111 96 102 119 139 146 130 143 149 166 160 161 146 147 138 110 77 57 42 49 119 192 234 237 247 248 248 243 224 200 189 173 156 175 147 121 126 123 180 174 125 84 121 177 186 186 186 199 227 237 232 214 203 196 188 190 200 200 193 175 172 175 170 175 175 177 183 197 207 214 212 209 207 203 194 191 183 173 161 159 154 155 152 157 161 166 164 161 164 
46 46 49 48 46 46 47 50 59 76 106 132 133 122 107 104 122 139 141 176 166 187 177 175 171 140 103 80 74 125 191 215 227 226 219 212 223 223 209 199 197 182 157 169 165 141 130 129 118 159 179 139 103 218 212 179 164 172 156 182 220 232 216 193 205 217 203 191 177 177 175 171 164 161 170 181 193 199 214 219 218 213 213 208 198 192 184 173 174 167 157 164 161 163 167 165 172 168 163 161 
48 48 49 46 49 46 48 49 66 77 86 112 128 133 121 110 94 98 126 134 155 179 167 181 166 160 148 171 178 216 225 217 227 217 218 204 197 206 190 191 181 159 158 162 159 140 131 117 129 140 157 107 160 243 234 171 157 161 178 194 217 231 221 190 197 214 209 193 188 179 170 149 159 168 169 173 187 197 204 210 208 207 196 191 182 180 179 173 164 163 162 158 161 170 174 171 173 175 167 159 
47 47 49 47 48 47 49 50 58 72 72 61 93 119 122 118 107 110 139 152 164 175 193 183 154 181 182 200 210 213 209 220 198 200 216 198 198 190 188 165 151 138 149 159 164 148 134 123 126 111 117 107 203 245 235 197 158 150 160 199 216 221 226 203 190 199 209 199 186 188 187 186 175 176 182 182 175 174 179 185 188 186 188 186 184 176 167 162 158 163 162 164 167 173 172 170 166 165 160 157 
47 47 47 48 49 48 48 54 60 56 71 63 76 99 108 121 120 93 122 173 169 174 176 167 120 115 146 180 184 177 156 146 167 195 211 193 198 189 180 175 151 137 141 159 163 163 141 120 114 94 78 106 202 235 234 234 181 155 147 168 218 215 220 218 200 188 196 205 187 176 181 189 188 179 181 177 174 164 165 168 174 175 170 170 164 163 157 155 153 156 153 150 154 149 150 154 153 155 155 156 
44 46 48 49 48 47 47 55 49 51 47 58 49 80 93 103 119 123 118 130 154 114 129 150 116 106 96 111 111 111 127 168 174 200 210 199 193 193 188 187 175 142 130 156 157 163 162 121 103 98 103 135 186 222 216 218 201 168 141 124 190 222 225 222 218 195 193 198 199 179 181 188 185 184 180 176 176 175 171 167 166 164 163 163 161 166 163 158 158 155 154 155 157 159 157 147 143 148 156 158 
48 49 50 48 48 46 49 49 47 45 38 37 38 55 79 101 124 126 103 102 100 106 155 158 190 196 176 196 177 156 186 184 183 184 183 195 210 198 191 176 169 178 162 168 163 136 129 108 94 112 132 160 186 216 182 158 202 149 171 124 188 229 227 226 223 212 198 202 195 186 175 184 179 177 171 171 174 168 164 160 168 169 167 166 163 169 172 165 161 159 157 162 162 162 159 155 155 155 161 158 
48 48 50 49 48 49 50 48 50 45 34 35 36 50 59 75 79 83 95 111 126 139 166 181 213 205 192 187 200 117 144 147 169 187 195 193 187 183 184 185 178 185 180 177 172 146 120 87 99 134 161 182 187 189 179 125 195 168 183 157 193 229 225 226 221 201 200 194 193 191 182 175 178 175 173 168 165 164 169 159 155 162 164 164 162 160 172 166 157 155 149 153 158 157 153 153 158 158 160 160 
50 49 50 49 47 48 48 46 50 43 30 26 32 59 60 48 59 67 114 116 110 102 151 152 169 153 114 159 140 165 146 147 172 189 205 191 200 187 195 201 204 211 202 171 124 89 97 116 135 166 187 188 175 170 181 115 188 167 162 185 189 225 232 225 221 215 205 196 192 189 188 181 171 169 173 174 176 170 163 161 169 166 154 151 154 156 155 157 152 151 147 153 152 153 161 159 152 151 155 159 
53 49 49 49 47 50 50 47 48 53 39 22 20 36 46 49 61 75 81 68 70 83 100 125 142 158 156 166 155 149 119 155 177 152 168 200 194 188 198 233 238 226 184 109 77 49 53 89 141 168 198 200 185 131 126 151 116 191 140 183 203 229 231 229 223 204 207 205 195 185 186 181 176 167 163 163 165 160 159 157 164 165 154 158 150 153 155 152 153 147 138 143 142 149 159 162 160 148 145 155 
49 49 49 47 46 47 47 46 49 47 41 24 17 29 34 47 57 51 63 65 72 86 106 107 131 112 133 145 150 115 192 175 130 159 197 201 194 201 228 243 225 177 103 88 97 94 105 130 143 177 198 202 179 154 140 181 110 190 163 188 201 221 232 227 219 205 200 200 195 187 180 173 172 171 170 165 167 165 169 165 158 158 154 148 146 150 146 150 148 146 142 134 141 147 153 155 148 154 150 158 
48 47 48 48 47 47 47 48 52 52 59 39 18 22 35 47 50 42 44 32 34 64 95 112 111 108 151 127 138 191 136 100 154 198 213 217 218 229 239 221 148 75 105 95 147 174 182 192 189 177 197 207 173 94 103 189 128 165 207 189 202 222 225 224 224 199 192 199 188 177 172 170 174 177 177 174 173 167 168 171 165 160 164 161 162 158 152 142 146 153 143 137 132 153 157 160 165 159 162 163 
48 48 49 49 48 47 47 47 51 59 64 53 36 22 33 62 56 43 27 24 41 58 100 121 146 146 118 160 201 156 105 180 203 227 222 216 225 229 224 179 192 186 159 112 163 224 227 197 201 211 214 206 192 118 109 195 175 169 201 209 228 228 222 223 217 206 193 186 190 183 178 175 176 174 165 166 166 162 160 163 165 170 171 168 162 146 147 147 149 144 139 139 146 156 156 153 166 158 157 166 
50 50 49 49 47 47 46 45 47 56 70 61 41 27 42 62 62 47 27 22 29 83 95 149 146 139 153 198 163 107 184 206 184 163 142 133 122 197 196 233 241 231 219 166 132 224 238 197 184 200 225 229 223 195 168 200 201 166 192 218 220 233 221 212 212 194 189 198 195 188 178 174 177 182 177 176 175 175 170 163 161 157 160 162 155 139 141 139 138 132 134 138 141 140 141 145 145 155 158 161 
49 49 49 50 48 49 49 50 47 55 54 51 41 27 27 51 67 49 35 50 50 78 99 117 140 155 192 168 146 206 206 135 70 50 44 41 121 206 214 239 237 234 238 216 198 188 229 185 165 203 214 227 222 215 209 192 215 197 192 211 213 215 220 205 209 183 174 183 185 192 185 179 178 186 180 169 172 171 172 169 165 173 172 172 165 157 148 143 130 125 131 128 139 152 139 145 146 148 154 164 
48 48 49 51 49 48 49 50 50 48 47 45 35 29 21 31 41 49 40 48 111 117 125 143 166 172 151 104 147 185 130 71 60 51 55 99 192 190 228 220 219 212 212 227 192 178 201 177 154 165 189 210 212 224 223 203 216 203 217 197 203 205 212 206 190 189 186 190 189 188 178 172 168 171 174 172 162 165 170 166 164 168 176 172 159 150 143 142 142 142 139 145 144 151 147 147 148 150 151 161 
50 48 49 49 47 48 49 49 49 48 48 42 35 32 23 23 29 45 43 53 81 115 107 106 112 138 143 142 152 137 106 104 93 98 118 178 202 193 215 209 235 231 200 225 175 172 189 171 155 169 168 162 171 209 226 206 226 230 231 214 179 207 196 204 193 170 186 196 196 189 186 175 177 171 168 174 169 167 165 171 180 173 168 165 155 143 137 134 135 144 141 145 147 158 161 160 158 162 154 153 
50 50 51 47 45 47 49 51 50 50 50 51 47 39 27 23 24 28 32 52 101 96 96 111 121 143 147 151 148 139 121 121 132 146 183 198 217 162 211 222 228 199 174 227 165 173 183 172 158 174 183 169 162 191 215 218 220 243 232 224 186 174 210 183 204 195 172 191 200 192 185 183 179 173 166 172 165 164 170 174 171 177 173 162 146 142 142 136 134 142 140 142 136 141 149 161 167 165 162 164 
51 53 52 50 45 48 49 50 52 52 49 52 46 46 28 18 22 33 54 108 119 94 102 144 153 142 145 162 159 149 139 166 173 191 193 200 199 125 203 168 160 171 200 226 134 201 171 159 181 180 185 166 155 158 212 232 211 228 210 217 210 171 180 205 182 207 201 182 192 195 184 168 176 178 177 170 168 170 170 176 175 180 175 164 151 144 137 137 136 133 137 146 147 146 142 147 155 157 154 156 
52 52 52 50 48 47 48 50 52 53 51 51 50 51 39 19 21 34 80 125 118 107 125 151 137 145 169 142 160 165 161 150 192 169 184 175 189 115 157 207 201 203 227 197 138 212 167 177 164 171 178 184 177 148 220 228 207 215 208 205 212 194 166 184 201 186 210 203 193 191 189 178 176 175 175 174 170 171 171 176 176 169 164 159 153 148 141 138 133 135 135 144 150 149 146 146 142 147 152 152 
49 51 50 49 49 48 49 51 52 53 52 50 54 57 39 23 21 44 78 120 107 103 105 158 146 146 156 150 157 186 154 163 175 144 159 159 179 174 96 204 231 234 210 120 204 220 158 156 190 169 169 173 179 146 218 232 209 203 216 196 197 194 183 170 195 195 186 218 197 191 188 177 182 177 176 177 178 176 177 176 175 169 159 149 149 145 136 138 143 146 141 136 140 144 137 146 148 149 152 152 
50 50 50 49 49 49 50 51 51 49 49 49 54 60 51 29 34 50 97 114 116 93 94 138 150 135 137 137 145 170 158 163 153 136 143 143 165 200 115 89 142 161 108 174 240 217 155 153 168 163 177 152 163 150 207 214 195 194 215 196 187 202 192 187 175 205 193 193 217 195 186 184 182 184 177 179 177 181 181 179 176 168 159 152 145 141 144 140 140 144 149 144 135 133 143 136 144 150 146 152 
49 48 48 51 49 49 49 49 48 48 48 52 54 57 47 34 40 64 106 113 100 105 124 112 151 151 128 159 141 151 160 160 157 146 153 144 162 190 167 107 108 178 202 228 236 199 159 169 193 181 185 169 166 155 201 197 188 195 203 197 197 183 209 196 194 179 206 192 190 204 184 178 183 179 177 176 180 180 175 176 179 170 163 150 144 141 143 137 142 143 143 148 143 141 140 137 148 150 146 149 
49 48 47 49 48 47 47 47 48 48 47 50 53 57 48 36 40 97 121 112 94 116 136 119 155 165 159 147 144 142 143 165 167 163 155 157 159 177 174 150 157 180 201 218 217 182 138 157 179 168 169 172 188 156 196 187 181 190 194 206 198 177 195 207 187 189 192 203 189 189 204 194 185 188 176 172 173 181 178 172 170 161 157 154 138 135 138 128 130 130 135 136 140 138 140 141 142 147 153 152 
49 48 48 48 48 47 47 47 48 48 45 47 46 52 57 43 47 101 124 115 107 146 128 101 174 162 131 139 150 128 131 162 164 180 164 159 168 178 182 164 156 153 132 187 201 160 135 166 154 178 179 171 187 167 180 194 187 172 209 205 201 190 173 210 192 194 194 198 193 187 184 208 202 184 188 180 171 169 167 169 165 166 158 149 141 141 138 130 125 123 124 125 134 147 140 142 138 148 146 152 
50 46 47 48 46 49 47 48 47 47 45 46 47 48 52 44 59 110 121 106 102 169 107 122 182 193 143 131 145 134 132 157 159 172 158 174 170 175 164 156 161 159 112 138 176 149 149 138 145 185 190 177 182 167 163 181 175 151 202 202 188 190 178 178 214 183 202 196 205 186 190 184 205 206 185 179 174 172 171 166 159 153 152 148 140 138 139 132 129 124 124 124 128 138 141 143 143 149 148 148 
47 45 46 48 49 48 47 48 47 47 45 46 47 48 49 52 66 113 122 99 135 151 124 151 177 188 147 163 143 153 167 155 149 143 148 167 161 168 155 141 140 145 134 113 136 141 142 131 154 188 183 184 200 174 149 171 151 139 189 207 187 185 178 175 185 197 185 202 184 199 183 186 183 195 199 194 176 173 183 179 162 157 149 145 146 137 135 136 127 132 126 126 133 134 137 138 137 146 152 146 
47 47 49 50 48 47 48 49 47 47 46 47 48 51 49 54 63 123 114 88 162 130 148 172 190 194 199 179 153 166 151 153 134 128 145 146 158 140 141 131 141 148 135 116 106 134 145 127 154 171 170 185 198 180 137 158 144 129 168 208 192 175 180 174 173 192 185 184 195 182 193 174 182 178 189 182 185 182 168 159 158 152 154 145 147 142 137 133 133 128 124 129 128 143 146 143 141 144 144 148 
48 49 49 48 46 48 48 49 49 48 49 47 47 49 51 53 61 108 111 100 157 147 173 182 188 210 205 194 162 153 160 173 152 137 138 153 135 125 150 141 141 151 149 142 103 102 133 132 145 148 157 178 182 160 129 163 164 123 148 203 190 181 174 174 169 179 206 186 185 174 177 181 176 177 178 179 168 163 175 174 160 153 146 137 138 138 137 128 129 126 134 136 141 143 147 148 138 144 141 139 
48 48 48 48 47 48 48 48 48 47 47 46 46 47 49 50 54 79 96 141 146 165 188 182 195 199 217 204 165 162 128 166 167 159 141 148 131 131 156 154 168 163 158 169 144 107 77 79 114 160 167 184 184 158 159 180 170 137 127 173 184 169 161 173 173 174 188 204 181 187 166 182 187 177 175 173 172 168 151 152 156 159 168 163 156 151 147 141 136 127 128 138 144 145 138 142 146 151 147 148 
50 49 49 48 47 48 48 48 47 46 45 45 45 45 46 47 50 64 87 155 151 184 201 208 193 203 212 204 194 178 165 152 152 152 172 172 161 156 159 170 169 176 167 155 166 152 119 75 102 154 173 197 189 165 178 194 194 158 123 165 175 179 163 169 178 173 178 197 183 173 176 169 186 180 173 166 162 159 163 149 141 140 139 134 141 142 145 152 147 141 136 136 148 154 153 145 146 154 143 143 
47 48 48 47 45 48 46 46 46 44 47 46 45 48 49 46 50 57 98 163 167 198 205 215 210 212 209 212 215 198 162 168 164 164 165 169 165 167 162 162 172 169 169 188 169 160 143 97 98 139 168 190 182 177 183 199 192 166 140 152 172 174 171 170 171 170 181 180 193 173 183 169 163 185 171 163 160 152 145 153 149 135 135 141 141 144 140 132 131 133 130 129 129 140 150 144 133 134 142 129 
50 49 48 48 48 47 48 47 47 49 48 46 46 49 50 50 51 55 128 172 193 209 214 215 226 227 218 219 215 210 188 192 169 164 171 152 144 147 161 152 150 182 168 182 160 174 131 100 94 146 160 180 193 185 188 201 188 160 148 155 175 173 171 168 171 172 177 184 179 186 165 180 173 165 179 167 165 154 142 146 143 149 139 135 137 146 142 147 130 127 134 134 137 138 143 145 141 125 116 117 
51 49 47 48 49 47 49 49 49 50 51 50 48 50 51 50 54 63 155 175 201 211 217 220 224 234 227 218 225 215 206 198 186 177 166 146 139 139 140 162 162 168 179 168 170 189 147 126 99 145 165 180 196 196 200 197 179 147 153 169 177 179 170 175 174 168 177 174 180 178 177 176 169 170 173 174 158 153 139 137 140 139 143 149 140 142 146 142 142 134 128 135 140 136 136 135 141 131 108 100 
51 48 47 47 47 49 49 49 48 46 49 49 49 50 48 50 53 76 167 186 204 215 220 225 226 226 232 216 210 216 202 193 184 184 169 137 111 140 142 145 160 162 153 152 164 182 155 151 113 122 159 183 193 200 203 188 164 143 159 173 171 175 178 173 170 164 172 171 177 174 177 174 180 166 163 168 172 145 138 129 133 136 139 139 149 149 146 143 137 143 139 134 134 135 139 130 127 131 118 84 
49 48 48 48 48 48 48 48 48 46 47 47 47 49 47 50 51 96 178 196 211 217 222 225 228 225 234 220 212 223 203 186 182 187 182 125 90 132 139 142 154 129 132 140 161 166 168 154 126 106 149 194 187 193 194 167 143 151 157 175 177 176 172 173 167 166 160 170 172 179 173 175 175 163 167 159 167 161 139 137 133 131 136 136 143 143 145 144 139 136 138 140 141 140 134 124 115 112 112 83 
51 48 47 47 47 49 49 49 48 47 46 46 46 48 46 46 50 101 187 201 215 216 223 229 232 231 232 224 217 204 211 191 171 157 139 123 99 114 143 132 140 137 142 148 152 164 157 156 143 113 121 174 180 187 171 140 128 146 162 173 178 175 173 173 168 170 161 157 162 170 173 167 167 179 160 157 153 155 157 139 140 132 135 137 136 136 143 144 137 133 138 138 138 138 132 116 111 107 95 85 
51 48 48 50 50 49 51 49 48 48 49 47 45 45 45 51 53 120 193 203 217 216 219 224 227 234 230 227 216 210 217 193 144 137 137 123 112 116 130 134 147 142 147 142 147 151 150 151 141 115 108 146 151 165 160 121 127 138 157 174 171 166 167 176 170 172 169 162 155 164 167 168 161 169 164 155 149 152 153 156 135 136 133 134 134 135 135 139 140 127 127 135 132 126 122 112 101 109 102 74 
49 50 50 51 51 52 51 49 50 50 49 48 47 48 50 53 56 121 194 204 216 219 217 220 223 227 230 216 214 202 198 199 157 138 136 131 127 117 121 139 147 134 142 146 151 150 152 139 143 122 111 133 135 134 163 131 124 136 156 166 171 166 167 164 169 171 175 170 167 154 161 166 154 152 167 148 149 141 144 144 152 141 135 128 130 129 133 136 128 141 126 124 126 122 121 110 91 81 88 82 
52 51 50 49 49 51 49 47 48 48 48 47 49 49 49 51 55 99 201 199 211 213 213 216 214 214 214 206 201 182 194 183 143 123 123 113 130 138 134 131 139 137 144 151 153 154 150 145 144 141 136 127 127 132 158 136 128 135 155 164 165 167 165 159 161 165 174 172 169 169 157 159 157 151 159 159 143 139 131 143 138 149 136 128 126 125 129 133 129 126 133 131 107 110 117 105 94 79 81 73 
49 48 48 48 47 48 46 46 47 48 50 47 48 47 48 50 51 63 190 196 203 201 201 201 189 191 200 172 160 160 172 149 151 112 112 122 127 134 130 130 140 140 147 152 154 156 158 148 149 162 150 139 128 131 148 145 138 134 150 171 163 172 167 166 159 165 169 174 166 168 165 154 153 148 147 159 143 140 146 132 137 141 150 134 123 123 126 128 135 131 128 130 119 97 90 94 89 78 65 62 
50 49 47 48 45 47 48 48 48 48 47 48 49 48 47 48 50 48 119 208 196 195 200 212 187 140 118 139 139 139 146 140 131 133 126 137 138 133 131 122 127 128 141 143 147 159 156 147 151 163 162 155 142 134 146 152 147 151 147 158 155 172 165 168 167 158 164 173 171 168 165 160 150 143 141 140 150 133 131 147 140 132 135 139 134 124 122 126 126 135 130 114 121 102 86 69 77 73 68 60 
48 47 48 47 46 46 48 48 47 46 49 47 47 49 46 48 52 52 58 100 177 199 179 137 76 80 72 91 117 126 135 137 133 135 134 142 136 143 140 131 133 126 124 135 136 149 152 150 159 164 164 160 145 141 140 159 154 152 155 154 160 160 166 172 167 166 159 160 163 158 158 160 156 148 144 137 141 145 136 131 132 142 131 128 134 136 126 124 125 132 126 111 102 100 83 79 77 70 73 74 
48 47 47 48 47 44 47 48 49 50 51 50 48 48 48 49 52 54 55 53 65 72 67 63 63 66 58 65 76 116 128 121 132 131 137 144 139 145 148 139 137 134 123 129 125 134 141 142 150 159 163 165 153 147 142 155 152 149 153 158 160 161 169 163 159 159 162 163 159 154 153 148 155 154 152 153 137 142 136 129 129 126 128 133 134 127 139 123 118 120 121 117 104 100 96 76 81 80 77 83 
52 51 51 52 52 50 49 50 52 53 54 53 52 51 51 51 53 54 56 54 60 61 61 59 56 55 56 55 58 93 122 120 128 127 138 143 145 150 146 143 141 139 139 138 128 120 135 129 139 149 160 151 156 150 149 152 147 166 160 152 158 158 168 160 163 158 155 159 157 155 160 149 149 144 145 149 143 144 147 129 137 128 126 118 124 131 133 139 119 109 113 121 119 113 114 102 93 88 91 92 
52 53 52 50 52 52 52 53 52 53 53 52 52 52 52 51 53 56 54 57 55 54 56 55 54 53 55 55 55 70 105 113 127 123 128 139 145 149 146 145 138 142 145 143 145 143 139 129 125 133 150 146 144 152 145 153 148 158 157 150 155 158 159 153 156 155 156 144 156 152 148 144 138 133 142 138 144 139 144 137 133 134 129 121 116 122 119 122 139 126 105 120 131 121 118 121 105 98 90 104 
53 50 49 49 51 53 51 53 52 50 51 52 52 52 53 52 53 54 54 55 55 51 55 56 54 53 55 54 54 63 83 113 121 119 122 138 144 151 150 146 141 139 143 145 148 153 145 141 138 134 141 147 147 155 153 155 147 145 157 150 150 158 154 158 153 152 151 144 146 147 145 141 142 137 144 143 142 136 140 145 126 129 125 126 112 115 122 109 110 117 129 125 130 129 123 128 118 107 96 98 
51 49 49 50 52 52 50 53 53 51 53 52 51 51 50 53 53 54 55 55 54 51 53 55 53 52 54 54 56 53 64 93 114 112 121 135 141 148 146 142 143 126 137 142 142 153 150 150 152 148 142 144 149 150 152 152 153 141 149 155 150 153 148 151 150 144 147 136 142 145 142 142 138 141 139 145 144 138 134 132 136 125 129 122 119 116 111 121 116 108 119 132 134 130 122 122 125 119 108 103 
52 52 52 52 54 51 50 52 51 50 52 50 51 52 50 52 50 51 52 50 52 51 51 52 50 50 51 52 54 53 54 73 103 104 107 115 135 150 142 143 137 125 127 130 142 151 144 147 151 138 146 147 146 148 157 158 154 137 143 154 151 144 141 139 140 143 141 145 135 138 141 139 134 133 134 138 142 142 134 133 133 132 120 117 117 116 113 113 118 120 116 114 131 133 125 125 121 124 116 104 
54 52 53 54 54 52 52 53 53 53 53 49 51 52 52 52 50 52 51 51 52 51 51 53 52 52 51 53 54 52 53 59 70 96 99 100 120 143 143 139 133 121 117 133 133 139 139 140 142 138 147 146 157 143 155 152 152 148 134 135 149 148 148 147 134 139 134 131 134 135 139 138 136 132 133 133 139 142 139 125 126 134 124 121 112 112 115 116 109 120 131 118 128 129 127 127 126 124 117 112 
56 53 53 53 53 51 52 55 55 53 52 51 52 52 52 52 50 51 51 51 50 52 50 52 54 51 52 52 54 53 51 57 54 85 100 84 112 134 143 130 131 116 118 131 125 131 124 142 138 140 135 146 151 147 139 147 155 150 139 134 134 145 150 142 133 129 140 131 131 133 134 132 136 135 135 127 134 137 137 123 116 129 128 124 123 113 117 128 125 128 131 125 129 126 121 124 122 125 120 117 
