57 57 60 68 70 70 69 70 74 74 76 75 76 75 77 79 82 82 83 82 81 79 82 80 81 81 83 84 85 87 86 88 90 93 92 96 94 95 94 94 94 97 99 103 112 121 126 128 129 129 131 130 129 127 124 117 120 120 108 131 97 93 56 63 69 62 71 63 65 70 75 77 85 83 83 84 79 78 76 76 74 72 73 69 75 78 78 77 74 73 74 75 80 77 65 59 29 32 34 35 
60 56 62 67 71 70 69 72 71 73 75 74 75 76 78 79 79 80 83 83 81 80 79 80 80 80 81 83 84 85 86 88 90 91 91 94 93 95 94 94 94 94 98 102 110 118 125 128 129 129 129 129 126 123 117 105 115 119 111 125 93 80 54 68 68 62 73 63 65 68 70 79 83 81 82 81 78 75 75 73 72 72 71 66 67 72 77 77 72 72 72 71 73 74 72 66 54 29 33 33 
63 59 62 66 69 69 70 71 73 74 76 72 76 76 78 80 82 81 80 82 82 80 79 78 80 80 81 82 81 84 84 87 88 90 91 92 93 95 92 93 94 94 98 102 110 116 123 127 126 127 128 128 124 116 104 95 116 114 119 103 93 67 57 72 80 75 84 64 67 67 71 85 82 81 81 81 77 76 76 73 71 70 71 67 65 65 72 74 72 71 70 70 70 70 74 66 65 53 30 34 
60 59 62 66 69 69 68 69 71 73 74 73 75 76 76 78 80 81 82 82 80 78 77 78 76 78 80 81 82 83 86 87 87 88 89 91 93 92 92 92 93 93 96 101 105 114 121 124 126 127 126 123 115 107 89 92 110 111 124 95 85 58 64 94 187 170 130 94 70 69 71 80 80 82 80 78 77 76 76 73 71 70 69 69 64 61 65 69 71 69 70 67 67 69 74 60 57 65 54 32 
61 60 61 65 71 70 70 71 73 73 75 76 76 76 76 79 81 81 81 82 79 78 78 78 79 79 80 82 79 82 83 84 86 88 89 90 93 93 91 91 92 93 96 101 105 111 119 122 124 125 123 116 108 96 81 89 106 110 118 90 75 55 84 162 189 189 189 138 99 72 78 80 77 78 78 77 79 75 75 71 69 73 67 67 67 61 66 67 67 69 66 65 65 63 59 57 55 59 62 53 
57 60 60 64 68 67 68 69 71 71 72 73 74 73 75 77 78 79 79 80 79 80 78 78 78 79 79 79 79 82 83 84 86 88 88 89 90 92 92 92 93 96 96 99 100 108 116 121 121 120 116 105 101 88 81 86 99 127 96 89 64 57 134 193 195 191 193 194 149 90 80 76 74 78 76 76 72 73 76 70 73 70 66 68 65 63 64 63 61 65 65 62 58 54 54 54 57 53 56 60 
57 59 61 63 69 67 67 69 70 71 72 73 74 75 75 78 78 80 81 81 79 80 78 78 77 78 79 80 81 82 81 83 85 86 86 90 90 92 91 91 93 93 95 97 99 103 112 118 118 116 107 98 94 85 84 85 95 119 90 81 56 61 160 195 192 194 198 195 192 128 100 78 76 75 75 75 75 75 72 71 72 67 64 65 66 63 61 63 62 61 56 53 54 51 51 54 53 54 52 57 
56 57 58 63 67 67 65 68 69 71 72 73 75 66 55 86 106 109 105 89 80 78 77 77 78 78 77 78 79 81 82 82 82 84 84 87 88 90 91 92 92 92 93 94 96 98 107 113 114 111 101 94 93 89 88 90 109 111 88 76 107 154 197 194 192 192 197 194 193 186 122 99 77 74 73 72 72 72 71 72 71 67 64 65 64 62 59 61 58 55 53 51 52 52 50 54 52 53 56 57 
56 57 59 63 68 67 66 66 69 71 71 72 74 72 43 120 112 110 113 121 109 86 76 76 77 75 80 80 80 78 78 80 81 82 83 85 87 90 89 88 90 91 92 91 92 97 103 108 107 105 97 91 96 94 90 93 125 96 94 161 194 191 195 192 191 195 193 196 190 191 179 114 92 76 75 74 71 69 68 71 76 67 64 62 62 60 58 60 58 52 51 50 48 51 51 54 52 57 55 57 
54 56 58 60 66 67 66 68 67 72 73 72 74 74 69 115 112 107 104 99 107 119 113 90 78 76 76 78 78 77 77 79 79 81 82 83 86 89 89 88 91 89 90 88 89 93 97 104 100 100 93 93 101 100 97 100 122 97 168 189 191 192 193 194 189 192 194 192 192 192 186 167 104 97 76 70 68 68 65 72 72 67 63 61 59 58 59 56 54 53 52 56 49 50 53 55 54 54 57 58 
51 55 56 62 67 66 65 66 69 71 73 75 74 74 76 100 111 114 111 119 121 126 122 128 121 82 74 77 76 77 76 78 79 80 82 84 84 88 85 87 87 87 87 87 87 90 94 100 92 97 96 103 113 112 109 116 133 185 190 191 194 195 192 192 191 189 192 190 192 186 193 194 146 114 99 71 70 66 64 69 74 66 59 58 58 57 57 55 54 51 52 54 51 55 56 52 54 51 51 58 
52 55 56 62 65 65 65 66 67 71 70 73 73 72 74 78 113 109 115 127 129 143 142 131 121 110 106 78 75 75 75 76 77 79 80 83 82 84 84 86 86 86 85 86 85 86 90 94 85 99 100 114 119 122 120 149 185 190 193 194 194 191 191 189 189 187 185 192 187 191 197 194 192 116 99 99 76 65 63 73 75 65 62 58 56 53 55 52 53 53 53 55 56 56 54 51 54 51 53 56 
52 55 55 60 65 64 64 65 67 67 68 71 71 73 74 77 104 113 122 127 137 140 139 136 128 123 106 114 72 61 75 75 75 75 77 83 82 82 83 86 81 83 84 83 83 84 85 89 90 95 99 116 114 121 136 185 184 190 193 192 191 190 190 187 188 189 189 185 193 193 194 194 187 174 89 93 98 68 63 66 71 69 56 55 55 51 54 56 52 54 55 56 58 53 54 52 54 55 57 58 
53 53 57 59 63 63 63 63 68 70 71 70 72 73 75 75 79 122 119 124 135 138 128 141 140 128 127 114 109 89 86 82 76 78 80 81 80 80 81 81 77 80 81 83 81 80 81 82 81 77 97 88 106 127 171 180 187 189 192 190 186 191 188 190 186 188 189 189 189 189 195 188 195 198 154 71 103 92 69 64 72 67 55 55 53 54 51 55 55 56 55 58 61 57 55 53 56 57 61 65 
52 55 55 59 63 61 62 64 66 67 68 70 72 71 74 75 77 109 118 125 133 125 135 143 131 134 134 133 126 100 109 126 117 84 85 80 72 71 72 65 63 67 63 72 63 62 55 49 60 71 88 155 182 177 183 182 189 193 192 188 190 189 189 189 186 189 188 186 187 189 186 196 196 186 187 121 68 86 98 74 74 59 53 54 53 54 55 53 59 59 56 66 60 57 56 55 55 61 73 75 
52 55 55 59 61 64 62 63 64 67 70 71 72 72 73 76 75 88 141 121 132 129 139 136 137 144 142 135 118 121 121 88 123 105 79 73 85 64 60 63 75 66 66 62 57 47 47 46 47 118 162 167 174 176 182 186 185 192 191 191 190 189 189 186 185 185 185 185 184 189 194 190 186 191 190 178 99 68 80 92 96 74 58 57 52 56 58 56 58 55 55 62 56 57 59 58 62 63 76 87 
54 56 57 61 63 63 64 64 65 67 69 69 68 70 71 73 73 76 115 131 129 130 134 133 140 146 133 133 108 117 115 96 87 79 66 74 73 80 82 71 67 60 67 60 48 54 60 54 39 76 132 157 166 173 181 183 187 186 189 190 192 188 188 188 183 182 186 191 192 186 188 186 191 188 186 193 172 87 66 79 88 94 81 69 64 61 59 58 55 57 59 60 60 63 65 65 67 67 70 87 
56 57 59 61 63 61 60 63 64 66 66 67 67 68 70 70 73 73 89 128 113 121 124 136 136 139 128 118 97 112 105 110 95 67 79 77 72 63 71 78 84 74 59 68 51 55 64 54 46 84 136 155 163 166 176 181 183 186 188 187 190 188 185 183 186 186 189 190 188 189 189 192 182 188 198 190 191 147 70 72 79 87 88 96 83 67 64 61 61 62 65 70 70 70 72 72 74 75 71 76 
57 58 59 61 64 60 61 63 64 66 64 67 67 68 69 71 73 72 78 101 106 100 116 120 131 123 114 80 86 100 104 96 78 63 77 77 66 88 70 85 92 55 31 31 38 55 60 44 81 99 139 157 169 165 166 173 179 182 184 186 186 185 185 183 188 186 188 190 192 190 189 185 190 194 192 199 199 185 116 68 74 82 82 89 95 88 76 70 69 73 80 77 80 81 82 80 79 80 78 78 
54 59 59 61 63 60 61 61 62 64 64 65 66 67 70 70 70 70 73 80 104 90 91 104 117 115 94 84 93 96 94 79 63 55 63 75 67 85 92 96 81 41 35 71 104 112 101 86 103 109 122 157 168 168 163 167 175 177 181 184 180 182 185 184 191 188 190 192 192 194 192 191 195 188 199 196 188 192 184 106 76 78 79 82 89 98 97 83 85 88 92 96 97 96 92 90 88 87 87 85 
53 57 60 61 61 59 60 61 62 64 62 63 64 64 67 67 69 69 71 78 67 108 71 82 94 89 85 77 79 81 81 72 68 74 97 104 80 102 117 113 92 60 83 111 125 131 136 135 145 141 138 155 161 170 169 167 171 176 181 180 176 182 181 185 186 187 189 190 192 191 188 189 193 193 188 194 193 202 197 169 79 78 77 82 89 94 103 106 103 103 106 107 107 106 104 101 100 96 94 92 
53 54 57 61 59 56 58 59 60 62 62 63 65 63 65 66 67 69 71 77 67 56 100 54 67 74 76 69 57 67 64 85 68 80 95 86 90 124 138 138 113 107 144 146 140 147 158 170 167 163 156 161 162 165 169 170 170 176 182 182 183 181 179 181 184 189 190 189 192 193 192 195 194 196 194 194 203 199 191 190 116 74 80 81 88 93 97 103 113 111 112 110 112 109 108 107 105 104 100 99 
54 53 56 59 57 57 56 58 60 62 63 60 62 62 65 66 69 70 71 81 86 51 59 69 49 42 46 56 50 68 76 67 90 85 79 100 110 148 148 146 64 82 130 160 160 170 176 185 181 175 161 165 167 163 168 175 170 169 180 184 189 186 183 182 182 186 189 187 192 191 193 197 197 193 195 197 197 193 201 200 160 74 80 82 87 92 96 100 106 111 114 113 116 115 116 113 111 108 104 102 
51 55 56 58 57 54 55 57 56 58 58 58 57 60 62 63 67 66 69 88 89 61 42 75 80 45 35 59 56 54 72 103 105 100 106 107 143 166 169 138 94 91 73 88 170 193 196 198 190 180 166 166 166 166 167 177 167 169 176 184 187 185 188 190 188 182 178 184 190 191 194 197 196 197 199 197 192 203 203 195 195 109 77 86 89 92 95 98 101 106 111 117 117 121 116 114 113 114 107 106 
48 51 51 53 52 55 55 57 59 59 60 60 59 60 63 62 66 69 78 94 83 52 38 34 56 66 41 47 45 73 83 112 128 122 132 143 169 175 164 134 110 109 108 104 94 200 206 202 195 190 183 174 165 166 173 176 172 168 175 180 186 187 191 190 188 185 179 178 182 193 195 196 199 197 198 194 200 200 193 202 196 180 81 83 89 93 97 96 100 103 107 113 119 120 120 120 119 114 112 108 
46 49 51 52 54 52 52 53 53 53 55 57 58 59 62 65 66 68 79 94 43 34 50 29 34 50 42 59 73 88 108 115 143 152 164 176 180 177 170 134 53 47 76 104 81 170 210 208 201 196 191 179 162 166 173 174 167 170 178 178 183 187 190 187 190 191 185 181 179 187 196 193 197 197 196 200 204 195 200 193 201 199 143 79 88 92 95 97 101 102 104 106 115 120 119 121 121 119 115 113 
49 51 54 53 52 51 51 50 53 55 55 55 57 59 62 64 65 71 94 113 30 35 54 40 57 56 40 35 79 93 126 131 139 156 174 182 186 180 178 139 60 47 31 90 106 141 211 212 207 199 195 184 169 161 169 171 164 173 183 173 178 186 187 187 190 188 189 187 179 180 190 194 197 194 199 200 195 202 192 202 199 193 193 115 86 90 95 98 99 101 102 104 110 117 120 118 121 121 117 114 
49 50 53 55 51 51 50 52 52 55 56 58 56 57 60 63 63 68 109 143 48 27 31 61 48 25 22 55 92 96 108 143 147 165 176 185 195 192 185 161 78 92 84 109 112 142 209 210 206 203 197 193 180 163 171 168 166 176 179 175 176 183 185 188 186 190 190 186 185 177 183 193 198 195 199 197 196 194 199 198 192 200 200 176 88 89 95 94 96 100 101 103 108 112 114 111 122 123 119 115 
49 52 55 53 54 56 76 110 151 135 137 131 70 54 58 61 64 66 100 153 93 38 30 38 26 16 21 39 79 125 140 151 171 183 192 195 195 191 186 182 120 128 119 111 109 163 209 213 212 207 205 197 186 174 173 176 177 171 173 177 179 179 183 186 191 190 190 190 185 180 177 193 199 197 197 199 199 192 200 191 199 198 197 201 142 83 90 95 97 99 98 102 103 107 112 116 124 124 122 118 
49 52 52 59 83 133 182 181 180 163 151 166 150 61 58 61 62 65 84 123 110 54 43 71 59 47 33 39 39 95 142 170 188 190 192 192 191 189 186 182 135 124 128 121 123 184 210 209 214 211 209 202 194 191 182 189 181 173 172 181 175 175 182 185 187 189 191 189 190 183 179 186 197 196 199 200 194 196 194 197 196 195 205 196 187 113 93 99 95 98 100 101 104 105 110 112 119 125 122 119 
62 96 142 172 179 180 184 185 185 159 165 169 171 126 58 57 56 60 54 67 116 38 56 63 53 57 45 88 94 90 144 191 195 197 198 194 193 191 186 179 174 111 118 119 137 183 199 204 211 211 208 201 199 196 190 193 183 178 175 175 172 173 182 187 190 191 189 190 186 186 176 179 193 199 199 198 200 195 196 200 193 204 197 200 208 187 131 89 99 102 98 107 108 107 111 116 117 123 123 120 
165 176 177 181 186 186 187 188 183 161 151 171 175 176 113 62 58 58 47 96 110 58 53 37 24 45 85 115 125 152 158 194 204 202 202 200 199 192 188 180 182 163 128 113 133 143 181 194 205 207 207 203 201 195 192 194 183 182 176 167 167 170 182 184 187 189 191 186 187 186 180 174 189 199 200 200 194 196 196 190 200 199 196 208 199 200 180 150 104 93 105 105 109 119 121 115 114 120 121 121 
179 180 182 182 187 187 185 189 189 180 151 175 181 179 161 67 52 53 38 102 145 125 66 56 59 88 97 110 152 172 190 194 199 200 199 197 196 195 188 186 181 182 182 177 142 144 181 194 198 203 202 199 198 193 192 193 187 188 175 165 156 165 181 184 188 188 188 189 188 188 180 175 183 196 196 198 193 197 193 195 200 194 203 204 204 209 193 174 190 167 117 103 126 130 125 121 120 118 118 121 
183 185 184 182 184 188 185 191 194 184 148 168 173 181 177 113 61 55 53 117 167 176 154 133 165 182 183 187 184 192 198 203 201 199 199 199 200 198 196 193 186 186 182 182 169 166 177 181 183 189 195 196 198 195 196 193 187 183 179 167 156 157 173 181 186 186 188 188 187 185 184 182 175 191 193 195 196 194 193 196 195 202 196 198 212 202 198 186 188 191 189 161 100 101 122 137 129 119 117 121 
184 184 183 186 185 188 189 189 189 189 176 149 173 174 181 177 138 99 40 115 170 177 182 185 191 195 198 198 201 202 205 207 211 207 202 203 203 204 205 202 198 193 186 182 176 174 175 176 178 176 170 175 179 197 202 198 188 184 177 161 152 158 167 179 184 187 188 188 188 188 185 179 175 187 191 196 197 195 195 195 198 198 197 205 202 200 209 202 186 183 185 185 175 86 87 102 117 128 119 115 
185 188 189 188 190 188 188 189 193 191 190 163 157 173 182 179 158 52 55 91 98 137 161 180 185 193 204 201 203 205 209 212 212 211 208 211 207 208 209 207 205 200 194 189 184 181 182 181 177 168 159 150 141 153 189 197 190 186 177 160 151 160 156 172 180 182 188 189 189 186 186 181 169 182 189 195 195 198 194 194 199 195 200 200 198 205 208 202 203 192 204 199 189 161 60 63 89 107 112 117 
190 189 189 190 187 186 191 186 187 192 188 177 159 173 176 180 169 76 96 77 45 65 126 152 157 179 196 199 198 201 205 209 209 212 212 215 208 208 212 211 208 205 200 196 190 187 189 186 182 176 170 159 153 148 160 192 191 183 175 157 156 160 154 157 176 183 183 186 190 187 185 185 177 172 183 192 194 195 194 195 196 196 202 198 207 205 207 203 208 195 181 191 205 201 149 63 71 80 93 107 
187 190 187 188 182 186 188 188 190 189 187 188 162 162 175 180 166 117 70 45 54 52 39 66 69 114 178 196 199 198 201 202 206 206 209 205 205 207 207 209 208 205 204 200 185 192 181 180 176 171 162 161 162 158 135 161 183 175 167 149 159 163 157 147 165 178 185 189 186 185 186 183 175 164 178 188 192 194 196 195 196 194 198 201 204 203 201 209 204 204 198 202 196 199 196 91 78 80 83 92 
191 188 188 188 187 178 188 189 189 190 190 187 175 168 167 172 168 140 68 46 61 47 33 28 41 98 178 193 199 202 204 204 206 205 204 204 201 206 206 203 201 203 198 195 186 179 174 170 171 168 167 165 164 155 142 129 157 161 157 145 165 163 161 146 157 177 186 189 185 182 187 184 174 155 174 186 190 192 191 194 198 199 203 205 200 203 205 208 201 206 201 194 192 210 214 187 78 72 87 86 
188 191 189 192 189 182 188 187 189 186 192 189 189 170 167 171 165 150 99 63 42 43 54 33 56 107 174 190 196 200 203 206 203 201 199 197 197 198 195 194 194 193 192 190 182 180 180 173 173 167 164 167 160 154 142 121 124 146 138 148 161 163 158 141 148 174 186 189 186 185 185 180 175 154 166 187 189 190 191 190 195 196 198 201 197 201 207 198 205 201 202 203 192 209 198 195 151 63 84 91 
195 194 192 192 194 187 190 189 188 187 191 191 189 176 162 169 165 154 94 46 44 54 57 54 89 133 179 192 197 191 192 196 196 197 193 192 190 183 182 184 186 181 181 182 180 177 180 179 172 169 160 161 154 146 129 135 158 159 144 151 162 164 160 138 146 173 186 190 188 182 181 178 171 153 163 185 191 188 189 191 196 198 198 195 200 197 199 206 204 200 208 200 204 182 204 216 209 130 66 81 
195 193 195 197 195 193 192 190 193 192 190 193 193 186 163 167 137 95 65 87 89 52 47 76 115 153 176 187 193 191 190 190 187 188 189 185 182 181 181 182 186 181 173 171 175 175 175 168 162 163 159 149 146 142 171 189 180 168 154 156 162 162 156 137 147 173 184 188 183 182 181 181 174 150 165 185 186 189 186 189 192 195 199 196 200 200 198 205 205 203 207 198 203 195 208 208 204 188 98 72 
191 190 190 190 193 194 193 196 192 194 194 196 190 189 174 122 64 67 73 64 54 49 56 78 104 140 173 186 188 189 191 193 189 184 185 182 179 179 147 126 128 128 125 144 170 176 177 178 175 164 157 144 153 184 199 190 183 174 159 159 164 162 148 134 151 178 186 183 184 185 182 182 177 159 169 186 189 187 187 186 189 188 195 193 196 198 197 202 202 208 198 200 203 202 185 198 211 216 189 99 
187 190 188 192 191 191 195 194 193 192 193 191 190 188 125 72 89 77 43 41 54 45 52 65 108 134 161 176 181 186 185 188 192 187 180 178 173 120 109 128 120 118 143 170 185 188 186 187 187 185 187 192 200 198 195 191 186 176 157 161 160 148 133 137 160 177 185 184 183 182 183 181 178 164 167 178 184 186 182 183 184 185 192 195 193 197 199 197 203 202 198 208 196 204 203 201 209 212 209 177 
185 187 185 188 189 189 193 191 192 196 195 191 195 148 100 89 58 76 80 69 53 57 71 70 92 136 165 172 176 184 192 192 191 191 186 177 115 123 115 122 115 128 177 187 196 199 201 199 198 198 198 197 196 196 187 187 181 173 153 162 153 137 139 155 172 183 184 186 183 183 183 182 176 167 166 179 184 184 186 184 182 182 188 192 191 193 197 197 198 196 204 205 197 206 199 200 201 208 206 203 
181 183 182 184 186 184 188 185 192 191 191 191 145 110 89 89 98 103 106 84 64 70 83 84 90 121 151 164 171 182 184 188 190 185 186 139 67 100 116 116 126 142 191 196 206 208 206 206 202 197 196 193 193 190 185 183 179 165 156 158 138 139 153 168 176 181 186 183 184 181 180 179 174 166 167 179 184 184 184 186 188 183 181 186 189 187 190 199 197 196 203 200 200 205 202 201 191 199 210 213 
179 183 180 180 184 180 184 184 185 188 169 130 100 100 103 112 115 123 116 105 95 90 81 86 82 101 135 152 160 174 183 187 190 187 174 63 56 62 51 109 123 155 200 208 208 208 206 201 197 194 195 190 196 183 184 179 173 164 155 145 141 153 168 172 179 183 186 185 184 182 179 178 172 163 169 170 180 184 185 184 185 186 185 186 190 191 187 193 196 198 202 202 205 202 200 203 203 193 209 215 
178 176 177 178 183 182 183 180 180 159 134 110 116 118 123 127 135 138 134 117 92 90 97 99 90 82 112 129 128 159 178 183 185 183 145 86 48 38 64 101 130 179 202 206 206 203 201 197 190 191 191 187 189 179 183 176 168 157 146 143 155 169 173 175 179 181 182 182 183 182 178 176 159 144 152 168 174 179 184 178 186 186 189 184 184 191 190 190 193 193 196 199 205 202 194 201 205 199 204 212 
179 182 175 181 180 184 180 177 163 141 124 128 136 135 135 144 139 143 133 126 96 100 102 99 89 92 101 125 147 166 177 183 184 180 139 126 124 115 113 117 159 200 204 203 202 195 193 192 186 182 180 187 181 181 176 171 160 150 149 157 169 174 174 178 176 183 184 182 181 176 176 159 119 99 91 132 166 166 180 179 185 189 193 189 182 182 189 193 194 194 194 201 201 199 197 202 200 207 195 208 
178 178 180 181 179 181 177 159 123 123 130 133 140 145 134 145 143 147 136 135 105 106 106 107 121 86 90 112 144 162 175 177 183 181 135 120 124 124 130 159 192 202 201 200 200 192 189 186 177 173 174 182 180 178 171 166 157 158 160 168 174 176 176 178 177 181 183 180 180 173 164 129 69 69 110 125 147 165 170 183 186 188 190 191 187 181 184 189 192 194 194 195 197 202 201 199 198 206 209 200 
183 178 181 180 181 178 166 132 128 125 126 135 139 148 136 142 149 144 131 130 119 111 115 108 113 101 97 113 140 158 172 179 177 174 156 161 168 176 189 195 198 201 197 195 189 187 182 173 169 162 173 172 174 176 163 169 171 162 165 173 178 180 177 179 180 180 184 181 175 170 120 87 121 122 120 137 140 159 166 182 186 188 188 188 188 182 180 186 191 192 194 197 195 197 197 190 200 209 203 196 
186 185 184 182 180 171 142 125 125 123 125 131 130 139 148 143 134 125 132 124 130 107 102 120 120 110 120 123 136 143 160 172 176 174 184 195 194 195 193 195 191 191 190 184 183 182 172 166 172 177 185 178 176 179 167 177 166 160 171 178 179 179 179 180 178 179 181 178 171 164 89 107 121 124 131 129 148 172 170 176 182 187 191 191 188 186 186 183 188 191 190 193 195 195 193 199 202 204 198 209 
185 188 183 179 178 150 129 121 115 114 115 135 127 135 141 122 129 112 119 121 115 116 124 136 131 144 142 147 126 133 151 162 172 177 191 194 190 188 190 186 187 179 180 179 174 173 173 176 189 194 188 180 181 177 170 172 164 167 174 180 179 183 183 181 179 181 179 172 169 144 110 120 122 127 136 138 153 161 168 172 177 185 186 188 188 186 187 183 187 195 192 190 193 196 192 203 203 199 203 205 
185 185 185 184 183 151 130 123 107 103 102 112 120 125 109 102 115 106 110 91 98 116 129 111 125 140 167 164 139 132 140 151 169 178 183 185 185 186 183 179 176 171 170 172 171 184 182 185 190 190 188 180 176 179 169 164 168 174 176 181 184 183 180 179 180 178 175 173 166 137 122 129 130 129 132 134 135 135 138 161 178 187 186 183 186 183 188 184 189 198 194 196 191 193 193 195 202 198 205 206 
190 184 182 185 188 181 161 141 125 119 120 118 124 127 118 118 120 123 108 77 74 80 96 121 104 123 158 172 155 123 127 136 165 173 175 174 176 174 171 172 169 170 176 180 183 189 180 191 186 188 187 178 171 176 165 167 176 178 180 184 186 183 179 177 177 176 174 175 163 134 124 113 126 128 128 123 113 96 92 137 167 183 186 182 183 182 183 183 193 195 193 193 194 192 194 194 195 203 208 197 
182 187 181 182 185 182 177 178 163 144 139 145 143 150 148 140 150 154 135 134 138 141 145 148 114 111 130 151 165 155 134 141 162 172 169 177 174 174 177 175 177 183 181 182 191 190 182 189 184 181 177 173 167 167 168 171 177 180 185 185 181 179 176 176 179 178 173 169 163 129 114 122 140 137 125 116 105 110 115 141 163 183 184 181 185 182 184 184 188 198 199 197 196 191 196 192 195 206 202 198 
185 186 181 178 182 183 176 181 179 175 170 172 174 175 176 173 165 169 151 160 160 177 179 177 148 116 135 141 154 161 159 149 171 173 176 177 180 180 178 182 180 185 182 180 185 184 183 181 177 174 170 168 162 169 180 180 183 182 183 185 181 178 178 180 178 177 171 170 162 127 84 140 140 135 121 110 105 100 107 144 156 178 183 185 183 185 179 182 186 197 195 194 198 198 196 191 193 197 196 203 
184 187 186 181 186 181 177 178 179 177 174 173 178 176 174 173 164 169 152 164 152 176 180 181 180 116 133 140 148 156 161 164 170 177 175 178 177 178 176 185 180 180 174 180 181 179 179 173 163 168 165 172 170 176 180 180 181 183 181 187 183 176 175 176 177 172 167 167 159 119 105 143 138 134 122 117 111 81 92 136 163 176 184 188 188 183 179 185 184 193 194 199 200 196 196 198 191 193 205 201 
183 183 187 181 184 182 179 181 183 183 180 176 175 174 176 173 159 165 156 160 148 171 182 180 184 133 122 135 144 152 158 160 166 171 177 179 181 177 180 179 178 180 179 181 178 171 165 161 164 172 174 179 177 180 178 179 179 181 178 182 181 173 173 177 173 168 163 165 159 119 100 136 134 126 118 120 122 117 126 140 168 176 185 193 186 186 178 181 188 186 193 195 198 197 198 197 192 194 200 201 
187 183 183 183 182 185 183 180 177 181 181 180 176 181 182 178 164 158 165 147 156 163 177 182 181 153 108 138 147 152 156 159 163 165 169 172 179 174 173 177 180 176 178 167 156 160 161 170 175 177 180 181 180 180 178 175 175 175 172 172 172 171 175 175 169 164 163 163 157 132 116 136 130 128 121 118 111 113 123 144 175 173 182 193 189 186 178 179 181 188 191 194 196 201 201 202 194 190 201 200 
190 185 186 188 186 187 182 182 180 181 182 182 180 180 182 179 172 161 164 148 158 149 179 181 183 179 107 128 139 149 151 160 162 163 163 166 161 154 163 164 163 160 162 164 164 173 177 177 182 183 182 180 178 173 173 172 175 172 172 173 176 173 174 174 171 165 169 168 164 146 120 129 133 131 120 116 75 82 110 144 179 186 175 189 184 183 179 181 182 184 191 198 197 197 200 200 191 188 194 197 
187 186 191 187 189 184 182 177 180 177 179 180 180 178 176 178 181 162 165 158 155 147 171 180 184 185 98 118 131 148 150 156 162 165 166 168 166 165 166 168 168 165 169 171 173 179 180 181 182 181 181 178 176 171 172 174 174 174 179 176 175 175 170 170 172 165 166 165 161 147 131 132 130 127 131 107 90 105 115 131 178 189 174 189 189 181 183 178 180 185 191 194 194 197 202 197 190 186 195 198 
187 189 193 190 185 184 183 181 178 175 176 181 181 182 179 180 183 170 167 171 149 149 159 178 182 183 138 106 129 136 144 151 156 165 167 167 167 171 168 172 173 173 176 176 179 180 179 181 181 182 180 177 174 173 173 172 175 178 179 176 175 176 173 173 173 172 170 168 164 145 132 127 122 124 129 125 114 110 95 122 169 193 176 174 185 183 179 180 183 186 189 193 195 199 198 197 191 190 194 201 
187 188 188 190 189 186 184 181 183 179 180 181 182 182 183 180 184 177 171 170 161 151 150 176 180 184 162 96 129 130 138 146 151 157 159 162 170 170 169 172 174 173 175 175 178 179 179 181 184 179 178 173 173 173 176 174 178 181 178 179 180 178 178 176 178 173 168 167 157 148 127 96 101 112 126 130 125 136 138 164 180 193 185 162 180 185 180 180 184 187 191 194 199 199 197 197 189 190 191 198 
164 187 187 187 187 186 192 191 188 185 182 175 185 186 188 187 185 186 182 171 177 155 149 170 180 181 181 107 126 132 133 140 147 151 154 160 162 166 166 171 171 171 174 175 176 175 175 174 175 176 175 176 174 173 173 174 174 176 179 178 176 178 175 175 173 169 166 162 151 145 122 92 99 112 136 154 167 179 179 182 184 190 186 162 178 183 183 179 180 189 195 193 194 194 200 194 192 184 186 196 
160 186 188 192 190 187 189 187 186 188 185 185 181 182 187 183 188 182 183 175 174 156 155 160 177 179 178 142 103 128 130 140 144 149 157 156 155 163 166 166 167 170 170 173 174 177 175 176 180 181 179 176 177 177 180 184 183 181 183 178 177 176 177 167 163 162 159 158 154 146 131 119 161 162 169 179 181 187 188 187 188 191 186 170 166 180 186 178 179 185 191 194 195 198 194 198 197 189 186 193 
178 180 188 186 186 183 188 189 188 186 182 183 185 181 185 185 184 184 183 174 172 156 164 148 178 177 178 170 95 127 128 130 142 146 150 151 159 163 164 168 166 168 172 174 177 178 175 176 179 176 174 175 178 175 175 177 178 175 176 178 180 175 170 170 165 162 158 156 153 147 140 155 171 172 175 178 181 186 186 187 187 192 187 172 169 171 180 176 179 187 187 195 195 193 197 193 192 189 185 190 
198 180 184 186 189 188 190 185 185 191 186 190 183 181 180 185 183 181 188 187 177 170 159 157 169 176 179 179 103 114 132 128 136 143 146 149 151 154 159 163 167 172 170 171 176 177 177 176 176 177 177 178 176 175 180 178 179 174 175 176 175 172 175 169 164 157 153 157 157 151 141 159 171 174 179 179 178 182 185 188 186 188 188 170 177 165 181 174 180 187 187 184 194 193 195 190 192 185 184 187 
202 190 177 183 195 191 190 193 192 191 189 189 187 183 187 180 186 186 186 180 182 174 159 167 149 175 177 180 160 92 128 132 131 146 147 147 151 153 153 160 166 170 172 174 179 182 180 177 178 177 179 174 183 179 180 180 177 176 174 174 172 172 171 165 156 146 150 150 152 151 143 154 175 183 180 185 185 183 185 186 185 185 187 172 173 178 168 172 177 182 186 187 191 193 189 187 195 192 181 190 
192 197 180 187 193 193 196 195 190 191 189 189 192 187 186 186 185 188 189 186 182 173 172 162 139 169 174 181 179 98 120 133 133 135 139 139 140 146 150 150 158 167 167 174 178 179 178 177 176 176 173 175 175 173 172 178 173 174 175 171 169 165 161 153 149 152 159 160 152 145 141 141 179 187 185 188 185 182 183 183 185 184 185 169 154 179 176 173 175 179 183 186 192 196 194 192 196 188 180 186 
200 197 189 178 183 190 191 193 196 194 195 196 193 190 191 191 187 186 189 186 189 181 177 171 160 154 179 178 179 144 97 132 130 127 129 133 148 148 151 151 155 159 163 167 174 177 180 177 180 176 176 178 173 179 175 178 171 169 171 169 170 165 162 153 158 154 149 150 141 135 134 141 180 186 185 183 184 185 183 186 188 180 178 154 153 169 182 173 171 180 185 192 191 196 192 195 197 190 181 186 
201 198 201 173 190 192 190 195 195 193 195 197 190 191 192 192 192 192 191 188 189 182 178 179 158 151 167 178 178 174 99 114 130 133 135 139 144 147 153 153 151 151 160 165 163 165 171 176 175 176 173 176 175 173 173 172 175 175 173 167 167 161 159 151 153 150 150 145 138 139 136 146 178 185 182 179 182 187 188 191 186 180 168 147 169 173 173 181 168 172 184 189 190 189 193 193 194 193 177 182 
202 205 200 190 182 186 187 195 195 190 192 195 193 191 191 193 190 190 191 194 192 192 183 177 172 151 152 177 178 178 137 89 128 127 133 140 144 146 147 153 151 154 157 159 161 165 168 172 172 174 174 173 175 172 173 172 169 169 168 165 162 156 152 153 151 148 142 140 144 142 140 141 170 180 180 178 179 185 193 191 184 177 162 154 180 184 174 179 177 165 179 185 190 190 192 195 191 195 181 181 
202 204 197 199 175 190 188 192 191 193 196 195 195 196 195 198 192 192 191 188 193 189 189 180 180 164 148 171 175 177 157 86 117 126 133 142 144 145 144 147 151 150 152 158 163 163 161 160 167 166 172 170 167 168 166 165 165 164 161 157 156 160 157 156 153 146 144 141 138 139 137 130 167 181 183 180 181 183 191 190 184 170 160 156 178 185 182 170 182 175 171 183 188 188 188 192 194 197 188 179 
202 199 195 195 176 186 190 193 193 194 192 194 195 190 194 196 196 192 197 193 195 192 190 184 182 180 150 153 179 176 176 118 92 122 130 140 144 148 144 145 149 149 150 156 160 163 162 161 163 162 167 161 162 161 154 156 162 159 157 158 157 156 155 157 151 146 142 138 134 133 135 127 152 180 179 180 180 181 187 186 182 166 157 144 175 184 183 180 172 183 181 182 181 182 186 191 196 197 188 182 
196 195 196 196 200 177 189 191 192 193 194 194 190 195 196 196 200 198 197 197 200 200 200 190 183 182 173 141 170 180 181 167 78 106 121 130 141 145 144 144 144 150 148 151 153 156 157 165 166 163 167 166 169 165 153 155 157 158 156 160 154 157 152 156 150 147 136 130 136 136 128 118 132 161 170 176 178 180 184 183 179 164 147 149 163 172 174 173 163 178 183 185 183 182 185 195 196 195 187 182 
198 202 199 196 199 168 190 190 193 195 195 198 198 196 198 200 196 198 196 199 197 195 191 189 183 182 180 162 145 178 179 173 99 92 124 125 130 137 142 144 144 143 147 148 151 154 158 161 156 162 165 167 169 157 155 160 161 159 155 152 152 146 142 135 130 126 129 132 131 129 119 109 128 142 148 158 175 183 181 178 177 158 120 159 160 169 175 175 174 170 175 181 176 184 184 192 193 195 188 179 
195 200 204 201 200 181 180 194 194 190 190 192 192 191 192 195 196 196 197 196 196 196 193 191 188 184 180 179 152 163 177 176 129 83 118 123 125 132 136 144 144 144 142 144 144 152 151 154 155 164 160 166 158 158 159 155 156 148 148 140 134 131 142 146 151 151 150 149 144 142 143 135 124 138 158 163 177 182 182 182 177 145 165 168 169 176 179 177 175 180 184 171 171 171 179 193 191 194 191 174 
191 203 203 195 197 192 166 185 190 184 188 191 192 193 193 192 193 196 196 197 199 199 195 194 190 186 185 185 166 136 167 178 175 85 104 137 125 127 132 133 137 143 147 147 148 151 151 153 152 158 161 162 156 158 158 149 148 146 143 144 153 158 161 162 163 161 162 162 161 161 162 155 143 147 150 170 179 184 185 183 176 166 171 161 166 171 173 176 180 180 179 176 174 164 169 187 195 196 187 174 
205 197 197 202 198 196 170 183 183 185 187 188 191 194 191 190 191 196 197 197 197 198 198 196 192 188 187 183 175 141 151 175 175 124 86 135 128 126 129 135 139 144 147 149 150 151 150 146 155 155 153 150 154 161 156 148 146 146 152 156 163 166 164 166 170 169 168 168 166 167 167 163 163 168 155 161 167 171 180 185 179 178 172 159 157 162 171 177 183 183 179 174 178 179 161 177 190 192 187 176 
213 200 198 199 197 197 176 171 185 185 186 188 188 193 193 192 196 196 196 198 195 196 195 194 189 186 178 177 179 152 144 160 175 169 112 102 137 134 131 134 135 137 144 143 146 137 147 150 149 148 150 151 153 151 146 150 155 158 157 159 161 165 164 167 172 172 169 169 170 170 169 168 172 171 171 161 161 173 177 178 177 176 176 167 153 153 163 174 180 180 178 184 189 188 186 155 178 189 188 178 
213 204 197 202 194 201 196 161 187 186 188 190 192 189 195 194 193 196 198 195 194 195 191 193 190 183 178 175 177 156 143 169 157 174 149 91 117 146 136 130 133 134 138 135 134 142 146 145 146 147 156 155 148 147 154 159 158 161 161 163 162 168 169 169 171 173 169 167 170 174 172 171 176 174 172 173 178 176 178 177 174 171 175 179 165 151 168 176 181 179 180 184 187 185 186 163 165 181 182 184 
202 204 197 198 199 204 203 166 183 187 188 189 189 193 193 195 195 194 196 195 194 192 194 191 189 187 182 176 177 157 152 161 168 164 174 116 92 130 138 129 126 132 130 139 141 142 142 144 149 151 156 151 150 157 161 162 158 161 163 160 162 166 168 167 169 168 169 169 172 171 170 173 172 175 176 175 176 178 177 174 171 171 172 172 168 148 157 170 174 173 180 184 178 172 189 188 166 177 188 187 
193 198 194 196 203 205 206 196 158 187 185 188 189 192 190 194 194 197 199 195 197 194 192 190 188 184 179 176 178 166 147 148 173 158 163 169 96 104 135 130 129 129 134 137 138 141 142 143 142 145 151 146 155 160 163 158 158 158 160 160 160 162 164 168 167 164 165 170 167 169 172 176 174 173 174 173 174 176 173 173 173 171 168 164 157 144 148 159 160 171 179 183 184 184 187 185 168 176 188 185 
191 202 197 199 208 210 202 201 155 184 187 188 190 190 191 192 194 195 195 195 191 191 190 191 190 186 181 179 182 175 150 139 173 173 155 173 143 86 105 135 135 134 135 137 136 136 142 139 145 147 152 153 156 159 162 157 165 162 162 162 160 158 159 161 163 164 161 166 164 165 167 169 171 168 170 171 172 172 172 172 171 168 168 170 167 152 148 155 156 162 174 180 184 181 178 168 175 179 176 182 
195 205 201 195 206 207 201 202 168 180 188 188 189 188 189 190 192 193 194 195 194 194 191 190 187 184 181 179 178 174 148 149 168 174 160 159 168 125 86 116 131 136 137 137 142 145 144 149 148 154 158 152 156 158 158 154 160 160 162 162 162 161 157 159 155 159 159 162 163 162 161 162 161 160 161 164 167 169 170 169 171 170 172 173 168 157 144 154 164 162 165 165 166 171 175 178 179 189 176 173 
195 203 204 195 204 208 204 204 192 166 188 187 185 187 190 193 189 190 193 194 191 189 189 187 182 181 182 178 178 176 149 163 145 176 173 150 167 167 100 93 120 132 136 142 143 142 146 147 148 153 154 150 152 153 150 152 153 153 156 154 155 154 152 155 152 152 159 161 162 164 163 162 160 155 158 156 159 161 163 161 166 167 165 164 163 161 149 142 160 168 169 172 175 178 178 174 159 184 187 170 
189 205 208 203 196 205 207 201 196 160 190 190 190 191 191 190 188 189 189 192 192 188 184 184 188 184 185 177 174 177 148 164 145 175 177 161 171 175 162 110 97 122 132 139 142 144 145 144 141 149 150 150 149 152 152 156 155 152 153 155 154 152 150 154 155 158 161 159 158 160 162 165 159 156 153 152 152 154 155 159 160 162 167 168 164 162 162 151 143 153 164 169 178 181 179 164 178 172 187 179 
185 206 213 202 187 206 203 200 197 172 171 193 193 192 191 191 192 191 188 187 187 186 191 192 189 181 181 173 177 178 144 157 133 172 182 180 164 174 176 146 89 103 123 130 138 140 142 142 138 146 146 151 153 150 152 148 147 147 146 145 144 142 144 143 148 150 151 154 152 151 153 157 157 155 149 148 148 146 142 148 150 152 155 157 156 155 153 155 160 162 153 157 172 176 165 161 175 180 174 189 
180 205 205 201 188 203 199 197 201 193 158 188 194 192 191 194 195 191 190 190 195 191 189 186 189 181 177 168 173 171 149 160 135 168 176 182 162 174 179 169 96 90 108 126 127 131 135 138 137 138 144 146 145 142 146 139 137 138 136 134 136 135 137 133 133 134 136 141 143 139 136 133 133 136 138 132 137 138 137 135 130 136 146 149 149 155 149 147 146 155 162 174 178 166 169 176 173 183 177 180 
176 193 197 198 194 189 197 200 202 202 171 188 198 197 197 197 197 192 193 193 198 193 185 185 185 178 179 174 178 172 151 153 133 172 174 182 175 168 181 181 147 88 122 117 128 125 122 126 127 126 134 141 138 135 138 138 135 127 123 123 123 122 124 127 126 127 121 120 122 124 118 116 119 116 117 122 138 147 145 148 137 145 162 169 174 172 172 168 156 152 157 167 167 177 191 182 181 176 181 170 
174 189 194 205 205 185 197 204 204 204 189 164 197 199 199 195 197 196 194 192 192 189 186 182 182 179 176 179 179 166 153 138 140 178 180 174 179 170 173 181 181 126 91 101 131 131 124 124 121 115 117 122 126 126 130 132 139 122 103 105 112 117 125 122 120 114 105 107 114 122 124 133 141 134 131 133 146 159 161 158 146 153 169 173 176 178 175 175 164 167 174 181 185 191 194 186 181 179 180 172 
169 186 193 204 210 194 190 202 205 205 197 156 187 197 198 197 199 197 191 190 186 188 182 180 178 179 178 188 188 174 155 116 156 182 180 173 174 173 165 174 175 172 117 95 107 123 125 131 128 126 122 125 118 114 114 114 118 112 92 114 122 114 113 120 115 122 118 124 133 139 141 150 147 140 136 142 146 158 160 160 149 162 168 174 177 176 175 175 166 165 177 187 192 191 192 192 183 183 179 170 
200 173 197 204 215 212 193 203 207 200 196 158 179 195 198 197 194 193 192 187 184 180 180 182 181 184 188 195 193 187 162 123 167 183 183 175 171 169 165 159 168 174 166 102 96 113 123 129 130 132 124 127 122 124 121 118 113 116 115 131 130 124 125 128 130 134 129 127 139 139 145 150 147 143 131 137 155 156 161 163 147 164 169 174 176 173 175 172 171 166 179 188 196 194 194 193 184 183 180 167 
206 184 191 205 213 211 198 192 202 198 196 167 166 195 194 196 197 189 188 182 179 175 181 182 182 187 184 185 187 185 164 120 144 176 177 172 164 164 162 163 160 163 164 145 118 105 112 125 128 128 125 128 127 126 125 117 118 126 128 131 132 126 129 129 129 135 133 135 137 135 143 148 148 141 136 142 154 158 163 158 150 164 172 172 176 178 175 170 169 167 180 189 193 192 193 196 186 180 177 179 
205 190 183 201 206 209 201 180 191 197 196 193 147 196 194 193 191 183 185 178 182 177 182 182 181 184 181 181 183 187 180 125 134 179 178 176 175 171 159 158 158 164 174 178 118 94 98 113 124 125 127 125 130 127 129 123 121 128 131 136 132 127 130 130 126 130 130 136 138 139 138 141 149 138 141 151 158 160 162 156 148 165 171 172 176 175 176 171 169 165 179 187 191 196 188 177 171 178 193 182 
203 193 187 202 201 210 204 187 188 201 202 203 151 173 189 193 185 179 183 178 181 177 185 188 188 185 181 187 192 194 190 127 127 168 178 172 169 173 171 173 171 177 187 191 190 129 93 102 110 119 128 126 129 127 124 121 124 132 133 136 131 128 126 128 125 126 136 137 137 139 141 144 144 142 138 150 161 161 160 152 151 161 173 173 177 176 176 168 167 168 176 178 174 175 173 177 179 179 169 166 
198 186 180 193 201 209 208 196 187 205 210 207 186 150 172 176 177 178 181 188 180 182 186 184 185 184 189 192 197 197 171 112 130 171 174 174 175 169 182 187 193 190 193 195 197 190 115 98 101 111 123 125 128 124 119 121 129 132 133 129 132 127 123 126 124 128 138 141 142 142 140 139 140 140 142 153 157 164 158 151 144 167 171 176 177 176 175 165 159 166 168 173 175 173 171 163 153 159 168 178 
196 185 178 188 201 209 202 200 188 208 212 210 198 158 167 177 179 182 185 181 182 189 190 190 189 198 197 192 186 184 135 121 160 172 171 173 176 184 185 192 197 199 199 199 198 193 166 105 96 102 110 116 124 127 129 129 134 130 129 130 130 124 125 127 125 131 136 138 142 143 137 138 140 140 143 154 160 159 156 146 147 164 171 172 170 169 165 169 174 173 170 163 152 149 157 170 179 180 179 175 
193 186 174 188 203 202 202 201 188 207 211 207 196 155 170 192 181 183 187 186 186 193 200 201 195 189 181 192 201 207 151 131 173 171 174 174 181 182 194 197 188 197 205 198 190 177 161 133 109 92 96 107 120 129 130 134 136 130 127 129 129 122 124 125 125 132 137 143 139 140 135 135 137 138 141 151 156 159 161 146 143 160 164 166 172 173 170 166 156 140 132 143 167 182 191 194 182 177 177 174 
