134 138 135 123 115 98 93 92 94 95 96 100 101 103 104 105 105 107 114 105 117 137 88 93 99 128 135 135 129 120 117 117 129 136 144 139 135 128 132 112 90 66 70 88 98 156 102 89 78 83 71 60 55 53 50 43 58 38 38 41 47 49 54 59 64 71 77 84 74 47 53 68 69 63 49 51 45 66 49 57 73 87 82 87 84 116 75 58 26 22 16 15 15 16 18 70 17 13 8 14 
98 105 97 106 132 153 161 164 158 155 146 136 118 101 91 92 94 95 101 95 130 128 88 93 89 98 122 134 111 113 121 129 127 118 111 115 112 106 105 103 116 127 129 129 132 149 115 83 55 66 85 94 89 87 86 84 89 75 60 52 42 42 39 39 42 47 58 80 54 40 48 62 65 53 62 41 65 57 45 35 58 51 30 32 77 115 95 84 58 59 56 47 38 30 19 70 20 14 8 21 
98 105 94 90 108 110 112 110 111 113 115 125 142 160 171 169 161 158 153 134 152 115 90 90 89 97 131 116 104 114 119 106 107 108 108 119 87 97 97 106 97 93 93 94 93 148 89 113 123 127 134 129 121 101 85 76 64 82 100 98 89 83 76 70 62 48 54 79 37 33 38 44 57 56 41 48 61 46 58 54 79 60 57 70 136 71 76 70 18 16 17 22 38 50 55 73 66 61 24 39 
155 152 148 146 149 149 135 123 108 112 117 115 112 111 112 110 113 114 122 119 165 123 105 142 141 152 145 133 123 108 98 98 99 97 106 110 77 92 78 81 57 59 61 65 85 147 59 62 83 87 80 85 88 90 107 122 118 122 113 108 102 81 73 70 72 83 92 86 84 80 75 69 45 46 41 52 61 79 78 77 87 75 54 84 155 35 83 62 21 15 15 14 13 15 18 61 40 33 44 57 
121 123 102 100 123 130 145 158 170 172 169 162 164 158 143 132 120 116 119 93 157 119 89 94 112 122 120 141 135 151 147 140 139 138 138 130 95 83 67 64 42 41 45 45 96 123 48 35 37 63 67 67 72 83 80 73 80 75 77 90 98 114 114 113 118 113 104 90 75 57 54 57 76 78 73 82 88 89 85 69 72 84 51 90 135 31 84 58 26 16 16 14 13 17 16 58 35 16 9 13 
111 115 94 91 118 125 125 126 128 128 131 137 141 154 164 174 182 183 166 156 163 150 128 112 122 113 130 112 88 107 105 106 104 104 105 108 132 139 132 125 122 114 100 78 122 98 41 31 35 48 50 52 52 60 61 46 64 68 69 71 80 83 75 78 74 75 88 107 96 106 108 102 89 83 72 70 66 66 68 85 96 84 75 122 93 58 81 52 25 11 15 12 13 17 17 52 40 16 10 11 
89 90 82 81 96 103 110 111 116 114 117 121 124 126 127 129 127 125 119 115 139 144 147 160 164 165 155 151 142 134 123 108 102 104 107 82 98 76 78 59 62 64 73 91 160 96 104 114 114 112 97 76 61 66 41 55 57 57 60 61 63 62 66 70 72 70 73 96 62 62 61 71 72 95 101 110 109 102 99 85 76 75 51 145 49 63 97 63 27 11 11 12 11 15 13 41 50 20 10 10 
153 144 126 112 103 96 97 102 97 93 99 98 98 104 106 110 118 120 108 114 144 171 182 177 137 104 86 83 97 103 116 140 142 138 137 135 131 120 104 81 74 69 65 62 158 95 51 41 51 68 76 96 109 112 112 109 107 101 84 70 63 58 62 63 66 67 65 89 65 64 58 46 81 95 88 97 93 94 94 90 95 104 96 104 50 53 83 61 41 9 9 11 12 17 15 34 65 17 10 8 
132 136 134 145 170 171 166 164 167 159 149 138 118 103 107 116 162 154 130 146 170 187 196 188 166 122 106 98 94 87 97 103 108 97 86 93 96 109 130 140 143 136 126 124 147 117 76 59 57 75 72 70 70 52 67 69 66 71 82 94 102 102 101 101 99 87 79 101 64 49 46 65 83 86 90 93 91 95 93 92 86 95 92 106 58 72 84 64 45 7 10 10 12 17 18 27 77 16 12 7 
115 118 111 95 111 119 120 124 124 120 137 146 162 179 152 135 117 140 139 154 191 202 188 156 142 140 141 130 113 100 103 119 128 121 119 116 106 92 93 93 97 96 99 109 127 115 112 123 137 135 135 133 114 97 99 88 83 83 76 77 76 75 74 69 70 78 87 103 92 92 92 92 89 82 87 72 70 80 82 82 87 102 130 71 69 75 85 65 46 8 11 11 14 18 17 23 73 22 11 7 
132 130 117 120 133 116 121 127 138 131 123 124 138 141 122 90 66 153 147 139 163 174 152 147 151 150 152 154 139 118 118 129 142 151 154 132 126 104 95 89 88 86 88 120 123 84 66 68 74 90 93 91 94 117 126 134 132 132 127 119 106 91 86 85 82 80 78 104 51 66 89 89 89 92 102 100 94 93 95 86 82 100 139 47 54 63 80 88 49 5 10 12 16 18 20 21 78 22 15 11 
133 135 112 127 137 136 142 154 161 161 151 138 157 131 133 80 111 176 166 146 156 178 164 170 165 154 152 154 155 129 127 144 158 158 164 160 152 137 121 93 86 87 85 120 119 100 83 83 73 76 77 69 76 84 87 85 86 88 90 96 107 118 120 112 119 108 108 104 71 79 78 82 80 80 87 90 97 100 95 84 94 118 126 93 98 94 102 89 64 8 9 12 15 15 19 18 77 23 15 10 
116 116 119 130 144 139 142 148 152 154 150 154 167 172 151 131 136 162 150 119 160 173 183 178 172 163 154 157 160 149 134 149 149 160 170 169 171 169 170 157 151 153 129 135 142 133 133 128 132 114 98 93 101 93 92 85 82 78 79 87 92 97 99 95 92 91 75 106 100 103 103 105 106 102 92 77 74 80 91 86 92 135 85 71 80 72 76 126 79 67 55 44 36 25 20 17 75 28 17 10 
138 135 111 108 134 145 143 143 144 141 136 156 169 167 161 149 143 131 137 124 152 159 166 171 172 165 161 162 164 156 147 162 147 163 176 181 184 182 183 178 179 175 170 162 171 158 155 163 155 148 139 128 138 135 132 116 101 86 79 77 75 79 79 83 87 89 86 102 80 85 102 95 88 96 101 106 111 105 100 97 88 122 63 77 86 78 74 106 68 15 23 36 51 57 75 72 85 59 44 33 
128 129 112 100 136 135 141 146 139 129 127 154 165 160 160 157 149 130 126 129 150 155 156 159 158 157 154 163 170 166 152 171 164 160 179 185 192 190 198 194 194 187 184 177 178 179 177 179 163 155 154 142 137 146 141 134 135 124 109 96 88 76 67 58 64 80 87 103 75 84 102 99 91 101 100 98 95 103 99 92 92 117 59 79 93 80 81 124 58 24 14 21 20 14 18 19 62 65 41 51 
132 130 122 116 130 130 123 117 132 133 130 151 152 165 163 160 170 153 129 139 156 155 162 169 163 155 150 168 179 174 165 169 172 166 175 188 190 201 210 198 202 196 193 191 187 191 192 191 176 166 170 155 145 147 143 144 144 144 134 128 124 134 128 119 112 110 117 113 90 90 82 79 75 77 78 89 88 96 101 96 120 139 64 79 96 84 79 110 66 46 17 21 20 16 19 20 51 63 21 12 
139 140 116 105 136 138 148 149 145 135 138 137 157 177 180 186 190 147 112 150 174 159 173 179 163 158 153 170 185 187 177 184 186 175 172 182 194 206 207 200 203 199 199 199 193 195 203 196 186 185 177 166 159 154 156 150 144 147 144 141 133 126 116 109 97 83 80 96 103 115 111 108 108 107 100 97 87 84 85 82 133 123 68 80 85 83 75 112 73 46 13 15 14 15 18 19 46 61 17 11 
123 124 112 103 134 139 138 138 142 138 134 150 176 189 194 201 154 103 109 155 173 175 179 170 163 159 158 159 180 193 196 200 198 187 175 175 190 197 208 207 211 205 211 205 201 196 204 204 198 193 184 176 179 171 164 156 153 153 147 140 139 136 128 125 119 110 90 87 86 98 98 97 104 96 92 95 104 109 113 107 115 105 91 93 77 65 57 95 79 42 12 15 16 17 18 17 38 74 17 12 
134 141 130 122 135 133 135 138 137 131 132 158 173 174 194 152 109 98 95 162 158 160 170 169 165 167 163 163 176 192 198 206 206 192 179 174 182 185 199 206 206 203 212 208 206 204 209 210 205 197 189 184 177 168 166 160 158 156 143 138 140 133 133 137 130 124 120 102 82 78 88 94 102 102 95 99 106 102 97 98 98 94 71 75 93 100 101 92 80 27 13 15 15 16 19 19 32 78 18 16 
130 136 118 105 139 141 141 142 143 143 138 157 160 180 184 140 210 217 135 153 153 148 145 156 170 168 169 170 180 185 189 200 204 194 186 180 181 189 199 208 211 209 215 211 213 209 212 217 208 198 186 180 163 152 156 159 156 154 152 150 144 137 143 137 129 129 127 117 110 87 79 82 97 107 103 92 104 105 100 97 93 106 67 75 96 100 90 91 69 28 13 15 18 21 19 19 29 82 20 19 
131 127 120 110 127 129 130 131 132 135 139 156 167 167 165 160 237 226 130 161 157 153 146 139 171 169 161 173 174 171 176 178 192 197 190 183 183 191 203 206 210 214 215 215 218 213 218 215 202 186 175 165 150 147 158 158 155 152 152 146 141 132 137 137 144 138 134 131 123 110 91 86 95 97 104 95 99 102 107 100 103 95 72 76 98 99 90 97 65 36 14 16 18 20 19 21 25 86 29 17 
142 142 124 108 142 144 143 144 151 151 150 147 158 151 153 159 160 123 124 172 153 157 149 137 156 146 156 165 160 163 167 164 174 182 179 182 186 190 201 205 210 210 209 217 218 213 214 207 188 169 163 148 139 148 152 153 151 145 142 136 134 139 136 142 138 129 144 136 138 119 103 111 105 93 89 91 91 94 102 99 103 96 74 69 92 91 83 97 70 42 13 17 18 20 19 22 25 89 25 18 
133 133 125 119 131 129 127 133 143 152 140 139 149 149 144 157 164 160 160 164 150 154 147 156 149 148 155 145 144 154 157 152 155 165 166 179 186 193 199 205 210 209 211 220 219 219 213 201 176 159 156 142 135 145 151 151 150 147 146 140 134 125 130 139 132 139 149 148 147 139 122 111 110 120 111 109 99 91 93 93 98 86 83 70 97 88 77 93 60 43 10 16 16 19 19 23 45 100 34 22 
142 142 124 99 132 137 141 144 140 140 139 144 152 150 155 152 158 163 138 148 148 151 150 155 146 150 160 137 133 150 153 142 147 151 161 172 183 190 198 204 207 209 220 223 218 212 203 185 161 150 144 137 138 148 152 145 147 149 147 139 128 128 134 138 137 135 136 139 144 141 141 121 110 113 119 127 121 110 114 108 99 84 89 66 92 89 84 90 74 51 11 16 18 20 21 60 143 127 43 21 
133 138 142 103 130 142 142 147 143 142 140 152 156 150 151 164 164 159 146 138 133 152 156 160 158 139 144 139 124 145 150 141 143 146 152 166 180 187 194 198 206 209 218 215 206 193 177 164 147 140 136 137 140 151 153 145 142 147 146 125 126 131 125 131 130 135 133 140 142 139 144 142 122 112 116 115 112 114 123 131 130 127 90 90 95 82 80 89 122 87 66 56 44 36 29 94 153 128 47 22 
139 139 133 99 125 135 135 137 125 130 140 157 155 157 156 163 158 152 155 156 141 136 153 148 162 157 148 146 124 133 142 137 145 149 151 162 173 182 185 193 201 204 209 209 192 179 166 150 140 138 135 137 148 150 149 148 145 150 151 136 138 131 121 125 130 125 130 131 135 132 139 146 134 119 119 106 99 104 116 125 126 127 91 89 118 123 117 104 72 81 42 55 80 96 101 97 93 92 71 54 
137 142 141 104 135 141 145 142 136 131 156 160 161 159 173 169 160 153 151 152 158 142 134 139 145 147 154 150 134 126 133 135 147 154 150 155 163 158 161 173 184 190 191 190 171 159 154 144 138 134 136 145 147 152 152 149 141 146 147 141 142 138 130 128 122 125 121 123 124 127 131 142 146 130 114 100 96 101 111 125 126 121 92 81 119 120 118 116 70 76 99 121 122 135 138 136 132 114 78 46 
132 132 129 103 124 137 141 141 142 159 160 162 165 165 164 168 164 160 158 153 150 153 144 137 129 133 138 147 138 123 129 133 147 150 148 155 148 148 157 160 164 172 180 163 157 150 144 136 131 130 147 153 151 146 141 147 151 150 150 151 144 133 130 124 132 131 128 123 121 117 125 130 143 139 124 97 97 107 104 119 125 120 101 76 108 110 120 110 72 71 93 135 138 139 135 134 130 106 70 23 
145 145 145 115 130 141 140 139 161 158 166 169 174 172 165 166 173 169 159 148 150 154 149 145 136 134 127 125 129 124 134 138 145 145 146 148 148 152 157 160 167 158 168 155 148 145 135 134 132 143 150 149 147 139 147 151 156 155 151 148 144 146 133 136 138 138 128 128 124 130 128 126 130 135 129 102 104 98 96 114 124 118 103 70 97 103 111 103 80 65 87 129 133 130 128 125 120 110 79 22 
147 148 147 113 140 149 147 162 161 165 168 179 180 181 175 181 185 168 151 143 142 141 145 146 145 138 135 130 123 131 144 140 139 144 145 143 150 156 160 161 160 154 155 147 139 139 137 138 144 150 147 141 145 143 146 151 152 148 147 152 149 148 136 141 139 139 133 128 123 123 124 121 128 133 133 109 103 100 93 110 121 120 108 66 88 102 103 113 86 79 72 113 114 110 107 108 117 113 86 24 
141 145 146 111 144 149 159 164 166 170 178 184 192 187 190 192 182 167 157 158 142 128 135 140 139 138 129 125 118 125 131 130 131 139 147 150 150 154 157 158 152 151 143 140 140 140 141 144 147 152 145 146 151 147 149 148 148 150 150 153 152 146 142 149 143 138 134 132 137 131 132 124 128 127 128 111 104 102 92 107 123 124 110 67 91 104 97 107 87 73 63 105 111 101 97 101 110 110 100 26 
139 141 139 122 142 144 163 168 172 178 181 189 200 198 193 182 172 166 162 149 126 126 131 133 126 126 125 120 117 124 129 134 136 138 146 145 149 148 152 149 148 139 135 141 137 143 149 151 142 143 144 152 153 151 150 149 150 150 151 149 148 145 145 150 141 136 138 143 138 134 124 122 115 114 127 135 118 99 85 101 114 112 108 71 89 104 92 80 92 72 43 45 51 58 61 58 100 145 100 29 
148 146 145 108 147 146 166 169 172 181 183 187 187 181 171 168 159 151 151 137 137 136 138 137 137 140 135 135 133 125 124 134 133 132 144 142 147 142 146 144 145 140 139 148 145 147 150 143 141 148 149 150 149 150 149 149 153 152 151 152 152 147 150 145 136 133 144 143 139 130 121 116 117 121 130 137 135 125 106 102 103 105 106 69 75 86 83 70 93 70 33 24 33 60 100 116 120 149 107 29 
149 148 144 112 147 146 151 168 167 169 167 162 160 159 155 150 112 140 145 142 145 146 137 136 133 136 128 126 128 124 129 127 130 131 136 139 141 138 140 140 143 146 142 146 141 140 142 138 147 151 147 151 153 149 152 150 152 150 152 151 149 148 146 137 129 140 147 142 132 122 119 126 128 131 129 131 138 134 130 124 125 133 121 79 117 119 118 121 101 85 72 121 128 137 137 133 119 143 115 33 
142 143 138 117 143 144 146 148 134 143 131 138 146 145 144 145 107 143 146 144 147 146 143 147 144 146 135 135 140 111 130 122 128 133 133 132 132 133 132 137 141 141 143 140 139 142 148 143 147 149 150 156 155 151 158 154 155 153 154 152 148 150 147 135 132 145 146 139 132 116 122 134 132 134 122 124 137 131 126 125 121 132 124 84 121 115 118 120 106 78 72 128 133 138 134 133 122 116 116 38 
150 149 135 129 150 152 154 154 142 153 141 148 152 144 138 141 105 143 148 146 149 146 145 146 144 145 134 136 140 110 134 116 127 130 129 129 131 127 134 135 138 145 143 138 140 150 146 146 155 153 155 159 162 159 157 158 155 156 155 152 152 152 148 135 140 146 147 142 132 118 124 137 135 131 121 121 129 122 118 116 117 131 118 92 115 117 115 125 118 77 66 126 135 133 131 133 130 102 110 43 
150 150 125 133 149 149 148 148 145 146 140 145 151 148 141 150 131 148 143 142 142 141 138 140 139 142 133 137 139 114 138 113 119 132 133 132 131 135 130 131 144 139 140 143 142 152 145 151 147 154 157 156 159 156 163 156 154 155 152 154 154 149 144 136 143 144 137 137 130 117 125 140 135 131 120 122 127 121 115 108 119 131 112 98 113 126 124 124 126 80 70 109 118 125 127 129 125 114 116 47 
149 151 118 141 149 150 150 148 143 144 142 145 148 150 149 145 112 148 148 150 151 149 145 146 146 143 131 129 124 111 125 115 111 126 134 129 131 134 131 137 136 139 141 142 149 148 147 151 152 154 154 157 158 155 160 154 152 153 147 149 151 144 145 140 141 135 133 134 125 118 124 141 137 128 118 119 124 125 118 112 124 128 113 99 107 133 132 118 128 132 102 88 79 84 85 92 93 97 105 67 
144 146 120 146 145 146 149 148 142 145 143 147 150 152 151 143 120 150 149 150 149 148 148 148 148 148 136 142 137 118 141 118 106 121 129 133 134 134 139 139 134 140 134 139 143 143 145 150 147 153 151 152 155 151 156 151 150 150 144 144 143 143 145 143 133 128 133 136 128 119 135 139 137 122 116 118 123 134 119 116 132 132 117 105 110 132 132 118 133 116 114 88 113 113 108 89 73 64 81 87 
151 150 121 152 153 154 151 151 153 155 151 159 151 149 150 135 125 149 149 151 150 148 150 150 149 149 136 142 134 120 140 117 111 116 128 132 132 135 139 139 132 141 135 141 134 139 148 147 139 150 145 146 151 145 148 150 146 142 137 140 136 134 137 139 130 130 136 138 124 122 130 134 128 120 116 114 118 124 117 115 130 123 111 109 104 120 111 106 135 126 117 80 84 74 50 30 22 18 58 89 
154 152 111 152 151 151 151 148 148 148 147 151 154 154 155 141 142 150 146 146 144 140 143 139 140 141 135 143 129 126 137 111 115 123 126 132 135 134 134 137 130 137 133 128 133 134 141 140 141 146 142 142 141 140 142 150 145 140 136 138 132 123 133 136 129 130 132 135 119 121 117 125 125 119 117 117 126 123 114 118 115 111 113 119 84 96 95 96 113 125 113 55 22 23 19 20 18 20 48 81 
153 151 115 154 152 153 152 149 147 147 146 152 154 155 155 127 142 154 154 153 154 149 150 148 150 146 136 137 120 120 111 104 115 124 130 133 133 130 136 132 132 136 136 128 127 130 127 135 134 137 137 135 137 143 142 146 142 142 139 134 133 128 123 127 120 124 130 123 111 115 102 121 131 122 118 118 112 102 102 95 92 93 90 122 45 74 99 86 126 115 117 70 18 22 19 19 22 19 42 93 
149 147 124 151 151 153 153 150 148 148 148 153 154 155 153 123 147 154 156 156 155 150 150 148 154 153 141 147 121 128 101 112 121 128 133 139 139 137 137 135 131 135 134 131 136 132 128 128 124 125 136 139 137 139 143 134 133 135 132 123 127 124 118 122 112 113 119 117 103 103 104 113 115 105 97 91 95 93 96 88 91 90 87 155 53 79 91 84 96 126 133 43 19 21 20 20 19 19 36 108 
154 146 133 155 158 158 155 156 160 155 158 155 149 150 152 121 146 154 157 157 154 151 152 150 155 153 141 151 119 122 104 121 127 131 141 138 142 143 139 142 143 144 141 141 138 135 129 127 123 122 122 127 131 132 131 127 126 122 125 122 122 123 114 117 115 115 115 119 114 104 101 97 101 110 108 90 95 95 93 88 89 85 97 142 48 78 86 84 78 130 127 35 20 23 22 22 19 18 28 111 
153 141 130 155 154 155 156 150 151 149 151 155 156 157 157 133 152 150 146 146 143 141 142 139 142 142 135 146 114 120 103 116 124 128 133 138 140 145 148 148 149 154 151 147 148 144 139 139 136 128 127 120 130 128 125 125 127 117 123 122 120 123 117 118 118 123 118 108 110 112 108 110 119 115 102 93 95 94 89 87 89 82 94 142 49 69 85 82 79 126 119 37 18 24 23 20 20 19 25 113 
155 135 139 154 155 154 154 149 151 149 155 157 157 158 158 123 159 159 160 160 156 156 155 153 156 149 139 145 116 110 103 115 124 132 133 136 141 147 150 152 149 152 151 148 148 149 145 150 148 140 138 134 129 131 129 128 124 128 128 124 124 121 120 116 117 119 113 117 127 126 122 122 117 105 90 96 93 93 92 86 88 80 84 137 59 68 84 84 76 136 125 43 19 24 25 20 20 22 28 104 
150 127 145 153 154 156 154 150 152 150 156 157 158 161 158 126 160 160 161 159 157 155 157 154 161 155 144 152 119 118 104 111 124 137 139 132 131 137 138 144 140 146 147 154 152 152 151 148 147 144 139 138 138 136 134 138 131 134 130 131 127 126 122 122 124 121 118 120 128 126 125 124 114 106 86 97 97 94 95 92 88 87 90 135 65 51 67 72 70 151 118 56 20 25 21 20 21 24 29 115 
154 132 153 149 149 143 137 141 138 135 143 149 160 156 153 125 158 159 163 162 156 156 158 155 162 155 145 154 118 106 100 110 124 132 140 142 143 139 141 135 129 135 140 143 146 147 152 149 145 144 147 143 139 139 140 141 138 137 137 136 135 129 129 131 128 127 119 124 123 124 122 125 108 100 87 93 98 97 96 92 88 79 90 128 147 130 127 111 112 145 130 68 18 22 22 20 23 22 26 109 
158 119 160 158 160 158 155 151 154 152 157 158 161 159 151 126 153 150 148 147 145 143 146 144 151 147 140 148 114 100 103 110 123 133 141 143 146 145 142 146 141 138 143 144 143 143 152 149 148 142 139 146 141 145 145 143 142 139 137 135 133 131 132 132 129 136 134 129 132 130 125 115 111 101 87 100 98 86 92 90 83 80 86 127 81 60 89 96 101 128 124 98 16 22 23 20 23 26 23 104 
156 122 160 157 157 158 156 154 155 155 161 162 162 162 160 132 163 163 164 164 158 161 158 156 161 153 142 141 114 102 99 116 119 131 138 141 146 148 145 143 143 140 149 151 151 142 148 147 145 140 136 139 142 143 147 147 146 145 139 136 131 133 131 131 134 129 132 129 128 124 115 112 109 101 88 95 97 90 88 89 79 78 78 122 87 50 86 82 73 118 95 93 17 22 25 24 23 25 24 94 
148 123 152 154 156 157 154 154 155 156 160 163 162 163 156 136 162 163 164 164 159 162 159 160 167 156 150 151 119 104 102 108 120 134 144 139 138 141 147 145 146 144 147 150 148 144 142 143 141 136 142 144 144 149 154 150 145 141 139 137 136 134 132 130 130 125 126 124 120 117 114 107 106 101 95 99 94 88 89 82 80 81 74 126 101 45 78 82 77 124 134 125 78 70 44 40 34 32 24 76 
155 126 148 149 154 152 153 144 146 152 156 154 156 157 151 138 156 159 162 165 160 162 157 162 167 154 149 153 114 101 97 108 119 129 137 138 139 141 144 148 151 151 144 143 145 146 143 142 140 136 138 143 146 155 150 146 144 139 135 138 140 137 132 129 129 125 129 123 119 118 115 105 98 101 97 99 93 85 87 79 81 80 74 130 117 44 79 81 81 146 149 149 110 110 98 136 144 137 129 129 
152 131 161 163 162 162 155 157 155 159 163 161 160 162 148 147 156 156 157 152 146 147 144 147 148 139 142 146 113 98 101 114 115 129 139 141 142 144 153 154 155 156 150 145 146 150 146 149 141 140 140 143 145 142 146 142 140 137 136 141 140 136 133 133 129 131 132 129 118 113 113 108 94 102 109 95 93 85 87 85 86 84 77 124 95 36 78 79 83 141 131 132 20 26 25 24 24 29 38 76 
150 138 161 163 162 161 155 158 154 159 163 162 164 166 144 152 165 166 165 166 162 163 162 165 169 156 152 153 119 103 103 114 110 125 133 144 145 148 151 156 153 148 150 147 146 145 145 147 140 141 142 141 144 137 140 133 141 138 138 137 140 136 133 132 128 129 126 118 110 112 111 108 98 99 98 90 89 84 90 87 83 85 84 126 106 35 80 83 78 132 124 128 20 23 27 23 22 22 23 54 
146 144 156 157 158 158 154 158 157 160 164 163 163 165 133 156 165 167 167 165 161 162 160 164 168 156 154 153 120 112 108 111 112 122 136 143 143 146 151 155 158 154 151 143 143 147 143 139 133 140 140 136 143 138 136 135 135 138 137 135 142 136 131 131 128 128 127 120 110 111 107 100 98 100 99 93 94 92 87 84 83 85 79 105 128 36 68 79 88 112 126 137 25 24 24 22 24 25 25 42 
136 154 158 154 152 154 153 153 156 159 159 154 158 159 136 152 158 160 162 160 161 162 160 166 167 156 153 156 129 117 106 114 124 129 137 140 144 141 143 148 155 157 155 151 150 149 142 145 143 143 143 139 140 143 133 143 139 138 137 142 139 132 133 130 128 127 125 119 115 110 113 108 96 96 103 92 91 87 92 89 87 75 77 106 127 37 59 74 64 85 127 138 29 23 23 21 23 24 31 31 
131 161 164 164 163 159 155 158 158 163 164 164 164 162 137 161 161 159 159 152 150 149 147 149 149 142 144 144 127 113 111 117 128 139 139 138 137 139 150 153 147 152 149 152 154 158 153 149 143 143 139 141 143 142 143 145 142 141 146 146 141 138 135 127 127 128 121 116 115 111 111 107 104 101 107 93 91 87 83 81 78 76 74 95 140 40 58 48 24 64 128 155 41 25 23 22 23 27 31 26 
128 163 165 164 163 160 159 159 160 164 165 165 168 167 133 168 168 168 167 164 164 165 164 170 168 155 157 153 132 122 112 118 131 139 146 147 134 135 151 155 147 149 151 155 158 159 157 150 154 147 144 146 148 146 148 145 144 148 150 150 146 143 136 134 135 132 122 115 117 112 104 96 102 109 110 94 74 78 78 72 72 75 78 93 140 34 21 23 26 58 124 142 46 25 24 23 27 28 28 27 
128 155 158 159 160 160 160 160 161 163 165 167 166 167 138 167 168 168 168 164 165 164 164 169 168 155 157 148 139 130 113 113 124 141 145 148 146 140 148 152 158 163 161 162 166 166 159 155 155 153 155 149 151 153 147 142 144 148 149 147 142 143 139 138 134 127 123 118 114 105 104 95 100 99 94 87 85 82 92 79 77 83 80 72 120 26 20 23 24 52 131 131 45 24 24 24 26 28 25 24 
130 156 162 159 161 159 158 156 154 157 155 156 159 159 142 157 157 160 163 159 163 165 167 170 169 155 160 148 150 143 109 110 127 139 142 147 152 152 148 155 161 161 158 167 168 165 156 164 154 154 156 154 152 147 144 143 145 148 147 143 143 137 136 136 131 119 119 112 108 104 100 99 102 103 97 97 94 88 91 79 74 48 25 39 136 28 23 23 23 43 139 126 52 25 25 26 32 29 25 23 
137 164 164 163 163 158 160 159 162 165 167 167 165 163 140 163 163 160 158 155 156 151 151 152 150 143 145 138 143 136 107 115 125 142 143 149 151 147 149 151 152 151 158 162 159 155 159 159 157 156 158 158 155 157 150 149 153 146 142 141 141 133 132 130 128 122 121 115 110 105 99 99 102 103 96 94 91 85 82 50 26 22 22 34 143 28 20 23 23 38 142 123 53 24 29 30 34 30 29 25 
135 163 164 165 165 160 161 160 164 166 169 167 167 167 142 167 167 169 168 163 166 163 168 171 165 156 161 139 160 148 115 117 122 143 140 150 151 147 147 143 143 144 156 154 152 151 155 156 156 156 160 156 156 158 153 152 152 146 138 137 138 133 129 128 129 123 125 116 111 104 95 100 101 98 91 79 79 62 34 23 23 22 24 29 137 26 19 22 26 37 146 121 59 24 26 28 28 27 26 25 
135 159 162 163 161 158 161 160 164 166 167 168 167 166 144 171 170 170 170 164 166 162 167 174 164 157 163 140 160 158 133 106 117 140 143 144 148 147 148 149 146 152 152 155 155 157 157 157 159 152 152 149 154 150 148 147 144 138 137 139 137 131 129 126 124 123 123 113 108 99 98 100 101 95 90 73 41 26 23 25 23 23 23 28 139 31 19 21 28 34 146 109 58 20 29 27 28 30 27 27 
150 161 165 164 160 160 161 161 157 158 161 160 161 160 143 160 163 164 165 162 165 162 168 173 163 155 163 140 163 161 138 104 120 141 145 144 145 150 157 150 153 155 155 159 155 159 161 161 159 153 152 154 150 142 145 144 139 136 141 144 140 139 130 131 128 120 116 111 106 103 101 99 101 91 57 34 26 25 22 23 23 22 24 25 139 35 19 22 24 31 148 105 72 22 28 30 28 29 28 28 
156 166 166 166 164 160 162 161 166 168 169 168 168 160 152 167 166 163 162 156 154 151 153 154 149 145 149 132 148 150 139 105 129 143 144 137 138 145 151 151 156 155 156 154 150 150 155 154 157 155 153 154 148 145 145 144 139 137 146 141 134 132 128 126 126 124 123 117 120 116 101 99 93 73 57 34 27 26 24 24 23 22 23 25 131 37 20 23 24 32 147 103 74 23 29 30 24 24 25 26 
166 168 166 165 162 160 161 162 166 169 170 169 171 159 158 171 174 173 169 166 168 166 171 174 166 156 169 137 161 159 150 106 130 144 146 142 144 151 150 146 148 150 148 150 148 147 148 150 147 150 149 146 146 149 148 144 142 143 144 139 132 129 132 130 132 131 125 124 126 129 120 108 93 73 53 33 28 25 24 24 22 22 23 24 132 47 20 22 22 26 138 124 97 74 72 74 73 85 71 66 
167 167 167 167 165 160 163 162 168 169 170 171 172 154 162 172 170 172 169 168 170 168 173 173 164 154 163 140 164 162 156 108 129 145 141 140 146 150 152 149 156 154 149 149 146 145 147 150 153 149 147 140 145 145 144 142 147 147 145 142 138 133 136 135 131 133 130 122 129 120 119 110 99 69 40 34 28 25 25 24 22 22 23 21 130 45 17 22 25 26 132 99 99 22 31 28 29 31 33 37 
157 157 158 158 158 156 156 159 158 163 165 164 161 145 156 162 165 169 167 166 168 167 172 173 164 155 163 140 168 165 162 109 130 143 138 142 145 147 147 153 156 154 153 145 144 141 142 145 151 144 144 145 149 149 144 143 146 143 142 144 141 136 143 137 135 136 138 131 126 120 118 114 114 100 63 31 31 27 26 25 24 22 22 23 120 50 17 20 25 28 126 92 103 19 26 27 28 28 28 26 
167 168 167 167 163 162 161 165 167 166 166 165 167 145 162 163 161 162 156 155 152 151 154 156 147 143 146 134 150 151 148 121 137 142 138 148 150 145 149 149 147 154 154 156 148 147 146 146 148 137 140 146 146 144 146 144 147 142 147 141 139 140 146 144 143 139 130 133 127 122 120 112 116 108 100 47 29 28 29 27 26 25 24 28 123 61 16 21 25 27 124 95 115 21 28 29 31 26 29 29 
167 168 168 167 164 162 165 167 169 170 171 172 170 148 172 172 170 171 168 169 170 168 170 175 164 158 166 140 163 161 159 142 141 141 137 146 144 141 143 146 153 149 146 153 150 152 154 149 147 138 142 147 144 141 143 144 149 143 143 139 142 146 147 144 140 134 129 134 130 125 121 119 113 113 102 74 35 27 29 27 25 28 80 129 157 79 18 22 22 25 115 98 116 21 29 30 33 28 30 26 
169 169 168 165 161 163 165 167 170 172 171 164 163 148 173 172 172 173 169 169 169 169 173 175 163 156 166 140 164 166 162 149 140 138 144 146 142 141 148 156 151 147 152 153 156 156 149 144 141 143 147 152 147 152 146 138 138 136 135 147 148 147 139 139 140 141 138 134 133 130 128 121 119 126 123 96 68 31 28 27 27 54 148 156 162 124 38 19 25 27 105 110 115 54 75 36 31 27 27 28 
155 157 158 160 160 161 160 154 149 143 139 129 147 144 169 171 171 172 168 169 166 168 173 174 161 158 169 141 165 164 167 152 136 141 137 143 143 140 144 147 150 150 150 155 156 155 151 148 144 148 146 151 150 145 139 129 138 139 141 145 144 143 147 143 148 143 139 138 140 135 130 128 138 141 131 107 96 49 29 26 28 115 167 168 168 138 56 20 27 26 99 123 131 112 156 95 32 30 27 28 
170 168 167 159 145 137 124 124 120 118 125 129 151 144 162 160 157 156 152 151 149 149 151 149 143 143 155 140 149 150 155 146 134 141 139 135 143 137 139 143 145 149 149 155 158 155 152 148 145 147 144 143 141 140 133 129 145 143 146 143 148 148 152 153 140 131 133 134 146 138 135 137 146 146 130 118 114 64 28 27 30 129 161 169 168 133 64 18 27 41 114 134 131 118 177 163 61 32 30 29 
156 145 135 125 117 115 108 109 117 132 159 165 168 147 172 172 173 174 169 168 162 158 155 157 146 148 165 142 163 164 160 150 132 137 147 139 138 136 138 144 146 148 152 153 155 149 147 147 146 149 151 146 143 142 139 137 145 147 148 153 155 150 148 144 141 141 142 133 143 134 139 141 144 148 137 128 110 76 31 29 31 112 142 164 175 141 64 24 46 75 144 140 134 111 174 169 89 33 33 34 
117 112 111 117 123 125 135 150 158 163 167 170 170 146 172 173 174 171 165 162 137 120 110 106 105 110 144 143 168 167 164 155 123 132 145 144 137 133 132 139 144 143 151 151 147 146 147 143 145 148 151 149 145 149 140 141 149 156 150 151 152 144 151 152 145 142 143 138 135 141 148 145 142 141 129 127 98 86 49 57 66 139 157 165 174 147 81 60 101 153 175 149 143 104 150 153 72 34 32 32 
119 126 132 131 131 124 122 139 150 159 162 168 170 146 173 173 169 165 156 153 136 104 83 75 82 85 107 115 145 151 141 127 111 127 140 142 135 129 127 135 135 143 147 149 149 150 147 139 136 142 145 150 151 150 143 143 147 147 141 145 145 146 156 154 145 146 146 146 143 151 153 158 151 140 125 116 107 95 94 100 124 137 153 157 151 148 85 139 159 189 188 155 144 106 159 142 59 32 31 30 
129 143 151 172 169 152 147 155 155 152 159 157 153 144 160 158 156 146 130 118 108 110 94 80 78 80 74 81 90 99 111 114 110 127 138 139 129 129 132 134 135 149 144 147 150 148 150 140 131 142 146 155 151 154 136 138 141 136 138 141 144 148 151 150 147 141 142 153 158 163 172 163 143 138 129 110 116 104 111 109 112 120 126 131 136 159 89 144 175 200 201 164 151 100 151 144 43 32 36 34 
141 146 136 133 130 125 125 126 130 137 140 155 168 152 171 173 174 164 129 96 91 92 108 93 85 78 78 85 88 103 111 116 119 131 136 139 135 131 131 139 133 143 139 142 144 144 143 133 139 147 149 153 145 148 133 134 132 136 144 147 146 143 140 145 140 137 142 154 164 175 177 163 144 135 131 124 127 120 118 121 123 132 139 143 134 162 98 155 187 202 201 174 143 96 123 90 40 39 42 43 
110 105 106 107 107 109 110 108 108 122 130 138 151 154 171 171 171 165 154 122 89 96 94 93 91 95 101 108 112 115 117 131 142 144 141 139 141 143 132 135 133 139 138 135 143 142 143 142 141 147 149 147 142 140 134 140 128 136 145 145 139 138 136 141 134 132 139 155 177 182 175 165 149 136 136 139 139 133 125 132 134 144 147 143 135 166 108 164 191 195 191 181 134 82 43 34 39 39 43 39 
92 92 97 90 97 104 105 116 119 120 119 129 141 160 172 171 171 162 150 134 108 105 101 102 101 107 115 117 120 118 128 136 144 145 142 136 140 141 132 132 138 138 140 139 137 141 142 145 146 148 147 144 143 139 138 144 129 130 135 140 131 133 135 136 130 131 137 141 168 172 161 178 159 144 147 156 164 160 140 133 151 171 164 145 147 172 115 166 179 176 163 184 121 79 25 30 33 38 38 35 
122 128 127 125 133 136 130 127 120 118 118 138 137 149 157 159 152 140 129 115 112 110 115 117 116 118 123 126 127 126 133 134 132 138 140 137 142 129 135 134 142 130 139 136 135 136 144 143 152 145 143 140 148 133 136 142 129 126 131 136 127 125 137 132 118 121 129 129 147 152 142 163 153 150 157 173 184 181 168 170 180 186 173 151 147 156 106 141 154 124 76 168 129 96 74 75 76 75 74 72 
139 129 130 130 135 135 148 155 150 132 126 129 133 163 166 154 132 118 113 115 122 119 124 127 127 127 127 132 136 134 131 126 128 132 128 137 134 121 123 138 137 130 136 140 134 134 140 147 145 143 139 142 142 133 132 135 127 132 131 132 128 119 125 120 108 119 133 138 141 133 130 139 146 145 162 179 187 180 175 178 179 175 169 152 132 178 74 58 55 31 28 166 109 111 28 38 46 43 40 44 
134 133 138 137 142 141 136 141 133 132 149 125 133 149 138 131 115 117 123 122 126 130 135 132 132 136 134 132 139 138 136 132 127 130 127 132 129 122 116 123 125 127 138 137 133 131 134 145 142 144 135 142 136 130 129 128 127 135 131 130 121 98 96 106 90 113 138 139 137 142 136 130 133 138 149 160 166 169 159 146 141 124 91 59 48 173 56 34 35 30 30 159 109 121 29 36 37 41 42 39 
147 152 150 154 162 164 168 165 157 107 139 136 117 100 100 108 109 121 128 134 132 133 136 141 143 141 137 140 142 142 136 136 134 131 127 130 130 128 124 121 121 124 131 129 125 123 122 133 135 135 131 131 129 138 127 124 122 125 122 124 111 84 66 83 66 118 135 131 126 134 146 148 137 134 139 140 136 127 120 114 98 80 64 46 51 175 94 86 87 96 105 179 145 106 29 35 33 39 48 39 
152 150 155 154 158 160 162 165 162 153 143 137 109 101 105 114 122 129 134 137 135 139 136 142 142 146 142 138 137 132 138 134 134 132 131 135 140 145 140 135 131 137 134 126 125 121 119 128 131 130 130 127 119 122 129 129 128 125 115 125 81 70 54 57 46 136 134 126 132 138 142 144 143 141 137 132 123 114 106 106 107 105 105 103 102 173 85 37 35 29 34 179 188 66 37 39 35 40 37 38 
168 168 163 159 161 160 163 162 160 145 121 110 102 108 117 124 128 132 136 136 137 142 140 142 142 145 137 136 130 136 136 135 134 131 127 134 141 141 143 135 131 143 138 134 128 131 124 129 135 133 133 130 128 126 143 146 141 139 117 132 47 51 45 49 60 141 129 128 138 138 138 141 137 134 131 127 125 119 116 115 113 109 108 109 110 176 108 69 111 96 74 169 192 92 64 37 42 38 34 36 
169 168 164 164 162 166 168 165 148 118 106 103 100 109 118 127 131 135 139 141 142 144 140 138 140 143 142 137 134 136 135 142 140 151 161 166 169 167 168 155 145 163 158 154 150 151 143 138 144 148 143 138 123 117 132 128 121 119 110 102 42 42 42 46 77 140 131 135 143 138 137 139 138 139 135 133 130 123 119 118 120 120 124 119 115 171 120 77 125 127 128 168 209 78 68 39 40 38 33 32 
167 168 163 163 162 167 166 142 109 101 99 100 108 122 127 133 139 139 143 141 136 137 137 138 143 141 141 139 137 139 147 153 157 165 169 171 171 173 173 166 149 175 170 164 164 164 166 168 167 165 171 162 144 150 161 155 145 142 118 135 39 40 41 50 96 138 143 144 145 141 137 139 137 138 143 139 136 133 128 127 127 125 124 122 124 170 135 91 132 135 135 167 217 68 99 103 71 38 33 31 
158 160 157 160 159 161 141 111 98 105 111 117 124 129 130 136 140 145 142 140 139 135 133 136 139 141 140 142 138 146 158 162 167 171 172 173 171 172 175 167 153 175 173 165 164 162 166 169 167 170 168 164 148 145 162 154 145 143 117 134 38 42 41 47 121 136 154 149 149 154 156 154 154 145 142 138 134 134 131 130 131 129 128 128 130 161 136 93 138 146 144 151 167 136 109 140 145 124 75 42 
162 161 157 154 137 128 110 106 107 114 121 122 126 134 138 138 137 143 142 140 137 136 129 135 136 137 137 142 134 146 147 145 151 157 160 159 159 161 165 160 147 174 168 166 163 164 170 171 173 170 170 170 145 148 163 157 144 144 111 139 40 39 40 56 138 145 161 162 152 144 142 145 155 156 154 144 137 133 129 127 129 130 134 136 137 168 145 99 135 143 148 151 170 162 115 139 147 145 150 146 
169 166 153 131 116 104 109 108 113 122 127 130 134 137 136 134 136 137 136 135 134 133 133 142 141 152 149 164 164 164 158 159 161 159 159 163 159 153 154 134 132 142 140 135 135 133 138 138 135 136 135 135 122 139 163 154 146 144 112 138 39 41 41 67 139 148 168 175 166 155 139 132 155 154 146 145 145 142 136 133 129 130 131 135 142 164 150 111 135 146 152 147 150 118 114 145 152 147 155 149 
158 134 117 110 106 103 105 116 126 131 133 133 132 133 132 132 132 139 134 134 134 142 150 154 152 169 156 171 173 173 168 166 162 170 173 172 174 172 172 152 154 171 170 165 164 161 168 169 165 165 168 163 149 145 162 154 145 142 115 138 37 38 37 84 139 151 176 182 172 164 152 126 155 152 146 143 144 142 143 144 142 137 131 132 136 156 157 125 142 151 154 145 135 135 113 144 156 150 157 151 
125 114 116 117 120 118 119 124 124 133 133 131 131 131 129 127 129 133 136 141 149 165 170 165 160 171 153 168 171 173 172 167 165 171 172 170 173 170 172 154 154 174 176 167 173 163 168 172 167 167 164 158 131 143 163 152 145 141 122 140 38 38 40 104 137 148 180 185 182 172 161 129 154 152 146 144 143 140 142 144 143 145 148 146 140 152 164 129 140 152 154 152 131 138 116 141 157 153 160 156 
116 121 124 130 128 124 123 124 129 123 129 130 126 121 122 127 125 133 137 147 157 160 161 156 152 162 149 168 169 171 167 169 165 174 172 172 172 172 173 144 158 172 172 166 165 164 167 171 170 169 166 163 135 135 162 153 142 143 122 143 39 40 42 113 141 134 173 187 191 179 173 139 144 153 147 144 141 142 139 144 145 148 149 156 157 161 168 127 139 150 156 156 137 128 122 140 159 156 154 157 
119 125 129 133 129 124 125 125 120 121 127 123 121 119 131 141 146 157 158 163 166 164 163 157 153 151 137 145 146 148 144 142 146 142 139 141 139 145 140 126 136 142 143 138 138 136 136 137 132 133 128 121 110 117 129 123 113 113 103 111 34 39 41 125 148 126 156 184 190 183 178 157 141 156 150 145 141 140 140 141 144 147 154 158 156 159 172 140 138 150 154 163 147 117 122 138 157 159 155 154 
123 128 130 129 124 124 121 115 115 118 113 114 127 146 163 170 168 169 166 171 175 173 173 168 162 164 160 169 171 168 164 169 166 172 170 167 174 176 173 158 164 170 171 167 169 163 166 166 167 168 165 161 143 124 147 150 142 141 103 153 39 41 47 118 142 126 139 175 188 186 180 168 141 156 148 145 141 140 148 148 149 150 158 156 157 162 182 149 155 164 153 155 184 127 122 116 124 128 128 119 
118 119 123 121 122 116 113 114 117 111 122 125 161 172 173 173 170 169 168 170 173 173 172 165 167 166 158 170 174 168 165 166 165 170 169 170 171 173 172 144 167 171 168 167 165 161 166 166 164 164 167 163 126 134 157 148 144 144 108 146 38 42 88 126 151 136 133 157 181 179 177 168 145 153 149 147 141 142 151 151 150 152 156 158 164 162 183 151 153 176 165 158 177 125 102 90 94 100 93 81 
114 114 109 110 115 111 118 116 121 124 152 140 172 173 173 173 170 171 168 173 175 174 172 166 161 152 161 172 172 170 165 169 168 170 169 175 171 172 174 146 165 170 169 164 167 163 165 167 165 166 163 160 134 140 158 153 148 148 105 148 40 43 86 128 154 152 145 141 167 170 164 155 143 152 150 148 145 141 147 148 149 148 150 153 160 162 185 150 152 177 170 170 205 129 150 129 155 152 155 104 
109 103 104 116 119 128 133 144 140 144 139 123 141 148 146 151 146 147 140 149 145 142 143 138 136 130 143 142 145 143 141 139 144 143 142 141 135 143 144 129 140 140 142 135 135 138 140 136 138 134 140 138 130 137 159 153 144 146 109 147 42 42 55 81 148 150 156 149 151 154 148 130 148 150 149 147 146 140 144 154 153 152 154 154 157 159 187 147 154 177 173 173 200 137 167 143 160 155 158 104 
128 131 136 146 149 163 166 167 166 168 167 142 172 174 174 171 170 168 169 174 174 172 169 166 164 161 164 167 170 168 164 163 168 172 171 175 174 173 171 147 168 166 165 157 155 160 162 154 147 142 121 117 108 141 156 148 143 144 105 146 41 46 51 41 112 154 147 142 114 126 141 138 150 149 150 148 147 141 142 152 154 157 159 159 157 157 196 143 154 179 174 171 197 145 165 154 182 179 158 105 
