37 41 46 41 37 37 37 38 39 42 44 44 44 39 37 37 36 35 36 38 40 42 47 50 56 60 69 82 94 91 101 133 160 159 152 151 144 144 146 148 152 154 157 161 165 163 166 158 160 162 132 75 65 50 61 51 55 45 54 49 55 50 59 53 57 55 63 46 63 61 57 64 86 168 103 125 69 69 57 70 146 144 106 38 47 74 67 47 59 53 52 91 94 69 56 55 41 36 36 52 
35 41 47 41 38 37 37 37 41 41 45 45 40 38 34 35 37 38 39 40 44 47 52 58 66 79 92 91 106 136 160 161 155 153 153 148 151 151 152 148 144 151 156 156 174 171 174 168 172 171 125 88 68 67 56 48 63 55 56 50 53 54 51 46 47 44 59 52 48 57 53 62 176 163 106 92 85 71 64 114 195 209 122 57 66 60 67 51 59 55 56 115 102 80 62 50 42 39 38 53 
37 42 48 41 37 38 38 39 42 41 44 42 37 35 35 39 38 40 41 44 49 54 60 74 87 90 98 135 161 163 161 158 153 151 153 153 147 147 139 141 150 150 159 158 170 177 176 171 151 149 125 117 60 52 54 55 62 50 57 58 55 53 63 53 54 54 45 52 42 47 62 114 117 98 104 96 101 94 101 153 138 111 54 72 76 92 94 71 59 57 66 154 139 124 80 68 63 63 58 53 
38 43 50 42 40 40 40 40 42 42 42 37 35 35 38 38 39 41 46 50 53 64 79 87 94 129 156 157 155 151 149 151 152 146 149 152 160 150 147 132 119 120 140 150 152 146 117 80 64 69 71 143 69 53 56 56 65 55 49 54 54 52 61 64 55 58 56 48 55 51 88 103 68 63 69 112 118 88 120 129 110 80 74 82 74 156 118 75 68 69 142 238 218 177 105 84 72 63 55 49 
38 43 49 42 41 39 40 41 40 39 36 35 35 36 38 41 45 46 52 57 64 80 83 115 152 156 139 121 136 148 155 148 145 151 159 159 146 107 104 85 77 71 71 77 101 109 109 107 99 88 72 138 90 52 52 51 50 50 55 57 55 53 48 50 50 60 49 53 53 64 93 52 39 44 51 64 83 95 115 99 79 64 66 72 138 174 77 63 62 90 133 157 134 105 74 51 48 48 41 41 
37 45 46 42 43 39 38 37 35 37 38 37 37 41 42 47 49 53 57 67 78 90 138 153 145 101 82 89 86 131 152 149 156 158 153 116 64 83 78 68 60 54 52 63 78 99 101 95 90 78 81 93 127 60 53 56 70 63 60 54 55 57 57 50 55 60 54 52 53 43 51 49 48 48 39 56 90 109 120 103 78 68 58 101 175 165 100 68 71 104 112 93 108 87 64 47 45 44 40 38 
38 46 45 44 46 41 38 35 34 39 39 40 40 45 47 51 52 56 70 80 100 139 139 112 89 85 85 106 84 116 150 155 157 158 100 54 101 93 88 72 57 43 34 29 55 101 86 70 68 69 77 78 104 82 52 56 61 55 54 57 60 59 57 60 49 52 51 47 31 21 23 37 47 47 61 85 100 100 86 78 82 63 80 164 188 147 106 76 80 113 84 77 85 70 59 47 43 45 40 38 
37 46 43 47 43 37 31 31 38 45 42 43 46 50 52 55 58 70 79 105 142 125 92 79 78 77 75 107 84 108 149 158 169 106 62 74 71 118 125 112 73 64 54 38 39 105 81 54 46 47 53 75 75 80 64 53 50 46 51 65 60 69 59 60 62 61 60 35 35 18 19 24 39 79 89 89 87 65 65 78 79 76 150 179 160 122 109 71 94 87 71 60 58 53 53 49 52 38 37 38 
39 48 42 44 37 31 27 28 41 48 47 47 49 53 56 60 72 84 120 134 102 79 69 67 63 63 70 104 89 99 140 166 137 66 86 86 71 67 41 50 49 49 30 33 36 63 98 58 56 55 40 40 73 100 78 66 56 49 50 49 51 55 55 82 71 47 54 62 53 40 61 96 102 105 99 108 84 70 62 69 72 147 181 183 126 127 113 87 82 65 57 50 48 47 48 45 48 39 39 37 
42 49 41 39 28 24 23 27 44 50 50 51 54 57 61 74 87 126 108 88 76 62 61 61 62 60 65 104 91 87 91 128 75 73 92 87 113 59 39 38 31 21 21 24 34 44 68 62 88 83 55 52 97 165 140 95 85 79 76 67 60 65 72 84 84 58 52 45 68 75 114 157 188 200 202 193 190 186 196 194 202 201 197 165 122 128 106 85 75 61 54 44 46 43 40 39 43 41 39 40 
48 44 37 32 26 26 27 30 49 52 53 54 58 60 72 90 115 96 81 62 58 58 58 57 58 57 66 106 90 77 76 69 99 81 76 74 53 35 41 36 31 31 30 30 33 46 57 81 102 116 65 84 139 182 162 106 118 115 98 74 68 71 71 75 77 73 70 83 86 87 162 198 202 205 201 195 191 193 198 198 202 203 178 122 130 131 114 83 71 57 69 48 47 51 44 42 39 38 38 41 
45 37 33 33 28 28 28 32 53 58 57 61 64 67 77 96 88 67 60 56 56 57 58 67 76 84 85 104 84 60 62 120 99 89 74 64 41 46 55 38 43 45 41 37 30 44 66 61 62 65 58 108 169 186 175 104 77 92 125 108 79 69 66 72 74 83 86 74 86 171 183 188 203 207 203 194 192 192 200 200 200 189 132 132 133 121 92 67 58 60 53 46 45 52 44 42 44 43 39 41 
37 34 33 34 31 32 29 30 45 61 60 62 91 97 88 75 61 55 56 56 56 65 87 94 88 85 84 103 85 54 76 146 104 102 90 86 80 96 66 67 65 60 52 40 32 55 84 63 63 74 83 142 190 191 179 170 86 53 57 56 82 85 77 60 68 91 91 61 134 179 191 195 186 197 203 201 198 197 200 201 179 132 135 133 115 82 68 57 51 48 46 45 45 47 47 44 43 48 42 41 
35 26 27 23 24 26 27 27 27 32 73 113 96 74 59 58 59 54 55 54 70 87 84 91 87 85 84 103 87 50 51 61 52 71 78 79 108 132 146 115 117 102 69 46 38 72 83 75 74 82 129 175 194 187 182 168 82 90 71 62 62 62 56 59 53 54 54 81 170 182 186 193 195 195 195 200 200 203 202 187 125 133 139 116 85 69 58 50 44 45 45 44 45 52 52 49 45 45 44 43 
46 44 41 34 32 33 28 24 24 27 66 85 66 59 53 54 58 56 67 82 80 79 80 80 84 87 83 99 90 45 23 26 28 26 44 55 63 67 66 78 88 90 68 49 66 151 102 86 77 103 150 191 194 185 182 167 103 62 87 140 74 59 58 64 58 56 74 151 182 184 186 186 188 191 200 195 201 202 177 129 134 136 121 93 75 63 55 49 46 48 44 46 46 44 49 45 46 48 43 43 
53 47 46 44 47 47 45 39 51 80 73 59 55 54 53 55 57 72 87 82 84 88 84 89 86 87 87 99 89 32 27 32 35 37 32 33 53 49 42 51 48 43 46 39 66 92 84 83 91 133 182 191 197 184 180 180 179 119 138 173 103 60 124 116 64 74 138 176 188 191 193 189 188 186 193 195 200 191 121 117 124 120 105 84 66 55 49 46 42 44 40 42 42 43 53 47 48 51 45 43 
52 53 59 58 54 47 47 76 76 63 57 54 53 52 56 60 78 86 85 83 91 87 92 88 88 93 95 93 88 27 22 25 30 36 38 34 37 46 36 36 36 29 37 44 65 65 81 84 109 154 189 197 191 189 185 184 185 173 161 177 137 67 74 84 103 132 172 185 190 191 195 195 190 190 188 191 190 199 191 137 108 102 89 65 53 48 45 44 47 42 41 43 46 53 51 52 45 50 45 42 
55 54 59 62 64 71 80 66 56 53 52 52 51 51 68 79 86 78 82 95 94 90 91 89 89 90 97 94 86 27 22 24 30 36 37 34 31 40 42 36 29 25 31 29 30 37 49 72 108 178 186 188 181 185 181 185 183 167 170 176 92 90 116 136 178 171 179 186 188 192 195 195 195 193 196 194 190 188 195 192 154 96 71 51 48 45 43 47 47 49 44 44 49 53 50 49 45 47 47 46 
60 60 60 68 89 70 54 51 50 50 49 50 50 83 85 97 89 81 94 90 94 87 87 91 100 94 98 93 95 34 29 36 35 32 30 27 20 15 12 10 9 7 6 7 8 9 13 23 60 131 148 146 129 136 144 164 171 161 177 183 160 151 179 183 176 175 189 191 188 189 191 192 192 196 194 195 194 187 185 192 196 158 89 51 45 47 44 51 45 53 60 43 44 51 46 49 50 48 45 46 
63 68 67 86 86 48 46 47 48 50 46 76 76 73 75 86 79 91 86 94 87 85 86 90 97 92 102 85 92 40 40 33 28 22 15 11 10 11 12 10 8 8 8 7 7 9 8 12 13 22 43 27 30 69 87 108 140 158 175 175 162 161 174 176 174 182 191 194 188 190 188 191 191 189 193 189 191 188 182 191 192 195 152 68 44 48 50 67 49 45 45 46 45 49 46 48 50 64 49 49 
70 77 63 72 67 52 50 51 65 64 70 70 77 75 84 84 96 89 85 89 84 92 90 95 93 93 92 85 79 37 38 33 19 14 12 13 12 10 9 9 9 9 11 11 10 8 9 11 13 11 9 15 29 53 66 85 90 108 134 142 128 116 146 163 174 189 193 193 191 192 192 191 191 192 192 187 189 189 187 190 189 192 196 139 52 50 50 45 48 47 45 47 43 46 44 51 53 50 51 50 
71 77 75 87 79 69 63 82 114 81 74 84 73 84 87 87 89 87 92 86 91 92 91 94 95 98 96 83 78 36 32 23 16 15 14 12 12 10 9 10 13 9 7 6 7 9 14 21 13 10 14 18 19 38 64 73 73 74 79 87 88 106 139 157 174 188 189 193 191 190 194 193 190 189 188 185 188 190 191 192 191 189 198 196 114 53 51 49 46 44 42 44 49 48 49 56 54 50 47 48 
58 62 65 97 80 74 76 80 86 81 79 80 85 95 84 82 80 82 88 84 90 92 93 95 88 92 100 78 63 39 39 26 22 17 14 11 11 10 10 11 8 8 6 13 15 24 33 15 10 16 20 21 17 19 45 69 75 79 79 80 90 122 144 157 170 181 192 196 195 196 192 193 185 190 188 185 188 190 189 192 192 195 193 198 191 88 52 47 46 41 43 47 51 49 49 54 55 51 49 46 
48 53 59 99 78 70 70 71 73 85 86 79 85 87 85 90 80 88 90 91 90 94 92 96 109 100 75 42 41 41 39 27 24 18 16 13 11 11 10 11 8 7 9 25 31 26 18 10 8 13 13 12 12 11 9 44 78 85 85 86 92 118 154 175 188 190 193 193 195 192 192 190 186 186 187 186 189 190 188 192 195 195 194 198 200 170 68 46 47 45 44 48 50 51 52 62 60 49 50 49 
47 50 59 94 74 67 68 69 77 80 84 88 83 88 86 90 91 94 85 86 90 87 91 89 96 101 94 57 47 46 40 32 32 27 19 16 13 12 18 16 8 9 9 14 16 13 14 10 6 7 10 11 13 12 8 20 71 83 84 86 90 113 169 182 191 196 193 194 195 191 188 187 186 190 186 186 187 190 189 192 192 195 193 196 200 200 148 57 47 47 47 47 44 44 48 57 57 52 55 46 
48 52 59 94 69 68 67 66 76 85 79 79 85 83 85 83 92 85 87 85 85 85 83 102 101 97 102 63 47 45 44 39 34 27 21 19 18 15 21 17 13 11 8 9 18 9 10 17 14 7 8 10 13 13 11 36 64 81 82 85 93 122 169 179 183 190 192 192 192 191 183 184 186 189 187 184 187 186 182 185 190 195 194 197 196 204 198 112 50 44 43 44 46 47 45 49 52 56 52 47 
48 51 59 92 70 66 68 69 83 83 82 81 79 83 86 90 87 88 88 85 85 85 82 88 89 94 91 82 58 49 43 38 35 31 25 24 22 20 20 18 20 18 18 13 19 12 7 9 10 7 11 14 13 12 11 21 42 61 75 76 84 111 160 166 176 183 185 187 189 184 186 188 190 189 187 184 183 183 188 188 179 184 178 164 180 178 187 181 88 47 47 46 46 47 48 51 56 52 48 54 
48 53 60 93 70 66 62 66 90 84 80 80 76 82 79 81 81 81 91 94 91 96 85 93 92 113 95 88 67 51 40 40 42 38 30 26 22 24 23 22 25 30 28 24 22 13 7 8 8 7 10 13 11 10 11 11 10 25 38 47 62 76 96 115 139 158 166 175 181 184 184 189 190 189 186 182 181 182 172 154 102 66 83 71 93 89 106 132 167 70 49 52 49 50 49 54 48 44 47 48 
46 51 59 90 70 64 68 80 79 79 77 79 92 78 83 79 75 92 91 89 83 90 85 89 91 96 99 93 89 62 46 44 42 41 36 29 22 24 22 25 37 34 17 16 13 16 14 13 14 20 23 22 19 19 25 22 15 15 22 31 37 42 62 73 82 96 120 161 173 176 184 187 187 188 187 182 161 103 53 40 31 20 19 26 26 34 39 60 154 145 60 55 54 56 52 47 44 42 40 42 
48 51 61 91 69 66 87 86 79 92 75 73 77 76 89 87 84 89 91 93 88 90 89 92 90 100 98 92 93 73 53 48 43 42 38 28 25 25 22 19 26 22 14 15 16 20 19 20 20 28 34 37 39 39 32 21 14 13 20 26 29 31 40 55 68 78 91 118 145 173 183 184 190 191 191 186 166 96 34 19 16 16 18 26 27 35 32 40 101 170 113 51 51 54 52 50 47 45 42 42 
48 51 61 93 71 68 74 79 78 89 78 78 78 78 78 83 83 97 91 87 92 92 99 91 90 100 100 87 97 82 58 51 41 36 34 26 25 25 22 18 20 23 23 19 16 19 24 26 27 40 66 87 108 86 22 20 16 14 18 21 23 24 30 39 55 74 84 93 115 159 171 178 187 188 189 188 186 173 143 114 102 92 78 36 34 38 37 42 66 153 187 73 54 55 56 56 60 50 45 44 
46 50 57 95 71 60 54 73 74 79 78 83 79 83 87 82 81 91 80 84 85 92 92 115 104 97 124 85 92 83 63 57 44 38 37 28 26 27 26 26 24 25 22 17 20 22 22 21 24 75 128 185 185 147 24 22 18 19 21 19 19 20 25 28 34 58 83 94 106 143 171 180 189 191 189 181 183 180 182 186 190 192 194 148 48 36 36 42 64 167 210 119 62 59 66 62 56 60 48 51 
48 51 59 95 75 68 66 73 75 83 87 78 83 83 84 86 83 103 91 90 87 100 89 97 96 95 102 77 108 102 73 69 52 41 36 33 28 29 27 27 28 28 22 24 21 19 22 23 25 159 173 168 180 94 26 25 25 25 22 18 19 19 23 26 29 34 52 63 69 96 151 178 182 181 179 172 172 182 183 184 183 156 124 99 41 27 27 39 68 174 215 166 67 62 69 64 56 52 52 49 
48 51 60 92 75 72 78 76 76 85 89 81 82 79 81 84 82 91 89 94 89 80 94 101 90 89 77 78 114 99 78 78 70 52 39 33 34 33 32 33 31 34 28 29 27 27 33 56 116 175 178 147 108 33 23 27 27 23 23 20 19 19 22 21 24 26 37 46 52 69 116 152 176 184 186 166 118 110 130 148 85 19 16 22 24 22 22 39 91 203 215 200 88 61 58 59 49 59 50 44 
50 51 63 91 74 69 71 75 90 78 77 78 79 79 89 86 85 89 104 91 90 86 92 100 89 75 70 66 77 75 84 85 86 88 64 48 37 36 41 41 43 51 55 66 89 120 158 177 175 163 158 97 41 26 27 26 23 21 21 20 22 24 24 22 20 23 28 31 41 44 50 78 136 169 122 41 30 25 29 33 28 10 8 22 21 18 23 44 149 211 214 215 131 61 54 52 48 46 52 45 
49 50 63 92 77 71 74 74 81 84 82 83 76 90 87 89 93 94 90 68 86 91 82 75 70 69 69 72 78 91 105 125 131 136 128 98 60 98 96 101 167 189 187 177 180 176 181 174 147 114 59 35 34 27 26 25 23 23 22 21 23 24 20 23 22 26 29 29 34 40 42 41 55 63 38 33 36 34 32 33 32 22 15 16 20 17 30 86 200 212 213 215 177 67 56 56 50 53 58 50 
49 50 59 93 79 75 73 69 71 88 96 79 76 82 81 98 99 93 84 75 73 63 63 59 59 64 79 99 131 151 154 156 162 169 167 152 82 44 123 170 183 188 182 173 161 145 116 82 52 38 34 30 31 26 24 25 26 28 25 22 23 24 25 21 25 30 25 24 29 35 41 40 39 38 36 33 31 33 31 28 26 32 25 18 19 26 46 161 208 210 208 213 203 96 53 54 51 57 56 51 
139 125 118 130 111 101 86 66 65 64 67 73 69 77 87 81 77 77 65 62 60 48 40 52 83 107 137 154 158 171 157 165 180 180 178 172 104 41 43 42 43 54 52 53 54 46 37 41 31 29 28 27 26 24 26 31 33 31 34 30 28 28 29 24 26 27 26 20 19 34 39 36 35 34 31 29 29 31 28 35 35 33 18 16 21 30 74 193 211 208 203 210 211 139 56 52 53 51 54 48 
189 185 185 185 187 187 187 185 180 168 159 149 132 126 113 101 81 69 56 40 32 44 77 113 139 144 139 152 153 157 165 159 166 171 178 172 139 89 41 41 43 41 45 43 41 38 34 30 28 27 28 25 23 24 27 33 36 36 32 30 32 29 30 27 31 28 26 22 18 26 31 26 23 20 22 28 24 23 30 30 27 16 15 16 20 31 127 201 211 204 205 209 214 175 68 51 53 49 51 49 
155 139 136 133 143 174 186 183 188 189 185 186 185 185 186 184 182 182 178 170 159 150 145 137 138 126 123 133 138 142 141 148 153 160 167 167 168 143 79 44 35 41 40 38 43 34 31 29 30 29 28 24 25 24 26 32 31 28 26 25 28 28 31 29 32 30 24 22 20 22 26 26 23 20 22 26 18 14 21 19 17 14 12 17 20 60 180 212 209 203 203 200 208 195 96 53 48 50 50 56 
159 185 185 184 173 133 177 184 186 189 187 187 187 187 188 187 185 185 186 184 185 185 184 183 182 181 179 177 174 171 164 160 158 153 157 160 155 148 127 87 39 33 36 37 39 33 30 32 26 25 25 21 25 24 22 26 29 26 29 30 29 27 25 26 29 31 25 21 22 25 25 21 19 21 21 17 12 12 11 12 14 12 13 18 27 111 201 207 204 200 199 203 210 209 123 63 57 55 55 54 
130 137 139 144 148 135 169 192 187 185 189 189 189 189 188 188 188 187 187 187 186 185 185 183 185 184 183 183 181 179 178 178 177 176 176 174 173 169 159 110 48 36 39 44 37 34 28 29 24 23 20 22 24 23 23 25 26 28 26 28 25 26 25 22 24 18 17 21 19 17 14 10 10 10 14 19 19 19 14 12 13 13 16 20 42 154 199 202 203 198 199 197 207 210 145 75 61 54 55 58 
149 187 183 181 177 167 182 189 190 190 189 189 189 189 188 188 188 188 188 188 187 186 186 184 184 185 183 182 181 182 181 181 180 178 176 175 170 146 95 48 40 34 33 34 30 33 29 22 20 20 19 18 20 19 20 19 14 17 17 19 18 18 22 18 12 14 18 19 14 14 14 14 16 18 23 29 30 31 27 17 15 15 17 23 72 174 198 199 203 201 195 195 204 214 172 100 63 61 62 57 
132 130 132 133 135 134 175 191 190 190 189 188 190 190 189 188 188 187 188 188 187 187 186 184 184 184 183 183 183 183 182 181 178 176 170 164 135 91 50 38 36 30 25 22 19 21 21 20 19 19 17 21 19 18 17 15 15 13 15 16 14 15 19 25 19 19 18 15 19 21 21 23 27 30 36 37 33 33 36 31 20 15 19 31 115 187 198 201 199 199 191 195 205 211 183 121 68 61 68 59 
152 191 181 147 188 161 167 191 191 191 189 191 191 191 190 190 189 187 187 189 187 187 186 185 184 184 184 183 183 181 181 180 178 176 172 160 141 100 50 36 34 26 21 18 16 17 17 18 17 15 16 18 16 16 15 14 13 12 15 18 16 17 22 23 20 17 18 16 14 20 22 25 26 27 32 34 36 35 37 37 32 25 25 40 130 192 195 166 192 196 190 192 204 216 196 132 87 66 68 61 
133 128 129 126 134 122 155 190 190 192 192 192 191 191 192 190 188 187 187 172 170 177 184 183 184 182 181 183 184 183 182 181 179 177 170 161 135 86 44 37 32 31 27 23 19 18 14 14 12 10 12 12 12 12 15 16 14 13 13 19 21 22 22 18 21 21 20 19 17 18 25 30 28 34 40 42 38 36 35 33 23 21 21 55 139 178 188 186 191 198 190 191 205 217 208 132 99 73 68 66 
127 127 134 137 135 135 165 193 190 191 193 193 191 191 190 190 187 174 101 48 48 57 71 91 98 110 125 152 160 158 162 167 171 170 166 162 145 96 46 39 37 33 31 25 21 20 14 12 13 9 10 11 12 11 13 14 15 14 12 18 20 22 21 21 21 19 19 21 20 16 19 26 28 27 30 29 29 28 26 23 20 18 26 70 139 174 185 186 186 187 190 195 207 222 216 138 102 73 64 68 
133 143 143 144 151 145 167 192 190 192 193 193 192 192 191 191 137 53 38 40 45 52 64 69 70 69 71 72 75 85 105 131 141 137 136 149 139 106 65 40 30 29 28 22 21 18 18 16 12 13 12 12 13 13 15 14 14 16 17 19 21 21 24 22 19 16 21 22 20 19 20 22 23 23 19 21 25 24 21 17 20 22 29 86 151 168 172 181 188 194 202 214 212 216 215 139 98 69 68 73 
181 182 177 118 171 163 174 190 190 191 192 193 194 193 197 123 33 32 35 39 47 59 69 71 70 74 96 121 142 151 151 150 152 142 159 167 162 139 81 41 29 29 27 24 22 21 21 20 17 19 18 17 18 18 21 17 18 19 18 19 18 19 18 15 18 21 23 23 22 22 25 22 19 21 21 25 22 22 22 19 20 22 37 100 143 159 180 193 205 208 207 210 209 216 204 139 82 70 69 73 
141 151 151 118 157 158 177 195 191 192 193 192 193 190 114 25 22 21 20 23 35 67 88 115 131 143 156 156 152 149 149 144 142 149 167 168 165 149 111 47 26 23 25 26 31 26 29 28 23 26 27 24 19 22 21 18 18 19 20 22 18 18 21 23 21 21 23 23 22 22 28 26 24 24 24 25 25 26 22 19 17 20 40 94 150 183 199 206 205 209 214 209 214 216 171 117 69 66 70 74 
164 139 135 151 167 167 169 183 192 192 192 192 191 128 18 12 10 8 12 27 103 142 156 159 160 153 143 141 138 130 133 135 133 154 169 173 167 163 119 59 35 24 19 23 25 26 29 30 26 25 26 27 24 23 22 21 22 23 23 21 21 26 29 26 25 21 22 25 26 25 30 26 26 27 25 27 29 27 23 19 17 19 55 147 185 199 202 207 208 211 207 207 215 210 147 93 68 69 75 74 
150 186 173 125 136 192 188 138 193 193 193 192 153 16 6 4 12 24 34 75 141 149 156 160 156 137 127 138 141 142 142 139 142 155 163 167 169 162 123 78 44 33 29 27 23 24 24 26 27 25 25 27 29 27 27 24 24 22 22 27 26 26 27 31 30 26 24 28 32 28 30 26 28 30 26 28 27 25 22 18 18 42 132 180 192 205 210 205 204 204 204 206 213 176 131 104 74 69 75 79 
148 177 191 185 135 132 144 150 195 190 193 177 37 7 6 8 14 23 31 78 133 144 155 160 142 143 142 141 132 133 138 142 148 155 154 160 167 157 133 123 77 40 34 34 32 33 29 28 31 27 30 32 32 29 28 24 23 24 27 24 30 32 35 35 36 33 30 29 32 28 28 29 27 29 29 28 25 25 22 22 28 86 148 183 194 202 203 203 202 198 200 211 215 144 118 78 70 71 77 77 
192 195 197 195 192 193 192 193 191 191 191 68 10 8 7 9 15 22 34 98 120 121 143 155 150 152 149 132 127 127 123 124 133 137 139 138 151 151 158 151 124 69 38 38 37 37 31 31 33 31 34 36 34 31 28 25 29 32 29 28 34 33 37 35 34 33 29 27 27 33 30 30 28 29 30 27 25 26 26 24 38 88 145 177 191 201 202 205 202 202 202 209 203 138 101 76 70 73 73 79 
193 196 195 194 195 194 194 193 193 195 100 11 9 8 9 10 13 44 95 116 128 133 139 134 142 137 129 129 136 140 145 145 142 141 142 145 130 147 166 165 153 120 69 47 37 35 32 33 39 35 38 32 33 34 32 31 37 37 32 29 32 32 33 32 36 30 26 25 29 27 27 29 28 27 25 21 25 26 29 42 83 126 161 181 193 205 203 207 203 201 204 214 184 138 86 73 75 75 77 83 
196 196 196 195 196 196 195 193 192 143 14 8 8 8 11 12 20 68 125 122 129 136 137 134 129 131 127 130 131 130 142 131 130 135 135 138 139 157 174 173 163 138 106 105 64 37 31 31 33 33 35 29 33 32 33 35 38 35 32 34 33 31 28 26 28 22 21 22 26 28 26 28 29 24 17 17 20 27 49 101 150 171 171 178 180 192 201 202 203 203 212 213 166 142 85 75 76 76 86 87 
196 196 196 197 197 195 195 193 182 33 11 8 8 7 9 11 26 99 115 137 140 141 140 131 121 129 129 133 135 140 149 146 141 135 131 134 150 167 169 171 168 163 124 139 126 103 64 41 32 31 33 29 29 31 29 28 33 29 29 34 29 27 30 24 25 21 21 22 23 24 26 22 19 18 18 38 67 101 136 148 181 192 191 177 178 194 200 206 203 205 212 212 215 183 121 85 75 76 86 88 
197 197 198 197 197 196 194 191 139 14 11 8 7 6 6 8 43 111 111 134 149 146 140 125 127 130 137 144 139 140 146 142 147 149 130 135 156 169 174 171 173 168 142 144 148 141 124 97 87 72 58 42 33 31 27 25 29 27 23 27 24 25 24 26 23 22 20 18 17 17 19 18 16 29 48 99 152 172 182 187 200 202 204 195 193 196 198 199 200 208 212 218 222 213 212 186 126 95 97 94 
197 197 197 195 197 197 195 193 102 11 7 8 4 4 3 5 25 88 114 127 150 144 124 133 142 149 149 152 138 146 151 141 147 147 135 146 178 191 170 167 165 180 165 151 159 157 149 135 141 132 143 114 108 88 55 47 41 42 41 39 38 37 37 40 44 39 29 22 16 15 15 22 36 63 96 137 169 181 189 206 207 205 200 197 194 193 199 199 203 213 212 219 218 213 216 210 213 183 130 98 
197 196 197 197 198 198 196 194 81 8 6 7 4 4 5 9 32 110 117 115 141 139 135 150 150 154 152 143 140 147 140 134 150 144 139 168 189 189 173 165 180 187 177 150 167 165 158 134 143 139 152 161 161 164 143 137 125 109 111 117 112 113 100 97 103 113 99 79 60 48 43 63 95 86 109 142 173 185 200 205 205 202 196 195 193 199 198 199 201 209 210 215 213 210 213 214 210 210 208 174 
197 197 198 198 198 197 195 191 46 11 8 6 4 4 4 8 58 124 124 117 126 141 143 155 155 150 140 144 143 141 134 151 149 151 145 154 179 182 171 175 185 187 183 148 171 168 167 139 142 155 159 170 178 185 179 167 163 150 145 156 150 141 160 163 160 153 148 130 129 112 123 128 138 157 155 169 178 188 197 199 198 197 194 200 200 202 200 195 204 212 208 215 213 207 205 210 211 213 209 213 
198 198 198 198 198 198 197 185 27 8 4 3 5 4 3 8 69 123 125 117 122 134 140 157 160 142 138 139 147 138 146 149 156 154 149 162 151 171 167 180 183 184 182 151 171 169 172 133 129 157 153 179 183 198 197 188 177 165 164 169 163 164 173 173 174 177 164 164 172 158 165 163 167 177 168 178 180 189 195 199 199 198 198 198 203 201 202 204 211 212 207 216 215 209 208 206 206 207 204 183 
198 198 198 199 199 198 197 187 26 6 6 4 4 4 4 8 55 119 121 116 127 126 134 152 159 147 140 140 147 146 143 144 155 152 166 159 136 147 172 184 186 182 177 150 172 173 171 145 141 154 154 184 185 196 201 200 186 174 173 179 170 191 186 180 184 172 172 163 175 175 174 170 182 171 164 175 180 191 193 198 198 195 199 200 204 206 207 208 213 209 213 212 212 209 206 208 206 207 208 209 
197 198 199 199 199 198 197 196 71 6 7 4 4 4 4 9 47 122 122 116 123 127 130 143 159 152 149 142 144 145 146 141 153 168 166 143 133 159 186 187 184 184 183 152 171 172 172 159 148 153 141 184 182 194 199 192 182 178 168 162 158 183 191 188 187 185 164 151 145 147 145 163 139 142 139 124 112 142 176 193 194 192 199 204 205 212 207 209 210 211 220 218 212 208 207 207 202 207 208 205 
199 200 201 200 197 199 198 198 62 6 7 4 2 3 6 7 33 118 121 119 119 131 127 137 158 158 153 147 141 146 137 141 160 169 158 144 142 167 182 183 185 185 184 153 171 170 164 159 146 145 140 182 181 186 184 173 165 148 131 129 127 155 173 178 170 175 159 133 94 75 57 47 30 34 23 28 34 75 133 147 169 188 197 202 202 197 202 211 213 217 222 218 209 208 211 209 196 203 201 210 
199 198 199 199 199 199 197 197 118 9 7 7 5 4 6 9 16 101 121 118 122 126 129 131 157 160 153 144 152 147 132 148 165 164 165 152 158 165 189 192 183 164 159 132 159 165 160 156 161 169 122 160 169 166 152 130 121 84 77 86 88 91 114 126 140 138 118 125 43 18 18 13 9 8 9 12 13 18 20 33 83 151 177 189 194 197 206 210 212 220 216 210 208 207 205 206 206 201 202 210 
199 200 200 199 199 199 198 198 180 21 6 9 8 6 6 10 11 62 117 116 122 120 130 136 152 162 154 144 148 143 142 153 168 160 161 154 167 167 166 144 140 150 148 135 141 154 147 139 131 143 141 128 125 107 71 56 48 36 42 47 45 44 48 56 67 70 55 45 19 14 13 10 9 10 11 13 13 10 10 14 22 60 112 165 185 201 209 213 211 208 207 205 203 205 201 201 200 204 201 211 
198 200 199 199 199 200 200 199 198 90 7 8 8 6 6 9 10 25 100 122 128 125 128 133 132 160 149 136 149 137 136 163 172 158 159 154 170 167 151 128 139 141 129 106 110 107 104 98 76 75 71 59 50 40 34 34 30 27 35 37 35 38 40 45 32 25 18 18 13 12 11 10 10 13 14 17 13 13 11 11 12 46 104 137 165 192 206 208 204 206 202 201 207 205 200 199 204 207 208 212 
200 199 200 199 201 201 201 200 199 181 58 7 8 6 7 9 9 14 51 122 129 124 123 123 122 138 151 141 159 138 144 162 168 157 154 147 160 160 150 124 106 93 74 57 53 56 49 49 46 42 41 46 41 36 34 27 28 23 24 27 29 29 30 24 24 23 19 14 11 12 10 8 14 17 17 21 19 13 10 11 12 16 42 96 144 181 193 209 202 203 206 199 204 205 204 206 212 211 211 215 
200 200 200 201 202 201 201 201 201 200 146 12 8 6 8 5 11 13 23 93 122 122 119 120 124 123 154 158 162 138 143 155 162 157 146 144 150 151 124 91 64 40 36 42 42 46 45 46 48 42 44 45 43 37 37 30 24 16 15 14 13 15 19 28 27 27 24 18 18 17 15 12 12 16 19 21 21 16 10 10 11 13 18 34 58 131 200 209 199 201 205 200 204 207 207 211 208 209 218 219 
202 202 203 203 204 203 203 203 203 202 200 72 8 6 9 7 13 10 14 43 110 125 122 124 125 123 132 159 165 152 146 148 151 156 147 136 131 119 77 44 35 35 35 37 44 45 47 48 38 36 38 38 32 29 22 30 20 17 27 28 17 12 12 16 28 27 25 24 24 26 26 28 26 25 22 21 21 18 13 11 14 15 16 14 51 121 176 199 203 203 202 204 203 204 206 213 215 215 216 216 
205 205 204 204 205 206 206 205 204 203 204 185 64 12 7 12 11 11 14 19 75 119 117 121 123 121 123 147 160 156 145 151 129 142 148 121 96 68 36 35 38 44 43 46 45 49 39 31 22 20 23 25 20 11 11 17 24 20 14 19 22 21 16 17 19 16 26 26 25 28 27 29 26 25 25 24 21 19 14 9 18 23 17 16 48 147 189 189 201 205 202 200 195 207 212 216 218 216 210 213 
207 207 208 209 209 208 208 207 207 207 206 203 138 16 8 6 8 7 9 12 39 113 120 119 127 138 134 126 155 156 143 136 122 110 121 90 56 43 34 30 37 43 45 41 38 30 19 14 11 8 7 8 9 8 10 12 17 23 29 21 12 16 26 21 17 18 22 28 28 28 34 29 28 30 28 25 22 18 12 6 9 20 23 19 19 62 159 196 203 205 199 197 198 205 211 216 217 214 209 213 
209 208 207 210 209 208 208 209 209 208 208 205 204 84 12 8 7 8 8 10 16 68 116 118 126 137 141 133 136 149 140 132 119 92 73 56 44 39 31 26 27 35 31 22 10 10 12 8 8 7 7 6 7 11 12 13 18 50 54 43 24 19 27 25 20 21 21 28 33 34 31 30 33 37 35 27 24 24 15 6 6 12 29 29 24 57 137 176 207 203 193 193 204 213 213 214 211 210 211 213 
211 209 208 190 204 209 210 210 210 208 209 208 208 195 63 5 7 8 8 8 12 21 88 116 129 139 145 128 126 124 116 101 111 95 67 43 29 27 25 28 27 15 9 12 14 13 12 9 8 7 9 7 8 10 24 26 13 20 51 63 25 18 19 14 13 12 17 27 30 31 32 32 34 37 29 28 35 31 28 9 7 11 25 32 22 41 145 185 193 192 197 202 210 213 215 210 207 209 215 214 
204 188 176 160 196 209 209 209 210 209 209 209 208 210 196 75 10 7 8 8 9 12 23 86 132 140 143 130 130 77 27 26 31 34 37 31 25 17 16 16 15 13 10 12 16 14 10 7 8 10 12 11 13 13 15 29 35 24 22 37 22 10 13 15 9 10 14 20 22 19 17 16 34 39 21 15 21 26 34 22 14 23 31 27 27 56 155 183 190 198 204 209 212 203 212 206 206 212 217 216 
202 173 170 154 197 208 208 208 209 208 209 208 201 211 209 203 98 11 7 9 7 7 10 27 101 138 141 132 132 112 32 23 20 19 20 18 18 14 11 9 10 12 11 13 16 12 10 9 7 11 15 12 12 17 28 49 47 47 22 19 14 12 14 19 12 11 19 17 13 8 12 14 10 8 7 8 10 11 27 25 23 21 17 24 22 52 165 201 194 192 201 211 213 213 197 202 208 216 220 218 
202 167 158 147 194 194 192 193 180 176 175 171 193 209 206 206 207 127 20 7 8 6 7 10 23 94 131 131 132 133 106 38 21 20 18 19 20 17 14 15 11 10 12 17 17 13 11 10 13 15 14 15 16 19 32 42 38 44 33 18 13 13 17 22 15 12 9 8 10 11 9 17 12 11 10 15 21 25 23 18 19 28 10 9 16 39 81 183 201 202 194 204 205 210 208 209 210 215 217 213 
202 168 162 164 188 183 180 185 178 179 197 172 181 212 208 210 208 206 184 79 13 9 10 13 15 27 56 98 120 122 122 84 36 26 24 20 17 15 15 11 10 17 21 23 18 14 12 13 15 16 13 7 8 13 31 24 22 19 19 12 12 17 19 26 22 14 11 12 15 16 21 29 21 22 26 25 31 31 29 27 22 17 20 6 9 16 33 73 198 205 191 204 197 206 213 218 221 213 212 212 
201 173 191 157 181 170 168 185 199 199 203 170 180 213 210 211 209 209 208 204 176 105 80 88 95 112 131 147 162 167 167 140 80 40 31 22 19 16 18 17 21 25 26 30 24 19 17 16 15 17 14 9 9 8 15 29 27 21 16 12 11 17 22 24 30 17 16 18 27 28 30 30 27 32 33 33 37 37 31 25 19 12 14 8 10 19 42 91 205 211 204 215 213 203 208 222 217 214 214 216 
203 184 169 146 192 142 148 164 130 173 192 175 182 211 211 210 210 209 208 207 207 209 206 205 206 206 204 202 202 197 192 172 125 72 38 27 20 16 14 21 25 27 37 33 30 28 22 21 17 20 17 11 12 12 11 13 16 18 15 14 15 17 20 23 31 22 15 16 18 26 29 26 30 39 39 40 37 28 24 27 24 21 23 11 15 33 69 183 208 212 210 212 216 217 213 210 213 216 216 219 
206 169 186 140 194 163 168 135 156 179 182 178 184 210 211 212 212 211 210 209 210 211 211 209 208 207 206 206 206 203 200 192 153 105 58 40 30 21 22 29 29 36 33 28 27 31 30 23 18 20 18 12 13 13 9 10 20 30 31 11 9 17 21 27 29 20 19 18 22 28 27 31 35 36 37 33 28 34 71 110 140 147 125 91 93 121 186 213 208 213 213 215 221 221 224 220 210 218 225 222 
208 175 171 174 183 207 208 207 210 210 212 212 211 211 212 212 212 212 212 211 210 211 211 210 208 208 208 207 206 203 198 190 165 118 74 59 42 31 34 36 39 37 34 34 34 35 30 25 24 25 17 11 14 18 13 9 12 16 20 8 9 13 20 28 27 18 17 18 23 31 29 31 37 38 40 55 93 149 188 204 208 204 213 206 206 218 214 215 212 218 214 213 217 216 222 226 218 213 214 228 
210 171 178 169 181 210 211 211 212 213 211 211 213 213 212 212 212 213 213 212 211 211 211 211 210 209 209 208 206 203 192 174 132 93 79 63 61 59 59 57 53 50 44 41 42 34 33 33 32 28 13 15 17 16 20 13 10 12 15 12 9 12 22 26 27 17 18 20 25 32 29 31 36 52 97 148 179 196 201 207 211 210 215 216 220 225 220 221 222 217 219 222 219 221 222 219 216 213 209 211 
210 194 170 188 162 212 212 211 212 212 211 213 213 213 213 214 214 213 213 213 212 212 211 211 210 209 208 207 204 201 200 191 172 147 114 100 77 70 70 64 61 62 53 48 43 38 34 34 32 22 13 15 18 16 20 22 11 6 10 13 11 17 39 45 38 31 23 27 26 29 35 48 78 114 155 182 193 203 199 202 208 205 206 216 217 215 222 214 213 217 211 213 211 198 178 177 161 142 130 111 
211 210 208 189 206 212 212 212 212 212 213 214 213 213 214 213 212 213 213 213 212 211 210 208 209 208 207 206 205 205 203 200 196 187 175 135 94 83 75 70 61 59 60 62 54 46 43 43 35 23 18 13 18 20 25 27 16 7 10 13 16 35 50 52 33 28 33 36 37 44 57 82 118 150 164 175 185 187 189 194 193 193 198 189 190 176 173 168 141 131 111 99 96 94 97 96 98 96 93 94 
208 209 211 211 212 211 210 211 211 211 212 212 213 213 213 212 211 211 212 212 210 209 209 208 207 206 205 202 197 186 170 155 135 117 102 87 75 78 85 73 65 56 57 61 61 53 54 53 49 35 24 18 18 17 19 18 20 18 17 26 33 49 56 40 32 31 35 42 38 44 60 96 102 115 131 129 130 139 136 143 139 139 138 141 143 142 138 138 130 118 111 104 100 96 93 94 96 87 79 72 
212 211 211 211 211 210 210 209 209 210 212 212 211 211 211 212 209 206 199 189 175 158 142 126 110 94 77 63 54 48 47 46 50 52 49 50 53 53 73 88 75 65 62 59 60 58 60 57 57 47 38 32 27 34 36 38 39 49 52 45 43 56 43 33 27 27 30 33 37 46 64 86 97 110 121 121 121 124 123 119 113 109 106 106 102 100 95 94 94 94 93 92 94 95 95 98 100 101 102 100 
210 210 211 209 208 208 206 199 185 170 156 139 125 108 93 80 67 55 45 44 42 44 43 44 45 46 47 48 49 48 46 48 47 46 46 47 47 47 50 63 82 78 71 67 66 59 61 63 62 65 58 51 46 50 54 53 40 51 70 68 56 59 47 30 25 20 21 22 32 39 49 64 77 88 102 121 131 141 142 145 149 146 148 146 141 136 135 136 132 130 124 116 111 108 106 105 98 93 88 83 
118 109 95 81 69 57 44 34 30 34 32 33 33 36 37 40 42 42 45 44 44 44 46 46 46 47 48 49 51 52 54 56 59 62 65 68 68 69 67 66 66 76 84 78 76 69 67 65 65 70 64 61 55 61 65 63 50 41 42 82 61 57 43 23 19 17 15 15 20 22 31 46 60 75 85 102 119 140 143 146 151 153 153 154 159 160 163 167 162 160 159 153 147 143 136 130 128 119 110 102 
35 32 35 31 30 33 33 33 33 37 36 39 39 41 43 45 48 49 49 50 51 53 56 58 62 66 70 73 77 81 84 85 87 88 89 89 90 92 95 93 91 83 73 70 73 75 76 65 61 63 67 70 61 65 63 51 54 55 50 62 45 18 19 30 24 22 20 18 18 22 23 32 45 68 84 89 94 108 125 133 142 146 148 152 155 159 162 167 169 171 170 168 172 171 168 164 161 148 138 130 
38 37 38 37 38 40 42 42 44 46 49 51 52 53 54 57 61 63 67 72 76 80 85 90 91 94 96 98 101 102 106 110 115 121 125 131 134 130 120 106 90 74 63 57 50 54 55 55 61 57 60 61 50 44 42 29 42 64 39 23 45 26 14 16 19 21 23 26 26 29 29 33 39 55 73 82 86 91 105 117 132 143 141 147 148 151 157 164 167 172 169 175 174 172 170 171 167 158 158 149 
44 45 45 47 49 49 51 54 57 61 66 70 75 79 82 85 89 92 94 97 99 102 106 108 111 118 124 131 136 142 145 147 146 144 142 138 135 126 113 95 73 62 55 47 41 33 27 19 20 22 23 20 23 13 16 19 17 26 38 28 18 21 16 17 21 22 23 28 27 29 29 30 34 41 58 66 75 82 88 93 108 122 134 139 139 142 147 158 161 168 167 169 168 165 169 164 157 156 152 149 
53 57 61 65 69 73 77 81 85 88 94 97 96 99 102 106 109 111 115 119 125 134 141 145 149 151 152 151 150 150 147 145 143 140 136 131 125 115 99 83 64 53 44 37 32 28 26 25 26 28 30 29 31 29 28 24 20 18 21 22 22 20 20 21 26 26 26 30 31 32 32 34 36 39 46 52 58 68 75 86 91 100 108 115 119 112 120 132 147 157 157 149 139 142 151 156 166 164 155 168 
79 82 85 89 93 97 98 102 104 105 107 110 116 120 125 131 139 145 150 154 156 155 154 154 153 151 150 151 149 147 144 143 140 136 133 127 117 105 89 72 61 49 45 42 42 40 42 43 47 50 52 50 51 50 51 43 36 30 26 21 24 22 22 23 25 30 31 36 38 37 37 39 41 40 44 50 53 55 58 64 68 73 78 80 82 83 89 95 105 121 137 147 134 116 118 121 116 126 145 123 
97 98 100 104 107 110 115 117 125 131 135 142 149 152 156 155 155 155 154 153 152 151 152 152 150 149 149 148 147 146 143 140 136 134 128 118 108 95 79 61 53 45 44 42 44 44 44 54 69 68 60 64 57 60 59 53 42 35 29 26 27 27 23 22 25 28 31 36 39 38 40 42 41 42 43 46 50 58 58 60 61 66 69 73 72 64 55 52 59 77 130 163 164 162 165 164 151 142 136 123 
115 116 119 125 133 140 148 151 152 153 155 153 154 154 154 154 152 153 153 152 151 150 149 148 147 147 147 146 144 144 141 138 135 132 125 113 101 85 68 56 47 42 43 44 50 62 55 54 56 47 41 47 40 45 54 53 52 49 36 31 32 34 27 24 23 24 29 32 38 40 41 43 46 48 48 50 55 61 61 58 54 47 41 33 30 31 26 28 42 57 105 153 156 150 152 147 156 156 151 139 
146 145 150 151 152 152 154 154 154 154 155 153 152 155 155 153 152 150 150 150 148 146 146 144 142 142 142 140 139 137 137 135 132 129 123 110 98 80 58 47 42 40 41 49 63 64 49 33 32 32 31 33 32 26 29 29 33 42 47 40 34 37 29 26 27 27 31 32 37 38 40 45 52 54 72 72 57 38 31 30 28 29 28 25 27 28 28 33 46 80 128 133 119 101 95 85 68 49 40 43 
154 154 154 152 153 152 154 154 152 151 151 151 150 150 152 151 149 147 147 147 146 144 141 140 140 140 139 137 138 138 137 133 130 124 119 108 89 68 53 44 42 39 46 56 51 38 36 31 33 32 30 33 32 25 28 28 28 30 36 43 41 42 30 25 26 31 33 39 47 65 81 88 73 61 76 91 89 78 72 72 65 61 49 49 66 50 55 52 53 49 49 46 45 41 34 28 27 27 36 56 
155 153 153 151 148 149 150 151 150 150 151 150 148 146 149 149 147 145 145 144 142 141 139 138 137 137 135 135 134 132 131 128 122 117 112 102 84 65 51 43 43 41 52 40 39 39 38 37 35 32 36 32 35 31 29 27 26 29 36 38 40 41 36 37 46 52 65 78 81 70 47 33 27 26 28 40 50 51 52 53 50 44 45 50 67 37 40 42 46 52 46 47 41 33 36 43 50 49 43 35 
