143 143 145 144 144 147 144 143 143 145 144 144 144 144 143 146 144 144 144 148 145 149 146 148 148 143 142 141 143 147 147 147 144 142 144 138 137 140 140 141 138 145 142 140 145 139 143 142 144 144 143 144 140 137 136 141 144 143 142 143 144 141 148 145 145 143 142 138 141 143 144 142 141 141 141 141 143 143 138 141 143 137 140 143 144 140 143 138 140 148 146 144 145 136 141 141 146 140 141 138 
144 145 145 142 146 144 142 143 141 143 147 146 147 145 147 143 135 140 148 146 145 147 148 147 146 146 144 146 147 150 143 140 140 143 139 139 141 144 139 141 145 141 139 143 147 146 141 139 133 137 140 143 139 139 138 142 143 145 145 144 145 146 140 137 140 142 143 141 137 140 141 142 145 144 144 141 144 139 146 147 143 135 142 145 137 143 143 141 143 144 146 146 142 136 136 137 140 138 139 146 
141 148 146 147 146 144 148 144 146 147 148 144 150 143 146 144 148 146 142 142 143 148 146 144 146 146 145 145 149 148 144 140 142 139 138 137 143 140 141 136 138 144 147 145 141 146 141 139 140 143 141 137 140 144 143 145 145 139 142 142 139 140 142 146 145 144 141 140 139 139 147 143 144 145 143 139 142 140 140 142 139 142 142 145 146 144 144 145 141 142 145 142 139 141 137 139 137 142 139 134 
142 144 143 144 149 144 148 147 147 146 148 147 148 148 143 147 144 147 147 147 143 147 150 146 143 142 142 148 151 150 144 143 143 143 142 138 139 140 139 138 144 142 146 151 144 142 142 142 145 142 140 141 136 141 148 146 145 145 143 138 140 142 143 141 144 144 146 139 143 140 142 143 141 139 147 144 141 140 139 142 142 145 145 143 144 144 147 141 145 146 147 143 142 141 140 132 138 140 135 140 
142 144 144 144 147 142 147 145 144 144 149 148 146 145 146 145 145 146 146 142 143 146 146 145 145 147 143 147 148 145 145 143 144 143 145 145 146 140 144 143 147 146 144 145 146 142 144 139 143 142 142 142 143 147 146 146 147 143 143 142 145 144 146 142 142 140 141 142 144 143 145 144 144 137 141 139 137 135 138 139 137 142 143 143 139 139 141 142 146 145 140 140 139 141 145 136 140 142 136 141 
142 143 145 143 152 143 148 148 148 144 149 142 144 144 145 143 148 150 147 144 147 145 148 148 143 145 147 146 151 143 143 142 146 141 143 145 143 143 140 138 146 146 144 147 146 146 143 145 141 141 146 142 144 145 145 144 144 145 143 141 143 144 145 142 139 138 137 138 138 142 144 138 141 142 141 138 143 142 135 139 142 141 142 144 142 139 139 143 144 145 145 146 145 143 144 147 142 144 142 141 
143 142 147 142 148 149 149 149 147 145 148 147 147 143 146 145 142 144 149 147 148 147 149 146 146 147 146 148 147 143 145 142 146 146 147 149 146 143 140 136 144 143 143 145 148 144 144 140 142 143 142 141 144 146 141 146 148 147 145 141 148 144 140 143 140 139 139 141 138 120 125 129 119 137 133 135 135 140 137 134 141 147 142 140 141 144 142 143 146 145 145 142 144 142 145 144 146 144 145 143 
145 144 142 144 147 145 146 148 148 149 149 145 147 147 145 148 150 148 149 147 144 147 146 150 147 147 149 151 147 145 148 149 145 144 145 144 142 146 138 140 144 144 143 148 147 145 143 135 143 144 142 144 140 138 144 150 141 144 148 143 141 142 139 143 137 135 134 136 119 70 71 82 76 118 139 133 137 136 139 143 143 144 141 143 141 144 142 142 143 145 142 145 144 148 151 141 141 149 144 145 
143 147 143 141 146 149 145 146 144 151 147 147 147 149 142 149 151 144 148 151 151 152 149 150 145 147 145 149 150 150 146 148 151 145 145 145 147 141 135 143 145 144 147 146 147 145 142 143 146 143 145 142 140 142 143 148 144 149 148 148 147 142 134 142 133 119 109 114 109 88 75 64 59 69 127 134 134 134 136 141 143 142 142 142 145 140 140 147 146 146 145 138 139 141 145 142 144 146 141 136 
143 140 140 149 148 144 145 145 147 144 148 146 144 147 146 147 149 148 147 150 147 147 149 149 147 150 149 146 143 144 147 147 142 143 147 144 146 148 145 143 146 145 147 148 146 145 142 144 142 142 146 143 145 141 144 146 146 145 142 144 144 137 137 142 138 116 90 81 85 45 33 27 18 62 127 131 133 137 136 138 143 144 144 142 141 145 139 147 146 146 139 144 142 142 147 143 142 144 147 148 
143 142 142 142 148 148 145 144 145 148 147 151 148 149 148 146 146 148 146 151 149 149 149 151 149 147 146 150 147 149 146 148 146 145 145 146 144 144 144 146 143 143 142 145 145 140 145 143 147 146 143 144 147 148 145 146 140 143 144 144 141 131 133 131 136 117 90 100 105 74 68 57 29 27 108 133 131 134 138 142 140 145 145 146 144 143 144 145 146 143 144 143 139 141 142 145 145 148 145 142 
145 133 139 149 143 146 145 147 141 145 150 146 146 148 146 146 150 142 147 148 148 149 150 148 152 149 148 148 148 147 143 144 146 143 142 146 146 146 140 148 145 149 148 149 146 146 143 146 149 144 144 144 142 142 144 144 144 147 144 144 134 128 136 128 129 117 88 55 85 83 66 42 51 58 119 127 132 131 137 142 138 143 142 142 145 147 149 148 146 145 145 146 149 142 140 143 142 145 140 139 
147 140 138 142 146 145 140 142 140 145 148 148 143 149 147 146 147 144 149 149 145 149 147 144 148 148 150 150 149 147 148 147 145 146 140 141 144 147 144 149 145 145 146 147 148 149 144 147 147 148 144 143 143 144 146 146 146 141 143 144 136 135 131 121 111 115 78 51 69 73 56 36 30 94 122 129 131 136 135 141 140 139 143 145 149 150 143 146 148 144 146 147 146 148 143 145 142 145 144 140 
145 145 144 142 144 150 144 139 137 138 141 143 147 146 146 149 149 143 150 145 150 149 147 145 147 148 147 151 149 151 145 142 136 130 134 139 140 146 139 145 147 142 149 148 144 145 142 143 145 147 143 141 145 145 141 149 144 142 138 139 134 129 119 125 123 112 75 55 61 45 21 22 81 126 126 130 135 135 141 138 137 141 140 145 146 143 145 144 142 143 146 147 142 144 141 148 142 140 144 149 
148 145 142 143 143 145 146 141 141 140 139 145 144 148 150 148 153 145 151 147 149 148 146 146 149 149 152 149 140 131 123 120 109 106 109 112 113 118 116 125 132 136 140 146 145 145 144 143 140 143 142 143 141 145 145 146 141 137 130 122 127 128 92 118 122 95 71 46 33 22 21 80 120 132 129 131 139 142 142 142 145 144 140 140 144 136 143 151 144 144 142 143 145 150 148 143 140 136 147 148 
145 145 146 143 147 148 143 142 139 143 144 148 145 145 147 153 150 148 149 149 149 149 145 149 147 150 150 153 136 122 118 117 121 122 117 113 107 103 107 115 104 112 114 129 122 125 128 126 128 125 122 126 130 132 128 131 143 135 133 135 134 133 104 98 104 78 51 39 23 35 55 117 125 132 136 136 143 143 138 137 136 147 145 141 143 144 140 146 144 146 145 144 145 142 144 144 144 139 141 146 
146 144 145 145 146 147 143 143 146 141 140 142 145 141 148 145 150 150 148 147 149 153 150 153 148 147 143 132 123 132 140 140 141 141 142 146 142 131 124 122 119 113 113 109 106 108 99 101 100 87 80 93 104 104 95 109 126 130 136 136 125 117 102 96 88 65 62 62 38 70 106 120 130 132 137 140 139 143 137 138 139 145 141 139 148 142 145 146 146 145 150 147 146 144 145 141 147 145 136 146 
146 145 143 146 144 147 143 143 147 140 141 140 144 140 151 148 150 150 146 151 148 152 149 154 154 151 125 115 137 146 155 155 156 155 155 155 161 157 150 149 142 127 126 106 108 109 109 109 112 110 95 71 59 48 66 84 84 94 105 107 96 110 100 92 60 33 37 53 88 113 119 129 127 133 129 134 138 140 138 139 138 144 137 136 149 143 138 142 145 141 143 144 146 146 148 145 140 144 141 142 
143 140 146 145 143 145 144 142 137 138 142 143 145 145 147 147 148 151 149 149 151 149 150 151 152 149 145 127 132 138 144 156 159 161 165 166 158 151 147 145 139 125 114 100 92 93 101 101 113 118 117 97 83 58 38 48 70 83 92 93 78 74 60 56 54 39 49 98 120 124 128 129 131 138 136 137 140 142 139 136 136 143 145 137 142 143 142 143 144 144 148 147 147 145 149 147 149 145 147 146 
139 142 141 143 147 150 144 144 143 141 142 141 141 149 149 145 146 151 149 152 151 149 152 152 155 151 153 139 121 126 129 138 145 158 164 163 165 162 150 143 135 140 126 118 114 98 107 124 120 119 127 114 99 78 41 48 51 69 88 93 96 87 80 67 63 79 105 123 122 130 133 128 133 134 135 134 146 142 142 139 135 141 143 141 142 143 146 141 143 140 143 147 145 147 144 145 142 142 146 142 
140 143 143 146 146 149 146 145 143 139 140 137 147 145 149 148 149 150 152 153 151 152 157 154 156 151 150 153 141 129 120 126 129 132 137 141 147 149 141 150 144 136 119 120 102 103 108 128 128 122 99 83 70 79 79 88 57 66 96 104 106 113 97 93 105 108 115 123 127 133 128 128 131 133 128 138 135 144 145 140 139 133 137 140 138 137 139 145 143 145 143 150 141 146 145 141 145 147 142 139 
144 142 138 141 148 145 145 142 142 138 134 138 143 140 144 147 150 145 149 153 148 154 155 151 155 152 154 154 152 144 133 121 113 111 120 134 137 139 142 143 130 126 122 118 117 120 123 126 123 80 68 82 99 115 98 102 89 76 81 109 110 113 112 122 119 112 121 125 126 137 131 134 138 138 137 139 133 135 138 146 132 137 131 137 136 135 143 143 140 140 147 143 142 142 145 142 143 144 145 147 
136 142 144 140 146 150 149 137 141 142 140 140 140 146 142 145 148 144 151 150 152 153 154 151 154 151 152 153 154 146 123 105 122 98 90 102 116 127 131 118 118 117 104 112 116 126 127 127 116 88 130 137 132 119 101 128 119 105 84 106 130 127 142 115 125 119 112 116 126 136 132 136 140 133 136 138 136 137 134 132 136 130 134 137 136 135 139 135 141 141 144 146 152 143 137 141 143 144 145 143 
141 144 145 145 148 152 149 146 144 138 146 141 140 146 143 142 144 145 147 150 151 152 156 149 152 153 155 153 149 137 99 70 91 112 112 94 89 99 103 113 101 117 117 126 115 130 139 157 147 143 173 172 132 125 126 109 94 109 102 114 138 145 144 116 120 127 109 113 133 137 132 134 132 134 130 136 129 130 135 138 136 134 133 132 138 138 138 141 146 149 139 139 146 145 142 142 139 145 144 143 
140 139 144 148 143 151 148 144 144 144 144 140 142 139 145 146 145 146 148 149 153 149 151 151 153 151 154 151 138 110 64 62 86 74 76 81 74 79 108 98 97 112 130 104 109 128 142 155 119 134 133 164 162 127 134 143 124 126 121 115 143 156 130 129 115 125 113 113 128 136 133 129 134 132 126 131 136 128 129 130 114 121 128 130 128 133 141 137 143 148 146 147 143 144 145 149 142 141 143 141 
144 142 144 145 143 146 150 144 145 146 146 146 143 142 140 142 147 148 148 144 152 152 151 148 154 151 152 145 112 51 36 39 71 72 75 77 75 93 102 95 109 127 107 106 110 89 132 137 145 163 154 117 138 152 139 126 139 140 153 143 141 141 130 124 104 118 119 118 128 127 129 133 137 131 133 116 117 118 112 104 111 124 115 116 111 117 129 140 148 144 142 146 146 144 146 143 148 145 143 151 
143 145 143 144 140 148 146 144 143 146 148 143 144 145 141 143 147 144 148 151 150 148 149 148 150 152 146 131 78 38 33 33 42 45 61 70 49 67 83 102 115 105 120 122 132 136 129 132 136 138 133 136 82 178 137 126 135 145 153 156 163 162 133 126 122 113 109 107 118 128 124 136 137 130 124 107 92 87 92 121 129 118 87 57 66 109 129 144 148 145 141 143 142 148 145 148 143 146 147 148 
141 142 142 142 145 148 145 141 144 144 149 144 144 144 144 143 139 137 149 152 150 145 148 149 149 151 132 106 57 34 52 49 47 47 42 58 79 48 45 52 93 97 83 58 54 90 152 171 119 123 96 59 122 191 165 144 138 147 150 154 168 167 144 118 126 125 121 122 121 123 126 133 127 126 109 110 95 57 62 63 70 82 94 73 69 76 127 138 148 145 146 146 144 144 140 143 148 148 149 147 
147 145 140 143 140 147 152 146 147 151 146 145 146 142 142 142 141 140 144 151 151 156 147 151 150 145 119 91 87 76 46 43 54 50 50 58 67 81 75 73 59 120 153 159 161 163 164 180 191 158 107 82 93 104 114 127 134 153 167 138 159 161 167 126 120 130 123 125 119 124 128 121 121 103 107 110 104 73 41 59 101 116 102 89 92 88 126 144 144 148 150 150 147 144 146 149 144 146 147 146 
144 145 142 147 143 143 149 147 144 145 148 141 146 145 143 145 142 147 150 152 151 152 148 148 142 119 82 72 82 80 76 51 55 62 64 65 60 60 71 100 118 106 116 119 143 153 144 146 152 161 168 175 157 111 95 103 117 151 168 169 174 183 185 162 110 99 115 115 109 120 115 103 106 93 87 91 95 70 53 75 103 92 41 27 52 89 135 143 144 142 144 142 144 148 147 149 145 140 141 143 
142 144 145 143 148 151 146 148 147 149 145 141 142 142 149 145 143 148 144 143 148 148 136 124 110 86 60 62 69 75 78 82 70 77 53 61 67 54 61 58 78 79 83 86 114 136 132 134 136 137 144 154 159 154 151 138 110 100 118 168 210 211 189 179 121 94 118 112 105 105 108 101 92 59 56 87 94 78 56 49 48 59 65 37 35 106 141 139 142 147 148 144 140 144 147 145 145 147 146 146 
143 146 148 148 158 151 145 149 146 147 143 146 145 149 147 141 139 145 141 142 144 126 110 100 93 71 53 52 48 55 63 61 69 78 89 98 100 93 80 92 111 122 110 115 127 141 135 136 139 146 145 147 158 165 167 166 156 144 115 94 176 191 172 173 103 69 105 100 96 116 118 76 55 53 54 81 104 96 66 81 92 87 77 82 85 122 138 136 143 146 146 148 148 145 151 150 146 146 148 150 
141 143 145 144 141 148 149 146 141 146 145 145 151 148 147 140 143 146 139 130 117 102 88 87 87 62 45 39 36 44 68 95 98 92 100 125 103 110 124 116 98 83 132 152 150 148 148 148 133 119 125 114 114 138 155 156 159 153 125 115 149 177 153 113 75 84 101 109 126 126 117 90 77 71 71 82 97 95 94 81 55 23 50 95 121 131 137 141 139 137 138 146 144 151 145 147 150 148 149 153 
145 145 144 144 148 150 148 148 148 145 146 145 146 148 143 145 140 139 134 114 79 69 68 74 75 80 101 116 131 133 124 125 117 117 127 116 108 103 125 137 137 122 110 121 153 143 121 132 119 53 141 148 108 98 105 113 118 134 145 186 182 145 88 73 92 107 104 113 105 84 75 101 104 100 84 85 93 94 67 32 29 65 111 127 137 138 142 139 143 144 142 140 139 148 149 150 150 155 156 154 
142 147 142 148 147 143 146 151 151 145 146 150 148 145 147 152 145 126 82 54 53 69 100 125 144 148 138 138 128 120 135 137 135 139 141 127 123 104 108 118 111 118 134 149 135 124 118 112 92 106 172 161 140 135 118 134 137 126 139 125 111 86 95 98 95 92 98 81 78 82 77 90 112 114 98 92 83 56 34 46 93 114 125 129 132 139 143 138 141 145 141 144 144 143 148 145 147 151 147 144 
149 144 142 142 147 147 147 145 149 151 150 149 154 154 144 145 126 103 114 129 149 159 156 155 152 145 117 109 98 79 75 79 57 70 117 120 123 118 118 117 106 118 125 128 118 129 121 123 144 145 135 129 124 122 121 110 121 129 127 106 96 103 101 81 77 67 78 75 86 99 66 60 89 109 107 103 65 42 43 110 123 128 130 139 138 136 144 140 136 146 142 145 143 136 149 142 142 141 143 143 
151 145 147 145 144 148 151 151 154 152 155 151 153 149 149 152 153 146 146 149 143 147 143 150 140 80 35 31 31 37 34 42 42 31 50 69 82 108 108 100 92 86 81 53 93 125 128 116 113 117 110 106 107 99 107 86 79 88 106 114 102 93 83 63 52 70 69 95 91 97 89 62 53 93 119 113 80 66 101 127 127 142 138 129 138 143 144 139 141 147 141 143 144 144 147 148 149 142 141 148 
151 145 149 144 148 147 150 151 152 155 155 152 157 152 153 154 152 151 149 147 145 150 149 147 87 37 25 25 28 37 39 27 30 32 37 32 48 53 43 48 58 69 76 75 72 82 91 93 106 107 103 109 105 106 114 99 107 110 111 113 100 87 50 43 63 78 85 84 116 116 113 125 121 116 118 108 108 120 127 134 132 142 138 138 140 142 147 149 141 145 141 144 147 144 143 150 149 149 147 144 
146 144 148 148 145 144 152 149 154 156 153 153 153 155 154 153 158 152 154 152 148 150 145 106 61 40 25 33 32 33 24 27 23 30 28 31 53 42 37 37 34 42 41 45 54 69 64 76 86 90 108 108 114 116 110 121 113 107 105 93 92 69 35 47 76 69 86 100 87 102 120 124 125 128 116 107 128 132 131 136 136 137 139 148 141 139 141 147 151 145 147 149 143 144 143 147 149 149 145 145 
148 145 146 147 146 143 149 151 152 154 154 154 150 155 153 154 159 154 155 153 153 152 135 61 50 42 26 23 23 20 23 29 25 25 29 34 44 35 35 36 51 43 53 58 51 56 55 59 56 70 74 78 84 92 95 109 105 93 83 59 43 37 42 28 40 76 68 101 91 65 93 126 125 109 101 120 132 132 131 135 138 133 141 140 145 145 143 142 147 144 144 147 143 146 151 150 148 148 149 152 
149 145 152 148 147 146 147 149 153 155 153 152 151 153 151 154 149 153 155 157 152 149 106 42 48 29 23 20 23 22 21 31 47 37 41 33 41 36 39 37 36 40 46 51 46 50 61 45 52 62 58 60 59 73 89 97 82 74 62 66 43 41 45 57 29 44 56 96 118 97 98 122 128 102 110 131 129 129 133 133 138 140 144 143 144 136 140 144 145 144 144 146 144 143 151 150 146 154 150 147 
141 148 145 143 150 149 148 154 151 154 152 155 154 157 151 152 152 155 158 154 153 136 65 49 48 51 58 62 63 64 40 49 57 47 55 42 43 44 39 37 40 37 41 44 35 47 43 39 43 44 48 56 53 76 85 82 69 75 67 52 30 82 56 61 33 29 40 95 112 92 99 118 115 113 129 126 130 131 138 136 133 141 146 146 139 141 141 145 143 143 138 149 145 147 146 149 151 144 148 151 
150 152 153 151 147 148 147 152 152 153 154 158 155 155 152 154 151 156 155 149 152 117 53 50 53 74 99 113 112 86 102 100 92 78 95 69 67 58 43 41 35 28 35 29 32 32 35 37 48 34 40 46 66 79 80 61 48 65 54 34 40 94 45 50 69 53 43 65 108 87 62 86 112 123 134 135 134 134 135 133 139 142 140 141 141 138 143 147 145 143 138 142 142 146 151 151 154 150 149 150 
148 148 150 150 152 152 151 150 152 151 155 158 153 157 159 155 156 154 155 150 146 88 47 40 51 89 85 94 116 113 117 116 104 111 101 89 89 71 67 58 48 37 56 46 47 42 28 32 38 30 37 43 55 56 61 58 60 67 48 32 39 97 50 30 74 88 82 71 85 117 92 84 110 124 133 133 135 134 131 134 139 137 135 142 139 138 138 143 140 141 142 141 144 144 145 147 147 144 152 148 
148 152 152 147 150 154 153 153 153 153 149 153 152 153 158 156 156 153 150 154 129 57 60 51 52 63 79 81 102 107 96 90 119 115 105 101 108 92 66 59 63 67 55 56 59 59 37 37 46 35 23 31 58 74 76 74 66 47 54 40 49 93 83 48 35 60 81 85 79 109 104 106 127 128 130 133 133 132 130 131 133 137 136 134 141 140 140 142 144 143 143 145 148 146 148 150 152 153 153 158 
149 152 151 149 148 151 152 152 151 152 152 153 153 154 155 155 157 154 151 150 103 76 79 59 63 81 78 66 71 80 78 82 103 109 99 107 108 90 74 81 73 67 55 53 61 51 51 56 49 44 44 50 41 64 71 76 69 50 61 81 70 76 88 74 49 42 47 49 70 105 116 124 123 127 130 131 136 135 138 140 147 143 136 136 139 142 140 142 145 139 146 147 146 148 150 148 153 162 157 154 
147 150 150 152 150 150 155 154 149 152 155 155 158 158 159 155 155 155 147 134 93 88 100 82 71 80 89 80 87 84 85 85 85 87 93 87 88 96 80 83 93 83 65 65 56 49 44 40 31 33 38 47 62 52 53 69 49 37 59 79 72 54 70 68 51 38 37 35 54 110 128 130 126 132 125 130 135 132 132 139 144 136 136 146 141 142 140 141 143 140 143 142 145 148 145 150 153 151 154 153 
147 151 153 156 151 150 153 155 152 151 151 155 157 155 160 159 154 150 150 114 93 97 96 83 90 90 93 93 99 85 71 73 68 67 79 64 82 88 99 109 98 98 91 92 76 58 46 29 31 31 34 26 32 39 38 50 53 36 40 54 44 32 38 35 39 31 28 63 91 127 118 124 124 126 127 134 132 135 138 139 143 147 139 138 138 141 144 142 144 144 145 147 144 146 146 151 150 151 149 152 
145 146 153 151 150 153 149 152 152 154 153 153 154 155 156 154 156 151 139 101 88 81 81 72 87 107 106 83 87 82 80 81 75 78 65 65 60 58 82 103 95 96 95 99 84 78 77 70 68 57 64 43 40 40 39 57 58 44 44 37 31 25 23 19 20 23 33 74 97 106 92 56 39 52 108 128 128 131 137 139 137 144 135 135 140 140 144 145 149 137 142 142 151 154 149 148 155 154 150 152 
147 147 146 149 150 154 149 155 155 152 151 152 157 157 155 154 154 153 122 90 92 84 81 67 67 87 79 79 71 71 65 80 88 78 77 65 69 67 66 82 88 87 77 84 80 92 92 78 69 58 54 59 56 54 49 40 41 27 31 41 39 36 48 29 30 33 36 71 87 71 50 28 31 21 64 128 128 129 129 138 139 144 145 144 140 142 140 145 144 141 138 142 147 153 148 152 154 150 153 151 
154 152 152 149 152 150 151 150 150 152 151 153 156 153 154 155 152 151 100 83 83 80 72 72 61 56 63 64 64 73 87 81 83 85 95 79 80 76 74 88 75 86 89 65 86 88 88 94 74 81 70 69 68 74 74 78 90 78 65 53 39 39 41 37 32 37 50 80 50 38 15 15 68 40 38 100 121 127 134 141 137 139 141 143 141 138 142 143 139 136 142 142 145 146 149 151 153 149 149 152 
153 150 152 153 153 157 151 151 153 150 151 153 151 156 156 158 151 145 99 90 75 55 65 65 66 72 72 58 71 70 69 72 74 84 72 78 86 88 91 95 72 72 79 67 65 71 59 62 73 74 75 74 65 64 67 71 73 78 76 80 81 80 84 96 96 94 87 74 32 14 35 27 24 40 18 70 124 121 140 136 135 140 141 146 142 140 142 138 133 137 137 143 147 147 148 146 149 147 148 150 
153 150 151 152 152 156 152 146 148 151 152 151 154 156 150 152 153 140 77 54 56 66 81 76 77 86 70 67 83 81 86 83 79 65 62 55 54 55 44 45 52 76 47 48 46 53 58 64 67 65 71 72 74 72 80 91 101 112 115 102 97 110 117 116 109 105 89 73 38 15 53 71 24 29 27 34 114 127 131 134 137 130 148 141 140 133 121 123 127 139 134 141 145 144 144 146 148 155 152 143 
154 151 153 154 148 155 154 148 148 150 153 153 154 156 151 152 152 132 76 52 77 90 95 96 101 98 92 91 106 110 94 80 85 66 46 48 38 35 33 25 21 31 41 51 59 69 71 67 80 74 74 86 88 101 107 110 120 135 144 146 148 150 136 116 109 104 86 54 49 13 27 35 19 24 33 47 118 126 126 130 129 133 131 128 118 103 86 74 49 82 122 136 140 145 147 145 144 145 150 151 
156 155 148 153 150 152 151 152 152 148 146 152 156 159 148 153 155 137 69 67 64 76 76 82 79 78 92 92 105 88 82 74 77 62 44 43 32 29 22 22 28 33 49 52 60 66 60 64 77 85 93 95 101 110 113 112 128 151 164 170 167 141 113 101 104 107 93 51 45 18 14 20 32 48 44 100 128 130 133 135 138 126 112 102 115 96 86 87 58 30 62 123 139 139 143 150 152 154 147 149 
155 158 160 154 151 154 151 145 146 149 148 155 152 154 149 152 152 143 73 60 61 56 50 56 64 63 69 81 86 68 80 85 90 73 58 43 31 24 27 24 26 34 48 58 62 57 65 85 87 87 99 107 113 117 118 122 134 155 164 157 139 119 98 93 111 111 97 56 41 9 11 29 41 34 45 117 128 132 132 138 131 118 91 97 99 64 47 52 48 45 46 102 132 134 144 147 148 152 152 146 
151 153 161 154 150 151 149 152 151 146 146 151 146 151 149 153 153 151 111 81 67 53 52 52 55 58 80 92 91 74 85 101 96 94 72 56 37 24 22 25 23 25 37 43 48 54 66 87 92 101 113 121 124 126 125 127 130 135 142 139 135 128 123 116 109 129 95 50 43 17 10 15 11 10 35 118 130 127 128 139 135 106 86 73 65 33 32 15 13 21 42 85 136 138 142 154 149 149 150 147 
150 152 161 154 154 156 150 151 149 150 151 149 151 148 152 155 151 149 131 55 44 57 64 72 70 78 84 89 77 78 79 102 101 81 71 56 31 19 17 22 22 31 40 52 67 77 77 80 77 91 108 115 123 125 128 126 127 127 129 133 134 135 129 119 112 130 107 66 46 27 13 13 9 9 40 123 133 135 131 131 125 109 66 57 60 55 48 34 18 18 34 79 133 145 140 148 151 154 147 142 
149 151 155 155 154 156 151 147 154 155 149 150 149 152 155 150 153 153 146 58 57 66 66 64 64 72 84 88 75 76 71 86 89 90 71 32 26 27 31 29 43 66 53 65 71 83 95 96 93 89 93 92 97 98 106 121 128 128 122 123 127 122 112 111 108 132 113 90 73 51 29 22 12 9 44 123 131 134 132 127 123 92 52 64 75 55 33 23 52 32 30 98 125 140 139 143 154 155 151 147 
151 156 153 158 155 153 145 149 153 152 152 154 150 155 151 153 153 149 146 69 60 81 63 49 63 74 82 78 85 80 80 82 78 65 53 36 33 30 42 41 49 56 71 76 89 95 92 77 54 48 67 83 89 89 76 79 89 110 115 122 119 113 111 97 111 128 103 88 80 76 57 27 15 12 62 114 137 133 117 110 114 77 61 66 54 26 12 11 21 27 42 118 137 141 137 141 149 153 150 148 
146 161 152 151 151 152 151 155 152 149 155 154 153 154 150 152 154 149 149 90 44 55 56 50 73 87 79 91 80 70 68 71 65 66 47 32 26 32 48 42 73 67 70 87 85 85 73 61 74 93 96 92 77 67 71 79 75 72 67 81 96 106 107 115 126 112 87 79 70 59 57 30 20 18 85 124 134 125 126 117 101 64 49 46 18 12 12 17 38 96 114 131 135 136 140 143 145 144 149 146 
154 155 149 152 149 146 149 151 153 153 155 152 151 155 150 150 150 156 151 111 45 80 86 71 70 67 74 80 70 62 65 81 88 77 37 35 37 63 40 63 76 63 99 102 95 78 48 82 110 95 81 73 78 82 71 34 22 21 24 36 44 51 73 92 99 91 71 54 44 48 42 23 19 23 97 123 125 122 112 94 67 40 34 23 8 9 12 13 47 113 126 130 138 146 146 148 146 147 149 147 
149 153 155 153 152 150 150 155 155 151 151 151 153 155 151 148 154 153 151 130 46 64 100 76 58 55 64 76 68 59 77 86 75 42 29 25 63 67 31 64 83 85 101 105 94 65 80 113 97 82 95 96 105 75 27 14 17 25 53 66 58 47 43 38 49 70 57 44 44 43 29 22 22 38 102 116 113 110 89 58 36 22 19 10 6 10 15 23 78 121 125 134 139 146 142 143 154 152 146 148 
150 150 154 152 154 150 150 155 151 151 151 152 158 149 138 149 154 156 152 142 63 53 93 83 70 59 71 77 77 71 72 81 60 32 25 26 77 45 28 58 70 89 95 100 64 48 92 113 84 93 72 79 111 69 26 27 26 28 76 101 65 59 76 85 71 68 60 55 62 72 57 46 51 80 112 117 116 90 68 44 27 23 13 8 7 10 19 31 95 124 130 136 135 136 140 144 148 147 146 149 
146 151 151 145 148 146 144 151 149 152 148 150 155 153 144 150 152 153 154 152 121 46 62 71 62 62 69 76 70 57 52 64 53 38 22 36 56 38 38 53 75 88 76 82 52 36 86 118 94 50 36 97 113 56 34 26 18 56 118 104 87 104 109 82 25 33 68 88 90 97 103 101 116 133 139 128 112 87 58 34 27 21 13 8 7 10 22 45 116 121 127 139 140 140 139 142 149 148 149 151 
146 151 153 147 145 147 148 149 150 152 147 147 150 145 146 152 150 151 159 155 149 84 59 58 48 62 76 75 60 47 49 84 64 27 18 30 28 55 44 65 78 72 55 51 42 47 70 115 72 31 29 96 123 71 29 22 30 106 119 106 121 124 116 61 22 29 86 113 107 94 95 108 105 118 129 121 96 78 59 37 31 24 15 10 7 10 23 86 131 129 136 139 140 139 139 137 143 148 150 152 
147 151 157 149 146 148 147 150 146 146 148 149 148 146 147 147 154 151 152 148 146 138 63 43 55 72 69 69 56 45 59 83 43 21 25 27 34 70 61 82 76 59 39 49 45 43 64 109 69 27 30 74 104 95 39 25 48 125 124 106 96 109 64 29 20 18 51 110 113 97 90 71 62 75 106 118 101 74 53 39 31 23 16 11 10 12 48 119 132 139 145 149 140 134 141 138 130 134 144 153 
151 153 153 148 146 145 146 150 145 149 149 148 147 147 144 145 150 149 148 154 150 153 99 37 59 91 77 69 69 53 71 63 32 27 35 19 40 88 89 90 76 43 36 47 40 32 50 103 58 27 24 53 84 62 30 30 58 120 123 112 72 49 25 21 14 20 34 105 105 100 85 58 62 74 95 83 79 72 43 29 28 18 13 8 7 18 81 122 134 141 144 156 144 141 144 143 135 132 133 132 
148 150 156 152 148 148 147 152 149 146 144 140 146 144 145 146 146 146 152 144 142 145 137 63 50 79 93 75 61 73 68 53 28 46 49 21 55 98 104 86 52 30 45 60 38 30 56 94 68 29 26 41 67 48 33 32 44 109 119 90 45 25 17 16 24 17 37 92 105 88 78 41 41 58 84 82 81 53 32 25 18 9 8 6 9 40 113 132 140 144 147 149 145 147 144 143 138 139 138 137 
148 146 148 149 150 146 151 149 148 148 146 143 145 143 142 150 145 139 142 144 147 144 141 121 58 53 70 72 66 63 32 27 35 58 41 26 82 97 106 64 48 36 38 55 39 38 76 108 116 47 31 46 41 41 41 43 47 94 116 102 49 21 18 17 23 27 40 78 94 82 65 58 51 53 67 69 64 43 26 18 12 8 8 7 13 81 118 134 143 144 145 142 141 148 150 141 132 137 139 137 
147 146 135 144 151 149 145 148 146 146 149 145 147 144 145 147 150 143 142 138 140 143 149 135 114 55 57 53 46 51 27 41 76 72 27 25 71 96 107 72 41 46 65 60 58 53 91 73 91 62 27 36 38 43 43 42 55 88 125 108 85 36 21 20 18 25 45 77 89 65 62 80 81 83 80 75 68 59 37 16 8 6 6 7 34 114 124 136 142 142 141 143 147 148 148 145 142 144 142 142 
147 148 149 153 154 152 148 149 149 145 143 145 150 147 146 147 143 142 143 145 143 140 144 145 142 104 56 44 42 34 28 70 91 87 36 26 52 80 89 60 54 69 68 54 44 62 65 45 74 77 35 47 54 54 80 39 34 51 92 106 105 77 30 24 18 25 38 71 81 79 61 89 92 97 94 86 81 65 36 16 12 7 5 14 66 113 130 133 142 140 142 143 146 146 149 150 148 145 143 144 
148 145 152 153 152 150 149 146 149 146 141 143 150 143 147 145 142 143 144 145 141 139 143 142 144 140 77 45 37 32 31 70 67 97 34 30 58 92 87 81 66 59 40 38 41 37 41 25 59 88 60 50 90 50 93 69 35 30 45 84 100 98 62 36 24 20 35 64 82 82 72 84 93 98 97 98 82 50 21 8 9 6 12 32 59 121 138 134 138 142 148 144 144 147 148 149 145 141 148 150 
149 145 148 151 151 151 149 146 149 145 144 143 147 142 148 143 142 146 147 141 135 137 144 138 147 152 104 51 41 36 33 38 58 68 34 53 66 79 83 63 41 38 40 42 32 36 39 30 38 86 99 64 74 71 54 59 80 68 55 44 60 77 78 67 44 27 24 58 74 81 69 50 78 87 73 52 25 11 9 10 16 24 29 26 47 118 130 140 146 147 143 140 147 147 144 145 153 147 150 152 
148 146 149 150 147 152 146 143 150 149 145 145 147 147 140 142 137 146 145 145 144 139 148 143 147 145 133 62 43 56 40 37 45 31 29 38 49 84 76 67 32 32 41 44 53 66 66 47 39 68 80 68 46 70 57 35 57 88 96 81 53 43 57 77 72 59 42 34 60 80 61 27 27 35 31 18 18 18 27 56 66 46 25 23 48 117 133 137 140 142 143 144 147 150 149 150 146 147 149 148 
149 150 149 150 148 151 146 148 145 142 142 144 143 144 141 143 141 145 146 145 148 144 141 144 146 148 143 115 48 38 35 28 31 51 38 36 55 79 77 60 42 39 48 56 78 82 67 69 72 80 52 51 75 80 78 33 33 55 84 85 89 78 56 47 55 67 65 52 45 51 49 45 25 29 37 38 37 40 48 46 40 42 39 22 48 111 138 138 139 146 143 141 140 151 146 150 149 149 155 156 
146 145 145 144 148 144 147 146 147 146 144 142 146 144 143 143 141 143 146 146 148 146 147 146 147 146 140 137 116 56 43 51 61 35 27 33 57 67 45 37 56 50 84 91 85 64 52 43 77 93 83 57 68 93 80 53 39 33 46 64 76 81 79 64 59 61 65 60 34 35 39 38 53 67 72 62 32 29 33 29 24 21 26 20 28 102 135 135 134 140 141 142 142 147 149 146 146 150 151 150 
147 151 150 151 151 146 146 146 147 143 146 143 140 142 144 141 140 141 144 146 147 146 144 146 147 148 145 144 139 128 85 53 55 65 50 48 63 41 41 26 55 100 97 96 85 54 41 35 54 96 96 90 61 77 80 59 63 49 40 52 65 81 84 67 74 75 69 84 64 44 63 88 88 80 58 48 57 61 36 18 19 17 16 16 19 92 126 136 140 146 136 140 147 148 146 145 144 152 151 150 
149 149 149 145 146 144 144 146 144 144 146 144 142 149 146 145 145 145 145 139 146 145 140 145 148 142 144 147 143 144 143 104 55 71 64 67 33 51 64 42 29 69 87 99 89 56 39 35 49 73 91 94 75 63 63 69 83 75 73 58 63 69 69 70 76 85 80 86 96 102 108 107 75 48 37 40 48 42 56 35 19 10 9 9 16 87 125 132 142 148 145 145 144 142 150 154 150 150 150 149 
145 144 150 150 148 148 147 146 145 144 146 143 142 145 142 140 144 144 147 146 144 146 143 146 145 145 149 147 143 141 145 146 132 90 66 67 36 30 55 57 36 44 76 86 88 84 67 50 44 42 54 61 65 75 77 61 66 59 70 70 67 66 72 79 88 78 86 97 100 102 94 88 68 29 33 30 46 36 33 23 19 7 6 10 30 104 128 134 145 142 146 145 149 146 146 148 150 149 151 152 
147 149 147 148 147 149 147 145 148 145 144 144 141 146 146 142 142 141 142 144 143 145 141 142 144 140 147 147 146 148 144 142 146 140 130 101 35 47 84 63 50 46 53 49 50 49 55 74 64 56 46 39 45 64 77 78 67 53 50 63 64 66 83 79 81 70 88 91 95 68 54 73 82 67 51 32 27 27 19 19 10 8 8 9 43 106 127 135 146 142 143 148 150 149 146 143 144 147 152 149 
146 143 150 149 144 148 144 148 143 141 146 144 139 146 147 145 146 143 140 144 143 142 141 141 144 142 145 142 143 141 146 141 142 148 144 146 126 72 69 60 83 66 38 49 60 56 58 63 69 76 77 59 56 68 58 70 68 60 56 65 60 74 77 69 67 72 76 79 65 30 25 55 70 76 71 58 29 15 12 14 7 7 7 9 55 113 133 131 145 145 150 149 147 154 147 146 144 143 147 152 
149 146 150 150 145 146 144 145 145 142 147 144 143 146 149 144 142 144 147 142 144 143 140 141 140 144 147 146 147 147 146 146 145 143 145 147 146 144 109 45 56 76 62 48 42 59 57 66 70 71 75 71 74 73 77 80 81 73 65 65 67 73 68 66 65 64 64 69 46 15 13 22 36 42 51 50 21 22 15 11 8 6 8 20 85 122 139 140 142 145 146 147 152 144 146 146 146 145 147 150 
146 146 148 152 149 144 145 145 146 142 142 140 142 145 144 138 144 140 146 146 141 140 135 145 143 143 142 145 143 146 144 145 149 149 145 143 148 148 144 124 59 43 57 48 49 45 42 47 51 45 48 59 63 65 66 58 62 64 62 69 75 74 81 61 49 45 73 87 61 25 14 10 12 16 21 21 18 14 15 10 10 6 13 61 112 130 139 140 144 145 150 149 146 146 146 142 148 147 147 147 
148 147 145 145 147 147 147 141 145 147 146 140 140 142 145 142 142 140 146 142 140 142 141 141 143 144 143 145 145 145 143 143 142 142 145 143 146 143 143 144 125 55 54 62 58 60 50 46 52 50 47 50 62 56 54 71 77 73 64 73 69 68 72 59 47 33 67 85 78 62 40 13 10 10 9 13 11 8 8 8 8 13 49 100 119 132 140 140 140 140 145 149 146 142 146 150 148 141 145 148 
147 144 147 145 145 144 142 143 142 140 139 135 139 145 143 135 142 139 140 145 139 140 141 143 146 146 141 139 137 143 141 139 140 141 143 146 146 147 142 145 139 130 76 57 48 55 41 56 56 77 80 82 88 86 89 86 74 76 78 68 56 59 69 66 56 37 23 48 69 69 48 22 9 8 9 8 8 7 5 6 10 26 85 122 126 130 137 139 144 139 143 147 141 143 145 147 144 145 144 147 
146 146 142 147 147 143 143 142 141 140 142 142 139 142 140 143 143 140 142 140 139 139 139 141 138 135 139 142 141 145 143 141 139 140 147 149 146 149 143 145 140 143 130 58 26 31 40 55 84 96 84 71 105 99 95 78 54 79 88 61 50 53 56 53 47 21 11 17 31 45 38 21 16 7 8 7 7 7 6 10 42 85 114 126 137 134 137 141 145 143 142 142 145 148 148 146 145 146 149 150 
149 147 144 144 146 143 142 140 139 140 139 141 135 135 139 143 139 140 138 140 138 140 141 141 139 137 135 141 143 141 139 144 143 143 144 144 141 140 144 146 144 142 138 120 52 37 43 70 80 83 82 75 92 91 94 82 66 45 77 78 55 33 29 21 19 18 12 9 9 12 16 16 16 11 6 6 6 7 11 36 96 115 126 134 135 136 142 147 146 141 142 146 143 146 149 142 146 144 150 152 
147 144 145 145 143 145 146 143 140 143 141 140 144 145 139 139 140 140 137 140 139 139 138 140 138 139 137 143 144 140 138 142 145 143 143 144 143 144 140 138 143 141 138 136 113 63 62 83 68 67 83 94 89 97 97 84 81 61 49 57 59 31 14 11 9 10 9 7 5 6 7 8 7 9 8 7 14 30 71 100 112 124 131 136 138 143 141 146 140 144 144 144 139 141 146 140 142 145 147 148 
145 143 143 143 145 146 144 142 143 141 139 141 144 144 136 138 142 143 140 143 137 137 135 141 142 136 139 140 136 139 137 134 139 143 141 144 141 140 145 146 143 143 138 133 134 108 84 70 79 44 53 62 70 100 85 74 62 37 48 24 21 29 16 10 9 7 7 7 7 6 6 7 10 12 26 46 72 110 123 124 120 131 135 134 138 141 137 141 138 144 144 144 146 148 147 147 148 147 146 149 
145 145 144 146 144 148 143 144 144 145 143 143 143 142 139 139 142 141 138 136 133 137 142 144 142 139 139 142 142 140 138 135 138 141 140 137 143 144 147 145 141 142 141 143 138 137 127 112 103 90 88 86 64 67 63 54 58 34 25 22 15 13 16 20 11 7 7 7 8 9 11 21 49 89 108 120 120 121 126 128 129 128 133 135 138 134 140 143 141 139 141 144 148 146 146 147 145 148 146 149 
144 144 140 145 145 149 142 144 145 144 141 145 139 140 139 139 139 143 140 136 136 141 145 139 135 138 136 141 137 134 135 135 137 138 139 141 137 138 146 144 142 142 142 143 142 143 143 135 132 130 127 123 115 102 89 70 68 59 48 44 36 18 19 34 32 27 26 61 81 87 88 89 117 123 126 121 127 129 130 132 135 141 141 134 141 139 142 145 144 148 149 148 148 145 143 145 146 146 145 143 
142 141 140 142 143 144 141 145 146 146 144 144 143 142 144 139 144 143 139 138 139 137 143 143 143 139 137 140 140 139 140 138 137 141 145 142 141 143 141 140 142 141 140 146 147 142 143 142 141 140 138 138 133 130 127 128 122 120 121 122 119 116 93 102 118 113 113 116 121 121 122 132 135 132 132 130 131 134 134 137 137 137 135 144 144 143 142 139 141 144 143 142 146 144 144 146 149 148 150 143 
137 142 145 142 140 143 141 137 140 143 141 142 143 145 144 139 141 140 141 134 135 138 141 140 136 143 139 134 136 138 141 138 139 143 144 140 141 143 141 141 141 143 143 141 141 144 145 139 140 137 138 136 137 135 135 134 129 128 129 128 129 133 122 126 129 128 123 125 129 129 128 134 135 132 137 137 132 133 131 136 139 142 141 140 139 143 142 144 148 143 144 144 148 146 146 142 150 145 145 147 
144 142 145 143 142 143 137 139 141 146 140 143 144 142 144 143 141 139 142 143 133 136 141 137 136 138 138 133 137 136 138 139 138 141 145 142 140 138 137 141 141 145 141 145 142 143 138 137 139 135 141 139 136 135 132 135 131 129 129 129 132 134 131 132 132 132 132 130 131 136 136 141 144 136 135 135 136 138 139 140 138 143 142 143 143 139 141 142 146 148 145 138 145 141 143 143 143 147 143 144 
145 143 142 140 139 145 139 140 143 145 141 140 137 142 140 143 142 142 143 139 139 140 139 132 135 134 140 132 133 135 137 137 137 140 139 137 142 143 144 140 141 143 143 143 141 142 139 139 139 140 145 142 138 139 137 136 136 134 129 128 133 134 133 137 139 136 137 140 134 133 139 138 142 139 141 140 141 141 139 137 141 145 145 143 143 146 147 145 144 143 144 150 147 146 147 148 150 145 147 150 
144 140 141 140 144 144 141 141 143 144 141 139 141 140 135 141 141 143 141 141 137 140 142 138 137 135 139 135 138 139 138 138 143 141 142 139 142 137 138 140 140 137 142 143 141 142 141 140 144 143 141 136 140 139 137 138 133 136 129 131 132 134 134 140 139 142 142 138 136 136 140 142 140 138 139 141 137 137 141 145 144 144 145 147 140 142 147 143 142 143 146 145 144 142 144 145 147 146 148 146 
145 144 140 140 141 142 137 142 144 145 139 140 144 142 137 140 139 140 143 141 141 139 142 137 138 135 136 129 133 138 138 138 142 135 139 139 139 136 132 138 138 139 141 139 139 141 140 145 145 144 145 139 143 141 139 136 136 139 138 135 138 139 136 137 141 143 142 144 145 141 140 141 140 140 141 142 142 137 141 141 146 143 144 137 141 146 144 143 145 143 144 144 140 145 143 150 150 150 145 144 
142 142 138 139 140 141 141 138 144 144 142 142 142 142 140 137 141 141 138 139 141 142 138 138 140 133 124 127 138 138 137 137 141 136 140 135 140 137 140 138 138 139 143 141 143 142 136 142 143 145 148 142 144 139 141 133 137 138 139 134 135 141 144 138 138 142 142 144 146 138 140 141 142 142 142 145 142 143 143 145 143 142 138 141 144 147 144 146 145 150 145 149 143 144 143 147 147 143 146 146 
142 144 138 140 141 138 139 142 143 142 137 139 141 142 137 139 138 140 139 139 137 139 136 140 139 137 132 130 135 138 140 139 140 139 138 135 141 133 133 134 138 136 142 140 140 142 140 139 144 141 144 142 138 139 140 139 138 144 138 134 135 142 143 140 143 145 143 144 143 141 145 143 138 140 144 144 145 141 142 143 144 143 143 145 149 146 144 145 146 145 144 146 147 147 147 144 141 144 146 145 
