246 246 245 245 245 246 246 246 246 246 246 246 245 245 246 246 246 246 246 246 246 246 244 244 244 244 244 244 242 241 241 241 241 241 241 239 238 238 237 237 237 235 236 234 234 234 234 235 233 233 241 254 254 255 255 255 255 255 255 255 255 255 255 255 255 255 255 255 255 255 255 255 255 255 255 255 255 255 255 255 255 255 255 255 255 255 255 255 255 255 255 255 255 255 255 255 255 255 255 255 
245 245 245 246 246 246 246 246 246 246 245 245 246 246 246 246 246 246 246 246 246 245 244 244 244 244 244 244 243 243 241 240 240 241 241 239 238 238 236 237 237 236 235 234 234 233 233 233 232 233 241 254 254 255 255 255 255 255 255 255 255 255 255 255 255 255 255 255 255 255 255 255 255 255 255 255 255 255 255 255 255 255 255 255 255 255 255 255 255 255 255 255 255 255 255 255 255 255 255 255 
246 246 246 246 246 246 246 246 246 246 246 246 246 246 246 246 246 246 246 246 245 244 244 244 244 244 244 243 243 242 241 241 241 240 239 239 239 239 234 237 237 236 234 236 235 232 234 233 232 233 240 254 254 255 255 255 255 255 255 255 255 255 255 255 255 255 255 255 255 255 255 255 255 255 255 254 255 255 255 255 255 255 255 255 255 255 255 255 255 255 255 255 255 255 255 255 255 255 255 255 
246 246 246 246 246 246 246 246 246 246 246 247 246 246 246 246 246 246 246 246 246 246 246 246 245 243 243 243 243 240 240 242 241 241 241 239 239 239 235 237 237 236 234 236 235 233 234 232 232 232 237 253 254 255 255 255 254 254 255 255 255 255 255 255 255 254 254 254 254 254 254 253 253 254 253 251 253 254 254 255 255 255 255 255 255 255 255 255 255 255 255 255 255 255 255 255 255 255 255 255 
246 246 246 246 246 246 246 246 246 246 245 245 246 246 246 246 246 246 246 246 246 246 246 246 245 243 243 242 241 242 242 242 241 241 241 240 239 238 237 237 237 236 235 236 235 231 233 232 232 231 234 253 254 255 255 255 254 254 252 255 255 255 255 254 254 252 253 254 254 254 254 254 251 245 249 246 248 253 254 255 255 255 255 255 255 255 255 255 255 255 255 255 255 255 255 255 255 255 255 255 
246 246 246 246 246 246 246 246 246 246 246 246 246 246 246 246 246 246 246 246 246 246 244 244 244 244 243 242 242 242 240 240 242 239 241 241 238 238 238 238 236 236 236 235 232 231 232 234 230 230 232 253 254 254 254 253 252 249 252 255 254 254 254 252 249 244 252 252 253 253 253 247 244 237 231 230 242 241 252 255 255 255 255 255 255 255 255 255 255 255 255 255 255 255 255 255 255 255 255 255 
246 246 246 246 246 246 246 246 246 246 246 246 246 246 246 246 246 246 245 245 245 245 244 243 243 243 242 242 242 241 241 241 241 240 240 240 238 237 238 237 235 233 233 232 231 233 232 232 229 229 233 251 252 253 253 249 249 245 249 250 252 249 250 236 230 246 247 249 246 246 238 225 230 195 189 198 212 215 250 253 254 254 255 255 255 255 255 255 255 255 255 255 255 255 255 255 255 255 255 255 
246 246 246 246 246 245 246 246 246 246 246 246 246 246 246 246 246 246 246 244 244 244 244 243 244 243 243 242 242 241 241 241 242 241 239 238 238 238 236 237 234 232 232 232 230 232 230 230 227 224 230 248 250 250 247 247 239 235 238 244 243 226 208 227 233 236 228 227 229 214 178 173 157 122 117 128 128 174 231 251 254 254 255 255 255 255 255 255 255 255 255 255 255 255 255 255 255 255 255 255 
246 246 246 246 246 246 245 246 246 246 246 246 246 246 246 246 246 246 246 245 244 244 244 244 243 243 242 244 242 240 239 241 240 240 240 239 238 238 237 237 234 232 231 234 231 231 228 228 220 218 228 247 248 243 241 232 218 232 225 227 187 178 222 213 207 183 167 174 156 123 98 100 86 80 83 81 79 112 186 241 252 253 255 255 255 255 255 255 255 255 255 255 255 255 255 255 255 255 255 255 
246 246 246 246 246 246 245 246 246 246 246 246 246 246 246 246 246 246 246 245 244 244 244 244 243 243 242 243 242 241 241 241 241 240 239 239 238 239 237 235 233 231 230 229 228 227 225 223 212 219 219 244 233 233 223 208 185 204 184 156 152 192 179 144 115 99 96 100 92 77 69 70 64 69 69 69 79 82 116 184 234 252 253 254 255 255 255 255 255 255 255 255 255 255 255 255 255 255 255 255 
246 246 246 246 246 246 246 246 246 246 246 246 246 246 246 246 246 246 246 245 243 244 244 244 243 243 243 242 241 241 241 241 240 240 241 239 239 237 236 235 231 229 229 228 226 220 223 213 204 206 205 230 222 204 190 141 133 118 105 111 136 129 94 80 74 69 69 72 73 63 60 58 60 67 62 72 74 75 80 96 160 227 250 253 255 255 255 255 255 255 255 255 255 255 255 255 255 255 255 255 
246 246 246 246 246 246 246 246 246 246 246 246 246 246 246 246 246 246 245 244 245 244 245 244 244 244 243 242 241 241 240 241 239 239 239 238 236 237 236 234 230 228 227 220 222 213 209 200 186 195 195 199 178 133 119 103 111 102 94 89 91 85 76 74 73 74 73 67 60 56 55 55 61 64 58 65 71 67 66 70 99 169 235 252 254 255 255 255 255 255 255 255 255 255 255 255 255 255 255 255 
246 246 246 246 246 246 246 246 246 246 246 246 246 246 246 246 246 245 245 244 243 244 243 243 242 242 240 242 242 241 240 241 239 239 239 239 237 236 234 232 226 225 220 212 212 199 195 163 173 178 144 123 104 92 93 99 109 101 87 87 73 72 74 75 78 79 75 72 67 57 56 59 60 59 59 63 61 60 63 59 63 109 200 250 254 255 255 255 255 255 255 255 255 255 255 255 255 255 255 255 
246 246 246 246 246 246 246 246 246 246 246 246 246 246 246 245 244 244 244 244 244 242 243 243 242 242 241 240 240 239 241 241 240 239 239 238 236 234 231 231 222 215 209 200 186 187 166 128 126 112 96 88 91 86 87 93 103 95 84 76 71 69 66 66 66 70 67 69 70 63 58 55 58 54 54 56 54 57 63 65 63 75 159 241 253 255 255 255 255 255 255 255 255 255 255 255 255 255 255 255 
246 246 246 246 246 246 246 246 246 246 246 246 246 246 246 245 244 244 244 245 246 245 243 243 242 242 241 241 240 241 242 239 239 240 236 237 234 230 228 226 210 199 189 170 164 136 108 96 93 89 88 84 81 83 79 85 89 86 80 70 72 69 62 60 67 71 66 67 67 64 58 53 53 48 47 52 57 66 66 62 71 67 120 208 250 253 255 255 255 255 255 255 255 255 255 255 255 255 255 255 
246 246 246 246 246 246 246 246 246 246 246 246 246 246 246 245 244 244 244 243 244 244 243 243 242 242 241 239 241 241 241 241 238 238 238 236 232 229 217 217 192 171 146 127 106 94 89 90 95 85 84 82 82 88 81 78 77 77 72 72 76 76 66 66 66 65 60 59 60 55 54 49 49 44 46 52 59 64 65 67 68 70 90 160 232 253 255 255 255 255 255 255 255 255 255 255 255 255 255 255 
246 246 246 246 246 246 246 246 245 244 244 245 245 245 244 244 244 244 244 244 243 241 243 243 242 242 242 241 240 241 241 240 238 238 239 235 229 221 210 200 165 133 117 101 94 87 86 92 91 84 77 75 80 83 76 80 81 81 79 72 80 77 66 63 67 68 68 67 63 62 53 45 50 46 47 49 56 55 63 66 60 61 75 123 211 253 254 255 255 255 255 255 255 255 255 255 255 255 255 255 
246 246 246 246 246 246 246 246 245 244 244 243 243 244 244 244 244 244 244 243 243 241 243 242 242 242 242 241 240 241 241 239 238 237 237 234 223 204 198 167 138 127 111 103 93 87 86 93 90 85 80 81 79 77 74 84 88 81 77 63 74 72 68 66 73 73 65 63 68 69 66 62 49 43 49 48 47 54 54 56 58 62 66 91 181 248 254 255 255 255 255 255 255 255 255 255 255 255 255 255 
246 246 246 246 246 246 246 246 245 244 245 245 244 245 244 244 244 244 244 243 244 243 244 242 242 242 242 241 241 241 241 240 237 236 238 231 206 191 173 132 133 124 111 100 94 87 91 94 86 83 91 82 72 72 79 79 78 77 68 61 64 62 62 64 67 63 65 63 60 55 59 61 55 47 46 45 48 50 49 51 58 66 64 73 149 234 254 255 255 255 255 255 255 255 255 255 255 255 255 255 
246 246 246 246 246 246 245 244 244 244 244 244 244 244 245 244 243 243 243 243 243 242 244 242 243 242 241 241 240 241 240 239 237 237 235 219 190 161 130 120 136 119 102 96 92 87 86 88 80 74 93 81 67 77 78 76 75 78 68 61 56 56 53 49 55 56 55 56 52 53 58 48 44 45 44 47 50 50 53 50 55 58 67 67 102 199 253 254 254 255 255 255 255 255 255 255 255 255 255 255 
245 245 246 246 246 246 245 244 244 244 244 244 244 244 243 243 243 243 243 243 243 242 243 242 241 241 241 241 239 241 239 237 236 231 224 192 168 117 105 125 124 114 96 91 91 80 76 82 72 75 85 81 75 81 75 72 72 71 75 65 61 60 56 50 53 48 50 51 44 54 52 43 41 35 41 45 51 48 51 49 51 57 65 63 82 159 247 254 253 255 255 255 255 255 255 255 255 255 255 255 
244 245 244 244 244 245 246 245 244 244 244 244 243 243 243 243 243 243 243 243 242 241 242 242 241 241 240 239 238 238 238 235 233 225 198 155 125 94 103 118 106 104 97 85 86 73 77 72 67 69 76 76 75 71 72 73 67 66 75 64 57 58 59 63 59 48 50 48 46 47 47 45 40 35 40 48 52 46 50 53 54 58 69 68 72 120 222 253 254 255 255 255 255 255 255 255 255 255 255 255 
244 244 244 244 244 245 244 244 244 245 244 244 243 243 243 244 242 243 242 242 242 242 242 242 241 241 240 239 237 238 238 232 228 214 147 112 87 85 97 115 98 98 92 87 83 77 77 68 64 70 74 77 69 64 65 65 57 62 64 61 55 54 59 57 55 54 54 53 47 48 52 47 36 32 36 40 48 49 49 56 58 57 74 89 72 93 180 253 253 255 255 255 255 255 255 255 255 255 255 255 
244 244 244 244 244 244 244 244 244 244 243 243 243 243 243 243 243 242 241 242 242 242 241 241 241 241 241 240 236 237 235 228 211 174 107 89 85 83 97 122 102 89 93 82 75 80 82 73 66 70 71 66 60 52 53 60 49 56 55 56 51 52 49 52 53 52 57 53 50 55 49 45 35 39 34 36 45 50 50 57 52 56 69 82 90 81 134 248 253 255 255 255 255 255 255 255 255 255 255 255 
244 244 244 244 244 245 244 243 242 243 243 243 243 243 242 241 242 241 242 241 241 241 240 241 241 240 241 238 238 238 230 223 177 122 96 90 79 80 85 107 105 86 81 73 65 71 76 72 67 66 62 60 53 52 49 50 53 50 52 53 52 53 49 52 55 55 54 57 53 60 51 45 45 41 34 37 39 49 50 56 56 58 65 71 85 88 99 231 253 255 255 255 255 255 255 255 255 255 255 255 
244 244 244 244 244 243 243 243 243 243 243 242 243 242 241 242 242 241 242 241 241 241 241 241 241 242 238 238 234 233 223 202 129 100 97 89 76 77 81 81 90 80 79 71 65 70 69 66 62 62 58 60 58 54 51 58 65 55 55 59 57 54 52 53 61 60 62 74 67 67 61 58 52 53 49 48 40 45 51 57 55 63 65 70 77 76 86 215 253 255 255 255 255 255 255 255 255 255 255 255 
244 244 243 243 243 243 243 243 243 243 243 241 242 242 242 241 241 241 241 240 241 241 241 241 240 240 237 236 232 226 193 150 103 93 89 77 69 69 73 70 74 74 75 73 75 77 68 66 67 63 61 55 53 51 49 64 63 59 55 59 59 59 62 65 74 75 87 89 76 69 63 61 64 62 63 58 59 60 58 58 52 56 70 74 78 82 83 189 253 255 255 255 255 255 255 255 255 255 255 255 
243 243 243 243 243 243 243 243 242 242 242 241 242 242 242 242 242 241 241 240 241 241 240 239 239 238 235 230 219 201 140 112 98 92 83 69 63 64 64 66 68 68 70 74 73 70 67 63 70 62 64 55 59 55 56 67 65 62 62 66 73 75 76 73 79 78 82 82 72 62 60 57 62 60 58 64 68 78 81 59 51 53 72 81 89 86 89 153 253 255 255 255 255 255 255 255 255 255 255 255 
243 243 243 243 243 243 243 243 243 242 242 242 242 242 242 240 240 241 241 241 241 241 240 239 239 238 232 220 192 152 104 93 89 85 73 62 59 62 61 64 68 72 69 72 67 63 67 64 66 69 66 60 62 60 71 80 73 71 63 72 72 73 73 65 68 64 67 71 70 64 64 58 60 54 54 58 57 74 74 59 53 54 67 75 94 98 89 131 251 255 255 255 255 255 255 255 255 255 255 255 
244 242 242 243 243 243 242 242 242 242 242 242 242 242 241 241 241 240 240 240 241 241 240 238 238 236 225 209 153 122 87 84 79 74 65 63 58 67 65 64 68 73 69 71 67 66 71 69 67 71 67 66 65 69 75 82 72 70 55 60 59 62 62 55 54 54 59 65 75 67 67 62 65 58 61 53 50 60 59 55 58 59 71 78 89 90 84 120 250 254 255 255 255 255 255 255 255 255 255 255 
243 241 243 242 242 243 242 242 242 242 241 241 241 241 241 241 240 241 240 239 240 240 240 239 236 233 227 192 118 93 80 77 80 74 66 64 62 66 66 68 70 70 69 69 71 69 69 76 75 76 77 75 70 68 70 68 64 61 49 54 53 56 59 54 51 56 64 70 72 67 66 65 68 66 61 55 50 51 55 53 56 62 76 72 79 80 93 118 248 255 255 255 255 255 255 255 255 255 255 255 
241 243 243 242 242 242 242 242 242 242 242 242 241 241 241 241 240 241 241 239 239 239 239 239 235 231 218 167 98 82 77 73 76 80 76 69 64 66 71 70 74 71 70 68 74 74 76 81 85 74 73 75 64 59 59 56 57 60 48 49 54 56 63 59 56 61 67 77 70 70 66 67 68 68 61 51 51 49 48 50 54 68 70 70 81 75 90 111 243 255 255 255 255 255 255 255 255 255 255 255 
242 242 242 242 242 242 242 241 241 241 241 241 241 241 242 241 241 241 241 240 240 240 237 238 234 234 204 122 81 77 78 70 72 84 79 70 66 69 77 75 76 76 72 73 76 80 79 73 80 71 69 71 63 56 56 52 58 62 53 54 58 57 64 65 59 61 69 73 68 70 75 70 71 65 61 55 58 54 46 47 52 65 67 75 74 74 89 95 235 255 255 255 255 255 255 255 255 255 255 255 
241 241 242 242 242 241 241 241 241 241 241 241 242 241 241 241 241 241 240 239 239 238 237 233 229 227 177 92 77 74 80 75 73 80 75 73 71 80 77 83 81 78 74 77 79 77 76 70 70 70 73 74 63 52 51 57 60 67 60 58 61 64 66 69 65 67 69 70 68 71 77 71 74 64 66 62 69 60 51 50 46 56 67 80 79 74 86 92 216 255 255 255 255 255 255 255 255 255 255 255 
241 241 241 241 241 241 241 241 241 241 240 240 240 240 240 241 241 239 239 239 238 238 237 231 222 199 160 81 75 77 80 79 76 71 75 77 79 82 80 78 84 87 80 77 73 70 69 64 63 66 81 82 69 56 58 63 67 71 60 69 68 70 77 79 73 74 71 73 66 72 74 74 73 64 72 70 64 54 51 47 42 48 61 74 79 82 87 95 192 254 254 255 255 255 255 255 255 255 255 255 
241 240 241 242 241 241 241 241 241 241 241 241 241 241 241 241 239 239 239 238 238 237 237 227 210 158 112 71 75 81 78 81 80 76 75 79 84 89 85 79 81 80 77 73 72 71 68 66 64 73 87 84 77 62 61 69 73 72 64 73 76 79 85 89 78 75 75 84 71 70 70 78 71 72 75 70 65 57 52 46 45 45 52 72 74 79 88 96 164 250 253 254 255 255 255 255 255 255 255 255 
240 240 240 240 240 240 240 241 241 240 241 241 241 240 239 239 240 239 239 238 237 236 234 224 194 122 80 77 77 83 77 81 85 81 78 83 82 80 86 86 80 74 72 73 74 77 73 72 72 78 91 87 80 68 63 72 76 70 72 78 77 78 77 87 87 82 72 83 75 71 78 75 68 84 77 72 66 62 52 54 51 46 53 68 71 72 77 96 134 241 252 254 255 255 255 255 255 255 255 255 
241 240 240 241 241 241 241 241 240 239 239 239 239 239 239 239 239 238 238 237 237 235 236 223 174 104 78 79 81 77 80 77 85 85 81 85 84 89 86 82 77 69 70 74 78 75 77 72 70 73 83 82 74 70 70 76 74 70 77 83 73 80 78 82 84 84 68 74 66 68 80 72 64 90 84 74 70 61 59 54 50 47 56 62 71 66 69 80 107 223 253 253 255 255 255 255 255 255 255 255 
240 241 241 240 240 240 240 240 240 240 239 239 238 238 239 240 239 238 237 236 234 235 230 222 165 93 77 79 84 76 81 88 82 84 85 81 82 82 79 74 69 69 68 67 70 72 75 71 67 65 71 69 68 72 70 75 72 69 71 75 70 74 75 71 77 76 63 68 63 65 77 71 63 81 76 70 78 63 64 58 51 57 58 60 65 64 62 69 88 210 252 254 255 255 255 255 255 255 255 255 
240 241 241 239 239 239 239 239 239 239 239 239 238 238 238 237 238 237 236 234 237 229 228 203 148 84 82 84 80 81 88 83 83 86 86 80 77 77 68 68 67 65 61 65 67 69 72 67 66 64 63 65 61 67 66 70 69 66 66 71 70 68 63 64 77 68 53 63 66 63 71 68 66 73 62 66 69 64 57 58 61 64 59 63 59 64 63 64 86 202 252 253 255 255 255 255 255 255 255 255 
239 239 239 238 238 239 239 238 238 237 238 239 238 238 237 236 236 237 236 236 232 229 225 193 116 83 80 80 87 82 82 85 83 86 83 78 69 78 76 84 86 74 63 64 67 71 68 59 71 70 61 58 58 60 62 67 68 64 65 69 65 64 58 58 74 70 56 62 64 62 66 69 58 63 50 55 56 53 59 63 67 64 60 59 61 61 66 71 95 193 252 254 255 255 255 255 255 255 255 255 
239 240 239 238 238 238 238 237 237 236 237 237 237 237 236 235 233 232 233 232 227 229 217 196 108 82 81 76 78 91 89 85 86 90 89 83 80 89 92 97 113 88 68 71 68 74 66 64 79 84 74 63 61 59 60 66 63 64 59 65 64 60 60 56 68 70 66 69 75 66 62 63 51 45 40 46 44 48 54 62 67 61 60 61 67 65 64 89 171 222 253 254 255 255 255 255 255 255 255 255 
238 237 238 238 238 236 237 236 237 237 234 233 232 235 234 232 230 226 225 229 222 214 216 185 109 83 93 88 96 115 114 103 101 100 100 99 95 104 93 101 108 104 79 74 61 75 60 71 76 88 80 69 64 65 61 64 62 61 60 59 61 65 63 56 68 73 65 67 79 65 59 52 37 31 37 40 41 41 51 58 61 62 66 65 66 65 66 91 241 254 254 255 255 255 255 255 255 255 255 255 
237 238 237 238 236 235 235 235 236 237 235 232 231 226 226 228 224 224 215 218 224 200 193 177 126 109 123 111 120 131 128 120 124 117 109 111 107 108 95 89 96 101 77 75 61 69 66 76 79 83 73 78 68 69 62 66 68 59 58 61 57 63 59 60 65 70 62 65 75 67 53 41 29 28 35 37 38 45 48 50 57 64 68 66 65 60 66 84 234 254 255 255 255 255 255 255 255 255 255 255 
237 236 235 236 237 236 231 229 226 224 219 218 215 218 216 216 218 209 205 198 201 204 170 136 129 129 124 118 114 115 129 126 118 117 95 94 103 94 78 76 78 87 76 66 59 63 63 69 68 74 72 78 68 67 62 64 65 63 63 61 63 59 62 65 69 70 64 65 73 62 49 33 25 26 37 30 46 55 44 43 54 69 74 69 66 65 65 77 206 253 254 255 255 255 255 255 255 255 255 255 
236 236 234 232 232 231 229 225 221 218 208 188 135 103 88 96 101 109 112 112 97 103 87 78 80 94 110 112 104 94 100 108 99 93 80 82 85 78 65 60 67 77 68 55 51 52 51 53 55 61 67 72 64 65 61 67 61 64 68 68 64 64 67 69 70 74 66 61 70 57 42 34 24 23 27 29 46 47 38 39 52 67 69 74 66 64 66 72 145 248 253 255 255 255 255 255 255 255 255 255 
231 232 229 229 228 227 226 222 211 180 126 69 54 54 56 58 54 56 65 60 58 54 67 70 58 56 73 78 74 72 73 84 85 79 83 77 74 69 66 58 58 61 55 47 39 39 38 44 45 49 59 58 56 60 68 72 67 75 71 76 67 66 70 75 68 80 71 63 74 55 40 34 24 22 26 34 44 42 33 36 45 51 65 65 73 73 69 67 99 219 250 253 255 255 255 255 255 255 255 255 
233 227 225 224 219 217 211 192 127 57 47 52 61 63 61 56 54 51 51 52 58 64 58 63 70 59 48 56 69 81 75 83 99 105 100 84 70 63 60 59 52 51 46 42 33 33 33 39 36 44 44 45 46 49 68 67 62 70 76 77 75 66 71 75 78 77 75 68 74 56 43 35 27 23 23 33 50 38 35 37 38 44 56 63 67 68 65 68 75 146 230 250 254 255 255 255 255 255 255 255 
235 231 226 222 223 213 146 62 40 46 59 69 75 75 73 68 62 57 65 65 53 49 53 65 66 57 36 49 69 82 86 99 117 125 112 94 77 61 53 54 46 46 42 36 30 29 30 33 29 38 37 41 42 42 57 63 59 60 80 82 73 68 66 68 85 73 71 69 64 54 48 35 31 25 22 33 46 35 34 36 39 44 50 59 59 60 64 64 66 80 152 239 253 254 254 254 255 255 255 255 
236 235 227 221 209 154 58 40 46 60 77 84 85 89 82 72 73 69 71 75 60 48 42 56 77 54 32 43 59 78 104 120 134 136 128 101 80 77 50 57 46 44 42 37 28 24 26 27 27 33 30 34 35 35 46 60 70 65 72 80 69 70 58 59 69 62 72 66 61 57 46 34 28 24 21 27 43 33 32 38 44 41 44 52 51 54 56 61 66 69 85 173 240 251 252 253 255 255 255 255 
234 234 234 227 208 115 40 45 55 67 72 80 83 87 71 69 67 75 74 75 78 72 59 52 43 46 39 47 67 87 123 128 145 130 127 99 83 92 65 57 47 44 48 40 34 24 24 23 24 29 27 28 31 33 43 54 66 67 66 69 59 52 49 47 48 51 68 63 62 51 43 34 28 25 20 24 36 34 36 44 34 35 41 42 44 45 48 57 64 70 76 88 168 225 248 252 255 255 255 255 
234 233 234 231 223 164 45 41 52 65 74 73 74 74 65 61 68 70 83 85 73 71 71 77 66 53 40 63 86 118 130 124 124 112 117 98 86 96 82 54 45 41 49 45 35 26 25 22 23 27 26 29 30 32 36 48 54 56 59 61 49 37 42 39 38 39 49 58 60 42 40 34 30 29 23 25 37 34 35 41 34 34 37 41 40 42 44 48 55 60 65 70 81 131 214 250 253 253 254 255 
232 233 232 230 229 220 121 42 44 58 73 76 70 62 59 62 67 67 78 88 76 68 59 60 71 73 53 77 106 120 117 113 106 113 106 85 89 89 91 57 50 49 43 46 36 28 26 25 24 26 29 30 27 31 32 33 39 44 46 48 48 31 35 35 34 36 41 52 42 35 33 31 29 27 26 22 35 34 33 32 29 29 34 34 36 37 39 42 49 53 61 63 70 83 115 200 252 253 254 255 
233 233 232 233 229 222 211 119 42 44 52 59 64 68 66 68 70 66 66 72 74 61 52 46 41 48 59 96 115 99 100 113 110 103 106 92 97 89 88 68 55 66 42 48 38 30 25 27 24 28 30 32 28 30 29 26 30 36 38 40 38 29 34 38 37 32 35 38 34 34 31 28 26 27 25 21 30 33 33 30 28 29 32 31 32 35 37 40 43 47 48 54 68 74 78 111 231 253 254 255 
233 232 231 232 231 231 230 224 166 66 49 49 54 60 65 66 68 66 57 56 61 58 51 52 47 57 87 91 96 100 107 108 89 104 111 105 109 96 82 75 65 74 49 42 37 34 30 26 24 30 28 31 31 37 33 26 31 36 37 41 36 30 33 41 39 31 32 32 33 31 31 31 27 27 24 19 24 28 34 30 28 28 29 30 31 33 34 35 38 37 41 49 63 67 71 82 186 252 253 255 
231 232 232 231 230 231 231 231 228 206 119 52 44 48 54 57 55 56 55 54 57 60 57 61 63 61 75 73 82 102 108 85 74 103 105 105 99 95 86 85 70 69 66 44 39 40 34 28 24 28 31 34 37 39 40 30 34 41 41 38 36 37 31 38 39 37 30 29 31 29 30 29 25 26 24 22 19 22 28 31 29 27 29 30 30 31 33 35 37 38 43 44 51 61 70 76 133 248 254 255 
231 231 231 231 231 231 231 230 230 225 214 160 76 40 41 47 51 49 51 56 60 56 54 52 52 49 56 68 79 101 95 73 72 101 92 97 97 113 97 92 81 58 68 48 52 37 38 32 28 32 29 32 44 45 53 48 41 45 46 44 36 35 34 36 34 32 30 30 28 30 27 28 25 25 28 22 19 19 24 30 31 31 30 30 30 30 32 34 39 42 44 46 54 63 74 77 121 249 254 255 
231 230 230 230 230 229 229 230 228 227 224 213 190 114 51 48 49 47 48 48 49 50 46 47 49 51 64 78 88 80 80 75 88 91 91 101 110 115 100 94 83 56 57 49 54 42 36 37 31 30 28 27 49 63 65 64 51 46 50 45 43 40 38 33 27 28 34 40 29 31 29 30 29 26 24 22 19 19 22 28 30 31 32 32 30 31 33 37 41 40 41 47 58 68 74 78 156 253 254 255 
229 229 229 229 229 228 228 228 228 227 226 220 209 200 138 63 51 47 45 45 41 39 45 47 55 58 76 92 84 66 78 83 82 92 95 100 90 99 104 84 91 62 51 49 47 50 38 38 38 32 34 29 46 74 73 68 62 54 49 48 44 43 38 34 30 33 37 38 39 34 29 29 30 27 25 22 21 21 21 24 28 32 34 32 31 32 33 32 38 36 39 48 62 69 72 82 214 253 255 255 
228 228 228 228 228 229 227 227 227 227 225 221 217 206 189 98 48 50 47 43 39 40 44 50 71 73 77 84 67 62 66 78 76 85 95 105 88 94 90 70 80 67 62 55 51 50 46 37 43 39 39 38 41 68 73 73 75 60 55 51 43 41 39 37 35 35 37 40 40 37 29 29 30 29 29 27 27 27 26 26 26 32 33 34 30 31 33 31 33 34 39 45 61 69 69 100 241 252 254 255 
228 228 228 228 228 228 227 227 226 226 224 219 216 210 190 110 54 56 47 41 38 42 42 48 71 91 86 75 66 64 60 66 79 70 88 90 78 80 76 60 75 63 66 56 60 55 55 48 52 45 50 48 53 58 72 77 74 65 62 60 51 48 43 42 41 42 41 40 38 44 44 35 31 34 28 26 27 30 32 32 33 33 37 37 34 32 34 36 38 37 42 53 61 63 68 139 252 252 253 255 
227 227 227 226 225 226 226 225 224 224 223 216 211 205 177 101 63 58 47 40 35 35 40 46 53 75 84 65 69 52 54 60 77 66 64 81 77 65 56 56 72 58 51 58 65 65 61 61 67 66 72 65 69 69 84 81 76 70 69 65 65 59 55 49 47 48 42 35 40 49 48 42 36 36 34 33 28 29 35 33 33 35 41 43 34 32 35 39 42 43 44 56 70 71 71 175 253 255 255 255 
226 226 226 226 225 226 226 226 225 221 219 219 211 197 158 97 69 56 46 42 38 34 36 40 41 47 69 59 81 55 54 64 73 67 68 76 76 60 49 54 56 41 41 73 80 87 77 81 74 71 86 88 87 84 85 80 74 79 77 73 77 69 55 50 49 53 50 50 47 47 53 48 44 39 41 37 36 32 37 40 40 39 37 39 38 35 35 38 47 50 49 56 61 65 72 189 252 255 255 255 
226 226 226 226 225 226 226 226 225 224 219 217 211 183 112 83 70 59 49 45 37 36 41 38 38 42 67 73 83 50 61 69 77 75 61 56 63 60 44 43 36 36 44 84 88 81 90 108 92 88 92 91 98 93 83 83 82 87 78 80 71 62 57 62 70 69 63 52 52 52 59 52 49 49 48 47 48 54 58 56 51 47 41 39 40 41 36 37 40 50 58 60 63 67 81 202 253 255 255 255 
226 225 226 226 226 226 226 224 224 224 220 216 209 170 94 71 62 59 48 41 38 42 41 42 44 61 76 88 86 51 53 61 68 78 65 52 59 49 38 41 44 40 67 88 88 96 97 120 111 95 104 89 95 89 91 96 96 91 87 84 72 66 64 69 78 80 72 68 69 59 66 61 50 47 52 52 59 65 61 52 47 42 42 39 36 43 46 47 45 48 59 67 69 74 113 228 255 254 254 255 
226 225 226 224 225 226 225 223 223 224 222 219 212 186 104 62 48 45 42 40 36 37 43 51 66 96 107 87 79 59 44 55 51 60 54 44 49 42 38 50 39 49 74 81 80 105 119 120 122 102 121 101 95 89 92 103 95 93 85 81 79 79 83 85 84 76 67 59 57 59 66 71 63 65 57 58 63 63 55 49 44 39 37 41 36 46 59 70 81 82 81 82 80 115 186 248 254 254 254 255 
225 224 224 223 223 224 225 224 223 223 222 217 214 193 109 67 47 42 39 39 40 39 40 71 94 86 103 120 72 64 38 40 42 40 40 38 49 46 34 39 39 46 62 80 77 111 125 139 121 107 125 117 101 104 106 93 93 90 84 85 92 100 105 118 113 94 79 73 71 71 73 81 90 102 106 93 82 73 64 50 39 33 40 42 34 38 59 89 197 235 223 204 197 226 244 253 255 255 255 255 
223 222 223 222 224 222 221 222 221 219 217 217 214 196 117 69 54 55 54 43 37 38 41 81 84 77 170 169 107 52 40 41 39 39 40 43 53 42 38 38 69 53 58 80 84 122 133 143 135 120 128 129 126 116 117 107 103 100 95 99 112 123 134 147 153 128 106 102 98 95 94 100 106 109 125 121 105 69 49 42 35 35 40 39 28 31 48 94 208 254 253 253 252 253 254 254 255 255 255 255 
221 221 221 220 222 221 220 220 220 220 219 216 213 204 137 70 54 50 45 36 38 39 35 61 56 65 158 146 131 70 31 35 38 46 42 48 59 36 42 48 67 55 66 103 98 126 142 143 142 134 124 131 129 115 107 105 114 111 111 120 134 150 164 169 167 148 133 125 127 133 126 114 109 120 137 124 100 66 46 32 33 39 43 35 35 37 44 88 212 254 255 255 255 255 255 255 255 255 255 255 
221 221 222 221 221 219 220 220 221 218 216 214 212 206 161 78 55 43 44 46 47 43 36 39 40 66 67 52 102 91 37 31 40 54 49 69 65 36 37 57 65 58 68 81 107 133 146 140 128 130 114 121 123 111 102 94 95 104 110 124 136 161 174 186 182 176 171 158 155 140 119 111 95 98 106 81 62 48 35 31 36 39 41 32 35 41 45 81 207 254 255 255 255 255 255 255 255 255 255 255 
220 219 220 218 218 219 219 218 218 217 218 215 209 202 161 84 57 45 56 72 79 52 36 33 39 58 103 98 121 74 44 29 42 43 50 71 68 35 35 53 61 80 103 113 127 142 151 141 131 125 99 95 104 108 103 91 81 89 98 108 127 152 176 181 186 181 183 170 154 141 125 96 71 66 62 70 56 37 29 28 33 37 37 37 39 45 49 76 193 253 254 254 255 255 255 255 255 255 255 255 
221 220 219 219 218 218 218 219 219 218 216 210 207 198 165 92 60 48 47 49 51 47 39 38 45 57 71 81 70 65 44 40 55 43 49 45 53 42 39 48 61 74 112 159 144 147 143 126 112 102 91 78 83 105 96 83 71 72 80 94 126 145 172 176 169 159 144 129 117 113 102 84 65 62 70 54 43 33 26 24 25 31 35 44 58 59 52 58 158 251 254 254 255 255 255 255 255 255 255 255 
218 218 218 218 216 216 218 217 218 218 218 213 200 193 172 109 73 60 52 52 53 54 48 47 59 68 79 78 80 59 38 57 70 49 32 38 44 50 40 37 54 106 144 158 154 141 130 116 93 72 74 74 73 97 85 68 63 63 67 81 115 148 166 176 162 138 121 105 100 90 83 76 64 66 64 51 31 24 25 25 28 32 38 57 51 53 59 60 100 207 251 253 255 255 255 255 255 255 255 255 
218 218 217 216 217 216 216 217 216 214 211 210 207 192 174 118 83 70 61 66 64 66 65 60 66 78 88 93 82 48 37 56 62 52 37 34 36 38 37 42 87 116 138 126 109 99 96 90 81 65 64 62 64 71 84 66 52 55 62 73 111 145 173 160 139 117 98 84 73 77 71 74 63 61 64 45 30 24 24 30 33 41 49 46 38 41 55 58 61 99 227 252 255 255 255 255 255 255 255 255 
217 216 215 216 217 215 215 215 214 216 214 208 199 182 128 89 77 65 63 62 73 91 98 87 81 87 86 76 58 45 42 43 74 42 39 39 35 35 38 69 137 162 134 116 99 87 85 81 64 53 59 59 58 44 54 53 50 49 54 67 103 133 153 146 105 83 69 65 61 64 67 66 66 64 56 48 30 29 35 38 48 44 42 35 38 42 46 56 85 114 171 245 255 255 255 255 255 255 255 255 
216 216 216 215 216 216 216 214 215 208 204 197 190 133 77 64 73 64 55 56 61 76 110 123 139 124 117 103 95 77 76 61 55 46 32 31 32 36 50 103 158 157 127 90 82 79 78 64 55 55 50 49 44 31 38 43 42 47 53 62 95 119 105 110 84 65 61 60 68 66 72 65 59 44 34 27 26 33 43 56 48 38 36 36 38 43 43 52 74 73 106 205 253 254 255 255 255 255 255 255 
216 216 216 216 215 215 214 213 209 206 205 195 131 79 57 60 76 80 69 63 61 64 74 111 138 152 143 134 86 95 91 59 63 36 30 28 35 53 80 132 145 127 110 107 77 74 63 56 51 51 46 45 35 33 35 42 44 49 58 60 80 98 91 90 89 74 62 61 69 74 79 68 50 30 25 27 33 41 67 50 37 35 35 35 40 38 37 37 48 58 73 141 244 254 254 255 255 255 255 255 
214 214 214 215 214 214 212 212 209 203 183 109 73 62 58 65 74 84 77 63 61 54 54 57 67 97 143 163 134 106 89 67 84 30 33 36 57 71 101 122 108 124 108 111 80 61 55 52 54 48 42 42 36 34 35 43 48 52 65 68 72 86 83 89 83 76 68 65 65 74 82 70 48 30 28 33 37 48 68 34 33 35 40 44 41 34 36 39 44 49 64 93 189 249 253 254 255 255 255 255 
214 214 213 213 213 212 211 208 204 195 123 72 60 62 66 71 81 85 90 75 62 59 60 60 59 73 71 78 137 122 131 82 52 40 34 65 81 90 118 126 140 125 116 99 67 58 54 51 56 59 54 53 49 47 46 53 60 63 73 74 75 80 80 79 74 71 72 65 69 80 120 144 128 52 42 41 47 44 55 38 33 36 41 44 38 34 37 41 44 48 59 70 110 218 253 254 255 255 255 255 
212 213 213 213 213 212 209 205 200 183 78 62 61 61 68 70 79 77 85 90 90 77 70 57 50 55 49 62 96 147 141 92 37 48 48 78 75 115 101 86 94 90 84 67 60 59 57 58 71 104 119 109 103 87 72 68 70 73 81 83 78 80 69 73 74 84 86 83 94 130 186 205 192 109 71 60 58 53 50 48 38 36 35 37 35 36 40 41 45 55 62 66 74 133 240 253 255 255 255 255 
211 211 211 211 211 209 207 204 202 156 74 69 60 65 73 86 100 120 132 149 148 119 95 71 58 50 63 72 62 112 118 69 56 54 54 73 65 67 69 60 52 55 54 61 86 107 107 98 120 163 176 181 212 212 182 133 107 97 104 93 89 84 80 92 117 117 130 151 177 209 220 224 202 175 135 92 78 68 60 55 45 38 35 36 35 36 38 42 49 56 61 66 73 83 185 253 255 255 255 255 
210 211 211 210 210 209 208 206 203 180 143 103 96 135 143 140 155 171 180 181 171 155 127 110 106 81 76 96 102 89 96 67 54 50 57 67 72 66 60 50 53 52 55 77 140 158 160 153 165 177 185 197 245 251 251 239 221 213 220 204 201 187 173 193 215 205 217 214 229 236 236 230 211 199 173 159 151 131 96 76 59 43 38 38 35 35 38 45 49 50 51 56 65 73 132 253 255 255 255 255 
211 210 210 209 209 207 206 206 201 197 195 179 172 183 182 170 188 191 191 192 182 165 159 139 163 151 142 126 97 79 65 69 48 51 49 49 49 50 54 65 71 80 92 125 161 176 175 174 177 185 190 201 250 254 254 253 252 251 251 248 252 248 247 250 251 246 244 239 245 243 243 236 226 215 196 190 196 171 147 111 87 57 45 39 37 35 38 38 42 43 48 57 67 71 109 249 254 255 255 255 
209 209 209 209 209 208 206 204 206 202 202 199 195 197 197 192 199 201 200 202 198 181 176 177 186 182 176 174 170 154 113 84 68 69 68 56 53 60 103 154 161 155 161 163 168 183 183 181 182 188 192 202 250 254 254 255 254 254 254 254 253 254 254 254 254 252 250 249 250 246 244 241 233 225 214 213 216 207 185 142 128 96 57 43 37 37 37 37 39 43 51 61 68 71 105 245 255 255 255 255 
209 208 207 207 207 207 206 208 207 205 207 205 203 202 204 198 203 205 203 202 197 191 191 188 194 193 191 193 187 190 181 173 171 172 168 144 140 152 177 174 188 179 178 178 182 183 187 187 188 187 191 206 251 253 254 255 255 255 255 255 255 255 255 255 255 254 254 254 252 249 246 244 240 233 226 227 229 230 215 183 156 141 81 55 42 39 39 37 39 42 52 63 64 76 103 242 255 255 255 255 
207 205 207 205 206 206 206 206 206 206 205 205 202 204 202 202 204 203 202 203 198 195 197 196 201 198 198 197 193 193 192 193 187 187 187 177 181 181 178 181 181 191 189 187 185 185 190 188 190 188 191 203 249 253 254 255 255 255 255 255 255 255 255 255 255 254 254 254 254 251 247 246 242 239 233 234 235 236 234 218 189 172 116 76 47 42 41 41 42 44 51 65 71 72 116 246 255 255 255 255 
205 204 204 204 204 204 204 204 204 204 205 203 203 199 202 202 201 201 202 202 200 198 201 199 199 198 199 198 197 195 196 197 192 192 192 184 188 186 183 186 179 181 191 190 190 191 190 190 190 191 192 205 251 253 254 255 255 255 255 255 255 255 255 255 255 254 254 254 254 251 248 246 244 240 238 239 241 240 241 234 216 207 161 102 52 43 43 45 46 52 56 64 72 75 162 252 255 255 255 255 
204 204 204 204 204 203 202 202 202 202 201 202 200 201 200 200 200 200 200 201 199 197 199 198 198 197 198 196 194 196 196 193 193 190 193 185 188 188 187 183 188 179 183 190 189 189 189 189 189 189 190 203 251 253 254 255 255 255 255 255 255 255 255 255 255 255 255 255 255 253 249 247 246 243 241 242 244 245 243 242 235 230 201 133 57 45 46 49 53 58 63 66 73 87 221 253 255 255 255 255 
202 203 202 201 201 200 201 201 201 201 200 200 201 200 200 200 200 198 199 199 198 195 198 197 197 197 196 196 195 195 194 191 194 190 193 184 187 188 185 185 185 188 178 180 187 188 188 188 187 188 187 202 251 253 254 255 255 255 255 255 255 255 255 255 255 255 255 255 254 253 252 249 248 244 242 247 244 246 245 247 245 243 231 152 63 52 49 52 57 64 73 74 70 123 249 253 255 255 255 255 
201 202 201 201 200 201 200 200 199 199 198 199 199 198 198 198 197 195 195 197 197 193 193 197 196 195 195 193 192 193 191 191 191 188 191 183 186 188 187 183 183 185 187 182 179 180 186 186 185 186 187 200 250 253 254 255 255 255 255 255 255 255 255 255 255 255 255 255 254 254 253 250 248 246 244 247 248 248 248 250 248 248 244 174 73 61 60 62 66 71 78 73 74 168 253 254 255 255 255 255 
200 200 200 200 200 199 199 199 197 196 198 198 198 197 197 197 197 197 195 195 196 194 191 193 194 193 195 193 193 190 190 190 190 188 189 183 185 188 188 185 180 179 184 186 185 179 180 178 180 183 183 199 249 253 254 255 255 255 255 255 255 255 255 255 255 255 255 255 255 255 255 252 247 246 246 248 250 250 250 252 250 251 249 223 152 97 78 76 80 80 69 72 90 203 254 255 255 255 255 255 
199 199 198 198 197 198 197 198 197 197 196 196 197 196 196 196 196 196 193 194 194 193 192 191 192 192 193 193 190 189 190 188 189 187 187 185 178 185 184 185 180 181 177 183 183 182 181 180 179 180 179 192 247 253 254 255 255 255 255 255 255 255 255 255 255 255 255 255 255 255 254 253 248 248 248 251 252 253 253 253 253 253 253 248 242 208 154 98 81 83 76 84 146 236 254 254 255 255 255 255 
197 197 196 197 197 196 195 195 195 194 195 195 194 194 195 193 193 194 193 191 193 193 191 188 190 189 189 188 187 186 188 185 183 185 184 184 179 180 182 181 184 179 180 176 182 182 181 182 182 180 182 192 248 253 255 255 255 255 255 255 255 255 255 255 255 255 255 255 255 255 254 253 250 251 249 253 254 254 254 254 254 254 254 253 252 243 248 236 198 166 155 194 234 250 254 254 255 255 255 255 
196 196 195 196 194 193 193 194 194 193 193 193 192 192 192 192 191 190 192 192 191 189 188 188 187 187 188 187 185 186 186 185 182 183 182 182 179 176 180 180 181 181 177 178 175 177 180 180 181 181 181 190 248 253 254 255 255 255 255 255 255 255 255 255 255 255 255 255 255 255 255 251 251 247 249 253 255 255 255 255 255 255 255 255 254 254 254 255 253 250 248 249 254 255 255 255 255 255 255 255 
193 193 193 192 192 192 191 191 192 192 191 190 190 191 190 190 188 187 188 188 188 186 187 186 185 183 185 184 184 183 183 183 180 180 180 180 176 178 175 178 177 178 177 176 175 170 172 175 177 178 179 192 249 253 254 255 255 255 255 255 255 255 255 255 255 255 255 255 255 255 255 253 253 250 252 255 255 255 255 255 255 255 255 255 255 255 255 254 254 253 253 253 255 255 255 255 255 255 255 255 
191 190 189 190 190 191 189 190 190 189 189 189 189 190 189 188 187 186 186 186 186 185 185 185 183 183 182 181 183 182 181 181 177 180 180 178 174 177 173 173 177 177 177 175 175 175 175 171 171 174 176 189 248 253 254 255 255 255 255 255 255 255 255 255 255 255 255 255 255 255 255 255 254 252 254 255 255 255 255 255 255 255 255 255 255 255 255 255 255 255 255 255 255 255 255 255 255 255 255 255 
190 188 189 189 189 188 188 188 187 187 187 187 187 187 186 184 184 185 183 185 184 183 183 183 183 182 180 182 180 182 180 181 177 178 177 175 177 178 177 176 173 174 175 176 175 175 174 174 173 172 172 187 245 252 254 255 255 255 255 255 255 255 255 255 255 255 255 255 255 255 255 255 254 253 255 255 255 255 255 255 255 255 255 255 255 255 255 255 255 255 255 255 255 255 255 255 255 255 255 255 
187 186 186 185 185 184 184 185 184 183 183 183 183 183 183 181 181 181 180 182 181 179 180 180 179 179 179 180 179 178 177 177 173 174 174 173 173 173 173 171 172 171 172 172 172 173 172 173 173 173 172 184 246 252 254 255 255 255 255 255 255 255 255 255 255 255 255 255 255 255 255 255 255 254 255 255 255 255 255 255 255 255 255 255 255 255 255 255 255 255 255 255 255 255 255 255 255 255 255 255 
182 182 183 184 181 181 181 181 181 180 181 179 180 180 178 177 177 178 178 178 177 176 176 176 175 175 174 175 175 174 173 174 170 171 171 171 170 170 170 167 170 171 168 169 170 170 170 171 170 169 171 178 248 253 254 255 255 255 255 255 255 255 255 255 255 255 255 255 255 255 255 255 255 255 255 255 255 255 255 255 255 255 255 255 255 255 255 255 255 255 255 255 255 255 255 255 255 255 255 255 
179 179 178 178 178 178 179 177 177 178 177 177 177 176 176 174 175 175 176 175 174 172 173 173 174 172 173 173 171 172 173 172 169 169 169 170 169 169 167 167 166 166 166 166 165 167 167 168 167 167 167 178 247 254 254 255 255 255 255 255 255 255 255 255 255 255 255 255 255 255 255 255 255 255 255 255 255 255 255 255 255 255 255 255 255 255 255 255 255 255 255 255 255 255 255 255 255 255 255 255 
