76 76 76 76 76 76 76 76 76 76 76 76 76 76 76 76 76 77 77 78 78 77 79 80 80 80 80 80 80 80 79 79 80 80 87 89 107 134 158 160 155 156 159 164 163 155 146 135 133 131 136 133 127 128 124 122 117 120 124 119 125 115 116 106 113 96 97 92 96 109 103 103 107 111 111 100 87 78 86 96 91 112 116 121 122 123 122 123 114 110 103 101 99 102 107 107 111 107 105 105 
75 75 76 76 76 76 76 76 76 76 76 76 76 76 76 76 76 77 77 77 78 77 78 79 79 79 80 80 80 80 81 81 80 80 82 83 95 115 155 156 163 160 153 147 145 148 153 149 140 127 108 110 112 114 117 117 126 128 121 115 116 117 119 111 108 103 97 96 94 99 105 96 96 107 94 95 90 92 98 94 114 110 99 105 102 101 122 100 113 112 108 112 110 104 98 101 106 113 111 109 
74 74 76 76 76 76 76 76 76 76 76 76 76 76 76 76 76 76 76 77 77 77 78 78 78 78 79 80 80 79 81 81 80 82 82 81 83 100 150 160 154 160 160 154 149 140 135 134 140 136 129 117 112 105 108 112 122 135 124 120 124 121 117 118 106 107 98 98 93 89 90 90 95 106 99 97 92 93 103 103 87 105 107 94 90 63 24 24 61 92 89 106 111 112 105 101 104 108 112 109 
73 73 73 73 74 74 75 76 76 76 76 76 76 76 76 77 77 76 76 77 77 77 77 78 80 80 80 80 79 79 80 80 81 83 80 80 81 86 132 172 170 157 166 169 161 155 147 134 128 129 134 131 122 110 106 107 112 127 113 116 114 120 120 118 121 106 94 92 91 92 89 94 92 95 98 109 93 86 97 122 120 92 99 99 88 73 39 41 83 70 31 40 91 104 107 105 96 98 104 108 
73 73 73 73 74 74 75 76 76 76 76 76 76 76 76 77 77 76 76 77 77 77 77 78 79 80 80 80 80 80 79 80 81 83 79 81 83 84 96 155 173 170 160 163 162 161 159 144 131 132 136 133 129 130 119 117 116 114 112 108 113 102 103 108 116 118 104 94 92 83 88 85 93 82 92 108 100 82 89 117 162 128 71 71 72 89 71 68 83 50 35 40 79 101 95 95 103 101 97 102 
73 73 73 73 74 74 74 74 75 76 76 76 76 76 76 77 77 76 76 77 77 77 77 78 79 79 80 80 80 80 79 80 80 82 84 87 82 81 85 125 165 169 169 167 161 161 154 147 137 139 131 134 133 135 130 118 114 115 114 111 112 108 109 106 100 103 102 110 107 93 73 84 85 97 84 84 110 76 81 132 163 135 106 108 101 102 99 95 86 83 80 84 74 68 71 73 94 108 105 95 
72 72 72 72 73 73 73 73 74 75 75 76 76 76 76 76 76 75 76 77 77 77 77 77 78 79 80 80 79 80 80 80 80 81 81 80 80 82 84 100 146 158 164 160 155 154 156 151 135 140 141 138 137 134 131 127 120 113 114 117 115 111 106 102 97 102 99 98 113 125 114 88 75 85 89 85 84 77 79 142 147 126 110 121 118 142 160 148 136 122 120 105 97 92 91 97 84 69 95 88 
72 72 72 72 73 73 73 73 73 74 75 76 76 75 75 76 76 75 76 77 77 77 77 78 78 79 80 80 80 79 80 80 81 81 82 82 82 83 86 92 118 152 144 146 144 135 140 148 144 136 131 130 135 133 128 127 126 121 112 110 110 105 106 102 97 95 102 92 92 107 118 116 95 79 74 86 94 79 75 97 105 90 85 96 96 117 125 135 149 148 145 149 140 136 122 98 72 63 95 93 
71 73 72 72 72 72 73 73 74 76 75 75 75 76 76 77 77 76 76 76 76 77 77 77 77 77 77 78 80 80 80 80 79 79 77 78 79 79 83 83 96 144 153 140 141 136 132 131 139 133 121 125 125 126 123 117 117 122 116 110 111 109 105 96 95 95 102 99 98 95 101 111 114 100 92 87 89 95 81 84 89 84 79 95 98 96 97 111 112 112 120 134 133 139 135 98 59 83 94 97 
70 71 71 71 71 70 71 71 72 73 72 71 71 70 70 71 71 70 70 71 71 71 72 71 70 70 70 70 70 70 70 70 69 69 68 68 68 71 72 69 78 118 156 147 143 143 135 128 127 127 129 120 121 129 126 120 120 118 115 111 107 102 98 99 102 110 125 128 117 106 96 94 93 106 120 110 101 95 96 74 80 86 90 106 114 113 108 95 63 104 108 97 104 108 106 86 55 101 110 97 
62 62 63 63 62 62 62 62 62 62 62 63 62 62 62 62 62 62 62 61 61 61 62 62 62 62 61 61 61 61 61 61 62 62 61 62 62 66 63 62 67 97 133 153 139 135 138 133 132 127 123 124 123 124 127 118 114 114 115 110 106 99 98 98 102 102 106 97 92 90 87 88 83 81 85 94 100 105 108 102 76 81 88 96 119 139 118 106 114 77 105 107 104 105 101 83 88 113 113 104 
54 54 54 55 55 55 56 56 57 57 58 59 59 59 58 58 59 60 60 61 60 60 61 62 62 61 60 60 60 60 61 61 61 61 61 61 63 64 62 63 63 77 107 129 142 133 126 128 133 133 132 127 122 124 118 115 110 106 101 97 103 109 108 99 95 96 94 94 91 93 93 99 105 112 107 99 95 94 103 109 109 107 117 127 134 124 134 125 98 99 77 111 119 127 121 116 127 124 117 119 
55 55 55 56 57 57 58 58 58 58 58 59 59 58 58 58 59 60 60 65 60 60 60 61 61 61 60 60 60 60 61 61 61 61 60 61 61 62 63 63 64 66 96 107 113 126 123 119 118 129 132 129 126 118 120 115 108 114 113 104 99 100 110 114 100 89 92 99 90 82 83 87 99 118 122 119 111 115 112 117 123 134 146 164 133 143 128 122 114 110 95 89 123 141 136 134 138 129 125 127 
56 56 57 57 59 60 60 60 60 60 60 60 60 61 61 61 61 59 60 63 58 59 60 60 60 60 61 61 61 61 61 61 61 61 62 62 60 60 61 62 64 64 87 106 91 106 107 108 114 117 132 130 119 118 113 108 110 112 112 109 104 102 101 105 110 101 97 95 93 99 96 97 91 98 112 127 121 117 115 116 106 127 124 137 134 121 121 120 128 119 111 111 139 184 136 145 139 140 137 162 
57 57 58 58 60 60 59 59 59 60 60 60 60 61 61 61 61 60 60 62 60 60 61 61 61 61 61 61 62 62 62 62 61 61 61 60 59 59 60 61 62 62 71 104 105 89 98 98 101 105 110 118 122 110 107 105 104 107 108 112 104 100 100 99 105 104 92 92 95 100 97 116 126 132 128 127 111 102 117 115 117 118 119 101 120 124 123 119 147 141 148 140 148 166 164 153 175 180 171 167 
59 59 59 59 60 60 60 60 60 60 60 61 61 61 61 61 61 60 63 64 61 61 62 61 61 61 61 62 63 63 63 63 61 61 60 58 57 57 58 59 59 59 63 80 112 101 90 94 100 106 111 110 108 109 108 104 106 104 100 104 109 107 107 103 104 97 101 98 103 135 140 157 152 154 148 120 98 108 118 127 104 108 81 86 122 137 142 164 190 147 159 153 184 202 204 198 195 203 201 197 
60 60 60 60 60 60 60 60 63 65 63 64 62 64 62 61 61 62 64 70 64 66 63 61 66 63 63 62 62 61 63 63 62 61 59 57 56 56 56 57 58 58 58 61 92 110 93 92 89 107 109 110 110 112 107 99 102 107 100 97 101 97 105 106 103 110 100 104 148 181 187 181 174 166 131 131 146 150 139 135 136 124 132 134 157 181 183 178 202 186 187 199 220 219 213 213 211 208 210 211 
60 60 60 60 59 60 60 62 68 91 116 128 125 134 104 84 70 69 67 79 68 80 65 64 70 71 65 66 69 64 63 62 63 61 59 57 56 55 55 56 56 56 56 56 66 105 111 101 92 90 108 120 107 97 102 105 98 100 110 120 115 115 125 129 122 105 104 147 194 204 194 194 183 170 172 175 177 157 164 157 160 164 165 183 197 202 205 210 215 210 223 224 222 222 215 214 213 213 221 220 
60 60 60 60 59 60 62 65 96 141 165 145 140 160 170 164 133 119 111 85 77 81 77 68 72 76 75 82 66 75 69 65 64 62 60 57 54 53 53 53 53 53 54 54 59 73 104 113 101 91 90 104 120 113 99 92 93 98 100 111 149 174 178 160 124 118 167 213 223 206 215 204 200 211 208 193 185 193 180 171 177 175 186 197 210 219 216 222 227 227 226 227 229 227 224 218 220 216 212 212 
59 59 59 59 60 60 62 65 80 96 113 130 122 134 155 156 141 142 135 129 126 110 108 82 79 78 88 86 65 91 85 80 64 62 59 57 53 51 50 50 51 51 52 53 54 60 70 107 123 117 103 98 105 122 118 109 98 98 118 154 202 208 201 153 153 186 224 232 228 221 226 217 224 224 217 212 207 208 202 201 199 197 199 216 223 221 225 233 228 227 229 230 234 233 229 222 214 211 205 212 
59 59 60 61 61 61 62 63 72 78 96 125 118 120 143 159 149 160 160 158 157 143 141 153 129 103 97 95 68 105 100 71 70 63 61 58 55 53 51 50 50 50 50 50 56 54 58 81 111 128 126 110 104 107 114 121 118 144 179 217 224 220 206 171 194 229 240 236 230 233 233 234 233 232 228 228 224 217 222 220 216 208 217 223 228 235 231 223 225 231 233 236 237 230 227 224 216 210 206 207 
61 61 61 61 61 61 61 63 67 78 92 113 112 109 115 139 146 153 158 172 174 154 158 168 173 157 147 125 91 119 113 72 75 66 65 60 60 55 53 52 51 51 52 53 59 58 56 59 86 118 133 128 119 118 128 152 177 202 221 228 226 225 217 206 230 241 242 237 239 241 240 236 237 236 232 233 223 229 223 224 220 219 219 228 234 226 223 224 229 231 232 232 233 229 227 222 213 208 206 207 
63 63 62 62 61 61 62 63 64 67 93 108 116 100 104 116 126 135 143 161 169 152 163 175 185 174 168 170 157 151 138 89 95 74 71 71 69 57 56 55 52 54 57 70 86 104 114 103 114 116 136 147 150 158 181 197 215 219 224 225 226 229 221 227 237 241 241 239 242 242 241 239 241 241 238 233 233 232 228 227 228 231 229 228 223 225 227 231 231 229 230 229 227 224 222 222 216 209 209 200 
63 63 63 63 63 63 63 63 64 65 79 117 94 99 91 94 105 125 125 133 155 154 149 163 177 178 174 180 182 175 148 131 152 124 114 118 91 64 61 62 60 66 77 122 152 150 150 162 164 157 176 183 193 200 206 208 215 215 218 221 224 228 228 232 236 238 240 241 242 242 243 243 244 241 237 236 234 233 231 237 232 236 226 225 227 228 225 223 223 227 230 228 226 226 225 225 215 215 208 204 
63 63 64 64 64 64 64 63 64 65 66 77 140 92 89 86 93 115 114 122 133 138 138 154 167 168 170 172 173 174 168 158 181 171 147 139 132 104 87 89 86 100 103 155 158 144 157 184 189 185 197 197 203 198 203 204 204 209 216 217 224 226 229 232 234 237 239 242 242 242 243 245 243 240 240 233 238 238 232 237 238 229 230 231 231 228 225 225 225 229 230 230 228 227 227 223 218 217 209 197 
63 63 64 64 64 64 64 65 66 66 66 68 74 128 126 87 86 94 104 120 110 127 133 142 154 157 161 164 175 165 174 174 185 186 188 161 151 118 127 116 108 129 138 134 156 164 172 190 199 193 195 191 194 187 177 189 195 197 209 213 223 226 230 230 230 232 235 242 243 246 247 244 243 241 241 241 240 234 238 240 233 231 233 230 226 224 228 228 226 231 232 234 232 230 227 223 219 217 209 198 
64 64 64 64 65 65 65 65 65 65 65 66 66 76 136 110 79 80 92 104 91 120 120 139 150 155 151 157 179 179 157 174 201 185 186 193 190 175 155 149 147 140 159 155 159 184 192 199 202 199 190 177 175 166 159 175 181 185 195 204 219 222 226 227 228 231 233 242 244 247 246 243 243 241 233 241 228 237 239 235 235 236 232 231 231 232 231 230 232 232 235 237 233 232 231 226 222 213 202 193 
65 65 65 65 65 66 65 65 66 66 66 67 68 68 67 85 100 85 88 97 88 98 117 120 145 152 148 151 162 196 180 170 192 188 188 183 181 197 191 179 162 159 171 182 180 180 195 193 192 184 154 136 146 149 161 172 166 175 177 187 198 211 218 221 229 229 233 240 243 244 245 245 241 236 244 227 235 243 236 235 239 235 233 233 233 230 226 230 234 236 236 238 237 236 233 227 220 213 208 200 
67 67 67 67 67 67 67 67 67 68 68 67 69 70 68 68 82 123 114 84 85 88 104 113 122 156 163 150 155 166 196 197 188 191 189 200 189 185 178 178 176 157 177 196 191 175 188 190 179 166 137 105 123 150 156 166 165 165 170 172 181 195 210 219 223 228 231 234 240 244 245 245 242 241 240 238 242 238 239 240 237 236 238 238 233 230 230 235 238 238 237 237 239 239 234 229 224 220 210 196 
68 68 67 67 67 67 67 67 68 68 68 69 69 69 69 69 71 91 152 103 78 87 95 105 106 137 166 169 166 162 173 209 211 200 173 188 189 173 166 161 169 173 166 178 179 170 192 194 165 141 138 91 108 152 143 152 150 169 175 176 173 187 207 216 228 233 232 231 236 244 246 245 241 240 241 244 241 242 242 238 238 242 241 237 233 231 236 238 239 238 236 235 236 239 233 228 224 219 211 207 
68 68 69 69 69 69 69 69 69 69 69 69 69 69 69 70 71 74 102 147 107 77 69 85 104 122 155 169 179 178 172 182 207 211 204 180 182 173 167 146 155 171 155 171 177 179 193 200 174 135 118 85 88 125 131 151 154 172 174 175 185 193 200 217 234 236 233 230 235 243 248 243 241 238 244 240 241 243 239 242 243 245 240 237 234 234 238 240 241 238 234 232 231 230 226 224 220 212 205 204 
69 69 69 69 69 69 69 69 69 69 69 70 70 70 71 71 71 72 80 111 156 125 65 59 65 106 133 169 178 191 199 200 200 206 199 195 178 162 158 149 128 154 154 178 183 178 187 203 173 114 91 103 101 113 119 154 151 161 171 177 180 195 200 204 224 231 233 225 234 244 244 240 240 240 241 241 244 240 242 244 244 243 241 237 235 236 240 242 242 240 238 236 232 227 225 221 216 208 201 204 
70 70 70 69 69 69 69 69 70 71 71 71 71 72 72 72 72 75 80 106 124 126 96 68 71 75 111 137 184 194 196 208 205 202 200 197 185 170 149 138 126 120 156 161 186 175 185 203 163 126 86 103 112 113 96 133 140 129 156 170 173 191 205 191 205 218 210 217 231 241 241 242 240 242 241 246 240 242 246 245 243 243 239 238 238 240 243 241 240 239 241 241 237 231 224 218 211 210 210 199 
70 70 71 71 70 71 71 71 71 72 72 72 72 73 73 73 73 75 76 82 122 131 111 88 88 81 110 132 171 193 198 194 199 196 195 187 177 164 150 135 127 125 143 149 163 126 133 165 145 145 90 99 114 111 105 115 128 133 134 157 169 184 208 204 197 211 203 210 214 228 227 232 241 240 244 241 243 247 247 244 244 242 240 240 240 240 240 236 235 236 240 240 237 231 221 222 214 206 194 165 
71 71 71 71 70 72 73 73 73 73 73 73 73 73 73 75 73 74 74 73 79 123 120 95 91 101 119 151 165 187 195 203 197 188 185 182 171 166 147 135 134 135 129 150 133 143 98 115 151 169 105 124 117 106 118 109 110 131 152 153 163 185 213 218 219 209 208 214 215 221 208 221 234 241 239 240 245 247 245 245 244 241 240 240 239 239 236 232 229 231 233 235 234 227 217 213 209 197 171 109 
72 72 72 72 71 72 73 72 72 72 72 73 74 75 75 75 74 76 76 78 88 162 174 116 91 93 115 153 180 196 199 202 204 189 182 180 169 174 164 152 151 151 153 122 165 165 144 108 150 153 122 114 89 81 108 106 117 125 147 150 155 182 206 218 218 213 227 221 220 215 215 212 229 218 230 243 246 246 245 244 245 243 240 238 237 236 231 229 231 231 232 233 231 230 226 217 202 181 135 111 
74 74 74 74 73 73 74 73 73 73 74 75 75 77 77 77 77 77 77 78 81 119 173 135 138 117 146 164 173 178 184 197 198 193 183 175 182 190 182 180 184 184 175 162 160 180 205 132 113 146 106 69 74 85 128 85 111 131 136 147 141 160 183 194 200 220 232 219 222 233 214 229 219 204 229 238 244 244 247 246 245 244 240 237 233 235 235 232 231 231 233 233 234 234 231 225 212 180 139 130 
75 75 75 75 75 75 75 75 75 75 75 76 76 77 77 78 78 78 78 79 82 101 168 161 138 166 191 199 196 195 194 194 196 196 193 183 176 189 194 199 191 203 197 185 168 172 208 182 67 86 54 48 65 67 112 112 109 133 132 146 134 142 175 212 206 224 232 211 232 238 225 233 218 211 207 226 239 243 244 247 246 245 240 236 234 235 237 233 229 231 234 237 235 232 230 223 210 180 134 122 
75 75 76 76 77 77 76 76 77 76 76 76 76 78 78 80 80 79 80 84 89 106 171 191 191 203 211 208 197 196 188 189 188 193 189 193 194 193 198 203 203 196 196 187 146 139 167 165 62 63 62 53 87 81 125 106 95 108 136 127 143 133 160 185 191 219 228 229 241 238 235 237 223 218 208 214 224 237 244 247 246 243 238 236 235 235 234 235 232 231 232 234 233 233 234 229 215 190 140 139 
77 77 77 77 78 78 78 78 79 79 79 79 79 79 79 79 80 80 82 82 86 103 165 198 209 213 206 199 194 187 175 173 171 170 182 187 178 177 190 195 206 211 192 171 164 147 139 151 90 61 71 92 103 109 120 82 74 69 107 141 128 146 133 134 184 219 230 231 243 239 239 239 231 226 217 208 215 229 237 242 244 242 237 238 237 236 231 232 230 232 234 235 236 236 236 231 226 211 170 118 
78 78 78 78 78 78 78 78 79 79 79 79 80 80 80 80 80 82 84 88 96 125 183 197 207 213 204 198 194 177 164 166 170 170 171 172 177 171 179 183 190 189 189 165 152 173 181 191 181 110 89 78 81 74 80 48 47 70 111 126 120 126 135 159 155 209 214 223 238 234 237 236 226 224 213 207 210 219 221 232 237 242 238 238 238 236 229 230 232 231 231 232 233 234 234 233 229 223 203 142 
78 78 78 78 79 79 80 80 80 80 81 81 81 82 82 82 82 83 83 86 95 163 211 217 201 200 205 196 181 170 170 160 161 167 175 172 168 172 177 178 184 183 178 174 183 184 160 177 199 170 111 66 48 46 51 67 101 140 132 118 105 140 155 155 166 178 203 211 229 226 233 234 216 212 200 178 188 208 219 222 227 233 236 238 238 234 230 227 230 229 230 231 230 228 227 226 229 228 222 191 
79 79 79 79 80 80 80 80 79 81 82 82 82 82 82 84 83 83 85 96 147 207 219 214 207 208 205 188 176 169 171 184 199 197 188 174 166 152 151 161 173 182 177 178 181 168 150 136 139 151 137 121 111 91 120 122 129 125 125 133 70 83 88 123 145 180 196 198 211 224 217 224 213 197 164 152 150 175 197 211 216 224 231 234 238 239 231 226 224 229 230 230 229 227 225 224 226 226 223 214 
80 80 81 81 81 81 81 80 81 82 83 82 82 82 82 83 83 85 87 109 188 212 218 215 203 197 178 160 139 142 166 176 181 180 176 158 154 144 145 158 174 165 159 173 192 173 161 167 187 168 147 124 137 106 112 121 107 104 116 86 94 78 69 56 112 139 178 191 193 213 221 221 209 189 164 154 145 151 179 206 213 221 227 232 235 232 235 231 228 225 226 227 227 227 226 225 225 222 219 213 
82 82 81 81 81 81 81 82 83 84 84 84 84 84 84 84 84 86 93 146 207 213 219 212 197 184 151 132 142 152 161 165 161 156 148 150 123 128 133 128 137 147 158 160 170 165 163 153 140 110 115 110 107 101 83 60 73 75 76 86 107 74 49 47 74 130 157 180 189 203 211 208 205 173 161 157 136 136 163 195 207 210 223 229 235 236 237 236 232 227 228 229 227 227 228 227 229 227 219 211 
81 83 83 83 83 83 83 83 84 85 85 85 85 85 85 86 86 89 109 184 218 225 225 227 217 192 158 137 138 139 151 157 157 157 146 116 81 78 88 88 81 86 85 94 97 81 78 79 76 79 66 80 83 57 56 61 62 65 62 73 81 94 43 35 55 91 96 106 161 198 202 191 173 150 151 151 129 119 138 167 186 198 216 218 225 230 232 233 237 231 229 228 228 227 227 225 226 226 224 219 
82 83 83 83 84 85 85 86 85 85 85 85 86 86 86 87 87 90 111 199 226 230 234 231 215 179 149 135 133 136 132 120 114 109 102 101 90 80 87 85 83 81 75 67 78 80 69 68 70 62 46 62 47 48 62 62 49 56 58 88 103 88 55 38 40 47 50 52 77 147 174 170 142 151 166 155 136 128 144 168 183 192 210 219 221 229 231 232 229 235 231 228 234 232 229 230 230 230 226 222 
83 83 84 84 85 85 85 86 86 86 86 86 87 88 88 89 89 92 128 209 227 233 238 222 190 159 151 153 150 141 137 140 136 115 110 121 113 89 83 94 97 95 120 100 97 91 102 84 66 59 59 54 42 43 50 55 59 48 54 74 81 86 45 40 45 47 53 58 62 79 107 115 112 157 176 168 154 136 157 168 175 186 204 218 221 227 232 233 224 226 233 228 231 230 234 226 233 233 226 222 
86 86 85 85 86 86 87 87 87 87 87 89 89 89 89 89 89 92 140 215 225 232 227 213 201 185 168 164 153 156 155 154 137 127 126 119 117 115 120 113 129 134 161 163 116 93 95 82 57 51 41 40 37 39 49 46 41 46 57 56 67 70 40 40 56 77 83 80 108 120 126 108 123 161 183 174 155 136 146 151 169 188 203 216 227 225 229 229 228 226 230 228 226 231 235 235 231 232 233 227 
86 86 87 87 87 88 87 87 88 88 89 89 89 89 89 90 90 97 148 214 225 230 224 212 185 167 154 157 159 159 158 149 133 127 115 115 114 115 131 142 144 131 122 118 93 83 74 69 47 46 32 27 29 42 40 43 36 37 36 49 54 57 53 48 79 105 114 130 131 128 123 101 118 167 184 169 133 120 138 153 178 195 208 224 229 231 228 229 229 229 227 225 224 229 233 235 234 233 233 228 
87 87 87 87 88 88 88 89 90 89 89 90 90 90 90 90 92 98 159 215 224 224 222 211 191 169 147 138 140 150 165 162 161 152 143 127 126 113 116 126 129 143 136 124 86 76 65 67 59 59 47 25 20 25 29 32 29 27 31 40 50 55 62 88 130 113 137 164 152 128 117 107 114 155 188 174 169 148 146 165 182 190 205 221 236 240 237 232 230 227 225 224 224 224 229 233 234 237 234 232 
87 89 88 88 89 89 89 90 90 89 89 90 90 90 90 92 93 99 165 216 218 211 203 193 190 183 166 149 125 132 161 170 174 175 174 163 161 163 157 146 157 156 151 135 108 94 73 73 61 65 62 29 23 24 27 34 40 38 63 48 54 67 89 137 126 134 160 179 174 150 141 125 111 148 179 187 180 172 183 190 194 202 206 225 237 239 241 238 233 228 228 223 222 221 227 231 233 235 233 233 
88 89 89 89 89 89 90 90 90 91 91 92 91 92 92 93 95 111 169 213 215 219 212 207 202 195 193 175 146 124 147 145 132 158 167 180 164 154 168 182 202 197 188 175 157 154 103 67 79 65 54 55 53 42 39 39 66 80 51 65 75 131 169 187 155 146 170 187 190 176 169 149 134 151 184 177 183 194 206 207 205 212 212 224 231 231 237 236 234 229 228 225 224 223 223 223 228 229 229 230 
89 90 90 90 90 91 91 91 91 92 92 92 91 92 94 96 99 108 169 211 214 218 216 206 199 186 175 154 126 112 108 101 108 122 148 158 178 191 193 209 221 209 181 166 148 128 127 115 107 83 59 55 64 67 49 33 38 47 60 72 98 141 162 167 173 170 169 182 177 191 175 155 146 135 175 171 179 200 213 219 210 211 220 226 234 230 236 236 234 222 218 215 217 223 224 224 226 231 230 228 
90 91 91 91 92 92 92 92 92 93 93 93 92 93 93 94 94 101 166 206 210 214 214 193 188 176 163 153 132 135 127 124 127 130 118 139 151 183 199 206 210 203 180 149 170 174 124 96 112 121 118 106 113 110 56 58 60 52 60 81 117 123 136 152 194 192 168 177 172 191 177 161 158 142 152 173 168 197 220 218 218 219 229 233 233 237 234 238 237 224 226 230 223 227 226 228 227 225 227 224 
91 91 92 92 92 92 93 94 94 94 94 94 94 94 94 94 96 101 143 198 202 208 193 186 185 176 166 156 150 148 147 140 141 138 131 146 153 166 188 206 207 200 177 162 167 152 150 84 122 125 141 115 117 114 78 86 71 77 76 97 124 133 146 181 198 188 176 189 180 177 181 163 166 162 154 179 185 199 219 222 225 228 235 237 232 236 233 235 237 234 227 234 230 230 230 230 226 225 225 222 
92 92 92 93 93 93 93 94 93 93 94 95 94 94 94 94 97 98 119 191 195 192 187 177 173 176 167 171 176 167 158 151 148 145 149 159 166 175 182 204 193 196 194 190 190 184 133 101 156 141 129 118 134 113 107 84 110 95 97 108 137 181 179 184 202 189 184 189 182 181 176 174 179 178 179 188 206 215 222 231 237 237 237 239 236 231 227 232 233 236 233 233 231 227 228 225 225 227 230 230 
92 92 93 95 94 94 94 94 94 94 94 94 95 96 96 95 98 104 113 166 194 188 177 164 156 157 161 172 182 178 175 170 172 169 152 150 170 168 178 176 192 174 190 197 204 181 81 137 153 160 121 108 122 106 109 97 110 98 138 127 136 164 190 183 189 188 178 181 177 182 174 179 184 195 193 202 213 224 231 239 242 244 242 240 240 236 219 240 239 239 239 238 233 229 227 226 222 225 222 223 
93 93 94 94 94 93 94 94 94 94 94 95 96 98 98 97 98 100 109 140 183 188 170 150 145 152 163 173 180 178 180 182 174 171 168 168 155 161 136 146 160 158 153 189 194 150 83 138 134 117 82 84 98 106 106 86 98 106 130 142 141 146 161 162 173 175 187 174 181 174 182 181 190 198 213 219 230 240 243 246 248 246 247 245 240 237 230 241 243 239 239 236 229 227 224 219 223 227 224 219 
94 94 95 95 95 94 94 94 95 95 96 97 97 97 97 98 99 98 105 121 152 130 107 134 134 145 167 180 187 180 188 187 184 183 178 153 150 124 114 122 129 116 135 177 145 93 104 145 112 71 65 75 93 95 79 80 78 80 97 131 152 181 185 187 174 172 180 174 186 178 192 188 194 207 223 230 240 244 248 247 248 247 244 241 241 239 233 234 241 237 240 233 216 207 212 221 223 226 226 225 
95 95 96 96 96 96 96 96 97 97 97 97 98 98 98 99 99 99 104 119 152 116 124 102 91 114 143 164 182 186 193 193 190 179 169 155 131 113 108 102 118 114 155 156 86 123 183 125 113 83 86 74 96 82 85 76 78 85 110 128 165 184 203 206 181 182 183 182 194 184 194 193 207 221 235 242 241 243 247 247 245 246 246 242 234 236 236 235 240 235 239 231 227 229 232 233 235 234 234 221 
95 95 95 95 95 97 97 97 97 98 98 98 99 100 100 100 100 100 106 124 144 112 92 93 102 123 148 168 177 191 194 193 187 178 170 153 139 122 100 105 121 134 150 132 126 176 182 122 104 86 95 78 89 67 74 70 71 115 122 129 171 188 196 199 178 182 198 192 192 192 204 216 212 230 240 244 246 247 245 244 244 244 245 245 241 238 237 238 237 235 235 231 235 237 236 237 236 234 232 228 
96 96 96 96 97 99 99 98 99 99 99 100 99 100 100 103 109 108 112 115 111 106 88 87 94 113 160 188 213 212 204 194 191 183 169 162 156 125 100 111 133 148 163 151 139 168 149 113 81 82 93 84 83 71 66 61 87 112 128 148 179 182 188 191 199 202 212 210 193 209 219 230 238 233 234 241 244 246 245 241 242 243 242 241 240 239 238 238 239 237 236 233 235 235 237 239 234 237 235 231 
97 97 97 97 98 99 99 99 100 100 100 100 101 107 108 107 102 94 93 115 108 88 87 93 124 172 204 201 198 195 205 201 191 178 171 171 144 111 101 120 136 169 152 137 143 179 140 110 79 78 82 87 78 71 73 69 103 130 147 164 175 179 190 198 208 209 214 221 218 225 235 238 231 242 237 231 240 239 242 238 233 241 242 240 236 229 237 236 239 237 236 234 234 234 234 236 235 236 235 236 
98 98 99 99 100 100 100 101 100 99 104 106 107 102 101 100 95 96 105 92 87 85 98 125 166 180 172 177 196 204 191 192 195 185 172 161 137 121 126 143 151 171 154 132 141 179 150 118 81 83 80 82 84 77 82 91 110 140 156 170 177 194 206 217 215 228 235 236 241 236 243 239 236 227 239 238 235 240 237 238 227 226 234 235 225 216 230 233 231 233 234 236 233 231 234 236 237 236 235 236 
99 100 100 101 100 100 100 103 106 106 104 102 102 101 98 90 91 94 89 81 83 92 112 127 135 141 169 182 185 182 197 200 196 179 168 160 146 146 150 136 155 154 157 156 134 165 162 126 87 105 100 91 105 88 99 114 124 142 161 185 201 215 229 235 228 237 242 246 244 243 233 241 239 235 231 237 239 240 238 237 235 228 224 232 214 220 232 234 235 235 234 236 235 233 237 236 234 236 237 238 
99 101 101 101 101 103 106 106 102 102 103 103 100 97 96 123 141 113 99 84 94 99 106 124 153 174 160 150 163 179 194 190 179 181 175 170 161 156 151 152 155 155 168 179 169 174 176 121 101 118 107 123 123 109 129 134 148 144 170 200 217 228 233 241 242 243 245 245 244 244 236 238 238 239 237 236 238 238 238 231 238 234 230 231 223 219 216 235 239 234 235 238 238 236 238 236 237 236 237 236 
101 101 101 102 104 105 102 102 103 103 103 102 96 87 133 137 109 101 96 95 108 105 126 142 138 137 139 161 160 184 188 181 180 181 171 156 165 167 165 160 161 153 182 184 187 190 173 126 131 142 125 160 141 144 146 147 151 140 179 209 227 232 237 243 246 234 246 243 244 241 240 233 237 234 239 240 236 237 238 238 236 236 234 232 224 216 226 240 238 233 235 238 238 236 236 234 235 238 237 233 
103 103 102 103 104 103 104 104 104 104 103 94 83 98 106 96 103 102 106 116 115 125 117 110 136 147 167 153 179 187 173 166 161 166 161 172 173 159 161 157 167 169 181 188 200 193 189 163 167 170 163 159 159 164 153 152 152 164 186 212 223 235 237 246 248 246 244 242 241 239 239 237 243 239 235 237 238 235 233 237 237 238 238 231 225 229 234 237 235 234 237 239 237 236 235 237 238 236 236 236 
103 103 105 105 104 105 105 105 104 102 91 104 95 99 97 91 107 114 115 122 125 129 128 143 153 165 168 170 172 159 134 147 170 173 162 168 166 147 148 152 165 170 183 186 194 193 194 180 176 175 180 173 171 171 167 156 170 187 205 222 229 234 237 243 246 249 245 244 238 238 236 237 241 242 236 234 236 239 225 231 236 236 237 236 233 226 226 232 234 235 236 238 238 237 236 237 237 236 235 235 
104 104 104 104 106 105 105 105 98 86 92 107 104 111 108 108 110 121 129 128 148 148 144 157 166 168 160 137 142 137 150 139 142 153 159 144 150 143 132 149 140 164 183 190 197 192 199 184 185 175 180 175 185 184 187 173 184 201 210 228 231 234 235 240 241 246 243 238 235 238 235 235 236 239 236 231 237 236 238 234 229 235 235 236 235 236 236 230 227 233 237 237 240 238 238 236 233 236 238 237 
104 104 105 105 106 105 104 97 88 87 96 102 112 109 110 120 118 132 139 146 161 160 157 165 160 147 156 147 158 127 118 124 147 145 126 147 140 119 129 129 117 143 158 180 189 198 197 191 192 185 180 186 198 201 204 197 196 207 214 227 230 235 235 238 242 243 244 238 233 232 238 236 239 237 239 234 232 237 235 238 235 229 230 232 232 234 231 237 238 235 234 235 236 237 237 236 234 236 238 239 
105 107 107 107 106 106 94 80 95 101 92 98 128 113 119 125 142 139 147 158 170 180 160 164 154 149 155 160 151 137 133 107 129 121 128 143 132 124 110 101 102 121 133 167 174 185 186 181 183 185 188 188 199 202 205 206 209 215 219 227 230 235 236 238 245 243 244 241 240 227 236 235 235 236 234 238 233 233 234 234 236 236 234 227 227 229 229 234 234 238 240 241 240 237 234 235 236 234 235 236 
105 107 107 107 106 97 80 91 97 91 87 115 120 126 137 136 153 159 160 172 171 176 160 151 157 160 168 160 150 151 175 143 128 107 132 122 91 87 56 79 91 101 124 146 167 173 171 175 175 180 184 190 195 204 212 211 214 224 224 228 232 234 237 242 245 243 242 240 238 234 228 236 235 236 231 233 236 232 231 231 233 233 234 231 228 225 225 230 232 237 238 239 238 239 239 239 239 233 233 236 
106 106 107 106 101 78 85 88 108 101 106 123 136 146 151 155 163 173 173 179 178 163 164 167 167 163 165 161 145 136 143 143 123 106 105 72 57 50 64 72 105 126 136 143 159 159 164 173 183 188 191 196 200 208 217 219 217 224 226 228 238 237 241 242 246 243 242 239 237 235 227 234 237 234 233 228 231 234 231 228 231 232 233 231 223 230 230 229 235 235 236 239 238 238 236 236 237 238 235 236 
108 108 109 107 87 71 73 102 113 121 123 137 144 156 163 164 171 176 173 179 180 179 175 172 165 162 171 171 155 129 131 127 125 116 89 64 55 67 64 95 115 139 158 153 147 148 154 171 178 184 195 200 208 214 218 224 227 224 226 233 239 240 244 241 245 243 242 239 237 237 235 231 231 236 235 235 229 232 236 234 231 232 231 228 221 226 228 236 236 233 233 237 235 235 237 239 239 236 236 232 
108 108 110 107 70 54 77 103 113 126 140 152 158 166 171 170 175 175 177 189 192 184 177 170 173 169 154 158 141 152 139 124 113 97 76 71 86 95 91 104 107 134 158 144 143 140 138 148 164 170 184 198 214 216 223 225 234 234 230 234 236 239 243 239 240 240 240 237 237 235 236 233 222 224 231 229 234 228 229 233 231 229 227 223 221 227 229 231 234 237 237 235 232 230 232 238 237 234 235 233 
109 110 109 100 66 42 64 88 98 117 143 149 163 163 171 170 172 171 175 165 155 157 156 150 146 117 109 107 96 90 87 83 83 82 83 83 86 88 89 108 115 130 140 129 123 133 137 134 157 163 174 194 214 221 222 229 233 236 236 236 237 237 242 242 238 238 239 238 236 236 234 234 226 213 223 227 227 229 227 226 227 228 225 219 221 224 227 230 231 235 237 241 238 234 235 234 233 232 234 233 
111 112 111 104 90 57 45 52 70 92 111 115 131 135 136 133 129 132 117 103 100 93 110 115 113 115 102 97 92 89 87 87 88 87 87 88 89 90 91 98 102 120 126 120 119 123 137 137 141 166 179 194 212 224 225 230 231 234 240 241 236 234 239 240 240 236 236 236 234 234 231 232 230 226 218 224 223 225 223 222 218 220 225 221 221 222 226 228 228 233 235 234 231 232 236 237 236 237 236 233 
112 112 114 112 107 92 69 55 38 45 49 48 54 74 68 77 74 87 99 103 113 115 116 118 118 111 105 101 97 94 94 94 92 92 93 95 97 97 97 99 101 110 111 119 109 120 123 120 136 139 158 181 202 217 227 231 230 228 236 240 236 233 233 235 238 237 235 233 232 228 229 224 227 220 218 218 224 229 224 217 221 220 221 221 227 229 229 229 228 232 233 231 229 230 232 234 234 237 238 235 
111 112 112 113 110 111 113 109 106 105 106 106 107 113 112 113 115 117 121 115 116 115 115 116 118 112 108 104 102 101 99 99 99 99 101 101 101 103 103 104 105 108 111 115 111 114 118 118 123 127 129 147 175 203 220 232 227 226 228 236 235 231 231 227 231 236 235 232 227 228 226 220 217 222 215 214 216 224 220 219 224 227 226 226 225 228 235 230 229 231 232 232 229 230 230 232 231 233 233 235 
114 114 115 114 114 114 115 115 114 115 114 115 114 114 115 116 117 117 117 117 118 118 118 118 117 115 113 111 109 107 106 106 106 106 107 107 107 109 109 110 112 113 119 118 119 119 120 121 122 124 125 129 137 156 198 224 224 224 212 220 230 231 229 224 225 227 231 230 224 224 223 219 213 216 220 218 215 216 223 227 227 231 230 230 231 231 232 231 230 231 231 229 231 231 228 230 233 234 233 231 
115 115 115 115 115 115 115 115 116 116 116 116 116 116 116 117 117 118 118 118 118 118 118 118 118 118 117 114 114 113 113 113 113 113 113 113 114 116 115 116 118 120 121 122 123 122 122 123 123 124 124 124 126 129 151 182 211 217 205 188 217 227 225 225 217 217 224 226 221 216 216 217 212 212 215 220 215 214 227 228 234 231 232 232 233 231 233 234 230 232 233 233 235 230 230 232 232 232 231 231 
116 116 116 116 116 116 116 116 116 116 117 118 118 118 118 118 118 118 118 119 119 119 119 119 119 119 120 121 120 119 117 117 119 119 119 119 119 120 120 120 121 121 122 123 124 123 123 122 122 122 122 124 124 126 136 133 184 190 195 166 175 213 218 218 213 193 209 222 218 214 203 210 214 211 212 218 221 222 225 231 233 238 234 233 232 229 232 231 232 233 234 234 233 231 232 230 226 227 229 229 
116 116 118 118 118 117 117 117 117 117 118 118 118 118 118 118 118 120 120 119 119 120 120 120 121 120 120 121 122 122 122 122 122 122 122 122 122 122 122 122 122 122 122 123 123 123 123 123 123 123 123 124 124 133 128 127 157 163 167 166 149 176 203 207 208 186 184 203 214 210 198 200 213 215 209 217 216 225 230 234 231 235 241 233 230 227 229 227 230 230 231 231 230 227 225 225 225 228 231 231 
118 118 117 117 118 118 118 118 118 118 119 119 119 118 119 120 120 120 120 121 121 121 121 121 121 121 122 122 122 122 122 122 121 121 122 122 123 123 123 123 123 123 123 124 124 123 123 124 124 124 124 124 124 134 124 127 137 147 142 145 150 137 176 198 200 188 164 173 196 200 200 196 208 217 209 215 216 222 229 232 232 234 235 236 231 228 225 228 229 227 228 229 228 230 231 228 226 234 230 233 
117 118 118 118 118 118 119 119 119 120 120 119 119 120 120 121 121 120 120 121 122 122 122 122 122 122 122 122 122 122 122 122 122 123 122 122 123 123 123 123 123 123 124 124 124 124 124 124 124 124 124 126 128 131 125 125 129 141 132 136 142 138 148 166 180 175 152 152 164 177 186 192 200 206 209 211 215 222 226 231 229 233 235 228 228 232 226 228 228 225 228 228 227 230 229 230 228 229 230 232 
117 119 118 118 119 119 120 120 120 120 120 120 120 120 121 122 122 122 122 122 122 122 122 122 122 122 123 123 123 123 123 123 122 124 123 123 124 124 124 124 124 124 124 124 124 125 125 125 125 125 125 126 133 126 127 125 127 131 133 129 128 138 140 138 162 167 142 133 130 143 170 184 185 188 202 208 217 221 225 228 227 229 231 228 227 232 232 230 228 226 231 228 228 227 228 227 225 229 231 234 
119 119 119 119 120 120 120 120 120 120 121 122 122 122 122 122 122 122 122 123 123 122 122 123 123 123 124 124 124 125 123 123 124 124 125 125 125 125 125 125 125 125 125 125 125 125 125 125 125 127 127 125 131 127 127 127 127 127 127 127 127 127 131 132 140 153 139 127 95 108 114 145 176 162 181 201 211 217 220 223 225 228 228 227 225 228 232 236 230 227 229 228 227 224 228 227 227 234 235 237 
119 119 121 121 122 123 123 123 123 122 122 122 122 122 122 122 122 122 122 123 123 123 124 123 123 123 124 124 124 125 125 125 124 124 125 125 125 125 125 125 125 125 125 125 125 125 125 125 125 127 127 127 128 127 127 127 127 127 127 127 126 127 128 129 131 145 134 103 64 74 75 81 145 148 161 185 206 217 219 221 224 224 225 225 227 228 229 228 232 229 229 228 229 229 230 224 233 240 234 235 
121 121 122 122 123 123 123 123 123 122 122 123 123 123 123 123 123 123 123 124 124 124 124 124 124 124 125 125 125 125 125 125 125 125 125 125 125 125 125 125 126 127 127 127 127 127 127 127 127 127 127 127 126 127 127 127 127 127 126 126 127 127 128 128 128 127 121 74 56 69 53 61 109 136 149 172 199 214 219 221 226 221 220 224 224 224 227 228 224 231 231 228 228 227 222 225 236 238 230 235 
122 122 122 122 123 124 124 124 123 123 123 123 123 124 124 124 124 124 124 125 125 124 124 125 125 126 127 126 125 125 127 127 127 127 126 126 126 126 126 126 126 126 126 127 127 127 127 127 127 127 127 127 127 127 127 127 127 127 128 128 128 128 128 128 128 116 91 74 58 60 45 60 108 134 138 166 197 212 217 221 220 220 221 222 225 222 221 225 220 227 228 233 228 221 218 228 233 229 226 230 
122 122 122 122 123 124 124 124 124 123 123 123 124 124 124 124 124 125 125 125 125 125 126 126 127 127 127 127 127 127 127 127 127 127 127 127 127 127 127 127 127 127 127 127 127 127 127 127 127 127 127 127 127 127 127 127 127 127 128 128 128 128 128 128 124 94 57 64 72 48 50 89 121 131 144 169 193 210 211 216 214 217 217 222 222 222 220 216 216 225 227 226 225 223 224 229 225 222 223 221 
122 122 123 123 124 125 125 124 124 123 123 123 124 125 125 125 125 125 125 127 127 127 127 127 127 127 127 127 127 127 126 126 127 127 127 127 126 126 126 126 126 127 127 127 127 126 127 128 128 127 127 128 128 128 128 128 128 128 128 129 129 128 127 127 106 67 47 54 65 50 66 111 126 139 155 169 189 205 204 210 210 208 213 211 219 216 214 211 214 220 221 222 219 223 227 226 220 221 218 216 
122 123 123 123 124 125 126 126 125 125 125 125 126 126 126 126 126 125 125 127 127 127 127 126 126 127 127 127 127 127 128 128 127 127 127 127 128 128 128 128 128 127 127 127 127 127 127 128 128 127 127 128 128 128 128 128 128 128 128 129 128 129 128 119 82 49 48 47 45 60 98 123 127 145 158 170 185 191 193 199 198 196 204 203 205 211 204 201 212 211 217 214 214 219 221 221 222 219 213 216 
121 122 124 124 124 125 126 126 126 125 125 126 128 127 127 127 127 127 127 127 127 127 127 127 127 127 128 128 128 128 128 128 128 128 129 129 128 128 128 128 128 128 128 128 128 128 128 128 130 129 129 129 129 129 129 129 129 129 129 129 129 130 127 101 58 46 48 43 39 72 120 129 136 153 158 162 172 177 177 178 186 185 190 185 187 195 192 186 196 204 205 205 203 210 211 214 216 215 205 217 
118 121 123 124 125 125 126 127 126 127 128 128 128 128 128 128 128 129 129 129 129 128 128 128 128 128 128 128 129 129 129 129 129 129 130 130 129 129 129 129 129 129 129 129 129 129 129 131 131 131 131 130 130 129 129 129 129 129 130 130 130 128 115 76 45 49 45 39 49 99 123 127 149 155 149 126 149 135 137 136 155 149 162 153 176 175 174 171 178 189 190 197 194 200 193 209 213 209 209 222 
116 119 121 122 124 125 126 127 127 128 129 128 128 128 128 128 128 129 129 129 129 128 128 128 128 128 128 128 129 129 129 129 129 129 128 128 129 129 129 129 129 128 128 129 129 129 129 129 129 130 131 130 130 129 129 129 129 129 128 129 128 122 90 52 47 47 40 37 77 116 122 137 153 154 133 133 149 138 123 134 147 144 146 135 161 158 164 164 171 170 176 182 190 189 181 200 205 204 218 221 
114 117 119 119 121 122 124 126 127 128 128 128 128 128 128 128 128 128 128 128 128 127 127 127 127 127 127 127 127 127 127 127 127 127 127 127 127 127 127 127 127 127 127 127 127 127 127 128 128 128 128 127 127 127 127 127 127 127 127 127 128 106 64 45 47 44 37 53 104 122 128 147 154 140 121 140 146 128 119 141 145 134 125 143 152 156 154 157 158 160 166 167 183 168 174 186 197 202 215 217 
111 114 116 117 119 121 123 124 125 125 125 125 126 127 127 127 126 127 127 127 126 125 126 126 126 125 125 126 126 125 126 126 126 126 125 125 125 125 125 126 126 126 126 126 126 126 125 125 126 125 125 125 125 125 125 125 126 126 126 126 114 77 46 47 45 38 39 82 116 121 137 150 150 148 141 143 137 132 138 133 115 114 135 143 150 144 148 152 149 156 161 165 162 161 165 169 181 194 205 208 
