60 58 46 38 43 43 42 42 40 36 92 92 40 95 82 65 77 79 79 79 77 77 75 74 71 70 71 69 66 74 85 82 36 28 29 30 30 30 25 35 38 38 40 41 45 58 90 84 65 37 29 23 19 23 45 51 35 26 19 20 19 21 35 45 45 46 46 49 52 52 51 48 49 51 63 58 39 36 16 10 7 7 7 11 13 12 9 11 11 17 22 30 38 39 40 40 39 39 45 31 
58 57 49 38 44 45 46 46 44 39 92 93 41 97 84 65 76 78 79 79 77 75 75 74 71 71 70 69 65 69 87 70 37 31 30 31 32 32 27 37 40 39 40 41 45 58 92 85 63 44 41 38 34 39 51 45 35 26 19 21 21 21 35 45 45 46 46 49 51 49 50 48 49 51 64 59 39 35 19 10 8 6 6 8 10 9 7 8 8 15 17 31 36 40 40 40 39 40 45 29 
58 57 50 39 45 48 49 50 47 39 93 94 41 98 85 65 74 78 80 79 77 75 74 74 72 71 71 70 66 66 70 65 38 32 30 31 31 33 27 37 39 38 40 41 46 59 93 85 64 44 39 39 40 44 48 44 34 28 20 22 21 21 35 45 45 45 46 48 50 48 50 49 49 52 66 58 37 36 20 10 7 5 5 7 8 6 5 7 7 13 17 30 33 40 42 40 41 41 46 28 
58 58 50 40 48 51 53 54 51 41 93 96 42 98 88 65 74 78 78 80 78 76 74 74 72 71 71 70 66 65 70 65 40 33 31 33 33 34 28 36 40 40 41 42 47 59 93 85 63 44 38 38 41 45 45 44 36 30 22 21 21 21 35 44 46 45 46 46 48 49 50 49 49 51 67 59 35 34 19 10 6 5 4 5 6 6 7 9 9 11 19 25 33 39 41 41 41 41 47 28 
58 58 50 39 49 54 55 57 54 43 93 99 43 98 91 65 74 78 79 81 79 76 74 74 72 71 70 70 66 65 69 66 39 33 32 33 34 35 29 36 41 42 42 42 48 59 93 86 63 43 38 39 36 44 47 47 38 28 23 21 21 22 35 45 46 46 46 46 48 49 49 49 50 52 68 60 36 35 20 10 6 4 3 4 5 6 10 11 11 11 21 21 31 39 41 42 42 43 49 26 
58 59 53 40 53 57 58 59 57 45 94 100 45 100 93 66 76 81 81 84 79 77 76 73 72 71 69 70 66 65 69 66 41 35 33 34 34 34 29 37 42 43 41 42 48 58 95 86 64 44 38 39 36 44 47 46 38 28 22 22 22 22 36 45 46 48 47 46 47 48 49 50 52 54 68 60 37 35 19 9 6 4 4 4 5 8 12 12 13 14 16 22 31 40 42 43 44 44 52 23 
59 59 55 42 56 59 64 62 60 47 94 105 45 100 95 67 78 80 84 83 81 77 75 75 72 71 69 70 67 65 68 67 42 36 35 36 36 36 31 38 43 44 43 43 49 58 96 87 62 47 47 45 36 46 47 45 39 28 24 22 22 22 36 45 46 48 47 46 47 48 50 49 52 54 68 60 37 35 21 11 6 5 5 4 5 7 14 14 13 13 16 23 32 41 42 43 46 44 53 22 
60 60 55 43 57 58 65 65 61 47 92 106 45 100 97 70 79 81 83 85 79 77 74 75 73 71 70 70 67 63 68 65 44 37 34 36 39 39 31 39 45 45 42 45 50 57 96 89 64 55 55 45 35 45 48 45 37 30 23 21 21 24 36 46 48 46 48 46 49 49 49 51 52 54 70 60 37 35 22 11 6 4 4 5 6 9 14 13 12 14 18 22 33 40 42 43 45 43 53 21 
58 59 58 45 59 61 65 68 64 49 93 109 45 99 99 71 81 83 83 84 79 77 76 75 74 72 71 70 67 63 68 65 46 38 36 36 39 39 32 40 47 46 44 45 50 57 96 89 64 57 56 43 36 43 49 44 39 30 23 23 22 24 37 47 48 50 49 48 49 49 50 51 52 54 70 61 37 35 21 9 5 2 5 5 8 11 12 12 11 12 17 21 35 40 43 44 44 44 54 20 
59 60 59 46 61 65 67 68 66 53 92 112 46 101 101 71 80 84 85 81 81 78 76 76 76 73 72 70 65 63 69 65 44 37 36 37 38 39 32 41 46 47 45 46 51 57 97 90 63 50 50 42 37 39 49 46 39 30 23 23 23 24 36 47 49 49 48 48 49 49 51 49 52 54 71 60 35 36 19 9 4 2 5 6 10 11 10 12 11 11 15 24 34 41 43 45 44 44 52 21 
61 62 60 46 62 66 71 69 67 61 93 115 50 103 104 71 80 83 88 87 82 80 76 74 75 75 72 70 67 64 68 66 46 39 37 39 40 40 33 42 47 48 47 46 52 58 98 91 62 45 38 40 38 39 48 47 38 31 23 24 25 25 36 47 49 48 47 48 49 50 51 50 53 54 73 60 37 37 20 9 5 3 5 7 13 11 12 13 12 12 16 22 36 42 44 45 45 45 52 20 
62 61 61 47 63 67 72 72 69 64 95 117 54 100 108 71 82 84 85 87 82 81 78 77 76 75 71 71 70 65 68 68 47 39 38 39 41 41 35 44 47 49 47 47 52 58 99 92 62 46 41 35 34 41 46 47 36 29 24 25 25 24 35 48 48 47 47 48 49 50 51 52 52 54 75 60 38 38 18 10 5 3 5 6 12 12 12 12 12 11 16 22 35 41 43 45 43 43 52 20 
61 62 62 49 66 71 73 75 72 66 94 121 56 102 112 73 85 84 89 89 82 80 78 78 79 75 73 73 69 63 66 65 47 41 38 41 43 42 36 46 49 51 48 47 52 57 100 93 62 46 38 36 34 45 46 45 34 29 23 24 23 23 36 47 49 48 47 49 49 50 52 53 53 55 75 61 38 36 19 10 5 3 6 8 9 11 13 12 13 11 17 24 33 38 43 45 44 43 53 18 
61 61 62 49 68 73 72 73 74 68 91 125 58 102 117 72 78 82 83 79 71 69 66 67 63 63 59 58 54 48 50 49 46 42 37 38 40 39 35 45 49 46 46 46 52 57 100 92 42 30 26 26 26 36 39 40 33 29 22 22 22 20 34 47 45 45 44 45 46 49 52 53 54 56 76 60 38 37 19 8 4 2 6 10 11 12 12 17 10 12 16 23 24 36 43 44 42 44 52 18 
27 25 26 32 47 49 49 46 47 49 91 126 61 103 128 54 43 46 48 40 41 41 41 40 41 40 38 38 38 35 33 34 37 40 37 38 37 35 31 35 41 43 46 50 56 61 96 84 34 26 24 23 21 20 19 18 17 23 20 19 16 13 19 30 32 34 35 40 45 47 53 54 55 59 77 55 20 22 16 7 4 3 5 13 11 11 15 14 12 14 18 28 26 38 41 46 45 44 52 17 
82 89 96 106 115 124 133 145 161 174 154 132 65 107 225 225 219 209 203 197 191 187 180 176 171 165 159 156 152 148 143 138 134 132 128 128 120 117 117 112 109 106 105 104 102 99 96 86 91 88 86 84 82 78 79 76 74 73 68 66 65 61 59 56 55 53 49 49 48 46 46 48 50 50 61 49 36 32 27 27 14 6 9 16 12 13 16 12 13 15 16 19 26 36 42 44 44 43 49 15 
143 147 153 158 164 174 180 185 194 204 176 134 70 109 240 252 246 234 225 218 210 203 198 193 185 180 172 167 162 156 149 145 144 142 137 136 129 121 123 121 114 108 107 110 107 102 98 86 94 92 89 90 88 87 89 88 82 80 77 73 73 72 70 68 67 65 63 63 62 61 58 56 55 53 49 45 50 50 48 44 24 8 10 14 14 15 14 12 14 14 15 19 24 23 28 31 33 32 35 20 
143 146 152 158 165 170 171 184 195 204 180 137 76 112 237 253 248 230 214 220 211 206 204 198 189 179 170 165 162 155 137 140 145 140 138 139 132 124 125 122 117 111 107 107 108 104 98 87 95 92 81 89 89 88 89 91 89 81 79 76 74 72 72 71 69 67 64 65 63 60 58 56 55 53 52 44 51 51 47 46 22 8 9 12 14 16 15 15 12 14 18 21 26 27 29 30 27 28 27 28 
146 149 156 166 169 177 169 195 204 215 191 137 77 107 234 249 242 227 212 216 209 203 200 195 186 177 171 168 164 161 151 149 145 141 137 135 129 126 124 120 118 113 110 108 107 105 99 87 93 93 91 91 90 91 89 86 87 80 78 77 76 74 75 73 69 68 67 65 63 62 59 57 56 55 55 43 50 50 45 44 19 10 9 12 18 18 19 15 14 15 17 22 28 30 30 29 33 28 28 28 
154 160 166 174 183 189 195 204 214 219 203 143 77 102 232 250 246 240 234 226 218 208 200 193 187 179 175 170 168 168 159 152 146 144 141 136 130 127 123 120 117 115 112 109 110 108 102 89 92 91 90 90 87 89 84 82 81 77 77 75 75 74 75 74 72 69 68 65 64 62 61 57 58 55 54 47 49 47 47 40 15 10 14 11 19 20 17 14 14 14 16 22 28 28 29 28 31 29 27 31 
119 154 157 162 166 169 169 172 176 185 177 145 82 98 215 229 212 182 170 164 169 154 144 135 131 135 120 117 113 114 112 112 109 106 106 104 108 99 94 84 94 98 95 99 102 102 104 102 103 90 80 81 67 83 52 54 61 60 75 74 76 76 74 76 78 76 52 68 53 57 54 59 67 69 66 76 67 33 30 19 8 11 16 13 21 18 17 15 14 14 15 20 25 24 26 25 28 26 27 31 
61 94 89 90 106 140 106 106 109 142 155 151 88 97 189 195 201 157 150 158 223 172 87 79 129 182 126 117 128 106 139 138 114 92 111 112 104 104 85 53 64 85 98 101 94 96 88 89 89 90 103 97 38 32 21 24 33 58 63 54 60 49 56 82 93 91 38 54 31 25 31 77 84 83 81 81 80 77 76 25 3 11 17 15 20 17 15 15 16 14 17 17 26 21 22 38 39 43 45 41 
59 85 81 85 171 194 153 139 143 147 152 162 104 97 197 192 185 177 171 183 248 240 140 118 165 197 140 122 140 120 164 172 155 125 107 112 96 96 100 66 81 80 97 102 99 101 105 101 90 89 97 53 21 42 48 42 35 61 66 63 63 65 61 73 87 88 38 45 30 25 28 79 84 83 84 82 82 81 76 18 6 17 18 17 17 18 15 17 18 17 18 22 22 10 18 48 26 20 19 18 
69 129 96 117 184 201 154 134 139 151 162 173 98 94 219 202 183 154 133 137 213 215 196 171 167 148 102 90 92 99 103 106 105 95 77 69 66 80 86 79 70 59 62 62 70 58 54 51 35 26 24 33 50 49 48 48 46 50 36 35 37 39 42 42 43 44 43 43 43 41 40 49 49 76 92 64 57 53 50 16 12 17 18 21 18 18 16 17 20 17 17 19 22 24 26 35 20 12 11 15 
79 147 170 184 199 206 180 182 188 203 190 189 98 87 229 200 99 66 60 60 66 67 62 60 60 59 58 56 57 60 62 62 62 62 57 49 45 59 83 80 57 55 54 55 54 52 45 21 8 7 37 54 58 57 55 53 53 44 42 29 38 44 34 39 40 40 42 42 40 41 43 43 44 63 95 65 51 42 34 11 14 17 21 18 19 16 16 18 16 16 17 20 25 23 17 19 27 34 39 43 
91 204 220 229 237 245 248 250 248 246 212 199 106 84 223 156 67 63 63 65 66 66 67 69 67 71 71 72 72 74 77 79 82 84 71 49 47 46 80 80 76 77 77 78 75 73 31 17 14 38 58 62 69 67 63 61 58 53 49 43 57 71 45 50 54 54 54 54 56 58 57 56 56 67 93 100 47 23 5 2 11 18 21 16 17 15 15 16 16 16 17 15 11 18 28 33 34 34 35 36 
61 124 132 133 128 126 116 86 82 195 211 216 110 78 223 132 98 97 99 101 101 99 98 98 96 96 95 94 94 94 95 97 100 100 70 52 52 49 77 85 82 83 83 83 82 46 18 17 42 67 64 75 79 78 76 73 71 63 52 51 58 72 57 51 52 53 54 55 57 58 43 37 60 67 93 104 35 5 2 1 10 20 23 19 14 12 14 17 17 17 20 29 34 31 31 33 37 37 36 36 
68 78 81 84 86 91 75 28 32 177 220 224 111 73 226 127 100 100 103 103 101 101 98 98 97 95 95 95 93 93 93 96 100 100 68 51 52 51 76 90 82 83 83 82 66 21 16 46 79 88 72 81 83 85 83 79 76 73 62 52 55 62 52 51 51 52 54 54 56 57 55 54 67 72 92 105 22 5 10 9 18 20 19 18 9 13 11 15 16 17 23 31 45 44 31 27 28 28 32 37 
78 81 81 82 86 88 70 23 29 170 227 218 115 68 221 125 95 98 100 99 97 99 98 96 95 93 93 94 93 93 92 95 98 100 67 52 54 50 76 90 83 81 81 80 42 14 35 79 98 96 81 89 88 91 89 85 79 77 71 57 55 48 44 50 50 50 52 51 55 57 105 116 82 78 81 57 17 29 35 13 19 18 19 14 9 10 11 13 16 19 23 26 29 30 31 33 37 34 35 41 
76 77 79 81 83 84 67 21 24 163 228 205 118 63 213 119 93 98 99 98 96 98 97 96 95 93 93 94 92 91 91 94 98 99 63 51 52 50 75 88 82 81 81 64 18 16 64 96 106 99 85 91 90 94 91 90 87 84 76 66 55 57 50 51 50 50 51 52 54 57 92 123 73 55 27 37 48 48 29 14 20 17 18 11 10 8 12 17 20 20 24 25 27 29 31 32 35 35 36 41 
43 40 39 37 36 32 26 21 25 153 226 195 125 62 196 120 93 98 99 98 96 97 97 95 94 93 93 92 92 91 91 94 97 98 63 51 53 52 76 85 79 79 76 33 16 34 83 104 112 98 90 94 94 95 92 94 94 90 84 70 58 60 47 52 49 49 52 53 42 33 54 56 47 37 46 55 56 52 19 20 19 16 16 10 9 9 17 20 21 24 28 33 37 40 41 40 37 39 38 41 
44 50 57 62 72 80 86 85 97 175 222 180 127 56 181 119 91 97 98 98 96 96 95 94 92 91 91 91 91 91 91 95 95 96 62 50 51 50 74 83 78 49 24 15 17 62 94 111 116 96 91 96 97 97 96 100 98 96 89 82 63 61 49 50 48 49 51 53 36 21 40 22 49 60 61 60 60 38 17 25 18 17 16 10 12 13 15 21 21 30 34 38 38 41 43 43 38 36 37 36 
114 114 113 114 114 114 106 89 84 155 224 141 123 51 173 119 91 97 97 97 96 95 94 93 92 91 91 89 91 90 90 94 95 96 62 51 52 50 74 82 73 23 14 17 44 79 101 114 117 100 91 96 99 98 102 102 100 96 89 85 72 62 59 45 47 49 49 52 32 16 27 51 65 65 63 62 55 22 21 23 19 18 12 10 12 13 17 21 24 33 37 38 38 38 39 42 41 36 35 37 
76 77 78 81 83 84 75 31 48 134 225 63 65 47 155 118 92 96 96 95 95 95 93 92 92 91 89 89 91 88 90 93 95 96 68 57 53 50 73 81 51 12 33 63 68 92 108 115 118 113 91 96 99 101 102 101 99 98 93 88 78 65 65 49 48 49 46 29 13 27 59 65 66 66 58 50 36 19 22 21 17 11 8 11 13 15 17 18 22 31 36 38 38 37 38 39 40 39 36 37 
76 78 80 82 82 81 78 26 54 123 231 73 43 43 137 110 90 95 95 95 95 95 92 90 90 88 89 89 89 89 92 92 95 99 63 51 50 49 72 71 22 13 56 72 74 81 105 120 120 116 92 93 97 102 101 99 100 102 97 93 83 67 69 57 45 40 18 16 40 64 67 62 54 41 33 36 34 20 20 19 11 5 7 11 13 15 17 22 28 34 38 41 42 41 41 43 42 40 39 37 
72 73 73 73 70 65 61 24 49 103 235 101 124 95 116 105 86 93 93 93 93 91 89 88 89 88 89 92 88 90 88 95 99 96 65 53 54 52 71 50 12 27 72 74 78 79 85 118 123 118 99 91 94 99 100 96 101 105 104 98 86 74 70 57 31 13 22 50 62 57 48 39 43 46 34 36 28 18 17 8 5 7 13 15 15 18 23 26 33 37 40 44 45 43 44 46 46 43 40 36 
25 23 23 24 24 26 20 20 34 101 239 122 110 140 106 103 74 71 69 72 75 75 84 86 87 88 90 91 89 86 93 98 94 100 75 54 51 49 67 29 14 58 71 74 77 79 80 91 120 124 114 90 90 94 97 91 101 105 105 99 91 86 67 64 17 27 56 48 46 48 49 47 46 47 22 17 16 20 9 7 12 18 15 15 18 21 24 29 34 36 40 43 46 44 45 46 46 43 40 38 
76 85 95 104 112 118 125 130 136 162 243 133 65 123 128 90 63 31 22 20 24 30 52 71 83 89 91 88 87 89 93 92 98 102 65 48 50 46 47 14 34 70 72 74 73 72 78 79 97 125 123 105 83 87 91 89 100 100 99 98 88 89 66 69 37 49 42 47 51 53 56 43 37 29 8 9 16 11 8 16 15 15 16 16 15 17 21 30 34 37 38 40 43 44 45 45 47 42 39 39 
98 96 94 90 83 60 59 47 43 90 245 133 57 77 121 113 54 19 15 14 15 16 21 38 59 83 89 90 87 97 85 92 93 92 60 43 45 42 22 17 63 73 73 79 74 74 77 75 84 107 124 118 91 77 79 82 98 98 103 100 91 87 81 67 44 52 51 42 42 53 59 34 21 13 7 10 17 14 19 18 14 14 15 16 19 20 26 39 44 41 39 41 41 42 44 44 45 43 39 39 
74 75 76 77 73 40 41 41 43 85 245 133 64 46 101 111 62 22 21 21 21 22 26 32 37 71 86 88 96 89 86 63 75 65 37 32 36 33 17 43 71 77 78 103 79 83 79 67 84 87 119 117 103 68 71 78 94 100 111 110 102 87 84 71 56 48 43 43 34 47 52 22 12 10 8 11 12 11 13 15 11 12 14 15 21 30 42 49 49 49 44 43 42 42 44 45 45 44 39 40 
73 75 76 76 77 46 40 43 41 84 236 137 63 35 67 83 58 43 48 65 76 81 71 80 43 55 63 69 86 95 64 54 40 29 21 24 29 29 39 65 88 97 116 132 111 113 92 84 102 88 97 95 99 110 88 83 96 108 116 122 111 98 80 77 58 52 47 47 29 29 27 14 8 9 10 14 10 7 10 20 11 13 17 15 21 32 40 49 51 50 48 45 42 41 44 47 45 44 40 42 
59 56 53 49 43 31 23 25 32 81 235 136 47 30 31 41 35 47 80 144 170 170 149 142 118 96 56 57 70 70 66 33 35 34 26 37 59 54 84 89 136 127 146 156 150 142 142 151 153 154 156 157 161 160 145 119 107 112 114 113 104 102 94 82 63 53 50 35 31 19 13 14 8 11 12 17 12 10 12 19 13 14 17 19 27 37 48 51 51 51 50 47 43 42 43 46 45 43 42 41 
24 28 33 36 40 44 40 46 62 93 230 128 38 29 22 21 33 51 100 174 209 207 189 169 164 148 122 67 52 58 42 28 68 94 65 90 120 117 129 124 160 162 168 171 166 164 167 169 172 172 175 177 174 177 171 152 149 141 119 109 109 102 96 84 64 52 38 34 24 19 15 18 14 11 16 14 14 12 11 17 13 13 17 24 30 41 52 54 54 53 51 49 46 44 42 42 41 41 42 41 
103 110 117 122 126 127 122 119 117 114 220 123 32 26 21 32 50 73 145 188 163 221 210 187 169 168 155 112 89 66 33 39 101 138 120 148 160 152 154 159 174 177 177 177 175 171 172 173 176 179 179 181 184 186 172 176 171 155 119 114 112 101 91 86 72 43 40 29 40 44 36 36 38 16 19 16 17 15 15 20 17 21 26 28 34 43 53 57 58 56 54 50 50 48 43 41 41 39 42 42 
78 78 76 77 78 78 53 44 43 49 209 111 26 27 27 60 156 155 187 193 111 220 217 194 166 170 149 144 143 110 72 68 118 153 153 167 171 171 166 174 181 189 194 183 179 179 180 182 187 186 188 192 190 184 181 182 168 143 118 117 116 109 96 82 75 34 26 25 67 85 90 89 79 33 36 30 36 33 27 27 30 38 33 40 47 55 56 60 60 59 54 53 53 52 48 42 42 41 43 41 
69 72 72 75 76 77 60 45 44 43 199 85 21 25 72 150 197 209 219 210 107 221 221 200 176 174 163 169 156 153 128 122 133 155 168 172 178 182 174 174 188 196 196 191 185 185 189 191 195 196 200 202 195 192 190 181 165 129 108 114 115 107 98 88 77 43 10 11 57 113 144 147 114 94 96 84 89 65 56 48 74 82 70 65 64 62 61 62 62 61 57 55 53 55 54 47 42 40 41 42 
70 70 71 73 73 70 60 38 38 37 180 62 21 32 134 195 204 217 224 223 157 203 206 200 204 203 191 177 176 173 159 151 152 168 181 183 192 188 179 173 184 194 203 198 192 191 193 196 202 207 206 203 198 199 193 185 157 114 98 104 116 107 99 95 75 61 11 19 68 168 169 168 156 155 141 133 123 112 86 109 115 107 92 72 73 67 66 66 63 62 60 57 55 55 55 53 46 42 40 39 
36 33 29 27 25 26 26 21 17 29 123 31 23 74 178 205 208 222 228 212 190 173 176 191 203 209 195 199 193 194 181 161 171 179 194 188 184 169 181 174 159 193 206 202 197 194 196 197 213 216 209 202 197 194 193 181 151 114 102 101 110 106 99 93 87 71 52 34 79 169 168 159 150 156 163 161 156 142 129 129 136 124 101 90 78 74 70 67 65 63 62 59 56 56 57 58 53 46 44 42 
46 52 61 68 82 97 112 118 126 121 73 20 24 85 176 200 211 230 241 232 204 195 190 168 215 211 198 216 213 212 192 175 171 175 180 182 142 140 132 167 171 162 198 203 199 198 198 207 222 213 202 200 201 199 194 182 152 122 113 102 104 102 96 94 92 82 76 73 127 173 165 158 160 166 181 176 168 161 150 146 146 138 119 117 92 78 73 70 66 64 64 61 57 57 58 57 55 50 49 46 
115 118 117 112 105 99 89 72 48 27 28 19 25 63 165 210 226 242 245 242 224 215 198 164 191 205 176 214 227 224 207 197 177 162 128 140 138 147 134 130 156 161 144 193 197 198 204 213 216 211 206 207 203 208 203 190 155 136 126 108 112 99 98 99 96 83 90 85 147 175 167 174 176 181 186 180 175 171 167 161 157 145 145 131 102 87 78 74 67 66 66 62 59 58 58 59 54 52 50 48 
68 70 72 71 75 75 72 49 20 11 21 21 26 46 102 200 230 245 243 240 227 216 191 158 164 170 172 194 228 229 218 203 184 158 175 153 125 134 131 138 133 137 124 135 182 197 207 217 216 212 212 204 207 207 198 188 158 148 137 116 108 113 107 105 97 103 87 97 122 167 187 200 191 196 192 187 178 179 179 174 162 154 157 139 112 97 86 76 71 67 67 64 60 59 58 57 55 55 52 49 
70 70 70 71 71 62 39 20 11 11 22 22 24 31 62 130 221 244 235 229 219 225 199 199 201 170 191 193 232 236 223 208 190 185 199 189 179 158 164 171 146 144 124 109 123 185 206 213 210 205 206 203 205 201 197 187 159 152 145 119 109 111 113 109 105 109 102 100 113 156 202 204 197 199 194 193 185 183 189 182 170 165 161 152 128 113 92 81 75 69 68 64 61 59 57 55 53 53 49 49 
61 58 55 54 45 27 17 15 13 13 22 18 18 23 38 51 157 187 155 188 221 237 235 238 217 189 195 196 235 239 228 217 203 207 216 214 211 205 195 183 169 142 129 123 116 152 202 205 201 194 203 204 203 200 198 182 151 149 147 130 119 119 118 132 125 114 116 108 119 131 193 199 192 190 193 194 194 191 192 192 182 173 167 156 151 130 96 90 77 70 68 65 62 61 59 56 53 54 47 48 
24 27 29 28 23 19 17 17 18 19 26 17 19 34 39 40 52 79 134 214 229 242 245 241 217 195 203 201 233 242 231 216 208 205 227 237 233 227 218 217 195 164 145 132 122 125 177 196 193 195 201 203 203 202 197 175 147 131 141 134 140 134 128 140 135 122 123 112 127 121 168 183 187 188 192 196 198 198 202 203 191 177 177 183 168 134 119 97 79 71 69 66 63 61 59 56 56 56 47 47 
88 98 110 113 97 37 27 28 26 26 21 17 31 33 23 31 45 145 153 236 237 244 240 237 215 196 213 207 232 241 233 214 212 208 229 240 235 234 233 223 210 201 177 145 131 124 140 185 199 205 204 200 200 200 189 159 141 129 124 135 149 137 131 143 140 129 134 117 135 136 135 182 188 188 191 200 206 205 204 208 199 183 198 187 164 148 131 95 81 75 72 67 65 62 59 56 56 56 48 48 
87 84 79 59 28 18 17 18 15 17 25 34 26 23 21 31 73 138 201 241 246 239 235 232 210 205 217 211 229 242 230 219 226 219 230 240 236 237 241 230 224 222 202 163 135 131 123 148 194 208 208 200 203 192 180 153 143 132 110 136 150 142 136 144 145 140 142 119 135 142 128 165 192 195 196 209 215 208 208 215 203 187 191 173 164 158 134 94 80 78 74 69 67 64 61 57 60 54 49 47 
69 71 71 57 27 18 19 14 29 39 54 50 24 21 21 26 57 157 247 245 246 234 231 225 204 214 213 218 231 240 230 227 235 222 233 239 238 239 239 233 235 224 205 185 151 136 129 128 156 199 207 205 205 188 178 160 151 143 120 128 147 142 132 143 144 146 147 117 122 132 133 135 185 191 209 209 209 206 210 214 202 186 171 173 171 157 116 91 83 79 76 70 68 64 61 59 61 54 48 43 
68 71 71 68 52 29 22 52 56 80 93 62 28 27 23 21 53 205 248 244 240 228 219 216 205 215 219 221 231 236 232 233 231 224 235 235 237 234 236 231 230 224 220 214 171 128 134 128 134 166 201 206 200 184 180 165 148 134 125 136 151 148 126 145 145 148 142 125 126 137 149 137 178 193 201 200 204 207 207 205 198 187 181 179 170 159 139 111 85 81 78 71 70 66 62 63 63 52 45 41 
39 36 32 29 28 32 79 92 85 109 107 61 50 28 24 26 83 223 239 234 232 223 212 204 213 218 227 225 231 235 232 241 229 220 228 235 234 233 232 233 229 221 220 226 211 167 130 128 127 141 170 198 193 182 178 164 138 129 131 150 152 149 129 147 153 149 145 140 124 162 154 143 175 201 195 196 206 210 209 207 204 199 187 184 184 175 153 124 91 82 79 74 70 68 66 68 62 47 43 41 
43 50 57 67 77 82 122 117 119 122 116 100 62 30 27 37 113 224 229 226 229 225 213 216 217 230 226 235 232 223 226 237 229 215 218 238 234 230 232 235 236 225 222 222 223 199 153 130 127 131 146 164 186 179 182 160 137 132 150 167 156 157 133 141 154 142 139 148 122 175 155 152 177 207 205 204 211 217 215 212 210 206 194 188 188 179 159 131 108 89 79 76 74 69 69 71 55 44 43 43 
111 110 110 110 106 113 137 133 134 135 127 134 69 51 34 42 140 217 222 222 223 217 222 226 228 233 229 237 237 225 224 226 221 210 224 240 235 237 236 232 239 225 221 217 217 216 194 145 123 124 136 146 168 170 181 166 147 134 174 186 170 160 140 135 150 137 131 145 129 169 154 150 165 213 211 210 216 220 216 215 220 213 201 193 191 179 166 156 134 92 80 78 75 72 72 68 50 44 44 42 
67 70 72 71 72 88 137 134 128 136 124 134 96 75 52 33 106 193 218 223 219 221 226 236 236 229 229 237 236 218 212 218 217 219 241 231 233 235 233 236 241 226 226 219 217 224 204 164 135 126 129 140 141 134 164 174 146 161 190 194 182 160 141 129 152 137 126 145 134 172 161 152 154 215 218 216 214 216 217 216 217 218 207 200 194 189 178 162 132 103 85 76 80 77 74 59 53 45 44 41 
66 69 71 72 72 75 84 114 132 140 138 146 139 117 88 33 59 144 214 224 225 223 231 239 236 232 234 235 227 212 220 212 214 227 238 235 230 227 233 239 244 235 232 227 218 218 209 187 159 139 129 138 140 119 138 176 179 185 194 194 185 163 146 129 155 136 126 145 139 179 169 155 157 214 219 215 214 211 215 211 209 217 210 206 197 192 183 167 144 119 91 93 91 93 73 61 54 46 43 41 
61 58 55 50 47 44 40 40 48 101 132 155 155 169 141 49 40 96 202 224 220 223 233 239 234 230 230 227 221 227 222 224 224 239 232 232 229 229 235 242 248 243 238 229 223 224 217 199 184 151 138 137 140 127 135 153 165 178 192 192 186 167 146 128 150 139 126 142 143 191 172 154 163 213 214 211 205 200 208 214 204 207 203 207 202 193 184 170 155 141 131 129 135 112 81 63 54 46 43 43 
27 31 35 38 44 50 57 66 71 79 108 147 138 156 160 115 34 64 170 218 216 229 233 231 229 228 232 219 219 234 232 233 229 238 226 234 234 240 238 242 249 242 234 228 227 234 227 209 189 181 154 142 135 109 129 114 125 168 182 192 184 169 140 129 143 136 130 143 159 190 188 154 170 214 212 216 201 200 204 205 207 210 204 198 199 198 187 179 166 152 146 153 158 137 95 66 53 47 44 45 
87 99 107 116 122 125 129 128 124 113 100 146 123 112 120 150 47 48 158 214 216 228 227 227 224 225 225 217 215 233 236 232 229 228 226 235 238 245 239 245 247 239 227 223 232 237 227 216 205 196 181 156 127 96 116 126 122 148 163 173 177 161 143 128 136 123 137 144 174 197 200 160 171 211 216 221 214 209 212 207 207 211 200 192 195 201 192 185 172 156 151 151 158 142 96 63 50 46 46 46 
89 84 81 78 76 76 76 76 72 45 44 136 121 99 58 92 70 49 161 203 212 221 219 226 222 226 220 212 212 225 231 230 230 219 227 240 243 248 244 245 242 233 230 223 230 240 229 223 215 209 199 191 141 119 129 136 133 134 148 156 161 169 138 126 138 120 142 145 189 208 206 196 201 215 219 213 215 219 209 208 214 215 203 187 191 198 199 185 175 168 159 149 150 129 87 61 57 47 47 48 
69 71 70 72 73 73 74 74 72 44 39 128 121 100 50 83 89 83 159 192 205 211 216 222 217 217 213 207 211 216 222 230 226 224 235 247 245 245 241 244 241 236 231 231 237 238 229 227 217 213 207 205 175 146 143 139 136 135 136 147 148 158 149 121 136 122 141 152 209 213 212 214 217 218 217 213 203 209 208 204 211 219 212 193 180 188 202 186 180 171 165 156 141 126 121 111 70 47 47 49 
69 68 67 65 62 60 55 49 45 29 26 119 122 101 52 90 97 87 141 182 195 203 210 212 210 206 209 210 211 213 216 214 216 222 239 244 241 238 236 244 238 233 225 234 241 235 231 232 223 218 215 211 201 169 151 146 142 140 132 133 142 148 143 134 127 123 138 172 214 214 208 207 210 199 203 212 203 199 193 201 220 226 221 206 186 187 199 187 191 186 171 163 155 147 147 139 90 52 52 52 
34 32 32 33 34 39 44 48 52 45 48 119 125 101 55 86 101 87 131 174 189 197 199 200 205 200 207 213 214 216 213 203 215 232 241 239 238 235 238 237 234 228 228 239 236 226 229 233 229 224 222 212 212 194 161 151 148 145 138 129 127 138 141 131 114 115 146 192 217 221 206 202 200 194 197 200 200 195 190 194 207 213 214 218 194 187 195 191 194 192 185 168 166 160 152 138 126 71 54 54 
55 64 78 90 106 117 128 132 138 135 128 134 124 99 57 81 102 79 128 162 178 183 189 190 200 205 209 215 217 217 213 206 216 233 234 229 232 227 233 232 231 226 232 235 235 224 234 228 232 228 224 219 213 211 195 159 150 149 144 136 125 118 132 135 124 116 149 195 216 224 207 206 208 198 197 194 195 194 193 193 204 203 203 213 202 183 191 190 193 194 192 179 171 170 159 151 145 134 76 50 
112 112 107 102 93 86 81 78 78 51 37 96 124 98 60 74 102 76 105 141 162 172 172 180 198 211 213 214 215 215 211 211 219 231 227 219 221 229 223 234 227 225 225 229 229 225 232 224 231 228 224 222 218 216 213 181 157 154 149 142 133 125 117 127 134 129 133 166 206 214 203 209 205 203 196 191 193 195 188 196 198 196 200 201 203 198 189 188 189 193 187 179 175 173 173 175 158 155 137 112 
71 71 72 73 74 74 75 75 77 50 35 88 125 99 63 68 103 77 86 111 126 153 158 167 191 208 213 209 205 212 211 210 224 227 222 215 218 225 222 225 217 222 223 226 219 222 228 227 230 227 225 230 227 217 216 205 167 160 155 149 140 131 124 116 127 135 134 136 165 188 193 198 198 197 189 186 191 193 183 192 191 187 192 195 202 205 195 189 190 185 177 175 176 185 176 168 162 163 167 144 
68 68 70 69 68 68 66 64 57 40 28 78 124 99 69 65 103 80 86 91 97 127 139 160 176 191 205 205 200 205 207 213 224 223 217 216 219 217 222 213 203 213 217 219 208 216 223 230 225 231 225 230 230 225 219 214 191 164 161 155 146 137 133 124 115 128 133 133 135 152 172 184 186 185 182 181 185 182 181 180 179 173 176 179 185 194 194 187 188 178 174 180 181 190 180 168 168 166 183 172 
46 42 40 38 36 37 39 43 49 50 44 76 125 97 71 65 102 78 76 72 69 84 106 139 154 170 189 200 201 200 204 215 221 222 217 214 216 216 216 199 193 202 212 209 199 213 217 226 223 237 227 229 228 230 221 218 206 173 163 161 153 145 140 131 122 119 131 134 135 136 141 164 180 186 192 196 185 177 181 173 171 168 170 173 178 178 184 185 176 172 174 172 174 179 172 167 172 170 181 177 
43 50 58 64 75 85 99 112 125 130 132 128 126 97 76 60 100 75 58 54 54 56 68 94 121 151 166 183 192 196 205 215 219 217 217 211 206 211 200 177 188 192 202 193 179 203 212 218 217 231 231 229 227 230 223 219 215 183 159 160 155 152 144 136 130 122 120 130 133 133 133 137 178 208 214 213 205 189 172 167 168 163 157 157 170 170 169 173 169 172 179 173 171 168 162 166 172 175 178 177 
103 110 112 110 106 98 89 77 69 60 48 59 126 97 81 57 99 68 47 46 47 46 53 58 81 122 145 165 180 186 198 201 209 205 207 202 187 192 181 173 181 177 187 176 164 182 202 202 209 221 229 230 228 225 228 225 221 205 172 157 161 153 149 142 137 129 125 120 130 133 133 134 135 192 212 210 211 196 185 175 175 165 144 140 156 158 160 167 169 163 178 176 171 166 165 169 172 177 184 177 
55 51 47 46 46 44 42 40 39 40 34 52 122 97 82 53 99 70 43 44 45 43 47 41 54 77 106 135 159 171 180 184 190 189 192 187 177 176 170 168 178 184 185 165 152 166 191 187 201 216 223 229 229 233 234 228 224 218 194 160 157 152 151 149 139 135 131 123 121 133 135 130 131 136 189 202 205 198 194 189 188 187 175 175 160 150 136 145 141 131 149 175 169 161 168 161 168 173 182 181 
36 37 38 40 40 39 41 41 38 34 28 48 119 96 86 49 98 71 42 42 42 43 42 38 39 49 68 74 117 138 161 175 170 175 178 177 178 168 161 159 167 169 177 171 157 168 176 173 191 204 213 219 226 232 234 231 226 218 217 180 153 153 159 158 150 137 136 129 123 125 135 131 128 131 140 184 190 187 187 187 187 193 190 188 178 175 165 124 105 87 99 140 146 139 149 149 159 162 173 180 
33 33 32 32 30 29 28 26 27 26 24 41 119 97 91 44 98 75 41 41 41 38 39 38 36 43 43 46 64 82 121 160 163 172 171 175 182 174 165 165 158 166 169 164 157 170 167 160 173 185 209 211 218 226 230 235 229 223 221 206 186 164 157 161 155 144 138 135 128 119 126 132 125 127 125 143 184 185 201 199 194 191 187 179 178 185 180 149 88 73 75 86 104 87 96 103 135 123 147 161 
25 28 28 33 39 49 59 75 89 104 119 129 116 96 93 42 98 77 38 40 40 37 36 36 32 32 30 35 38 44 66 127 153 161 165 168 169 166 159 163 161 166 169 163 160 166 167 167 157 159 191 203 207 219 225 234 229 222 222 224 216 191 161 157 158 150 139 134 133 126 121 132 128 123 122 121 148 187 207 205 201 201 189 178 178 189 184 174 116 68 67 64 71 59 58 56 68 58 74 92 
86 97 105 113 113 111 102 94 80 66 55 55 109 98 95 38 97 79 38 39 39 37 30 22 16 17 26 34 31 23 34 80 132 137 153 156 152 150 148 158 172 184 179 170 164 170 169 172 159 158 166 185 199 210 225 233 231 227 225 226 225 219 198 158 148 138 143 157 131 128 126 124 131 123 117 119 126 173 207 210 203 203 198 187 189 197 185 186 154 76 65 60 63 59 58 54 51 49 47 49 
64 56 49 44 42 42 41 41 40 38 36 37 104 98 97 36 97 82 36 39 35 25 15 13 12 13 14 17 24 32 40 76 117 124 142 136 136 131 137 157 185 200 192 186 179 173 168 171 160 154 152 159 174 201 213 225 230 232 233 223 218 220 216 202 178 192 207 200 159 139 133 124 127 126 119 115 124 136 198 211 209 207 203 194 201 201 187 185 176 113 68 64 62 59 55 52 51 48 44 46 
38 38 39 40 40 40 38 39 38 37 35 36 95 98 95 36 95 84 35 35 22 12 11 14 22 44 31 27 25 21 44 87 105 108 121 124 127 125 133 140 177 202 202 199 191 170 162 159 149 141 143 152 147 176 198 217 228 233 235 231 225 229 225 218 214 224 225 206 174 140 133 129 121 127 123 115 118 122 155 205 203 208 204 202 205 198 184 183 182 154 78 63 59 58 57 54 52 48 48 46 
39 38 38 37 35 34 32 31 28 26 21 31 91 100 94 36 92 86 31 20 13 10 12 27 70 82 65 48 31 47 81 93 101 104 110 114 127 132 133 133 149 194 207 207 201 171 150 135 131 114 124 141 125 128 160 197 207 224 236 236 230 234 233 226 219 227 233 192 176 153 140 134 126 122 126 116 112 118 123 177 199 206 196 202 202 197 193 188 182 171 133 70 58 56 54 54 55 51 51 46 
27 26 24 23 25 28 35 48 64 85 103 117 112 97 93 42 89 89 18 14 12 15 44 80 95 85 79 87 76 68 69 79 89 94 108 125 132 135 136 130 132 161 200 208 206 185 138 116 115 102 107 123 109 108 111 158 185 202 224 233 240 237 238 228 223 221 226 198 201 183 149 138 131 126 122 116 114 108 118 128 180 188 185 188 192 190 189 191 189 176 170 118 57 52 55 57 55 54 54 51 
56 69 84 100 108 114 114 107 95 80 67 56 87 97 93 43 82 82 13 11 19 52 89 106 103 86 93 111 108 89 99 77 84 104 114 125 130 131 137 128 129 129 179 210 214 201 128 105 101 99 101 110 105 101 97 105 150 188 203 225 235 240 238 230 226 223 228 223 214 209 166 141 132 133 124 120 116 114 110 115 133 156 169 169 178 185 187 187 189 177 176 165 88 50 56 58 57 53 52 50 
80 70 62 55 50 47 43 42 42 42 42 40 81 96 91 40 66 63 13 25 54 90 110 118 100 92 109 124 133 112 107 114 90 97 113 114 121 132 135 124 130 129 158 204 213 204 118 97 96 102 99 99 101 99 97 93 106 143 166 202 226 238 234 233 227 229 233 228 220 208 174 142 132 132 130 126 123 123 111 106 108 117 143 151 158 171 176 184 186 187 181 172 136 65 60 55 54 53 52 52 
40 40 42 44 42 43 43 42 43 42 43 41 76 90 61 20 49 36 23 52 90 111 122 114 93 102 114 136 140 130 104 126 111 94 94 99 102 111 116 124 134 132 158 202 211 195 104 93 95 99 101 100 101 98 94 92 99 107 97 189 220 230 232 229 226 230 239 227 211 181 165 146 136 132 132 132 129 125 118 104 102 94 111 108 120 140 162 189 198 194 192 172 159 100 63 52 52 51 54 51 
39 40 42 43 43 44 43 40 38 34 31 32 64 60 18 27 59 34 43 92 114 117 109 92 102 117 118 132 138 140 121 117 123 101 105 118 114 112 122 133 138 131 164 201 209 180 92 93 96 99 100 100 101 100 89 94 94 96 92 186 214 228 229 229 226 232 236 223 205 186 150 148 135 134 133 133 138 123 122 112 103 93 86 79 84 102 140 178 191 196 199 183 167 137 68 50 49 47 51 47 
35 35 33 32 30 30 33 40 55 74 95 114 101 21 17 43 48 37 83 114 127 116 100 82 104 123 121 128 133 136 126 109 127 103 97 114 112 111 126 129 133 143 173 202 207 146 89 93 97 99 102 101 101 99 88 94 91 83 79 136 195 215 229 242 238 235 235 224 221 204 160 147 139 134 135 135 140 127 125 112 110 94 75 73 74 79 101 152 182 188 199 193 173 156 78 49 45 43 46 48 
46 62 78 93 107 116 116 112 102 87 73 61 47 24 14 45 63 62 101 126 136 118 106 96 112 133 130 126 128 134 128 109 119 111 93 99 106 114 127 126 127 160 189 196 202 113 94 95 98 101 103 102 103 92 96 91 78 76 76 109 151 169 205 235 245 238 231 225 211 185 160 146 143 137 135 140 142 132 127 114 116 105 78 72 70 67 71 116 168 182 192 192 182 161 89 48 45 44 47 47 
88 80 70 61 55 51 51 51 49 48 49 47 42 32 27 61 85 80 93 129 136 115 110 117 108 138 135 135 134 130 127 116 110 107 102 103 106 114 127 121 124 159 188 186 168 94 97 94 99 102 101 103 99 84 80 77 77 83 78 119 132 119 151 221 234 228 224 221 209 170 151 146 145 140 136 138 139 132 126 122 111 115 91 71 67 68 69 92 148 171 184 191 186 164 125 52 45 44 44 46 
47 46 47 48 47 48 49 49 48 48 48 45 38 37 38 80 85 97 78 125 136 115 111 130 125 121 141 136 136 130 126 118 108 104 101 103 108 115 122 115 122 156 182 188 124 95 94 97 101 101 101 102 91 77 75 77 80 82 85 132 137 121 114 198 219 203 200 207 199 158 145 143 143 138 138 139 140 135 125 124 115 113 89 68 67 66 68 72 121 151 172 185 186 167 148 55 46 47 46 45 
46 47 48 48 49 50 49 49 48 44 42 34 30 27 47 77 79 101 87 104 127 111 113 132 135 123 122 133 129 128 128 124 114 105 107 100 104 116 116 111 115 139 179 164 98 95 95 100 102 101 102 98 84 78 74 80 83 82 93 142 145 142 108 148 192 188 173 165 151 135 139 141 141 136 138 137 137 138 135 123 113 102 81 67 66 66 66 62 75 134 165 183 187 174 142 49 47 46 44 45 
46 47 44 44 40 39 40 49 61 82 95 73 51 30 43 58 68 100 97 88 102 109 121 135 138 138 116 121 126 125 130 127 118 111 106 93 104 112 112 109 91 112 165 106 97 94 97 98 100 99 98 89 77 75 73 81 84 84 100 148 148 148 126 113 137 151 146 136 135 130 134 135 140 138 135 134 137 135 133 116 103 92 70 66 63 62 58 54 54 91 155 177 186 179 134 38 46 43 45 45 
50 60 74 88 100 107 108 102 92 80 60 31 25 38 60 50 52 88 102 90 108 116 116 135 130 134 132 121 117 126 132 126 120 112 101 89 113 111 106 103 68 89 103 94 95 97 97 96 97 95 88 82 81 70 75 83 84 83 107 153 151 149 141 115 114 126 131 128 128 130 131 130 134 135 133 136 138 133 129 106 93 75 62 62 57 54 53 53 56 54 119 161 176 173 140 68 59 45 45 45 
82 77 70 62 57 56 55 54 53 54 37 22 33 41 69 70 44 78 100 88 121 126 101 130 131 132 133 131 120 135 135 129 120 112 92 90 119 108 101 86 56 82 91 91 93 97 95 95 94 89 75 80 82 70 76 84 86 83 109 157 152 149 142 130 105 103 119 123 120 126 130 130 131 130 131 136 135 130 122 94 86 68 59 56 54 53 53 53 54 53 82 141 156 169 148 84 64 47 44 43 
52 52 52 50 52 53 50 49 55 51 29 25 42 46 88 99 66 71 83 70 113 131 91 99 124 134 139 136 129 136 135 131 122 107 81 105 117 101 87 58 60 86 88 90 92 92 94 90 86 77 88 88 74 69 78 86 89 85 113 157 151 149 146 138 121 100 97 105 114 121 128 130 132 129 132 136 131 127 108 81 78 69 58 57 55 54 54 54 53 51 52 99 140 166 128 95 79 47 43 42 
50 50 51 53 54 54 45 47 54 46 23 31 53 51 94 112 102 57 29 80 105 113 118 123 121 131 137 140 137 139 136 129 121 97 84 118 115 90 68 47 72 84 85 88 90 89 91 82 87 81 72 91 67 73 79 87 91 86 113 157 150 146 145 141 128 114 108 106 103 116 125 129 130 128 135 134 131 120 92 75 74 63 59 57 55 53 52 52 49 48 44 60 129 151 104 113 68 44 41 39 
