161 157 159 162 167 161 160 162 159 156 154 157 161 162 163 164 161 163 167 176 178 185 183 180 185 181 189 188 191 192 200 203 207 209 201 211 218 216 203 201 225 236 238 230 216 214 185 177 173 184 185 192 182 176 169 179 206 200 187 183 180 166 163 164 160 151 156 169 175 165 151 147 151 153 162 176 181 154 157 157 162 148 140 148 143 148 149 149 158 163 154 155 148 146 144 147 150 161 162 152 
148 151 152 150 149 149 145 143 147 147 147 146 150 149 148 151 152 160 155 156 154 164 163 162 160 170 176 178 182 176 176 174 178 180 181 185 189 203 176 175 184 182 184 188 185 176 166 199 210 195 161 162 153 152 154 163 175 175 159 162 152 153 153 152 148 147 150 160 160 143 137 135 139 140 154 168 173 145 143 154 152 144 138 144 137 143 146 145 143 134 135 137 137 152 154 152 141 130 142 143 
142 139 143 141 138 134 132 131 132 134 132 132 133 134 135 140 149 147 141 140 140 145 147 145 146 159 159 155 160 159 161 165 168 165 168 172 174 176 175 194 187 187 169 162 160 157 194 182 187 188 162 144 143 142 146 149 153 156 155 152 145 152 147 148 148 146 151 139 141 131 133 140 130 135 142 152 171 139 141 151 152 141 142 146 143 138 142 118 127 143 142 142 147 141 141 152 134 138 143 147 
141 135 129 127 125 128 122 120 122 119 122 126 129 123 126 124 119 123 129 131 133 137 130 132 132 135 140 143 147 146 147 150 156 164 161 167 178 187 178 180 186 169 161 157 152 151 152 155 151 148 153 144 141 140 145 146 148 155 153 145 150 151 147 146 145 147 145 144 140 126 127 130 135 150 139 149 158 134 141 142 145 141 145 146 144 135 105 138 138 140 132 140 134 131 147 139 138 143 138 145 
126 124 124 119 114 116 113 111 114 111 114 111 113 112 115 117 115 116 114 119 125 116 121 122 124 122 127 127 126 133 135 143 150 167 151 174 170 149 146 153 151 150 151 146 142 139 138 143 141 145 139 138 134 133 139 146 148 145 145 138 140 141 137 136 135 131 133 133 132 129 130 130 138 149 146 155 150 143 148 159 155 145 147 141 140 113 132 138 133 135 136 138 99 128 135 134 138 135 131 142 
113 110 109 110 109 106 109 106 109 106 108 107 104 106 109 111 108 110 109 112 107 108 111 110 115 111 115 119 126 128 132 136 132 140 156 140 141 141 140 137 140 139 144 141 141 133 133 131 138 135 129 130 132 135 134 138 135 141 133 127 122 123 121 122 119 118 119 119 126 131 131 130 137 145 149 158 147 148 157 162 159 155 150 148 123 126 137 138 134 135 138 96 112 111 123 123 124 115 130 137 
105 104 103 99 104 102 100 102 101 99 100 100 100 94 102 100 95 104 106 111 109 108 105 108 110 110 111 110 115 116 113 117 132 134 138 136 132 131 129 134 131 132 131 132 127 123 118 124 124 126 125 123 125 125 128 129 127 125 123 118 113 115 117 114 111 111 112 110 115 122 120 126 133 140 144 144 158 133 130 133 139 141 135 120 121 131 137 130 138 140 107 123 124 124 135 123 134 135 131 127 
101 93 99 95 95 93 96 97 92 95 92 93 93 93 95 95 96 96 99 99 97 100 96 95 112 108 115 112 113 107 111 118 118 113 116 121 122 126 116 113 118 114 117 119 124 121 115 117 114 117 120 119 119 118 117 117 116 115 114 109 105 105 104 105 105 103 102 102 111 116 115 121 133 137 144 142 152 145 136 139 131 126 124 127 123 136 131 137 145 114 122 127 127 126 136 134 137 142 135 139 
95 94 91 92 88 90 91 92 91 86 87 84 89 90 87 90 89 100 93 94 88 93 93 97 105 99 104 112 119 114 113 121 122 127 128 132 124 122 114 111 103 106 110 107 108 105 108 109 112 116 116 118 116 116 111 110 118 109 109 107 104 98 97 97 101 98 98 99 104 114 107 115 127 132 135 141 140 155 150 141 133 138 130 129 127 135 139 141 108 112 134 129 133 127 139 138 141 146 139 134 
95 90 91 89 89 90 86 89 85 84 87 82 87 83 86 87 87 88 90 88 86 88 89 94 101 100 101 102 101 105 103 103 101 101 103 103 106 112 109 114 116 118 123 119 120 116 117 120 118 117 118 115 119 113 109 106 105 110 111 105 100 97 94 97 97 94 99 99 103 105 107 113 120 122 119 133 123 137 156 151 156 143 141 140 137 143 127 112 115 126 134 138 136 132 143 136 141 146 138 138 
88 86 91 85 80 79 78 81 82 80 76 80 80 79 83 86 85 81 81 84 87 90 90 92 86 85 91 101 104 98 92 92 98 102 103 105 105 109 110 112 110 108 115 112 112 116 121 128 128 127 129 120 119 112 109 107 101 105 105 107 103 97 93 95 95 100 99 98 101 101 104 108 112 113 117 121 117 106 145 153 148 149 145 141 131 126 117 122 122 129 133 140 139 137 145 138 140 146 142 143 
85 80 80 79 80 81 77 74 75 77 77 78 75 75 74 78 79 78 78 76 92 90 81 77 79 78 78 78 78 88 94 94 95 98 101 103 103 104 104 108 107 109 107 109 110 110 111 114 117 118 116 111 108 105 101 101 101 101 102 103 101 95 89 95 95 95 91 94 97 97 101 107 106 109 114 116 110 107 151 165 136 129 116 117 129 132 132 126 127 131 132 139 135 142 142 144 141 141 143 145 
81 79 78 76 75 73 75 74 72 72 69 73 71 73 71 72 78 72 68 65 66 73 72 74 73 66 70 72 75 75 76 82 78 85 97 100 101 105 108 106 103 104 101 106 106 105 106 104 106 108 107 99 102 91 92 90 93 89 92 92 89 89 83 88 92 91 89 90 94 100 100 96 102 106 110 115 115 113 153 168 140 138 124 133 136 132 134 129 131 134 133 135 131 141 140 138 144 145 152 147 
80 75 74 74 72 70 69 67 67 66 64 66 66 67 68 71 73 65 63 65 64 66 67 66 72 69 70 69 76 77 82 84 85 87 90 93 101 100 95 91 89 90 103 99 101 101 96 97 99 100 96 93 98 95 90 86 88 84 88 86 92 78 78 81 88 82 82 85 89 92 92 91 96 95 102 106 105 103 149 171 142 141 116 133 137 134 136 136 140 137 138 139 138 141 138 137 146 146 151 147 
73 71 72 73 74 74 74 72 67 66 63 61 74 65 63 63 65 65 61 62 62 63 64 61 64 66 68 73 72 72 84 90 95 95 96 95 94 92 91 90 91 90 89 96 95 90 89 89 93 100 94 90 91 89 85 84 85 83 82 83 83 78 84 82 83 78 82 79 75 81 87 89 89 90 91 96 93 95 147 173 149 148 131 138 139 137 138 136 138 136 139 141 141 142 139 136 142 141 152 151 
71 72 72 73 74 69 72 70 69 69 65 63 64 61 61 62 63 63 57 61 59 58 65 61 62 67 68 70 72 76 80 83 86 88 98 101 95 84 78 75 77 80 81 87 84 87 86 87 93 94 93 86 81 87 88 86 81 82 80 80 79 80 84 84 78 77 77 74 75 79 84 81 82 83 86 95 96 98 150 173 150 142 126 134 135 133 132 131 130 129 127 129 150 144 138 140 135 141 141 147 
74 75 74 70 73 69 69 71 68 68 62 62 63 63 61 61 62 61 57 55 60 61 57 67 68 69 69 70 70 71 78 79 81 88 93 95 88 83 84 80 85 85 86 87 87 85 87 84 87 88 96 82 79 82 83 85 81 80 82 82 77 85 87 87 79 78 78 72 78 80 78 76 80 83 87 101 96 103 145 166 147 139 134 130 128 126 126 124 124 119 122 124 139 142 140 140 136 143 140 136 
77 68 72 72 72 67 71 72 66 64 63 62 62 63 62 62 61 61 57 55 56 55 57 59 58 65 66 71 69 73 76 78 82 84 82 79 83 85 87 85 81 80 79 80 78 84 83 85 89 89 92 77 77 80 77 75 76 79 77 77 73 79 77 74 74 79 83 72 81 81 79 71 80 88 100 106 115 105 136 151 140 132 134 127 128 127 130 122 123 125 123 123 135 137 136 134 138 143 134 137 
75 70 70 74 72 67 67 66 65 64 63 64 62 62 59 61 60 61 61 59 59 60 61 62 64 65 69 74 74 78 83 87 88 89 86 86 84 85 85 89 90 86 85 84 80 77 82 84 84 87 90 78 77 77 77 78 76 82 77 77 74 75 71 77 72 82 80 74 77 80 75 83 82 98 109 114 121 119 134 139 137 137 135 129 135 133 139 126 127 134 121 130 140 139 140 142 139 137 142 135 
75 72 70 72 71 72 71 69 64 65 63 62 67 65 67 63 64 60 61 61 63 59 59 60 60 61 61 65 73 73 73 75 75 80 84 84 84 86 80 78 77 82 85 84 77 77 80 89 82 86 84 81 78 77 77 79 77 81 76 76 78 74 72 72 73 75 70 71 73 72 70 96 100 115 119 119 128 132 140 136 131 142 138 136 139 137 141 144 138 137 129 141 144 143 157 151 148 143 140 142 
75 74 72 74 81 73 67 66 64 71 68 64 60 63 62 62 60 58 56 55 56 56 56 59 62 63 66 64 63 64 67 69 73 72 75 75 80 75 77 80 82 77 75 77 75 72 79 75 82 80 80 75 77 77 78 77 74 75 72 73 73 73 70 68 67 65 61 64 65 67 75 109 113 119 127 133 136 138 133 139 135 146 139 138 147 148 149 152 153 146 151 150 149 150 159 156 155 156 147 140 
75 72 70 71 78 77 70 63 61 62 62 62 61 62 60 59 58 57 58 56 55 56 59 60 60 62 63 65 63 66 68 69 72 73 77 79 83 84 89 92 93 89 85 81 80 81 82 82 82 77 80 80 79 84 82 81 80 76 71 70 71 71 63 61 60 61 53 62 69 76 92 118 121 127 132 135 139 137 141 143 142 150 146 148 157 160 159 154 157 156 158 155 158 157 158 156 159 155 153 144 
68 71 75 73 68 70 67 65 62 64 60 59 62 60 60 62 60 58 56 54 55 56 56 59 59 62 64 65 61 64 66 68 73 81 83 79 83 84 90 96 98 99 99 94 87 86 85 92 92 86 88 81 76 81 85 84 88 81 71 67 65 63 62 59 60 54 55 54 77 89 109 124 132 137 139 141 143 146 147 153 149 150 151 159 169 173 167 164 164 163 166 163 161 163 162 158 163 158 158 152 
72 68 66 65 68 69 73 69 63 60 63 62 59 60 61 59 56 55 53 54 56 57 57 57 59 63 63 62 63 63 65 66 71 73 75 75 80 81 84 90 93 93 93 87 85 86 81 81 82 90 83 82 73 73 70 72 80 68 64 63 64 61 58 56 57 76 45 70 93 103 118 135 138 143 146 145 152 151 155 160 155 156 158 160 173 176 177 173 175 173 173 167 170 168 168 165 166 164 165 161 
70 70 67 66 65 62 69 72 69 63 61 60 58 58 61 58 56 56 57 56 55 57 56 55 55 56 59 59 60 61 64 71 75 72 73 73 73 74 79 82 82 83 87 86 88 82 76 78 80 78 81 77 74 75 69 65 61 63 63 61 58 62 65 76 56 60 75 68 108 119 137 142 143 146 151 155 158 160 163 161 162 165 166 162 172 180 182 180 181 179 177 169 173 172 170 167 167 168 171 166 
68 65 65 64 62 64 64 69 62 60 57 58 59 56 60 57 56 57 56 54 53 55 54 52 55 57 57 57 58 61 65 64 70 70 65 66 70 69 72 72 72 72 75 73 74 76 73 74 71 78 75 73 75 76 67 59 58 57 55 58 74 81 86 70 70 66 87 100 118 128 142 145 151 153 160 166 163 165 160 169 167 170 171 167 173 180 179 178 184 181 175 172 168 166 169 172 175 174 178 176 
65 65 63 65 65 63 61 57 59 58 58 56 52 54 53 56 56 55 53 54 52 54 58 58 59 62 59 60 62 64 67 68 74 72 69 73 71 70 75 78 78 74 73 73 73 70 63 65 71 71 75 68 61 57 47 48 48 54 72 81 92 89 78 83 94 84 96 103 128 135 147 150 160 162 163 167 168 169 168 175 170 177 172 171 179 182 179 181 183 181 175 173 172 168 169 175 177 180 178 180 
68 64 65 63 60 62 59 60 58 54 54 55 54 54 53 51 56 56 58 55 54 55 52 56 57 57 55 53 58 59 62 66 66 64 64 67 70 70 74 70 75 75 75 73 71 67 67 68 72 66 60 49 50 54 56 61 52 48 52 68 71 85 88 84 84 94 97 115 131 143 153 154 159 161 165 167 169 174 177 177 181 177 175 174 181 184 183 181 182 183 173 176 173 168 166 171 172 179 185 187 
66 66 65 63 62 61 59 58 55 54 56 56 54 53 54 54 54 54 55 59 56 52 56 55 58 60 58 56 57 57 59 61 64 64 66 66 64 66 63 65 69 73 66 68 67 62 61 68 73 62 45 47 50 63 57 66 66 60 54 50 57 70 95 94 95 100 112 126 137 151 154 157 164 170 168 176 172 178 176 181 177 175 179 176 181 184 186 184 182 182 178 177 173 167 165 173 173 179 186 191 
64 64 62 61 61 60 58 54 54 52 53 51 51 54 53 52 56 56 52 53 53 51 53 55 56 55 59 60 60 58 59 61 62 62 61 62 65 67 66 66 69 69 64 63 64 60 62 67 73 53 52 51 54 58 64 62 61 58 58 64 55 63 78 96 90 99 112 130 144 151 154 161 170 169 170 175 171 170 172 181 172 174 180 180 183 183 182 185 185 180 178 177 174 167 167 171 173 181 184 190 
65 64 61 62 61 57 57 54 55 53 53 49 48 50 51 51 52 54 53 56 54 52 53 59 65 66 67 67 70 69 72 67 63 64 65 67 68 71 76 72 70 68 67 68 72 66 64 67 60 47 48 48 61 57 59 70 68 69 69 65 68 61 59 56 67 70 112 132 145 154 160 163 170 171 169 169 170 169 172 180 174 177 180 175 179 183 188 186 188 181 180 177 175 171 170 161 171 180 186 194 
64 61 59 60 58 58 55 53 53 51 50 51 50 50 50 53 54 55 55 56 59 62 57 56 56 56 56 54 56 58 59 65 64 65 69 71 70 75 74 71 72 69 67 65 65 62 64 65 72 81 60 50 42 57 58 67 70 80 81 71 73 81 68 73 73 83 118 140 146 153 157 159 166 169 165 168 171 172 181 181 177 178 179 176 173 185 190 191 189 183 177 179 176 171 164 164 173 175 185 193 
64 62 61 60 58 59 54 53 54 53 51 50 49 46 48 48 49 52 51 50 54 58 49 50 55 56 55 56 60 61 64 66 68 69 68 70 68 73 72 69 70 64 62 68 70 79 111 153 177 192 188 170 123 107 98 93 76 138 125 82 70 77 77 75 94 93 123 144 152 150 153 166 165 164 159 167 171 171 174 173 170 178 173 176 178 183 187 186 185 182 179 183 176 169 163 162 167 172 181 192 
62 60 59 56 57 56 55 53 54 50 50 48 48 47 47 49 49 50 48 46 48 46 52 52 50 49 48 51 55 58 61 61 63 64 65 63 59 58 58 56 54 54 52 66 115 172 190 186 190 189 187 191 195 199 181 182 173 167 170 156 141 101 82 83 104 114 137 146 151 151 157 167 165 166 162 166 172 171 167 162 166 171 167 172 176 175 178 178 183 182 186 182 183 175 173 167 169 168 174 187 
59 57 57 56 54 55 54 52 49 49 48 52 49 47 48 47 45 48 48 46 46 43 43 46 49 46 44 46 47 48 50 53 53 53 53 50 50 53 54 51 55 58 55 74 182 186 191 199 204 204 201 192 192 196 194 203 194 178 178 181 175 172 125 107 119 141 140 144 147 152 157 162 165 158 160 167 174 171 165 164 163 164 161 166 166 172 170 174 181 187 188 189 188 184 182 179 182 179 177 175 
58 57 53 51 53 54 54 50 49 48 48 48 47 49 47 47 50 46 45 48 47 45 46 44 42 42 40 42 43 43 44 43 45 47 46 48 47 49 50 52 52 49 53 54 171 186 191 199 204 208 208 206 197 193 193 201 200 208 197 190 185 180 164 170 160 152 152 142 141 146 155 160 165 158 162 170 172 169 163 163 161 165 163 162 163 174 173 171 179 183 184 184 190 186 184 179 192 191 190 180 
56 52 53 52 51 50 50 51 48 45 46 46 48 49 48 47 48 46 46 48 48 45 44 45 45 45 43 42 44 43 42 46 48 47 49 49 48 51 54 58 58 51 53 59 129 190 187 192 197 202 205 204 210 207 192 181 185 192 193 193 190 189 172 167 175 169 154 153 144 148 156 154 159 161 167 173 171 173 170 174 172 169 173 171 170 179 173 171 176 179 176 181 185 178 175 173 185 191 196 184 
55 51 53 50 49 50 49 46 47 46 46 46 45 45 50 48 45 45 45 45 44 47 47 45 44 43 40 39 45 43 41 41 44 45 46 47 47 51 55 54 55 55 50 50 54 176 186 186 191 196 198 196 206 212 208 183 189 184 195 196 192 191 179 176 171 173 176 173 156 163 153 148 156 154 159 166 169 169 174 175 176 179 178 180 181 181 171 172 168 175 166 177 181 170 165 168 171 189 193 187 
53 51 50 48 49 48 47 47 46 44 43 45 44 46 46 45 44 44 43 44 43 42 42 40 42 41 41 40 41 39 38 38 41 44 46 49 48 45 51 50 50 52 52 45 45 70 184 184 186 187 190 193 198 199 206 203 194 195 196 195 193 193 185 182 179 180 190 179 176 174 166 160 153 154 162 165 167 178 178 173 183 184 182 182 185 181 172 175 167 167 161 176 172 161 161 168 159 173 185 182 
52 49 48 51 49 47 46 46 47 49 45 47 45 45 44 43 42 41 42 41 40 42 44 40 42 40 38 38 41 42 41 41 41 43 43 46 47 50 50 50 48 48 45 36 36 55 108 187 185 183 184 187 190 187 188 195 188 189 192 189 194 187 188 191 189 182 193 190 183 180 168 158 160 164 169 170 173 184 178 177 190 190 187 185 183 179 171 177 171 158 161 172 162 157 161 167 152 166 174 173 
48 47 48 45 47 51 47 50 47 45 45 45 45 44 45 45 42 42 40 43 41 41 43 43 43 43 42 40 37 37 38 39 40 41 40 42 44 43 43 43 45 41 34 36 51 58 69 138 186 187 185 185 180 187 189 187 183 187 190 184 185 189 194 198 196 189 199 203 190 180 174 166 165 170 176 180 182 186 179 182 185 191 190 180 177 179 168 174 173 158 164 171 157 152 163 171 153 165 166 167 
49 48 47 45 47 47 46 48 49 47 46 44 44 43 44 41 42 44 42 41 40 41 39 40 39 41 39 37 37 38 36 36 37 37 39 40 39 39 40 42 43 37 37 50 72 75 89 103 177 192 188 180 179 194 187 183 181 187 185 186 191 191 194 203 197 195 199 204 200 190 177 174 174 173 176 185 188 184 184 182 182 190 187 179 178 180 166 165 180 166 173 179 160 151 168 177 161 167 163 163 
49 48 47 46 47 47 49 46 45 48 45 45 43 42 43 41 41 41 38 39 40 41 40 39 38 41 39 38 38 39 37 39 39 39 39 42 42 42 44 42 36 41 57 68 71 87 76 82 119 193 185 187 187 181 177 178 180 186 187 192 192 194 200 197 197 198 202 210 206 189 176 179 179 177 178 182 188 186 188 187 181 185 183 175 178 181 168 163 186 171 172 186 177 157 165 179 169 172 168 163 
45 46 46 48 44 45 44 47 46 44 43 45 41 40 41 41 40 41 41 41 40 40 41 42 41 41 41 39 41 41 39 40 40 42 42 41 42 43 42 36 37 55 69 69 77 80 84 89 103 145 197 181 181 175 176 180 188 188 196 208 193 194 199 191 200 201 200 209 202 183 190 189 175 182 180 184 189 186 186 187 189 185 179 176 180 181 161 173 192 178 172 189 191 171 168 182 168 175 166 166 
46 47 46 46 47 45 45 45 45 44 44 42 42 45 42 43 44 43 42 41 43 42 42 41 42 41 41 41 40 40 41 41 44 41 44 43 45 46 44 33 47 63 78 76 80 88 89 89 103 134 184 182 176 178 179 184 194 172 170 234 203 195 194 200 199 200 203 214 203 191 195 187 186 187 184 184 187 187 187 191 193 190 179 179 179 179 156 185 192 182 178 189 194 177 166 175 174 181 176 169 
47 46 45 45 44 45 45 44 46 44 44 46 45 43 46 43 45 46 44 44 45 43 44 44 41 42 43 42 42 42 43 43 43 42 42 43 45 45 40 42 60 75 73 77 88 89 102 100 114 144 172 174 185 185 184 189 190 121 122 183 217 200 194 210 209 207 199 219 216 214 202 201 200 194 182 188 188 191 188 189 193 189 174 180 181 167 164 183 192 189 188 193 194 188 174 175 173 171 173 174 
43 45 46 43 44 46 45 45 46 46 45 46 46 46 45 47 49 47 42 45 44 43 43 42 42 44 43 41 42 44 43 44 45 46 47 49 47 45 40 46 58 70 76 82 76 86 89 84 96 134 159 178 183 193 196 209 166 104 117 151 230 205 199 206 216 215 208 225 225 232 222 207 200 196 188 193 191 198 191 192 188 189 177 182 181 170 163 184 193 195 193 191 193 188 180 166 163 149 141 144 
45 45 46 45 43 45 44 45 45 46 45 46 45 48 45 45 46 48 45 41 43 44 40 41 41 43 46 45 44 44 45 45 48 51 54 57 57 50 46 48 70 79 75 79 84 81 79 99 97 136 165 193 184 191 190 218 175 93 105 146 231 210 210 208 211 217 223 229 227 236 227 218 203 208 193 190 193 194 194 194 190 188 183 187 183 176 166 172 196 198 199 195 193 184 173 166 153 150 138 141 
44 45 43 46 45 44 44 47 44 45 44 43 44 43 42 44 45 43 43 43 42 40 43 42 41 41 45 42 41 44 45 46 48 51 50 51 51 44 40 49 68 75 73 82 80 85 77 85 104 143 170 195 190 207 197 206 208 127 135 175 228 208 222 222 204 215 225 226 227 239 234 224 208 209 197 191 192 194 192 197 194 191 181 189 184 187 179 171 192 199 200 200 198 189 175 161 153 149 148 153 
45 45 45 45 46 45 45 44 42 41 42 42 42 44 44 44 49 44 44 41 43 44 40 43 42 43 43 43 43 44 42 42 42 44 46 46 43 35 40 56 64 75 56 73 63 62 60 68 91 139 168 186 197 202 221 227 244 183 120 197 217 214 222 222 210 207 223 229 224 238 236 229 214 206 198 190 191 194 193 197 199 195 186 197 189 195 194 187 193 200 209 205 206 197 181 158 144 154 160 158 
44 45 45 46 45 44 45 42 44 43 43 42 45 45 42 42 45 44 42 40 41 40 40 39 40 41 40 40 42 40 42 42 42 42 41 43 36 32 59 62 54 67 59 69 63 64 57 56 69 143 174 187 193 193 211 224 240 240 178 167 207 221 222 221 215 209 221 229 226 228 239 234 218 204 202 191 189 193 194 194 201 201 191 197 191 201 202 197 207 211 216 218 212 200 180 152 145 165 166 157 
41 42 43 44 44 45 45 45 47 45 46 44 43 39 43 41 41 43 40 41 40 40 39 39 40 42 41 45 43 45 44 44 44 44 46 45 34 52 70 68 62 68 64 71 48 60 70 71 95 150 173 181 187 191 204 220 226 234 227 189 216 228 232 220 212 213 222 227 225 237 239 232 221 208 200 194 192 195 198 193 200 200 194 195 194 202 205 208 215 218 222 217 208 197 174 151 147 165 152 155 
42 43 41 43 45 46 45 42 42 43 42 41 42 42 41 40 42 40 43 41 40 44 43 42 40 41 42 40 39 41 37 39 41 42 42 35 49 62 86 74 68 69 77 78 74 89 83 86 121 152 169 180 189 191 199 209 219 224 214 196 191 222 236 217 202 212 227 226 224 232 235 234 232 211 202 191 196 194 197 199 203 204 193 197 201 205 207 214 220 221 223 210 200 195 185 168 157 162 154 153 
42 42 41 41 43 43 43 42 42 42 43 42 43 42 41 41 42 40 39 38 38 38 38 38 38 39 39 40 43 39 38 38 40 39 37 55 58 72 98 80 77 80 85 92 101 100 96 105 147 168 177 191 194 191 203 207 210 214 192 179 163 184 229 198 198 224 229 222 220 226 237 242 231 216 207 200 201 199 194 203 198 196 196 196 208 210 213 216 219 219 214 205 200 197 189 190 181 160 152 147 
42 41 41 41 44 43 44 41 41 39 39 41 41 39 41 40 43 41 38 35 35 37 37 35 39 41 41 42 46 44 45 46 44 37 84 86 85 83 106 82 85 96 104 102 98 91 104 157 196 184 171 182 191 200 210 215 215 210 178 174 189 159 198 185 197 221 227 219 220 232 241 237 236 226 213 202 203 205 199 200 197 190 201 206 211 212 214 217 218 215 204 197 198 195 184 201 200 180 158 136 
42 41 40 41 42 42 43 41 41 41 39 38 39 43 80 111 113 103 87 91 82 61 75 76 46 35 36 46 40 41 40 43 46 57 78 71 93 77 99 95 87 110 103 97 112 95 172 199 190 187 176 186 189 201 220 231 231 223 182 177 193 178 176 174 197 220 219 216 217 228 236 234 235 225 216 207 207 202 196 193 191 199 207 211 213 214 217 214 211 203 193 193 199 181 176 204 204 201 199 167 
41 40 40 41 41 41 42 43 43 42 42 36 84 129 133 134 132 139 132 129 129 114 109 111 100 94 59 40 40 40 44 67 92 66 74 76 102 92 94 104 94 110 106 114 145 185 198 192 192 189 177 175 184 183 206 237 180 168 178 162 163 192 193 182 204 223 208 220 222 227 235 233 233 228 223 217 211 207 199 197 201 210 214 215 213 212 209 207 200 193 185 197 190 167 180 204 205 204 203 194 
40 40 40 39 40 41 39 40 40 39 41 104 133 130 149 161 152 144 137 122 117 112 107 104 113 105 101 79 62 81 80 97 97 81 68 71 81 110 98 114 118 109 119 155 201 194 189 196 184 186 182 173 176 192 224 144 107 132 177 200 204 229 218 198 204 215 200 225 222 227 231 235 236 231 228 226 220 221 214 206 205 215 220 213 206 205 199 196 187 181 188 196 178 164 195 210 207 203 189 193 
38 39 38 39 41 41 41 41 41 39 42 134 130 140 153 164 163 162 152 139 131 115 114 123 109 91 100 103 107 102 100 93 85 99 76 88 52 101 103 110 124 118 170 201 193 188 191 191 193 187 188 183 170 171 207 111 70 102 215 207 212 226 222 208 199 189 214 229 217 227 233 231 233 232 229 227 225 221 218 211 204 209 212 204 198 196 189 182 179 184 195 187 171 177 206 212 209 198 179 189 
40 40 38 40 38 39 38 39 40 40 38 111 124 128 137 150 153 159 166 156 146 142 123 112 108 81 116 103 123 122 111 105 77 93 85 96 83 65 114 107 115 134 197 187 186 188 189 197 204 188 187 190 176 167 198 128 74 104 203 198 197 219 215 199 183 196 224 226 212 219 233 232 230 231 230 224 224 215 213 203 206 204 205 197 185 186 181 179 185 192 189 171 173 194 208 210 208 195 180 191 
39 38 38 39 40 41 41 43 44 43 44 47 117 114 119 133 139 139 160 159 147 121 113 101 92 100 113 86 128 137 131 125 115 91 82 102 121 73 112 111 114 161 190 183 186 191 195 203 195 193 193 190 180 169 172 176 136 138 217 195 184 202 198 182 182 201 223 212 210 218 224 226 228 221 222 216 212 212 208 190 202 200 198 185 179 182 176 182 182 187 184 171 180 199 201 199 196 191 187 195 
40 39 40 40 40 40 41 41 41 41 43 41 38 92 115 109 115 124 132 146 121 100 107 89 136 137 92 90 125 150 132 138 133 118 99 108 127 112 80 121 116 132 155 183 188 196 201 200 196 206 199 185 185 171 166 160 188 214 194 183 175 171 187 179 187 207 216 194 198 208 215 209 217 218 215 205 204 207 197 182 182 178 177 182 178 180 177 177 164 183 175 171 182 195 194 188 186 186 187 193 
39 39 39 38 38 39 37 39 39 38 39 41 42 40 85 118 95 94 104 117 88 100 82 110 138 125 92 119 130 148 126 135 137 131 104 107 127 125 97 90 125 116 122 127 141 178 194 201 200 196 193 199 192 183 178 151 145 158 158 164 162 166 187 175 196 200 206 174 184 191 204 197 203 207 208 200 198 196 190 184 169 171 169 184 173 172 173 161 119 137 155 159 170 179 188 182 179 180 184 189 
38 39 40 41 39 40 40 39 39 39 39 42 43 44 43 100 114 106 99 96 85 96 99 116 133 130 129 138 146 136 136 137 146 139 121 109 130 129 105 70 96 122 129 114 117 137 145 152 157 161 172 198 208 208 195 176 149 140 144 149 150 161 169 166 182 181 166 132 149 173 182 184 193 198 196 194 199 196 180 173 173 177 154 173 159 143 131 124 125 124 132 141 145 146 167 160 173 174 175 184 
38 38 40 40 38 40 38 38 39 40 38 38 40 39 42 57 124 110 102 82 93 108 136 114 119 133 156 152 160 144 136 147 153 149 129 110 132 142 116 86 117 135 133 120 120 144 149 148 140 141 130 139 163 177 177 190 176 158 144 137 128 149 137 143 153 130 124 110 120 153 172 178 182 184 186 184 180 182 175 167 159 161 134 140 149 121 109 109 129 123 138 140 134 130 132 133 138 146 148 152 
35 37 37 38 37 38 39 38 37 38 39 40 40 41 39 41 93 104 101 92 113 66 90 128 113 135 175 166 167 159 133 149 165 162 138 115 140 141 116 100 134 140 137 140 135 145 147 146 141 141 132 127 123 128 122 154 154 127 99 111 109 131 113 130 112 96 108 107 109 126 125 152 154 166 167 162 149 149 152 150 147 144 145 141 141 125 98 109 129 128 133 134 130 132 125 122 127 145 146 140 
38 39 40 40 39 40 40 39 42 41 41 42 41 42 43 41 54 113 94 83 114 64 99 120 115 139 159 168 161 168 142 150 167 172 153 122 138 135 113 118 131 137 138 141 141 138 143 144 141 139 129 130 115 143 122 122 118 96 87 100 97 125 124 132 115 100 112 102 110 119 116 119 136 125 135 142 137 139 149 156 159 154 153 148 143 124 101 106 132 131 132 131 131 132 122 123 128 146 152 144 
37 36 38 38 38 36 37 36 37 39 39 39 40 39 38 41 51 88 105 105 133 58 75 115 115 134 154 160 153 172 153 156 164 171 155 129 142 138 113 120 129 126 127 134 146 141 145 139 135 140 147 103 112 138 122 105 88 72 54 78 73 79 118 134 129 111 108 106 106 110 105 129 139 115 120 148 142 148 158 161 167 157 159 152 144 125 104 112 130 132 132 132 134 131 122 125 135 147 151 144 
36 38 39 38 39 38 37 38 39 39 40 41 41 40 41 39 43 81 97 90 123 105 52 91 118 117 155 162 158 175 159 152 162 172 156 134 142 139 116 122 125 130 123 136 142 142 141 136 132 147 148 97 108 113 91 67 66 61 60 79 74 69 109 112 137 134 119 114 106 112 114 143 138 95 121 151 150 154 160 168 170 165 161 151 142 121 107 115 136 132 129 138 133 130 123 124 142 153 157 142 
38 39 39 39 41 38 41 40 40 41 41 41 44 43 41 41 38 80 102 136 155 185 92 51 80 128 158 159 154 173 159 147 163 167 165 142 128 150 117 110 121 128 132 134 138 135 135 134 118 133 135 91 80 71 66 64 64 65 68 76 72 82 97 101 166 158 148 130 114 134 131 123 110 105 129 152 156 158 165 168 170 162 164 153 144 123 108 116 130 132 130 133 134 128 127 121 140 146 154 140 
40 41 41 43 43 43 43 43 42 44 41 43 44 44 43 42 41 60 123 108 141 163 158 93 77 160 175 158 132 179 163 147 165 165 164 148 120 141 130 99 72 111 136 134 137 126 127 112 110 107 102 80 67 67 70 69 71 73 72 80 77 85 94 102 163 163 153 164 137 135 113 116 105 105 134 154 158 160 165 169 170 164 161 156 145 124 111 130 133 128 129 135 130 125 125 126 149 151 154 136 
43 43 44 45 43 44 45 45 44 42 44 46 46 47 46 45 46 44 85 105 120 130 131 103 71 111 176 118 136 172 167 141 160 157 155 134 100 112 137 119 78 108 130 122 124 113 110 90 83 85 81 76 73 72 73 74 73 80 74 80 79 82 92 108 158 165 151 157 112 109 109 124 106 106 138 156 156 159 168 171 172 165 161 153 145 125 114 135 135 130 130 134 129 123 123 127 141 157 151 141 
46 46 45 46 45 45 45 45 46 48 49 48 50 49 50 49 48 71 79 81 109 114 114 91 62 48 102 59 131 170 163 136 148 147 129 111 79 93 118 100 75 106 115 103 99 92 79 80 81 79 81 78 78 77 80 76 76 76 77 85 81 82 85 107 166 165 164 161 148 160 122 127 107 109 138 159 153 159 165 172 171 167 162 152 144 127 118 139 133 127 132 132 134 120 124 125 142 155 145 144 
48 47 48 49 48 47 49 49 49 50 50 51 50 52 51 52 53 65 97 101 121 139 139 93 69 44 91 87 127 176 149 129 131 119 95 86 82 87 103 103 91 106 92 87 80 83 83 85 86 82 84 80 81 81 81 78 80 82 79 85 85 85 87 104 171 170 169 150 134 164 120 129 104 110 142 156 156 159 166 167 171 166 164 153 146 124 114 136 133 130 131 137 138 123 128 129 152 154 148 134 
51 52 50 52 51 50 51 50 51 51 50 53 52 52 53 53 55 74 98 103 135 172 138 74 55 98 185 167 139 152 134 132 112 91 82 83 87 92 98 107 93 93 88 95 87 86 85 84 85 84 85 84 85 83 85 83 80 82 81 85 85 86 87 104 176 173 170 157 161 161 123 132 106 111 142 156 154 159 167 170 172 174 160 153 143 125 116 136 134 130 126 128 134 124 128 139 148 151 152 134 
54 52 54 53 53 54 54 52 53 55 52 54 54 55 55 54 57 105 104 102 85 145 62 81 124 110 140 173 167 139 124 123 84 84 82 86 91 92 106 106 100 94 91 90 91 88 86 88 88 86 87 87 88 88 90 84 83 83 82 85 89 89 90 103 173 171 160 125 122 115 118 133 104 112 145 158 156 160 170 172 173 175 168 159 146 124 116 138 133 129 132 124 132 122 129 134 144 151 147 127 
55 54 55 57 56 56 55 53 54 55 55 58 58 57 57 57 73 118 105 107 94 93 43 77 111 91 109 136 146 121 111 91 75 80 86 89 93 99 111 115 103 100 93 92 92 92 91 89 88 89 92 92 92 90 87 85 85 84 85 85 92 92 93 102 171 171 166 150 167 163 123 132 105 112 145 160 164 165 176 176 174 173 168 161 149 126 119 141 133 132 128 133 132 128 133 146 149 155 151 131 
59 57 57 58 57 56 58 56 56 57 57 57 57 58 59 56 112 111 108 108 106 98 55 56 103 90 98 111 126 113 84 78 81 85 90 92 97 104 118 118 103 101 98 95 93 94 95 95 92 92 94 91 89 88 87 87 88 88 87 87 92 92 92 103 170 166 163 151 161 158 124 130 105 112 147 163 167 169 177 178 177 174 169 161 146 124 117 135 134 137 124 137 132 131 131 139 148 152 148 136 
62 60 60 60 61 59 58 60 60 59 58 58 60 59 59 89 119 119 130 135 119 118 102 100 98 90 101 92 84 95 97 81 84 88 91 99 101 106 118 117 110 104 102 100 100 99 98 96 96 95 96 95 93 90 88 89 89 88 90 91 91 92 93 102 166 166 162 163 134 135 121 129 104 116 148 163 164 167 175 171 170 173 165 149 141 125 118 133 134 132 137 141 129 132 135 136 148 152 151 134 
63 62 62 61 62 62 61 59 60 61 62 60 60 61 68 120 122 134 142 139 137 124 96 93 67 59 83 76 75 82 93 100 91 91 93 102 106 111 123 121 114 110 107 102 102 100 100 98 98 95 96 94 94 92 89 89 89 89 91 93 95 95 94 100 166 165 161 153 150 117 122 129 102 115 150 155 160 157 160 172 164 171 167 149 139 127 122 130 133 133 134 133 123 136 129 136 143 151 149 137 
68 65 64 65 65 62 64 62 62 64 62 62 64 61 118 123 126 138 142 136 137 127 112 104 89 73 64 72 85 84 93 103 99 100 103 108 110 112 123 126 116 111 108 106 105 101 100 98 97 97 96 94 93 92 90 92 89 89 91 92 94 96 95 98 164 161 159 149 161 135 122 130 106 115 148 156 160 156 158 171 164 174 163 150 141 129 123 129 135 136 132 126 123 131 143 133 135 145 146 138 
69 69 68 68 66 64 64 67 67 65 65 65 63 72 133 123 126 138 141 134 124 107 115 105 73 69 73 75 84 86 86 97 105 101 103 107 112 116 122 128 116 116 111 107 103 104 99 97 97 99 100 96 94 95 92 92 92 91 91 95 97 96 98 98 157 157 157 141 142 147 121 127 109 118 152 157 158 158 169 170 162 173 163 146 140 124 124 129 133 133 130 124 134 142 132 144 137 139 140 131 
72 72 69 68 67 68 64 64 64 67 67 65 62 74 133 127 120 104 87 71 67 68 72 73 73 76 75 78 82 88 93 92 98 106 108 115 117 116 130 131 120 118 114 110 108 106 106 102 100 100 100 98 96 94 94 93 93 93 95 97 97 96 101 102 151 156 154 155 150 146 123 127 108 112 150 154 158 155 167 172 170 171 164 151 141 122 123 129 132 134 127 125 139 140 133 138 147 140 137 126 
73 73 70 69 67 68 67 66 64 64 67 66 65 62 76 67 64 67 69 69 72 72 75 75 76 77 78 83 82 90 88 101 99 104 112 117 120 122 132 136 122 118 116 115 110 108 107 104 101 102 103 100 98 96 94 95 95 96 96 99 99 98 100 103 150 158 147 152 152 141 122 126 105 113 151 156 159 153 158 172 169 166 161 153 140 121 124 132 129 135 134 129 136 134 145 146 145 145 135 129 
75 73 72 70 70 71 69 69 67 67 67 66 65 66 67 67 69 68 71 72 72 74 76 77 77 78 81 85 87 89 93 98 103 107 114 116 123 127 137 138 128 119 116 114 109 109 108 105 105 103 102 101 99 97 95 96 96 96 98 99 99 99 99 104 151 151 145 152 154 140 123 123 106 116 150 154 159 159 164 166 161 162 160 148 139 122 126 130 128 133 126 126 134 132 149 151 148 137 136 131 
76 76 73 72 71 71 70 68 69 69 70 68 68 67 70 69 68 70 72 73 73 75 76 77 79 80 84 85 88 91 94 100 105 111 114 119 126 130 138 135 126 122 119 114 111 112 109 105 104 103 102 100 98 96 97 96 97 96 97 99 98 98 98 103 155 154 154 158 152 130 124 123 108 115 151 157 160 150 158 166 159 160 160 148 139 122 127 131 128 131 135 126 122 137 149 149 143 141 130 126 
78 77 74 74 73 74 73 70 69 69 70 68 68 69 71 69 69 71 73 73 75 77 78 81 81 82 84 86 87 94 96 103 105 113 118 123 127 129 142 142 131 123 119 117 117 116 112 109 106 105 103 100 98 97 94 95 97 96 99 99 100 100 98 104 157 153 151 154 107 95 125 121 107 116 150 151 157 151 153 164 160 160 162 154 139 121 127 132 132 127 131 125 119 141 145 144 142 143 142 129 
79 79 77 77 76 73 72 72 72 71 71 71 69 70 71 71 73 73 75 75 75 78 79 83 84 86 87 90 93 95 98 103 106 112 117 120 127 129 145 142 130 126 121 119 117 118 112 111 107 105 103 102 99 97 97 95 94 95 97 97 100 101 99 109 157 153 153 139 93 83 123 118 106 113 148 153 156 151 162 164 162 163 161 153 142 122 129 128 131 127 127 126 119 141 141 140 144 146 146 124 
80 79 78 78 76 75 73 72 72 72 73 73 71 72 73 73 73 73 76 77 77 79 81 83 84 88 90 93 95 96 100 104 111 113 117 120 125 134 143 143 130 126 121 117 117 118 113 110 110 104 101 101 99 98 97 97 97 95 95 97 100 102 99 114 168 163 134 122 104 104 122 117 105 111 148 152 155 151 159 165 161 161 157 150 138 123 128 127 130 130 126 120 124 138 137 138 147 149 142 123 
83 79 78 77 78 76 73 72 73 72 72 75 74 72 73 74 74 73 76 78 80 81 83 84 85 89 90 91 96 97 102 106 110 113 117 119 128 132 144 141 131 125 120 119 116 117 114 111 110 108 104 101 98 98 98 98 97 97 97 96 100 100 100 115 166 122 79 71 91 113 123 116 105 106 149 148 146 147 158 165 165 162 156 146 134 117 125 127 128 127 125 124 129 131 134 143 144 141 140 132 
82 81 78 78 77 75 74 74 74 73 74 73 74 74 73 75 75 75 76 79 80 81 83 85 88 87 89 92 93 99 100 104 108 111 116 123 130 137 146 143 134 132 124 120 119 118 115 111 111 105 103 103 101 100 98 97 99 98 98 96 98 100 96 116 165 111 88 80 80 106 122 113 103 100 150 153 153 146 159 157 163 161 152 143 131 116 127 130 127 128 126 122 129 126 131 140 142 144 147 126 
83 82 79 77 76 78 76 75 75 75 73 74 74 74 76 76 76 76 77 78 81 81 85 85 87 88 89 89 92 97 101 104 110 114 119 125 128 139 150 142 134 131 124 123 117 117 115 113 111 107 105 104 102 100 99 97 96 98 96 97 98 99 98 117 163 120 120 137 99 109 122 112 98 101 150 147 154 147 161 156 161 160 157 144 128 118 130 126 127 123 124 126 125 129 132 139 139 143 142 125 
86 82 81 79 79 79 77 76 76 76 75 74 76 75 76 77 78 77 79 78 80 83 83 86 87 88 91 90 94 99 99 104 110 114 123 127 133 136 152 143 133 131 127 120 120 117 116 115 112 108 107 106 103 99 100 97 96 97 93 93 95 96 95 118 156 158 155 151 88 108 121 110 98 111 150 148 154 145 162 164 164 161 156 145 126 117 126 128 125 125 125 124 120 125 132 130 139 134 141 132 
86 84 82 81 80 78 79 78 77 76 77 77 75 77 76 77 79 77 77 78 81 83 83 84 87 90 93 93 96 97 100 108 112 116 122 128 133 139 153 153 136 136 129 126 124 119 117 117 112 108 107 106 103 100 98 96 96 97 95 94 97 98 96 122 156 155 159 161 158 132 123 109 107 116 150 146 155 165 165 163 160 157 150 142 123 115 125 120 124 124 126 120 120 122 125 132 143 143 142 126 
85 85 83 82 81 79 79 77 78 77 77 77 76 78 78 77 79 78 79 80 80 81 84 87 86 90 93 93 94 95 101 106 109 114 122 127 135 140 156 158 142 136 129 123 121 117 114 112 111 109 107 105 104 98 100 98 96 98 96 96 99 97 95 128 153 153 154 135 146 129 123 112 111 115 151 147 155 161 162 164 159 150 146 136 118 113 124 125 126 125 123 123 117 122 117 132 137 141 139 127 
86 85 85 84 82 81 81 80 79 79 79 79 79 80 79 81 80 80 81 82 81 82 82 85 87 89 92 92 98 100 102 107 109 116 121 127 132 141 152 154 142 136 127 126 121 118 118 113 112 109 107 103 102 98 97 96 96 96 96 97 98 100 94 129 149 147 144 115 109 122 121 114 110 115 152 152 155 146 157 159 151 148 148 134 116 115 124 129 122 124 127 122 122 111 120 126 145 134 147 137 
89 87 87 87 87 85 82 82 81 81 81 80 79 78 80 80 79 80 81 81 81 82 81 84 88 87 92 96 99 103 104 107 109 115 120 126 133 140 153 160 144 141 131 124 120 121 117 119 112 110 105 102 100 97 96 97 98 96 97 97 98 98 94 129 145 142 141 116 110 117 122 112 107 113 152 151 151 142 155 154 151 143 143 132 115 115 123 124 122 124 122 122 116 113 120 128 137 141 147 141 
91 90 89 89 86 86 83 82 81 81 81 80 79 79 80 79 79 81 80 82 81 82 81 83 88 89 95 96 101 103 104 111 112 116 121 127 137 141 152 161 145 139 132 127 123 118 119 117 114 111 105 102 100 98 99 98 94 95 95 98 95 96 92 122 142 141 131 114 118 117 122 112 108 113 152 148 150 143 157 150 145 144 140 132 114 114 123 124 124 121 123 116 116 116 117 130 131 145 139 143 
92 93 92 92 87 85 85 85 84 82 81 81 80 80 78 78 80 79 81 82 83 84 83 85 89 87 94 95 96 104 106 111 112 117 122 127 132 139 146 162 145 136 129 126 124 120 116 115 114 111 106 102 101 99 99 100 96 96 97 99 99 98 94 123 147 150 140 135 131 116 122 111 108 113 151 143 149 146 154 149 144 145 141 133 115 115 120 122 120 122 121 121 118 114 118 126 131 138 143 142 
96 94 94 93 91 87 86 85 84 83 83 81 81 79 78 79 77 79 81 83 82 85 85 87 89 93 96 96 99 101 104 110 114 119 125 131 135 136 148 168 147 141 133 127 124 118 116 115 113 111 105 101 100 100 100 99 97 99 98 99 99 98 94 115 154 152 148 137 127 117 123 109 108 111 151 141 147 144 158 151 146 142 139 134 112 114 120 121 122 125 124 121 119 117 124 124 130 134 139 138 
