58 112 140 136 132 126 129 116 116 106 115 119 120 125 127 129 123 125 129 127 124 141 144 157 168 174 179 184 190 201 203 204 201 203 210 208 207 207 209 210 205 212 212 214 212 218 213 217 218 218 215 220 222 218 214 218 214 215 216 217 222 222 224 223 227 219 166 60 181 216 224 220 219 217 221 221 217 218 219 215 211 211 209 197 195 199 203 199 195 179 168 143 118 105 84 95 120 82 89 105 
47 133 199 198 216 219 224 220 214 212 198 190 175 163 157 148 135 127 123 129 125 112 119 125 125 135 137 136 141 133 134 142 149 151 158 171 184 194 193 199 202 207 222 218 205 207 199 203 203 210 213 212 202 200 208 207 204 207 205 209 218 215 218 212 219 213 122 81 202 212 208 212 221 215 216 218 219 216 218 216 218 218 216 213 208 195 186 189 198 198 197 198 203 194 184 181 161 138 113 95 
58 113 194 201 209 213 217 218 220 223 219 222 225 225 214 221 221 223 224 228 213 200 191 184 173 168 158 137 137 127 130 126 122 126 124 134 133 141 136 140 136 137 147 142 151 169 181 184 192 203 208 209 209 215 209 206 202 203 200 197 201 195 200 206 203 192 94 117 197 200 200 204 207 207 202 209 206 210 209 211 215 218 213 216 212 211 198 183 185 190 186 198 200 201 196 191 191 192 177 175 
86 95 198 200 210 208 209 209 216 219 222 222 224 223 224 222 225 225 219 214 219 228 227 230 229 230 231 228 232 221 217 207 200 191 181 162 152 142 128 119 115 116 120 121 117 112 106 115 115 123 130 145 162 163 178 190 200 208 211 210 210 200 192 188 189 159 74 134 185 188 191 188 189 186 189 191 194 187 189 197 206 201 201 206 201 201 203 201 195 175 178 186 188 194 189 190 186 185 178 180 
111 74 193 201 201 207 206 207 209 213 217 218 217 217 219 225 224 225 220 221 224 221 225 230 223 229 232 225 228 229 227 226 226 229 232 230 230 229 228 226 215 209 197 185 167 150 141 133 118 113 110 109 103 87 90 109 109 107 109 125 140 150 169 173 170 124 67 157 176 181 177 179 179 177 180 183 182 172 172 179 175 171 175 175 181 184 190 187 190 185 181 172 167 180 180 175 180 177 180 175 
124 58 188 204 205 204 207 206 204 207 211 211 214 220 219 216 220 223 219 223 223 215 221 224 219 228 230 226 225 229 230 223 222 228 230 228 229 230 227 232 226 228 228 229 225 222 216 222 225 222 215 204 190 176 155 134 129 115 105 84 82 95 104 104 103 83 70 116 126 132 149 162 173 182 179 177 169 174 185 175 178 175 168 162 158 159 167 172 167 170 170 171 170 157 154 155 160 168 168 162 
149 67 157 201 203 203 203 202 206 206 208 211 214 211 211 217 214 208 209 204 207 205 211 220 218 224 223 219 219 225 219 224 215 220 223 221 225 229 227 227 226 226 229 235 232 225 224 225 230 227 224 233 227 226 221 217 219 216 216 200 189 178 164 143 129 58 93 109 106 90 74 74 73 82 91 117 122 136 152 167 177 185 186 168 168 163 155 155 157 154 161 159 158 150 153 144 144 146 137 136 
169 64 136 190 199 211 205 202 200 203 210 207 207 212 212 213 209 213 203 205 206 196 193 202 205 207 211 216 217 215 207 214 211 209 208 214 214 217 219 219 223 228 227 232 237 234 231 226 226 233 232 236 228 233 228 220 221 222 221 225 224 221 226 224 167 49 175 199 183 164 147 125 107 94 80 77 79 75 61 56 72 87 104 109 126 143 142 147 149 142 144 142 141 144 139 138 144 145 136 128 
127 53 101 154 171 181 189 193 193 198 206 209 203 198 204 215 206 209 213 208 205 190 188 206 205 213 213 218 216 216 216 215 213 214 206 207 206 208 208 204 208 202 208 216 219 221 216 226 228 222 224 222 225 229 231 226 226 220 221 219 221 222 219 217 120 81 200 215 219 214 215 213 211 210 208 186 163 153 118 98 80 72 59 61 62 58 55 56 66 75 90 103 118 129 133 134 138 135 129 132 
94 62 70 90 93 107 111 104 109 114 128 141 143 153 159 161 164 179 189 185 182 170 169 203 213 219 219 221 220 217 214 215 216 223 212 210 209 212 209 211 202 208 208 208 206 200 202 218 216 213 213 212 217 222 216 221 217 209 212 212 215 219 215 208 90 124 210 218 217 218 214 216 216 207 200 204 202 205 203 206 197 190 178 158 138 122 107 84 65 48 47 42 45 42 45 51 58 69 91 107 
145 83 68 125 127 123 115 110 110 96 96 96 109 118 120 112 123 132 141 124 119 105 108 136 155 153 156 168 173 184 183 196 207 205 203 208 214 212 218 208 207 211 207 207 209 209 205 194 196 198 196 205 205 202 204 203 209 201 200 202 202 203 208 177 78 156 198 201 200 207 207 211 207 203 202 200 205 203 197 202 193 195 195 197 189 184 179 177 181 162 151 129 108 83 61 49 42 36 35 34 
204 129 69 172 192 196 196 190 187 180 153 147 158 166 161 150 142 145 142 120 99 94 96 126 134 126 127 133 129 127 119 134 131 134 126 134 141 149 155 155 157 170 183 189 182 194 204 203 197 205 201 199 196 199 207 206 198 196 194 195 193 196 199 141 90 185 198 189 190 189 191 190 202 194 194 194 197 190 193 196 189 193 195 196 191 182 178 183 183 181 177 177 170 161 156 155 142 123 101 61 
200 165 61 154 187 195 199 197 186 172 140 130 161 177 182 175 183 190 190 180 174 166 156 193 203 192 185 179 166 161 140 134 125 116 104 106 96 100 105 120 123 116 119 119 107 103 127 134 128 138 139 150 159 166 178 182 192 199 198 205 209 205 197 114 115 183 195 199 190 184 180 181 178 173 182 182 181 181 181 179 179 183 185 186 188 173 177 178 177 182 177 179 173 168 161 165 159 152 139 57 
191 175 63 147 189 191 197 200 182 171 135 110 129 151 163 166 175 181 179 173 171 167 161 191 205 205 200 207 213 219 204 203 200 203 201 185 182 190 196 184 182 166 156 145 146 128 122 117 113 111 97 94 112 128 137 136 137 136 128 137 145 155 157 81 115 173 192 201 201 202 198 193 187 175 172 177 174 168 163 166 162 164 167 176 167 166 172 164 167 162 162 167 166 163 167 163 158 148 93 51 
187 181 83 133 190 186 192 195 196 182 155 130 116 123 141 156 163 179 170 171 166 160 146 176 196 195 193 199 198 200 197 188 179 177 174 159 167 187 191 189 189 195 198 212 215 218 218 222 213 206 194 181 171 167 166 169 141 111 111 93 78 99 104 77 77 85 94 113 114 135 149 153 163 177 185 191 188 182 174 171 166 164 158 149 148 152 151 151 157 143 152 152 155 152 155 152 148 120 54 51 
115 125 80 98 182 190 189 195 197 193 184 157 128 112 128 150 169 176 160 156 168 160 142 164 188 193 190 181 174 177 170 151 143 141 122 108 114 143 151 142 145 155 172 185 192 190 200 214 203 207 201 208 217 215 214 213 217 209 208 201 185 173 105 86 123 121 105 95 77 75 77 76 82 76 84 97 106 119 125 131 142 153 158 150 149 144 145 146 144 131 137 145 136 139 141 134 132 74 49 57 
96 104 70 62 103 159 171 168 182 194 192 176 153 124 133 158 162 175 156 157 163 150 138 150 166 173 167 162 155 145 132 111 102 88 80 76 82 91 91 91 96 109 129 148 165 177 187 193 192 165 173 185 202 203 211 213 211 203 205 205 209 196 71 128 201 213 210 212 209 193 178 166 150 121 102 93 75 64 63 61 72 79 75 81 91 87 96 112 116 124 126 128 131 125 127 131 101 52 53 57 
63 113 98 77 89 131 150 131 106 123 150 141 137 124 135 158 150 170 139 139 141 128 130 135 151 148 140 130 114 95 86 77 68 69 67 67 66 73 74 76 73 74 84 99 109 130 151 156 143 122 133 168 177 190 191 201 202 204 205 206 203 173 73 156 194 202 209 210 215 212 203 212 212 211 209 207 202 196 175 154 133 120 98 78 58 49 42 44 54 54 52 54 93 80 82 85 56 50 57 57 
68 108 104 80 70 83 146 155 140 127 146 132 143 138 159 156 147 168 120 91 80 87 95 98 83 76 76 82 66 64 63 62 56 57 59 56 65 67 69 73 71 74 74 79 80 89 107 112 98 94 141 157 139 161 180 185 189 191 190 195 190 141 91 166 181 188 196 191 196 198 187 197 193 201 194 203 201 203 198 190 196 196 183 183 174 158 145 125 103 79 62 49 40 37 33 40 51 53 57 55 
78 118 125 90 67 56 97 159 162 154 166 148 152 147 162 160 161 177 150 118 107 121 112 119 74 60 58 59 49 47 75 87 38 38 41 42 38 38 42 43 47 49 52 57 58 66 76 76 74 120 141 99 119 139 169 190 194 195 193 192 187 102 101 170 174 177 176 175 168 162 177 172 173 187 185 183 183 188 181 185 181 177 177 182 178 178 174 173 161 147 131 132 125 113 93 51 50 58 58 54 
83 120 112 97 71 73 62 95 165 169 174 169 166 166 159 155 158 182 158 104 101 128 112 101 82 72 71 79 68 79 129 145 54 74 94 84 59 44 42 42 43 42 41 44 45 62 55 50 75 120 86 79 72 92 128 152 163 165 179 182 177 92 153 190 190 191 180 177 172 171 169 168 163 160 152 162 160 163 164 167 162 164 163 173 160 157 157 150 146 132 125 121 126 117 75 47 52 59 61 55 
80 127 106 107 81 80 80 62 108 168 174 174 174 176 162 148 162 187 160 111 92 123 112 84 76 80 96 124 117 127 168 168 78 142 171 149 122 77 58 55 58 63 63 66 82 94 78 80 132 130 104 91 100 79 95 130 152 139 130 127 107 61 104 128 150 150 154 172 174 173 177 173 174 171 162 165 158 152 152 148 151 147 153 146 146 149 140 141 131 121 121 125 123 99 50 50 52 55 55 54 
41 94 106 112 94 81 92 78 59 119 177 174 166 185 168 157 173 193 170 143 117 133 113 109 90 129 147 151 138 136 192 174 132 183 158 141 182 146 86 74 75 83 74 84 137 128 107 114 140 126 107 116 98 107 137 187 210 210 204 198 103 88 149 140 133 131 114 102 100 98 104 115 121 134 149 163 164 160 155 155 150 155 152 150 147 140 136 130 123 120 111 115 116 67 49 53 55 55 53 57 
70 48 77 98 109 83 92 104 70 59 119 174 165 181 184 177 190 201 184 178 166 151 112 109 118 154 161 143 162 158 193 188 120 135 153 127 121 193 159 98 97 134 115 121 146 150 146 141 140 119 128 112 94 81 104 172 207 212 213 202 60 134 192 195 202 200 196 194 192 176 155 137 117 107 89 75 75 93 99 103 117 129 149 153 148 145 138 124 115 114 117 120 96 47 51 55 57 55 53 65 
120 75 40 66 117 96 89 112 95 58 59 132 174 169 176 176 193 205 192 177 157 129 110 118 136 154 145 144 159 154 173 208 81 62 78 150 83 166 193 161 129 111 128 147 157 174 162 169 144 139 99 76 71 72 86 151 191 199 212 175 42 163 190 194 196 194 188 196 188 192 197 191 191 199 190 186 175 157 136 121 98 76 58 57 70 77 87 82 86 95 115 114 57 46 54 54 53 55 60 62 
128 125 72 37 65 99 84 105 107 78 56 57 132 179 167 165 178 196 188 139 109 108 112 115 120 122 128 131 101 90 93 152 128 62 91 141 85 148 217 191 142 101 109 122 144 141 190 201 168 104 80 82 72 68 69 92 145 180 185 122 66 172 189 190 183 187 184 186 181 175 179 174 172 181 187 185 188 185 184 181 175 177 169 163 142 113 88 77 66 53 40 45 42 50 55 53 54 54 62 60 
93 134 125 65 32 60 63 97 118 101 75 58 60 122 179 170 157 174 167 107 107 102 97 95 95 97 117 114 130 148 149 141 148 110 149 133 89 119 149 125 124 128 138 159 177 140 115 199 178 125 79 66 49 57 57 72 118 166 171 74 107 172 179 174 176 180 180 182 177 173 168 162 163 166 169 164 163 173 167 170 171 167 164 163 157 154 126 121 136 138 127 49 47 53 54 52 52 59 63 55 
48 98 135 117 73 53 33 75 109 114 85 73 59 67 124 175 159 140 124 111 122 93 73 78 83 82 135 163 156 154 152 173 155 131 128 131 134 136 129 146 161 160 184 192 178 138 81 148 199 147 68 52 39 36 32 35 69 112 124 54 110 157 166 172 184 181 178 179 180 188 179 173 173 169 167 161 158 149 153 153 157 150 151 156 151 133 124 138 147 146 78 46 53 55 53 51 52 70 61 50 
48 54 101 127 122 87 33 31 85 115 101 81 68 64 79 125 161 149 112 112 100 93 93 76 115 85 113 131 121 120 106 169 184 175 171 167 157 167 170 170 178 193 198 187 168 132 63 94 191 172 97 70 56 51 44 44 60 84 67 40 68 77 82 85 103 112 124 135 152 162 168 163 167 168 166 164 159 167 159 149 149 148 150 147 140 131 135 143 142 122 47 50 55 51 50 50 62 66 51 49 
78 59 55 111 141 120 77 19 43 103 105 95 79 66 69 79 101 144 112 116 80 95 113 101 133 134 138 126 107 105 116 156 176 173 184 192 181 184 183 199 197 196 183 168 165 139 74 120 180 181 109 65 62 51 51 56 72 98 56 49 95 108 106 117 119 110 109 100 93 85 78 74 73 89 103 112 120 131 142 156 158 148 151 140 137 131 136 144 141 68 47 56 55 51 52 57 73 55 50 50 
102 89 53 55 113 137 117 56 17 56 101 93 80 67 63 67 73 93 100 76 89 101 105 82 87 99 99 88 74 101 129 148 178 186 197 193 192 202 213 212 204 183 169 165 151 135 129 208 206 187 145 84 58 47 51 51 57 63 32 41 70 66 74 83 90 101 123 125 124 134 142 128 136 138 123 99 97 83 75 72 67 67 83 91 96 102 107 116 98 48 51 57 55 51 53 64 63 50 50 50 
126 108 91 58 56 130 139 119 44 24 68 93 79 72 69 93 110 106 91 89 85 93 90 65 76 88 91 98 101 110 139 162 192 203 196 205 212 218 220 212 199 174 159 140 121 121 175 219 214 191 181 106 56 54 58 55 55 52 29 52 48 50 53 55 59 65 72 75 71 75 93 90 103 119 130 129 139 123 137 147 137 120 107 97 83 71 59 53 47 46 54 56 52 49 56 66 53 48 50 50 
162 137 112 84 49 68 122 142 114 34 27 61 76 81 85 119 128 108 85 79 78 69 72 86 78 108 117 142 114 131 176 198 195 182 193 209 222 227 222 208 190 168 126 102 116 150 205 214 212 194 189 145 77 67 62 61 58 59 49 53 49 51 52 53 50 54 60 48 54 52 55 51 58 67 67 71 70 69 85 104 101 97 113 119 124 118 116 80 45 52 56 54 50 53 64 63 48 45 47 50 
180 162 136 100 77 51 78 140 135 97 30 40 69 81 98 109 106 93 88 90 84 72 69 94 118 140 106 121 149 191 200 201 189 193 224 242 246 243 228 187 134 152 112 94 147 181 209 184 194 197 194 169 81 64 78 80 95 95 73 66 70 63 62 55 56 65 52 46 54 51 44 40 45 48 43 39 43 41 40 44 45 49 60 79 85 92 88 44 45 49 50 48 48 67 66 59 48 45 45 49 
179 171 149 91 95 73 52 86 137 128 83 37 53 81 109 98 86 79 82 85 97 74 84 119 130 105 96 161 182 203 206 207 199 231 248 249 247 238 223 167 86 108 124 126 175 180 181 147 176 197 200 190 125 118 136 136 136 135 135 127 128 105 105 84 86 82 77 60 63 53 40 39 40 43 41 41 42 41 44 38 35 40 40 42 40 40 30 20 28 31 39 42 47 67 50 50 44 41 42 45 
148 162 156 123 83 106 72 60 109 147 137 78 53 97 112 102 93 86 75 74 75 76 82 95 76 103 153 176 173 188 178 164 178 237 244 234 200 162 146 128 116 114 128 161 180 159 122 156 166 186 193 194 148 147 161 166 162 159 163 163 164 155 164 140 130 143 137 117 110 86 55 57 58 50 54 46 39 39 43 41 40 35 30 30 19 13 8 7 8 10 19 22 37 45 38 45 39 40 44 44 
99 99 91 92 85 99 100 76 61 114 150 112 77 99 91 85 95 88 81 63 73 103 111 88 52 69 115 137 122 100 88 95 154 214 165 116 88 101 145 133 162 172 151 170 161 142 163 148 160 180 196 203 172 180 180 183 178 174 180 184 181 177 179 162 153 169 166 161 154 139 115 124 119 102 105 86 57 59 67 67 46 32 20 18 17 8 6 8 6 7 12 9 19 22 22 27 29 35 41 42 
167 174 178 176 160 98 105 95 61 76 132 143 116 108 81 81 78 108 85 78 87 95 70 82 91 118 129 99 65 64 88 133 207 150 108 121 86 96 130 200 212 201 168 176 182 132 174 180 181 179 200 205 181 193 193 199 196 188 181 184 178 173 185 175 166 185 182 185 179 165 150 159 160 144 144 127 87 80 98 91 78 69 56 48 46 25 20 22 15 11 14 19 20 16 14 16 17 20 28 35 
173 173 169 172 172 146 78 103 77 49 86 143 124 95 73 86 61 85 83 92 76 64 73 68 109 146 129 92 82 107 143 186 223 139 145 153 168 102 117 227 227 198 175 182 198 150 184 181 192 201 203 175 157 184 190 195 190 183 177 182 177 169 180 176 172 194 188 192 194 178 168 181 172 155 158 139 118 90 97 104 98 89 82 89 87 77 71 60 38 28 26 23 24 15 14 15 11 11 16 20 
167 175 170 170 170 163 110 86 83 75 67 121 133 82 73 72 62 89 114 104 88 114 116 118 114 133 120 114 123 154 179 175 217 127 70 67 137 152 103 227 217 162 152 182 197 160 194 195 199 188 204 180 151 171 188 198 185 174 180 179 180 171 180 175 181 194 188 195 196 189 179 193 178 149 155 142 117 106 119 102 111 106 93 91 109 101 104 92 73 73 70 57 49 35 30 26 13 14 17 18 
141 145 144 147 151 151 106 85 93 112 73 74 137 91 78 73 70 103 122 116 123 123 120 108 115 140 144 127 147 164 161 163 204 118 67 63 104 176 111 217 190 136 127 187 200 186 204 201 206 206 182 183 198 191 193 194 182 175 185 187 188 181 182 182 190 188 189 188 197 189 175 193 175 153 148 135 123 142 134 118 130 125 109 89 108 115 136 122 94 110 100 106 89 72 75 64 47 42 33 31 
109 103 94 92 92 88 79 59 105 107 91 63 95 93 60 81 104 121 100 90 100 121 129 139 135 135 161 130 146 145 128 175 193 142 156 96 138 174 121 220 179 145 133 191 216 207 205 218 207 205 203 207 195 178 197 211 200 185 189 188 192 188 184 177 186 177 183 179 194 179 163 189 170 154 143 118 140 150 145 130 136 144 115 91 93 126 152 138 120 141 122 127 126 91 102 92 82 71 62 60 
167 171 163 164 162 161 142 55 142 123 117 83 71 86 66 89 107 118 96 111 119 128 116 141 132 140 166 139 134 131 138 186 185 164 191 181 169 146 153 217 175 142 139 196 229 225 212 225 217 188 189 209 210 199 191 189 195 182 181 185 192 190 183 180 172 174 170 181 183 176 176 180 172 148 129 132 152 158 158 148 146 148 117 97 97 122 156 156 139 151 139 126 130 118 122 111 95 97 82 77 
167 165 162 162 162 162 163 61 140 151 138 104 72 72 68 82 130 118 115 128 121 111 109 143 151 142 155 151 135 128 157 192 191 172 176 185 170 138 208 200 156 168 145 195 227 226 228 215 219 190 193 203 211 208 183 189 188 174 185 193 197 194 195 191 177 167 162 175 179 179 179 178 165 131 119 128 149 167 161 145 148 151 139 106 94 117 157 156 145 156 143 127 128 131 126 126 108 118 107 96 
160 162 158 160 160 151 151 71 114 156 123 122 86 58 70 88 130 106 149 126 125 113 111 119 125 144 145 153 154 151 167 195 199 185 168 171 160 204 234 161 148 169 148 203 218 233 229 221 220 204 211 211 202 193 195 199 195 189 191 194 195 205 206 201 184 169 175 173 173 176 174 171 162 145 115 126 153 167 158 145 152 155 138 102 80 110 151 155 151 153 142 126 133 139 130 138 120 131 123 123 
103 108 110 114 114 104 86 57 64 85 84 93 89 69 83 98 123 148 138 113 125 124 120 119 130 155 143 140 156 169 170 189 204 196 128 151 217 238 194 141 155 174 161 197 222 237 231 231 209 215 215 217 202 199 182 184 210 202 193 193 202 211 213 202 192 186 187 173 168 174 177 170 149 163 120 108 141 159 152 147 155 152 131 98 74 98 140 151 148 140 128 123 142 138 133 141 133 144 134 128 
130 124 115 110 106 81 65 53 33 68 80 69 75 78 85 137 157 149 129 120 118 122 138 137 140 153 154 147 154 166 179 196 206 193 159 204 231 202 172 144 160 178 171 199 224 231 231 225 209 215 223 221 207 194 178 173 194 203 203 201 209 216 215 210 208 203 187 180 180 177 170 154 144 130 135 97 83 125 149 154 154 148 130 96 77 98 134 149 147 145 135 136 146 139 143 136 142 139 136 132 
147 139 123 103 77 68 54 40 29 68 79 74 63 78 136 173 144 136 131 127 132 134 160 158 144 154 147 148 151 161 176 182 193 188 147 179 198 183 168 155 169 178 174 204 219 231 232 210 215 218 232 232 217 196 179 183 194 194 194 200 208 210 209 215 217 208 197 187 180 177 161 153 149 139 131 99 78 83 135 177 174 160 123 81 83 104 131 150 145 140 136 143 149 140 133 136 149 144 136 130 
98 56 71 78 52 49 57 31 41 70 81 86 107 152 161 151 145 143 147 132 138 142 170 171 148 158 154 149 156 152 157 163 176 176 131 174 193 185 161 159 172 178 176 202 217 235 226 200 221 227 236 235 222 194 192 189 190 198 197 198 201 204 214 225 222 211 200 197 191 175 148 144 138 150 121 117 102 93 126 179 181 162 123 72 73 97 133 156 153 140 142 156 148 136 130 142 143 140 137 136 
55 27 55 82 68 61 47 28 63 80 105 145 157 154 147 150 155 156 162 162 167 163 186 191 169 158 169 161 149 150 165 156 162 170 110 146 186 180 157 169 157 170 184 193 219 229 206 203 223 232 240 239 214 197 197 175 195 201 194 187 189 198 213 220 213 199 191 194 193 187 177 160 140 141 135 108 121 115 119 164 178 169 126 77 68 109 148 163 162 151 144 151 147 124 130 142 137 139 144 146 
63 27 49 82 64 47 29 51 76 115 159 167 160 157 155 156 154 160 176 193 204 194 208 216 180 168 164 158 148 161 157 147 159 163 101 118 178 185 150 161 181 168 175 189 217 220 189 204 227 232 237 232 216 207 194 189 202 205 190 187 183 195 213 214 208 208 208 201 200 195 190 179 153 144 142 136 121 112 113 145 174 168 132 83 65 111 157 162 161 151 153 140 126 113 128 135 138 147 150 148 
58 25 50 73 62 35 28 57 111 164 166 169 166 164 161 175 177 177 178 195 212 205 222 224 206 175 161 165 149 152 155 154 147 165 119 99 158 160 162 169 192 172 180 187 218 208 185 208 220 227 233 233 235 223 199 192 202 207 186 186 183 195 216 226 221 210 201 198 203 198 192 184 163 141 127 132 128 102 104 120 146 154 141 96 74 106 146 157 148 135 144 134 95 101 122 125 118 129 133 132 
53 23 50 78 68 46 40 103 167 171 178 178 172 170 171 182 183 191 189 193 200 198 206 214 209 191 173 176 169 158 163 166 156 157 135 87 134 154 159 192 182 170 177 191 215 199 184 212 213 228 236 239 238 236 219 216 216 206 191 185 193 190 194 205 203 196 199 205 210 205 199 188 175 157 140 136 129 108 99 102 116 123 127 101 84 109 123 133 136 124 122 106 100 94 95 96 94 97 100 112 
57 24 45 78 64 59 90 162 177 182 183 178 180 184 192 191 189 200 202 197 207 204 202 197 204 187 170 164 173 155 161 166 155 145 141 102 149 167 172 198 180 158 165 199 211 186 174 199 219 227 239 245 243 240 239 228 216 216 200 191 194 191 194 195 197 197 212 210 208 203 196 192 188 184 168 160 151 134 127 120 123 129 123 101 92 107 119 120 128 121 111 104 95 96 95 84 78 70 65 71 
67 34 33 77 68 66 150 178 183 186 185 184 188 188 203 189 197 207 213 205 212 208 209 202 200 195 178 170 169 154 159 162 166 144 132 109 142 172 190 198 192 149 164 204 200 187 192 190 214 227 239 244 240 237 233 223 217 222 209 196 194 198 197 196 200 202 206 210 206 204 200 192 191 185 177 173 162 157 157 154 143 130 114 110 108 110 112 116 120 119 115 98 97 91 96 80 61 55 53 60 
64 52 32 45 65 112 185 186 187 190 193 188 192 194 210 188 201 211 218 213 212 204 218 211 202 200 185 175 148 153 163 164 163 146 126 104 138 181 197 210 197 158 177 207 190 185 204 204 205 225 238 244 246 240 221 201 209 214 201 192 193 194 203 207 206 200 204 211 204 197 194 187 188 184 183 181 175 170 163 141 122 113 108 111 110 100 93 95 103 108 97 86 91 77 67 53 70 99 103 116 
92 74 48 36 59 167 190 185 190 194 195 191 196 199 214 203 199 213 219 227 205 200 219 209 198 206 196 185 152 156 165 159 149 145 123 93 116 181 196 215 199 171 179 201 190 196 193 200 205 223 236 236 238 232 211 182 179 190 189 192 199 203 206 208 207 212 214 203 195 191 183 182 181 187 187 181 173 167 159 143 123 104 96 97 96 77 61 64 76 77 77 73 72 64 77 92 123 146 145 142 
85 66 54 45 69 169 184 184 187 194 198 193 195 203 212 203 197 205 215 225 201 209 222 209 207 211 209 195 131 158 170 164 144 151 141 110 116 177 203 211 201 175 187 192 190 199 207 203 207 214 228 232 226 219 194 172 175 194 196 195 206 207 207 213 219 217 209 201 195 195 194 187 190 195 198 190 179 172 160 147 131 114 95 82 78 74 81 82 80 85 84 73 81 110 142 144 149 154 147 147 
63 46 44 50 67 149 177 182 183 192 195 199 194 204 210 197 196 204 206 210 198 205 204 200 215 212 218 181 124 162 184 178 158 150 155 137 125 186 214 213 188 182 185 190 189 191 194 201 195 202 215 225 216 206 178 152 165 183 181 191 201 202 204 218 223 213 202 194 204 208 191 178 172 172 181 180 183 174 151 129 118 104 90 90 85 103 115 133 126 135 128 112 124 157 160 153 148 149 144 139 
98 59 47 47 67 125 169 179 182 181 187 196 192 200 204 190 185 191 203 198 189 188 152 191 190 195 185 138 123 161 200 182 160 159 156 142 128 188 211 201 179 187 185 184 192 199 196 189 207 187 205 220 221 202 179 147 157 180 179 177 186 200 212 217 218 202 192 179 186 178 173 169 170 176 185 154 150 174 166 145 127 118 131 107 92 123 154 155 160 157 143 123 130 148 145 136 143 141 134 134 
66 73 63 41 44 87 146 175 176 181 186 188 183 189 194 194 199 192 195 207 189 196 160 159 151 159 149 114 133 167 193 188 164 156 163 152 128 181 200 185 196 193 187 176 188 205 199 184 189 194 211 227 224 204 165 147 170 187 189 187 194 205 204 209 207 195 184 183 195 194 186 179 169 181 180 153 139 131 147 148 167 170 151 95 101 140 167 164 171 160 147 134 128 139 138 140 139 133 129 128 
128 124 126 79 40 63 90 153 174 174 189 197 190 195 205 210 209 195 190 198 174 174 164 136 116 111 107 110 149 173 180 197 185 169 163 145 133 177 187 195 210 193 187 168 181 191 194 184 180 191 218 225 222 205 172 147 174 178 179 193 201 205 198 185 176 177 169 183 198 203 186 165 158 171 154 143 138 126 137 181 182 173 136 86 104 152 166 173 168 151 145 144 128 120 124 132 137 129 123 128 
125 128 131 128 94 52 63 96 143 178 183 190 195 201 204 203 200 193 195 197 172 175 164 142 125 116 123 138 171 172 183 192 187 170 146 136 155 177 194 200 208 191 188 176 193 191 182 173 175 187 205 213 213 200 173 159 172 177 183 194 197 200 180 166 167 167 178 177 168 176 170 163 162 158 147 134 134 105 149 165 171 167 131 84 99 144 171 165 158 148 145 152 137 120 128 124 123 119 113 121 
74 77 82 83 88 72 54 63 76 139 171 183 190 191 189 197 199 189 182 194 181 194 187 161 138 137 152 165 176 179 176 179 183 153 133 145 174 188 198 198 203 187 195 187 190 180 180 170 177 199 211 186 192 180 169 170 180 182 195 200 187 191 181 172 167 168 182 184 192 184 172 170 159 155 159 135 106 125 160 164 166 160 129 103 100 144 159 153 146 145 139 142 146 111 124 129 124 116 99 105 
119 116 114 114 112 106 107 57 46 74 79 94 122 160 165 182 188 177 187 185 176 183 161 142 128 132 149 167 170 168 158 162 160 141 155 167 188 187 192 185 187 186 185 186 182 182 177 170 187 207 216 183 161 171 160 180 182 183 192 190 182 188 178 173 160 158 172 180 179 171 175 189 183 162 157 130 126 160 167 164 156 149 133 99 92 125 145 152 137 134 129 131 135 121 112 127 116 115 97 89 
136 139 140 139 140 144 141 129 56 62 61 51 79 124 120 111 124 132 166 166 167 151 141 141 139 139 164 168 172 156 155 162 148 145 170 183 184 173 181 171 172 176 177 188 179 182 183 186 195 203 211 188 159 158 162 186 183 187 199 199 186 186 171 175 162 151 164 176 171 174 172 186 183 166 144 123 145 170 166 158 153 144 123 93 83 113 132 144 142 135 125 118 126 110 102 122 111 99 85 69 
86 85 88 88 90 95 100 96 93 72 61 67 78 78 115 102 101 113 147 125 129 125 134 149 143 134 160 162 159 151 155 149 144 153 166 176 173 162 167 157 165 164 169 189 174 170 184 184 196 194 197 179 171 169 174 182 182 184 199 204 197 193 160 177 170 151 168 174 171 167 179 180 181 162 130 118 148 160 156 149 143 131 115 89 85 117 130 128 136 128 116 116 120 105 92 110 101 87 74 63 
138 140 138 133 133 127 127 127 127 127 97 100 85 63 80 107 103 100 132 105 117 131 145 142 135 132 142 148 143 137 140 132 139 146 157 167 163 151 156 149 149 153 163 176 168 174 174 174 195 179 172 171 175 174 191 181 176 195 203 203 198 196 166 176 173 154 163 185 165 170 183 185 174 161 138 117 144 154 143 140 130 125 121 91 83 112 122 107 120 120 109 120 109 96 76 95 79 71 66 56 
107 111 112 115 116 117 119 123 124 125 126 112 101 83 61 77 112 101 118 84 93 117 130 128 143 145 148 133 146 131 121 120 128 134 140 148 138 141 137 141 137 136 141 165 163 164 171 178 191 166 165 176 183 180 189 177 182 206 202 191 195 200 173 178 174 164 159 186 174 166 188 196 179 151 145 131 146 148 133 129 118 122 127 90 82 127 122 95 105 103 102 109 94 65 68 82 71 59 52 44 
62 60 63 61 63 65 66 68 71 76 75 71 79 81 68 52 80 107 110 78 85 98 109 95 128 143 153 133 136 116 105 98 117 119 122 115 94 120 127 130 121 114 119 149 161 167 165 178 172 162 166 188 187 184 180 184 185 203 201 192 190 191 175 180 173 159 170 185 179 165 187 198 182 147 136 135 150 147 128 113 109 107 111 87 85 124 108 92 93 87 88 90 72 54 71 66 54 48 44 40 
129 127 126 122 121 116 112 109 108 108 102 80 66 75 73 58 48 88 114 83 86 91 88 71 119 126 152 134 120 104 105 76 108 103 94 99 66 78 104 118 114 109 113 138 150 153 157 173 157 160 192 192 193 185 172 187 186 192 198 192 189 175 174 186 169 161 178 189 185 167 180 198 173 152 140 142 147 144 116 103 102 103 103 74 91 104 84 85 74 79 79 74 61 60 68 62 52 45 45 45 
144 144 145 144 145 143 143 146 148 150 149 137 86 95 114 83 60 55 100 91 80 79 79 75 108 122 156 133 94 87 92 66 81 101 88 93 94 66 92 97 108 104 116 145 136 147 159 164 163 179 199 193 194 183 175 182 180 181 193 189 185 174 179 186 167 166 183 189 187 174 168 192 158 141 142 149 142 136 101 97 98 101 87 67 81 80 74 62 70 82 87 88 82 77 72 65 58 53 40 40 
143 144 143 141 142 143 145 145 145 148 149 150 93 103 151 120 79 62 59 84 89 71 72 60 103 110 158 141 73 82 67 65 62 90 88 93 98 84 61 77 88 94 105 139 126 134 149 147 160 168 179 188 187 174 181 169 175 173 182 185 176 175 187 176 154 167 182 186 184 176 155 161 155 128 135 138 132 113 92 86 94 97 75 67 74 70 74 91 92 101 105 94 83 80 76 68 58 52 48 42 
144 145 145 145 144 150 147 148 146 145 147 150 83 108 154 150 120 76 63 45 94 82 69 86 97 97 157 143 75 88 67 57 57 69 103 91 92 87 59 61 71 88 97 121 126 123 129 141 144 149 148 168 164 151 172 161 166 163 169 172 174 172 187 167 141 162 169 176 172 168 142 121 140 112 113 113 106 90 77 81 91 81 64 66 83 101 113 120 109 105 107 100 90 83 78 75 66 65 57 50 
144 144 141 142 143 144 145 147 146 146 146 147 80 110 151 153 148 126 95 43 56 89 77 68 87 96 147 136 61 93 74 60 56 52 94 88 96 91 76 50 69 84 82 82 109 94 116 121 120 123 126 143 135 131 160 145 151 152 159 170 163 155 168 144 118 144 157 153 150 156 118 91 107 102 90 88 79 75 65 74 85 81 87 96 109 128 128 119 111 114 114 105 95 86 82 85 79 72 66 54 
141 140 141 142 141 143 145 147 147 148 148 147 70 115 149 148 151 158 134 78 50 56 88 76 67 102 162 150 69 86 75 77 62 50 81 84 91 96 93 64 54 76 90 57 77 70 75 77 84 101 97 111 109 116 139 128 135 138 143 159 133 126 137 106 97 120 125 123 113 122 95 73 81 86 88 82 79 75 90 104 106 111 106 109 115 122 129 123 117 106 117 117 103 97 91 87 80 79 74 72 
108 109 110 108 109 110 112 116 114 116 120 122 63 109 130 133 142 141 142 125 61 42 60 83 75 103 157 154 81 93 78 83 76 53 94 91 88 92 93 80 46 71 93 63 64 64 64 69 59 69 66 77 86 96 111 114 112 113 116 127 104 97 98 90 92 103 92 93 94 95 101 96 87 75 88 103 118 124 120 117 119 120 114 118 127 115 127 131 129 124 119 123 111 101 94 89 82 80 81 78 
95 97 93 91 86 88 87 90 85 87 88 93 59 78 93 96 97 94 97 102 91 56 40 66 88 93 150 153 79 101 78 77 103 55 91 108 84 96 89 82 55 56 95 81 54 75 63 78 64 52 66 68 69 80 84 99 97 86 91 98 90 96 98 100 101 103 102 92 102 107 127 124 120 106 106 119 124 126 123 119 118 113 117 120 131 128 132 133 139 133 118 122 114 103 93 95 82 77 72 74 
143 144 142 142 143 143 146 146 143 140 139 136 62 111 128 127 120 118 111 112 110 101 56 39 81 97 143 151 75 98 84 65 119 64 87 110 80 97 89 83 46 48 85 83 50 84 65 81 61 55 63 61 65 67 73 85 89 80 84 85 93 96 99 108 115 113 115 112 124 132 132 125 123 120 113 121 125 122 116 117 118 113 117 115 121 136 138 141 138 136 120 119 117 102 94 98 88 83 75 76 
140 144 144 142 143 149 147 143 146 146 148 142 61 135 146 150 158 153 151 151 153 150 119 55 47 95 143 141 68 96 83 62 108 93 93 107 85 93 90 79 48 57 85 88 44 63 69 73 68 50 51 45 49 47 56 68 83 73 83 81 86 95 94 98 106 114 118 122 119 134 129 124 119 124 114 122 124 117 110 112 118 114 119 113 115 130 136 142 137 132 125 116 113 94 91 101 84 78 74 68 
142 148 141 142 142 143 143 145 147 146 150 140 59 129 149 150 153 154 161 154 153 154 154 110 54 89 143 154 73 90 90 62 92 122 87 101 94 88 91 78 47 56 87 96 50 53 72 71 71 55 49 59 65 64 63 73 98 104 100 92 84 91 87 91 97 115 115 115 112 121 121 122 121 126 115 122 123 110 110 114 122 115 108 109 115 126 136 137 137 129 125 116 113 99 95 103 90 85 77 67 
143 143 144 145 143 144 147 147 147 149 150 139 60 133 149 149 151 151 152 152 152 155 154 149 112 93 141 158 84 83 88 60 72 131 98 106 86 89 99 73 51 64 78 98 69 48 66 63 65 53 45 53 70 65 64 67 89 117 102 89 78 76 76 81 92 104 99 105 107 113 114 121 116 114 110 114 114 119 116 112 116 114 104 112 121 124 132 141 136 128 110 113 110 102 108 98 89 82 79 74 
140 141 140 144 143 146 144 144 145 148 147 134 59 134 150 152 150 149 150 151 150 152 151 151 153 136 136 150 89 101 85 64 65 130 123 103 86 87 94 68 41 71 71 91 72 47 72 59 76 60 52 47 66 65 64 66 74 115 97 66 63 64 64 66 75 86 81 91 97 98 106 102 100 105 110 112 118 119 119 108 107 111 111 119 125 128 133 141 134 127 106 106 106 100 108 95 84 78 78 77 
127 130 130 133 134 134 138 142 142 144 146 134 62 137 150 151 152 148 147 151 151 153 149 149 151 140 141 146 80 106 91 67 69 132 120 109 98 87 90 76 43 74 69 87 83 45 66 57 79 63 51 54 54 66 65 62 71 105 72 48 48 53 52 59 67 79 64 81 85 84 81 81 84 87 97 108 111 114 116 108 98 112 118 117 122 123 131 130 129 121 102 103 98 95 103 87 70 69 74 79 
95 95 96 98 100 103 104 105 109 109 110 100 62 106 121 127 123 127 127 129 136 139 140 138 139 124 152 146 66 111 94 77 71 129 121 121 99 97 90 87 59 76 79 81 94 50 69 79 80 65 45 63 46 65 61 65 64 78 53 49 45 47 48 55 54 54 49 73 75 70 68 70 70 67 87 84 95 101 99 94 92 111 122 114 118 120 123 124 113 112 97 99 89 82 88 77 62 60 66 73 
116 110 113 109 101 97 96 96 101 91 92 82 61 90 92 92 94 97 102 102 103 99 99 98 100 109 146 139 75 114 99 71 66 134 138 124 100 87 89 88 65 71 80 82 92 64 65 96 88 70 48 65 48 63 65 63 60 56 50 39 41 40 41 48 42 39 33 58 68 61 55 63 60 57 65 71 77 89 79 80 81 97 113 113 114 114 113 108 96 86 81 84 78 63 67 60 49 49 54 56 
139 139 141 141 142 141 143 147 146 147 147 116 70 142 152 147 145 148 139 139 137 134 131 127 119 114 152 137 83 121 95 68 65 128 129 120 103 92 89 97 72 70 87 89 86 64 64 88 95 74 56 58 51 51 51 51 53 44 44 31 33 32 34 36 36 32 27 52 74 59 53 49 47 48 63 53 59 80 66 62 61 79 98 97 97 95 88 93 75 67 63 65 67 60 56 53 51 51 50 47 
139 144 144 144 145 145 143 145 147 150 144 114 70 144 152 159 151 155 154 153 154 153 154 151 155 132 152 132 72 118 99 67 69 116 109 103 101 85 94 95 61 68 90 83 88 67 56 77 82 73 62 59 61 47 48 44 42 39 40 30 28 26 28 26 27 23 23 46 77 62 47 45 43 44 64 46 52 69 58 55 52 63 84 88 83 73 69 73 61 63 60 54 59 63 58 58 56 51 55 53 
140 139 140 143 147 145 148 143 148 153 149 107 72 148 149 150 151 154 154 153 154 154 154 154 154 137 156 153 73 115 99 71 82 107 77 91 108 81 90 94 56 67 80 75 93 50 48 61 63 74 63 48 82 58 62 64 55 43 51 45 41 37 32 33 28 24 22 44 77 65 46 47 43 45 50 48 46 53 49 49 53 52 71 76 72 73 66 73 65 66 67 58 60 65 67 61 56 52 57 55 
137 139 136 142 146 143 142 149 150 151 148 102 75 147 149 148 148 153 156 154 152 149 153 153 152 137 152 142 78 112 96 67 82 107 86 97 118 84 86 98 59 66 76 75 96 70 40 67 64 75 69 48 76 68 55 63 52 49 76 71 63 58 53 49 41 37 34 53 83 67 47 48 45 50 44 46 46 42 48 46 50 46 62 70 69 73 65 74 70 69 69 65 62 64 60 57 58 51 55 54 
143 138 143 140 141 143 143 142 143 149 148 98 80 149 150 160 150 152 151 153 151 152 151 151 151 136 152 137 86 113 97 64 72 102 81 100 104 76 89 95 58 51 75 73 92 67 42 70 68 74 63 46 77 77 57 63 53 68 147 145 138 127 123 116 106 90 57 55 87 70 48 48 48 50 46 46 47 43 44 42 48 42 54 64 67 73 72 73 70 68 64 70 67 73 64 60 53 50 51 50 
121 126 134 134 134 138 138 143 141 147 147 96 88 147 151 151 152 154 151 150 155 152 154 152 152 142 149 112 98 107 91 62 64 88 82 88 115 92 91 103 68 47 65 71 87 67 42 68 61 74 78 47 70 87 62 62 51 68 187 195 189 186 180 173 163 103 59 52 86 74 48 49 48 50 49 49 46 45 45 45 46 43 49 61 67 70 71 69 68 69 67 67 71 67 63 56 54 56 54 53 
98 94 95 96 97 101 111 104 109 109 109 74 79 108 107 106 106 108 112 112 110 106 111 114 118 131 142 91 111 114 88 63 59 88 100 84 92 83 93 95 76 44 64 74 90 66 42 56 51 65 77 50 78 79 55 60 50 56 177 189 186 180 174 170 143 61 56 52 87 76 53 48 50 48 49 48 46 45 46 45 46 41 44 54 70 66 73 67 73 68 65 60 57 62 63 47 51 51 51 46 
114 113 110 102 98 97 97 91 98 94 86 68 73 95 90 93 93 95 96 97 98 95 99 98 110 154 139 83 115 116 81 63 64 84 91 86 86 86 100 98 83 46 51 73 86 67 42 57 43 65 75 53 68 70 58 57 51 46 166 185 184 178 176 167 77 62 58 51 90 84 54 48 50 48 47 49 45 44 45 44 45 43 39 49 71 73 71 67 75 68 71 66 68 70 65 53 50 47 49 38 
139 140 138 140 142 141 146 142 146 145 145 80 103 149 148 147 148 154 153 153 150 159 151 150 145 155 130 75 116 112 84 59 67 84 89 78 86 79 100 100 88 62 46 74 88 77 49 58 46 69 76 54 56 51 70 43 36 41 159 187 182 180 180 127 62 61 57 47 88 86 53 48 49 50 48 49 49 48 46 43 44 39 38 51 63 66 64 60 72 70 68 67 69 69 68 56 47 55 53 53 
144 140 139 140 142 142 142 143 146 145 142 77 103 150 148 151 147 149 155 154 154 155 152 155 145 151 113 82 118 110 83 55 71 89 89 80 94 84 100 98 91 73 50 66 97 71 44 58 49 65 73 57 51 50 61 48 50 40 161 184 181 179 155 72 59 59 53 47 90 89 54 49 48 48 47 49 47 48 45 45 43 39 38 47 64 63 69 63 66 67 65 63 61 70 64 66 53 49 53 56 
138 141 138 137 140 143 142 142 144 147 146 69 107 150 152 150 151 154 152 153 166 153 152 149 153 150 98 96 121 104 78 60 75 85 85 81 94 86 99 104 89 81 50 56 92 67 41 66 53 61 77 62 48 55 62 47 55 41 151 183 185 180 89 61 58 55 50 48 87 90 57 50 51 49 48 49 48 48 46 46 44 38 34 47 69 62 69 62 62 64 65 65 62 69 63 61 58 51 45 46 
139 143 140 136 150 144 140 142 148 150 142 67 111 149 150 148 149 148 149 149 153 153 155 147 155 141 72 108 116 95 71 60 108 96 82 93 94 84 93 99 84 76 51 57 91 100 48 61 59 67 78 62 48 52 52 46 52 39 139 185 186 157 59 56 54 55 55 49 85 89 57 51 51 49 48 50 47 47 46 46 44 38 35 52 69 65 68 66 65 73 65 71 59 65 66 62 61 54 52 47 
142 140 139 140 141 141 142 146 145 148 144 64 112 145 149 148 151 157 149 150 153 150 153 142 149 126 64 108 116 100 72 67 113 83 81 121 99 86 91 97 77 53 41 72 89 91 49 61 56 61 79 57 50 55 52 49 55 49 160 183 187 100 53 53 57 63 61 50 82 86 59 53 51 50 49 52 49 48 46 45 43 39 37 48 69 71 74 67 73 76 65 74 57 62 70 66 69 56 50 36 
127 126 130 136 133 136 138 144 148 144 144 61 115 146 149 146 148 147 147 149 150 154 148 146 147 98 73 111 123 101 69 84 115 81 90 122 102 84 85 92 75 40 48 74 96 71 48 63 47 61 79 56 44 53 52 49 55 49 154 185 163 61 58 59 61 68 57 48 84 87 58 52 50 51 49 49 47 47 46 44 44 39 36 43 67 68 66 68 67 71 62 65 61 67 64 55 61 56 54 152 
