77 76 75 78 75 79 76 75 74 70 68 62 60 42 41 42 45 48 47 50 50 58 57 58 57 41 37 32 30 29 39 31 32 26 23 17 25 32 28 24 29 33 38 52 69 69 65 66 61 65 68 71 60 30 33 38 37 28 126 68 42 139 126 116 31 32 71 67 61 36 26 58 184 146 109 110 37 43 36 36 34 33 30 26 27 25 17 15 14 14 16 14 13 12 16 18 17 27 45 49 
79 77 78 77 78 78 77 74 72 65 57 50 47 39 39 39 38 41 44 43 41 46 48 43 39 31 26 22 22 22 27 23 31 31 20 19 25 26 25 21 21 24 29 40 58 63 62 63 59 48 57 54 22 18 34 34 30 27 105 95 32 172 178 182 66 32 84 87 83 47 34 36 178 168 90 126 40 43 44 37 34 26 25 20 23 19 18 17 16 15 18 13 15 18 13 15 17 22 39 34 
76 76 78 76 77 78 75 74 71 61 43 33 31 38 36 35 34 34 37 38 36 34 35 33 29 26 28 35 50 37 42 59 67 53 65 53 41 37 32 24 21 21 25 29 41 47 50 50 40 28 35 21 17 18 31 27 30 29 84 125 25 163 180 184 98 29 80 96 98 65 46 22 164 181 84 145 43 34 30 23 19 23 26 26 26 22 20 14 14 18 15 14 12 15 15 18 14 19 31 41 
73 73 72 72 74 75 73 72 71 65 38 26 26 36 36 35 34 33 34 36 36 39 45 48 64 42 63 80 89 84 95 107 105 114 138 130 121 98 69 34 22 21 26 24 25 32 32 29 27 19 21 17 17 17 29 25 34 30 66 136 21 149 180 182 124 28 68 99 99 81 41 21 139 187 94 158 38 46 33 20 22 25 24 29 24 21 21 16 15 15 16 13 17 14 15 18 14 22 34 30 
68 72 74 73 71 72 69 72 70 70 54 41 33 33 35 37 36 35 37 46 70 77 86 92 73 73 75 88 88 90 107 113 121 154 170 180 172 157 116 52 35 25 27 26 26 32 32 27 26 20 17 18 15 14 22 27 39 30 42 137 40 129 181 182 151 33 66 101 101 89 54 28 109 188 118 142 60 41 29 19 22 22 23 22 24 25 23 19 14 14 15 13 13 13 17 14 15 31 54 28 
66 69 71 68 67 71 90 111 115 120 125 127 126 111 99 80 75 55 42 72 83 95 103 94 91 75 55 88 98 78 90 121 135 158 177 188 186 175 156 120 69 61 63 64 85 88 99 63 57 42 38 25 17 18 19 25 39 31 28 136 60 104 183 182 171 37 50 101 99 86 62 33 83 188 143 121 97 31 16 18 22 23 23 25 25 23 19 15 15 14 15 14 14 16 16 17 16 30 53 27 
72 76 73 69 103 142 135 141 148 156 165 169 170 165 164 157 146 90 58 85 90 99 101 86 87 75 98 109 94 102 109 120 135 171 189 193 188 184 183 151 135 127 117 137 146 171 180 137 151 140 142 107 43 30 45 36 47 32 33 74 59 75 180 181 185 48 42 94 94 93 69 43 61 186 167 100 134 31 16 19 22 24 24 24 22 21 21 14 15 14 15 14 16 16 14 14 16 29 44 35 
74 75 76 79 133 133 152 176 181 185 182 181 169 168 161 153 121 77 70 81 78 80 97 99 104 114 108 92 111 137 129 142 171 194 201 202 198 194 190 185 172 165 173 178 184 187 186 180 188 183 183 174 157 132 102 106 93 87 76 36 32 43 172 179 182 79 31 84 96 84 71 51 39 182 183 85 164 42 18 21 23 25 25 25 23 24 25 20 17 15 16 15 18 14 16 19 23 37 48 52 
79 77 78 80 94 118 131 158 163 175 170 171 150 145 146 121 93 92 83 81 108 120 133 138 118 107 109 138 158 161 152 176 200 206 210 207 208 203 196 189 182 198 199 192 196 200 196 195 196 198 198 193 189 185 181 196 185 178 156 117 71 30 129 145 165 107 24 79 82 69 57 53 39 168 187 83 167 52 17 17 22 24 26 27 27 26 22 18 16 12 16 16 20 14 19 18 22 37 55 60 
79 80 78 76 62 77 99 111 122 129 133 137 138 114 108 101 101 101 97 95 117 117 141 122 114 144 166 173 183 168 192 202 209 212 213 210 210 206 199 199 205 211 209 201 210 211 209 210 209 205 209 207 196 194 192 194 190 189 192 187 158 91 94 100 105 81 22 54 61 56 45 46 37 135 188 104 153 72 18 17 22 24 25 30 28 26 22 16 18 15 18 25 20 20 20 20 20 34 56 62 
80 80 79 81 75 64 67 83 100 106 101 118 114 105 104 98 113 126 125 114 122 114 146 135 171 168 172 185 202 201 209 214 217 220 217 212 210 204 199 202 211 212 208 205 211 214 213 213 210 209 210 213 210 206 204 202 197 192 190 199 196 191 180 148 112 68 19 42 57 54 38 44 39 111 186 128 131 103 18 19 23 26 26 28 28 27 28 24 50 58 28 23 24 23 23 20 22 36 57 60 
83 82 82 83 79 68 67 72 67 80 83 77 93 102 98 83 118 124 157 125 115 133 124 163 182 182 185 194 200 205 207 209 215 218 216 211 208 202 200 204 204 208 211 209 213 213 214 214 214 209 210 212 210 211 209 206 205 192 194 202 201 196 198 196 159 82 22 24 46 56 40 41 46 89 188 151 110 128 13 18 20 26 24 27 29 32 80 134 176 158 139 78 29 29 24 22 24 43 55 60 
80 79 81 83 82 71 68 68 69 69 63 76 102 103 97 100 106 166 188 180 101 129 150 175 199 199 197 200 196 200 201 203 209 214 217 214 210 205 207 212 208 208 211 211 212 211 215 217 216 212 210 209 209 210 213 216 212 202 198 199 201 202 204 198 188 154 94 42 33 40 31 43 55 108 183 173 90 155 19 18 22 27 28 28 36 113 183 184 173 173 168 151 111 32 24 29 29 35 59 58 
83 82 83 84 84 75 67 70 70 68 59 66 94 96 87 142 150 205 205 169 116 123 134 157 203 211 206 202 192 199 201 203 203 209 215 213 214 214 213 213 210 210 211 213 213 212 216 217 215 213 213 213 211 212 213 217 213 207 203 203 206 209 203 204 194 189 185 139 59 29 27 39 59 128 180 189 82 166 25 18 24 24 25 29 88 174 181 176 186 191 197 194 176 57 22 35 51 51 63 60 
84 87 86 87 83 81 67 70 70 69 63 49 89 140 147 164 189 168 113 100 114 143 148 184 209 210 204 193 197 203 199 197 199 205 213 214 214 214 216 214 211 211 214 215 214 213 217 215 213 215 215 210 211 212 214 215 210 205 204 205 207 207 201 200 204 196 198 194 154 84 42 45 57 108 170 187 91 157 39 25 22 26 32 88 171 182 177 189 197 203 202 202 185 86 60 53 44 36 36 56 
86 89 87 88 86 85 68 70 69 68 69 62 106 147 170 162 174 179 141 94 98 149 184 203 210 205 188 181 190 182 180 181 187 199 210 212 216 218 216 213 213 213 215 217 215 214 216 216 213 216 213 210 215 215 216 212 204 207 203 203 203 202 205 206 198 198 193 190 179 128 69 49 52 86 118 121 93 92 70 74 86 114 159 197 193 181 183 190 197 196 194 196 155 77 57 45 55 46 37 45 
90 90 87 86 85 87 69 68 70 73 65 48 89 113 140 135 139 135 107 85 84 78 149 196 198 184 192 194 178 172 172 179 182 200 213 214 215 216 215 212 212 211 217 217 217 216 217 217 216 213 215 212 217 217 214 211 209 206 205 203 198 196 195 199 199 202 196 193 200 195 139 72 120 182 191 192 194 196 198 200 198 199 200 204 193 184 193 192 202 201 200 199 179 74 66 50 42 40 46 48 
89 91 87 87 86 90 66 64 71 71 65 60 127 145 144 132 123 114 85 83 92 127 132 117 157 163 195 198 190 179 181 183 189 205 216 217 217 214 215 212 213 215 214 217 217 214 212 213 216 216 211 215 215 219 214 210 210 208 204 203 203 208 205 203 206 202 198 195 193 191 195 153 101 160 191 199 202 201 205 206 204 201 192 179 178 194 203 199 198 201 205 198 89 58 63 37 37 33 29 33 
90 92 89 90 90 89 64 63 68 70 68 60 81 141 173 170 167 168 108 74 93 96 132 165 194 180 179 186 200 197 193 190 198 210 218 216 214 211 212 211 212 214 215 217 220 220 217 214 217 214 217 218 215 215 210 208 210 210 210 209 206 203 197 199 203 207 204 197 195 189 190 178 160 160 178 189 199 203 203 199 194 183 174 168 192 202 206 206 206 204 202 167 62 67 63 35 74 97 31 28 
91 90 91 92 94 92 64 61 67 66 79 64 80 122 132 149 186 151 111 129 128 176 204 213 213 206 198 186 193 197 196 194 200 213 216 214 210 209 211 210 212 215 217 218 221 221 217 215 216 216 222 216 211 208 213 210 211 214 208 211 210 199 203 203 203 203 199 202 206 206 206 193 189 177 175 175 181 185 181 178 181 187 194 200 203 207 207 208 209 209 191 110 64 68 67 42 96 122 36 27 
93 93 96 95 97 96 64 58 81 107 108 102 101 115 111 125 145 119 179 156 128 150 202 213 216 212 207 206 197 192 197 200 209 215 216 217 214 212 210 209 212 215 216 219 218 217 218 217 213 218 220 214 210 209 212 211 213 213 213 208 205 207 212 210 212 206 202 199 203 206 201 197 198 194 190 184 174 176 187 193 198 200 200 202 209 211 211 210 207 205 179 70 59 56 55 47 55 42 38 39 
92 96 94 94 96 89 75 110 122 133 145 146 135 128 115 100 114 106 136 111 111 119 157 193 208 207 205 195 189 191 206 211 213 216 216 218 216 213 211 209 213 218 218 219 217 218 218 214 217 219 218 216 214 212 212 213 216 214 212 210 205 212 213 211 213 208 208 202 204 202 198 195 197 200 200 202 198 198 198 205 206 205 203 203 208 212 210 207 204 190 135 56 56 56 64 63 85 58 50 53 
91 92 92 93 93 95 130 133 149 165 171 170 158 152 130 105 105 110 128 104 90 106 127 136 167 186 188 182 191 166 189 209 209 210 209 212 210 208 209 210 211 216 220 217 216 215 212 216 218 212 210 213 216 215 215 214 218 214 214 213 206 209 211 212 212 212 208 205 206 201 200 200 197 199 204 204 205 204 208 212 211 209 204 202 203 209 208 202 195 180 95 39 52 54 52 53 96 72 41 60 
87 89 91 92 93 99 148 139 141 155 163 165 165 152 149 143 113 104 101 62 70 83 114 118 126 139 151 165 162 163 127 186 197 202 202 206 208 205 205 211 213 213 214 215 215 213 212 215 211 211 211 215 219 217 218 216 217 214 214 212 208 210 210 210 212 212 210 205 203 203 202 202 201 204 207 206 207 211 211 209 206 206 206 204 202 202 200 192 158 84 41 37 43 49 53 60 75 53 46 54 
91 92 92 93 92 93 84 107 115 124 122 122 120 114 112 112 98 92 68 61 47 49 79 89 103 109 109 101 135 100 109 119 146 181 196 204 207 205 205 211 212 211 211 210 207 208 209 208 209 213 212 215 215 213 217 216 213 212 211 212 209 211 211 208 208 209 208 205 204 201 204 206 206 207 207 208 208 210 210 208 207 206 204 202 197 191 170 112 58 33 34 36 36 40 42 42 49 68 59 52 
91 92 90 89 88 89 61 54 52 54 64 63 60 59 61 63 65 61 52 56 64 70 73 75 67 74 87 79 89 118 79 81 127 156 184 197 200 201 204 205 209 209 205 202 201 208 205 205 211 212 211 213 216 215 214 214 213 211 213 212 209 212 214 210 207 207 209 209 210 206 208 211 211 211 210 208 210 209 208 207 207 206 203 196 174 126 64 28 22 20 20 22 23 28 30 27 33 64 37 49 
93 93 92 93 94 90 58 53 53 53 59 57 56 60 53 45 41 35 30 30 30 38 34 38 32 42 68 86 81 113 134 126 155 177 181 190 193 198 200 198 199 201 198 196 198 205 207 208 212 212 214 216 216 216 215 215 214 214 216 214 213 212 212 215 209 207 209 210 212 210 210 213 212 212 212 209 209 208 205 204 205 205 194 166 103 61 26 20 16 16 17 17 16 22 27 22 37 47 42 56 
89 83 89 89 91 86 58 52 51 54 59 57 44 35 31 36 31 27 27 26 25 25 27 31 26 33 39 64 86 97 124 160 169 175 170 184 184 184 181 173 186 194 197 202 202 206 207 208 213 213 213 213 214 214 216 217 216 218 217 216 217 212 210 212 213 210 209 211 215 214 213 213 211 210 208 208 205 204 204 204 201 193 170 124 94 64 42 24 19 14 14 17 20 23 22 20 27 24 30 32 
81 84 89 87 90 88 55 52 50 52 56 30 28 30 27 26 25 25 25 23 23 22 22 26 20 26 22 48 63 69 83 114 131 121 122 125 113 121 115 117 161 187 196 195 166 157 188 198 203 209 211 211 212 215 215 216 218 219 218 217 217 212 210 209 212 212 212 213 216 215 214 212 210 208 204 201 201 201 200 194 190 182 161 124 98 51 24 18 16 14 12 15 23 18 22 19 31 89 36 33 
84 84 88 83 89 83 54 53 48 51 56 48 32 29 31 24 21 24 25 27 24 21 23 23 23 23 22 24 58 80 69 64 67 83 69 48 61 71 72 84 107 127 141 128 108 110 111 131 147 186 203 206 209 211 213 213 215 214 215 214 215 213 213 212 209 215 214 214 215 215 213 209 208 195 187 191 196 192 186 184 187 190 182 157 119 45 26 18 19 18 16 14 16 16 21 25 42 97 30 31 
85 85 88 84 84 86 49 49 48 53 55 56 42 32 31 24 18 19 23 23 22 21 21 21 23 19 25 20 60 84 68 68 70 78 71 47 57 78 69 67 91 88 72 61 61 63 62 78 95 108 156 189 169 183 203 209 212 211 210 211 209 209 209 212 190 185 184 168 145 141 131 112 81 51 47 120 172 174 172 185 186 185 178 171 137 52 31 18 20 20 18 16 16 17 30 30 45 53 37 40 
79 71 81 79 87 85 51 50 48 50 53 56 57 39 30 24 19 17 20 20 22 21 19 18 19 23 23 21 63 73 61 62 67 64 62 41 51 81 72 64 77 75 80 52 52 52 55 53 69 65 94 154 125 105 117 179 198 205 206 198 199 204 146 143 166 129 88 58 42 29 21 18 15 17 15 17 75 119 131 143 163 175 175 175 137 83 33 16 15 17 16 15 15 33 44 29 56 58 36 36 
85 86 85 85 87 82 48 48 47 52 51 56 59 57 33 26 23 20 20 20 19 19 21 19 18 21 21 23 45 68 46 65 58 62 54 45 48 65 57 53 46 75 57 64 49 45 43 39 42 44 55 62 74 67 55 62 87 104 145 161 114 122 81 39 27 41 38 19 18 16 14 13 13 32 68 101 98 82 75 128 173 181 177 172 161 100 51 23 17 16 16 16 19 33 37 20 65 51 39 37 
77 85 85 87 90 79 47 47 45 51 54 55 56 59 46 26 25 26 25 21 20 21 24 20 20 21 17 20 22 49 51 50 62 59 55 51 58 65 52 47 33 39 41 45 50 47 37 42 28 36 45 41 46 49 58 41 41 36 38 48 61 67 49 42 30 16 16 13 12 13 16 20 41 65 114 150 160 162 161 164 173 177 175 165 141 104 83 32 23 19 16 17 24 20 17 17 68 40 41 46 
87 86 88 89 87 79 47 46 45 51 52 55 53 53 45 29 26 24 22 24 25 28 25 23 21 19 20 21 21 25 61 63 65 64 56 55 56 46 47 50 39 36 36 43 48 50 45 47 43 54 65 51 51 44 45 48 43 55 54 69 67 56 49 42 33 30 22 19 22 28 31 39 44 51 65 94 122 146 162 175 178 176 165 156 148 118 87 69 42 26 15 17 18 18 19 19 61 42 43 39 
87 87 87 87 87 83 44 45 46 48 52 52 43 41 41 37 29 26 23 22 23 24 25 25 23 24 21 17 17 19 32 48 66 63 67 75 71 49 38 44 43 44 52 57 54 46 57 39 38 45 57 53 48 59 73 75 67 61 57 61 75 70 59 56 48 52 41 43 36 51 53 54 61 70 72 78 84 98 114 136 149 143 126 109 107 125 121 78 33 22 13 17 20 16 17 20 62 48 33 46 
86 88 86 83 84 81 44 45 45 52 51 42 36 37 44 45 37 30 26 24 23 24 22 23 23 25 18 17 18 19 21 22 38 49 46 54 51 45 39 44 50 47 41 61 57 48 71 68 61 63 69 59 83 76 75 83 79 86 78 73 74 58 51 44 45 55 50 57 61 62 62 62 64 62 60 56 66 68 70 78 89 94 87 83 98 111 112 81 41 21 17 16 24 18 17 15 71 52 30 41 
83 84 81 81 81 74 44 44 44 50 41 38 36 44 46 50 44 36 29 28 23 23 22 22 20 17 17 18 17 17 18 19 21 22 32 37 34 38 35 34 45 40 31 42 32 40 44 59 64 77 80 68 64 72 64 69 70 75 68 64 70 58 52 58 56 62 63 52 56 60 48 58 49 44 43 45 54 48 46 47 54 53 48 50 63 75 76 66 30 15 19 15 26 18 17 12 73 43 34 31 
84 85 85 79 78 71 44 47 44 38 35 36 37 42 41 43 45 48 43 33 29 29 26 22 20 21 22 19 18 16 17 16 17 20 32 32 26 31 27 28 36 36 45 47 49 47 43 46 52 71 66 60 57 54 63 63 83 87 90 77 75 75 70 61 63 50 46 46 44 48 71 70 63 58 60 56 54 40 37 44 39 38 35 40 64 72 54 59 24 15 19 14 25 17 15 13 55 37 40 43 
81 84 78 80 78 69 42 45 43 37 36 36 37 37 39 44 46 44 45 45 38 32 29 25 25 24 26 23 21 18 19 18 17 20 19 21 23 21 21 21 41 41 42 43 28 29 37 46 63 69 62 64 68 60 78 74 78 84 84 73 68 77 70 53 48 47 44 54 61 71 67 66 67 60 61 49 43 34 28 24 20 19 22 39 67 66 55 35 43 61 34 14 24 19 17 15 59 40 41 42 
83 80 83 78 78 68 43 44 37 33 34 37 39 41 42 45 45 45 47 46 47 44 37 32 30 28 26 26 24 23 21 19 20 17 18 22 26 22 30 30 31 40 46 41 32 26 29 32 34 45 67 66 69 71 79 73 74 57 81 66 54 61 61 53 51 46 52 54 48 47 41 47 41 29 31 32 33 31 26 15 15 13 17 25 49 72 89 148 186 180 86 29 19 22 23 18 62 46 36 41 
78 78 80 73 74 65 42 44 36 30 35 38 39 42 43 46 50 49 48 47 47 46 49 43 36 29 29 29 28 26 22 20 20 23 21 32 30 29 39 25 25 31 49 54 44 37 46 51 48 40 56 46 46 38 51 62 49 58 55 51 53 40 46 61 45 34 32 32 25 25 28 31 38 35 36 35 31 25 27 23 18 20 22 25 29 54 124 181 198 195 117 40 27 32 31 19 73 59 29 39 
76 74 74 71 78 66 43 42 40 32 32 32 38 39 41 45 45 45 46 49 49 45 50 51 52 45 34 31 29 27 27 25 22 23 25 23 25 24 28 29 25 31 53 50 52 44 39 46 40 48 64 81 68 61 59 65 70 59 60 54 49 33 39 44 34 35 46 37 34 36 36 31 26 31 36 31 33 25 28 23 27 25 26 27 29 31 55 95 161 190 157 46 25 32 29 17 93 73 25 39 
74 75 75 74 76 65 42 44 40 35 34 34 33 37 42 49 48 47 49 49 50 50 48 49 45 42 46 47 40 38 36 36 30 29 23 26 24 22 28 29 26 21 53 60 51 56 40 25 20 23 31 42 57 64 48 45 44 45 44 35 40 45 41 48 36 33 33 26 22 25 25 19 23 29 28 29 32 31 25 23 24 21 22 27 32 38 58 97 158 187 171 57 28 29 34 14 97 90 26 42 
72 72 75 75 71 60 42 44 36 33 33 36 36 41 46 49 50 53 50 47 46 47 42 41 48 51 49 47 49 49 41 40 37 42 39 30 23 27 33 37 42 31 35 44 34 43 45 45 39 29 25 25 24 29 42 49 45 48 55 51 51 42 32 23 17 16 17 17 15 18 25 30 29 30 23 29 34 39 29 19 17 18 20 26 31 37 55 99 138 165 142 41 33 30 30 14 26 52 28 32 
76 76 78 78 72 61 42 43 36 34 34 37 39 44 47 51 50 49 50 48 39 40 46 46 46 46 50 54 49 43 31 27 26 35 49 40 24 26 25 34 82 38 24 47 42 23 20 29 39 50 51 38 43 36 31 39 41 40 36 41 42 36 38 37 28 18 19 17 17 23 37 41 36 32 35 39 34 32 31 31 26 20 21 26 29 34 39 51 79 127 101 36 26 31 31 25 23 31 28 26 
74 72 77 76 75 60 41 42 35 35 39 40 43 45 48 49 49 46 39 42 48 47 47 50 55 51 50 42 34 50 64 29 38 38 48 55 34 34 40 53 78 41 31 27 39 29 22 18 26 38 47 35 42 45 39 28 28 28 33 39 34 34 43 41 43 38 35 30 30 35 36 33 35 31 30 27 21 25 22 19 19 18 19 23 27 26 35 52 76 102 78 32 18 22 21 15 30 79 32 21 
77 75 75 74 75 66 39 41 34 37 40 42 41 45 47 46 45 45 50 49 49 52 52 52 41 22 27 29 35 76 103 38 36 38 48 49 42 51 49 59 90 44 32 26 34 35 37 40 33 28 28 21 26 33 40 49 25 35 26 27 25 33 31 32 34 39 34 29 30 25 25 24 23 18 18 16 18 19 22 19 15 15 18 18 23 26 38 51 65 83 72 31 17 24 20 14 32 131 46 25 
75 73 75 71 72 69 38 40 35 39 42 46 47 48 48 46 47 49 48 49 48 49 40 40 37 22 27 28 29 49 98 56 81 92 94 87 54 25 25 25 63 62 40 39 28 33 43 50 37 24 17 16 18 27 30 27 25 23 25 32 35 38 35 33 28 24 19 26 20 23 24 27 25 17 20 19 22 26 25 21 18 22 22 22 27 33 69 106 110 108 90 46 19 23 20 22 24 77 33 57 
77 75 75 72 75 71 43 36 37 41 44 46 44 45 43 43 42 39 40 41 40 37 37 40 43 40 36 36 36 37 55 34 46 44 39 37 30 31 32 32 34 34 33 39 33 27 31 36 35 48 28 17 27 32 37 34 34 42 42 53 52 40 43 30 26 18 19 16 14 13 17 16 16 15 19 20 20 20 22 21 17 20 24 37 81 109 134 143 141 124 76 29 20 29 24 22 25 70 25 42 
73 71 72 71 72 71 57 37 39 39 37 36 35 40 39 39 39 38 46 42 42 37 38 40 43 42 44 44 44 46 46 43 41 40 38 40 39 38 37 37 37 37 37 36 36 29 31 35 26 28 38 30 37 52 40 43 44 51 41 44 34 29 27 22 20 19 19 17 22 21 19 21 21 18 16 16 15 17 19 21 22 25 31 77 141 154 131 99 120 120 72 25 26 24 23 24 23 55 24 48 
71 71 70 66 70 65 61 39 36 36 37 41 42 42 38 36 39 35 33 43 41 43 46 47 48 48 49 50 50 48 45 45 43 43 43 44 44 45 42 42 43 44 45 45 46 46 29 27 33 27 23 37 27 46 39 39 39 39 35 33 21 17 19 17 27 34 33 32 28 22 17 18 16 17 20 18 16 19 18 19 25 39 99 149 178 153 112 117 108 81 36 19 26 18 21 24 27 45 36 51 
71 70 69 68 70 67 69 59 40 37 35 34 33 32 33 31 31 40 45 44 46 47 48 49 50 51 51 53 53 52 51 48 49 50 51 52 52 52 54 54 53 53 55 53 52 53 45 27 37 38 34 41 30 34 29 24 18 21 27 28 26 16 23 24 25 33 27 28 27 20 16 11 13 19 22 19 18 18 23 24 28 71 146 185 188 180 157 125 93 80 25 22 28 20 24 29 28 60 45 38 
63 63 62 57 54 52 55 62 53 38 33 27 18 26 27 32 43 45 46 50 51 51 50 52 54 55 52 50 50 52 52 54 55 55 56 57 57 58 61 60 61 61 61 61 59 56 57 49 29 29 29 29 37 40 33 22 16 16 28 31 32 28 22 23 24 18 23 24 26 18 17 14 19 25 25 18 19 21 27 39 79 145 186 194 189 174 145 111 66 71 28 21 25 20 22 28 25 78 46 31 
61 61 63 64 60 62 67 68 71 73 65 21 8 20 29 39 44 47 51 54 53 54 54 53 53 51 53 51 54 55 58 60 60 61 62 62 60 59 61 63 61 62 65 65 63 61 65 66 61 27 33 32 33 32 33 31 33 29 26 27 26 23 16 16 14 17 20 23 21 21 17 25 22 25 22 19 19 24 34 75 151 189 198 197 192 167 104 71 62 46 20 23 22 19 23 27 23 81 51 25 
68 70 71 70 67 61 56 54 59 57 54 13 10 19 22 41 45 50 52 53 52 53 53 52 51 54 55 59 61 62 65 66 62 61 62 62 63 64 65 66 66 62 67 64 62 60 69 63 67 57 31 31 26 20 23 19 28 28 32 25 21 14 12 12 14 17 19 22 24 22 18 20 21 24 23 29 31 35 52 96 173 195 198 195 191 166 98 47 44 29 13 17 16 18 25 28 26 57 40 46 
70 68 67 64 55 35 23 19 21 18 17 10 9 9 17 35 44 51 52 52 51 51 51 52 55 58 62 67 65 60 61 62 63 67 64 62 61 63 64 64 62 64 67 62 59 62 67 62 65 62 55 29 26 23 24 30 25 16 18 19 20 20 19 20 25 24 26 26 22 25 22 23 24 28 35 36 42 54 85 152 187 198 199 198 194 169 87 36 29 17 12 15 17 21 27 33 31 45 48 59 
71 67 64 38 21 10 8 7 8 8 8 9 11 11 12 29 50 53 51 49 51 52 57 57 62 62 62 54 52 58 61 60 61 64 63 62 63 62 61 61 59 68 62 59 57 62 63 61 63 59 57 54 34 22 24 25 20 12 11 13 17 21 23 25 26 23 22 23 24 26 28 31 30 31 39 43 52 84 153 186 193 201 203 199 194 182 101 23 17 12 12 15 19 25 30 34 35 35 43 54 
68 65 41 11 9 8 8 8 8 8 9 10 10 10 9 40 49 50 49 50 52 57 61 60 60 49 50 57 56 58 58 60 63 65 62 63 63 63 60 59 64 66 60 62 59 62 62 60 62 62 63 59 51 46 39 28 30 23 23 19 22 24 25 27 29 24 22 22 24 27 32 32 39 42 38 43 64 125 179 190 199 202 202 198 193 187 147 30 14 11 12 15 21 26 29 32 30 30 42 40 
67 52 15 9 9 8 8 9 9 8 9 10 9 9 16 46 48 44 50 48 55 59 58 46 41 44 47 53 57 60 59 61 63 63 63 61 60 61 58 59 65 63 61 60 57 62 63 61 62 60 54 49 57 63 59 49 36 24 24 25 25 23 21 20 20 22 26 28 30 27 27 34 41 32 38 70 103 173 195 204 210 207 198 197 191 185 159 45 14 9 12 16 23 27 30 34 24 27 45 48 
63 38 10 8 8 8 8 9 7 7 8 8 8 8 29 48 45 49 51 52 58 60 44 43 44 51 55 57 60 62 59 61 62 65 63 64 62 64 56 59 66 63 59 55 58 61 62 61 58 50 53 62 61 55 52 52 49 45 46 32 23 21 22 22 21 20 24 22 20 20 28 37 39 40 45 68 139 183 198 206 208 207 200 198 189 182 170 73 14 11 14 17 25 29 32 32 25 39 59 60 
62 47 14 8 8 8 8 7 7 7 7 6 5 6 35 47 49 51 52 55 53 47 50 49 52 56 58 61 64 64 62 60 62 64 62 63 61 59 56 63 63 59 55 55 63 62 60 54 47 54 61 57 54 49 50 52 48 48 50 54 45 28 26 26 22 21 21 21 24 23 23 28 45 42 47 97 178 195 201 203 204 202 194 195 189 180 162 101 29 15 17 23 29 30 31 33 32 37 55 45 
60 33 9 8 8 8 8 7 7 8 7 6 5 9 42 48 50 53 54 59 45 49 50 49 58 61 62 61 64 64 63 62 62 63 61 63 61 57 56 63 61 54 51 61 64 60 53 48 58 60 55 49 50 50 49 49 50 49 49 47 49 42 31 27 22 31 34 31 32 31 32 32 41 57 78 135 188 196 197 200 203 199 194 184 178 171 137 71 26 17 21 25 29 30 29 29 31 37 50 45 
28 14 8 8 8 9 9 8 8 8 7 7 6 16 45 49 50 53 55 51 47 53 52 59 64 63 65 67 66 65 64 63 61 59 60 60 58 53 56 61 58 50 55 62 60 51 48 57 55 50 49 50 49 46 46 47 47 48 46 45 45 41 38 45 33 24 32 50 63 63 83 100 96 103 141 182 191 194 192 190 193 192 188 176 149 143 107 41 18 15 18 23 25 25 24 28 23 37 40 39 
7 8 8 8 9 15 19 10 10 8 8 7 6 20 48 50 54 56 55 45 57 58 62 66 65 65 64 65 65 65 62 62 59 58 59 57 56 50 54 57 50 52 59 56 47 46 55 51 44 47 46 45 46 44 44 42 40 39 39 40 39 38 38 38 41 32 20 14 25 34 59 67 62 79 117 113 128 137 146 149 154 162 171 148 106 87 64 20 13 12 16 22 24 21 22 21 15 29 39 37 
10 5 7 7 8 64 93 9 8 8 9 8 4 23 46 48 57 58 47 53 55 57 60 61 62 63 61 60 61 59 60 61 58 58 55 55 55 50 52 53 47 54 52 44 46 50 45 43 45 43 45 45 44 45 40 40 38 37 33 27 18 12 13 16 18 21 24 17 14 13 19 24 33 56 80 81 89 97 105 99 95 98 98 91 58 34 25 14 11 10 11 20 21 20 16 17 16 25 36 35 
9 7 6 6 7 9 10 8 8 7 8 8 5 21 43 48 55 57 47 55 55 59 60 59 60 62 61 61 61 59 56 54 51 49 48 47 47 46 50 48 50 48 46 50 50 48 44 42 37 32 26 20 16 12 10 9 9 9 8 7 6 7 9 9 10 10 9 8 11 15 17 18 32 49 73 72 74 72 85 96 100 94 81 44 27 16 14 11 9 8 10 14 17 19 19 16 23 28 39 37 
19 7 6 6 6 9 9 6 6 6 7 7 6 21 42 51 57 55 52 60 62 64 64 63 62 62 63 61 58 55 53 51 47 44 42 41 39 41 47 50 46 41 35 30 25 22 19 17 12 8 9 9 9 9 8 9 9 9 9 8 8 9 10 11 9 9 8 8 14 18 17 17 23 40 45 47 51 57 62 76 81 89 95 86 55 39 24 15 11 10 11 13 18 18 15 18 30 32 38 45 
23 7 7 6 6 36 75 7 6 6 6 7 6 19 39 50 55 58 53 58 60 63 64 63 63 62 63 58 54 53 52 51 50 45 43 43 45 48 31 16 16 19 22 15 12 10 15 23 25 26 27 27 27 27 28 27 28 29 29 30 39 42 28 16 9 14 17 19 19 19 20 19 13 22 27 36 40 43 53 61 61 71 87 91 77 46 21 12 11 10 11 10 15 16 14 14 18 33 29 34 
15 7 7 7 7 9 11 7 8 7 6 7 9 13 37 49 53 57 53 62 62 63 62 60 60 59 57 57 59 57 55 49 47 47 51 46 45 28 10 11 11 17 31 23 16 16 31 47 50 49 48 47 45 44 45 43 43 46 44 44 54 60 35 16 8 19 21 22 19 20 21 21 17 14 16 31 37 38 52 62 66 73 72 76 85 88 72 40 17 13 10 12 15 16 16 12 17 35 31 30 
19 14 9 7 5 6 9 6 8 7 6 7 6 6 30 45 50 55 50 57 56 58 57 57 57 56 58 56 53 53 51 50 51 48 43 42 27 14 11 14 18 22 37 46 33 33 45 46 48 49 48 47 46 47 43 43 42 42 43 45 52 59 32 15 10 20 20 22 20 22 23 26 31 33 23 20 29 30 42 54 57 68 77 84 85 82 84 78 52 26 20 13 14 15 15 11 13 33 31 42 
54 54 49 49 42 24 19 15 7 6 6 6 4 5 18 38 47 53 50 53 54 57 54 52 55 54 54 51 50 51 49 48 46 43 43 30 32 31 33 39 45 45 43 47 45 46 47 47 47 47 47 47 45 45 43 42 42 42 42 43 53 56 24 16 10 19 21 20 23 25 33 40 38 35 35 18 16 21 25 39 47 56 58 61 68 76 85 88 71 50 37 20 17 16 14 16 17 46 45 46 
55 60 58 56 57 59 57 54 43 29 22 23 24 16 20 34 38 41 46 49 54 53 55 53 55 52 49 49 47 47 46 43 44 42 32 45 51 49 50 48 45 48 48 48 47 45 47 47 48 46 46 45 47 46 45 44 44 42 43 40 51 36 23 19 11 19 20 19 23 30 40 40 39 39 43 29 13 14 18 26 36 41 51 47 46 57 70 76 83 77 61 37 17 14 16 14 44 62 70 41 
58 58 60 58 58 59 59 56 56 56 53 55 54 49 50 53 40 34 36 44 45 48 48 46 47 46 46 46 46 46 46 44 36 32 48 53 50 49 50 48 47 49 49 48 47 46 46 48 47 48 47 46 47 48 48 44 42 42 42 38 50 37 39 46 36 22 22 23 23 31 35 37 42 41 43 38 16 13 15 21 34 34 36 36 40 48 62 75 76 65 56 43 26 18 17 22 37 35 46 53 
56 58 58 57 57 58 58 58 58 56 56 57 53 56 54 56 59 51 38 33 37 41 42 42 45 46 48 47 46 41 34 32 41 51 53 53 50 48 49 48 49 50 52 51 49 52 52 52 50 48 46 45 45 44 45 43 41 44 42 38 49 55 38 55 55 30 24 25 23 27 31 36 41 37 39 40 29 11 11 16 18 23 27 30 32 42 59 66 69 62 52 36 25 22 22 22 20 30 41 39 
56 56 55 57 57 56 54 56 56 56 55 55 54 56 57 56 57 55 57 54 46 38 34 37 35 35 37 39 39 46 50 54 54 54 54 56 53 49 48 49 49 49 48 49 50 51 50 49 49 50 48 47 46 43 44 43 42 42 39 36 50 66 49 49 48 44 24 21 22 24 31 36 35 30 32 35 34 18 9 10 12 16 19 24 33 33 44 55 64 63 50 36 28 24 25 32 34 37 36 35 
54 55 54 55 53 53 54 54 54 54 55 55 53 56 58 55 57 56 57 57 58 57 56 56 54 54 55 57 58 56 55 56 55 55 55 55 56 53 49 47 47 49 49 49 52 51 50 48 47 45 47 47 44 45 44 44 44 43 36 35 46 58 57 59 54 51 24 22 22 23 27 34 33 28 31 34 31 29 11 11 12 18 20 26 32 38 42 45 52 56 55 40 28 23 26 36 41 41 42 40 
51 51 50 51 50 53 53 53 53 55 53 52 53 54 56 56 56 56 54 56 55 52 53 56 53 53 53 56 58 56 55 55 55 54 55 56 56 54 50 50 50 49 49 49 49 49 47 46 46 44 44 45 45 44 46 44 42 41 36 38 47 51 55 60 61 47 25 21 25 22 26 32 31 25 31 34 36 37 15 8 15 22 24 25 30 35 42 46 47 45 45 44 38 31 27 33 39 44 49 48 
46 48 48 48 51 53 53 50 52 52 50 49 52 54 55 55 53 52 53 54 54 52 53 56 55 54 53 55 56 55 54 55 53 54 55 55 55 54 50 50 48 48 47 49 49 48 47 46 43 45 45 45 45 44 44 44 43 39 37 40 48 51 51 44 35 23 20 21 19 21 22 27 27 25 26 31 31 35 21 8 13 22 22 26 26 30 33 38 40 41 40 36 32 29 30 37 44 49 46 48 
45 47 49 52 51 47 48 48 51 52 50 51 53 52 53 54 51 52 53 54 54 54 54 53 53 53 54 54 55 55 53 53 53 53 53 53 51 50 51 52 49 47 46 47 47 47 47 47 45 44 45 44 44 42 45 45 44 44 40 41 48 45 38 17 12 20 21 21 23 22 20 23 26 27 23 28 29 30 21 7 9 15 20 23 21 26 30 35 32 38 37 35 35 37 34 41 48 49 49 49 
48 50 51 51 53 49 48 49 48 52 52 51 51 52 52 53 55 52 52 52 51 53 54 54 54 54 54 53 53 53 53 53 55 54 53 53 51 52 49 50 48 48 48 45 45 47 45 44 44 44 46 46 45 44 45 45 44 44 42 41 50 51 29 9 11 22 22 19 22 21 21 21 23 21 20 22 28 32 20 7 8 12 13 15 18 20 30 29 33 34 32 36 33 34 32 39 43 45 41 42 
53 49 50 49 49 46 48 46 48 50 48 48 49 51 53 52 53 51 53 54 53 56 55 54 52 52 52 49 50 51 50 51 53 51 54 53 52 54 52 47 46 46 49 48 46 44 44 44 44 44 43 44 44 46 43 43 42 42 38 37 51 52 20 15 17 22 21 22 20 21 22 22 22 22 23 20 23 31 16 6 8 13 17 20 18 19 24 33 33 30 34 28 29 29 33 36 43 44 42 42 
51 50 49 49 50 48 47 45 47 46 45 49 47 51 50 50 52 54 53 51 50 50 53 53 53 51 50 49 49 49 49 50 52 53 53 52 53 54 53 51 48 49 49 48 48 44 45 45 45 45 43 46 46 47 45 44 43 42 33 31 50 50 15 17 22 23 22 23 21 22 22 24 24 24 25 24 25 23 9 6 7 9 19 23 20 19 20 30 42 37 37 36 26 26 37 46 53 51 53 56 
50 51 52 51 51 52 50 49 50 50 50 49 49 53 52 54 55 56 53 52 51 50 53 51 54 50 50 50 50 51 50 52 53 52 53 53 52 51 49 49 50 52 51 48 45 46 46 48 45 46 43 45 46 46 45 44 43 43 33 32 51 53 19 17 24 24 23 22 22 22 21 22 21 22 25 27 26 16 7 7 9 11 16 26 25 22 24 28 40 40 37 31 29 29 35 52 67 61 59 63 
50 51 51 51 51 51 51 48 50 51 51 51 51 53 53 54 55 54 53 53 51 52 53 50 53 51 52 52 50 51 51 53 54 52 51 51 50 51 52 52 53 53 52 50 47 46 44 45 45 44 40 44 45 44 43 42 41 42 37 32 52 54 18 16 27 23 23 21 20 20 21 20 22 22 25 27 21 8 5 7 9 11 15 20 26 25 22 29 29 35 37 38 37 38 45 47 58 61 65 65 
49 48 46 49 51 51 50 49 50 50 52 51 51 51 48 53 50 51 50 54 53 50 52 50 51 51 51 50 51 51 48 50 52 51 49 48 47 49 52 51 52 49 50 50 50 49 46 46 46 43 42 44 46 45 43 42 43 44 39 33 32 27 10 18 23 22 22 21 20 19 20 22 21 22 26 23 16 8 6 7 8 10 12 15 20 23 19 20 26 36 41 34 33 39 52 56 61 63 66 68 
48 47 48 50 47 50 51 50 48 51 49 51 51 51 50 52 52 52 53 52 50 49 51 50 51 50 51 50 51 49 49 51 51 51 51 50 48 46 48 49 49 47 47 48 48 48 45 45 44 45 44 44 46 44 42 42 43 43 40 34 23 22 16 17 21 24 23 19 22 20 21 22 21 22 23 20 10 7 7 8 9 10 11 14 14 18 16 16 19 24 36 37 38 39 50 61 60 64 66 65 
46 49 49 47 47 48 50 49 50 49 49 49 50 45 44 47 45 45 46 46 44 43 43 42 41 42 40 38 40 38 40 42 41 40 37 36 36 33 32 32 33 32 30 26 19 19 16 15 14 16 15 14 14 13 11 11 13 13 13 13 13 14 12 17 20 22 20 18 21 22 21 16 17 21 29 16 9 7 7 8 9 9 11 9 12 13 15 14 21 25 27 35 36 41 58 59 63 65 65 58 
27 24 25 24 25 24 25 24 25 25 25 25 25 24 26 25 26 26 25 25 26 26 27 26 26 26 27 26 25 26 25 25 25 24 23 22 23 23 23 23 23 22 21 16 4 6 6 6 6 5 4 6 9 10 10 9 10 13 12 12 14 14 14 17 20 20 22 22 20 22 28 33 41 37 26 12 8 8 9 10 9 9 10 9 11 12 16 18 16 23 27 33 44 50 67 70 62 67 73 69 
22 20 21 22 22 21 21 22 22 21 22 22 22 22 21 21 21 21 21 22 23 22 22 22 21 22 22 21 21 21 21 20 20 19 19 20 19 19 19 19 19 18 17 12 4 5 5 5 5 5 4 5 9 11 11 11 11 12 12 13 15 16 14 18 19 20 22 21 18 20 30 41 46 32 15 10 8 8 9 10 9 10 10 10 12 14 14 19 19 19 31 39 46 64 79 89 79 75 84 87 
23 23 23 23 23 24 24 25 25 25 25 25 25 25 25 25 26 26 27 27 27 28 29 28 28 29 29 29 28 28 28 28 28 28 28 27 27 27 26 26 25 23 22 10 6 6 6 6 6 6 6 5 6 9 9 9 11 12 12 13 15 16 15 19 19 20 21 21 20 20 20 26 30 18 9 8 9 9 9 9 11 11 11 12 14 16 15 19 20 24 30 43 61 76 83 94 94 85 84 81 
25 25 25 25 25 26 27 27 27 27 26 26 27 28 26 27 27 27 27 28 28 28 28 28 29 29 29 29 28 28 28 27 26 26 26 26 27 27 28 28 26 25 23 8 6 6 6 6 5 6 5 7 8 9 9 9 11 13 14 13 14 15 16 18 18 21 22 20 22 22 22 19 19 12 9 8 8 9 8 9 11 12 12 12 16 14 20 22 21 27 40 53 71 78 83 84 86 78 79 75 
25 24 24 22 22 23 24 24 24 24 24 24 25 26 25 24 24 24 24 23 23 24 24 25 26 26 26 26 27 27 27 26 25 24 24 24 24 27 26 26 25 23 21 8 5 6 6 6 6 6 5 8 9 10 10 9 11 12 14 13 14 16 16 18 18 21 21 21 21 22 19 16 17 14 11 8 8 8 9 8 12 11 13 12 16 16 19 22 22 30 37 56 74 85 82 84 87 79 79 75 
21 21 21 22 22 23 23 23 23 23 22 23 24 25 24 24 24 25 25 25 24 26 26 26 26 26 25 25 25 26 26 25 24 23 22 21 21 20 20 20 20 18 17 5 4 5 5 5 6 6 4 6 8 10 10 9 11 13 14 14 15 14 14 16 18 20 21 21 21 21 15 16 15 11 10 9 9 10 10 11 13 12 13 14 17 17 18 25 27 34 36 50 65 70 80 78 83 77 73 67 
20 20 20 21 23 21 21 20 21 21 21 22 22 21 22 22 21 20 20 20 21 21 22 23 22 23 23 23 24 24 22 22 23 22 18 16 17 18 17 16 18 20 19 8 3 5 5 5 6 6 4 6 8 10 10 10 11 13 14 14 15 15 16 18 19 21 21 21 22 21 16 17 18 13 13 11 12 10 11 13 15 15 17 18 18 18 17 23 29 36 39 44 53 66 74 79 79 57 48 45 
17 19 18 18 19 20 18 17 18 19 19 17 18 19 20 20 20 19 19 21 19 17 16 21 23 22 18 17 20 22 20 17 19 24 19 17 18 19 21 18 16 19 19 14 4 5 5 5 6 6 4 6 8 10 11 11 11 13 13 13 14 16 15 19 17 20 20 21 21 20 16 16 20 16 15 16 14 14 12 14 15 16 18 18 18 18 20 24 32 37 31 25 23 28 38 43 39 28 30 21 
18 18 18 17 17 19 20 18 18 19 19 17 16 16 18 20 18 17 17 21 19 17 17 20 22 20 17 17 18 17 19 19 19 21 18 19 19 17 18 17 15 18 11 6 5 6 6 6 6 6 4 6 9 10 9 9 11 11 13 13 14 15 15 18 17 19 21 21 21 20 18 16 17 18 16 14 16 14 13 15 17 18 16 17 18 18 22 25 33 38 35 27 24 14 14 15 18 14 14 17 
18 14 15 13 17 18 17 16 16 17 19 19 17 17 18 19 17 17 17 16 16 15 15 18 18 20 21 18 17 15 18 17 17 20 18 19 21 19 16 16 6 5 5 6 5 6 6 6 6 6 4 6 10 10 9 9 10 11 12 12 13 14 15 18 17 20 21 21 20 20 20 19 18 17 17 18 19 17 15 15 16 17 14 17 18 21 24 25 26 25 20 21 21 18 14 14 13 12 15 13 
17 13 14 14 16 18 18 16 17 17 17 19 19 18 18 18 18 18 18 15 12 16 17 19 20 20 18 17 16 16 16 15 16 19 19 20 18 19 17 15 8 6 9 20 9 6 6 6 6 6 4 6 9 10 9 9 11 12 12 14 15 15 16 18 18 20 20 20 21 21 21 21 20 17 14 16 17 17 16 15 17 16 16 18 19 23 25 19 16 16 15 14 16 17 13 12 12 12 16 17 
13 16 15 16 15 16 17 18 19 19 18 19 19 19 19 18 19 20 18 19 19 18 21 22 22 20 20 18 19 17 19 21 22 24 23 21 22 21 20 19 10 6 5 6 7 6 6 6 6 5 4 7 9 10 9 10 11 11 12 13 15 15 17 18 19 20 18 19 20 21 21 21 21 18 16 16 15 17 15 13 17 16 19 20 18 16 15 13 15 12 13 14 13 13 13 13 13 14 13 15 
