136 134 135 132 132 131 130 130 128 128 127 126 126 127 127 125 147 153 153 153 152 153 153 155 158 158 158 156 154 156 157 159 158 160 158 158 158 158 159 159 158 158 161 161 160 161 160 162 159 160 159 158 160 159 158 159 159 160 159 158 157 159 158 158 157 156 157 156 156 153 154 154 152 115 71 51 38 36 35 29 17 41 68 57 60 55 53 55 58 58 58 59 61 67 65 67 71 69 70 67 
137 135 134 132 132 131 130 130 128 128 127 126 126 127 127 125 140 152 152 153 153 152 151 151 156 156 155 156 154 156 157 158 159 159 158 158 159 158 159 159 158 158 158 160 161 159 158 159 159 160 159 157 159 159 158 159 158 158 159 157 158 156 157 156 156 156 156 155 153 154 153 155 153 125 66 59 36 36 35 26 16 49 64 55 59 54 52 55 56 58 58 58 66 67 64 65 66 69 70 64 
138 137 135 133 132 133 130 129 130 127 126 126 126 127 127 127 133 152 153 152 153 154 152 153 155 156 155 155 154 156 156 159 157 157 158 157 157 159 158 159 158 158 158 158 158 159 158 159 158 158 159 157 159 158 157 157 158 158 158 157 158 157 156 157 156 155 154 155 153 155 154 154 152 133 67 66 40 37 37 26 15 58 60 58 58 54 56 54 56 58 58 58 66 65 65 67 65 67 66 64 
138 138 136 134 133 133 131 130 129 129 128 128 128 127 127 127 127 151 152 151 153 153 151 153 154 156 153 152 154 157 155 158 158 157 156 157 158 159 158 158 159 158 158 157 158 157 157 158 158 159 159 157 159 157 157 157 158 159 159 157 158 157 157 158 157 155 154 154 153 153 153 153 151 139 72 71 43 40 37 26 16 66 58 61 54 56 55 54 55 58 59 59 65 69 69 69 70 70 64 63 
139 138 136 136 134 133 132 131 130 129 128 128 128 127 126 126 125 147 151 152 152 151 151 152 151 153 152 154 156 155 158 157 157 158 157 158 157 159 156 156 159 160 157 159 158 159 158 159 158 158 158 159 160 158 158 157 157 158 159 157 158 156 155 156 155 154 156 154 152 153 153 152 151 144 78 72 42 40 37 27 21 68 59 62 52 54 55 55 56 57 59 60 66 67 65 69 68 69 64 63 
139 139 137 137 134 133 133 131 131 129 129 128 127 127 127 128 126 139 155 153 153 154 154 153 152 155 155 153 157 156 156 157 156 158 157 157 157 159 158 157 158 159 158 159 158 158 158 158 157 159 158 158 157 159 158 157 157 157 157 157 157 156 155 156 155 155 155 155 153 154 152 152 150 147 83 69 48 38 39 25 29 70 58 62 53 55 57 56 55 58 60 61 65 65 64 66 70 71 67 67 
140 139 137 138 135 134 132 132 132 129 128 129 127 127 128 129 128 134 153 154 153 152 154 154 152 152 155 153 154 158 157 159 157 157 157 157 155 157 158 158 158 158 158 161 158 158 157 159 157 160 159 159 158 158 157 157 157 157 158 158 157 156 156 157 156 155 155 156 153 152 153 152 151 150 95 66 56 37 38 24 39 64 56 60 54 55 56 54 56 58 58 61 65 62 66 69 68 67 62 64 
141 138 138 138 137 134 134 133 132 130 129 129 128 128 127 126 128 129 153 154 153 153 153 152 153 152 153 153 155 156 158 162 159 157 157 157 155 155 157 159 159 159 158 159 158 157 157 158 157 158 159 158 159 158 156 158 159 159 157 157 155 156 156 155 156 154 155 155 153 152 150 150 151 150 105 63 63 37 38 22 48 61 56 58 54 56 56 57 58 55 61 60 63 64 65 68 67 65 61 69 
141 139 139 138 137 136 132 132 131 132 130 130 128 128 127 127 128 127 148 154 153 153 153 154 152 153 152 153 155 157 163 167 161 160 157 157 156 157 157 158 159 158 160 158 158 157 158 159 157 158 158 158 158 157 157 157 158 157 155 155 155 155 155 155 154 154 155 153 153 153 153 151 152 150 115 64 70 39 39 22 58 60 58 60 55 54 60 57 56 54 65 61 65 66 64 67 67 67 66 88 
142 140 140 138 138 136 132 133 134 132 129 130 129 128 128 127 126 127 141 152 153 153 154 154 152 153 153 154 156 158 166 170 164 161 157 156 156 157 157 158 157 157 159 159 159 157 157 157 157 157 157 157 157 157 157 156 158 158 156 155 156 155 154 156 154 153 154 152 153 152 153 152 151 150 122 65 75 42 38 25 65 59 59 56 53 58 58 57 55 55 62 64 65 64 66 70 71 74 71 122 
142 142 141 138 137 136 134 135 134 132 129 130 129 128 128 127 124 129 134 153 153 152 154 154 153 153 153 154 156 159 168 173 167 160 158 156 156 157 157 157 157 158 158 158 158 156 158 158 158 157 156 157 157 158 157 156 157 156 156 156 156 154 154 154 154 154 154 153 154 152 152 152 152 150 130 74 74 47 38 28 70 57 60 56 55 54 58 57 56 56 59 61 64 64 71 71 71 75 89 147 
143 142 141 138 136 136 135 135 134 131 130 130 129 128 128 128 126 126 130 151 152 153 154 154 152 152 153 153 155 159 166 171 166 160 158 156 155 157 156 156 156 158 158 158 158 157 157 157 155 154 154 155 157 157 156 156 159 157 155 156 155 153 153 154 154 154 153 152 153 151 151 152 150 151 135 79 72 54 39 35 67 56 59 58 55 54 56 55 58 60 63 62 66 67 71 72 91 119 138 156 
145 142 142 139 138 137 135 136 135 133 131 129 129 128 128 128 127 124 127 148 152 152 151 152 152 152 151 152 154 155 161 165 162 159 158 156 156 157 156 156 154 156 155 156 156 155 156 155 155 155 155 156 155 155 155 156 156 155 154 154 153 154 152 154 154 154 154 152 151 151 150 149 150 150 139 86 70 63 41 46 64 57 57 56 55 55 55 58 60 63 62 62 80 103 122 151 157 158 153 175 
147 144 142 140 138 138 136 135 134 132 131 130 128 128 128 127 128 126 127 140 153 153 153 151 151 150 151 152 152 153 157 160 159 156 156 156 156 155 155 155 155 155 155 156 156 155 156 156 155 154 155 154 154 155 155 156 154 154 154 153 154 156 153 153 153 153 151 151 150 149 149 149 149 149 141 93 69 72 40 56 66 58 60 53 52 53 51 53 65 87 120 153 147 147 152 149 152 154 164 176 
148 144 141 140 138 138 136 136 134 132 131 130 128 128 126 128 126 126 125 134 151 151 151 151 153 150 151 151 153 152 155 156 157 154 156 156 156 154 154 154 154 155 155 156 156 155 155 156 155 154 155 155 154 154 155 154 153 153 154 152 155 158 154 151 151 151 150 149 149 148 148 148 147 148 145 104 72 79 45 75 66 61 49 44 56 80 106 126 149 146 151 154 156 142 148 155 158 162 169 172 
146 143 141 140 140 138 137 137 134 132 131 129 129 128 127 128 128 127 126 128 152 151 152 151 152 150 150 150 151 152 154 153 155 154 158 155 154 154 154 154 154 154 154 154 154 155 155 153 153 153 153 154 154 154 153 154 154 154 154 153 154 154 153 150 149 149 150 148 148 148 149 148 149 148 147 127 99 101 58 77 59 75 106 120 136 138 146 139 154 146 153 152 150 150 155 160 153 165 175 183 
148 143 141 140 140 137 137 137 134 132 131 129 129 128 127 128 127 127 126 126 146 153 152 151 152 150 149 150 151 152 154 153 156 155 155 154 152 154 154 154 153 152 153 154 154 155 154 154 153 154 153 152 152 154 153 154 154 153 152 153 152 151 150 149 148 147 148 149 149 149 149 148 149 148 148 149 152 137 86 68 54 98 133 139 143 141 149 138 148 148 145 155 144 150 153 163 153 175 178 178 
149 145 141 141 139 140 138 136 135 133 131 130 128 128 126 126 125 126 125 125 139 153 153 153 151 149 149 149 151 151 152 153 153 154 154 155 154 152 152 153 153 152 153 155 154 153 153 152 152 152 153 151 152 154 157 164 164 159 154 154 154 151 149 149 148 146 147 147 147 146 147 147 149 147 148 148 150 152 91 54 48 121 141 139 139 136 140 133 129 133 138 150 156 153 156 157 162 172 184 175 
148 146 142 141 139 139 139 136 135 133 131 130 129 128 127 126 126 125 126 126 136 158 155 154 149 148 149 149 151 151 153 155 154 154 154 156 154 153 153 154 151 153 153 154 153 153 154 152 152 152 152 152 153 158 195 235 230 181 161 156 155 154 152 150 151 150 150 148 149 147 148 148 149 150 150 149 151 156 138 108 97 146 138 139 134 130 109 88 72 69 71 121 136 148 149 156 162 166 170 184 
148 144 142 142 140 139 138 137 135 134 131 129 127 128 127 126 127 126 134 147 141 165 158 156 152 150 150 149 152 152 153 153 153 155 155 156 153 154 154 154 152 156 155 153 153 153 155 154 152 153 154 154 156 171 237 252 251 201 164 159 156 154 151 152 154 152 150 150 151 148 148 148 150 152 150 148 147 152 159 156 154 148 140 137 123 101 74 36 17 15 16 30 52 117 154 154 169 174 182 178 
148 144 143 142 139 139 137 136 135 135 133 130 128 128 128 125 127 131 153 189 162 165 160 158 153 151 152 152 153 154 155 154 152 154 154 154 153 153 153 153 156 155 156 152 154 155 156 156 155 155 155 158 163 179 222 241 239 194 167 161 158 159 156 155 154 152 151 149 145 143 142 142 143 142 141 136 117 122 137 144 152 145 140 125 99 70 35 16 15 14 18 19 19 65 146 145 168 171 181 177 
148 145 143 141 141 139 137 137 135 134 133 131 129 128 127 126 127 136 175 228 189 152 163 158 154 152 152 153 154 154 154 155 152 153 153 153 154 155 156 157 161 157 156 155 156 155 156 155 155 152 154 154 156 164 188 217 213 169 147 141 142 140 139 138 138 137 137 137 132 129 131 132 137 140 137 122 96 78 108 120 145 147 136 105 81 31 22 17 13 17 16 13 19 30 125 147 163 172 179 187 
149 145 143 142 142 139 137 137 135 134 132 131 129 128 126 126 126 137 175 193 161 139 163 156 153 153 153 152 153 153 152 153 151 148 146 144 143 141 140 144 140 139 140 142 139 138 140 141 141 141 143 146 151 160 197 235 229 179 158 150 150 150 151 149 147 144 139 130 113 105 109 115 126 130 112 85 77 72 81 66 72 124 115 86 59 24 16 14 12 13 17 16 17 20 87 141 166 172 173 182 
147 145 142 144 143 140 138 136 136 134 131 130 129 129 127 126 126 126 130 125 122 122 129 127 130 130 132 133 134 136 139 139 140 141 139 140 141 143 143 149 145 149 148 149 148 147 148 150 147 143 141 142 147 151 167 178 174 162 154 145 143 141 137 135 127 113 94 79 73 73 86 95 99 94 75 61 57 40 20 14 15 46 84 66 36 15 12 13 12 14 20 17 17 21 72 146 155 177 177 186 
148 144 144 141 140 139 136 135 134 130 127 127 125 123 122 120 120 122 129 131 124 124 139 143 145 146 146 146 146 148 148 149 148 148 146 144 144 143 149 148 148 146 142 133 124 116 112 109 97 85 83 85 89 92 106 118 111 100 91 80 73 68 68 57 55 52 52 55 59 75 80 83 91 95 85 64 35 17 14 13 12 22 76 48 17 13 12 11 14 15 19 15 16 23 62 151 166 171 178 185 
147 143 142 140 138 137 134 134 133 129 128 128 127 127 125 124 126 128 130 132 127 125 145 142 142 140 139 137 135 135 132 131 128 124 119 114 110 103 114 91 97 112 85 79 57 51 48 50 51 53 50 47 56 60 63 69 65 55 52 45 43 45 47 48 53 54 59 57 56 61 71 74 73 71 90 53 22 21 18 16 19 23 39 23 13 11 13 13 15 15 16 16 21 23 76 149 156 163 180 182 
148 145 143 142 140 138 135 136 132 131 130 126 124 123 122 120 118 115 113 115 125 126 144 113 100 100 90 69 58 55 54 50 49 48 48 46 53 49 78 45 70 88 81 70 44 44 47 58 64 60 56 65 71 76 69 69 66 55 50 44 46 54 56 71 71 69 70 47 39 45 56 65 59 70 60 28 19 30 36 31 23 20 15 13 14 11 14 17 15 13 17 23 32 30 119 157 156 170 187 178 
146 144 140 139 139 135 130 129 126 123 121 116 112 108 107 103 101 98 96 102 124 128 143 89 74 79 68 45 38 40 40 46 44 46 48 46 61 52 74 56 78 80 86 69 59 58 86 109 95 70 75 89 97 92 102 82 91 69 50 43 62 57 66 69 70 55 58 34 33 43 52 68 79 83 49 21 23 33 37 33 22 15 16 14 15 12 12 13 14 13 16 31 38 57 132 157 160 177 177 178 
138 137 134 133 131 128 125 121 118 115 115 110 106 106 104 101 98 96 95 103 121 132 138 75 73 76 68 46 38 40 39 42 50 44 48 46 63 60 66 61 80 85 74 89 104 78 62 104 136 109 97 93 101 111 101 109 116 90 73 74 101 96 85 69 58 52 40 33 44 40 50 61 84 82 31 21 25 35 35 28 20 16 17 15 12 10 12 16 18 12 16 40 48 116 169 164 166 179 181 173 
140 135 131 132 130 128 126 122 119 116 113 111 107 106 103 101 97 95 93 104 116 130 115 68 71 76 69 50 38 39 41 46 58 58 65 60 69 73 70 91 103 120 116 156 140 127 103 79 119 124 101 100 116 127 116 94 107 115 92 91 113 115 117 102 66 38 47 63 80 71 36 27 39 52 29 22 26 35 35 27 19 15 14 13 12 13 14 19 19 15 18 43 72 171 155 160 175 168 177 177 
139 137 134 132 131 128 124 123 120 117 113 111 108 105 103 100 99 94 87 96 102 112 88 67 72 75 66 48 47 44 53 57 61 60 84 111 113 116 129 130 149 145 149 179 163 146 121 92 83 131 103 104 104 96 127 95 90 100 106 101 108 114 136 114 57 48 78 95 95 80 52 46 76 76 36 25 29 33 30 29 20 16 13 13 16 16 15 23 19 16 28 71 142 197 171 159 168 178 178 172 
141 135 133 130 129 127 125 123 118 116 110 104 94 86 76 69 67 61 58 69 66 78 70 67 72 67 59 68 63 64 48 50 102 87 55 100 154 165 160 163 179 178 181 198 196 165 155 117 94 115 127 108 96 97 105 124 94 77 114 117 98 103 133 110 61 41 85 104 114 112 83 48 83 94 67 36 31 30 26 25 26 19 18 15 17 17 23 33 21 20 74 152 187 176 154 162 158 176 172 165 
140 136 133 130 127 128 124 121 117 113 81 58 53 54 53 54 55 54 57 70 63 75 64 60 65 66 96 93 68 66 53 87 126 112 82 84 137 177 185 188 196 197 205 208 209 193 181 149 104 105 131 118 120 103 124 166 138 73 126 125 116 109 121 116 94 52 62 66 79 93 82 61 70 96 39 30 38 28 28 32 31 29 24 20 21 19 38 35 24 54 139 178 182 154 173 182 187 172 163 145 
141 135 133 130 127 127 125 121 118 87 55 51 53 62 67 76 78 80 82 75 62 81 62 55 56 82 113 104 88 60 57 110 129 116 93 124 133 163 196 198 200 205 209 211 216 209 200 181 157 136 142 138 135 166 170 186 158 104 138 140 107 101 117 116 111 81 62 53 74 74 69 68 72 81 34 30 66 44 40 37 46 50 36 24 30 35 38 34 45 115 149 154 160 167 183 186 185 168 132 124 
140 136 133 130 127 127 124 121 113 72 54 72 113 114 103 94 85 90 82 79 82 84 81 67 51 89 88 93 82 52 96 102 105 112 101 132 159 161 196 208 198 207 215 219 219 218 214 202 188 180 167 171 164 190 202 214 186 171 163 166 132 117 133 130 131 109 65 46 74 78 64 63 65 66 26 28 62 70 65 68 77 57 46 35 38 44 44 55 56 78 127 168 182 177 185 193 193 159 106 114 
140 135 133 130 127 127 124 121 116 79 56 119 89 97 105 95 88 104 109 104 89 89 78 86 76 80 83 95 71 109 113 93 96 98 100 124 154 170 200 211 207 206 216 223 221 221 218 215 209 205 206 201 197 212 220 224 216 208 195 192 179 171 170 170 159 143 96 69 70 91 66 73 82 66 22 29 40 48 82 91 59 78 62 60 73 60 95 88 84 88 99 188 205 187 191 192 181 136 104 119 
140 137 132 130 127 126 124 119 117 95 67 114 81 105 113 109 123 127 144 124 103 103 106 109 76 83 64 76 69 122 94 60 100 93 90 108 152 166 184 205 215 208 216 218 223 225 222 220 219 216 221 219 219 217 225 221 227 217 214 208 203 198 195 191 188 182 165 161 146 131 97 91 95 76 23 32 34 53 84 64 68 98 81 77 60 88 119 111 98 91 89 184 214 193 190 183 150 110 88 117 
140 134 133 130 127 125 123 121 116 111 78 109 75 90 103 108 144 161 149 152 143 103 139 75 71 70 77 91 106 133 148 98 92 93 86 112 149 151 179 190 208 213 211 214 222 225 225 226 226 226 223 224 229 227 227 224 221 219 217 217 215 206 200 196 194 192 185 184 177 155 138 104 119 82 33 28 24 44 77 56 89 95 85 48 60 104 105 101 67 83 111 181 217 198 185 158 120 83 87 116 
140 135 134 129 127 125 124 119 118 115 105 103 77 76 84 105 136 154 155 158 153 130 144 72 63 65 94 112 87 122 116 123 90 94 95 128 133 166 213 206 201 211 206 216 216 222 228 227 227 229 228 225 230 235 232 230 229 226 222 219 216 211 205 203 198 201 190 192 190 173 139 125 123 93 44 31 33 39 87 76 87 97 72 52 88 99 107 107 90 103 120 176 220 195 171 133 104 82 106 129 
142 137 132 129 127 127 123 120 119 117 114 104 97 64 73 86 123 133 145 147 137 124 120 81 58 83 83 101 112 120 119 128 117 84 102 133 160 209 225 222 207 199 211 215 222 229 231 230 230 230 231 229 234 241 236 230 238 228 222 216 215 215 208 203 203 199 192 193 191 185 169 124 113 101 49 38 40 55 100 97 84 99 78 81 104 112 115 87 101 112 113 180 213 186 154 117 97 84 115 150 
141 136 134 131 129 126 122 120 119 115 113 110 108 84 66 69 95 114 123 120 127 116 109 75 55 87 72 93 102 86 92 142 126 105 102 143 208 226 227 226 211 199 207 216 224 227 229 229 230 227 229 230 227 241 241 236 240 236 224 219 211 214 213 203 202 203 196 194 193 189 182 166 130 110 81 40 47 71 116 110 96 110 111 90 121 138 135 102 121 122 139 191 192 168 139 115 112 110 149 167 
139 136 134 131 130 125 123 121 120 116 112 111 106 107 81 64 76 94 107 111 115 105 87 69 76 90 77 86 121 91 125 157 116 129 83 159 225 230 230 231 214 203 205 211 222 229 235 231 229 230 228 228 228 229 243 240 230 233 225 222 213 209 208 204 203 202 201 200 197 193 192 168 123 119 134 121 117 124 141 137 143 153 154 159 157 143 120 110 110 119 152 171 170 147 121 113 113 135 174 177 
140 137 134 130 131 124 124 122 120 115 112 111 107 104 106 88 62 63 79 85 90 69 77 54 79 103 132 134 134 137 166 138 78 48 68 182 211 207 230 233 217 205 207 212 223 234 239 236 229 232 229 232 237 234 230 240 234 229 225 220 214 208 205 201 203 201 203 203 197 193 186 156 114 103 130 154 154 157 156 151 147 148 146 149 147 131 92 84 109 116 109 126 146 126 113 116 126 161 187 180 
141 138 135 131 130 128 124 122 119 115 112 110 105 103 100 99 98 68 55 55 47 42 44 54 70 81 94 85 76 124 139 108 82 91 124 190 191 192 195 209 209 205 209 211 221 230 235 238 231 232 230 234 240 239 233 229 230 229 220 218 214 214 212 210 210 206 202 200 196 191 186 152 99 90 107 141 155 162 157 155 150 143 139 135 128 119 107 116 116 103 86 74 107 111 108 127 142 171 175 179 
141 139 134 131 130 128 125 123 119 116 112 112 107 103 101 99 98 96 91 63 56 50 35 44 66 69 69 77 118 139 168 165 152 147 174 201 201 215 203 178 188 197 210 212 224 234 236 240 234 232 232 233 235 238 236 228 228 224 215 217 216 213 207 209 211 209 204 200 197 190 187 170 112 85 104 131 142 145 146 147 143 139 129 112 98 120 121 111 97 97 74 53 76 107 122 148 170 173 184 181 
143 140 138 133 131 128 125 121 119 115 112 111 108 104 101 99 98 86 61 50 47 37 27 35 60 55 94 137 124 119 132 140 157 180 209 209 211 217 216 193 216 207 211 215 224 231 238 235 236 235 237 237 237 235 231 232 229 222 211 211 211 210 206 206 206 206 204 205 202 195 186 169 113 92 95 98 95 100 123 121 115 102 98 106 90 72 107 106 113 89 53 41 50 111 141 171 178 187 190 186 
145 140 138 134 133 130 126 121 121 116 113 111 108 105 101 98 99 88 55 44 21 33 27 24 49 55 89 82 63 116 163 185 208 209 216 213 214 216 210 220 238 222 209 216 223 231 234 238 241 238 239 233 235 239 239 236 226 210 209 205 203 201 203 204 202 201 201 206 205 195 181 151 108 107 83 56 35 78 105 98 89 98 96 86 114 90 98 80 86 95 47 41 56 138 160 172 187 192 185 184 
145 140 137 134 132 128 126 123 120 115 114 111 108 104 102 98 102 91 54 57 30 37 31 22 50 55 62 76 109 190 241 243 241 215 204 214 212 204 203 238 243 233 211 219 224 232 238 241 241 241 240 235 234 233 235 229 216 190 180 183 165 177 192 199 197 197 193 193 195 187 169 122 108 105 92 48 32 51 92 95 69 78 109 98 88 99 114 109 91 92 43 44 105 164 166 182 198 192 184 182 
147 141 137 135 134 129 127 124 120 116 113 111 109 103 102 98 103 98 62 63 29 36 41 37 59 61 77 85 153 230 247 242 220 192 174 176 201 212 227 243 243 236 217 222 226 234 238 243 241 242 240 233 229 231 224 213 196 139 116 128 99 100 169 188 191 194 186 184 185 181 146 114 131 112 85 39 19 36 77 90 86 62 80 107 82 72 78 121 102 53 37 63 122 169 178 185 201 195 184 192 
146 142 138 136 133 130 128 125 121 116 114 111 109 105 102 100 105 104 81 72 28 35 49 46 52 49 61 89 150 206 219 183 172 175 151 107 161 221 239 241 243 236 224 225 225 231 238 243 242 239 238 229 221 215 199 172 146 91 84 86 56 53 118 142 164 176 174 171 170 161 137 123 108 101 70 28 20 43 73 85 104 80 58 110 100 94 105 85 79 36 43 88 144 178 181 194 204 197 184 189 
145 144 139 136 133 131 127 125 122 117 115 110 109 106 102 100 107 114 111 82 28 30 41 40 42 51 64 106 96 103 138 150 175 146 80 53 89 156 220 240 241 233 224 229 226 233 238 238 240 237 235 221 199 174 151 116 113 70 69 67 41 49 44 41 66 118 123 99 117 126 114 79 79 90 72 32 27 51 90 71 121 95 69 89 77 109 101 74 53 40 69 134 169 191 187 192 206 199 188 193 
148 142 140 136 133 130 129 125 121 118 116 112 109 104 102 100 109 123 133 95 29 31 36 45 46 57 84 57 72 108 129 159 152 94 108 134 103 140 168 203 226 212 226 226 225 230 234 235 239 236 231 200 163 125 116 94 101 52 65 68 51 50 39 36 39 59 47 22 66 83 88 60 74 79 71 33 29 59 115 65 107 99 85 99 64 52 84 64 33 39 105 160 173 186 192 203 211 192 187 199 
147 144 140 137 134 130 129 127 121 118 116 111 108 103 102 102 117 129 148 108 35 27 39 47 52 49 46 85 130 123 113 134 163 162 114 126 87 128 155 164 175 203 231 228 228 231 233 235 235 232 218 176 134 96 95 81 106 49 69 72 60 53 46 37 55 58 28 29 67 78 80 52 66 78 70 42 37 81 111 82 94 106 69 74 54 91 99 46 28 58 125 175 175 186 194 194 197 194 189 201 
149 145 141 137 134 130 129 124 120 118 118 112 110 106 102 103 123 133 152 118 48 28 32 38 32 35 61 63 75 70 70 139 137 142 132 104 80 102 125 156 185 215 228 224 222 228 231 234 231 208 181 151 120 105 82 86 116 51 46 83 74 59 39 47 57 51 21 37 67 83 72 54 58 91 78 57 45 97 90 80 101 99 74 85 135 153 129 66 41 83 153 171 176 192 192 196 199 194 185 199 
149 145 142 136 134 132 128 125 121 118 116 114 109 107 103 107 127 136 155 116 42 32 38 47 30 29 59 60 94 106 130 131 95 90 125 104 82 97 112 151 174 193 222 222 227 229 233 229 223 196 153 140 108 92 97 86 123 51 46 95 91 69 56 44 55 35 15 40 75 91 83 78 94 92 96 82 63 95 65 59 85 78 115 123 130 145 106 58 64 119 158 180 177 186 190 199 194 198 192 209 
148 145 141 137 134 132 127 124 123 117 115 111 111 107 103 110 129 137 154 105 39 35 31 36 23 33 54 96 107 117 90 113 78 111 124 105 77 98 131 132 168 158 207 219 224 226 226 220 200 153 111 133 108 92 97 98 127 51 49 93 95 79 76 35 56 43 16 47 98 116 133 125 108 60 98 94 69 64 35 69 85 112 123 118 120 118 72 46 85 135 155 174 178 189 197 195 193 192 197 217 
145 142 140 139 137 133 129 125 123 117 113 111 111 106 103 112 129 142 151 87 38 35 25 30 29 34 81 91 81 70 61 109 145 146 125 74 103 110 121 109 143 145 189 213 220 226 218 212 169 138 96 111 116 91 105 111 131 60 69 64 85 111 101 60 77 74 32 64 126 128 117 118 85 51 84 102 60 44 60 96 114 128 107 104 99 97 58 31 100 139 153 179 185 194 194 192 195 201 212 219 
146 143 141 138 135 132 128 126 122 117 114 112 110 107 102 114 130 147 143 68 40 36 36 66 45 69 80 72 83 79 69 115 95 111 133 54 105 117 131 101 113 131 185 213 216 219 210 194 155 101 110 115 121 111 113 121 115 67 90 65 76 128 111 79 91 75 53 67 110 98 96 112 73 43 56 81 74 92 108 120 132 121 106 78 97 68 26 33 138 143 156 186 175 192 187 199 194 203 205 224 
146 143 140 138 133 131 129 125 122 118 115 113 110 108 103 115 131 148 130 54 41 37 77 51 65 76 88 69 60 76 87 103 109 101 112 90 113 121 151 115 89 141 187 205 214 211 201 166 127 80 112 129 121 121 114 119 113 94 109 82 77 122 121 121 98 55 37 51 93 63 81 88 57 42 67 101 111 118 119 129 114 100 104 62 67 68 23 37 136 140 164 175 174 186 191 209 199 209 213 223 
146 143 140 137 135 131 128 126 122 119 115 113 110 107 104 115 131 145 111 45 41 68 64 69 97 105 118 86 74 72 72 81 102 45 89 105 116 130 148 109 82 145 191 202 206 196 181 150 94 96 122 123 116 109 132 104 122 120 117 94 72 120 109 106 87 48 32 55 57 34 53 70 74 94 95 110 114 110 105 111 87 70 94 57 42 51 22 65 140 147 164 176 178 194 195 210 202 211 219 226 
145 144 140 137 134 131 128 124 120 118 115 113 112 108 106 116 133 143 96 43 41 85 65 98 108 127 128 107 69 81 74 72 94 80 59 50 60 83 125 86 93 151 192 197 194 175 147 102 74 110 142 143 116 129 124 119 123 113 113 70 58 96 71 74 62 44 48 44 41 39 60 69 72 93 86 98 104 90 102 77 78 55 79 65 37 37 16 79 147 149 159 172 176 199 200 207 201 212 218 230 
145 144 140 137 134 131 127 123 121 119 116 113 111 108 107 115 131 129 82 43 58 75 75 109 123 124 136 140 91 71 76 85 95 111 95 87 80 43 59 82 113 164 186 179 166 148 129 75 72 117 135 102 112 116 108 110 110 80 77 38 47 49 60 65 68 82 88 66 57 64 57 69 60 72 70 85 72 80 89 53 69 48 60 60 27 24 22 111 152 152 162 162 179 204 200 204 214 212 218 229 
144 143 141 136 134 131 127 123 122 120 117 114 112 109 109 115 130 119 75 43 76 65 96 112 145 136 130 125 134 108 78 73 103 110 97 74 71 59 88 104 144 165 160 147 125 113 102 87 111 116 91 87 85 87 80 73 68 60 44 36 33 38 67 66 90 85 79 70 63 62 51 53 45 48 55 85 56 70 74 34 52 45 36 51 27 21 56 136 160 157 153 169 175 193 197 203 215 212 221 232 
144 143 141 137 133 129 127 124 122 120 117 116 112 109 111 118 129 109 68 46 84 69 109 130 143 154 139 105 96 80 55 74 95 104 88 66 57 54 68 83 96 92 87 95 101 75 82 93 88 45 46 35 35 36 34 30 38 39 36 46 51 65 65 73 68 74 68 63 54 40 39 32 22 19 22 53 47 57 45 43 30 28 21 21 25 23 79 145 156 161 147 160 177 189 202 208 213 215 225 236 
145 143 138 138 135 129 125 124 123 121 118 115 112 109 114 119 129 103 63 71 72 79 114 147 149 153 120 102 77 80 62 80 72 67 58 49 50 47 57 66 67 70 62 55 56 44 36 26 37 57 46 33 20 14 16 15 18 19 25 26 29 28 32 33 36 38 34 29 26 23 16 17 16 16 15 16 24 29 23 18 17 16 15 15 17 17 80 156 164 166 145 150 176 186 205 210 210 219 219 235 
147 144 138 136 133 130 128 124 123 121 119 115 112 111 115 122 132 100 57 86 68 74 115 152 149 140 110 93 92 83 85 97 48 48 51 52 45 37 56 65 68 70 62 52 53 19 14 12 14 20 51 43 20 10 19 16 19 19 21 21 20 19 20 18 15 16 17 18 18 18 17 17 16 16 15 14 15 17 13 13 14 17 15 16 17 22 121 160 173 166 139 151 182 187 203 212 217 219 218 239 
147 144 138 136 133 130 129 124 123 121 117 115 114 111 118 129 136 102 57 87 66 78 115 142 123 115 86 80 71 66 89 55 46 45 46 49 43 35 49 67 71 71 67 50 46 15 12 10 11 16 34 38 29 20 18 20 19 22 23 22 20 20 18 13 14 17 17 17 16 16 16 16 13 15 15 14 15 14 13 12 14 16 16 17 20 50 129 167 178 167 139 149 178 184 199 211 218 220 224 238 
147 141 138 136 133 130 128 127 123 122 119 115 113 112 122 136 143 104 58 89 70 97 117 114 100 94 101 106 62 72 72 48 49 46 47 43 41 37 51 71 74 74 69 51 43 12 12 12 11 15 34 31 29 20 11 12 13 16 20 21 19 19 15 13 14 17 16 13 15 16 19 17 17 17 16 15 15 13 11 13 15 17 18 19 33 103 147 173 171 171 144 149 170 185 202 209 211 219 226 240 
145 143 141 137 133 132 127 126 123 121 118 116 112 114 127 142 152 110 62 90 83 98 103 93 89 115 214 235 95 84 54 45 55 48 47 40 44 43 60 72 74 73 65 51 41 11 11 10 11 13 33 32 32 13 12 6 9 9 9 20 21 18 16 12 15 16 16 16 17 21 24 24 24 21 21 20 16 12 12 17 18 17 16 21 116 130 149 172 180 169 142 139 174 185 191 208 212 221 229 244 
147 142 139 139 134 132 128 125 123 121 119 117 115 117 134 146 160 135 70 95 81 97 99 86 125 230 247 248 150 68 50 50 53 47 43 34 48 49 68 73 75 72 64 51 36 11 10 9 9 13 30 30 21 11 13 9 9 13 13 13 9 13 17 15 16 16 15 16 21 22 23 26 24 23 22 21 20 19 18 17 17 17 16 56 148 141 149 176 186 176 150 140 166 181 188 209 218 220 233 248 
145 142 139 138 134 133 129 126 123 121 117 117 113 123 136 148 163 140 69 104 87 88 99 114 153 248 252 246 146 63 45 57 44 46 39 36 49 56 70 71 72 71 64 52 32 11 10 10 9 12 24 19 20 24 22 20 17 18 15 12 8 7 21 21 17 16 15 19 22 23 23 23 22 22 23 21 20 19 18 18 18 17 17 86 164 150 156 177 185 180 152 137 163 176 194 216 221 226 236 249 
145 143 140 137 135 132 131 128 124 122 117 115 114 127 138 151 163 133 65 92 111 113 105 85 142 248 249 245 141 59 51 55 46 46 39 40 49 57 72 70 71 69 64 55 23 10 10 11 10 10 32 34 25 28 24 14 13 14 26 30 22 19 17 25 23 16 17 20 23 24 24 22 23 22 22 23 21 20 19 18 17 19 18 111 172 160 157 173 188 185 160 135 153 176 196 211 214 221 231 248 
145 142 140 138 134 130 132 128 125 121 118 116 115 131 139 153 164 120 63 67 76 70 66 78 91 227 249 245 120 53 60 48 47 43 37 44 51 54 73 70 71 69 61 49 24 10 9 9 10 10 32 32 26 21 14 12 11 9 26 19 16 10 9 14 28 15 20 23 25 25 26 26 24 24 24 23 22 19 16 18 18 19 39 145 174 169 159 174 184 183 162 140 158 178 196 210 216 224 235 244 
146 142 139 138 134 131 130 127 125 121 117 117 116 132 139 157 165 109 63 65 64 63 64 77 66 102 180 182 66 56 53 48 47 41 38 45 51 54 72 69 74 74 60 48 23 10 9 10 10 9 29 32 26 9 9 7 8 12 25 9 9 9 7 9 25 20 19 24 25 25 25 24 24 25 24 24 20 22 18 18 18 23 46 144 173 175 170 172 181 187 170 149 149 171 184 203 215 230 239 245 
146 142 138 137 135 131 129 126 123 122 118 116 117 135 143 159 164 94 51 62 63 61 63 75 64 75 85 73 55 59 53 54 57 59 60 62 65 70 71 65 66 64 54 50 18 10 9 8 9 8 28 32 15 7 11 11 12 20 8 8 9 11 11 13 15 27 19 20 25 25 24 24 26 24 24 24 23 20 18 18 16 22 32 157 180 183 177 169 170 189 176 153 143 163 189 199 214 227 238 244 
146 144 138 136 134 131 131 128 123 122 119 116 118 137 144 162 162 81 43 58 61 60 61 65 64 64 66 67 63 60 57 62 72 87 89 77 66 64 61 57 56 53 53 53 16 11 12 14 9 10 29 31 22 22 21 19 18 23 20 22 19 17 17 16 25 21 23 18 20 23 25 23 23 23 20 21 21 18 16 18 18 18 59 155 179 189 187 174 178 188 183 162 153 160 179 199 217 226 240 247 
145 141 140 136 133 132 131 128 124 122 119 118 121 138 147 165 159 71 52 59 61 62 63 65 65 65 65 66 64 61 58 58 64 69 68 62 58 58 57 55 57 55 58 54 15 10 24 12 8 9 26 27 24 28 21 8 12 21 18 20 10 7 10 21 19 12 7 13 17 27 15 11 11 14 27 15 19 15 17 23 14 16 51 140 184 197 194 186 174 188 186 178 156 160 173 192 212 228 240 250 
145 142 140 137 134 131 130 127 125 122 121 119 127 141 151 167 155 71 60 64 70 82 90 93 89 84 76 68 65 62 61 59 60 60 60 59 60 60 60 60 60 60 60 46 16 9 12 9 9 8 22 23 26 17 10 10 11 23 10 13 11 6 16 32 12 6 8 8 13 25 7 9 8 11 19 13 17 14 14 19 15 18 53 152 180 195 195 185 176 185 184 175 152 145 159 179 212 227 244 251 
144 143 140 137 136 131 130 127 125 122 121 120 132 142 155 168 148 65 60 66 76 89 96 97 91 82 74 67 64 62 61 59 60 59 60 60 59 62 61 61 61 61 59 44 16 9 9 10 9 10 25 34 21 11 12 11 12 11 17 23 13 14 21 19 16 16 16 17 20 21 16 19 13 21 20 23 20 19 17 23 31 26 86 147 176 201 199 192 182 183 189 183 159 139 160 175 202 225 242 249 
145 142 139 138 133 134 132 128 126 124 122 119 133 142 158 168 139 62 60 65 71 80 83 86 80 77 71 66 64 61 61 59 60 60 59 59 60 63 64 62 61 59 59 47 16 9 8 9 9 8 25 34 29 28 26 28 17 12 17 27 18 18 18 19 19 18 17 23 24 13 8 12 17 28 23 17 21 17 18 26 22 22 97 155 162 204 200 201 185 183 190 182 153 138 153 184 198 221 240 251 
146 142 138 137 134 134 132 130 127 125 122 120 138 144 162 168 131 59 62 68 76 87 94 97 93 84 72 68 63 61 61 59 60 60 60 60 63 63 63 62 61 60 59 52 16 9 8 9 9 8 23 33 30 24 27 23 20 24 12 14 10 27 16 16 16 16 21 27 19 10 10 13 26 16 19 17 23 25 24 30 17 22 117 154 169 195 201 199 195 185 187 180 162 148 170 170 189 219 238 249 
145 143 138 137 135 132 133 129 127 125 122 122 140 145 163 167 118 59 63 65 70 76 82 82 81 73 69 66 63 61 60 60 60 59 59 60 63 62 62 63 61 59 58 53 21 9 8 9 10 8 23 32 35 23 23 19 32 7 6 5 9 24 10 10 11 12 17 16 11 13 13 14 29 19 24 27 28 31 22 15 16 27 117 167 164 190 203 202 196 188 194 189 173 156 158 142 178 219 243 247 
146 144 138 137 135 132 132 128 127 126 123 124 142 147 166 169 108 61 63 63 65 68 70 68 68 67 66 64 62 59 60 59 59 58 60 66 104 72 64 58 59 57 55 58 28 9 8 9 7 9 21 30 29 22 23 13 17 15 15 17 18 15 18 15 10 13 13 13 17 19 22 22 21 23 26 27 20 16 15 15 18 36 144 167 149 182 205 203 201 197 193 192 181 153 147 138 172 214 242 249 
146 144 139 137 136 132 131 127 126 125 122 126 143 146 167 170 95 59 58 65 69 73 64 53 59 62 58 55 46 38 46 49 47 52 56 61 105 96 60 49 56 55 51 51 27 9 9 8 6 9 21 27 28 29 24 17 20 19 16 18 16 17 23 17 13 14 12 24 26 21 11 19 16 22 18 17 15 15 14 14 15 44 145 166 157 182 204 204 203 196 195 196 184 154 157 145 170 212 238 248 
146 144 139 137 134 133 131 127 127 124 122 129 143 150 169 169 118 67 69 71 75 66 58 53 67 56 59 53 46 36 42 45 50 52 57 56 85 136 155 54 55 55 53 52 29 8 9 8 9 9 18 9 27 36 27 22 19 19 18 18 20 15 22 9 5 7 13 24 19 10 10 7 17 23 19 18 16 17 23 26 19 60 152 170 169 169 193 208 210 201 202 195 195 166 155 145 160 204 235 245 
146 142 141 137 135 132 131 128 126 124 124 132 142 151 169 168 190 192 106 71 66 65 57 63 67 60 59 50 45 36 43 39 49 51 56 54 100 240 233 71 54 55 53 52 40 8 9 7 8 9 16 12 23 28 22 26 17 16 13 10 26 11 10 8 5 7 12 20 6 8 6 9 24 31 29 18 16 21 33 36 32 76 160 170 171 166 183 206 207 205 198 194 196 168 138 135 147 188 226 242 
145 142 139 137 135 133 130 126 125 123 123 136 144 153 171 165 227 246 163 73 60 54 60 70 62 61 57 49 44 39 48 43 49 49 52 53 104 248 240 74 55 56 54 58 54 8 9 8 7 9 17 10 25 15 17 16 17 23 14 16 10 6 7 8 6 10 18 11 9 9 9 11 15 25 20 22 22 22 32 46 44 95 161 173 177 155 185 199 202 205 196 194 193 178 150 150 144 195 228 246 
145 142 138 138 136 134 131 127 125 124 123 138 145 157 172 162 239 249 187 71 61 55 63 64 61 62 54 49 46 42 50 44 49 50 50 54 77 212 223 64 55 56 56 58 52 11 9 8 8 10 19 27 18 18 20 12 18 25 14 19 7 12 14 17 13 14 19 22 17 16 16 16 17 28 22 22 24 20 32 51 42 100 166 171 179 170 185 201 201 203 202 201 192 181 158 155 142 184 214 245 
145 142 139 139 135 133 130 127 125 122 123 139 145 162 171 160 240 251 181 72 57 55 65 55 57 57 49 47 45 45 52 45 52 49 49 53 60 68 71 49 55 58 57 55 44 16 9 9 9 11 17 22 21 16 21 15 32 27 14 21 14 15 16 15 6 9 17 24 28 22 15 14 14 16 23 29 36 21 36 47 47 119 160 179 182 175 160 200 200 204 206 201 198 193 172 149 157 169 197 240 
145 142 140 138 134 132 130 127 124 122 124 142 147 166 171 161 244 249 176 65 54 59 61 54 56 54 47 46 45 48 53 46 51 48 50 54 53 48 34 43 55 59 59 59 49 25 12 9 10 10 17 32 29 17 25 24 37 24 9 9 12 14 16 25 12 19 17 19 33 23 17 17 18 18 38 23 26 23 41 36 39 118 166 176 180 186 159 202 198 203 203 200 203 195 168 141 162 151 191 222 
143 139 137 136 132 131 129 126 125 121 125 140 147 168 172 162 247 249 161 59 54 62 54 53 54 49 47 46 48 51 59 46 50 48 47 51 49 47 34 40 55 60 59 61 56 33 12 10 10 9 16 29 36 23 26 25 27 22 11 7 9 11 19 21 21 20 17 18 21 21 19 17 20 17 19 17 17 24 39 23 32 116 160 172 183 192 161 191 197 202 204 208 203 193 175 162 185 161 186 210 
141 138 137 136 133 131 129 125 125 122 129 141 147 169 169 167 236 247 112 54 57 60 55 51 55 48 46 46 50 55 59 53 53 48 50 55 48 42 31 43 55 59 56 59 58 41 13 11 13 11 16 37 31 19 24 22 24 24 15 13 17 16 20 17 17 15 15 17 20 20 17 26 25 19 16 18 16 27 27 26 39 117 166 172 186 190 168 178 194 206 203 204 201 191 177 148 166 186 164 201 
141 139 137 137 133 131 129 126 125 122 129 143 148 169 168 164 226 182 62 53 61 54 55 51 54 48 46 47 54 60 59 55 55 50 54 56 44 37 32 44 55 56 55 58 52 50 21 23 15 12 16 39 28 18 24 15 27 28 22 18 26 21 18 25 13 12 14 14 21 24 23 19 16 13 16 13 16 19 18 23 34 123 172 173 179 187 173 170 192 195 203 206 199 188 176 141 163 194 162 179 
142 140 138 137 132 130 129 126 124 120 133 142 153 169 166 111 109 73 53 56 59 55 56 49 52 48 49 53 58 61 53 59 53 51 56 52 40 36 36 48 52 50 54 55 56 60 37 38 39 24 16 27 26 17 21 22 30 32 23 15 18 14 14 26 11 9 9 12 16 17 15 10 13 14 16 10 16 19 17 20 24 122 170 175 182 187 175 160 185 196 204 202 197 173 150 134 161 193 166 143 
143 143 138 136 132 130 127 126 124 121 134 141 156 168 159 88 63 52 52 61 55 55 55 49 54 46 49 54 58 56 53 60 53 51 59 48 37 38 41 55 52 48 51 53 57 62 49 41 50 50 32 27 30 29 29 25 25 32 23 25 20 21 21 21 14 11 10 16 16 12 12 15 14 15 20 11 18 19 23 23 35 131 165 177 186 183 184 162 189 189 200 197 176 139 121 115 119 157 160 140 
141 140 138 135 133 129 125 125 122 120 136 141 155 168 152 73 55 50 53 58 54 55 55 49 54 47 50 48 58 55 50 64 53 53 64 43 32 35 42 55 54 37 50 53 56 59 57 38 53 63 37 30 24 18 16 16 20 21 17 18 13 15 15 17 10 10 19 19 15 14 10 14 15 23 16 15 23 23 23 26 44 135 166 179 186 188 188 161 173 191 198 185 149 117 107 112 126 145 151 136 
140 136 136 134 133 128 124 124 122 121 139 142 159 169 143 64 51 49 60 55 57 54 51 47 53 49 49 49 61 54 49 66 53 55 61 43 30 38 42 53 50 33 49 54 54 55 53 33 42 51 26 26 20 15 30 27 18 21 20 16 14 16 17 18 15 7 21 19 12 11 18 10 15 23 18 14 29 29 21 25 35 143 164 178 185 189 189 175 167 188 197 171 131 111 104 140 170 190 192 173 
138 135 136 135 131 128 124 123 122 122 139 143 162 169 132 57 50 53 59 56 59 53 48 48 52 51 55 60 63 56 49 68 55 57 63 46 34 40 40 49 52 41 55 54 55 54 43 24 23 34 15 21 27 22 20 29 19 16 18 18 15 15 17 18 16 10 13 12 13 13 16 10 13 13 16 25 34 32 23 21 28 145 169 182 184 190 189 180 154 181 195 173 126 106 129 183 202 222 218 197 
140 137 136 133 130 129 125 123 120 124 140 143 164 166 120 52 50 58 54 59 58 53 47 48 52 53 56 62 63 56 48 68 58 125 209 121 38 40 39 46 52 104 123 54 54 56 38 24 35 27 22 28 21 28 24 24 20 21 20 23 16 18 19 19 18 20 19 18 17 16 17 20 20 18 22 28 38 43 30 27 39 124 166 179 187 188 193 183 152 179 181 170 128 112 162 189 213 224 225 213 
140 137 135 131 130 129 125 122 120 128 142 145 165 166 106 51 57 62 57 65 61 54 47 48 50 57 57 65 67 57 48 68 87 235 248 175 41 42 43 49 54 204 196 57 51 56 34 49 32 21 19 36 24 31 35 27 24 22 20 21 14 14 14 16 16 16 20 20 18 17 19 20 33 20 24 37 40 47 35 28 67 147 169 179 185 189 189 187 162 163 181 174 137 126 176 201 217 212 227 214 
