217 221 217 216 209 206 212 215 215 216 214 192 151 107 87 87 136 161 167 173 182 190 201 209 208 212 218 220 219 220 212 184 137 108 148 199 211 216 219 204 196 187 163 142 138 151 176 204 211 218 218 221 220 225 222 207 157 137 191 192 192 187 181 169 176 181 192 199 203 206 204 205 215 224 229 231 231 234 238 239 232 218 219 223 228 235 240 242 245 248 250 249 249 249 247 242 238 236 234 232 
222 224 222 216 194 191 196 204 215 223 222 213 184 139 102 129 145 143 137 151 164 177 189 202 205 208 212 215 219 216 192 151 125 143 186 208 213 219 204 180 185 178 148 136 151 178 195 208 210 221 229 225 219 217 204 172 132 163 191 183 158 156 163 158 146 141 166 198 209 208 200 200 214 226 233 234 232 233 238 240 234 220 219 223 227 234 239 242 244 247 249 249 249 248 246 241 237 233 231 229 
226 231 228 222 205 201 191 185 194 206 209 210 205 181 135 143 111 103 110 119 131 145 162 176 186 195 201 205 204 184 140 116 149 186 201 200 209 212 176 153 174 158 130 140 168 186 198 204 211 218 225 225 214 206 186 143 149 175 163 147 157 179 191 188 175 140 128 166 194 199 198 200 212 228 234 235 235 236 240 241 236 222 220 222 226 233 238 241 243 246 248 248 248 247 245 240 236 229 227 227 
228 234 233 230 220 209 202 188 182 188 194 196 198 196 186 153 121 104 96 98 100 112 130 149 160 171 171 176 160 115 105 143 180 186 185 189 195 187 144 128 152 137 121 140 169 173 176 183 193 203 211 212 201 188 156 124 146 143 143 172 190 192 192 195 191 173 131 121 156 190 198 202 208 228 232 235 235 238 241 242 237 222 219 220 225 234 239 240 244 245 246 246 246 244 244 241 233 226 225 226 
225 232 235 235 234 217 210 206 191 188 194 203 206 204 209 198 187 167 142 122 104 98 111 125 131 140 136 129 109 92 119 156 172 172 172 172 173 157 124 115 132 128 118 127 147 151 149 154 158 168 181 181 176 166 134 105 115 148 179 191 192 193 196 195 192 189 173 127 133 186 201 200 204 224 233 236 236 236 239 242 238 223 220 220 225 235 240 241 245 244 244 244 243 241 243 240 231 226 225 226 
232 235 236 236 239 229 205 207 201 192 189 200 213 214 213 207 208 204 201 179 166 165 178 201 193 179 143 106 107 131 161 180 181 173 178 176 171 157 137 129 129 132 124 116 128 138 131 133 130 131 142 146 142 137 111 103 147 184 187 187 191 193 196 193 189 192 194 155 130 172 202 200 203 219 230 236 237 237 238 242 240 226 221 221 227 236 241 242 245 243 241 239 238 238 239 237 228 225 225 226 
235 238 238 239 242 242 205 190 211 205 191 189 202 208 210 209 208 207 213 192 193 206 209 213 209 212 204 169 159 166 177 187 194 187 190 183 176 167 150 134 121 127 133 134 144 142 141 146 136 125 127 114 110 114 104 113 170 184 180 186 189 190 193 190 183 189 201 177 134 144 191 196 201 211 224 234 238 239 239 240 240 227 221 222 228 236 241 243 245 244 239 236 235 237 238 235 227 225 225 226 
235 238 239 239 241 240 233 183 195 208 202 193 195 204 209 206 209 209 212 203 201 200 201 206 202 202 205 190 181 184 188 190 194 191 192 196 197 188 159 137 151 155 158 166 173 165 162 167 154 140 137 120 113 121 117 114 151 164 167 175 181 182 181 181 180 181 193 193 156 123 169 193 201 211 214 229 239 243 243 239 238 228 218 221 228 235 240 244 242 242 237 232 233 237 239 235 229 226 226 226 
232 237 239 240 242 244 245 214 156 189 208 199 195 199 211 210 211 212 214 201 198 191 209 201 197 196 200 200 195 195 195 194 195 199 198 201 200 192 167 169 211 205 183 172 179 180 172 174 175 165 164 159 147 147 138 123 138 145 141 158 159 158 160 161 159 160 170 181 168 131 129 178 189 211 210 221 233 242 244 243 238 232 222 221 228 235 240 243 241 241 234 229 231 235 235 232 228 225 225 225 
229 233 236 238 241 241 239 235 171 140 192 208 200 199 208 209 208 209 213 194 196 189 205 199 197 204 201 200 206 204 199 194 195 202 192 195 196 197 184 204 231 232 216 198 190 186 190 183 177 165 168 174 169 162 165 159 158 159 145 161 158 162 166 160 152 159 169 173 178 157 135 165 171 189 200 207 223 237 242 245 242 239 223 218 226 233 237 242 243 242 234 229 230 233 232 230 227 224 224 224 
225 231 233 234 238 238 239 239 204 140 134 194 205 203 206 210 208 207 208 190 195 189 202 199 196 205 203 201 203 203 196 192 192 195 193 200 201 210 197 207 233 239 239 228 218 205 203 193 191 181 182 188 192 182 186 187 184 175 165 165 163 182 185 180 178 181 184 188 198 189 180 195 188 186 185 188 193 221 237 243 244 245 229 216 223 230 235 241 241 242 235 229 230 231 232 230 227 225 224 223 
224 230 231 232 233 232 231 231 218 159 126 131 184 205 203 211 210 205 204 189 190 191 201 208 201 199 197 197 200 197 194 197 192 195 193 193 204 215 192 170 182 187 210 235 239 227 224 206 200 200 203 205 214 212 215 210 213 216 202 188 169 179 173 179 194 195 193 190 197 193 192 205 203 205 201 197 180 195 215 232 243 243 238 225 219 224 234 236 238 244 242 234 228 226 226 226 225 222 221 220 
219 224 224 225 227 224 224 220 206 157 123 109 126 175 203 204 205 201 196 186 184 186 201 209 204 194 194 195 197 197 198 194 190 188 183 183 200 220 199 145 157 170 168 184 235 243 232 219 205 206 215 224 222 218 215 202 203 218 217 215 205 195 167 164 180 188 191 193 204 197 198 201 201 206 211 213 207 195 177 197 222 236 238 233 221 216 224 228 236 240 243 239 231 227 224 223 223 220 219 219 
212 215 215 216 219 215 215 220 199 152 125 105 105 121 169 206 205 199 196 184 178 177 192 199 200 195 196 199 199 197 204 204 210 210 212 206 208 227 218 134 95 128 164 173 188 239 244 239 222 216 225 227 221 215 214 190 187 201 208 227 229 223 198 176 166 167 176 196 211 199 200 200 199 204 204 218 220 209 174 170 185 205 220 225 220 209 211 223 232 237 243 244 239 233 227 222 220 219 218 218 
202 205 203 204 210 208 202 211 198 164 134 114 106 106 105 150 195 207 193 180 172 171 174 187 195 198 198 200 206 206 207 213 217 216 215 214 220 227 235 168 40 47 83 147 155 208 244 249 240 229 228 221 214 206 217 211 214 218 218 234 234 237 233 217 189 160 166 196 207 206 210 202 196 197 201 207 211 217 185 182 194 195 198 195 194 188 192 207 220 230 241 243 240 240 234 225 216 213 213 212 
195 197 194 194 200 198 193 200 199 175 146 127 115 111 104 110 140 180 202 187 170 164 167 185 197 201 199 201 202 202 197 201 202 194 184 179 185 208 227 211 85 39 57 130 152 170 229 241 232 223 214 200 196 199 206 204 219 232 238 242 244 241 239 235 218 192 173 181 193 204 208 203 201 199 198 197 202 212 178 172 183 182 185 181 178 172 168 174 196 223 234 239 239 237 237 232 226 217 213 210 
185 187 184 183 185 180 183 191 195 178 146 136 130 119 113 115 122 142 170 175 172 163 169 190 200 198 198 205 200 198 197 189 191 187 184 176 175 173 198 225 190 89 103 140 119 135 197 200 178 181 181 188 189 168 156 159 175 203 228 248 249 252 245 240 233 217 194 175 175 198 210 209 206 198 197 196 197 195 157 156 166 171 170 164 167 167 165 161 161 187 217 228 231 233 234 234 233 229 223 214 
175 175 175 176 172 169 168 179 185 182 156 148 148 142 129 135 135 133 153 167 176 173 177 188 190 190 197 195 197 207 209 214 220 222 226 229 228 231 233 235 244 208 183 162 137 149 160 161 165 182 176 174 153 124 123 142 174 201 193 201 236 247 248 242 233 226 216 203 183 184 203 202 204 202 207 204 190 176 150 157 158 156 153 152 154 158 164 169 171 164 179 204 227 229 232 234 231 228 228 222 
165 164 163 162 160 160 162 172 179 181 162 151 154 155 147 159 159 156 166 171 176 166 154 152 164 182 180 154 160 195 211 218 226 226 228 232 236 236 232 233 234 242 236 235 238 232 232 228 217 203 182 172 156 160 181 201 226 236 230 193 186 202 222 238 233 228 228 228 209 187 186 197 212 222 221 214 193 179 163 165 163 156 148 140 141 149 160 169 175 178 176 180 199 216 228 228 225 227 233 232 
155 156 156 155 155 155 160 164 172 177 169 155 154 155 161 167 164 168 179 175 158 137 136 155 185 198 183 161 145 140 149 167 180 183 192 208 222 227 225 229 228 227 224 226 233 241 238 228 218 207 200 186 181 193 205 225 241 241 240 220 191 193 180 186 205 223 232 234 226 206 190 208 224 232 225 209 196 189 177 170 173 167 161 160 156 154 158 163 172 173 178 187 191 194 209 225 225 227 231 228 
147 150 150 148 149 152 159 161 171 176 177 162 155 157 155 150 141 145 166 171 159 160 174 192 210 207 207 210 197 182 172 164 159 145 137 160 196 215 221 225 231 231 230 233 235 234 233 231 226 213 200 190 197 206 214 224 236 240 239 224 190 192 190 202 215 222 229 234 231 212 196 206 220 225 220 209 202 194 181 169 178 182 183 178 171 161 152 152 153 153 162 173 185 190 195 213 226 229 231 230 
144 146 144 141 143 149 155 159 174 184 186 167 148 141 138 133 136 143 163 181 188 195 199 203 207 209 211 208 209 216 219 215 206 188 160 156 181 205 216 224 231 229 229 232 232 231 234 235 234 224 213 212 210 211 212 216 218 225 232 212 171 206 235 245 237 231 230 230 233 222 203 207 222 222 221 223 219 204 192 178 185 197 196 191 189 182 164 156 161 160 162 176 188 190 189 189 205 219 220 220 
136 137 135 135 139 144 153 159 177 182 185 158 130 121 125 140 155 165 181 202 206 202 198 195 188 192 192 191 194 195 196 200 200 185 170 176 191 203 211 217 225 226 229 232 232 232 235 234 233 233 228 217 209 204 196 191 185 187 188 177 197 240 251 250 247 242 235 228 233 227 212 213 222 224 233 232 228 215 200 190 202 203 198 195 200 197 177 164 165 167 170 183 191 189 196 176 162 168 148 127 
131 129 131 133 135 141 154 162 178 176 185 155 127 128 141 150 157 169 186 196 187 176 175 176 176 186 190 195 195 197 193 194 196 193 176 173 194 211 217 221 229 232 234 236 236 235 236 238 240 234 222 208 196 182 160 142 137 140 156 193 234 251 251 251 247 245 239 230 230 223 214 216 222 229 234 235 233 221 200 200 207 203 214 209 206 200 180 169 177 176 181 163 159 136 106 80 76 78 61 45 
131 126 129 130 130 139 150 162 179 180 185 164 139 124 129 140 153 170 181 178 173 181 186 191 195 200 199 201 195 191 190 196 207 209 194 171 162 185 208 220 231 236 237 238 238 238 244 246 243 240 230 214 197 179 152 133 146 165 197 232 245 252 251 250 248 245 237 229 224 217 215 222 230 231 234 231 231 230 216 213 213 222 229 219 209 203 192 190 191 193 167 93 77 71 56 53 50 45 39 29 
127 124 126 127 130 138 147 164 181 175 181 163 126 115 137 157 162 157 157 173 185 194 198 197 201 202 203 202 195 184 186 206 218 219 201 176 172 195 217 221 225 234 238 241 245 247 247 251 246 236 222 203 187 183 183 181 190 204 224 240 246 247 251 251 248 245 237 222 217 216 221 230 233 232 230 231 229 226 217 212 209 214 222 214 210 208 209 211 208 188 83 57 66 49 48 38 46 45 44 32 
124 123 123 123 129 135 142 162 181 174 182 165 127 125 143 151 154 156 159 166 176 189 196 194 199 196 198 194 192 199 206 215 215 195 165 165 195 219 232 235 236 237 242 245 249 251 249 245 219 188 167 169 178 181 192 205 214 221 228 228 231 229 241 245 247 245 237 218 211 217 226 232 233 236 233 234 231 231 224 214 198 176 197 208 214 218 224 222 218 173 67 45 39 37 35 48 52 63 59 47 
121 120 117 119 126 133 146 164 175 168 181 171 138 114 127 155 160 161 171 169 177 185 196 192 190 191 203 214 211 215 217 197 170 151 160 196 223 235 236 236 238 236 239 242 245 234 207 173 171 175 171 185 204 214 217 219 228 229 226 221 229 231 238 240 244 244 236 218 219 223 225 229 232 233 235 235 237 234 229 221 209 191 174 194 209 195 195 207 223 135 44 40 39 36 39 40 71 164 82 40 
117 116 115 118 125 131 144 157 159 153 184 181 145 126 133 143 151 155 162 158 156 163 172 182 196 209 215 217 213 203 190 168 163 177 207 230 231 229 231 233 228 227 232 241 207 141 114 136 176 208 221 221 233 233 230 231 232 237 221 200 213 225 238 238 241 243 227 210 225 232 229 230 232 234 233 231 233 233 229 225 215 208 178 176 171 159 156 140 106 81 36 41 40 40 36 33 41 123 62 30 
112 112 110 112 118 127 143 154 148 141 175 173 141 130 134 147 154 157 163 173 182 193 197 203 215 222 217 211 196 169 148 167 194 210 218 218 222 212 205 201 187 186 214 222 162 151 144 131 157 226 242 247 240 231 232 238 239 239 231 213 221 233 243 236 239 236 218 208 224 233 231 228 229 232 233 230 229 224 218 214 207 195 181 176 164 158 134 71 46 35 20 29 28 24 32 45 48 42 39 24 
107 109 107 106 114 124 142 152 146 139 178 178 150 136 141 149 153 159 172 190 197 205 211 213 214 206 206 211 203 185 173 183 195 202 199 195 190 166 158 162 170 200 235 204 100 129 162 171 153 213 248 247 235 229 232 238 241 239 240 231 229 235 239 237 236 225 214 214 225 231 230 227 227 229 232 234 231 224 215 203 198 185 173 177 177 180 112 105 48 32 22 25 31 31 32 44 40 32 27 26 
102 105 106 104 114 126 140 148 139 139 179 177 156 143 144 138 137 145 159 181 195 208 203 188 180 177 176 175 192 202 198 201 199 198 191 189 189 182 191 199 217 229 231 193 44 52 94 160 164 212 244 240 223 220 226 235 239 242 245 239 236 237 237 235 230 219 219 221 223 226 225 226 226 225 231 233 229 223 211 204 202 185 178 185 195 198 171 105 46 26 25 30 34 31 39 100 42 27 23 22 
97 101 102 101 112 123 136 142 133 138 186 184 160 128 121 126 136 151 161 171 181 192 181 156 143 150 172 178 186 206 210 208 210 206 205 208 212 218 225 220 210 213 224 206 79 42 59 128 154 218 238 231 218 217 221 225 228 235 242 241 238 237 234 228 224 219 225 227 224 224 220 222 225 224 227 227 224 219 207 203 190 179 184 191 197 200 131 58 47 33 29 33 22 29 24 41 29 25 22 20 
96 98 100 101 108 116 131 139 133 137 183 179 163 130 127 148 159 163 165 165 159 165 167 160 171 186 193 197 200 197 198 199 205 207 218 223 223 225 211 195 178 198 218 211 125 60 106 164 174 230 234 226 219 216 213 215 220 229 239 239 239 237 231 221 221 227 227 227 228 227 218 217 225 226 220 217 219 215 200 189 178 182 187 194 190 159 57 32 33 34 34 34 29 24 29 18 20 17 17 20 
100 99 100 101 105 112 127 134 131 133 180 180 173 147 142 148 143 137 138 145 153 172 178 176 179 189 193 200 204 197 191 190 200 208 216 220 222 213 201 187 186 205 214 202 166 139 165 175 206 233 228 226 218 213 205 201 207 223 229 237 237 229 228 217 218 229 230 231 231 224 215 212 223 226 218 208 211 205 195 184 180 191 197 190 176 111 47 52 41 36 37 34 31 28 21 21 21 19 19 20 
100 98 99 98 103 111 124 129 124 127 177 186 188 167 131 125 138 150 158 167 170 167 172 176 172 168 167 179 194 198 194 196 202 208 212 212 209 211 199 205 215 212 214 207 180 162 166 200 236 235 216 215 212 211 209 210 194 212 223 231 221 206 215 223 213 224 227 232 230 221 214 205 214 226 226 213 205 193 184 177 181 201 206 201 184 160 65 46 55 33 37 35 38 44 38 26 27 22 23 25 
100 98 98 97 101 109 121 125 118 121 172 186 192 178 136 125 147 157 158 157 158 150 154 159 162 160 151 157 171 187 192 199 205 208 209 211 213 215 214 217 225 223 221 226 202 197 219 236 235 217 205 206 210 202 204 224 197 204 213 221 205 192 206 226 213 215 219 229 226 213 215 208 207 213 215 209 200 182 174 177 188 197 200 195 191 184 130 105 208 54 44 46 42 52 47 38 35 37 39 41 
100 95 97 96 100 109 119 121 115 116 171 189 197 184 140 130 148 157 154 150 147 139 132 154 178 179 152 149 164 186 193 200 207 209 210 212 216 216 217 217 223 222 221 218 210 219 232 230 228 197 192 207 212 200 206 222 201 195 195 206 197 184 193 223 219 214 217 217 218 210 213 207 201 208 206 199 197 186 185 190 191 193 195 189 188 197 176 88 68 45 39 44 41 34 35 36 33 36 41 41 
96 94 95 94 99 109 118 119 114 111 163 188 197 188 161 154 154 145 136 128 122 119 126 168 196 182 165 158 173 192 197 200 207 210 210 213 217 218 219 219 223 221 219 215 209 206 220 226 216 186 188 208 211 206 211 215 192 191 199 195 186 181 186 210 217 211 216 211 202 197 207 205 197 194 197 194 194 194 196 200 199 195 188 183 183 188 174 99 52 53 33 40 44 31 29 30 30 36 43 47 
92 92 93 92 101 110 120 121 116 115 165 191 194 187 166 158 146 135 126 117 109 104 139 188 195 179 169 165 175 193 202 204 207 209 210 213 215 217 218 216 220 219 221 214 210 186 192 210 212 193 193 210 211 205 213 210 180 178 193 191 179 188 203 210 214 210 210 203 198 185 192 200 196 190 190 193 193 201 204 199 195 187 177 179 181 177 161 100 108 82 42 43 44 42 42 52 52 43 45 53 
90 92 93 93 99 106 117 119 115 117 167 194 194 186 168 153 137 127 120 118 111 116 173 191 183 182 178 176 176 189 202 208 209 209 209 212 212 215 215 214 215 216 218 213 213 190 162 173 196 198 199 208 206 196 204 201 170 159 162 167 173 187 210 208 206 209 201 198 201 193 184 188 191 191 193 197 198 204 204 196 190 182 180 176 177 167 146 88 67 61 49 74 114 76 84 54 58 55 65 79 
90 93 93 94 98 102 113 118 115 117 171 192 191 179 160 143 131 119 115 108 106 147 193 187 189 195 197 193 186 187 199 210 215 215 211 211 212 213 218 214 213 215 213 215 214 208 169 147 153 168 180 194 198 195 193 187 179 172 155 154 174 190 201 195 199 198 196 198 204 204 187 186 192 198 201 205 204 197 189 187 185 179 185 177 165 140 121 87 137 81 66 64 91 67 75 54 48 47 54 47 
87 89 88 88 92 98 110 115 112 118 176 188 183 163 138 124 115 105 104 102 133 182 194 200 207 209 206 202 195 198 209 211 214 220 214 211 213 213 218 215 215 218 218 224 219 218 206 170 139 142 148 166 178 180 185 194 203 193 168 163 185 192 195 192 186 192 204 202 197 195 191 193 196 197 204 209 207 197 186 180 181 176 180 171 159 147 154 145 124 66 65 57 56 53 50 46 44 36 39 31 
83 84 82 81 86 94 107 113 111 121 181 179 167 141 130 119 115 109 106 120 180 196 206 216 217 212 207 209 207 205 215 215 211 219 218 214 212 215 213 217 219 217 215 217 213 210 205 193 170 166 161 159 157 144 163 189 188 174 166 175 184 189 182 180 182 195 207 201 195 192 196 199 204 205 203 204 201 195 188 180 176 175 169 165 161 165 183 190 146 85 68 70 64 64 46 31 40 42 30 35 
80 78 77 77 79 84 101 113 109 138 184 166 137 125 132 127 125 113 106 161 201 200 212 216 217 216 210 207 209 214 216 213 204 198 211 218 215 212 206 210 213 209 207 205 202 197 198 196 186 186 185 177 171 149 144 165 169 171 177 183 183 180 175 185 191 192 204 199 189 192 200 197 205 207 199 197 196 189 188 182 174 169 169 170 163 174 188 179 91 49 64 60 56 59 40 39 55 36 26 24 
73 72 72 72 73 78 97 110 109 148 162 137 119 125 142 139 132 111 139 202 202 207 208 212 217 218 210 203 201 209 219 214 205 205 209 207 210 203 196 204 207 203 206 205 201 197 193 196 190 187 179 172 169 149 135 144 165 179 181 176 172 170 177 197 200 194 194 189 189 197 205 201 199 198 191 188 190 189 190 182 173 176 175 167 169 184 195 187 165 92 79 103 84 60 51 66 53 32 28 24 
66 68 70 69 69 72 87 104 110 141 131 119 112 124 149 138 121 122 189 199 199 202 204 209 212 213 208 203 197 193 211 214 210 210 204 186 179 185 189 196 199 200 199 198 195 191 194 192 183 181 178 165 159 150 144 151 166 171 174 166 169 177 182 188 190 194 191 186 188 198 203 197 185 185 186 185 192 189 182 181 183 174 156 156 177 182 185 180 170 153 152 161 156 140 117 88 58 54 45 39 
67 67 67 67 64 67 75 94 108 124 113 107 108 125 142 140 113 156 201 195 195 198 206 209 209 210 211 201 203 192 196 206 215 213 206 194 178 179 186 188 194 199 199 195 191 190 189 186 180 179 175 162 155 153 154 157 167 173 178 173 177 185 182 178 184 195 200 199 199 193 189 179 179 183 187 184 184 182 188 180 178 164 149 161 175 178 176 167 160 157 161 161 166 174 184 175 153 109 66 47 
68 66 68 69 65 66 69 89 107 116 107 104 109 119 139 123 146 195 200 192 191 198 208 210 205 205 213 204 207 197 198 206 216 216 212 200 179 177 179 184 191 189 190 184 177 173 172 164 163 165 158 155 158 162 166 162 168 172 172 179 189 194 185 182 193 192 188 193 191 181 182 184 192 187 186 186 180 181 191 182 165 151 158 164 160 153 158 159 157 164 169 169 175 179 185 190 190 189 173 158 
68 67 68 68 65 66 71 91 97 97 99 97 106 115 123 129 184 204 195 196 194 197 207 210 204 205 221 214 212 208 211 218 219 225 208 176 160 157 163 169 175 170 167 164 160 155 157 151 152 160 160 162 166 164 166 173 178 179 175 182 189 191 183 180 184 175 173 181 175 175 190 188 185 185 183 187 191 190 179 173 160 153 155 159 160 155 151 143 157 174 179 181 180 184 188 192 197 196 191 192 
67 65 66 64 62 70 83 97 92 94 102 97 105 115 119 165 206 199 188 196 197 202 212 212 207 203 211 202 201 200 205 209 204 185 152 124 116 125 133 140 151 152 147 145 150 152 150 155 166 169 164 166 170 163 166 175 180 182 182 182 180 178 176 171 166 165 172 178 174 174 180 181 188 195 190 193 188 182 175 164 152 157 152 144 152 165 166 157 153 175 188 193 189 189 188 188 196 198 195 194 
64 63 66 64 69 83 97 92 93 100 101 104 121 124 126 187 206 192 188 198 209 219 214 213 212 209 203 186 174 151 138 133 124 118 122 116 103 102 105 111 126 131 133 135 146 153 158 158 162 168 165 167 175 176 181 180 187 178 172 166 165 168 168 166 167 168 165 164 169 176 179 186 195 197 194 189 182 175 170 153 141 157 153 136 139 153 168 176 171 173 179 188 190 191 194 196 194 196 202 206 
62 63 65 66 81 104 107 93 98 99 98 116 127 125 152 200 193 186 199 211 218 218 213 208 198 168 126 112 120 109 110 109 117 116 121 129 121 111 118 113 107 101 113 116 125 139 150 150 147 156 158 153 168 181 180 169 166 156 152 147 152 157 157 161 172 175 165 159 170 178 188 194 192 192 189 178 180 178 163 143 145 155 158 147 138 135 146 160 175 180 179 183 187 191 196 197 192 200 207 213 
60 63 64 68 86 100 94 97 100 96 101 121 124 128 175 199 185 183 196 200 203 203 179 138 104 89 90 102 111 110 112 103 110 114 110 116 117 115 116 118 122 113 114 107 112 121 123 126 128 140 146 138 152 149 152 151 143 144 146 144 145 148 155 163 166 168 165 160 171 180 187 185 175 170 169 177 181 166 145 133 153 148 152 158 160 159 155 152 150 166 181 184 186 196 194 188 197 208 209 210 
64 65 65 73 95 99 99 98 90 89 113 116 125 136 177 193 180 182 191 187 164 128 94 95 97 102 102 100 101 115 107 93 100 117 115 116 119 118 129 131 129 127 131 128 124 132 123 132 130 130 135 139 137 140 139 137 135 139 149 152 149 145 149 157 153 157 159 154 164 180 185 185 174 169 179 183 169 148 133 135 153 155 154 158 166 173 174 174 153 137 161 182 192 191 188 194 206 210 210 210 
65 63 69 89 109 106 93 82 84 97 117 115 126 121 132 147 146 137 130 116 106 102 102 109 107 105 105 103 99 108 115 119 124 119 115 122 127 130 130 135 133 125 129 131 130 136 136 145 149 151 135 132 141 141 139 141 132 125 137 142 132 135 152 155 147 144 151 163 176 190 190 181 172 179 185 181 169 142 125 130 152 163 163 157 162 172 179 184 171 140 146 175 192 188 192 203 205 210 211 211 
64 66 75 94 95 87 85 78 92 105 110 113 103 97 101 105 106 104 110 109 111 102 99 99 101 101 105 103 98 102 106 127 138 123 127 133 129 131 127 128 124 117 118 124 128 132 128 144 145 151 145 153 153 149 142 145 132 133 127 128 127 137 153 146 153 165 164 177 181 182 185 191 193 196 182 180 159 130 137 133 142 159 170 169 165 161 167 178 179 155 147 169 185 197 206 205 207 212 213 214 
65 69 80 90 79 79 80 82 103 106 100 101 86 92 102 104 105 103 112 103 107 108 102 99 106 104 103 107 106 111 114 110 119 125 123 125 126 132 132 131 121 115 115 116 114 116 117 144 154 157 152 146 138 136 136 143 156 146 139 146 141 139 141 130 147 159 159 164 171 176 187 196 193 188 184 170 139 122 154 136 132 148 168 175 177 173 169 164 169 164 150 167 189 205 212 210 209 214 216 217 
63 72 81 84 78 83 83 100 109 100 90 91 87 92 101 92 95 94 102 109 107 113 111 98 99 109 112 114 107 110 123 112 114 125 117 125 131 139 133 129 127 123 120 117 114 119 124 150 164 158 151 144 141 145 151 159 168 157 158 177 161 147 150 139 139 150 159 153 174 180 179 192 188 186 175 151 131 132 163 144 135 136 160 168 178 186 182 167 155 157 144 170 199 209 211 208 212 215 217 219 
64 76 79 77 75 79 85 106 103 93 83 82 79 88 93 87 94 98 108 112 111 127 127 111 101 118 117 113 115 118 107 110 109 115 107 115 120 126 133 138 143 131 128 137 138 139 123 118 137 151 153 155 154 159 157 160 171 172 172 173 167 150 151 147 138 144 148 147 160 165 180 193 183 179 164 148 136 138 167 156 145 146 141 153 162 170 176 173 156 138 142 183 205 205 207 209 212 215 218 221 
70 80 76 75 71 77 96 105 99 88 84 80 73 84 86 92 98 99 109 112 124 129 143 140 113 107 107 109 111 121 108 111 106 115 111 125 135 138 143 149 160 158 157 158 158 160 138 122 133 145 158 154 154 154 146 144 156 165 162 159 157 143 142 143 135 134 131 130 141 160 185 177 171 168 154 148 139 145 183 161 141 167 146 145 152 157 165 164 142 115 147 194 201 202 209 213 213 216 219 221 
73 81 77 76 66 82 97 91 89 95 82 74 76 84 90 104 98 96 104 106 119 130 139 142 122 97 105 107 105 116 113 114 110 116 111 129 155 160 160 173 184 175 165 171 177 171 159 147 138 138 160 153 153 149 147 139 142 154 150 157 146 140 138 139 134 139 129 124 136 161 173 172 162 156 147 135 136 156 184 174 145 172 162 138 150 153 156 160 137 116 160 199 203 205 211 215 216 216 219 221 
80 86 80 71 72 83 82 81 90 97 83 79 85 93 101 101 94 95 96 105 107 118 132 137 122 104 104 107 117 115 110 112 110 112 107 117 134 148 172 182 186 186 187 193 189 184 172 172 163 157 174 173 163 148 139 143 133 132 145 146 144 140 133 128 136 142 124 126 152 166 165 155 146 149 131 128 140 168 190 180 146 164 176 146 137 149 157 164 132 114 170 205 206 205 207 212 217 216 219 221 
81 78 70 68 81 80 78 77 85 93 90 88 88 98 101 87 90 97 94 103 106 103 130 141 123 115 118 116 114 112 117 111 121 112 109 114 114 135 173 180 183 190 188 191 194 198 190 193 185 179 181 188 175 165 141 130 126 124 134 133 132 127 129 124 133 134 119 150 165 156 145 138 136 134 126 139 149 172 189 179 156 148 177 162 130 154 170 171 129 120 177 205 209 208 204 207 213 214 216 219 
80 70 63 79 77 74 75 68 78 96 90 96 97 102 101 87 94 102 98 98 95 104 127 134 136 134 135 123 113 114 118 112 117 111 119 121 120 121 160 173 182 183 184 175 186 198 198 199 192 180 184 183 176 177 154 121 117 124 132 126 130 128 133 123 126 126 137 165 154 141 138 131 132 125 136 152 158 173 185 179 162 142 158 161 153 174 185 177 126 128 181 203 207 211 207 204 212 213 215 218 
87 74 72 81 76 72 67 63 71 88 84 93 101 104 107 88 91 99 106 93 91 112 118 126 144 155 154 127 127 133 125 121 123 120 117 119 132 112 125 158 173 175 184 184 183 191 186 188 192 186 181 184 171 171 162 133 119 121 137 130 125 114 120 126 129 124 145 165 144 139 145 142 139 125 140 161 168 176 178 169 153 124 145 168 182 187 198 178 131 137 187 211 214 212 209 204 206 211 214 216 
83 69 76 76 76 73 63 65 73 76 77 78 94 113 106 85 86 83 94 93 94 119 136 138 131 157 151 136 139 148 138 133 121 116 110 120 136 119 119 136 160 172 185 191 183 178 186 196 193 187 176 179 166 156 168 158 149 148 153 139 132 123 125 136 145 137 127 146 142 142 154 155 149 130 137 156 173 178 166 153 139 134 164 184 193 194 197 163 114 140 192 211 215 215 214 210 205 207 210 213 
84 73 87 86 83 78 62 65 76 78 80 87 95 108 99 84 93 85 87 93 99 113 133 139 131 159 152 155 149 148 137 126 104 115 108 109 133 128 130 117 134 149 164 183 183 172 173 187 181 181 174 174 167 157 167 168 156 158 167 150 156 140 121 120 127 123 119 136 150 152 154 152 147 135 133 143 162 160 137 130 137 162 186 198 202 204 188 138 113 160 204 213 216 218 219 215 208 205 207 210 
83 84 93 93 93 79 64 63 76 80 97 88 86 99 97 83 95 102 80 84 98 109 129 136 136 146 150 145 144 132 126 122 106 118 114 102 122 127 127 111 116 127 137 153 161 162 156 168 169 177 175 175 159 159 169 172 162 164 170 166 160 146 137 131 109 113 125 138 147 148 148 146 142 139 129 125 140 137 119 137 164 179 194 205 208 200 171 122 126 181 210 214 216 220 222 220 216 208 205 206 
82 81 85 91 95 73 65 66 73 86 95 81 98 101 91 77 78 95 75 82 95 98 107 113 120 123 133 138 138 119 122 122 110 111 116 103 108 123 133 124 117 123 128 138 147 144 146 157 165 171 172 164 152 156 174 181 178 180 177 172 167 153 130 134 126 126 124 128 135 140 151 150 146 146 135 128 144 148 143 166 186 188 204 209 205 197 154 114 127 188 212 219 221 225 225 223 218 214 208 205 
74 73 89 88 78 66 63 61 63 73 85 93 102 103 99 91 69 80 86 83 91 95 101 116 129 133 116 129 136 118 122 113 110 104 122 116 108 124 131 122 113 125 121 116 136 153 148 150 160 164 166 167 156 148 163 174 175 181 179 178 161 166 148 135 132 139 129 136 137 140 152 150 144 143 137 141 156 160 176 193 191 194 206 208 200 188 141 115 146 199 211 219 219 221 223 223 220 219 212 207 
69 72 84 73 65 61 59 53 62 70 79 100 113 113 109 100 71 74 78 90 109 108 91 99 121 119 102 120 133 114 120 111 108 104 116 109 112 123 129 133 126 132 128 113 120 136 142 141 147 162 162 157 155 157 150 156 158 164 177 184 180 178 171 159 145 149 156 155 148 153 169 162 165 154 159 166 176 178 192 197 187 202 207 209 202 167 117 109 160 205 214 216 216 221 222 222 226 222 220 216 
73 67 80 70 52 49 60 68 72 77 83 97 120 125 113 99 73 65 62 93 112 94 73 103 123 119 102 101 109 127 138 134 128 128 124 125 138 124 120 124 127 126 131 122 122 129 130 136 136 147 162 157 159 174 154 155 162 163 169 183 182 180 189 176 176 174 167 151 155 160 164 165 168 162 167 179 192 198 207 200 192 203 208 203 205 169 112 107 155 204 216 215 216 220 223 225 229 223 222 217 
75 57 65 58 47 60 88 91 81 83 95 102 111 101 91 86 86 82 65 85 95 84 91 108 116 115 114 110 116 142 148 145 133 149 147 160 163 127 124 136 153 136 138 131 129 134 131 140 139 140 140 142 146 148 149 144 152 169 169 161 166 172 178 187 189 183 182 168 163 166 165 172 171 171 187 200 207 212 213 195 192 204 211 210 208 166 113 114 152 199 214 215 220 221 223 223 226 226 224 221 
83 67 60 53 51 67 103 94 87 82 99 102 99 89 78 73 88 92 76 72 90 106 106 113 113 108 123 126 114 120 139 143 129 146 155 169 164 155 153 166 170 148 150 141 131 134 128 132 153 151 134 136 142 147 153 145 142 152 156 146 153 153 154 169 172 177 177 178 180 177 170 173 166 175 189 203 207 212 209 194 198 209 213 212 215 177 118 120 153 198 214 218 216 219 221 222 224 226 224 220 
89 76 62 51 52 66 92 80 95 88 100 95 79 77 75 71 80 89 99 85 76 95 87 95 97 99 107 113 107 106 123 125 113 141 135 154 167 169 168 174 157 151 150 145 133 131 122 128 143 138 138 141 136 152 138 138 127 120 118 110 129 132 136 148 148 147 146 162 171 171 181 167 149 176 194 201 204 210 208 195 200 212 217 216 207 168 113 112 144 197 214 216 214 217 219 221 223 227 225 222 
88 87 70 51 49 60 81 81 106 102 105 97 75 75 78 79 75 82 99 102 80 84 77 83 84 104 101 99 94 95 96 105 110 110 116 122 133 141 131 127 120 131 130 138 130 128 127 129 132 136 146 142 132 125 126 121 114 103 113 113 128 135 136 142 142 144 147 155 172 186 195 164 156 187 194 198 204 210 204 195 204 215 221 216 207 177 122 109 123 179 208 214 214 215 217 219 221 221 220 218 
100 104 83 54 47 57 70 83 111 108 100 78 72 79 82 88 73 75 86 101 95 95 81 85 89 94 89 100 93 103 85 87 96 107 107 110 112 118 116 116 126 129 128 142 139 138 129 131 137 139 142 149 129 126 130 127 123 108 115 115 112 119 126 133 136 145 146 164 184 198 191 153 167 190 192 199 206 210 198 195 209 218 221 220 213 178 122 112 119 170 208 213 213 213 216 218 218 220 220 220 
106 102 89 71 59 62 71 83 97 98 106 73 72 80 83 81 64 73 73 107 127 112 92 89 96 75 99 107 100 105 95 112 114 99 97 105 119 122 119 120 128 133 138 146 140 132 128 130 133 139 142 135 132 127 135 131 123 115 111 118 116 115 123 127 124 130 143 172 198 204 186 152 181 195 191 198 204 209 194 196 210 220 223 223 219 188 129 109 118 166 206 212 214 210 213 215 216 216 218 219 
108 110 99 91 82 63 69 83 92 95 99 83 81 74 71 68 72 80 76 109 126 109 93 95 105 97 89 94 95 109 111 121 115 113 129 134 133 135 130 135 135 139 148 149 155 147 144 140 147 150 155 139 145 138 140 129 123 130 125 137 130 122 109 111 121 132 151 184 202 196 157 158 193 190 189 194 202 206 189 197 211 220 224 221 211 177 119 98 116 166 205 208 209 208 210 211 217 217 216 215 
107 109 103 96 86 72 63 82 95 93 89 74 76 75 67 76 91 75 80 103 116 109 101 100 105 102 95 82 81 103 113 118 116 116 123 123 119 129 127 141 141 146 154 138 153 157 157 154 167 172 173 158 156 150 150 134 136 139 146 158 146 139 129 119 116 136 151 188 192 164 141 192 199 194 191 194 201 201 185 201 213 220 222 218 204 162 111 106 124 170 207 212 212 208 210 210 220 219 216 213 
106 105 102 96 79 70 58 71 82 77 76 72 71 76 80 77 93 81 76 90 102 107 92 85 95 103 111 99 100 103 113 122 117 118 121 125 122 123 119 130 130 141 143 129 145 149 158 142 172 166 172 155 152 152 152 134 138 147 155 162 168 158 148 126 122 133 153 183 163 150 177 207 200 198 196 198 199 196 187 203 216 222 222 219 200 146 105 103 119 178 211 210 211 207 212 210 217 221 218 214 
106 105 104 98 83 65 54 56 63 75 66 67 78 76 76 71 79 84 74 76 91 87 78 87 115 123 118 120 122 127 133 127 119 119 118 122 124 122 118 123 117 120 121 119 133 139 147 124 150 142 146 147 140 138 139 140 137 146 148 155 161 152 139 126 127 137 161 165 160 191 211 208 205 201 194 195 196 190 188 206 217 221 222 222 199 132 97 103 130 186 208 212 213 208 212 209 215 211 211 211 
106 106 105 101 89 68 49 52 54 70 57 56 76 81 68 68 74 74 70 73 79 74 80 99 124 129 120 136 135 142 139 135 137 136 129 124 122 124 119 128 121 120 127 123 125 115 123 124 132 131 123 126 130 122 124 137 142 144 137 142 146 139 132 133 125 136 149 145 190 218 212 209 206 204 194 195 194 185 192 208 216 219 220 214 190 117 96 114 144 202 211 214 214 213 215 210 215 210 211 213 
105 106 104 100 94 86 62 60 56 59 59 55 64 72 68 67 69 76 76 90 79 81 90 112 127 131 121 133 141 152 148 146 144 148 142 140 132 128 128 131 132 134 134 129 132 121 111 123 131 137 122 120 119 120 132 145 147 150 149 143 145 144 141 144 127 140 145 194 216 217 211 211 205 200 199 196 194 185 192 209 216 216 214 198 165 109 99 116 173 212 214 217 218 217 215 213 216 211 211 214 
104 103 99 93 88 85 82 71 66 76 65 65 72 67 68 78 78 84 91 100 76 85 95 110 126 119 116 124 127 131 137 141 140 147 136 145 143 133 130 134 136 134 132 126 130 125 120 123 121 130 125 130 122 130 142 151 154 158 157 152 146 150 145 132 117 149 191 216 215 216 212 209 206 200 200 200 194 184 199 211 215 215 212 189 136 97 100 138 197 214 220 220 220 219 215 214 216 213 212 214 
101 98 94 88 88 85 84 76 84 94 82 76 66 65 79 92 80 92 105 106 79 90 101 117 130 110 113 121 122 116 127 133 134 132 132 138 142 133 141 145 135 126 124 121 126 120 124 127 116 124 131 133 119 126 129 136 146 150 155 157 146 144 135 109 133 192 213 219 219 215 210 209 208 204 201 201 195 183 206 213 216 217 206 174 121 104 127 170 206 212 221 224 224 222 220 218 218 212 210 212 
99 95 92 90 88 84 80 80 89 92 74 67 57 51 80 99 79 92 94 100 81 87 95 111 117 103 113 116 120 110 130 139 137 127 141 135 135 135 144 138 131 128 127 128 130 120 112 119 117 119 124 128 125 129 125 125 127 134 147 153 150 132 116 116 178 203 209 216 213 214 211 210 209 207 203 199 197 187 206 211 215 210 185 150 104 99 147 190 211 219 223 223 226 225 224 223 221 214 210 211 
98 93 91 91 88 87 85 84 83 82 70 54 60 61 83 98 95 93 102 101 84 87 94 111 105 100 103 106 106 111 127 132 127 136 130 132 131 128 132 125 128 128 135 131 128 124 123 117 123 124 119 118 121 124 121 126 124 123 141 142 136 124 110 139 192 204 210 213 215 216 214 211 208 206 201 198 196 187 204 208 210 208 170 117 91 110 169 205 216 222 224 227 227 227 227 226 226 220 212 212 
99 93 90 91 89 87 88 83 76 81 81 69 65 57 67 93 112 113 123 96 83 81 94 99 93 105 90 93 103 119 115 121 124 131 122 124 127 121 125 123 128 132 132 133 126 120 123 121 120 117 118 124 113 118 123 132 135 119 129 133 120 117 113 161 195 207 212 214 215 217 216 212 208 206 203 202 194 188 203 206 203 187 133 93 100 159 205 217 221 226 226 228 228 230 229 228 229 222 217 215 
101 93 89 90 89 86 85 81 76 72 76 70 67 62 67 74 84 91 102 89 82 81 90 93 103 109 100 104 110 116 107 110 109 121 116 117 122 118 124 126 127 131 131 137 130 125 120 117 118 118 125 133 124 121 130 136 124 113 112 116 124 135 130 177 207 212 217 217 218 220 218 213 208 206 203 204 190 185 202 203 200 153 106 103 143 203 215 216 219 226 227 231 230 229 229 228 228 224 221 217 
98 91 87 88 86 87 80 81 98 131 143 144 145 138 130 103 81 79 86 96 94 86 103 100 114 117 105 101 103 107 95 99 113 114 120 122 126 121 128 127 129 132 134 141 135 125 122 126 131 130 129 124 121 129 123 114 111 101 92 119 148 145 135 183 206 213 217 220 219 220 219 215 210 207 203 198 187 184 199 198 167 115 89 112 174 206 217 216 220 226 228 229 230 230 230 228 227 225 220 213 
93 86 84 84 82 82 81 135 195 201 198 192 192 188 187 182 171 137 103 99 105 103 97 106 114 112 99 90 100 111 99 105 109 118 123 122 126 130 131 137 141 136 139 149 135 130 132 132 134 134 126 127 133 134 115 103 104 93 93 138 158 147 157 195 211 213 217 220 218 220 218 212 209 209 203 195 185 184 190 173 124 88 107 163 208 216 219 225 223 229 229 229 230 231 231 229 227 227 222 213 
88 82 80 81 79 81 121 189 197 202 196 193 192 201 201 199 200 190 174 136 117 109 89 94 99 105 98 88 97 103 100 102 110 127 117 119 127 127 130 135 136 134 130 140 139 139 137 136 144 152 128 113 120 116 111 122 134 108 92 153 162 140 173 194 207 212 216 217 214 215 215 211 206 203 201 195 183 178 168 138 101 97 132 193 214 216 219 221 224 230 229 227 229 231 231 229 227 228 222 211 
82 81 79 77 79 94 166 195 194 192 195 197 188 193 199 200 196 193 192 184 177 165 153 137 111 96 94 92 99 95 102 110 116 116 116 125 123 129 134 130 124 134 127 137 148 137 131 131 134 135 110 91 105 128 139 149 150 118 91 154 158 142 182 196 205 210 212 213 213 211 212 209 202 199 195 194 181 170 129 93 91 108 163 203 219 224 222 226 225 227 227 227 228 230 230 230 230 227 221 210 
82 79 78 78 80 137 188 197 191 194 191 191 184 187 194 197 197 193 190 187 177 179 193 176 144 129 127 116 106 104 106 98 100 110 115 121 128 125 131 132 130 142 133 121 119 121 119 110 106 107 120 129 143 154 155 158 150 124 84 145 150 157 186 197 204 210 211 211 211 210 206 202 200 199 198 191 174 143 94 86 108 148 194 210 220 226 225 227 226 227 229 230 230 231 230 229 228 222 216 205 
79 76 76 69 103 178 188 197 192 191 189 186 178 180 188 194 194 189 184 173 175 191 195 188 175 171 167 156 148 141 134 119 113 103 94 106 104 112 109 113 111 117 113 99 95 100 100 96 123 139 151 154 155 154 161 165 155 128 96 151 145 165 186 198 206 209 211 211 209 206 202 203 208 207 204 202 169 117 92 99 116 174 207 216 222 227 228 228 226 227 229 230 230 231 230 225 222 215 210 200 
77 70 71 72 154 185 198 196 197 191 188 184 175 177 191 193 187 174 163 161 173 175 170 167 163 158 154 154 149 151 145 145 150 138 138 137 130 120 113 119 117 115 95 86 96 105 121 148 161 159 156 153 161 160 166 162 159 121 98 144 151 170 181 196 202 208 207 209 212 212 215 216 211 209 207 196 157 107 94 113 133 194 214 220 222 227 229 229 224 225 227 228 228 229 229 225 219 214 208 199 
76 63 63 106 175 188 195 193 192 191 186 181 171 181 189 187 179 166 159 163 170 168 164 161 159 157 157 158 159 161 161 161 163 159 157 156 155 153 157 157 151 124 99 112 131 147 165 172 164 161 157 157 163 165 168 159 149 123 102 135 162 170 177 199 212 211 210 214 217 217 216 214 214 208 204 190 127 93 101 128 163 215 219 222 222 230 228 231 228 225 229 229 228 226 226 224 218 211 203 195 
74 69 99 156 182 192 196 191 188 186 187 176 167 183 189 185 177 166 160 166 170 174 178 172 171 173 174 175 178 177 175 176 179 171 166 160 165 166 164 153 125 111 135 154 154 170 170 157 151 152 149 158 162 165 161 156 152 139 102 130 163 172 183 204 212 211 214 215 218 217 217 214 214 208 200 175 111 96 110 150 202 226 225 227 227 229 227 227 228 226 228 228 227 223 224 222 217 209 202 193 
