252 252 253 253 253 253 253 253 252 252 251 250 252 252 252 251 250 251 251 252 253 252 253 253 253 253 252 251 254 254 254 254 254 254 254 254 253 253 253 252 252 253 254 254 254 254 254 254 254 254 254 254 254 254 254 253 253 253 252 252 252 252 252 252 251 251 251 250 249 249 251 250 251 248 249 252 252 250 250 251 252 252 251 252 253 252 253 254 252 253 253 253 253 254 254 253 252 251 251 251 
252 252 253 253 253 253 253 252 250 246 233 238 241 247 250 251 250 250 250 252 253 253 253 253 253 253 253 253 254 253 253 253 253 253 253 254 255 255 254 253 253 253 254 254 254 254 254 254 254 254 254 254 254 254 254 253 253 253 253 253 253 253 253 253 252 252 252 251 251 251 251 249 251 250 249 249 248 247 245 245 244 243 245 245 243 243 245 248 249 250 252 253 253 253 252 253 252 253 253 252 
252 252 252 252 252 252 252 252 251 232 176 159 154 180 192 197 187 189 185 200 205 216 226 233 241 247 252 252 252 253 252 251 251 251 250 251 252 252 253 253 253 252 253 253 253 254 254 254 254 254 254 254 254 254 254 253 253 253 253 253 253 253 253 253 253 253 252 252 252 252 252 251 251 251 251 250 249 249 248 247 247 246 246 247 247 246 244 243 239 239 240 239 238 240 238 240 242 243 246 247 
252 252 252 252 252 252 252 252 251 228 190 166 143 184 190 199 201 187 174 162 129 135 135 114 131 168 209 215 197 216 218 220 223 226 230 237 243 245 249 250 252 251 252 253 252 254 254 254 254 254 254 254 254 254 254 253 253 253 253 253 253 253 253 253 253 253 252 252 252 252 251 251 251 251 250 250 250 249 249 248 248 247 247 247 247 247 246 245 244 244 243 243 243 244 243 240 238 236 233 232 
252 252 252 251 251 251 252 252 251 225 199 160 164 188 189 198 205 199 199 186 132 125 129 116 124 129 201 193 182 211 214 211 202 196 172 168 170 174 175 177 187 184 188 198 202 214 230 236 243 249 250 252 252 251 252 252 252 252 253 252 253 252 251 252 251 252 251 251 251 249 251 252 252 251 251 250 250 249 248 249 248 247 247 247 247 247 246 246 246 245 244 244 244 243 243 242 242 241 239 239 
251 251 251 251 251 251 252 252 251 223 200 151 141 189 189 197 204 200 201 200 150 145 137 130 129 137 186 157 192 201 214 212 204 198 170 166 171 173 171 164 169 162 158 157 146 147 160 134 133 139 148 152 160 165 172 181 190 204 221 231 237 244 246 247 248 248 250 250 249 249 250 250 251 251 251 251 250 249 248 248 247 246 246 246 246 246 247 247 246 245 245 245 245 244 243 243 242 242 242 241 
252 251 251 251 251 251 252 252 251 219 195 143 149 150 187 196 200 199 201 201 158 156 131 120 145 134 185 134 171 184 212 215 206 197 170 179 170 170 170 155 170 161 158 144 156 143 164 136 140 139 145 135 135 145 114 105 88 83 86 85 95 100 109 120 125 154 163 173 190 202 220 230 242 246 249 248 248 247 245 246 247 246 245 246 245 246 247 246 245 245 245 245 244 244 244 242 241 242 241 241 
247 250 251 250 252 252 252 252 251 223 197 144 164 179 179 193 200 201 200 196 165 153 127 130 169 132 166 170 171 192 210 213 205 193 180 169 168 172 175 152 166 173 151 142 164 144 138 137 142 140 146 135 130 137 108 103 83 83 93 89 88 83 90 91 94 97 93 92 100 90 91 77 83 90 106 119 128 147 163 175 194 204 215 225 234 240 243 246 244 244 243 242 240 240 242 241 241 240 239 238 
245 248 247 250 252 252 252 252 251 217 209 116 123 170 194 194 201 202 200 192 164 129 141 142 180 148 194 152 147 182 211 211 202 185 175 170 163 168 176 155 163 160 149 141 148 147 134 142 143 142 146 134 126 110 96 91 86 84 89 89 86 78 84 83 98 90 90 93 97 95 87 85 81 80 87 85 86 109 93 95 106 98 95 90 94 93 103 117 129 144 155 175 183 197 207 221 231 239 239 238 
251 251 250 251 251 251 251 251 250 214 200 109 108 110 182 193 199 199 202 195 174 146 192 196 192 208 216 167 149 166 211 211 210 180 175 163 166 175 174 162 157 154 156 152 148 148 137 130 134 142 147 129 122 110 93 89 85 81 83 83 82 79 81 102 98 91 88 87 87 92 89 85 80 73 82 79 94 87 83 98 96 94 112 94 103 91 87 95 99 103 103 108 98 88 91 97 92 90 100 114 
249 251 250 251 251 251 251 251 251 209 188 132 122 131 154 193 197 193 202 202 202 181 160 174 172 225 221 184 139 165 200 209 207 186 165 169 166 172 175 173 170 171 152 153 142 140 135 130 135 139 154 130 121 107 94 87 77 77 85 80 84 74 77 90 92 101 88 86 86 82 81 77 66 67 69 69 95 94 86 117 94 106 118 101 100 89 77 95 97 100 96 103 105 114 98 102 96 89 92 92 
247 251 248 251 251 251 252 251 249 204 189 120 132 171 186 193 198 193 203 205 202 192 182 209 200 229 222 199 168 169 197 209 203 176 160 168 165 165 174 172 168 171 157 146 151 139 138 142 131 139 151 124 110 96 88 83 73 82 89 74 77 75 75 81 88 88 82 87 81 75 71 74 67 72 76 77 82 90 87 103 95 84 94 123 87 84 92 100 99 100 103 106 96 106 105 96 97 93 95 93 
250 251 248 251 251 251 251 250 248 206 190 138 130 187 185 190 191 191 201 200 195 198 230 227 225 227 222 209 189 192 209 202 199 164 154 152 137 136 157 146 139 139 153 144 153 140 133 132 119 114 104 94 89 83 82 81 68 75 86 77 87 79 74 77 83 85 84 86 81 76 82 75 70 67 76 77 91 82 77 84 90 103 91 127 81 90 108 105 97 99 103 106 110 103 113 100 101 96 92 90 
250 251 244 250 251 251 250 249 246 203 188 138 141 182 184 190 190 192 198 200 193 205 235 231 228 227 223 220 213 206 167 129 109 97 97 98 96 97 96 97 95 97 105 100 104 105 101 90 88 87 88 91 89 83 79 75 69 83 83 83 83 79 75 81 87 80 80 81 82 76 71 73 74 60 67 79 104 89 79 76 92 88 91 99 94 98 111 123 96 104 107 113 105 104 96 93 97 97 84 91 
250 251 250 251 251 251 250 249 246 202 183 104 137 181 184 190 186 192 190 200 192 204 222 214 220 221 221 219 212 171 90 94 88 84 87 87 87 94 91 89 93 99 93 89 87 89 91 90 89 90 86 88 83 82 80 69 72 90 88 86 82 83 87 90 81 76 74 74 78 77 70 66 63 67 79 94 115 96 85 78 86 93 96 84 90 91 99 112 105 107 101 109 108 110 95 99 84 91 87 89 
250 251 250 251 251 251 250 249 242 199 179 103 110 168 185 188 179 191 195 197 172 135 111 103 113 120 149 167 135 93 85 84 82 83 81 82 83 91 91 94 89 87 87 88 86 86 89 85 86 89 94 94 87 79 80 74 69 88 83 86 79 80 101 94 80 77 79 72 69 76 65 74 68 66 76 85 101 90 75 80 87 93 106 86 87 91 97 111 107 105 97 103 113 103 92 97 92 90 87 99 
250 251 250 250 250 250 250 250 241 199 177 121 133 171 184 187 148 115 131 128 99 81 82 87 87 86 86 81 89 84 82 78 76 77 79 79 83 85 88 88 85 78 82 82 85 87 84 79 88 92 89 84 85 83 81 82 84 89 88 84 79 73 82 86 81 79 82 74 73 69 75 86 84 67 72 74 91 80 89 80 106 87 102 87 106 99 101 112 103 100 95 95 99 97 97 97 96 91 84 141 
250 251 250 250 250 250 250 250 236 193 169 128 142 153 184 173 91 82 86 88 83 78 83 85 84 83 84 82 85 83 81 75 75 75 75 78 81 82 85 85 81 80 80 80 82 82 84 78 88 90 86 82 94 91 84 87 86 78 79 84 81 71 84 85 84 86 74 74 79 72 73 77 74 67 72 71 85 86 86 88 90 82 97 97 99 99 92 109 97 101 91 99 99 96 95 86 98 96 86 184 
250 251 251 251 248 251 251 249 230 188 160 125 172 170 180 131 78 79 80 85 86 80 86 83 82 79 77 76 80 80 71 74 73 74 76 77 80 79 79 82 81 81 84 82 82 82 86 79 86 92 91 84 88 93 84 82 94 70 71 74 74 77 82 79 76 86 74 69 71 86 79 71 65 73 71 71 85 86 87 96 102 82 93 93 96 90 90 89 93 97 98 92 93 85 92 90 92 96 98 219 
250 251 249 250 249 250 250 248 226 190 155 112 161 180 177 93 74 78 79 82 81 78 76 78 73 75 75 72 80 82 77 78 77 78 76 77 82 83 84 85 82 79 81 85 86 86 87 85 87 99 97 91 97 98 82 84 87 71 82 73 69 79 78 74 72 72 76 79 82 83 82 85 68 89 66 66 78 93 98 104 94 85 72 84 91 90 92 92 114 102 91 88 83 85 93 87 86 85 132 229 
250 250 248 249 249 249 250 249 225 186 175 123 167 181 170 78 81 79 80 82 74 77 79 71 69 69 68 70 81 84 72 77 75 75 75 81 82 80 83 89 88 73 80 92 93 95 94 91 96 104 103 93 94 88 81 78 75 75 81 68 72 82 80 73 75 69 70 68 87 81 84 83 83 85 74 76 76 92 99 109 101 94 89 95 111 85 92 100 118 91 99 91 82 90 89 82 94 93 176 231 
250 250 247 249 249 250 249 248 224 187 189 171 178 181 153 74 73 75 74 73 70 70 74 64 64 67 69 71 75 78 78 76 74 81 78 77 75 84 85 90 86 85 92 99 98 99 99 96 96 107 92 95 90 81 79 77 71 75 72 64 77 76 74 92 81 66 69 75 75 82 90 88 77 84 76 79 86 82 112 102 138 104 82 78 78 84 89 93 89 82 83 97 93 93 90 89 87 103 217 225 
251 249 248 248 248 248 248 247 221 187 184 180 180 180 123 66 66 68 64 64 63 65 65 67 70 73 76 73 82 86 86 83 82 80 79 81 84 92 96 92 84 89 90 96 104 99 103 93 93 99 88 87 84 79 76 89 80 75 74 71 78 77 74 104 79 72 66 59 72 82 86 95 81 81 78 78 84 96 94 95 117 107 87 76 82 87 80 85 88 87 82 93 94 95 96 95 87 129 229 219 
251 249 248 248 248 248 249 248 217 184 180 179 183 180 96 64 65 64 61 61 62 64 69 72 72 78 78 79 82 84 85 86 85 82 87 90 87 92 99 101 98 96 96 100 106 96 98 93 97 92 92 87 81 78 78 88 82 73 70 64 67 83 81 92 73 69 72 71 70 75 81 97 89 91 88 93 89 104 82 79 85 92 82 79 82 83 82 76 84 92 93 100 98 88 87 97 94 174 233 217 
251 249 248 249 248 248 248 248 215 182 179 178 178 177 71 60 64 66 62 60 64 71 70 76 77 76 82 82 83 81 81 84 92 96 89 98 93 92 93 99 94 100 107 106 115 101 101 84 81 81 87 88 87 88 84 81 78 73 73 62 61 90 70 91 80 72 70 65 59 81 89 88 91 80 79 92 90 97 83 79 80 86 81 80 83 79 80 73 86 90 96 98 104 89 105 97 104 216 226 224 
250 248 248 249 247 247 248 247 208 184 187 176 180 170 62 58 59 63 64 69 67 69 71 75 79 76 77 79 79 79 79 82 82 94 88 96 97 92 102 102 103 107 121 113 107 108 97 97 107 101 93 93 96 92 86 72 74 78 66 64 60 86 92 89 87 80 67 58 58 71 86 88 106 99 79 95 83 93 78 69 82 81 72 104 105 90 83 86 93 90 95 92 96 91 107 106 143 231 218 231 
250 248 248 249 247 246 247 247 195 178 192 174 172 120 64 63 64 70 66 73 69 72 74 76 77 73 75 78 81 84 79 85 89 95 93 99 108 95 88 95 96 99 108 106 107 103 99 93 100 99 95 94 101 95 85 70 68 73 62 72 65 83 99 78 84 91 77 64 74 82 97 83 76 103 83 100 81 95 74 65 61 66 77 84 88 97 96 135 89 92 91 90 90 99 102 105 173 231 217 234 
249 247 247 248 247 247 249 249 194 172 152 100 84 76 68 65 66 66 71 73 71 73 74 75 76 76 78 84 82 81 86 84 90 93 95 93 93 88 89 89 88 95 105 103 97 95 90 95 99 101 92 93 96 93 87 84 82 73 74 76 79 86 103 79 78 87 78 77 82 66 76 83 78 114 86 96 80 77 72 60 69 78 71 70 70 91 80 105 83 95 89 92 102 113 96 100 209 223 222 235 
249 247 247 248 248 247 247 248 190 158 76 75 76 78 73 69 68 66 68 72 70 70 71 75 76 82 81 87 89 88 86 81 90 90 85 92 96 91 92 88 86 96 98 95 89 88 90 87 91 95 90 88 91 93 88 83 81 65 80 66 83 72 86 80 81 86 82 78 65 56 62 68 91 102 97 86 81 99 100 69 65 72 71 77 69 85 77 72 83 91 91 91 132 98 102 127 226 214 231 233 
249 246 246 247 247 247 248 246 187 153 78 74 77 78 74 73 71 67 72 75 75 71 72 71 76 85 85 87 74 85 84 83 93 117 118 142 127 134 125 125 127 136 131 124 114 110 109 110 96 94 94 95 84 83 86 82 80 58 62 74 87 71 72 80 78 84 79 81 60 56 67 78 91 88 87 93 88 136 114 71 55 61 55 77 75 85 76 77 84 86 81 89 101 93 95 153 229 215 233 234 
249 245 246 246 246 247 248 243 179 140 72 75 77 82 74 80 77 72 75 77 73 72 68 72 79 88 85 89 82 94 116 129 147 152 166 168 152 149 155 159 157 158 151 141 134 119 124 126 123 100 79 92 82 82 81 68 70 60 73 75 87 85 90 89 98 76 81 90 70 68 77 73 70 80 89 75 87 93 80 73 67 61 62 72 72 89 74 82 80 86 80 98 90 83 89 204 224 221 234 234 
248 246 246 246 245 246 247 240 180 134 74 76 77 88 80 78 79 79 80 78 75 75 75 78 82 85 85 85 101 172 194 158 152 159 158 154 149 149 154 160 158 150 152 143 130 124 115 118 130 138 122 97 80 84 76 67 75 80 69 83 83 86 81 101 114 102 84 82 81 77 74 77 75 75 102 94 80 75 75 70 75 67 66 69 70 88 74 73 82 80 83 91 86 86 109 225 216 231 233 233 
248 246 246 246 246 246 245 238 183 131 77 78 82 85 88 78 77 83 83 81 80 78 88 84 77 77 77 123 190 213 197 160 169 157 162 151 159 155 160 162 170 152 148 163 126 124 120 108 113 124 115 98 82 80 76 74 69 78 78 77 83 77 69 91 86 95 93 75 72 85 84 86 80 74 95 87 94 89 76 77 75 75 65 75 84 76 83 73 85 85 74 84 80 78 147 231 214 230 233 211 
247 245 246 246 246 246 246 232 177 127 78 80 88 90 87 80 80 85 90 88 85 79 74 80 79 80 114 208 215 207 197 171 149 156 152 147 157 153 158 153 156 147 148 167 130 119 146 118 115 123 111 109 83 82 79 77 75 74 83 74 79 76 76 90 84 90 101 75 62 78 73 85 77 85 72 76 91 99 78 82 76 69 60 72 75 65 81 80 71 91 79 78 83 72 199 225 220 230 232 208 
246 245 246 246 246 246 247 230 180 120 79 77 81 83 87 84 83 88 95 84 86 87 78 86 79 125 205 218 217 208 188 168 154 149 148 150 154 149 152 150 150 147 137 132 126 128 136 123 132 144 132 115 91 86 87 79 81 106 74 76 85 89 90 94 86 98 100 77 58 55 74 91 79 78 77 64 84 83 92 95 70 68 64 74 72 58 69 71 68 67 74 81 92 97 226 212 229 233 229 202 
246 245 246 246 246 246 245 227 176 117 78 82 84 88 85 88 89 89 92 83 94 90 83 86 112 207 219 218 214 207 172 156 163 153 148 151 148 151 165 156 153 142 133 128 127 136 130 127 127 133 128 117 103 95 100 95 96 113 84 87 99 91 93 102 101 104 95 79 65 58 82 78 82 77 82 95 84 83 87 86 94 82 61 66 73 62 77 92 102 67 79 80 82 145 229 212 230 234 213 208 
247 247 247 246 245 246 245 220 174 114 85 84 90 89 88 95 96 92 96 95 105 95 84 91 195 220 217 216 214 208 164 160 151 157 148 152 149 153 164 160 158 146 128 129 131 133 112 112 106 98 100 115 133 117 114 110 114 120 91 106 114 113 108 111 112 111 117 109 90 79 77 84 85 99 76 98 104 96 96 89 87 98 89 75 68 68 73 92 100 71 66 84 85 190 223 218 232 224 187 209 
246 246 247 246 245 246 246 215 164 107 89 93 92 98 88 90 95 99 96 97 99 90 87 165 225 221 218 218 211 207 163 161 155 152 147 151 151 152 145 153 153 141 129 113 119 107 99 88 91 69 60 92 131 131 126 121 127 132 106 117 120 131 139 118 110 93 112 129 126 121 88 65 67 96 79 92 89 96 83 75 101 106 99 90 96 69 69 85 83 72 78 87 102 219 213 228 232 225 185 207 
246 245 246 246 246 246 246 219 169 104 92 93 90 95 88 88 95 94 91 90 94 92 147 223 227 221 221 218 212 197 159 167 160 159 148 155 151 151 148 147 152 147 119 88 88 99 86 91 83 71 60 107 136 137 144 155 155 137 124 124 122 138 159 142 130 87 90 126 125 138 110 99 81 90 74 79 76 101 112 114 82 98 95 89 95 72 60 73 65 77 83 81 139 226 208 229 231 217 202 206 
247 244 245 245 246 246 246 217 174 93 83 87 89 91 83 88 92 87 92 92 110 180 232 227 226 220 219 215 209 190 158 154 154 177 150 155 157 154 146 143 150 159 139 163 143 103 71 92 70 74 71 146 123 161 158 176 176 147 140 143 127 129 150 153 147 102 59 115 111 129 136 141 96 84 61 61 66 84 95 143 131 118 99 92 69 70 68 69 62 86 80 93 184 219 214 229 230 200 204 203 
246 244 245 244 245 246 245 214 170 75 69 77 76 82 86 88 93 89 97 128 204 231 234 228 225 220 219 217 203 189 162 147 153 156 151 146 153 166 168 180 186 185 173 181 159 116 87 96 86 57 85 139 107 161 180 176 187 172 150 154 134 119 124 153 153 111 49 92 106 145 164 153 110 98 80 60 67 75 76 95 79 103 108 78 76 75 84 72 66 87 83 98 211 207 219 225 226 194 203 203 
245 244 245 244 245 245 245 208 163 79 75 81 83 88 89 92 96 102 126 225 235 232 233 227 225 219 219 220 205 175 161 148 155 151 140 138 169 171 171 187 196 193 182 156 167 140 120 106 109 55 62 108 120 151 186 183 178 184 161 155 143 111 111 145 146 103 55 81 121 138 161 147 130 133 114 78 72 71 72 73 88 80 69 80 77 85 80 71 69 106 88 137 220 203 219 223 215 196 202 201 
245 243 245 244 245 245 245 204 163 80 80 83 89 91 92 97 118 159 179 237 238 234 234 228 226 218 220 221 213 169 159 149 157 162 147 112 169 173 172 184 184 199 187 175 164 147 102 114 112 68 78 107 130 147 181 197 174 184 163 141 146 125 115 140 134 102 67 91 100 119 128 126 144 144 136 105 83 68 74 76 88 86 61 72 88 105 89 81 86 89 93 177 215 201 206 202 190 191 199 199 
244 244 245 244 244 244 244 196 160 84 88 88 89 91 104 154 180 184 189 239 236 234 235 228 226 220 221 220 211 167 156 150 164 158 146 112 169 172 173 180 188 196 181 172 160 131 112 123 125 108 158 111 94 111 168 192 169 180 167 124 113 117 109 133 123 103 68 64 75 91 86 95 139 147 152 134 101 94 97 101 115 109 92 97 81 75 75 72 91 90 90 207 203 165 121 124 107 138 187 195 
244 244 245 244 244 244 242 192 154 81 84 89 91 129 172 186 181 183 196 240 235 232 235 228 226 220 219 216 211 166 155 155 160 157 152 141 131 169 172 175 181 197 176 165 149 115 117 129 119 137 190 162 123 117 155 170 169 175 181 140 137 119 106 119 108 94 62 54 58 63 65 95 121 137 150 153 114 130 128 94 90 80 89 91 111 65 75 68 82 92 131 215 188 98 62 72 82 89 182 189 
243 243 243 244 242 242 241 193 144 82 80 111 160 165 175 189 185 182 202 238 238 231 232 228 226 222 219 214 215 170 156 160 163 158 143 141 128 150 168 178 177 184 172 133 122 105 122 112 103 145 128 176 143 132 143 154 181 187 187 157 128 118 90 112 106 75 62 71 67 62 83 96 122 140 155 160 137 137 138 104 88 71 82 73 108 83 84 96 88 104 165 210 161 82 64 90 95 72 164 189 
243 243 243 244 242 242 240 184 145 80 115 203 187 168 176 189 188 185 202 235 236 234 232 228 225 220 217 212 207 167 158 158 164 154 146 145 171 122 150 170 167 163 151 150 105 95 115 110 123 139 143 130 187 153 151 165 191 200 189 166 126 126 94 104 113 78 55 74 89 73 92 111 120 116 143 152 151 129 135 112 96 66 75 79 75 88 85 97 92 101 196 156 84 85 58 62 68 48 151 187 
242 242 242 243 242 242 237 185 135 102 204 218 193 169 180 192 189 189 207 238 235 236 232 229 225 222 224 209 203 161 151 158 171 152 155 151 151 143 114 134 166 126 93 102 87 92 127 150 169 145 159 103 184 115 167 203 219 205 187 166 150 92 84 97 108 65 39 87 98 69 105 111 92 117 141 154 154 142 122 122 121 66 86 124 125 101 106 85 95 106 123 72 66 75 48 37 82 44 146 185 
242 242 243 242 242 242 235 179 123 167 220 220 200 167 181 191 185 187 210 239 233 236 229 228 225 221 224 208 196 158 150 156 161 150 153 154 146 150 134 93 80 125 78 102 85 90 64 41 130 161 132 59 49 73 126 198 237 203 206 179 122 115 83 102 103 66 35 77 93 85 118 107 102 135 137 143 118 139 148 157 142 69 78 147 151 148 128 118 66 91 99 86 64 63 39 51 62 39 132 181 
243 242 243 242 242 242 232 179 141 191 222 219 205 161 178 191 184 187 215 239 236 237 231 226 224 221 222 209 184 154 150 151 159 154 146 160 152 148 131 108 46 39 56 52 75 70 117 156 169 223 212 178 113 103 102 97 212 192 216 190 138 119 75 99 109 97 61 63 94 107 127 98 104 109 140 137 138 136 141 138 120 53 59 124 144 154 122 114 106 142 118 92 52 56 43 55 72 68 101 176 
242 242 243 243 242 242 227 177 172 189 223 221 213 164 179 190 187 187 223 238 236 237 230 228 224 222 224 205 176 154 156 151 151 164 143 146 148 149 133 111 55 44 68 46 82 50 107 144 156 148 177 178 148 135 150 126 87 110 208 195 165 114 62 91 124 112 52 69 98 117 116 106 112 134 137 127 143 136 134 139 128 80 42 95 127 132 104 133 140 149 120 79 67 59 51 53 61 91 106 115 
241 242 243 242 242 241 224 173 185 189 222 221 219 170 179 188 188 187 228 238 236 237 227 227 226 222 224 204 175 158 165 152 149 166 143 144 156 148 142 121 55 26 52 87 73 113 68 61 131 156 161 151 128 142 156 130 93 152 208 195 158 109 57 102 129 103 56 80 98 115 127 109 110 101 79 121 140 148 134 148 133 113 87 68 117 111 124 140 140 129 114 96 77 93 64 61 93 126 92 66 
242 241 242 241 242 241 222 174 190 188 219 218 224 175 177 188 189 188 233 237 235 239 230 228 223 225 222 198 168 153 164 154 150 158 139 147 161 141 152 127 56 27 32 63 71 62 71 67 123 162 161 151 136 126 128 83 196 209 211 186 151 95 73 120 136 96 63 100 93 117 102 107 122 81 48 98 133 121 135 153 148 141 44 43 93 98 122 122 141 132 123 96 97 79 73 63 58 35 103 82 
241 241 241 242 241 241 218 169 193 193 215 214 224 181 173 188 191 191 236 236 235 234 229 226 223 224 218 187 162 155 155 150 156 169 154 146 150 139 133 123 52 26 35 53 61 67 95 84 112 157 168 211 176 120 103 140 231 220 196 185 160 101 80 125 123 77 89 113 98 105 81 123 115 71 51 121 133 77 98 135 147 133 67 27 66 92 93 88 129 136 127 127 114 91 72 57 26 81 123 119 
241 241 241 241 241 241 210 167 202 200 210 210 224 183 177 191 192 192 239 239 237 236 231 228 224 224 215 182 161 158 154 148 162 175 151 144 149 138 125 125 55 30 54 63 83 107 35 94 160 183 227 139 67 41 113 186 194 213 194 185 158 96 93 121 114 74 87 111 89 112 109 130 108 67 69 128 124 56 64 119 138 100 79 41 44 85 90 78 110 129 139 123 120 66 35 44 40 85 88 170 
239 240 239 240 241 240 202 163 205 204 205 209 226 188 180 189 193 188 239 239 237 233 232 225 222 225 219 195 162 156 154 146 156 177 141 136 144 138 123 117 70 30 53 82 72 45 96 158 144 162 143 129 115 152 138 168 161 192 191 184 157 109 116 127 96 62 107 104 95 92 92 109 78 72 92 122 109 49 57 122 142 114 94 53 57 125 139 139 121 98 117 133 58 43 39 45 37 51 68 211 
238 239 239 240 240 239 193 154 206 206 200 212 223 189 187 190 190 195 239 238 237 233 231 228 223 225 222 201 171 156 155 152 146 158 134 122 131 132 118 107 76 30 48 45 18 61 71 46 37 139 147 151 130 178 160 143 155 175 183 186 142 112 129 125 95 74 106 103 107 88 87 77 75 83 110 108 86 50 56 112 127 107 73 37 67 119 127 126 109 82 65 102 67 46 39 37 26 26 117 214 
236 237 236 238 241 240 194 164 208 207 198 210 224 189 182 189 186 202 239 239 238 234 230 225 220 223 224 187 161 157 148 154 142 145 126 111 123 122 101 98 82 46 40 62 71 78 76 98 138 141 127 138 146 153 138 152 176 176 176 180 138 110 138 126 84 72 92 95 107 93 110 72 69 74 105 96 81 50 40 87 95 88 74 32 59 103 112 105 68 87 67 81 71 50 37 38 27 51 186 208 
236 238 237 237 239 240 188 165 209 206 195 212 225 190 183 190 186 212 240 238 237 234 231 226 224 224 219 182 151 157 142 148 138 140 124 103 108 101 95 94 73 49 122 92 81 81 78 105 107 117 121 121 172 125 109 148 194 199 171 179 104 94 125 112 85 89 107 92 99 103 98 77 72 66 110 86 77 35 29 69 83 79 70 25 51 84 95 99 66 48 80 80 85 63 32 41 36 72 212 207 
234 238 237 237 237 238 184 162 208 206 192 213 226 191 178 189 186 215 239 238 236 232 231 226 223 228 221 185 160 148 148 137 133 135 120 95 97 91 86 92 57 128 127 108 116 105 77 106 94 124 87 175 152 109 96 158 197 187 181 161 115 117 120 105 90 111 111 92 83 98 82 65 56 67 81 57 64 37 33 89 78 70 80 29 53 58 40 97 72 46 66 84 65 63 45 53 44 133 209 209 
233 237 236 237 237 235 183 171 209 206 191 210 225 194 184 188 188 221 239 238 237 233 232 222 224 228 211 172 156 136 144 131 125 127 112 87 100 90 77 68 107 159 153 161 149 135 109 89 105 124 85 140 88 99 107 172 186 174 186 123 99 125 115 91 92 118 97 83 91 90 103 63 54 86 52 30 43 31 53 97 74 57 60 26 54 56 29 84 83 42 67 84 72 75 64 66 42 169 130 79 
233 236 235 237 237 234 182 172 208 206 188 209 225 199 182 186 184 224 239 238 236 234 230 202 216 225 199 155 156 146 135 128 120 117 112 83 101 93 68 83 157 166 172 182 176 145 133 101 88 101 86 61 65 95 115 153 178 161 166 120 101 133 121 76 90 100 80 82 97 84 93 56 61 68 46 27 22 18 51 79 53 37 39 19 41 42 27 64 84 36 67 76 82 86 66 28 30 50 34 36 
233 236 235 237 237 233 176 175 207 206 193 213 225 200 181 188 182 230 239 239 237 234 232 214 195 225 189 142 135 133 132 124 118 110 99 92 92 96 67 137 165 172 178 191 178 163 148 124 93 97 90 65 57 110 128 142 160 150 123 126 94 127 106 80 83 82 72 69 64 74 82 60 70 60 56 52 21 11 30 64 36 31 18 23 37 37 20 50 63 32 59 80 53 21 6 4 45 34 31 33 
233 234 234 236 236 230 174 173 209 207 195 215 224 201 175 190 182 234 239 239 236 234 232 224 205 204 170 153 133 125 118 121 111 99 93 104 99 90 90 158 166 172 179 191 187 170 164 141 103 83 74 69 41 98 155 146 135 137 103 95 110 100 94 85 76 56 46 51 42 67 67 51 56 67 73 73 42 12 20 46 12 25 10 22 17 37 27 44 45 25 43 22 6 3 5 4 46 53 100 133 
231 233 232 235 235 225 171 181 207 207 200 215 221 206 176 185 178 229 234 238 236 234 230 223 214 191 160 151 137 120 115 116 106 102 89 95 102 83 122 161 169 172 177 192 185 155 152 129 81 77 66 62 53 60 116 131 123 117 100 100 95 83 82 78 64 62 61 50 53 59 62 60 40 64 71 74 67 12 22 40 11 23 6 31 8 24 30 46 21 8 9 6 3 4 11 71 142 148 125 127 
232 234 234 234 234 221 166 185 208 208 204 215 219 211 176 185 184 222 220 235 235 231 220 220 221 187 155 149 128 129 118 117 101 90 88 87 104 77 139 165 169 175 180 185 182 166 159 121 72 68 79 79 59 58 97 118 115 96 91 96 83 67 76 67 73 65 68 58 53 52 56 50 36 42 78 64 47 17 19 36 11 15 11 32 10 33 28 14 1 3 5 5 6 65 155 160 133 127 134 136 
231 233 232 233 234 218 165 194 213 210 208 212 216 215 177 184 193 236 215 229 236 225 193 195 185 178 144 136 118 122 124 117 102 90 96 108 94 67 125 163 166 167 170 166 150 148 152 96 86 74 78 85 85 71 96 109 109 90 79 76 69 58 57 70 59 60 61 54 51 54 61 45 41 29 58 49 26 20 24 20 8 12 17 34 21 38 5 3 1 4 4 47 164 205 151 128 126 133 136 147 
231 232 232 233 234 210 164 195 215 206 208 214 212 214 181 184 197 239 216 208 228 226 205 193 172 163 136 107 110 116 119 112 103 94 109 105 78 78 78 119 137 140 127 109 101 78 73 89 99 92 86 77 82 78 81 88 91 80 59 56 50 55 58 57 54 69 64 69 71 75 53 38 30 43 48 27 18 26 20 15 14 16 20 28 16 6 2 4 4 15 124 211 221 209 165 141 134 125 129 133 
231 231 231 232 232 209 158 193 215 203 206 213 212 219 185 186 205 241 234 216 212 223 205 202 195 166 141 114 112 108 106 108 111 99 103 83 96 83 97 81 87 81 82 89 100 105 103 115 119 120 114 64 61 61 53 55 57 57 58 57 56 56 77 81 80 59 65 75 65 51 37 46 52 63 44 23 11 23 21 14 13 15 28 6 3 1 5 7 83 193 211 219 228 224 201 147 137 123 120 124 
231 231 231 232 231 207 159 195 214 202 208 211 213 220 187 185 207 242 238 217 196 209 195 215 203 171 132 123 111 106 114 115 111 111 102 92 113 82 94 70 78 73 80 82 96 114 122 114 127 127 129 75 53 53 53 45 48 48 66 64 66 64 63 54 66 76 75 74 58 55 49 55 44 43 37 24 20 21 21 13 13 9 7 2 3 3 30 159 214 216 220 234 237 230 206 171 149 126 116 126 
230 230 232 233 232 205 162 197 214 201 205 206 213 218 187 186 214 239 232 218 187 198 189 216 218 163 136 125 114 102 116 131 121 121 112 110 113 75 81 80 67 72 91 74 116 118 121 126 135 135 133 90 45 62 51 49 46 48 50 52 64 67 58 50 43 59 57 55 63 62 43 40 36 28 19 14 19 12 13 13 8 2 2 5 3 63 200 222 201 203 230 239 236 230 216 190 189 148 127 129 
231 229 232 232 232 200 159 199 217 201 208 210 218 219 197 185 219 221 216 209 172 189 183 228 208 156 137 124 113 102 133 150 131 124 110 105 105 92 74 79 70 71 88 69 88 118 132 123 137 137 138 108 44 61 70 52 44 40 39 42 41 48 45 44 38 36 46 53 51 55 33 35 24 23 8 7 8 7 10 4 2 1 2 13 124 219 223 221 212 191 226 235 235 237 232 212 191 174 135 136 
229 230 231 229 228 197 160 200 220 202 210 210 219 219 202 183 224 229 219 220 167 170 202 223 191 149 141 126 110 102 141 135 128 123 108 101 99 94 83 75 82 75 97 75 91 109 117 128 136 131 136 120 57 52 66 66 49 41 44 41 42 41 41 31 39 37 35 41 49 32 32 34 27 22 15 14 17 13 5 1 3 5 22 161 220 229 238 229 210 201 204 235 241 241 233 218 203 176 144 138 
229 227 229 230 230 187 166 200 220 204 210 214 219 220 206 185 231 228 220 225 184 137 177 224 203 140 133 123 113 110 127 131 124 120 101 107 102 92 88 86 69 81 85 73 106 111 130 130 130 138 135 125 75 51 50 64 62 49 55 44 46 43 43 40 52 64 46 41 34 31 33 32 31 27 23 21 13 5 3 3 4 38 156 156 214 236 235 230 219 217 219 231 237 238 235 222 196 175 142 145 
228 228 229 230 227 183 167 196 218 207 210 213 218 219 209 190 238 239 225 206 177 138 158 219 189 127 129 115 102 111 115 116 124 104 102 107 75 94 87 80 86 79 92 77 106 115 148 135 133 134 125 119 71 50 53 48 64 67 73 51 46 48 42 40 49 68 57 44 46 41 35 30 39 35 21 18 8 3 5 3 49 159 152 155 178 232 233 230 228 211 213 226 232 237 236 229 191 166 144 135 
227 226 229 229 229 177 168 195 217 209 211 211 218 219 213 195 241 242 235 202 177 155 166 154 186 127 123 104 91 106 106 111 117 107 97 92 79 93 90 77 71 71 95 81 96 119 129 125 139 134 128 105 82 48 57 62 55 58 69 52 46 49 46 47 46 63 66 44 57 57 40 27 36 35 24 7 1 3 3 60 164 146 145 133 160 218 237 234 232 221 213 220 225 238 238 226 193 160 150 138 
226 226 227 228 228 172 167 192 217 210 212 212 219 216 217 204 242 238 221 220 196 165 171 150 158 124 119 99 95 94 115 113 135 113 101 98 99 93 88 76 75 67 88 93 98 108 132 121 143 122 121 123 99 52 55 66 56 52 47 33 52 60 55 43 40 57 63 52 53 56 52 30 35 27 7 2 6 4 70 167 145 130 144 150 154 214 239 240 236 228 210 205 216 234 233 225 205 185 154 139 
224 225 228 228 227 170 168 193 216 211 210 212 218 218 211 226 242 240 228 227 178 166 151 150 137 125 123 118 106 98 137 120 138 110 114 93 90 93 85 77 69 66 61 91 95 99 118 113 114 122 117 110 109 79 46 56 59 57 57 42 48 67 58 39 42 55 60 57 47 48 50 40 26 11 3 5 6 82 170 133 136 152 149 143 142 201 236 239 239 232 208 213 222 223 234 232 217 184 158 152 
225 226 228 229 223 169 172 192 217 211 210 217 218 217 195 203 238 239 233 234 205 151 129 124 129 117 121 108 101 98 119 123 125 107 117 93 85 87 85 76 75 78 72 90 94 98 116 108 107 113 125 111 112 104 43 59 58 56 58 55 60 77 63 47 52 56 61 61 52 41 48 33 10 4 3 7 83 163 131 143 145 150 152 143 144 178 224 237 239 232 202 181 203 220 233 235 223 191 159 154 
223 224 227 228 220 162 174 193 213 211 208 214 215 217 184 196 222 214 206 202 201 193 123 109 105 106 103 95 100 101 113 113 107 112 109 90 79 73 82 85 75 81 69 79 94 99 112 106 104 115 114 106 107 109 53 39 67 55 60 51 59 59 64 50 63 53 65 65 60 43 24 11 2 3 6 86 159 140 147 150 153 149 149 144 142 156 213 234 238 229 202 164 198 211 231 236 235 203 150 142 
222 224 227 226 215 161 173 188 209 213 210 214 213 216 187 198 212 198 197 155 151 190 150 136 99 106 92 95 100 115 101 108 94 101 102 88 71 64 66 72 69 69 73 91 91 101 107 110 103 115 116 101 107 108 97 46 48 55 89 64 57 56 58 58 67 50 53 61 56 28 7 1 1 7 97 164 140 152 151 151 146 148 149 146 151 146 177 229 237 232 215 197 170 191 227 233 235 192 146 142 
220 221 223 225 211 159 176 188 211 214 213 212 213 210 183 203 233 160 162 153 135 151 205 150 102 107 97 95 94 102 102 107 109 114 97 87 75 69 63 63 68 59 72 90 96 100 100 103 112 111 109 99 103 105 109 62 47 44 62 61 64 60 67 65 58 64 65 62 32 10 2 2 6 88 165 153 156 156 162 161 149 145 148 148 151 152 194 223 236 232 216 182 153 182 213 228 231 195 149 143 
222 220 222 225 207 150 180 188 209 215 212 212 211 206 200 220 235 167 135 155 138 162 195 142 101 110 103 100 98 96 105 89 108 104 88 83 73 73 70 73 67 62 74 88 95 105 99 111 110 113 103 101 124 107 118 96 52 64 65 64 58 60 69 64 67 63 64 43 13 5 5 7 89 166 158 161 159 159 155 149 144 142 150 147 146 151 160 183 229 237 222 186 158 158 197 221 220 183 141 144 
222 220 222 225 201 149 180 186 207 215 213 211 204 205 218 233 203 171 124 137 120 133 160 114 102 98 108 106 94 97 97 95 89 95 88 79 73 70 67 70 65 65 74 96 105 114 103 107 103 105 102 96 107 110 124 132 74 50 54 70 61 63 67 73 63 69 44 14 6 6 7 87 171 155 160 171 156 152 153 154 150 144 150 152 152 158 148 169 211 238 233 207 162 149 175 197 206 168 147 148 
221 221 222 225 192 147 183 187 206 217 217 211 199 176 226 220 198 175 160 129 107 107 112 111 105 89 98 113 86 93 84 102 85 99 83 72 68 66 59 62 68 63 72 92 106 117 108 112 98 106 102 95 100 107 105 104 92 58 37 52 73 76 68 88 60 41 18 5 5 8 86 172 153 159 168 160 156 149 154 149 151 148 153 158 156 149 145 150 189 231 230 206 160 144 140 150 163 152 151 146 
220 220 223 224 189 139 184 187 204 216 217 211 209 189 198 222 206 190 168 160 117 112 108 111 105 87 94 98 93 91 84 110 96 90 80 67 66 64 62 61 67 70 81 95 100 118 105 118 103 110 103 91 91 103 100 101 92 85 52 44 46 68 68 79 33 13 7 4 8 78 172 156 163 167 166 152 153 152 157 152 150 157 158 155 152 156 158 150 164 211 222 200 154 145 151 142 150 153 151 145 
219 220 221 221 184 148 184 185 203 216 214 209 209 207 175 200 206 191 182 165 139 127 101 107 102 95 91 98 97 78 84 88 101 82 78 65 64 61 60 59 68 77 84 98 107 125 103 111 103 104 118 95 90 98 105 108 96 93 84 50 61 55 52 33 9 7 6 7 71 173 153 160 155 150 148 158 164 154 151 153 147 160 160 153 153 154 148 150 148 179 215 183 145 148 151 158 154 154 152 148 
219 219 219 220 178 150 183 187 201 218 212 205 197 195 143 148 180 145 129 138 149 124 96 100 97 96 82 85 87 81 91 92 81 84 68 68 68 64 55 55 57 76 82 90 105 127 114 125 111 103 110 109 94 99 101 97 95 92 89 78 44 44 32 19 10 12 12 65 168 159 158 155 150 141 149 160 162 152 152 156 154 157 157 153 158 148 152 154 150 160 189 151 148 149 161 153 147 140 149 142 
217 217 217 217 174 152 184 187 201 219 214 190 187 212 170 135 158 115 126 127 126 121 109 98 90 90 86 94 82 80 93 78 84 80 68 66 66 61 55 57 50 84 84 95 99 119 108 105 111 105 105 114 102 95 98 95 94 87 93 93 66 35 15 15 13 13 62 169 159 151 154 161 149 145 154 158 162 158 159 158 156 157 157 160 148 144 147 152 149 147 147 148 146 144 145 134 129 149 142 139 
214 217 219 218 166 153 184 189 204 215 199 179 176 216 148 129 125 118 134 120 115 122 107 94 93 79 86 88 75 78 82 76 80 68 66 64 60 60 58 62 51 68 85 98 100 111 105 100 114 109 108 107 95 98 99 96 96 93 94 86 76 64 41 19 10 49 166 151 151 151 159 156 154 153 152 152 159 161 159 158 153 154 161 146 148 144 151 148 153 153 147 144 164 153 139 144 152 147 142 148 
216 217 217 217 160 153 182 191 202 204 191 174 181 201 146 139 123 134 138 122 130 133 103 92 92 86 85 80 82 74 77 79 77 66 66 61 59 58 50 60 58 74 88 93 105 108 103 105 103 105 113 111 101 102 111 94 96 92 100 88 81 77 86 48 50 164 146 147 153 157 152 155 156 154 156 155 168 164 160 158 161 161 150 148 153 152 149 148 148 142 138 161 174 170 162 156 153 151 149 146 
215 216 217 215 157 162 184 190 201 213 208 198 199 206 155 171 144 149 142 126 154 130 101 93 83 85 83 73 75 68 83 82 80 66 67 63 60 58 61 61 64 71 91 97 114 116 107 106 105 107 114 119 113 104 110 110 86 90 89 84 82 88 73 89 172 152 146 142 151 158 161 158 162 160 161 166 163 162 158 156 162 154 151 149 151 157 152 149 144 145 139 148 158 161 166 166 166 152 149 145 
214 216 216 214 140 172 184 193 201 215 212 199 187 186 205 172 172 140 144 130 130 129 104 100 88 83 81 75 75 73 77 82 84 73 68 69 75 67 63 64 71 83 91 116 110 108 108 100 102 107 104 105 106 102 102 98 83 83 84 87 81 86 93 169 150 145 147 147 152 163 162 155 152 164 160 161 163 164 160 157 152 156 152 154 157 153 146 150 147 149 154 155 151 137 161 174 169 163 166 160 
212 215 215 209 126 168 178 186 196 213 215 197 186 183 183 195 146 141 137 129 132 131 138 105 96 90 85 84 81 87 78 75 80 85 81 78 75 64 64 67 71 93 90 106 103 96 100 88 85 84 88 82 78 71 65 58 48 47 44 43 39 55 170 150 147 150 150 150 158 158 161 156 162 157 161 161 166 161 164 153 156 151 153 156 166 152 154 156 160 161 158 149 147 150 141 163 171 188 181 180 
212 213 214 203 120 157 133 144 188 206 198 168 164 165 167 209 134 140 134 146 107 105 97 85 79 83 74 74 71 78 68 68 64 68 74 83 90 82 85 94 101 108 116 123 130 137 145 151 159 165 176 182 187 172 116 65 60 59 61 59 69 172 152 147 146 152 148 164 153 152 156 162 164 158 161 160 160 162 157 155 152 151 158 165 156 157 159 160 152 159 154 153 147 158 145 150 158 161 156 160 
212 212 213 195 126 90 70 75 77 81 79 77 82 85 93 98 100 110 122 122 127 142 151 151 157 166 173 182 188 196 201 208 215 218 223 227 230 231 233 232 232 231 231 229 228 231 230 230 228 229 227 225 205 141 74 61 59 56 55 65 171 156 142 147 151 153 160 159 147 152 167 161 164 158 154 164 163 149 158 163 161 156 165 164 155 162 155 158 155 148 154 159 149 153 152 158 155 161 159 167 
210 211 212 192 131 188 197 204 209 214 219 222 224 226 227 227 229 230 228 228 229 229 229 230 231 230 227 227 229 229 229 230 228 229 227 228 228 228 229 229 229 229 229 229 228 226 227 226 223 218 211 185 120 61 51 48 44 43 50 168 165 147 146 146 155 163 156 148 157 159 159 161 154 156 160 158 155 157 162 161 157 160 161 169 169 165 180 165 156 154 153 161 159 157 168 159 156 159 170 163 
210 212 211 191 144 227 225 225 226 226 227 228 227 228 227 226 226 226 225 223 223 225 226 227 228 227 226 228 229 228 228 230 230 230 231 233 233 233 233 234 234 234 235 235 236 236 236 236 233 231 202 126 55 45 44 42 38 44 150 169 146 143 145 146 158 162 147 162 165 156 153 166 158 158 159 154 153 164 159 168 162 156 157 157 165 154 179 158 154 150 172 168 159 160 164 172 168 167 166 158 
209 211 211 195 151 224 223 224 226 225 226 227 227 227 228 229 228 228 231 230 231 230 233 234 233 233 235 235 236 236 237 239 237 238 239 239 240 239 241 241 241 241 241 242 240 240 240 240 238 219 167 103 63 46 41 39 42 146 160 147 141 143 144 155 159 155 161 161 162 157 153 155 151 160 154 153 165 158 158 164 163 162 156 161 167 167 166 153 154 155 173 174 169 163 164 169 162 164 157 158 
209 210 210 191 162 232 231 232 233 234 236 237 237 237 237 238 236 237 237 237 239 238 238 239 237 238 240 240 240 239 239 240 241 240 240 240 239 238 239 240 239 238 239 238 238 236 235 235 212 154 104 85 68 57 49 50 148 178 145 144 144 144 152 156 156 163 159 157 155 157 154 149 148 158 156 159 161 159 158 162 156 156 155 162 160 167 162 154 163 168 160 170 170 169 158 166 164 165 165 163 
