40 71 44 47 47 40 57 39 40 47 46 26 33 35 19 27 25 28 32 36 50 63 57 57 52 52 53 54 58 64 70 71 74 71 70 67 59 65 68 51 71 87 90 98 93 94 116 91 100 139 66 59 70 61 71 70 75 106 113 133 139 103 95 102 107 105 101 102 106 108 108 113 115 116 114 114 119 120 121 119 120 127 135 89 79 84 76 76 82 83 80 79 82 87 86 85 86 86 87 87 
45 50 42 46 51 47 53 57 44 52 49 48 40 53 49 53 41 54 43 37 41 31 37 40 47 45 44 43 42 39 35 25 29 31 26 28 40 56 51 24 63 93 87 96 110 110 111 98 89 140 77 53 69 67 65 73 92 115 120 128 130 108 95 102 105 104 103 105 108 106 108 114 110 110 115 121 124 118 119 120 123 134 109 79 75 79 77 77 79 80 82 83 83 84 88 87 88 88 89 89 
48 20 32 29 32 27 20 64 59 57 40 53 46 46 43 41 43 34 34 56 48 53 60 54 53 55 55 51 47 46 46 49 44 42 48 49 40 35 40 30 71 95 83 88 106 115 122 106 84 141 85 52 67 68 60 83 115 128 133 127 126 122 100 100 103 105 106 108 107 105 105 112 111 114 116 118 122 122 119 118 126 130 81 74 77 80 80 79 79 80 84 87 86 83 88 89 89 89 90 90 
56 11 47 40 47 48 40 130 146 151 130 123 120 86 102 91 76 86 60 42 45 46 35 38 38 36 37 41 47 50 50 48 47 54 53 47 46 43 50 50 79 96 96 100 98 100 119 111 93 141 84 60 63 60 67 95 129 134 142 130 129 135 105 97 105 110 110 107 105 106 104 107 116 123 119 112 117 127 122 116 126 107 69 78 81 85 82 81 83 85 86 87 88 88 88 88 88 88 88 90 
54 11 52 35 36 36 29 140 148 138 108 86 119 92 131 153 169 151 128 64 54 50 45 48 48 56 61 58 56 55 57 49 46 60 52 39 44 40 49 47 75 97 100 107 102 95 105 112 104 141 81 68 61 55 84 104 124 132 142 130 131 140 111 96 107 115 113 107 104 108 109 109 114 120 121 117 119 125 126 121 125 83 71 82 81 84 81 83 89 89 87 85 88 93 87 87 87 87 87 88 
54 15 60 39 42 40 31 136 137 145 144 124 128 110 128 142 149 149 128 80 78 64 31 34 37 54 58 37 18 10 17 30 50 81 62 42 65 54 34 51 84 93 85 93 100 100 110 113 102 139 83 67 61 64 104 110 113 133 140 127 130 136 120 100 107 113 115 110 107 110 114 115 109 114 123 124 123 121 126 126 112 73 75 81 80 79 79 82 88 88 86 85 88 93 87 87 87 87 88 88 
37 12 54 41 52 53 39 133 137 139 154 151 118 142 132 134 124 125 133 119 107 104 107 115 100 90 80 72 62 50 41 39 30 44 44 43 61 48 52 85 98 91 89 97 91 90 114 115 90 139 90 60 62 84 121 120 108 143 144 126 129 133 132 106 105 109 115 115 112 111 113 115 111 118 124 122 120 121 127 124 92 75 75 78 84 80 79 80 81 83 84 86 87 87 88 88 89 89 90 90 
27 22 51 44 46 49 42 126 143 134 119 91 67 132 159 153 116 102 98 93 105 98 100 104 97 89 90 89 90 87 90 83 72 68 53 46 60 43 61 95 95 93 98 105 98 91 112 100 96 148 99 49 69 104 134 118 114 147 149 130 132 140 142 121 105 113 114 116 110 103 114 116 115 124 126 119 119 125 130 110 79 77 76 82 82 86 84 81 82 84 84 84 86 91 90 88 88 91 93 89 
17 20 39 38 33 41 47 122 142 132 127 86 59 117 172 165 146 142 141 125 122 118 112 106 96 93 90 87 89 94 87 69 74 70 53 46 58 44 69 93 88 95 96 99 106 101 113 100 106 139 96 48 85 124 134 115 122 142 147 136 137 146 146 130 103 117 112 111 105 96 111 115 115 122 126 122 120 127 128 94 78 78 77 86 76 87 85 83 86 87 85 82 87 97 89 86 88 94 95 88 
25 16 25 24 24 32 57 123 144 135 124 69 44 101 126 91 110 138 132 139 148 152 151 157 151 158 150 138 141 146 78 32 49 50 49 51 57 49 77 96 91 97 94 95 102 99 111 118 112 116 94 65 101 142 125 118 128 136 140 140 139 142 145 128 100 115 111 107 108 103 106 110 116 115 122 126 120 129 116 82 80 83 78 85 76 82 83 82 84 86 85 82 88 97 87 86 92 97 97 91 
20 12 26 31 30 24 60 105 148 148 139 117 114 133 124 108 138 129 103 126 140 163 157 145 136 117 98 113 129 106 70 49 56 42 47 54 54 55 82 97 94 99 95 93 102 102 115 116 131 119 112 99 114 149 125 114 131 133 134 141 137 135 144 132 103 118 114 107 115 113 108 109 115 113 119 127 127 133 104 74 84 86 78 82 79 82 81 79 81 84 84 83 89 97 89 88 90 95 98 97 
19 8 14 11 11 13 70 92 128 119 118 132 142 136 130 128 139 164 144 167 158 150 152 163 153 147 130 94 80 56 41 106 136 77 55 52 47 66 95 96 93 102 98 95 107 109 124 110 149 128 123 129 125 140 127 109 134 137 135 142 137 135 146 137 111 118 114 108 118 119 113 113 114 119 117 124 139 136 96 74 87 87 77 80 83 85 81 79 80 83 83 84 89 96 95 90 86 88 97 104 
9 4 11 4 7 12 85 73 102 80 78 83 88 106 109 106 127 130 139 162 154 160 156 166 165 160 156 161 161 141 138 139 135 70 55 60 52 75 87 89 92 105 100 98 111 115 132 118 146 122 112 132 133 131 125 112 135 143 140 142 141 143 148 141 122 114 108 106 114 115 114 116 114 122 118 125 143 126 88 78 86 85 77 78 86 86 82 79 79 82 83 84 87 94 96 91 85 86 97 107 
18 10 9 1 8 13 101 51 43 9 11 18 9 20 60 81 53 80 105 121 141 154 151 145 147 167 168 154 132 162 172 177 179 90 55 50 44 88 105 89 91 107 102 99 112 117 132 124 120 123 110 116 136 130 122 119 130 138 136 135 145 151 148 147 134 113 107 108 109 109 110 113 115 120 119 130 135 102 78 81 82 83 80 79 85 83 82 80 79 81 83 83 86 92 89 91 92 92 97 104 
4 4 11 4 18 12 80 6 15 23 7 8 19 14 6 7 9 47 88 62 57 77 80 65 84 64 59 110 99 100 112 106 115 57 48 55 51 93 99 85 89 107 103 98 109 114 129 118 97 139 126 102 133 134 122 124 120 127 126 124 144 152 144 155 148 116 108 114 110 109 106 106 114 113 120 136 123 81 73 81 79 82 83 78 83 78 81 81 80 82 84 83 85 90 78 89 100 100 96 99 
7 2 7 2 2 3 16 50 14 15 13 18 10 5 11 18 9 4 37 109 129 82 91 105 77 53 42 71 47 32 53 29 19 36 60 46 78 90 95 88 86 92 102 107 109 116 125 131 119 137 117 111 140 131 126 138 136 126 133 127 147 145 146 153 170 136 98 110 114 113 109 103 111 115 116 145 110 78 90 86 83 82 79 80 87 88 83 80 80 82 84 83 86 91 84 89 95 98 97 96 
2 0 6 1 3 4 8 45 80 21 16 7 9 18 5 3 3 15 23 13 71 121 113 107 99 85 88 94 72 94 75 37 37 47 60 47 80 96 106 98 100 104 105 108 110 114 119 135 125 141 128 124 144 141 141 140 144 129 133 130 146 145 153 154 163 143 116 107 118 114 112 109 113 114 128 125 84 78 82 82 82 83 81 82 85 85 84 82 83 84 85 84 86 92 91 94 98 99 96 94 
1 0 5 0 3 6 2 12 17 59 34 25 21 20 28 21 17 9 3 8 11 44 101 113 101 101 101 88 62 68 60 38 37 46 53 50 79 94 105 96 105 109 104 105 112 114 115 127 122 139 142 140 146 142 145 137 150 131 132 132 146 148 163 156 154 152 137 102 121 114 111 114 110 119 136 99 69 80 79 80 81 82 83 84 84 84 86 86 86 87 86 85 86 91 93 96 99 100 99 97 
10 1 4 0 2 8 0 2 6 14 59 67 32 21 21 30 25 11 13 20 16 4 25 75 111 110 101 116 93 75 63 37 34 47 53 63 87 94 103 88 102 108 100 105 114 114 116 116 117 132 148 149 141 137 141 131 148 131 131 133 148 151 170 156 148 160 153 99 122 115 110 115 107 129 124 80 77 82 82 81 80 79 82 84 84 86 89 88 88 89 88 85 86 91 92 94 96 99 100 101 
25 4 3 0 1 8 0 2 11 7 3 25 60 56 34 13 20 33 22 12 8 12 8 7 40 97 120 108 101 104 74 44 42 53 50 70 90 93 102 90 107 112 104 109 113 112 118 121 124 123 140 146 135 139 142 125 141 132 136 134 151 155 168 155 149 165 158 101 117 114 115 116 114 135 101 72 87 82 82 83 81 76 81 83 82 88 91 89 89 90 89 85 87 92 95 96 96 97 98 98 
36 4 2 0 1 6 0 1 2 3 8 6 8 41 57 40 35 24 21 30 19 15 16 9 4 22 67 112 111 95 65 45 44 52 41 70 85 83 93 95 113 116 109 114 110 104 117 131 139 120 131 143 134 144 142 125 134 136 146 135 155 159 161 154 155 166 152 108 109 114 121 120 127 124 82 74 84 80 80 85 84 77 83 85 80 87 90 89 88 90 89 86 88 93 99 98 96 96 97 96 
41 2 1 2 0 3 0 1 3 3 9 4 2 8 17 43 57 49 22 25 32 21 14 10 8 7 5 45 63 33 32 38 39 53 45 83 93 84 89 94 111 113 109 115 105 96 116 131 145 122 133 148 137 142 132 130 131 143 157 137 159 161 152 151 162 164 142 114 102 113 121 124 133 104 74 81 76 80 81 86 86 81 87 88 80 84 88 88 88 90 89 87 89 93 97 95 93 93 96 97 
38 1 11 10 1 6 1 7 4 14 3 10 0 5 15 11 31 57 32 15 18 22 25 14 9 13 7 9 10 13 25 29 44 52 53 86 95 93 90 96 110 110 108 114 106 99 114 127 137 133 146 154 138 133 133 140 138 147 160 142 161 157 148 154 157 163 145 120 109 114 116 129 129 83 78 82 75 82 82 84 85 84 86 83 79 86 90 88 87 89 90 88 90 96 96 95 92 92 94 96 
40 0 7 5 1 4 1 4 4 14 3 10 3 5 6 9 16 15 21 32 33 24 21 17 11 19 21 13 7 14 20 31 51 46 62 84 89 92 93 103 112 110 109 115 112 106 115 131 133 137 149 154 141 132 137 144 142 145 158 144 160 151 147 157 149 166 153 120 113 120 121 129 112 71 79 81 78 84 83 83 83 85 84 80 81 89 92 88 87 89 92 90 91 97 97 97 97 98 99 101 
31 9 6 16 8 1 7 3 4 3 1 3 5 14 8 15 11 16 14 15 26 34 19 13 12 7 10 7 4 22 35 47 53 41 77 88 86 87 99 108 112 109 107 114 115 113 118 135 135 131 138 150 146 134 131 143 140 142 158 146 159 151 151 162 148 168 161 124 113 123 130 125 91 71 77 81 83 84 84 84 82 84 84 83 83 88 90 88 89 92 93 92 93 95 94 96 100 104 105 106 
36 17 2 7 12 10 28 15 14 18 19 18 4 9 3 7 8 7 10 11 8 16 35 41 23 11 9 16 20 25 39 54 52 44 87 86 86 88 104 109 110 107 105 110 116 119 120 130 133 129 131 144 146 133 126 143 140 142 162 152 163 156 161 172 154 163 171 144 122 121 132 119 76 79 80 80 83 81 83 84 82 82 84 85 86 88 88 88 90 94 96 94 94 93 91 93 98 101 104 104 
32 44 37 51 42 28 54 44 19 26 11 26 8 15 25 15 10 10 7 4 6 10 12 23 33 22 18 14 12 18 42 52 48 56 89 81 89 95 105 111 111 110 108 110 119 126 125 123 133 136 137 145 145 135 130 139 137 139 163 157 165 159 167 174 166 159 174 166 144 144 140 99 66 85 82 79 81 79 83 84 83 82 83 87 88 89 87 89 93 96 97 98 95 93 94 96 96 98 99 100 
23 20 5 6 6 4 15 14 16 30 21 61 50 45 42 11 8 10 8 6 7 7 3 3 9 26 59 37 12 24 37 40 46 72 85 83 92 100 105 113 115 118 116 112 122 133 130 122 134 143 147 151 147 141 142 136 133 133 159 157 160 153 164 169 178 163 173 174 171 180 142 71 61 81 80 79 80 80 83 84 84 83 83 87 90 90 88 90 94 96 98 98 97 93 99 100 100 100 100 101 
30 35 45 33 23 15 8 18 6 9 7 16 3 9 13 2 2 3 11 20 17 21 44 46 35 43 67 40 20 38 45 43 46 88 84 97 92 96 107 110 113 121 119 110 119 133 129 127 132 138 148 153 145 143 151 139 135 132 159 156 155 147 163 172 179 172 178 175 185 174 107 66 73 76 77 83 81 80 82 83 87 85 83 85 90 92 90 93 96 95 96 99 99 95 96 99 102 104 105 105 
143 130 141 126 127 129 108 119 119 108 97 63 14 14 13 17 15 12 9 8 8 7 5 4 9 9 18 16 28 38 42 47 49 95 86 109 92 92 108 106 108 119 116 102 111 127 123 128 125 129 143 149 141 142 153 146 141 139 163 158 155 147 165 180 177 178 185 179 187 138 63 79 88 77 79 87 82 79 79 83 89 87 83 85 90 93 92 94 96 94 94 99 99 96 91 94 99 105 107 107 
146 148 154 159 162 162 161 160 157 157 156 153 145 133 121 110 102 103 101 93 83 72 65 52 39 39 55 41 30 44 50 38 63 87 90 94 96 104 102 109 111 117 120 99 108 140 124 129 128 145 160 152 144 144 142 146 133 151 162 154 164 165 151 171 184 180 175 177 172 117 73 81 81 80 80 81 81 82 81 83 88 90 89 89 92 97 98 92 95 102 95 94 101 99 100 98 95 95 100 105 
158 156 152 150 150 152 157 159 160 159 158 156 155 156 159 157 152 156 160 160 159 157 156 152 148 145 150 127 72 47 43 39 72 98 99 97 96 106 111 106 111 118 118 106 110 121 108 124 127 136 151 153 145 141 144 148 139 149 160 160 163 159 152 169 181 171 180 171 158 82 78 80 80 80 80 80 81 82 81 83 86 88 88 87 90 95 97 92 95 102 97 95 100 99 96 99 103 104 104 103 
164 163 161 160 159 160 160 162 164 164 163 160 156 156 160 160 154 156 157 156 154 153 154 156 158 151 154 153 83 43 44 54 82 91 91 99 101 103 96 104 117 120 113 114 121 119 115 118 126 131 141 152 144 140 148 139 140 147 164 173 164 149 149 165 170 172 177 165 121 58 77 78 78 79 79 80 81 82 81 82 85 87 87 87 90 93 94 92 96 103 100 97 98 98 94 100 108 110 108 105 
130 134 139 140 137 129 121 120 140 148 157 157 155 153 154 155 156 156 156 155 154 155 157 155 159 156 157 164 85 39 49 54 77 88 91 98 95 97 96 102 114 115 101 113 128 119 128 115 127 133 141 149 141 141 156 140 139 136 151 170 160 150 160 161 159 181 170 150 81 63 73 77 77 77 79 80 82 83 83 84 86 88 88 89 91 93 93 93 98 102 102 98 97 99 97 100 105 109 110 109 
122 123 124 120 111 98 85 85 118 124 129 129 125 123 123 123 122 124 126 127 129 132 136 132 133 132 141 164 106 53 37 43 71 82 89 100 97 98 100 97 104 112 99 112 133 116 128 118 126 139 148 146 140 146 159 141 135 128 143 163 156 155 170 162 159 180 165 116 64 75 74 76 77 78 80 82 84 85 86 86 87 88 89 91 93 94 93 95 98 101 103 99 96 101 102 101 100 104 109 113 
132 133 133 132 130 127 124 124 130 131 130 129 129 131 134 132 124 125 125 124 122 122 123 121 128 137 158 187 170 135 102 97 99 75 68 84 87 82 73 84 89 110 100 109 135 117 127 126 122 141 155 143 142 151 151 134 129 133 155 165 154 155 169 170 166 174 152 81 69 76 79 77 77 79 81 83 86 87 87 86 86 88 89 91 92 92 93 97 98 99 103 99 96 103 106 104 103 104 108 111 
127 128 130 132 133 132 131 131 129 127 125 125 126 126 127 124 121 122 123 120 117 116 116 122 148 172 189 190 194 197 189 170 163 143 127 120 103 98 100 76 64 89 81 85 120 114 127 135 116 137 158 143 146 156 140 148 131 134 151 152 150 164 181 179 172 170 129 63 76 72 83 77 78 80 82 85 87 89 87 84 83 85 87 89 91 90 93 99 98 97 103 99 95 106 106 107 109 109 106 105 
64 63 67 78 75 81 95 91 98 106 107 108 114 118 118 117 117 121 129 133 132 133 133 148 165 177 191 188 196 207 188 167 168 161 138 153 145 150 131 91 42 101 59 55 93 91 123 129 125 136 150 134 152 147 143 151 128 134 148 144 148 169 183 180 177 168 87 68 75 73 79 79 79 86 84 84 85 91 93 100 136 159 110 100 98 94 95 97 97 99 101 99 98 103 103 108 108 106 106 105 
11 18 16 21 18 18 28 25 28 35 37 37 43 49 53 55 54 59 65 66 68 74 74 91 151 181 186 206 211 196 179 180 191 183 183 183 174 175 159 109 83 112 121 81 41 55 90 109 158 146 124 146 127 153 144 145 125 139 157 153 154 167 173 170 170 133 65 73 76 82 81 78 75 76 74 81 81 86 147 191 213 226 138 120 124 108 101 98 98 101 102 100 100 101 104 110 109 104 108 109 
62 91 79 72 75 63 58 54 48 45 37 31 25 17 15 15 12 14 13 10 12 18 17 18 88 164 173 181 188 197 189 200 222 209 216 182 180 178 161 136 92 132 151 116 91 26 61 86 143 128 120 142 132 142 149 152 133 141 155 152 156 169 175 180 170 96 75 76 71 75 78 79 77 82 84 81 79 110 183 232 228 231 155 127 129 116 107 102 100 102 105 103 100 101 106 113 111 107 111 112 
81 114 108 109 121 120 118 110 123 117 112 119 120 109 101 101 94 87 84 77 69 64 60 55 43 88 153 178 192 195 205 209 201 196 201 190 173 173 173 152 142 196 143 146 144 95 58 78 99 62 145 145 136 153 140 140 131 143 157 159 160 166 168 168 140 66 70 70 65 75 77 81 81 75 73 81 81 76 85 184 235 217 155 147 137 109 104 101 97 100 104 103 101 101 106 113 111 107 110 112 
122 131 125 123 119 122 120 87 76 64 61 77 92 89 82 93 107 99 113 128 122 113 115 116 121 87 91 140 129 143 179 182 203 223 179 154 153 179 204 162 182 211 205 203 101 139 164 168 76 95 82 114 128 132 160 145 142 149 158 159 160 165 166 150 102 59 52 55 56 71 70 66 69 85 89 78 80 86 73 163 234 219 168 141 111 101 101 96 93 96 101 103 103 104 106 111 109 105 109 111 
126 122 119 124 118 127 133 105 120 100 79 75 80 75 66 60 43 37 63 92 97 93 102 86 76 71 39 77 152 156 127 131 159 176 169 163 155 145 186 151 159 174 184 201 191 138 148 157 145 143 125 135 113 86 101 136 140 146 153 166 184 206 220 210 188 202 195 188 168 146 140 135 106 77 69 75 88 80 108 179 231 198 133 124 115 97 96 96 95 99 102 102 104 110 107 113 110 106 111 113 
119 124 115 120 120 117 124 116 130 125 110 99 99 98 95 95 91 82 84 88 86 86 84 75 58 54 48 71 101 118 133 152 156 175 167 195 197 197 217 222 240 194 175 201 204 204 216 175 172 186 181 149 165 107 146 140 182 225 246 244 239 221 219 226 215 210 213 217 229 220 223 228 238 229 193 110 82 159 205 174 211 176 126 129 118 118 109 105 107 108 107 105 110 119 113 119 117 112 116 117 
128 145 134 138 144 132 136 142 128 140 141 136 135 139 136 133 121 118 109 102 108 118 116 101 95 66 38 42 46 71 115 131 95 135 126 152 104 116 142 183 201 157 135 211 193 213 182 221 190 176 195 195 183 232 235 238 225 182 143 116 112 122 110 51 63 49 65 60 71 51 64 80 102 137 202 190 141 171 179 143 202 142 101 135 114 104 110 112 114 112 109 108 114 123 119 122 120 118 121 123 
141 138 140 143 147 145 143 142 143 145 141 147 131 145 134 145 142 149 147 147 149 145 143 154 134 83 52 34 38 83 139 104 62 91 113 127 181 203 196 218 214 169 148 109 140 197 182 220 247 149 218 236 224 227 175 157 165 126 172 160 141 109 85 90 113 124 106 78 64 71 78 69 74 112 160 165 153 154 137 136 209 125 81 123 125 118 116 114 110 106 105 108 115 120 118 114 114 120 123 119 
142 146 152 157 159 158 156 153 147 157 152 154 142 158 149 154 150 151 152 153 153 151 150 153 138 87 51 47 51 68 82 95 112 155 160 157 152 108 139 196 199 208 221 159 177 132 151 177 227 226 228 214 169 157 155 181 194 149 179 177 131 85 112 162 189 200 181 167 143 116 102 83 127 186 145 116 159 166 146 159 213 127 88 108 133 118 105 103 104 104 107 111 117 122 117 112 113 118 120 117 
148 158 169 172 168 164 161 162 172 158 149 163 155 152 146 153 153 150 156 154 148 150 153 146 128 84 41 29 42 87 107 113 140 143 135 151 143 130 167 200 207 182 184 181 191 197 194 124 192 236 176 171 176 171 190 177 180 143 122 153 74 34 92 195 214 209 212 201 176 169 171 191 194 177 155 132 154 143 128 170 210 126 90 105 127 125 109 105 106 107 110 112 116 118 116 113 112 115 118 116 
154 168 179 179 173 167 164 161 162 176 170 164 157 161 171 171 171 165 169 169 166 167 161 154 139 76 35 55 59 75 125 116 109 133 135 154 170 142 160 201 194 202 182 204 191 189 204 128 163 211 151 169 129 143 182 186 175 116 95 120 93 31 62 147 206 212 213 203 197 200 190 202 208 197 190 160 148 141 117 178 193 110 82 103 103 118 120 117 115 113 112 112 115 117 117 115 114 115 117 118 
155 170 182 182 177 175 173 169 161 180 178 169 160 152 173 168 173 177 171 161 160 168 168 168 138 61 37 82 100 100 140 106 95 103 111 144 150 151 190 204 205 191 180 159 177 158 186 127 232 211 134 184 158 140 170 198 189 111 103 89 131 63 41 58 138 209 211 203 200 192 196 197 202 206 200 185 153 132 124 193 150 81 84 105 104 119 126 124 121 117 115 115 119 122 118 118 117 116 117 120 
154 169 178 177 175 179 181 179 187 174 174 179 137 70 90 99 107 155 172 171 177 176 169 172 120 57 82 121 139 138 131 130 146 150 148 159 148 150 202 211 214 119 181 158 189 177 190 194 230 160 134 207 204 176 185 197 191 138 109 95 137 110 50 43 72 178 214 198 176 176 206 204 204 215 203 172 148 121 160 212 124 82 96 102 104 107 118 122 120 118 116 117 120 123 118 118 117 114 115 120 
154 166 171 167 167 174 176 173 176 180 181 171 122 46 59 47 62 151 181 178 181 174 168 172 144 128 145 152 163 146 139 164 167 164 169 170 178 194 193 215 209 116 224 214 211 198 206 224 166 135 199 196 204 174 172 190 206 175 135 102 127 135 70 65 71 137 196 184 178 184 175 182 184 174 164 160 121 134 212 165 90 92 94 100 100 109 116 119 120 119 117 114 114 114 116 117 115 111 113 119 
160 163 167 168 167 168 173 176 170 175 175 173 165 148 150 144 151 168 177 171 170 161 174 191 169 169 184 186 198 193 184 182 193 172 158 153 165 206 153 179 182 174 223 182 207 214 187 229 156 158 221 184 182 151 176 171 194 174 134 115 152 140 78 73 76 100 144 171 191 130 98 99 109 106 95 95 138 208 175 98 89 96 96 103 104 107 109 117 122 121 119 115 112 112 109 113 116 114 115 118 
184 179 179 183 181 177 178 182 184 183 182 182 183 184 185 185 183 179 178 176 179 187 190 180 177 180 188 209 203 203 210 203 206 177 164 165 175 202 144 193 194 219 221 137 149 157 135 237 225 157 169 177 172 133 172 185 156 157 130 104 102 104 70 72 86 77 119 195 129 84 69 59 68 66 101 171 224 178 92 80 94 94 96 100 102 102 105 113 116 116 120 120 115 114 110 114 117 114 113 116 
174 170 172 179 186 187 184 184 186 188 189 187 184 183 184 183 184 197 196 189 178 198 198 175 194 201 198 207 187 188 203 208 217 205 179 160 170 185 139 176 193 185 163 125 157 119 169 131 215 232 159 107 178 158 126 135 178 180 140 83 92 82 70 81 82 101 187 152 106 148 131 130 146 170 219 219 160 83 60 77 87 91 94 96 97 102 106 109 107 108 119 126 121 116 116 119 118 113 111 114 
147 146 150 155 160 158 154 151 152 159 164 165 163 164 169 176 178 163 160 168 163 174 181 173 195 198 176 197 212 182 190 172 163 182 180 172 182 161 105 137 154 160 93 158 150 135 161 201 136 196 239 184 150 138 131 168 184 157 119 140 98 86 124 198 200 182 199 204 212 200 208 204 222 243 175 95 115 134 99 81 87 92 96 93 94 103 107 108 105 106 117 126 122 119 118 121 121 117 114 117 
74 82 93 100 104 108 110 110 105 112 118 118 116 117 123 128 126 122 132 132 127 130 162 203 200 185 186 194 208 196 169 180 159 141 155 168 160 104 55 90 117 98 109 73 130 179 174 183 142 85 155 240 242 243 224 200 173 110 142 155 109 76 149 201 216 209 195 184 182 214 234 239 172 92 112 158 141 144 126 90 95 97 99 96 94 104 106 111 112 109 114 119 118 120 116 121 124 123 122 124 
18 27 31 29 23 19 17 19 34 35 32 28 22 21 22 26 24 21 26 23 38 34 33 75 144 182 181 171 142 152 184 149 137 153 137 123 130 100 45 58 103 91 154 125 153 147 80 88 123 121 56 108 131 149 207 232 243 243 233 243 222 218 208 215 207 236 233 235 228 201 184 139 91 100 98 110 144 172 129 94 101 101 100 97 96 101 102 111 116 113 110 110 111 116 114 120 125 125 125 127 
36 43 46 45 46 49 47 39 27 23 16 12 9 8 9 15 27 38 46 43 40 38 33 17 14 20 19 14 4 17 13 7 8 7 35 45 25 37 76 96 150 106 109 54 44 17 50 89 76 98 113 119 48 95 160 129 112 142 207 210 210 206 217 216 198 201 163 124 133 174 185 162 150 149 140 155 150 167 117 89 101 99 96 98 97 97 96 107 112 108 108 107 105 109 116 121 123 121 119 122 
31 33 32 34 35 35 30 19 12 7 5 4 5 9 12 9 4 3 15 34 33 40 34 19 35 50 33 16 18 11 18 27 33 20 13 20 27 29 18 15 9 19 7 54 23 25 25 24 88 14 57 110 49 156 68 78 66 125 190 165 96 99 127 113 146 145 91 108 166 163 165 157 164 155 123 136 143 124 96 86 98 96 94 98 99 97 95 102 106 105 106 106 104 106 116 121 120 116 114 117 
34 35 33 42 31 14 13 2 9 7 17 19 15 23 25 15 12 13 15 13 21 33 27 30 51 64 33 13 14 8 17 21 35 24 13 18 37 26 23 19 29 22 13 41 19 29 21 29 23 49 67 66 62 106 63 71 103 157 139 76 82 114 106 116 165 110 79 135 156 142 131 114 104 95 112 144 146 110 89 90 94 97 99 101 104 107 103 102 104 106 108 110 110 110 107 113 118 117 114 114 
35 44 35 32 16 6 13 6 11 15 17 19 21 22 18 15 16 17 15 14 16 18 18 32 45 35 23 18 17 29 36 42 29 14 27 22 17 23 43 40 44 24 39 71 49 34 12 27 14 22 84 70 46 42 72 79 136 128 73 77 127 126 110 167 162 150 149 129 83 77 88 79 85 82 80 90 95 87 86 92 93 95 96 99 103 107 103 101 103 105 108 109 110 111 109 115 119 117 114 115 
36 50 35 19 5 2 13 7 6 18 12 12 23 19 15 19 13 12 9 13 15 15 28 57 48 16 37 40 30 39 47 64 50 20 37 51 56 60 93 73 115 99 81 42 25 22 21 21 28 41 66 59 116 102 110 136 141 125 132 158 157 164 189 187 196 186 142 89 62 68 80 88 97 99 93 90 93 99 96 92 94 94 95 97 102 105 103 102 103 105 107 107 109 110 110 115 118 115 112 115 
35 49 28 10 5 4 12 7 13 32 21 16 29 26 29 42 30 21 12 13 11 9 28 46 27 7 41 57 39 25 32 56 58 33 47 90 129 133 151 130 164 143 149 110 86 72 83 91 83 113 90 92 169 193 189 197 176 200 211 183 182 200 199 197 184 142 92 68 70 73 79 89 90 96 100 98 96 98 96 94 97 98 99 99 100 102 102 103 103 104 105 106 108 110 108 113 115 112 110 113 
34 45 18 7 11 9 11 7 25 46 33 23 30 27 35 53 39 20 12 13 11 14 35 34 30 22 28 46 39 55 69 64 62 46 44 52 96 106 88 80 136 139 156 151 153 150 143 160 125 123 88 150 184 203 202 200 209 210 211 214 207 190 180 168 120 77 73 80 73 74 84 86 89 99 106 104 100 102 99 96 100 101 102 101 100 101 103 103 103 103 104 105 108 110 105 110 113 111 109 111 
36 41 11 7 16 10 10 10 24 37 27 17 19 18 23 43 46 18 14 14 8 16 28 22 34 38 16 20 35 80 107 87 70 59 52 28 49 63 36 59 102 108 126 145 131 144 150 134 138 116 90 147 156 172 188 194 216 206 199 211 195 154 122 90 79 65 69 78 76 82 88 84 92 100 103 99 99 104 103 99 100 99 98 97 99 101 104 104 103 102 103 104 107 109 104 108 114 112 111 112 
41 42 10 8 17 7 8 13 16 22 17 12 17 16 16 29 35 8 11 14 10 24 28 17 15 42 40 25 44 57 77 66 48 31 30 25 46 55 55 63 83 88 93 129 105 131 136 124 142 111 122 92 74 99 139 182 209 207 195 177 128 83 72 67 73 75 73 74 78 78 79 84 87 91 93 94 96 99 102 102 98 94 91 92 97 102 104 104 103 101 102 104 107 109 103 109 116 115 114 115 
42 45 25 11 14 14 7 6 17 18 18 22 29 29 21 14 12 4 11 21 22 32 32 15 5 22 23 24 56 51 29 25 25 10 37 62 84 77 67 64 69 63 86 85 77 144 127 136 170 112 136 62 57 48 71 141 152 185 127 81 78 67 74 72 78 74 71 75 74 77 80 83 86 88 90 91 93 95 97 97 95 93 94 95 99 101 107 108 106 104 104 105 105 105 102 108 113 114 116 119 
49 47 27 9 13 18 11 4 14 19 24 31 36 32 18 10 12 9 5 7 10 30 45 28 12 15 25 18 17 15 17 14 22 28 52 59 62 69 75 69 67 60 67 72 94 126 111 162 175 177 138 96 94 121 134 117 104 153 76 67 45 70 57 61 64 70 71 54 64 72 75 78 81 85 86 86 87 89 93 95 95 95 96 98 101 102 103 102 102 102 105 107 109 109 105 109 113 114 116 119 
50 52 34 12 9 12 12 9 6 12 18 20 21 16 8 3 6 13 15 12 11 28 36 22 9 3 6 43 67 47 32 16 12 21 40 62 64 79 85 88 61 57 57 83 81 44 98 174 181 187 133 148 131 163 192 187 191 194 188 163 137 117 108 110 108 128 121 90 68 80 77 83 88 92 94 93 93 93 95 96 96 96 98 100 102 104 100 99 100 102 105 108 111 113 107 111 114 113 114 116 
41 57 53 28 10 6 11 19 16 18 17 12 9 11 12 11 15 18 11 7 12 32 32 11 3 8 8 7 49 85 48 20 13 27 54 108 113 118 101 107 74 63 53 67 53 34 153 199 188 131 173 148 167 165 184 200 200 196 192 210 205 203 215 213 188 141 134 90 61 72 95 93 98 103 105 104 102 102 99 97 97 97 99 100 103 104 104 104 105 105 105 106 109 111 106 111 113 112 113 115 
40 56 57 42 28 17 12 14 16 17 14 7 5 8 11 12 13 11 6 12 26 40 25 2 11 12 3 8 48 71 37 12 6 10 16 54 70 124 159 150 149 127 75 54 79 131 196 198 130 114 174 61 129 147 185 166 177 184 156 168 182 156 186 176 166 158 176 157 83 78 82 88 92 96 98 97 95 95 95 95 95 96 97 99 101 103 106 109 109 108 107 105 108 111 105 108 110 110 112 116 
48 49 43 42 48 40 22 11 15 20 23 21 19 19 16 14 15 9 6 17 32 46 32 19 17 12 27 20 5 55 96 62 32 19 16 23 17 43 68 115 135 134 133 115 125 177 174 105 78 153 100 37 43 62 146 90 120 172 148 167 164 130 161 166 134 115 148 110 82 87 89 86 89 92 92 90 90 91 92 92 92 92 94 95 98 99 100 102 106 106 105 106 110 114 104 107 109 108 110 115 
47 46 39 39 50 48 39 29 11 12 13 13 15 16 14 13 16 22 34 48 49 47 31 7 11 11 24 30 9 8 50 65 48 19 26 32 34 37 44 63 67 98 148 144 133 143 111 78 77 108 11 29 14 95 109 57 88 92 130 109 147 118 165 158 150 148 173 130 67 71 75 88 90 90 88 88 89 91 91 89 89 89 90 92 95 96 95 98 102 103 102 103 108 113 107 109 109 107 108 112 
40 46 46 43 44 45 48 54 54 52 48 46 49 53 55 50 43 42 44 47 41 45 48 30 18 13 2 16 18 18 23 19 24 15 30 31 34 37 49 60 70 101 114 98 101 93 47 64 43 33 32 43 36 167 23 23 29 39 60 65 57 66 86 92 116 126 163 130 72 78 89 81 83 83 81 81 83 86 87 87 87 88 88 91 94 95 95 97 100 101 99 101 104 109 109 110 110 109 108 108 
41 46 51 51 47 46 49 52 53 52 48 45 44 44 44 45 43 39 44 48 46 44 51 48 38 32 21 14 19 35 47 27 37 44 31 23 20 35 52 46 50 61 80 87 89 104 114 135 60 41 53 38 72 137 30 48 47 53 61 60 54 59 66 66 76 113 126 93 66 74 81 74 77 80 80 81 83 84 84 87 90 88 89 94 98 98 97 97 96 99 102 105 106 105 107 107 109 113 110 102 
46 47 45 41 37 36 39 41 32 32 32 32 33 33 34 34 32 30 29 29 29 33 42 43 46 60 54 43 44 44 34 28 45 56 53 43 36 57 74 58 70 85 113 127 119 128 144 108 26 60 43 34 185 54 42 48 48 54 62 61 57 61 69 68 58 60 62 62 69 78 78 75 78 80 80 81 82 84 87 90 91 89 87 91 96 97 97 97 98 100 104 106 106 105 107 104 105 108 108 104 
59 56 49 40 32 29 31 33 36 38 40 43 44 45 44 41 39 44 42 37 41 53 65 63 55 55 54 52 54 61 70 49 48 68 86 78 63 77 83 98 100 125 129 128 134 118 131 61 31 42 47 134 138 58 37 49 50 56 61 60 57 62 68 66 68 67 65 73 83 80 73 75 78 79 80 81 82 84 88 92 91 89 86 89 95 98 97 97 99 102 105 107 106 103 107 103 101 104 106 108 
63 63 61 58 55 55 56 58 58 61 64 67 68 67 65 61 62 77 76 62 56 57 53 51 47 42 53 62 58 58 73 70 68 82 102 96 85 101 102 110 101 127 120 109 140 131 109 38 35 39 106 173 59 66 44 50 53 57 60 59 58 63 65 60 71 77 77 76 75 70 70 75 78 80 80 80 82 84 88 90 89 88 87 89 95 102 98 96 99 103 106 107 105 102 108 105 102 103 107 112 
51 53 56 58 60 59 59 58 50 53 56 58 57 56 53 49 46 56 50 37 36 43 46 45 44 42 45 54 64 73 78 74 74 80 92 90 84 101 104 105 118 118 124 112 125 141 62 36 40 70 179 85 59 49 56 52 55 58 58 57 58 63 66 66 67 68 73 75 72 73 76 75 78 80 80 81 83 85 86 87 88 89 88 89 95 104 99 97 99 102 104 106 104 101 106 107 105 105 108 113 
65 65 66 66 63 59 55 53 56 57 59 59 58 56 53 49 46 54 54 49 49 55 58 54 54 56 51 54 73 82 70 58 73 89 98 99 93 100 101 101 127 117 127 128 117 116 33 49 31 173 109 48 66 39 58 52 56 58 57 55 58 62 65 63 62 60 67 75 72 72 75 75 78 80 80 81 83 85 86 86 88 91 90 88 93 103 100 97 97 99 101 103 103 100 102 106 108 106 107 111 
41 41 42 45 46 45 43 41 42 43 43 43 42 41 39 40 43 44 43 39 36 36 38 38 37 35 40 55 73 77 67 53 78 97 97 95 92 101 112 109 114 128 116 129 128 60 37 24 130 144 63 51 53 48 54 53 56 57 55 54 57 62 63 63 74 69 64 70 74 76 78 76 78 80 80 81 83 85 86 87 90 94 92 87 90 100 99 97 96 97 99 101 101 101 98 105 109 106 105 107 
12 15 16 15 17 19 20 21 17 18 19 19 18 18 19 21 23 20 19 20 21 21 20 18 14 11 23 48 73 80 70 56 74 93 92 91 93 98 109 124 108 126 115 129 105 29 39 51 189 72 39 69 31 63 51 52 56 55 54 55 55 56 59 61 69 70 69 70 72 75 78 78 78 78 79 81 83 84 88 91 91 93 94 93 96 103 98 99 94 104 100 108 102 102 102 105 106 101 100 103 
22 26 21 15 16 16 14 12 10 11 12 12 11 11 13 15 15 13 13 15 16 17 15 13 11 9 25 52 70 77 68 58 74 88 87 90 94 96 103 111 115 117 117 147 38 34 20 172 98 34 52 51 37 52 47 52 57 55 54 56 54 54 59 59 64 69 69 69 70 73 77 78 77 77 79 81 83 84 87 90 89 92 94 93 96 101 96 99 96 107 100 109 101 103 100 102 104 102 101 104 
35 37 27 20 23 20 10 8 8 10 11 10 10 10 12 12 11 10 10 12 14 15 14 15 17 15 35 63 66 70 65 61 76 85 83 88 94 96 102 106 106 121 108 109 38 14 111 153 38 44 45 39 61 39 57 50 55 54 54 56 55 55 60 59 64 68 69 67 69 72 75 76 75 76 78 81 83 84 85 87 89 92 93 92 92 95 95 102 100 110 99 106 100 103 95 100 104 105 105 107 
22 25 19 17 20 15 8 7 7 10 11 11 10 11 13 12 9 9 10 12 13 14 14 16 19 17 40 73 67 67 61 57 74 85 85 90 94 97 108 113 100 118 121 48 33 68 179 45 49 54 34 47 57 43 59 49 54 54 54 57 56 57 61 59 64 68 68 67 68 71 74 74 73 74 77 82 84 85 86 87 89 94 95 92 91 92 93 102 102 112 99 104 98 104 98 101 104 104 103 105 
11 15 17 18 18 12 10 14 9 11 13 13 12 13 14 13 9 9 10 11 13 15 17 18 18 19 45 76 72 67 59 52 69 88 92 93 92 97 116 108 115 113 118 31 19 177 85 61 36 30 53 43 34 50 45 47 52 53 53 57 57 58 62 60 65 68 68 67 68 71 72 73 72 73 77 82 86 86 87 88 91 96 97 94 91 93 94 102 101 111 98 103 98 103 103 105 105 101 99 103 
13 18 22 24 22 14 12 16 9 11 12 12 12 12 13 12 8 9 11 12 12 14 17 18 15 25 52 70 73 63 56 53 68 86 89 89 87 95 118 108 114 125 56 19 131 121 55 54 31 53 49 38 48 44 52 45 51 51 53 58 59 60 64 62 66 69 69 68 68 70 72 73 72 74 78 83 87 88 87 86 89 95 96 93 92 93 93 100 97 108 98 105 99 102 103 106 105 101 99 104 
13 15 16 20 23 14 10 11 8 9 11 10 9 10 11 10 7 9 11 11 11 13 16 16 12 36 62 62 68 58 54 60 72 81 79 80 80 90 114 111 112 100 27 46 186 43 66 30 43 64 38 40 54 40 52 44 50 51 53 58 59 61 65 64 67 70 70 69 68 71 73 73 73 75 79 84 88 89 86 83 85 90 92 90 91 94 93 97 94 105 98 106 99 101 98 101 104 103 104 108 
11 11 10 19 18 14 7 8 8 8 9 9 8 9 10 9 6 8 11 11 11 13 15 14 12 45 70 59 66 58 57 66 76 77 72 75 78 91 115 108 125 49 35 119 100 51 32 48 38 37 45 41 39 43 40 45 49 51 53 56 59 62 64 64 67 70 70 69 69 71 73 73 72 75 78 83 87 88 86 83 84 88 90 88 89 95 93 96 93 102 99 105 98 100 95 98 102 105 106 107 
13 15 14 28 11 16 7 7 7 7 7 9 10 11 11 10 8 9 12 14 15 15 15 14 19 50 72 62 67 70 64 66 84 82 75 82 84 99 122 115 109 25 62 145 66 40 35 30 36 44 46 44 42 44 47 46 46 52 54 52 57 61 61 64 65 68 71 70 67 69 73 75 73 75 77 81 84 84 88 87 84 88 91 89 90 96 95 97 98 99 103 101 98 104 101 99 102 107 107 98 
14 16 14 29 10 15 6 7 5 5 6 7 8 9 9 10 9 10 12 14 15 14 13 11 23 52 67 64 64 67 66 68 84 83 81 89 88 99 113 128 44 31 140 82 48 35 45 33 38 44 46 44 42 44 47 49 49 53 55 53 57 60 61 63 64 67 70 68 67 69 73 75 75 75 78 82 84 85 87 89 87 87 87 88 90 93 97 102 101 98 99 99 100 110 100 102 107 109 101 90 
13 15 13 28 9 14 6 7 5 5 5 6 7 8 9 9 10 11 12 13 13 13 11 9 30 57 63 67 61 64 69 67 78 80 83 93 93 102 110 89 24 106 111 56 36 23 52 37 40 45 46 44 43 44 46 51 53 55 55 56 57 59 62 63 63 66 69 68 67 70 74 76 75 76 79 83 85 85 86 88 90 86 84 89 92 91 90 98 102 101 100 98 97 104 107 107 103 96 85 76 
11 13 12 26 8 12 6 8 6 6 6 7 8 9 10 10 11 11 12 12 12 10 9 11 40 63 64 70 62 64 72 67 74 76 81 92 93 104 110 57 73 132 63 31 36 34 38 38 41 44 45 44 43 44 45 51 56 55 55 58 57 58 63 63 63 66 69 68 68 71 75 76 75 76 79 83 85 86 84 87 89 85 83 89 95 93 85 94 103 102 101 98 94 96 109 103 92 80 74 74 
12 16 13 27 7 11 7 9 6 6 7 8 9 10 11 10 10 11 12 12 11 10 9 18 47 65 67 70 63 65 73 70 75 77 83 88 88 101 107 78 137 73 44 32 25 44 33 39 40 42 43 44 45 45 46 50 57 54 54 60 57 57 64 63 64 66 69 68 69 73 77 76 75 76 79 83 84 85 84 86 88 85 85 90 95 94 92 100 104 99 98 100 98 98 96 90 82 78 82 87 
21 24 21 32 7 10 6 8 6 6 7 8 8 9 10 9 9 10 11 12 11 10 9 27 52 65 71 65 63 66 70 70 77 82 89 90 87 101 107 137 77 51 43 23 41 37 35 37 38 39 42 43 45 46 46 48 58 53 53 62 58 57 66 65 64 66 69 69 70 75 78 75 75 75 78 82 84 85 87 89 88 88 89 90 91 94 96 104 103 96 97 102 100 97 82 79 78 79 85 92 
32 34 29 37 9 10 6 8 6 6 6 6 7 7 8 8 8 9 10 11 11 10 9 33 53 62 72 60 62 65 66 65 73 83 94 95 91 107 112 116 51 37 35 37 37 29 42 37 37 37 39 43 45 47 47 45 57 52 51 62 58 57 67 65 65 67 69 70 71 76 78 75 74 74 77 81 83 84 91 93 89 91 92 88 86 92 91 98 100 96 101 104 96 86 77 79 77 71 72 79 
30 30 26 29 22 13 8 11 9 10 11 11 10 11 12 12 10 11 10 10 11 12 19 37 56 66 69 54 57 68 65 66 80 88 89 90 92 103 122 76 38 32 32 36 39 34 40 42 40 39 42 45 44 47 50 52 57 50 59 58 63 58 66 62 69 62 70 68 75 78 78 77 80 80 80 79 80 89 91 94 96 92 95 96 92 97 96 97 101 105 104 99 87 72 73 77 76 72 72 77 
12 12 12 15 19 10 8 13 7 8 9 9 8 8 9 10 10 11 10 9 9 10 19 37 57 68 69 53 55 69 64 66 80 89 87 89 92 102 124 70 34 31 32 35 42 36 40 43 40 40 43 45 44 47 50 53 57 50 61 56 64 58 65 61 70 60 70 68 75 77 78 78 81 81 81 79 80 90 90 94 97 92 95 98 95 98 98 96 99 102 97 90 83 72 73 75 74 72 72 77 
24 25 26 34 41 35 34 42 43 44 45 45 44 45 47 43 35 37 36 36 36 38 47 52 58 67 68 53 55 69 63 65 80 89 87 90 93 102 123 71 34 32 32 35 42 36 39 43 40 40 43 45 44 47 51 54 57 50 61 56 64 59 66 61 70 61 70 68 75 77 79 78 81 81 81 80 80 89 90 94 96 92 95 98 95 98 98 95 98 96 87 80 80 76 73 74 73 71 72 77 
