99 104 104 101 99 103 109 112 114 115 109 103 98 97 99 103 105 97 92 91 93 96 94 92 94 99 103 96 92 94 92 88 88 90 88 88 81 55 30 24 21 14 13 11 17 22 23 21 17 13 12 12 10 4 3 13 32 48 53 52 49 51 50 46 42 41 42 39 36 37 31 24 20 21 25 28 29 38 52 64 73 77 74 65 62 71 65 66 70 74 75 72 66 60 50 43 52 64 72 70 
98 99 95 90 89 93 99 102 103 106 112 113 108 101 98 104 112 103 99 98 98 96 91 88 89 95 101 94 89 91 92 92 92 93 88 81 66 43 26 20 17 12 16 13 15 18 19 18 16 13 9 8 7 5 8 19 36 50 53 51 49 48 45 41 39 40 43 41 36 29 26 22 22 24 27 29 31 37 53 70 77 75 71 66 65 71 73 71 71 72 74 72 68 61 58 61 65 71 75 73 
105 101 97 96 98 104 111 114 109 100 107 111 105 96 95 104 114 106 104 104 101 96 90 87 88 92 97 96 95 96 93 87 79 73 62 48 33 21 18 16 12 10 16 15 15 14 15 16 15 11 6 3 4 10 21 35 47 52 50 46 46 44 41 39 38 39 37 33 28 20 21 21 23 26 28 31 33 38 57 78 82 73 66 65 65 67 69 67 68 71 76 75 70 62 65 77 74 72 72 71 
112 105 101 103 108 112 113 112 110 105 103 98 93 89 93 102 111 104 104 104 100 96 92 91 91 91 92 98 100 95 82 65 47 34 26 17 8 10 17 18 16 18 20 17 15 14 14 14 13 10 6 4 8 20 36 50 55 52 46 42 44 43 41 40 38 32 25 19 17 17 19 22 24 26 28 32 35 41 60 79 81 71 63 60 61 63 60 63 70 78 83 82 76 67 69 79 72 66 65 66 
111 103 101 105 111 111 105 98 99 102 96 88 81 78 82 91 99 102 103 101 97 95 96 97 93 89 88 95 94 77 55 36 22 13 12 10 7 13 16 14 17 23 20 18 19 19 17 15 12 9 7 10 21 33 46 53 53 48 46 44 44 42 40 38 32 22 15 13 16 20 23 24 25 25 27 31 35 42 55 69 73 70 65 59 58 65 66 73 83 91 93 91 86 80 78 77 69 63 64 67 
109 99 100 112 124 122 113 103 105 116 113 107 98 91 91 100 107 105 102 97 94 95 98 97 92 87 88 88 78 53 28 14 9 11 13 11 11 13 10 6 10 17 12 21 21 22 20 14 9 9 11 22 38 43 48 50 48 46 47 49 46 42 38 31 21 12 8 13 21 24 26 26 25 26 27 31 35 41 50 58 64 67 66 60 61 71 81 90 99 102 101 97 95 94 88 74 68 65 66 70 
108 95 95 113 130 130 119 109 110 118 117 114 109 104 102 104 106 103 94 88 89 92 93 90 90 91 82 68 47 29 15 7 7 12 11 10 11 13 14 14 15 14 14 20 19 20 19 13 9 14 26 41 51 48 46 47 50 50 46 41 39 37 31 21 11 5 5 10 15 18 24 24 25 31 31 31 35 42 52 60 62 63 64 64 68 78 90 100 108 109 106 103 99 97 85 68 65 63 63 63 
104 99 100 108 120 126 123 114 104 98 102 107 111 111 108 106 105 104 95 87 86 89 89 86 86 84 65 43 16 6 5 6 10 14 11 9 11 13 16 18 20 19 19 14 17 18 15 10 11 24 45 55 53 51 49 46 42 37 33 31 27 23 17 11 6 3 4 6 10 13 21 24 26 31 30 29 32 37 49 64 71 70 66 65 74 90 101 106 111 114 115 111 104 93 77 60 59 58 57 58 
108 113 112 110 113 120 122 117 104 95 100 107 113 116 115 113 112 109 98 88 88 90 85 71 55 42 24 15 8 11 16 16 12 9 8 9 11 13 16 17 17 18 18 15 18 17 12 8 14 31 53 59 51 50 48 42 35 28 25 24 19 15 11 6 4 3 3 2 3 8 18 24 28 32 30 27 30 34 46 63 72 74 74 72 78 91 98 97 98 100 104 105 98 87 72 61 63 64 64 64 
114 121 124 118 114 116 117 113 106 101 102 104 106 110 111 111 110 109 99 89 87 86 73 48 22 10 5 4 7 12 14 11 8 8 8 9 11 13 14 15 14 14 13 20 19 16 12 14 24 38 51 53 48 46 43 39 33 27 24 21 18 16 14 12 9 7 4 2 1 7 18 26 29 33 30 28 32 38 48 61 70 76 81 79 78 83 93 92 89 86 85 83 78 70 62 58 63 66 68 67 
111 119 126 125 119 110 105 105 106 104 102 101 102 105 106 106 105 102 95 88 79 65 43 20 7 6 11 7 4 7 8 7 7 8 7 8 10 13 15 17 18 19 18 19 14 11 15 29 46 56 55 51 49 45 40 37 35 29 22 18 13 15 18 17 14 9 6 5 5 9 20 28 30 33 31 31 37 43 54 66 76 82 86 83 78 81 83 88 90 86 78 72 65 61 56 54 60 67 69 68 
109 115 121 122 116 106 100 99 101 102 105 107 108 106 103 104 106 99 96 89 74 50 26 11 7 9 11 11 9 8 8 8 8 7 7 8 10 11 11 11 13 17 21 14 12 13 22 41 59 70 70 69 67 54 46 40 31 25 23 18 14 18 21 19 13 8 7 8 8 10 21 30 33 33 31 33 39 46 56 68 80 86 86 81 77 81 72 81 87 88 83 77 72 70 72 75 78 82 84 83 
107 110 113 114 113 110 109 109 110 110 111 112 110 106 102 101 104 89 83 72 54 33 18 10 7 4 3 8 10 7 7 10 10 6 4 5 9 15 18 19 18 17 17 9 13 22 39 59 77 90 98 100 93 75 62 49 29 21 24 24 21 25 26 20 12 9 8 9 9 11 21 32 36 33 31 34 39 52 63 69 78 83 80 72 69 72 69 80 86 89 91 88 85 85 91 95 94 92 91 92 
106 107 109 110 110 111 113 115 119 120 114 106 101 102 103 99 95 85 70 47 24 10 7 7 5 2 2 5 8 8 9 9 7 4 12 16 14 14 16 19 21 20 19 31 38 52 72 92 109 118 122 119 109 90 70 52 32 23 24 24 24 25 25 20 14 9 8 8 9 12 21 30 34 34 34 37 41 56 66 70 75 76 73 68 65 65 65 77 86 92 99 100 98 97 103 107 102 96 93 93 
111 111 112 112 111 107 104 101 107 115 110 103 98 98 101 98 94 94 74 43 17 6 5 5 2 1 6 9 11 9 4 3 7 13 12 14 25 39 52 62 70 76 80 73 79 89 103 117 125 126 124 120 111 89 62 42 31 27 23 21 23 22 19 15 11 7 5 6 9 11 19 28 33 35 37 41 46 52 58 68 77 80 78 73 68 65 60 72 83 93 102 105 103 102 106 108 99 89 83 82 
115 115 116 118 117 113 108 102 104 111 110 107 103 104 104 95 82 70 50 27 11 5 6 6 6 6 8 9 12 14 16 24 39 56 71 81 88 95 97 96 98 102 107 111 114 119 127 135 138 136 132 127 119 98 64 38 31 28 22 22 21 17 13 10 8 6 5 7 11 15 20 28 33 36 39 43 47 49 59 78 91 92 84 75 67 63 62 74 85 96 107 110 106 103 104 103 92 81 75 75 
117 115 113 113 113 112 109 106 106 110 107 103 101 105 102 78 51 32 19 9 5 7 9 10 12 16 18 13 15 28 45 62 79 94 103 106 107 109 111 115 120 125 128 134 134 135 139 144 147 146 143 141 138 123 87 51 34 25 21 28 23 15 10 9 9 8 8 10 16 23 27 31 34 35 38 40 42 47 62 86 101 97 86 77 73 72 61 72 82 93 104 106 101 95 94 91 81 71 68 71 
116 112 107 105 107 108 107 106 106 104 100 101 104 99 87 53 18 10 6 4 5 8 11 12 15 19 18 24 29 42 66 89 102 106 108 111 114 119 124 128 133 137 140 143 144 148 151 151 149 148 148 148 145 131 95 52 28 28 28 26 20 17 14 10 6 4 5 8 15 24 27 33 42 45 40 35 38 48 65 84 96 97 84 78 83 70 69 75 80 89 100 108 106 96 85 79 84 77 90 78 
115 114 113 109 105 102 102 104 106 105 102 93 85 80 63 34 12 5 2 2 3 7 11 13 17 22 28 38 46 66 93 111 119 124 123 125 133 140 142 142 142 145 148 149 150 151 152 152 151 150 149 142 126 106 75 45 29 27 24 19 16 16 15 11 7 5 6 10 15 19 27 32 35 38 36 35 40 53 68 84 98 101 85 76 90 81 75 78 81 87 96 101 98 86 74 74 89 88 109 91 
118 120 119 115 108 102 100 101 94 86 98 93 85 83 50 12 4 4 4 4 7 12 16 21 28 34 36 42 55 81 107 117 121 129 132 135 142 149 152 153 152 151 151 149 148 146 144 143 143 141 138 127 105 75 47 35 31 25 19 18 17 18 18 15 11 8 9 13 17 24 38 42 34 32 35 37 41 55 70 85 99 103 85 77 97 99 84 83 82 84 88 91 88 81 74 79 102 106 127 108 
124 121 117 114 111 107 101 96 88 81 80 59 42 41 21 4 11 8 7 9 13 17 21 27 36 43 41 47 62 87 109 113 113 119 128 131 129 131 138 148 154 153 150 154 155 151 146 144 144 141 134 120 93 55 26 25 31 29 24 26 25 25 24 19 14 9 9 12 16 22 39 45 37 35 37 39 42 55 69 83 96 102 89 86 110 112 99 92 84 80 80 83 88 92 92 99 124 128 146 127 
117 115 112 109 108 104 96 90 80 63 46 23 9 8 4 3 9 10 10 11 14 17 20 26 36 45 48 61 75 92 110 116 115 116 120 120 116 116 121 131 139 142 142 153 160 161 156 153 153 151 144 126 93 55 27 26 38 39 35 34 33 31 27 20 14 10 11 16 20 20 30 34 34 37 37 38 44 56 70 82 93 100 98 108 129 118 111 100 88 81 79 82 92 104 111 120 140 137 150 131 
103 106 109 107 102 94 89 87 75 49 25 12 8 4 6 10 5 15 17 18 20 21 23 29 39 47 50 69 83 94 109 120 121 118 116 116 118 118 118 119 123 128 134 134 146 153 151 148 149 149 144 126 95 62 37 36 47 50 44 37 34 32 27 19 13 11 14 21 29 40 37 33 35 38 34 35 44 57 73 84 92 101 108 127 144 120 115 104 92 85 81 83 91 105 116 129 144 134 143 124 
98 106 110 107 102 97 86 70 44 16 9 6 7 10 9 13 17 21 25 29 31 32 34 39 46 53 63 73 87 104 117 125 130 131 126 124 126 123 116 113 115 119 120 115 127 136 139 140 144 146 142 128 99 65 41 42 50 47 38 34 26 24 21 17 16 17 17 24 36 47 55 35 34 39 35 40 46 60 67 75 93 104 109 132 144 117 104 107 90 79 75 79 99 119 131 140 138 136 137 138 
107 107 108 108 104 90 70 50 28 7 4 3 4 9 13 19 24 26 29 32 34 34 37 45 57 68 84 95 110 120 123 125 128 132 132 131 130 126 119 116 118 121 122 124 125 124 120 115 113 117 123 115 86 61 44 46 50 42 30 25 17 18 16 13 17 23 28 33 42 54 61 39 36 42 37 41 47 55 67 83 99 107 112 120 118 101 89 81 75 80 80 98 135 152 143 139 139 140 142 145 
106 104 107 110 99 72 43 23 14 10 10 12 16 21 25 26 27 26 30 35 38 40 44 53 65 75 81 99 120 129 129 128 130 136 134 132 132 128 120 117 119 122 124 121 114 112 113 109 101 95 96 92 74 57 45 45 44 34 23 18 11 14 14 11 15 24 32 37 47 67 72 47 41 45 39 43 49 55 71 88 90 91 100 104 102 106 103 92 77 83 100 127 156 158 143 140 142 145 149 151 
98 102 105 99 76 44 19 10 13 21 25 28 31 31 31 24 18 22 27 33 39 44 49 55 60 65 74 89 109 120 121 121 122 126 128 131 132 128 121 116 116 117 117 117 108 105 108 109 104 96 91 86 74 58 43 37 33 26 20 17 14 15 14 13 16 20 26 37 56 82 85 57 48 49 41 45 51 54 72 91 93 94 105 109 108 119 108 106 77 85 127 154 156 146 140 143 146 150 152 153 
99 102 94 72 44 22 13 13 20 27 31 33 32 31 30 23 15 6 6 12 24 39 54 64 70 72 77 80 85 90 94 98 100 102 102 105 110 110 107 104 105 105 103 108 108 106 103 101 101 100 99 94 80 61 43 32 28 24 19 16 16 13 12 16 22 21 24 45 75 94 96 64 53 52 43 47 53 54 68 91 103 107 112 115 112 110 98 96 79 102 146 162 155 147 145 149 151 152 152 150 
109 100 73 39 18 12 16 22 27 32 33 32 29 30 35 31 25 28 25 21 21 27 34 39 38 37 43 38 30 30 39 51 59 64 65 68 77 85 90 90 88 89 92 90 100 105 102 98 97 98 99 94 80 61 42 32 28 25 19 15 15 12 11 20 28 25 27 58 100 104 101 71 56 53 45 48 52 56 67 87 102 103 101 108 111 102 108 101 101 138 162 157 153 150 148 153 154 153 151 148 
95 75 38 14 15 21 23 26 30 33 35 32 29 36 38 31 26 31 33 28 19 14 13 14 11 9 20 32 36 35 46 63 80 96 112 115 111 112 112 101 87 84 93 104 94 85 83 86 87 88 91 89 76 58 40 30 26 21 18 17 13 19 18 20 28 27 28 62 114 116 102 79 61 52 48 48 49 54 68 91 108 107 104 117 133 129 124 129 121 156 171 154 152 156 151 155 154 154 151 151 
49 37 16 8 15 25 30 33 34 35 39 37 34 38 39 34 33 36 35 31 25 20 19 18 15 10 7 26 35 33 39 58 87 118 137 140 134 131 130 131 130 128 126 131 125 117 107 93 82 79 82 86 81 64 46 33 24 17 13 13 13 18 20 25 34 34 36 66 110 114 100 77 60 51 48 49 50 56 70 89 102 105 113 135 152 149 140 144 141 166 171 154 157 162 155 154 155 157 157 156 
22 16 11 12 20 28 31 30 28 29 36 37 39 43 41 39 43 38 36 35 34 32 29 25 19 14 11 24 26 20 22 35 62 94 118 135 146 150 145 142 142 139 133 141 144 144 139 128 113 100 93 87 76 61 45 33 26 20 19 21 17 21 25 29 35 36 40 64 99 113 97 74 57 51 49 49 49 56 71 88 99 106 125 151 162 155 140 144 153 169 163 153 162 169 157 148 153 159 162 161 
13 10 15 23 29 34 36 33 28 30 35 37 41 44 36 30 31 42 38 30 25 22 22 25 28 31 28 32 30 27 28 30 36 50 78 107 130 144 143 140 142 147 149 140 142 141 139 137 133 126 119 104 80 63 45 34 28 23 19 19 13 18 26 31 35 39 51 79 108 111 94 71 55 50 50 50 49 54 71 90 99 108 132 156 159 149 137 141 162 173 162 160 171 174 158 144 152 161 165 163 
11 8 18 29 31 35 38 35 29 28 30 33 40 43 31 16 14 32 28 18 13 14 15 19 26 34 34 31 23 22 23 20 19 26 33 46 69 94 115 129 136 137 137 136 139 140 138 138 138 135 127 112 87 65 44 34 31 26 18 13 15 24 34 39 40 45 66 102 126 109 91 68 54 50 51 50 49 53 73 94 100 108 134 158 159 151 141 143 173 180 164 165 174 168 151 144 155 166 171 168 
15 13 22 29 30 34 37 33 25 20 23 31 43 47 40 24 9 18 12 16 22 21 17 12 14 26 26 30 35 41 41 32 24 23 32 41 46 53 70 95 118 132 139 137 141 141 140 142 144 139 128 111 89 61 40 39 39 27 16 12 12 18 25 28 29 35 55 90 116 105 84 62 53 51 51 51 52 56 74 97 107 110 124 145 151 144 141 146 182 182 163 165 169 157 145 149 160 171 175 174 
19 21 29 34 34 36 36 31 21 16 23 44 65 75 75 55 24 9 5 16 15 8 16 24 16 19 31 31 34 37 35 29 29 32 43 52 53 49 52 69 91 109 122 141 141 136 130 132 140 142 136 120 91 59 40 42 40 20 10 15 10 12 15 18 24 32 47 72 92 77 64 52 49 50 50 53 57 62 78 101 110 110 116 130 137 136 147 155 183 176 166 173 169 152 146 154 165 173 177 178 
23 25 35 40 40 38 35 26 14 7 15 36 63 86 97 87 67 48 22 8 6 11 18 20 21 33 34 30 27 26 27 30 37 45 36 32 35 40 50 61 71 87 110 130 139 144 140 135 134 136 136 124 94 65 42 35 28 14 12 20 11 9 11 16 24 29 32 41 50 38 47 51 48 47 51 56 57 65 87 104 102 105 126 135 133 142 162 171 169 160 170 180 166 148 149 161 171 179 181 181 
33 27 30 34 38 42 39 27 14 12 17 28 44 64 83 94 101 88 78 56 27 11 8 12 21 30 36 36 36 38 42 47 53 56 57 55 52 53 58 59 58 70 95 113 124 134 138 139 139 139 139 129 104 71 41 28 24 18 15 18 16 15 16 20 26 26 21 20 26 29 44 54 50 48 53 57 58 67 90 107 104 110 133 138 131 144 167 181 163 154 172 176 160 150 158 169 178 184 185 184 
38 29 27 30 35 41 38 25 12 12 21 28 35 46 55 69 88 96 109 93 63 37 16 7 14 23 37 41 46 51 57 64 66 64 56 53 56 61 66 63 52 51 65 91 95 99 103 109 118 128 137 134 111 78 46 31 29 29 25 20 23 27 30 34 38 36 31 34 42 39 44 47 46 48 54 59 63 72 92 111 115 120 133 136 136 149 168 181 160 159 173 168 157 159 168 176 184 189 189 187 
33 31 35 36 34 33 29 18 12 20 28 30 34 43 41 45 64 80 105 104 100 96 71 42 35 34 40 42 42 42 50 61 68 67 66 66 64 59 57 58 56 57 66 72 73 75 74 74 78 87 99 109 107 82 55 39 36 38 36 33 26 33 42 49 54 54 57 72 87 74 60 48 47 52 55 60 66 77 95 115 126 125 123 131 146 159 169 174 154 163 174 163 160 167 172 180 187 191 190 188 
28 32 37 40 38 32 23 13 13 25 27 27 37 49 43 39 54 65 87 100 106 114 115 104 86 70 69 59 49 40 37 43 47 43 45 58 80 96 104 114 116 105 113 121 111 99 85 69 59 59 61 66 72 69 62 46 30 38 48 44 31 37 47 57 66 69 71 88 109 99 69 50 52 54 55 61 70 82 98 113 124 128 121 134 143 161 175 163 158 169 171 164 163 165 171 181 184 186 187 187 
39 34 31 34 34 29 19 10 12 21 25 29 39 48 39 35 45 47 67 93 113 126 128 116 97 91 107 87 71 62 54 49 51 56 66 74 88 106 118 129 135 139 172 176 167 158 149 135 115 93 70 57 49 33 31 38 42 47 41 22 24 33 43 55 68 78 85 104 126 124 98 68 61 62 56 57 71 88 104 113 120 127 120 139 148 171 159 149 154 168 171 170 173 177 179 180 181 182 183 184 
39 30 25 30 31 26 18 14 14 18 26 35 43 45 37 35 39 34 50 74 92 104 106 94 81 72 64 64 64 64 63 63 70 83 106 115 117 127 136 142 141 135 156 166 171 178 185 185 170 142 114 87 57 37 35 42 34 28 35 39 31 33 39 50 64 79 94 113 128 127 106 69 57 66 62 59 75 88 100 110 115 119 110 130 143 170 149 149 158 168 171 173 177 182 181 178 178 178 179 180 
32 31 33 35 32 25 17 13 11 13 26 39 44 42 40 39 35 29 35 43 55 67 69 59 46 41 43 66 68 53 58 79 102 121 133 134 135 139 139 144 136 90 53 85 117 151 183 205 207 192 178 164 131 77 41 32 28 30 36 35 31 29 31 39 54 76 100 119 124 114 92 57 51 68 72 70 80 84 95 110 118 118 103 118 131 160 147 156 165 170 174 177 179 180 179 176 175 175 175 175 
32 39 42 36 32 31 23 11 4 11 22 37 43 42 47 49 37 25 24 27 34 44 46 38 27 25 31 50 49 44 62 84 101 118 124 123 128 136 137 146 148 102 49 26 58 94 139 186 209 205 198 196 184 149 112 74 40 34 38 32 28 22 21 27 43 73 107 127 122 102 75 59 61 66 73 79 79 88 105 117 124 127 115 130 137 159 145 162 168 170 179 186 186 183 179 175 174 173 172 172 
29 37 34 26 30 43 41 20 5 10 20 35 41 42 54 57 39 26 23 20 20 24 27 29 34 46 54 46 34 52 84 92 96 114 125 119 120 128 128 133 142 129 112 67 71 75 107 166 207 214 207 203 199 192 172 135 99 88 69 35 33 26 21 24 38 69 107 125 113 84 59 63 72 59 65 81 78 95 115 117 120 130 129 147 148 161 152 169 172 171 181 190 187 179 175 175 174 172 171 171 
28 33 23 29 41 45 41 22 7 10 15 34 46 43 60 66 41 37 30 18 14 21 27 27 36 50 41 52 83 96 107 119 122 131 133 130 131 130 118 108 115 127 125 122 100 86 96 124 149 162 166 162 156 152 142 131 141 171 153 99 57 36 28 33 37 50 86 108 85 68 58 54 57 61 66 74 84 103 115 117 123 133 141 142 149 164 177 168 166 177 186 184 177 173 175 175 172 168 167 167 
25 40 41 48 53 47 38 20 5 6 14 38 57 60 72 72 52 55 55 40 25 23 36 50 60 69 76 79 99 102 106 114 109 110 112 111 113 116 115 115 126 139 139 129 119 112 110 111 107 102 97 94 92 88 91 95 100 121 141 144 114 75 34 23 32 41 54 66 60 61 55 54 57 62 67 75 83 101 114 118 123 132 139 143 153 172 179 176 179 187 188 181 174 171 171 169 165 162 159 160 
32 49 52 61 61 48 36 19 6 8 19 44 74 89 90 76 60 68 62 42 27 27 42 59 68 70 71 68 85 90 101 114 109 110 119 122 118 117 115 115 120 125 123 118 123 128 129 122 110 98 89 89 90 88 95 103 100 100 117 138 153 127 65 23 19 25 27 38 49 52 52 55 59 63 69 76 82 98 113 122 129 136 141 144 155 173 167 175 185 191 187 179 174 175 174 168 165 161 160 160 
48 56 50 57 59 49 36 21 13 21 32 58 97 125 111 82 72 72 50 30 26 31 34 37 46 54 57 49 61 68 90 118 127 136 137 134 128 121 121 125 126 127 132 131 130 127 125 124 125 126 125 121 116 117 118 122 124 109 89 78 121 143 106 52 27 28 34 44 50 48 53 58 60 64 70 77 81 97 115 129 139 146 149 149 154 164 160 173 184 185 179 174 171 170 168 166 162 159 157 157 
55 57 49 55 58 48 38 25 17 26 43 68 104 125 92 57 59 61 49 41 38 31 22 25 39 49 52 53 80 95 114 129 122 118 112 110 110 109 115 123 124 125 137 147 144 137 129 127 128 127 122 114 109 112 113 120 131 122 109 108 114 139 118 66 32 25 31 39 39 49 56 61 61 63 70 77 82 99 118 131 141 149 156 157 158 163 163 174 180 178 174 173 171 165 161 160 156 153 151 151 
54 58 54 60 60 49 40 31 32 50 72 98 123 129 68 33 42 33 43 53 44 28 28 49 70 79 87 85 88 87 99 112 111 119 128 136 142 148 159 162 149 139 146 141 142 145 143 143 144 140 132 123 113 107 102 104 106 97 112 154 170 177 143 88 44 28 35 46 44 51 57 61 60 62 71 80 84 101 119 129 136 144 155 162 166 169 157 166 174 172 170 176 180 173 162 158 155 152 150 149 
55 56 58 60 58 53 45 38 41 54 72 105 126 142 47 26 20 29 46 41 23 28 59 87 91 85 88 102 92 88 108 110 106 118 129 132 132 137 148 146 137 147 160 148 154 173 177 175 165 141 122 113 102 95 97 96 99 106 132 194 207 191 160 111 60 35 43 51 43 51 52 56 59 62 75 87 90 107 121 127 133 141 149 155 159 158 147 161 180 176 161 167 181 176 157 150 151 151 149 147 
58 59 61 62 61 57 51 44 44 59 88 104 112 122 37 14 21 47 33 19 30 57 82 95 96 93 92 81 80 90 103 116 120 116 113 112 116 120 117 115 129 148 150 142 156 167 162 162 151 120 98 93 86 84 96 103 112 121 137 180 204 194 166 120 68 41 44 52 47 53 58 63 65 64 71 83 95 116 128 131 140 151 155 150 145 142 165 178 177 166 163 170 172 163 152 147 149 151 152 151 
60 60 61 62 62 59 55 49 47 57 88 107 111 79 21 14 22 24 15 32 68 88 88 89 97 97 86 80 77 88 109 122 124 121 130 131 133 140 138 144 165 151 117 116 125 124 120 142 155 132 105 96 91 95 111 116 121 135 148 178 202 191 157 110 65 42 43 51 54 59 61 61 65 69 72 80 96 126 137 132 132 138 142 147 162 178 184 191 170 155 166 174 164 154 151 148 153 158 161 161 
60 59 59 60 61 60 57 54 54 61 75 96 107 40 7 13 12 11 16 37 62 71 70 72 76 74 74 86 81 85 108 115 113 121 132 133 143 157 156 159 153 103 67 85 103 120 122 140 160 154 138 128 120 124 137 131 126 146 164 187 205 184 140 94 60 46 49 57 61 61 59 55 63 76 77 82 101 131 144 139 134 133 139 153 177 199 191 188 165 153 167 172 161 154 155 155 160 166 169 170 
62 62 61 62 64 64 63 61 61 59 51 49 75 20 8 7 9 13 26 40 54 68 75 73 70 73 82 85 93 100 102 108 115 120 124 117 119 135 148 166 144 67 54 36 57 100 118 132 161 177 172 162 156 152 158 144 138 166 184 196 198 168 117 75 57 56 57 57 58 59 61 58 69 83 80 86 114 143 154 148 138 135 147 171 191 197 193 180 163 159 166 165 157 154 158 162 166 170 173 173 
65 67 66 64 64 66 67 65 61 53 40 22 38 22 12 4 14 24 43 64 82 96 100 92 88 97 106 92 102 113 104 109 122 123 127 130 137 145 146 150 134 105 129 44 51 90 129 162 196 215 214 205 196 189 190 167 167 193 207 206 190 146 98 69 56 55 59 60 55 58 59 66 71 82 83 88 125 157 162 151 138 134 156 188 200 199 192 179 161 160 166 163 156 154 156 163 168 172 173 174 
65 67 67 64 63 67 69 68 65 60 50 33 21 18 10 14 30 59 78 91 99 105 107 106 107 114 121 104 105 115 111 111 118 124 130 139 148 156 160 154 137 124 125 95 99 122 162 199 218 224 227 224 213 206 206 183 191 206 204 193 170 123 86 69 59 54 60 63 55 59 54 69 66 79 88 94 132 163 164 154 144 141 163 197 200 200 181 178 155 153 163 161 155 153 155 164 173 176 174 177 
61 63 63 62 63 66 68 69 68 65 62 58 45 32 45 65 69 95 105 106 107 112 119 122 125 130 127 119 121 125 122 120 124 126 130 134 139 145 149 147 136 131 139 145 158 173 190 205 216 222 222 223 220 204 202 205 210 208 171 157 135 110 80 60 54 56 54 53 56 59 57 64 65 77 88 104 141 161 159 153 148 145 167 197 197 195 171 176 158 154 159 155 154 159 164 172 180 182 180 182 
62 61 61 60 61 61 63 64 63 60 67 79 79 74 96 114 102 105 114 120 124 128 130 128 130 135 137 136 133 129 127 127 130 132 131 129 128 130 135 138 134 139 156 165 175 181 181 187 201 216 222 226 224 205 196 208 193 178 122 119 100 97 82 61 54 53 49 50 63 60 61 60 66 74 84 110 144 162 161 156 151 147 168 197 198 196 173 182 165 158 160 157 159 166 171 175 183 184 182 183 
65 62 60 62 61 60 60 62 65 69 79 91 99 108 131 143 137 134 140 143 140 137 134 131 133 139 143 151 146 135 133 134 132 133 134 130 123 121 124 123 116 122 142 157 160 159 160 172 192 212 222 222 214 199 179 190 151 136 70 83 55 63 71 65 58 55 50 49 57 59 64 59 71 75 85 121 151 167 168 163 158 152 171 198 200 198 171 178 158 150 156 158 163 168 171 177 185 187 184 185 
67 63 62 65 67 65 65 68 75 89 106 116 125 140 146 148 157 160 163 162 158 157 155 149 144 143 140 158 157 144 143 141 132 128 129 127 123 123 124 118 102 99 115 134 132 136 152 175 195 208 211 204 194 184 157 168 120 115 45 63 54 60 66 62 53 50 53 53 51 56 66 59 77 84 94 137 165 166 160 160 156 152 167 191 188 184 168 171 147 140 154 164 170 172 173 180 189 190 188 190 
77 67 63 66 67 65 68 78 95 115 132 141 147 153 151 151 162 169 176 174 174 175 171 162 157 147 142 150 152 149 146 142 136 133 134 133 132 134 133 123 108 106 116 119 123 134 158 186 207 212 206 192 181 175 135 144 108 101 45 53 60 56 53 53 54 54 55 55 54 53 64 67 76 85 105 142 170 161 151 153 153 159 167 181 192 184 177 162 148 149 160 169 176 178 178 180 185 187 190 192 
71 61 59 64 67 68 76 93 111 127 140 148 151 153 151 151 160 162 171 173 177 182 179 173 168 155 149 153 156 154 149 142 136 132 135 138 140 140 136 127 115 108 107 125 137 154 174 194 206 206 198 182 168 158 117 123 93 88 42 47 57 53 48 49 53 56 55 56 59 63 67 69 73 85 108 136 158 158 156 155 154 160 167 178 198 188 182 156 147 158 171 177 181 184 187 188 186 186 185 185 
69 65 65 68 67 68 78 96 115 131 142 149 151 153 150 150 156 163 172 170 169 171 169 168 168 157 151 153 155 154 149 142 135 131 131 134 138 138 134 132 129 120 109 126 145 169 187 198 202 200 194 184 169 149 111 114 79 86 43 51 57 53 49 48 51 54 57 59 61 62 66 68 71 88 114 141 159 164 165 161 155 156 163 177 198 188 177 149 144 163 180 185 185 188 191 191 188 186 183 182 
71 71 72 72 69 67 75 90 108 127 137 143 146 149 147 146 152 155 163 157 150 146 141 138 135 125 142 143 142 139 135 133 132 134 132 132 134 131 129 132 136 130 120 113 138 168 190 200 204 203 201 194 175 141 109 107 65 84 45 57 55 52 49 48 49 53 59 61 61 56 66 73 76 91 119 150 170 173 172 167 156 155 160 176 194 180 165 144 146 168 185 188 187 187 187 182 183 185 186 187 
67 69 72 74 73 72 76 85 97 110 120 126 132 138 137 136 141 137 149 150 149 149 147 145 138 125 139 132 121 110 106 110 118 126 136 139 136 133 130 128 126 121 117 101 124 154 177 192 198 198 195 181 148 108 91 94 50 81 40 52 50 51 51 50 50 54 60 62 61 61 72 79 79 92 121 151 168 172 173 169 158 156 159 173 187 166 153 147 157 176 187 190 189 186 182 177 179 181 184 184 
69 71 73 75 75 74 74 76 83 95 105 112 119 127 128 127 133 135 147 145 140 141 147 155 159 147 144 130 110 91 83 89 102 115 132 138 135 136 136 129 118 112 114 94 112 136 158 172 179 177 170 151 113 75 75 87 46 82 37 47 46 49 52 51 51 54 59 61 60 61 70 73 75 94 126 153 164 167 171 169 159 157 160 172 181 156 148 154 169 182 187 191 191 186 181 181 180 178 176 174 
63 64 65 66 68 69 70 71 72 74 80 87 94 101 109 115 119 124 126 125 125 128 131 133 138 141 122 107 91 87 88 93 103 113 125 131 132 132 130 127 122 117 115 101 104 123 150 164 156 138 125 110 76 44 56 79 63 58 61 46 40 43 50 53 52 51 54 60 64 68 64 73 79 92 128 157 159 159 171 169 157 158 162 166 181 160 158 166 160 175 195 197 190 184 176 171 175 173 169 172 
45 45 46 47 49 50 52 53 53 55 56 59 61 64 69 75 80 84 88 89 87 86 83 82 88 97 92 88 87 92 96 99 106 113 119 122 122 122 122 120 119 117 116 106 112 123 132 130 116 99 87 81 67 41 54 73 59 52 56 46 42 46 51 53 53 51 54 59 65 70 65 74 81 94 127 154 156 161 171 165 153 153 158 164 174 155 161 165 156 171 192 196 189 180 169 163 169 167 166 170 
32 32 33 34 35 36 38 38 38 38 38 37 35 34 35 39 42 39 43 44 44 46 45 44 50 61 68 67 68 69 72 78 90 101 106 107 107 107 108 110 112 114 115 120 116 105 88 79 80 86 90 80 56 42 51 64 53 46 51 48 48 50 54 55 53 52 54 58 64 68 66 72 80 98 128 153 158 162 166 160 153 154 162 169 168 151 162 164 157 174 195 199 191 176 163 165 170 168 165 169 
25 26 26 27 28 29 30 30 29 27 28 29 27 25 22 22 23 22 21 18 19 25 30 29 29 33 33 33 29 24 23 28 37 44 54 58 58 58 59 61 64 67 70 56 57 51 44 46 55 60 55 47 41 37 43 49 46 43 46 50 50 51 52 52 51 51 54 59 62 61 63 67 80 103 132 154 163 163 159 158 160 162 172 179 166 156 163 165 164 182 199 200 194 175 162 172 176 172 166 169 
26 26 26 27 27 28 28 29 30 30 30 30 28 25 23 22 23 25 25 21 20 24 26 22 20 22 19 22 21 18 18 20 21 19 19 20 19 20 20 21 22 24 24 25 24 22 21 25 33 36 35 29 25 28 28 32 39 39 39 46 48 49 49 49 49 50 54 57 60 60 63 66 79 106 133 152 163 166 159 160 165 163 171 179 164 163 167 168 166 180 191 194 193 177 163 170 173 167 161 162 
33 33 34 34 34 34 35 36 39 41 39 35 32 29 30 32 35 32 32 30 30 31 29 25 26 30 29 28 23 18 18 21 20 16 15 16 16 16 15 15 15 15 15 11 12 14 18 20 20 20 23 21 14 18 16 18 30 34 32 38 43 44 45 46 47 49 52 56 59 62 65 69 81 108 134 148 159 166 163 162 166 160 164 173 163 169 173 168 163 173 177 183 187 177 161 160 162 158 153 154 
49 50 50 49 48 48 50 52 56 56 50 50 51 49 50 54 51 51 47 42 41 41 40 39 40 41 38 36 32 30 30 29 28 26 27 28 27 26 25 24 23 23 22 24 19 23 22 27 29 22 21 27 22 17 15 16 20 24 24 23 25 30 36 40 43 44 48 53 58 62 61 77 83 107 141 149 153 151 151 157 165 166 164 167 173 172 183 168 156 164 163 177 177 164 158 152 153 155 155 156 
75 77 79 79 78 78 79 80 78 71 70 75 79 78 79 78 72 70 68 69 71 70 68 68 71 74 70 67 62 60 59 59 58 56 53 51 48 46 46 45 44 41 38 52 35 38 39 41 46 43 38 39 39 33 28 26 28 29 27 25 25 25 25 26 28 32 37 43 48 58 57 71 79 108 146 156 157 150 149 160 169 168 164 169 175 175 179 175 169 178 166 170 170 160 153 149 152 155 157 160 
98 102 107 111 114 116 118 120 127 134 131 132 134 140 156 169 169 148 135 125 120 117 114 112 111 113 115 110 106 102 100 100 99 97 97 94 91 89 90 92 92 89 84 90 75 86 85 76 77 77 73 70 68 68 67 65 62 62 66 69 70 67 62 58 55 53 51 49 48 51 51 66 73 107 151 163 162 152 154 169 176 170 164 170 178 173 179 181 169 179 164 166 177 173 159 150 154 159 163 166 
103 108 114 121 126 131 137 141 147 155 159 169 180 196 223 242 243 221 197 173 157 151 149 145 138 134 131 126 120 116 113 113 111 110 112 114 113 113 114 115 115 114 113 106 107 120 114 105 102 96 92 91 87 88 88 85 81 80 84 89 90 91 91 90 88 83 77 72 70 71 72 85 88 120 164 177 176 156 153 169 174 166 160 169 175 164 178 185 170 187 173 172 183 172 154 153 157 161 165 167 
103 107 112 118 125 132 139 145 148 151 161 178 193 210 238 252 251 237 215 190 173 165 160 154 148 142 136 130 123 118 115 114 113 112 113 116 118 119 117 114 113 115 118 109 116 115 107 120 124 99 79 84 89 81 75 76 80 84 80 75 76 81 88 93 94 91 89 88 89 93 96 107 102 124 164 174 172 155 154 170 175 167 167 180 183 167 167 183 173 196 183 176 188 175 151 156 158 159 160 160 
103 106 111 116 120 127 135 143 153 164 171 184 197 212 236 249 245 229 206 187 171 161 154 147 143 144 137 133 125 118 116 119 121 121 117 117 120 119 114 109 108 112 117 122 120 109 112 131 154 128 85 77 84 77 67 69 87 94 82 74 79 90 96 99 100 98 100 105 104 102 101 111 109 118 150 166 164 148 147 159 162 159 161 173 175 164 158 173 174 185 174 173 183 177 160 155 155 155 155 155 
102 105 110 114 119 125 133 141 151 162 169 182 199 216 239 249 245 230 203 186 172 160 152 144 138 144 130 127 120 112 113 121 127 127 122 119 120 117 111 107 107 112 118 121 110 103 118 123 163 151 99 77 81 86 80 81 99 110 100 91 89 99 100 102 103 100 101 110 109 112 103 113 119 120 145 170 168 152 148 155 157 157 160 166 167 164 153 163 176 169 161 163 164 163 160 155 156 157 157 157 
102 106 111 116 120 126 135 143 152 159 166 181 198 218 243 249 240 218 193 181 171 160 152 143 137 141 122 119 112 106 108 114 120 122 119 117 117 114 108 101 101 105 110 112 108 100 114 121 160 145 98 79 74 83 93 94 98 122 125 104 101 104 102 109 115 108 106 117 120 119 111 114 114 118 144 166 163 149 147 155 158 159 161 166 165 160 155 167 176 173 164 162 164 161 154 151 153 155 156 157 
103 106 111 116 120 126 134 142 150 156 164 178 195 218 246 249 235 214 189 176 165 154 148 142 141 147 125 119 111 106 105 108 112 114 114 114 113 110 103 96 95 99 104 106 109 99 114 126 160 133 81 70 76 86 100 101 97 121 129 105 100 103 103 113 121 113 108 118 123 120 114 112 110 119 149 169 164 150 148 156 159 158 160 163 162 154 162 167 167 175 175 174 178 166 146 142 144 146 148 149 
104 107 110 114 117 122 130 137 145 152 161 175 193 218 248 249 230 211 186 171 157 145 140 138 142 153 133 123 113 107 104 102 103 106 109 110 109 106 98 92 91 95 100 103 112 98 109 123 154 121 73 72 83 88 95 95 95 107 108 94 93 101 105 115 122 116 110 117 118 115 114 107 105 121 153 170 163 148 147 154 157 156 159 163 162 155 161 161 154 170 180 183 188 169 141 143 145 148 148 149 
104 106 110 112 114 118 124 131 140 150 159 173 191 219 249 249 226 205 180 165 152 139 133 132 137 149 133 122 111 106 102 98 98 102 105 107 107 103 97 91 90 94 99 98 114 93 95 106 137 115 88 92 87 88 82 83 95 91 81 82 84 99 109 118 123 119 116 118 112 110 111 103 98 120 152 163 153 141 141 149 152 152 158 166 168 163 162 165 155 177 186 186 193 173 143 150 152 153 154 154 
101 104 108 111 111 113 119 127 139 148 155 173 189 210 249 251 216 201 175 159 148 141 134 127 131 147 130 118 105 99 98 99 100 100 100 103 107 105 96 87 86 92 98 103 103 89 79 91 118 113 95 87 75 78 86 84 83 88 77 72 86 102 113 118 119 118 119 118 114 113 104 103 107 118 142 156 150 135 136 148 154 153 154 162 170 172 174 166 160 177 184 185 189 171 147 152 159 158 154 155 
100 101 106 110 110 111 116 126 138 147 154 172 189 210 248 248 209 192 169 155 147 139 131 124 130 148 123 117 108 100 96 95 96 97 96 99 102 100 91 84 84 89 92 89 76 80 86 104 120 117 108 102 92 88 99 95 89 98 93 90 96 105 112 114 112 110 109 107 102 95 89 105 124 129 140 152 150 137 135 145 149 148 150 158 168 173 169 157 151 168 182 187 186 164 144 153 162 161 154 156 
99 100 103 107 108 111 117 126 137 146 154 169 188 217 249 240 203 179 161 154 146 136 128 124 133 149 115 117 117 108 96 89 90 94 96 97 96 92 87 84 85 86 86 94 79 88 99 111 123 125 128 124 105 95 104 105 105 110 104 111 112 113 113 112 110 109 109 108 104 89 89 108 130 130 133 145 155 142 133 138 141 143 148 157 166 170 166 156 151 171 192 200 195 170 147 153 161 161 156 159 
99 98 100 104 107 111 117 126 135 144 155 166 188 227 250 229 195 170 155 150 142 133 129 127 133 145 113 118 120 110 96 87 88 94 97 96 93 88 84 85 88 86 82 89 85 97 97 99 116 124 121 107 88 87 100 107 112 111 100 111 117 112 104 97 94 95 97 99 100 97 103 121 133 129 125 134 147 138 129 132 136 142 147 154 162 166 161 158 153 173 195 203 195 169 148 151 158 159 158 161 
99 96 97 101 105 110 117 126 133 142 156 163 188 236 250 217 187 166 150 142 131 126 129 129 126 131 113 114 110 101 90 85 88 93 94 92 89 85 81 83 86 85 81 81 80 102 108 111 127 130 113 88 72 84 100 101 105 107 95 108 122 116 104 97 95 95 95 96 96 95 113 129 134 132 128 125 125 122 121 128 138 147 151 152 155 161 145 153 150 165 182 184 174 153 140 147 154 156 157 160 
99 95 95 99 104 109 117 126 132 141 156 161 187 240 250 211 183 164 146 133 120 118 127 127 116 118 113 108 98 88 84 83 86 90 89 88 86 82 78 78 81 81 79 86 66 84 101 110 119 117 103 86 80 97 106 94 95 105 99 116 113 104 96 97 103 106 104 102 100 95 115 122 116 120 126 125 121 114 115 127 142 153 155 151 152 157 144 159 158 168 180 177 166 151 141 145 150 152 155 158 
95 93 92 93 98 106 115 123 130 142 156 162 192 248 248 201 178 158 141 127 119 118 118 115 111 109 107 84 82 61 85 75 85 85 82 83 84 81 77 78 81 81 78 69 78 71 92 104 114 113 99 86 90 100 93 93 111 96 85 114 107 100 96 101 111 113 106 101 103 108 127 134 124 118 114 112 113 116 120 124 131 142 152 153 149 146 159 168 173 178 182 181 172 158 149 148 149 152 153 154 
93 92 91 93 98 107 115 123 131 143 157 166 197 247 242 194 172 146 134 126 121 119 119 120 125 131 133 111 80 55 52 63 78 86 88 88 87 82 77 76 77 77 75 69 78 71 86 102 113 120 116 102 94 97 93 94 99 87 84 101 95 94 95 99 105 104 100 103 112 119 130 135 131 126 117 112 116 119 131 138 133 136 149 142 132 149 169 177 182 184 182 175 163 148 142 145 146 147 148 150 
95 93 92 94 98 106 114 120 129 141 153 167 203 247 236 189 169 148 138 129 123 119 117 118 124 130 135 128 81 65 33 57 61 68 70 70 69 67 67 69 74 78 79 72 72 70 78 100 109 116 114 102 96 95 98 98 89 86 92 95 94 96 97 99 102 102 101 108 120 129 133 135 136 131 117 110 115 123 136 145 139 136 141 135 134 156 172 176 179 176 170 161 151 143 139 141 142 143 145 146 
96 95 94 95 98 103 109 114 123 136 147 168 210 246 229 186 167 153 141 128 120 116 114 112 112 115 127 126 89 76 43 60 58 58 64 65 64 62 62 62 62 64 67 68 58 63 67 101 104 106 102 89 92 95 104 104 94 100 109 104 103 104 100 96 96 96 95 99 109 125 130 131 130 122 108 101 108 121 127 133 143 140 132 140 159 164 175 170 163 155 146 138 135 134 136 138 139 139 141 143 
92 92 91 92 97 103 108 113 122 135 145 171 215 245 223 181 163 145 135 126 120 116 113 110 110 115 130 116 95 71 62 61 65 67 66 62 59 59 59 57 52 51 53 61 46 56 50 83 81 87 93 81 86 98 107 106 105 113 116 113 110 113 109 100 91 85 81 82 90 104 118 123 116 106 98 97 105 118 121 124 134 136 134 146 164 165 173 161 149 140 134 128 127 128 130 132 133 134 136 138 
85 86 87 90 96 103 109 115 125 137 146 173 220 245 215 176 156 138 132 129 125 119 111 107 110 117 125 100 99 69 76 58 62 63 69 74 73 75 76 73 66 63 64 62 48 57 43 59 48 57 74 72 81 100 104 104 113 118 115 115 117 125 126 114 96 81 72 74 82 84 103 111 101 92 91 96 104 114 120 122 122 128 139 147 152 160 159 148 138 135 134 132 132 132 131 127 128 129 130 132 
84 85 84 87 96 102 106 113 124 137 154 174 230 249 202 176 147 134 130 127 123 116 110 109 114 121 124 99 101 86 64 55 46 44 45 49 56 63 69 72 73 73 74 70 77 88 107 83 63 55 58 66 73 85 84 96 108 107 112 106 117 125 133 124 105 90 78 74 87 92 92 89 84 81 83 93 102 109 111 111 117 124 135 151 157 150 145 149 150 146 142 139 139 138 135 131 131 130 129 130 
84 85 84 87 96 102 106 113 124 138 154 174 229 248 199 172 144 130 126 123 118 111 105 104 109 118 126 99 98 84 66 58 47 42 37 36 39 42 45 49 54 59 64 69 71 75 93 74 62 61 65 68 65 74 71 85 101 101 104 95 108 117 126 120 104 92 82 79 93 99 97 90 81 76 78 88 97 105 106 106 111 120 131 146 152 145 144 153 159 155 148 142 142 142 140 136 135 135 134 135 
