9 11 13 15 15 14 14 14 12 12 13 16 17 18 18 18 18 19 21 23 22 21 20 22 24 26 28 30 28 29 30 31 29 30 29 28 28 31 31 29 30 31 30 26 25 25 29 28 26 23 21 18 21 29 38 48 56 52 40 29 24 80 131 137 147 155 143 142 150 154 154 154 154 152 151 152 154 154 153 151 150 149 147 145 144 142 142 142 140 139 138 140 127 116 116 101 104 112 120 124 
11 13 14 14 13 13 15 14 13 14 15 16 17 17 17 19 19 22 22 22 23 25 26 26 27 27 30 32 29 31 32 33 31 29 27 28 29 31 31 30 29 29 29 28 25 25 23 18 16 17 25 36 43 55 60 53 37 26 20 18 17 51 125 143 158 167 150 153 160 161 161 160 159 157 156 157 158 159 159 157 156 155 152 149 146 149 148 146 145 144 140 124 119 124 107 111 121 128 133 132 
13 13 13 15 13 14 16 19 18 18 17 16 17 18 17 19 18 21 21 21 24 26 27 28 26 28 31 34 33 34 32 30 30 29 26 28 29 32 34 31 29 29 26 24 23 19 16 18 24 33 46 65 68 49 32 25 20 17 15 16 38 86 129 152 171 178 154 158 163 163 162 163 161 159 160 160 161 162 162 159 157 155 155 145 139 151 150 148 145 142 123 118 122 112 115 126 134 137 140 140 
15 15 14 17 15 13 15 18 17 17 19 18 19 21 22 23 20 22 23 25 27 27 26 26 27 30 32 35 34 34 34 30 30 29 29 30 31 32 32 30 29 26 26 20 15 17 23 32 44 61 65 49 30 20 20 18 19 16 17 42 91 115 150 160 161 168 155 161 163 164 164 164 163 163 163 163 164 165 162 159 158 158 156 135 140 154 151 148 136 127 136 131 116 122 132 140 145 147 147 148 
14 17 16 15 14 13 15 17 17 16 18 20 20 23 25 24 22 24 27 26 27 29 28 29 30 32 32 32 32 33 31 31 31 33 34 34 34 35 36 33 32 26 19 17 20 27 39 54 56 44 30 23 20 19 19 18 18 20 53 99 119 131 151 158 153 161 155 162 165 166 167 167 167 166 167 168 168 167 164 161 159 152 148 117 146 156 144 130 134 141 126 122 132 140 148 152 153 153 153 152 
14 16 16 14 16 15 15 17 17 16 16 19 20 24 26 26 26 27 30 28 28 34 32 29 32 34 35 33 31 31 33 33 32 34 35 36 34 34 34 30 23 17 17 25 30 41 50 42 31 24 21 19 20 19 19 19 22 60 108 125 133 135 133 149 166 167 158 164 167 169 169 168 168 168 170 171 169 167 166 165 160 146 135 101 138 137 123 136 144 132 137 144 150 152 156 158 159 157 157 156 
15 17 17 16 18 17 15 15 16 17 17 17 20 24 25 26 26 26 29 27 28 29 30 28 30 32 31 29 29 32 35 36 35 35 34 34 32 30 25 19 17 22 27 34 44 38 29 23 20 19 19 19 19 19 18 23 68 113 131 139 139 134 134 154 164 167 164 168 171 173 172 170 169 170 170 170 170 168 167 167 157 149 123 89 115 128 145 148 141 149 155 157 158 159 161 164 162 162 162 161 
18 20 19 17 15 16 16 16 16 19 20 19 19 22 23 24 25 24 25 26 28 30 30 31 30 27 27 28 29 34 35 34 33 34 34 31 25 19 18 20 24 29 36 37 31 25 21 20 19 19 18 19 19 18 23 74 117 132 140 142 137 131 137 155 178 172 169 172 176 177 175 173 171 170 171 172 171 169 168 168 157 152 118 121 143 151 148 145 157 160 163 162 164 165 167 168 167 166 166 164 
18 21 21 17 15 17 18 18 19 21 23 21 21 23 21 23 24 24 24 25 27 30 30 30 30 28 28 29 30 34 34 31 34 33 25 19 18 22 33 46 49 38 33 27 23 21 21 20 19 18 17 17 22 35 79 122 135 141 144 143 140 141 158 168 181 169 172 176 179 178 176 175 174 173 174 174 173 171 170 163 146 157 146 154 152 147 145 160 165 167 169 170 171 170 170 172 170 169 168 167 
17 22 21 18 17 18 18 19 20 23 26 25 25 26 25 25 26 23 23 22 22 23 23 22 26 25 26 28 31 33 34 34 28 20 18 22 32 46 65 76 59 33 26 22 20 20 19 18 16 16 16 22 35 73 123 139 143 146 148 149 147 149 161 169 181 170 175 180 181 180 178 177 175 175 175 175 175 173 167 139 139 164 152 149 146 143 158 170 171 173 175 175 177 177 176 176 174 173 172 169 
20 20 19 20 18 19 21 24 26 28 31 30 28 28 27 27 26 24 23 18 17 18 18 16 16 17 21 23 24 29 28 22 18 22 30 44 68 73 59 37 26 24 21 20 19 18 17 17 15 16 20 27 60 113 142 147 145 146 150 151 150 156 162 168 181 170 177 181 182 182 180 178 176 176 177 178 178 166 139 144 149 155 151 151 155 163 171 177 178 181 180 178 180 179 178 177 175 175 173 170 
21 22 21 21 21 23 25 27 28 29 30 29 27 25 24 23 21 25 28 25 27 30 27 31 28 23 22 23 21 21 19 22 32 42 57 73 59 37 28 22 20 20 20 20 18 16 17 17 15 17 21 35 101 138 153 152 150 149 146 137 131 155 163 169 182 171 178 181 182 182 180 179 177 178 179 178 176 147 136 146 150 150 159 172 180 180 182 185 186 184 183 181 181 180 178 178 176 176 174 171 
19 21 21 21 21 23 26 28 31 29 27 24 21 20 28 31 30 33 36 35 37 38 38 39 39 39 39 40 35 30 29 35 52 68 56 39 28 21 19 17 17 18 18 17 23 28 30 23 17 19 22 71 125 149 153 146 138 132 127 129 132 154 165 172 182 172 178 181 181 181 180 178 169 156 143 133 127 129 146 153 160 172 190 194 191 192 194 195 193 190 187 185 185 183 180 178 177 177 175 172 
19 20 22 22 22 24 25 27 30 28 23 25 28 32 34 33 36 37 38 39 39 37 40 39 39 38 45 45 43 44 41 42 48 38 26 23 19 18 18 15 14 19 21 27 35 34 38 36 22 19 39 112 144 144 139 141 148 152 157 159 158 158 156 161 176 170 171 179 175 165 152 134 117 114 116 119 119 144 173 175 185 195 200 201 201 201 201 201 200 198 196 193 190 187 185 182 179 176 176 174 
19 21 21 22 23 25 28 31 30 27 31 34 34 33 35 34 36 39 41 45 47 44 39 44 45 39 43 42 44 48 41 44 44 40 25 18 17 17 17 14 13 18 23 25 30 25 27 30 27 25 92 141 145 152 166 170 168 166 167 167 167 164 154 147 157 167 163 156 134 115 109 114 120 118 116 116 140 179 189 189 200 204 204 202 202 203 203 204 203 201 200 199 195 192 191 186 184 180 176 174 
18 21 20 18 19 24 28 33 34 35 38 34 35 36 36 39 42 44 48 41 45 51 50 46 48 49 48 46 45 47 42 48 49 45 30 18 18 16 22 20 23 30 32 34 39 37 41 40 40 67 125 138 151 150 158 177 175 172 172 172 172 173 166 151 155 156 121 112 113 118 126 128 122 119 127 159 190 199 192 200 206 208 210 207 206 206 205 205 205 203 202 199 197 197 195 192 188 182 181 181 
17 17 19 18 17 21 26 34 36 34 33 33 36 38 42 37 43 47 45 44 44 51 56 55 51 52 55 48 44 47 45 48 47 45 46 42 43 40 41 35 37 37 37 37 42 42 40 41 44 101 140 158 168 161 149 163 175 174 173 171 172 170 160 130 110 113 121 133 137 148 154 156 159 170 187 199 207 197 200 211 212 212 210 210 210 209 207 206 204 202 201 201 198 199 197 194 190 185 186 187 
17 19 19 20 22 27 31 34 33 35 36 33 36 40 42 40 43 50 51 53 53 46 46 55 52 56 59 50 43 53 49 48 46 47 50 53 47 44 43 43 41 39 40 40 41 39 41 68 121 158 168 173 176 174 170 160 156 162 168 166 149 127 115 117 127 141 152 155 160 170 176 180 189 197 204 206 202 204 213 214 213 213 213 213 213 212 209 207 205 203 201 200 198 197 196 195 191 190 190 190 
17 20 20 21 27 33 35 37 36 35 36 34 38 40 41 41 42 47 53 55 55 52 47 53 53 52 58 54 43 49 51 44 44 50 52 51 47 46 44 45 40 39 43 42 44 44 99 162 177 178 178 179 179 178 179 178 174 164 144 120 109 119 139 148 156 164 168 174 179 186 191 196 201 205 212 207 205 211 216 216 213 213 214 214 215 212 209 206 206 205 202 202 200 199 195 193 189 193 192 191 
17 19 21 24 30 34 36 36 36 37 39 37 39 39 42 42 43 42 47 50 53 48 46 53 56 53 50 54 49 50 43 47 40 43 54 47 44 49 46 45 39 38 43 41 48 92 141 157 169 177 181 183 180 180 179 179 171 149 131 133 140 157 167 168 172 179 185 187 190 194 199 205 209 211 209 205 212 215 217 216 214 214 213 213 213 211 209 207 207 205 203 202 200 199 196 193 194 196 195 193 
17 19 20 24 35 35 34 34 35 33 40 40 39 44 46 43 48 52 46 47 50 50 47 46 47 47 48 54 47 42 36 43 40 43 47 47 44 49 50 52 44 44 41 43 78 127 143 149 153 154 156 160 158 151 136 128 146 161 164 158 169 180 179 175 181 188 193 196 197 199 205 209 211 213 204 211 216 217 215 213 212 212 211 210 212 211 209 209 207 206 205 203 202 199 197 197 198 197 195 192 
18 20 23 26 29 30 35 37 41 38 41 41 38 42 49 53 52 52 53 50 46 46 44 43 46 47 46 41 38 34 40 37 41 47 53 48 49 55 54 56 51 48 47 59 115 138 147 150 151 151 142 128 112 113 122 151 178 180 179 179 188 190 186 189 189 196 199 202 204 204 208 211 215 207 208 214 216 215 212 212 212 213 211 211 211 211 210 210 208 206 205 204 201 202 200 200 199 198 196 193 
19 21 25 31 31 30 35 39 40 40 46 47 52 51 49 50 51 46 48 51 53 43 40 43 49 51 48 36 29 34 37 36 44 50 54 59 59 57 49 58 57 52 53 97 143 148 150 158 158 142 133 126 132 146 170 187 190 190 191 192 195 198 199 196 196 199 204 206 208 209 212 214 211 208 216 215 215 215 215 215 215 214 213 213 213 213 212 211 209 208 206 206 203 203 202 201 200 199 198 195 
19 21 24 33 33 31 33 39 39 41 40 43 47 53 51 51 56 52 49 47 50 45 39 42 44 44 35 33 40 41 42 51 49 48 55 57 52 49 53 57 48 50 82 140 166 177 170 158 165 164 148 151 167 179 187 192 196 196 196 199 200 201 204 200 203 206 208 210 211 212 214 214 206 215 218 216 215 216 213 213 215 215 213 213 213 213 212 210 209 208 207 206 206 206 205 203 202 201 199 197 
16 21 25 33 33 37 41 39 38 44 44 44 46 52 49 46 50 50 53 51 46 40 38 39 39 42 38 41 42 38 43 40 43 44 51 49 46 47 46 52 53 83 156 182 182 159 151 176 186 165 154 168 179 187 191 195 201 204 202 204 204 205 205 204 206 208 210 213 213 213 216 207 213 218 217 215 215 216 215 216 215 215 214 213 212 210 209 210 209 209 208 206 204 203 203 203 202 201 199 198 
18 21 26 35 36 39 43 43 42 48 51 49 54 59 54 53 50 50 51 47 51 36 29 38 37 37 37 39 33 33 41 38 39 42 42 48 49 53 55 54 79 128 171 176 155 155 165 185 181 163 162 176 187 192 194 198 203 206 207 207 210 208 208 208 209 211 212 215 216 218 209 210 218 218 216 213 215 217 217 216 215 215 213 212 211 211 210 210 208 208 206 205 204 204 203 202 202 201 200 199 
21 23 27 33 35 36 41 35 40 46 47 45 52 54 55 50 52 51 59 55 44 33 27 32 31 37 37 37 35 35 34 32 33 31 36 42 47 46 49 54 78 142 152 158 158 165 171 184 186 173 173 180 195 197 199 198 202 206 211 212 213 212 210 209 209 210 213 214 213 212 210 215 216 216 217 217 216 217 216 215 215 215 214 213 211 211 210 210 208 208 205 206 206 207 205 203 201 200 200 198 
20 23 28 32 39 38 38 39 41 42 50 50 50 54 53 53 49 51 56 49 43 41 28 33 35 37 40 42 37 39 36 37 39 38 37 39 43 59 83 95 112 146 167 174 167 172 183 185 191 185 181 185 194 201 202 197 201 207 210 213 216 213 210 210 212 212 213 213 211 210 215 218 217 217 218 218 217 216 216 214 214 215 213 212 211 211 209 208 208 207 207 207 207 207 205 204 202 202 201 197 
24 25 27 34 42 41 43 44 45 46 47 49 53 55 54 52 55 49 48 45 45 33 29 30 31 34 40 40 37 36 36 40 44 46 50 68 89 108 117 113 113 131 166 176 175 179 187 193 193 192 190 193 196 203 204 198 201 205 210 213 216 215 214 215 213 213 214 213 208 212 218 219 219 218 219 218 218 218 217 216 215 215 213 212 211 210 209 208 208 209 209 209 209 207 205 205 204 203 200 199 
24 25 28 34 36 34 38 38 40 47 50 51 49 54 51 48 54 55 57 55 47 29 29 28 25 30 40 42 40 37 45 44 44 41 55 93 122 133 134 126 122 126 154 171 177 182 187 194 195 187 190 198 203 203 204 202 202 204 208 211 214 215 216 215 215 215 214 210 212 217 219 219 219 218 218 218 218 218 217 215 215 215 214 213 211 211 210 210 210 209 209 209 207 207 205 204 203 201 201 201 
23 24 29 36 36 34 36 41 42 46 47 46 55 50 47 52 53 47 47 46 34 18 32 31 29 33 36 39 42 74 82 76 59 54 76 107 134 142 138 127 124 137 146 166 177 181 184 189 193 198 192 197 209 206 206 206 204 204 206 209 212 214 216 217 216 215 212 211 214 219 219 219 219 218 218 218 218 218 217 216 215 214 213 212 211 211 211 210 209 209 209 208 207 207 205 206 200 201 202 201 
21 23 27 37 37 38 39 40 44 46 51 47 48 49 46 46 46 48 47 47 42 21 33 36 32 28 31 45 58 81 99 102 91 82 98 121 140 146 139 137 140 141 144 157 175 181 186 189 191 193 196 196 205 205 208 210 207 207 207 209 212 214 217 218 218 212 213 214 217 219 219 219 219 218 218 218 217 217 216 215 214 213 212 212 211 211 212 211 209 209 209 209 207 208 206 204 202 202 202 203 
21 21 25 35 37 36 36 41 45 49 48 44 52 52 55 53 46 56 50 51 46 24 27 34 34 29 33 45 52 71 97 109 111 111 123 138 145 143 130 145 144 134 119 123 167 179 183 189 188 189 191 195 200 201 205 211 212 210 210 212 212 214 216 218 212 216 219 218 218 219 219 219 219 218 218 218 217 217 215 215 214 213 213 213 213 211 211 211 210 208 209 209 210 209 206 204 204 203 203 204 
22 22 24 29 31 33 37 42 42 40 42 38 45 52 54 55 55 55 57 53 49 30 30 26 29 27 40 49 53 62 75 93 119 130 140 144 145 139 117 133 139 106 94 103 152 168 176 185 186 189 190 188 191 203 205 204 211 212 211 212 212 213 216 211 215 219 219 220 220 218 219 219 219 218 218 218 218 217 216 215 214 213 213 213 213 212 211 210 210 210 208 209 208 208 205 205 205 204 203 202 
21 21 20 25 36 36 37 39 45 42 47 46 48 55 55 57 56 54 50 49 51 30 29 30 33 30 36 43 49 58 62 74 111 136 148 150 150 141 121 121 117 107 126 117 139 163 174 181 184 189 192 192 189 192 200 206 205 204 210 209 212 214 210 213 215 219 219 219 219 218 218 218 219 218 218 218 217 216 216 214 215 214 213 213 214 213 212 211 210 210 208 209 207 205 205 206 206 205 203 201 
23 25 22 22 39 42 39 39 43 47 44 47 48 53 52 55 59 60 58 53 51 35 41 34 33 31 39 43 48 58 63 76 108 138 152 157 153 144 132 129 129 126 123 125 148 162 172 178 181 188 192 195 193 188 193 201 204 206 208 204 207 211 208 215 215 218 218 218 218 218 217 217 218 218 217 217 217 216 215 214 215 214 213 213 213 212 212 210 212 211 209 208 205 204 206 206 206 205 202 198 
21 23 19 22 38 35 36 35 38 45 40 40 43 51 59 63 62 56 53 55 49 34 39 39 32 32 44 56 61 67 78 90 108 137 155 161 157 148 146 142 137 132 135 123 151 166 167 178 182 186 191 195 195 194 190 196 205 208 205 198 198 199 208 216 217 218 218 218 219 218 218 218 218 217 217 217 216 215 213 213 215 213 213 213 212 212 211 209 211 211 209 207 205 206 207 206 206 205 202 198 
21 24 18 19 34 34 34 37 36 42 45 41 42 51 60 61 53 56 52 53 54 36 37 35 31 28 37 50 67 78 93 104 125 142 152 158 151 141 145 145 150 154 151 138 166 152 155 176 185 186 189 194 195 193 187 183 196 208 200 195 190 199 212 217 219 219 219 219 219 218 218 217 217 217 217 216 217 216 214 214 214 212 213 213 212 211 211 208 208 208 207 207 207 207 207 206 205 203 200 198 
21 23 21 15 27 35 36 37 37 41 43 42 48 50 56 60 49 48 60 62 58 43 33 33 29 30 37 44 56 75 96 118 137 144 148 150 148 152 156 152 158 160 159 161 178 149 143 166 183 187 188 191 193 196 194 194 194 204 206 195 193 192 202 210 216 216 218 220 218 217 216 215 215 214 214 214 215 214 211 212 213 212 211 212 212 211 210 209 208 207 207 206 206 206 207 206 204 202 200 198 
23 24 24 15 23 36 33 35 36 37 39 42 45 48 52 50 47 55 57 51 53 46 30 31 33 35 40 45 54 64 81 102 119 132 139 152 157 160 163 161 163 162 163 163 171 155 141 151 177 186 188 190 190 196 196 193 195 198 196 190 194 188 186 189 197 204 210 212 213 214 213 212 213 212 212 212 211 210 210 209 211 212 211 212 210 210 210 210 208 207 206 206 206 206 204 202 201 202 200 197 
23 24 23 16 18 35 35 34 35 37 41 42 47 47 50 54 50 50 50 49 49 51 30 31 33 38 44 46 57 69 76 88 98 123 143 158 165 168 171 164 156 155 157 159 160 154 142 147 166 181 188 190 192 194 198 196 192 197 188 190 191 191 190 189 188 188 192 195 200 204 208 211 212 212 212 212 212 211 211 210 209 210 212 212 210 209 209 209 208 207 206 206 206 205 202 202 203 200 198 194 
26 26 23 19 14 24 33 34 38 38 42 41 44 42 41 47 51 51 51 50 51 48 23 28 34 39 47 51 59 77 91 107 123 142 157 160 162 163 164 163 156 149 145 146 151 152 150 148 160 173 182 184 186 189 191 192 194 188 182 187 188 187 187 188 188 188 188 190 193 194 195 198 202 205 209 212 212 210 209 210 209 207 207 207 207 207 207 207 207 207 206 205 204 202 202 202 199 195 191 187 
23 28 26 25 14 24 37 36 37 34 36 38 37 43 46 49 49 48 53 48 51 53 27 23 27 39 53 56 60 76 94 111 133 145 146 143 146 144 149 160 158 154 146 143 139 140 150 153 144 157 169 173 176 181 183 186 186 178 181 184 186 186 186 185 183 185 187 187 187 186 186 188 191 195 200 204 206 208 207 207 207 206 205 205 207 207 206 205 205 205 205 205 204 201 200 199 193 189 183 177 
23 25 26 28 21 25 35 34 33 32 38 38 38 41 42 51 47 41 45 53 57 54 38 27 33 43 57 57 57 69 83 96 103 115 123 123 123 129 144 158 161 155 149 147 145 140 132 143 156 140 145 153 161 166 173 177 172 172 177 180 181 181 182 182 179 181 184 185 186 186 188 188 188 190 192 193 196 202 206 208 208 206 205 207 206 204 204 205 205 205 205 202 199 194 192 185 178 172 165 153 
19 25 26 27 23 19 31 36 33 35 39 42 42 40 41 43 41 46 51 55 49 49 42 27 33 36 50 56 58 65 71 79 86 98 108 117 122 136 149 159 163 160 153 148 153 148 129 148 175 148 143 145 150 155 159 164 160 166 172 175 176 177 178 179 179 181 181 182 185 187 189 190 189 189 188 187 187 190 195 199 203 205 206 204 203 203 203 203 203 201 198 196 193 187 178 170 159 145 141 143 
21 26 29 28 23 22 38 40 34 41 43 43 38 43 47 50 48 50 53 47 40 49 41 27 38 33 33 45 52 61 68 76 89 108 122 124 130 146 154 157 159 156 151 148 145 146 136 154 169 153 141 146 148 151 158 160 155 165 167 169 170 172 174 174 177 178 180 180 181 183 184 185 185 185 184 184 182 183 183 188 191 196 200 202 202 201 203 202 200 197 193 186 179 167 149 143 146 145 142 136 
22 25 26 24 22 26 37 42 35 40 40 37 41 48 48 53 50 51 45 45 42 50 45 23 31 35 37 39 47 56 61 78 101 116 131 142 154 163 167 167 168 167 164 162 159 157 160 169 166 152 142 144 146 151 152 151 144 150 161 162 164 164 164 167 169 171 174 174 175 177 179 179 179 179 179 180 179 180 179 179 181 185 185 190 195 197 198 195 192 189 181 170 153 137 143 146 142 139 136 130 
21 25 26 25 24 26 25 38 34 37 37 37 43 48 52 48 49 49 48 51 43 51 55 54 31 34 41 43 49 50 56 79 102 120 136 153 163 170 174 174 175 175 170 166 169 170 169 171 163 155 151 146 140 149 159 153 150 149 145 152 156 158 160 158 157 162 165 167 168 170 173 175 174 174 175 176 175 175 176 176 176 176 178 179 177 180 187 188 186 183 171 153 132 136 143 145 139 133 128 128 
22 25 23 23 26 27 25 30 36 33 39 39 39 51 51 51 47 45 48 56 54 46 47 58 43 28 38 37 37 39 49 83 108 118 137 149 153 160 161 168 171 173 171 167 170 172 173 174 171 165 163 160 154 146 146 151 155 161 148 144 148 151 152 149 151 154 156 158 164 166 167 169 172 171 171 171 170 171 172 171 171 172 173 171 171 170 166 164 160 151 143 139 141 139 135 132 132 128 126 122 
22 26 24 24 27 28 24 23 39 42 36 37 35 40 45 51 51 52 48 52 56 54 51 47 43 46 49 50 57 67 74 91 98 110 120 125 129 129 127 134 149 158 166 165 166 172 177 178 177 173 173 165 158 153 157 152 146 147 154 155 150 148 148 151 154 155 154 155 157 160 163 163 165 165 165 166 166 166 165 166 165 165 165 164 162 158 150 140 127 114 122 128 133 130 127 122 124 115 112 113 
23 22 22 23 25 26 24 21 34 39 37 38 37 39 45 47 41 45 49 55 54 55 51 49 66 100 100 98 102 112 118 119 119 106 116 125 128 117 101 97 119 139 148 157 168 174 174 178 179 176 174 167 165 161 158 154 153 137 137 156 155 149 148 151 152 150 150 150 151 152 155 155 157 159 159 160 161 161 160 158 159 156 154 149 146 141 131 119 108 115 115 117 117 113 108 106 108 109 109 110 
24 26 23 23 22 26 26 21 25 41 42 40 40 42 45 46 45 55 57 58 58 55 48 53 58 97 102 99 100 105 116 115 108 100 107 102 107 103 100 117 135 143 143 148 161 170 176 176 176 170 172 173 173 171 168 162 156 136 131 139 154 155 140 134 134 139 146 145 146 146 148 150 151 153 154 156 155 156 157 154 152 150 145 138 132 122 112 104 102 100 102 103 108 104 101 99 99 104 111 113 
20 23 26 24 21 24 24 25 19 35 41 39 41 41 40 45 46 50 51 55 52 55 51 55 53 64 97 106 104 103 111 112 107 105 110 102 99 102 102 124 155 164 158 150 152 157 165 169 170 166 163 165 168 174 175 171 163 150 140 136 131 126 128 130 121 118 119 127 134 137 141 142 142 146 148 148 148 147 144 141 139 131 125 111 103 93 101 106 104 102 103 102 106 103 100 100 106 108 114 124 
22 24 23 24 22 25 25 25 18 20 36 43 40 37 44 44 46 51 55 53 53 55 52 58 53 52 56 76 101 111 107 106 109 100 96 94 99 103 119 103 99 157 188 174 156 149 142 155 161 161 159 162 164 164 173 172 164 163 158 152 148 142 127 115 116 117 115 114 111 109 114 125 129 132 133 136 134 133 130 122 110 101 107 112 104 94 108 106 106 105 101 98 102 102 96 98 101 113 115 112 
22 24 23 25 24 23 23 23 21 19 28 42 41 41 40 40 48 49 47 53 59 52 54 57 51 45 52 45 49 72 99 108 100 92 95 96 100 110 138 146 94 116 187 198 171 151 139 136 149 157 157 152 145 146 151 168 171 168 170 169 167 164 159 146 129 114 112 115 111 112 112 110 107 104 106 108 105 96 92 92 94 96 89 97 110 114 111 110 109 105 103 101 96 100 100 98 96 97 109 112 
17 19 20 24 24 22 23 25 24 17 21 37 46 48 43 39 41 44 44 50 48 54 56 57 54 49 52 41 37 52 51 64 82 89 95 87 86 117 151 157 147 136 157 167 151 131 134 132 138 138 155 157 152 149 148 154 164 170 172 172 170 171 170 164 155 143 136 119 122 128 127 122 114 111 106 102 100 93 90 91 95 93 93 94 95 101 116 116 109 107 102 100 97 97 101 100 97 96 95 100 
17 20 25 23 21 21 23 23 25 22 18 30 47 44 41 46 42 42 43 46 46 53 51 51 45 49 54 48 46 55 47 59 76 85 85 91 110 151 174 179 183 182 165 150 131 107 102 122 142 146 165 163 158 158 162 162 154 147 145 161 169 171 170 166 169 156 136 128 120 129 132 128 125 118 111 109 101 96 95 92 94 92 96 97 101 97 95 106 120 110 108 103 97 99 99 97 100 102 101 94 
20 21 24 24 22 21 20 24 24 24 19 23 45 51 41 47 43 44 43 42 45 50 50 51 48 52 56 52 52 55 48 56 69 77 78 98 147 175 183 189 189 185 169 148 132 113 126 128 145 163 174 168 162 162 160 158 160 160 139 121 148 158 164 169 172 162 149 147 140 135 141 133 131 124 119 113 105 100 102 100 96 95 97 97 99 98 99 97 105 120 113 106 109 104 101 99 101 100 100 99 
19 23 22 21 22 21 21 22 23 25 22 22 36 54 44 32 38 48 50 48 49 54 49 50 57 56 51 48 53 53 48 54 64 74 72 84 101 111 126 154 177 166 147 165 179 167 152 139 163 175 181 174 169 163 160 156 155 154 139 121 129 138 151 158 168 160 148 150 151 144 167 150 146 140 128 119 117 113 107 101 95 98 98 100 103 102 102 105 103 104 118 115 110 112 108 103 103 102 100 100 
18 20 18 20 20 20 21 22 21 21 24 21 26 43 59 38 29 31 41 43 49 50 49 46 48 48 50 54 54 51 52 56 66 77 80 74 74 83 98 119 144 96 118 182 186 166 153 157 166 170 171 170 169 166 158 152 146 139 121 118 116 127 145 133 130 140 149 143 139 150 168 170 172 168 153 140 127 120 117 107 101 100 97 99 105 106 105 104 106 108 103 110 117 108 109 110 103 100 102 99 
18 19 17 19 20 22 24 25 25 23 22 22 20 29 57 56 33 25 21 23 38 43 44 45 46 51 51 52 55 56 51 53 74 94 93 94 93 98 103 114 110 71 116 148 157 149 148 154 163 178 182 187 173 163 160 154 140 125 117 111 122 113 115 104 102 102 114 115 114 140 175 185 189 187 183 156 138 138 132 116 116 110 103 103 105 102 103 106 107 110 109 106 108 117 110 111 113 105 101 96 
17 18 18 17 21 23 23 23 24 27 23 24 24 23 38 69 50 29 22 18 16 19 17 17 17 24 31 33 34 33 51 95 109 108 102 99 99 98 94 101 95 106 108 118 140 149 157 163 170 176 175 185 183 178 171 155 144 137 129 134 123 131 137 137 127 112 122 121 124 139 179 192 202 193 171 163 144 133 130 127 125 115 117 114 109 104 102 106 107 113 112 111 108 103 112 106 103 104 95 89 
15 17 18 19 20 21 22 23 24 24 24 25 24 22 27 48 72 44 29 22 17 17 17 18 15 14 20 38 79 94 112 118 112 112 109 108 115 113 105 97 79 92 116 136 146 147 157 168 172 170 173 177 186 184 168 169 157 150 153 150 143 142 142 139 141 128 138 138 141 153 182 182 182 177 166 174 157 123 126 113 111 125 129 123 118 117 112 109 108 109 114 114 116 108 102 105 97 90 88 91 
14 15 17 18 17 19 21 22 23 25 26 25 22 21 24 28 65 73 39 27 20 18 19 21 23 86 109 116 125 117 111 107 113 115 111 112 118 125 138 133 126 130 138 143 138 141 155 157 157 170 183 184 180 176 184 189 178 166 172 168 168 175 177 160 158 157 156 159 162 163 151 140 142 148 152 160 153 118 124 124 130 134 121 120 123 124 125 120 118 114 111 114 114 108 105 100 100 92 105 109 
13 14 16 18 20 20 21 22 22 23 24 23 22 21 21 22 35 74 67 33 25 20 19 20 17 30 87 124 117 106 101 106 109 118 116 109 123 148 146 143 135 132 135 140 147 155 162 169 177 187 183 165 172 179 174 175 177 177 177 180 183 190 179 161 175 177 178 178 172 172 164 168 159 154 156 143 129 127 144 142 137 137 131 128 115 101 107 122 127 126 125 119 113 105 102 104 114 111 112 119 
12 13 13 16 19 20 21 23 26 26 27 25 23 23 23 21 25 42 80 60 31 26 22 20 19 19 29 100 110 100 101 108 117 125 126 130 125 123 119 124 143 146 154 168 169 167 172 179 178 161 149 150 163 175 182 180 181 187 183 176 183 186 166 169 180 185 186 186 184 180 175 168 162 154 137 123 119 135 141 137 142 133 121 116 110 91 88 67 51 62 89 114 120 111 104 95 110 122 118 123 
14 14 16 18 19 19 21 20 22 24 25 25 26 25 23 24 21 26 44 78 51 33 25 21 21 23 36 76 89 91 118 151 166 170 170 140 123 119 125 147 152 164 164 156 169 180 184 167 155 154 158 169 182 169 180 188 192 186 177 189 196 176 164 183 186 187 184 184 181 178 170 149 142 141 136 131 128 131 129 136 130 107 97 87 49 23 22 29 31 17 25 46 71 99 110 106 99 117 122 113 
13 15 16 17 18 19 20 14 20 23 25 25 22 21 22 25 24 21 26 47 70 45 31 27 24 24 29 32 32 49 119 155 176 180 156 138 127 135 142 150 159 154 149 169 185 182 162 163 168 170 173 182 180 178 188 193 189 182 188 195 195 180 159 181 188 188 184 179 172 171 161 145 156 162 171 170 158 152 145 130 107 102 107 68 18 19 22 21 19 8 5 30 40 49 61 87 94 95 120 114 
13 15 14 16 18 20 21 18 21 21 23 23 20 21 26 29 27 22 19 26 46 69 46 33 28 28 31 34 34 32 46 103 163 162 137 130 129 141 145 155 153 150 165 177 178 173 175 174 173 176 179 176 182 191 191 187 184 183 191 197 197 186 163 175 178 181 181 179 180 189 184 169 168 166 167 169 178 171 157 110 111 117 123 102 28 17 22 23 24 19 4 9 23 25 22 29 47 76 102 106 
14 15 15 18 18 19 19 17 19 19 22 22 20 24 26 27 26 24 20 21 27 61 73 41 32 31 34 38 35 28 11 29 116 141 136 135 139 147 150 153 157 161 177 189 183 167 172 183 183 178 174 183 193 191 185 184 184 190 196 196 197 195 179 177 182 179 185 194 193 198 198 185 169 169 173 171 171 170 166 147 105 126 149 154 89 61 30 29 28 26 15 9 11 15 22 31 35 34 40 49 
12 14 15 16 16 17 16 18 19 20 22 24 23 21 24 25 25 26 27 18 23 35 71 64 39 34 34 38 35 29 11 15 106 138 145 134 146 148 157 154 159 165 186 186 189 187 186 180 175 181 189 195 189 182 183 188 194 197 193 190 195 193 186 177 184 195 199 201 197 195 200 190 173 181 169 160 160 153 151 150 152 157 173 170 138 69 34 33 30 27 21 19 22 27 32 33 30 28 26 25 
13 16 15 15 15 16 17 16 16 16 19 22 23 20 23 25 27 28 27 23 18 25 43 77 57 37 33 35 33 30 22 29 121 142 148 130 149 153 158 160 162 170 191 186 195 190 181 182 188 192 190 184 183 188 190 193 196 189 182 189 185 188 188 180 174 195 198 196 190 187 198 194 170 174 181 176 180 178 170 164 161 152 143 152 114 41 33 33 29 25 22 24 29 30 28 27 27 27 30 38 
12 13 14 15 17 14 16 15 15 15 18 21 21 21 23 23 24 25 24 23 18 21 28 54 79 49 35 36 36 31 29 40 121 142 145 136 150 156 152 161 161 172 190 187 193 189 188 190 188 192 186 188 191 196 197 194 181 174 162 175 197 202 195 188 192 199 201 200 191 183 187 179 156 154 157 159 164 165 162 161 164 165 154 147 100 29 32 29 26 25 24 26 27 27 29 33 42 54 73 80 
14 14 14 16 17 15 17 18 16 17 18 19 20 19 19 21 22 24 23 21 26 23 23 31 63 77 43 37 36 36 33 38 114 137 150 144 149 157 147 156 160 169 185 184 193 190 187 188 194 191 184 191 194 200 195 178 173 177 186 193 197 202 196 193 186 184 181 183 182 172 169 177 163 149 158 172 176 183 182 177 170 158 147 137 131 46 31 29 29 29 30 33 39 47 57 66 69 57 44 32 
12 14 13 13 15 15 18 19 17 17 18 19 18 19 19 18 18 19 20 20 24 24 19 25 35 72 66 40 37 37 35 34 94 130 155 151 146 150 146 153 153 165 177 177 189 190 184 185 189 190 193 188 189 198 186 170 178 181 196 204 193 193 193 193 186 181 176 179 178 176 171 177 176 163 163 168 175 162 153 149 152 160 168 163 135 83 36 35 36 40 45 52 56 54 46 36 28 23 20 17 
10 12 14 15 13 14 16 18 19 17 19 21 18 17 19 18 19 20 19 17 20 23 24 23 25 39 79 60 39 38 35 35 64 122 149 155 140 145 143 152 149 160 176 171 180 183 176 175 174 175 191 178 178 191 174 178 178 173 180 196 188 172 177 179 178 175 168 170 178 186 184 181 185 178 180 182 184 174 170 171 175 176 175 178 169 121 48 42 43 42 37 33 28 27 24 19 19 18 23 26 
11 11 14 12 11 12 15 16 18 16 18 18 20 18 22 20 18 17 17 18 20 22 27 23 20 29 49 80 56 42 38 35 37 50 98 142 142 143 139 139 140 149 168 183 181 182 176 171 171 161 168 180 185 192 184 180 181 178 189 194 187 185 186 189 189 193 190 183 185 184 189 189 189 188 184 190 182 182 180 182 182 183 182 180 174 142 49 33 29 26 23 22 19 16 20 26 31 32 30 30 
9 10 12 13 13 14 14 14 15 17 16 17 19 17 18 18 17 17 20 23 21 21 25 28 24 22 28 54 75 53 47 42 33 27 26 62 119 138 135 138 130 129 140 160 179 184 171 158 162 168 154 153 171 188 190 188 181 190 190 193 194 195 197 193 191 191 192 190 186 166 185 191 190 188 179 185 183 183 178 171 162 143 120 94 71 48 29 22 19 18 21 25 29 33 33 34 34 32 31 31 
11 12 11 11 12 14 10 11 15 15 15 16 17 15 16 16 17 20 22 23 24 20 17 24 25 23 25 31 56 74 56 54 48 33 24 20 31 70 103 119 122 123 125 128 144 165 180 177 167 168 164 143 144 156 180 189 184 197 195 197 197 193 196 192 192 191 190 189 185 182 178 177 177 172 163 145 118 103 85 62 45 32 30 25 20 19 19 23 24 26 31 30 34 36 35 35 34 31 32 31 
8 10 15 15 17 15 11 15 19 20 20 20 22 19 19 18 18 16 16 21 19 18 16 18 22 23 23 24 29 50 70 63 57 46 32 25 23 27 33 46 67 77 82 85 94 110 131 162 176 175 180 158 150 139 114 140 170 187 190 189 191 190 191 185 174 159 153 157 153 146 134 118 100 76 60 49 33 31 29 25 23 21 22 25 30 30 30 27 26 28 32 33 32 32 35 34 35 34 33 33 
9 10 13 16 16 15 14 18 18 21 19 18 20 19 20 17 17 13 13 16 16 17 18 18 20 22 21 20 22 26 41 63 65 52 40 35 30 31 32 23 18 19 21 22 26 31 35 46 67 90 106 110 84 43 28 35 55 77 95 98 96 91 91 82 70 64 65 63 57 52 44 37 31 31 29 25 23 22 22 27 29 33 37 35 35 30 29 25 26 25 26 28 30 28 31 34 32 29 29 30 
10 10 12 11 11 13 12 14 12 17 18 18 20 20 17 14 16 15 13 13 14 18 17 17 17 21 20 17 17 21 26 32 47 62 57 45 38 35 32 29 27 25 22 23 23 23 23 23 23 25 26 27 28 34 37 38 39 43 45 47 52 51 53 53 47 42 38 34 31 30 28 25 19 21 26 28 28 32 35 33 32 33 36 32 29 26 26 23 23 23 20 22 25 24 27 29 28 26 29 29 
18 17 15 12 13 12 13 13 13 18 19 18 19 17 18 18 16 16 14 12 13 15 15 16 15 18 17 20 24 22 19 21 25 33 45 55 54 45 40 36 35 36 33 33 32 31 32 33 34 35 36 38 40 43 44 49 50 50 49 45 40 36 32 30 29 26 25 21 19 20 23 25 30 32 37 37 32 32 34 34 33 33 32 29 30 27 23 24 22 21 21 22 22 22 23 25 24 23 22 23 
12 18 20 22 22 17 13 12 15 16 16 15 18 16 16 18 18 16 14 11 15 17 14 13 14 19 20 22 22 21 21 17 16 20 24 28 37 43 48 49 47 46 43 39 39 39 40 40 40 42 43 42 42 40 39 38 33 30 29 28 27 25 22 21 22 21 22 24 27 28 31 32 30 32 36 35 31 29 30 32 32 31 28 25 23 21 20 24 23 22 23 24 23 23 22 21 19 20 23 22 
9 10 10 13 19 26 25 18 14 14 13 16 16 14 14 15 16 16 13 10 13 16 14 13 16 18 19 20 21 22 21 21 20 18 17 20 23 27 30 30 35 37 39 39 40 41 39 37 36 34 32 30 29 26 27 25 22 20 18 18 18 20 24 24 25 27 26 26 24 27 30 33 34 33 35 34 30 27 25 27 28 27 27 25 22 20 22 26 23 22 23 23 23 22 23 22 16 19 22 23 
7 8 10 11 11 14 18 23 28 25 17 15 14 13 14 13 15 14 13 16 16 16 15 15 15 17 16 17 21 20 17 19 20 22 22 20 18 18 17 17 21 23 24 25 28 28 25 24 23 22 20 18 18 17 15 14 16 18 17 19 20 19 23 24 25 25 26 24 22 25 29 33 35 35 31 30 29 28 28 25 23 23 21 20 19 22 24 22 22 21 20 21 22 22 20 21 21 19 18 19 
5 9 10 11 12 13 10 12 16 21 28 25 16 13 16 14 14 14 13 15 15 15 15 16 20 18 18 16 18 19 17 19 21 22 22 20 21 24 22 21 21 22 22 22 20 20 21 21 20 19 21 21 20 20 17 17 17 19 17 18 20 21 23 23 23 23 25 26 25 26 28 31 33 34 33 31 30 32 30 26 23 21 21 21 21 22 21 19 21 21 21 21 22 21 21 22 22 20 20 19 
5 7 8 9 8 11 10 11 12 11 13 23 30 25 17 15 16 15 14 12 13 15 17 17 20 19 19 17 17 17 16 18 21 23 22 21 20 24 24 23 25 28 29 29 26 27 27 27 27 24 23 23 22 18 14 16 20 18 18 18 19 20 22 21 18 21 25 24 24 27 30 31 32 32 31 30 29 30 27 27 26 27 27 26 27 24 22 19 18 18 19 20 20 19 19 21 20 18 18 19 
7 8 8 10 10 11 12 13 13 11 9 10 14 26 26 20 18 18 18 15 16 16 16 21 19 17 18 18 17 17 18 19 20 18 20 21 22 23 24 27 26 25 24 24 27 24 26 23 24 24 23 23 18 17 17 16 15 15 19 20 19 20 21 23 22 22 27 26 27 30 28 29 31 32 30 30 30 30 28 27 28 30 30 30 30 28 23 21 18 18 19 20 20 18 19 19 17 18 17 17 
7 8 8 9 11 10 11 12 11 8 10 12 10 12 20 29 23 16 16 15 13 13 14 18 19 18 18 19 18 21 19 18 18 16 16 20 23 24 25 25 24 22 22 25 27 25 25 24 23 22 19 22 20 20 19 19 18 14 17 19 19 19 19 20 24 25 25 26 27 30 32 31 29 29 30 28 26 27 26 28 27 29 30 30 29 31 29 27 24 21 20 21 21 18 18 17 17 17 15 15 
7 7 7 9 9 7 7 8 8 8 11 10 10 9 12 15 26 28 18 16 14 13 14 16 18 19 17 17 16 21 21 18 17 16 16 19 20 23 22 21 24 24 21 21 21 23 22 20 19 19 19 20 19 20 18 21 20 16 16 17 17 19 18 22 23 22 24 27 28 29 29 25 25 25 24 22 22 24 24 26 24 26 29 28 28 28 28 27 27 24 22 22 22 18 18 19 19 17 16 15 
6 8 7 9 9 9 8 7 7 9 10 10 9 7 11 14 14 23 25 18 15 16 14 15 16 19 19 19 17 18 20 18 18 16 15 18 20 22 23 23 25 23 23 22 22 22 18 20 19 19 19 19 19 21 20 21 17 15 17 18 17 21 24 25 25 24 24 26 28 27 25 21 23 24 23 21 21 21 21 20 23 22 24 27 27 25 24 27 30 27 25 25 24 22 22 20 21 21 19 17 
6 8 9 8 8 8 8 7 8 10 10 8 8 10 13 15 14 16 21 28 19 16 16 17 19 22 21 20 20 18 17 17 18 19 19 18 21 19 20 20 21 22 23 19 17 18 18 17 16 17 19 18 18 19 20 17 15 16 19 20 19 21 21 22 23 27 25 22 27 26 22 21 23 23 23 21 21 22 20 16 19 17 17 19 19 20 24 26 27 25 25 24 25 26 24 22 20 21 19 19 
6 7 8 10 9 6 7 7 8 10 10 9 11 15 16 15 14 15 14 18 29 22 17 15 16 20 20 18 18 17 18 18 19 22 20 17 20 19 18 19 21 20 17 16 16 15 14 15 15 14 16 20 18 19 19 17 19 21 17 20 19 22 22 22 22 24 27 25 25 26 23 22 21 20 20 18 19 20 19 17 19 19 19 19 18 17 19 22 22 19 21 23 23 23 19 20 19 20 19 18 
5 7 8 9 7 6 7 7 8 10 12 13 14 16 15 14 15 16 11 13 22 27 19 14 14 17 17 17 18 17 18 17 16 17 17 16 17 16 17 19 17 15 15 19 15 13 14 16 14 14 15 16 17 16 16 16 17 17 16 17 17 20 19 19 23 23 27 27 27 26 23 24 23 20 22 21 18 17 19 17 18 18 18 18 19 18 17 18 20 18 17 19 19 19 20 20 18 19 18 19 
4 6 6 6 6 6 7 7 9 7 10 10 11 12 12 11 12 13 12 16 15 21 25 17 15 17 17 18 17 16 13 12 13 13 14 14 15 13 14 14 15 13 14 16 17 17 14 15 15 15 16 15 13 15 16 15 15 14 13 15 18 16 18 17 20 22 25 26 26 23 22 23 23 20 24 22 19 15 16 17 19 20 16 16 20 18 18 18 19 18 18 18 18 16 15 16 16 19 19 19 
6 7 7 6 6 6 7 7 6 6 9 10 9 8 10 10 9 11 14 16 14 15 25 23 16 23 18 18 15 14 15 15 13 13 14 15 13 13 15 14 14 15 13 12 15 14 12 14 16 18 15 14 14 14 14 14 19 16 17 18 17 17 19 21 24 24 23 24 24 25 24 24 22 21 22 24 22 20 18 15 15 17 16 15 16 17 16 16 16 16 15 17 17 16 15 14 17 19 18 18 
6 7 8 7 5 5 6 7 7 7 10 10 8 10 10 8 7 10 12 13 14 11 17 27 20 20 18 17 14 12 13 13 13 13 13 13 13 12 13 14 16 15 14 13 11 11 11 15 18 17 15 14 15 13 14 14 14 11 15 16 15 17 20 22 24 24 23 22 23 23 18 19 19 20 19 20 22 23 22 20 15 16 15 14 14 15 17 16 15 13 13 15 18 17 15 15 17 19 17 15 
6 6 7 7 6 6 6 7 6 5 6 8 9 10 8 9 10 11 13 12 11 13 15 20 22 16 19 17 13 10 10 12 14 14 14 15 15 14 12 13 15 13 12 13 10 10 11 12 14 15 15 15 14 13 15 16 15 15 17 17 17 20 21 22 23 22 20 18 18 21 18 17 14 15 17 19 17 19 22 21 18 17 16 13 14 14 14 14 15 15 13 14 15 15 14 15 14 14 15 14 
5 6 6 6 5 6 6 6 6 6 6 8 7 6 6 8 10 13 14 14 13 14 12 15 22 18 15 12 10 10 9 13 15 14 12 11 14 14 11 10 11 10 10 10 10 10 11 11 11 11 11 12 13 15 13 14 15 17 15 17 18 18 18 19 19 18 19 20 18 18 17 16 14 16 17 18 20 19 19 19 19 18 17 13 16 16 14 13 12 13 13 12 13 13 13 12 15 15 15 12 
