66 71 66 77 86 91 92 93 92 95 94 90 89 92 99 99 96 100 97 98 94 100 101 99 98 97 96 99 99 98 98 100 97 101 99 100 95 100 97 89 90 87 90 97 95 97 102 97 102 105 107 104 103 105 100 102 103 103 103 103 98 92 92 94 100 105 106 96 99 100 100 100 99 99 96 95 96 95 98 96 99 101 101 101 100 96 96 96 97 101 97 99 97 97 98 99 100 101 102 97 
65 73 69 76 81 87 90 90 87 92 92 94 95 90 93 87 87 89 94 91 93 101 98 101 95 94 98 100 101 101 102 103 100 97 94 97 94 95 91 86 72 68 82 85 84 95 104 99 103 108 108 106 102 100 98 97 93 96 99 95 94 92 96 96 98 98 95 91 90 97 102 98 99 99 101 99 99 101 99 97 99 101 97 96 96 92 92 91 92 95 98 103 100 95 97 99 102 97 95 94 
65 68 68 75 81 82 78 79 75 72 73 77 80 83 89 88 94 96 97 93 89 90 84 87 85 84 88 91 94 100 95 99 94 90 93 93 91 89 78 62 42 43 62 57 65 73 75 83 91 92 93 95 95 94 91 92 91 86 83 79 75 83 82 77 83 83 84 93 99 97 100 97 99 97 92 101 98 95 92 94 101 101 91 98 101 95 98 97 94 97 99 98 97 96 96 95 95 95 93 93 
63 69 71 65 75 66 54 42 43 38 31 39 47 47 59 63 75 89 100 105 98 92 89 91 88 78 71 70 79 81 83 86 86 83 89 81 74 74 63 42 23 27 33 31 39 32 36 53 59 72 71 72 77 82 76 77 67 59 58 66 69 68 69 68 82 83 88 91 98 91 87 91 91 86 81 90 92 92 89 93 99 96 95 99 103 99 97 98 96 97 97 99 98 98 95 94 93 95 94 92 
59 69 63 68 76 60 26 16 14 13 14 15 17 16 23 26 34 49 71 85 82 70 76 85 90 92 80 77 75 73 74 67 63 60 56 60 57 47 41 22 17 23 16 20 11 10 19 23 32 47 55 71 72 67 49 42 40 41 45 56 64 73 74 73 81 85 83 80 81 77 70 74 74 75 82 88 93 89 94 97 95 94 94 97 99 98 92 95 95 100 98 93 93 101 98 93 92 91 89 88 
74 70 65 71 81 62 23 15 12 11 12 10 9 10 12 16 8 20 28 39 36 40 44 55 62 61 56 63 58 70 66 73 59 65 55 69 53 36 27 16 14 13 13 13 13 8 17 13 20 32 45 45 44 38 39 39 41 51 61 68 65 68 82 71 80 70 60 65 69 63 76 84 84 88 93 91 86 85 84 86 90 92 97 96 95 94 89 90 95 98 95 94 95 98 96 94 90 95 97 94 
76 85 63 81 77 81 41 37 18 12 11 17 10 10 10 21 17 21 21 18 14 32 38 41 33 27 40 49 49 63 47 69 80 75 70 73 62 42 35 24 20 14 15 7 4 2 10 14 23 35 37 32 39 48 52 53 64 62 49 65 73 80 50 47 55 59 76 97 107 115 101 92 87 100 95 86 84 75 78 83 93 97 97 96 92 90 88 95 93 97 95 93 98 99 97 98 92 87 96 98 
54 58 40 42 39 48 45 42 36 34 24 24 21 11 14 24 41 25 25 20 18 29 57 46 43 33 65 69 68 73 54 73 90 84 87 88 74 41 36 35 21 21 16 8 7 8 16 19 12 18 28 38 47 42 40 44 33 61 78 68 52 80 45 64 85 114 115 127 126 117 125 124 112 86 77 79 87 82 81 90 93 89 89 94 90 91 87 93 93 99 96 97 96 91 91 97 92 91 96 98 
56 41 27 28 48 51 54 62 63 61 55 56 77 44 28 49 59 56 49 43 37 41 69 57 71 65 93 90 87 83 71 91 94 92 82 96 71 53 35 43 28 29 21 15 13 11 16 11 23 31 28 31 25 29 32 47 51 72 64 61 98 80 99 106 114 118 114 113 117 130 134 84 57 67 98 99 97 85 91 93 87 85 88 90 95 88 84 88 92 94 96 98 95 92 96 101 94 94 94 98 
49 52 47 34 85 108 110 104 101 115 104 109 105 90 98 107 111 91 77 65 70 51 84 76 84 86 104 98 95 94 81 93 82 91 89 98 74 79 49 54 41 41 22 22 17 18 22 18 21 22 22 21 29 34 36 51 61 68 65 80 116 94 97 102 110 121 123 137 137 130 94 75 107 116 107 112 79 80 85 87 87 82 88 89 88 89 91 91 89 92 94 95 92 92 99 92 93 93 89 92 
69 47 35 59 98 126 130 119 130 138 143 142 114 112 131 136 132 116 88 90 85 67 82 66 83 93 101 79 88 92 84 91 78 83 90 82 76 85 62 45 40 35 25 29 29 31 26 20 16 17 19 21 33 40 41 65 63 67 87 108 100 88 90 107 123 123 128 145 138 105 113 123 114 122 127 89 84 89 87 86 81 88 86 85 85 85 87 88 88 92 94 96 96 98 94 91 94 93 89 91 
82 48 26 50 84 127 133 126 140 136 148 124 102 111 139 135 138 114 96 108 120 111 93 85 81 94 106 66 78 75 67 81 75 76 80 79 69 77 60 45 43 48 41 35 27 30 38 25 19 22 22 29 42 45 53 63 82 84 95 119 89 95 111 113 121 135 137 139 128 120 123 123 133 129 93 67 75 82 103 90 87 87 87 87 91 87 87 88 89 91 90 89 93 95 90 91 92 92 94 95 
83 49 39 57 81 105 136 139 135 150 136 114 103 111 133 143 143 136 101 98 107 110 89 96 84 87 101 74 77 76 49 72 84 70 77 81 74 81 64 47 46 62 42 51 64 57 46 30 24 30 35 29 54 60 58 74 98 83 123 110 93 92 99 119 121 127 125 118 113 123 131 145 146 107 52 59 99 114 102 97 84 82 85 88 88 89 87 89 90 92 89 101 98 90 89 92 93 90 88 91 
58 53 29 45 59 90 127 131 128 136 116 135 124 137 142 141 136 134 93 88 83 95 82 88 81 91 82 71 82 87 64 79 92 84 83 80 82 76 77 59 58 66 50 60 41 42 48 39 30 48 54 46 73 84 85 81 108 101 128 97 85 87 116 115 123 105 107 115 121 137 152 153 131 47 51 116 118 93 85 72 75 81 87 88 89 89 87 89 91 93 107 97 92 92 91 91 91 90 90 90 
59 50 35 30 51 66 109 99 111 113 126 138 130 137 139 144 127 123 93 75 70 78 72 74 61 101 77 78 92 104 101 87 90 101 91 80 80 82 74 71 68 78 56 67 36 40 56 34 44 63 61 60 91 89 99 85 121 122 112 96 87 95 110 125 100 96 119 124 150 168 164 135 72 85 145 131 96 86 73 61 80 88 78 82 88 90 91 92 100 117 96 89 91 94 91 88 90 93 93 92 
69 85 58 26 39 51 72 84 84 98 102 129 112 123 130 140 124 103 77 62 54 61 55 68 63 94 86 88 91 94 103 93 94 101 89 89 88 81 81 81 72 69 53 82 48 50 54 43 46 71 60 66 115 93 107 90 130 126 107 82 90 99 112 114 100 126 138 158 176 173 154 124 135 161 140 90 58 80 97 100 91 85 82 82 82 79 81 102 110 102 104 106 98 97 93 92 92 92 91 88 
61 90 91 65 26 37 41 54 64 87 91 94 96 122 112 130 114 86 66 57 40 55 55 76 77 102 69 84 88 91 102 100 97 90 89 95 92 85 84 72 67 65 61 82 59 50 53 54 40 61 52 67 115 111 117 106 146 131 91 83 97 112 119 114 129 146 156 169 175 169 160 168 165 151 103 54 89 114 86 74 77 81 85 97 102 115 129 126 113 106 96 90 85 86 89 86 93 94 95 92 
78 87 90 87 63 46 41 37 42 61 64 52 73 103 96 119 103 64 52 50 46 61 41 63 76 85 72 78 78 75 97 105 94 100 102 89 94 91 77 79 76 70 75 80 67 67 48 51 36 77 43 49 120 122 123 116 145 122 90 93 116 129 129 131 145 153 172 177 177 175 176 174 165 107 99 129 138 94 65 73 87 108 119 117 129 115 92 90 94 98 95 93 91 90 86 78 81 86 88 84 
83 78 112 114 74 49 41 60 55 47 33 39 60 103 83 83 78 86 54 50 36 44 38 44 60 77 85 74 79 75 105 100 103 122 109 89 96 100 87 97 87 85 90 92 85 82 58 55 47 89 65 43 106 127 125 134 135 98 86 106 137 133 141 148 163 180 183 185 186 188 183 168 139 135 151 141 108 90 102 111 106 91 89 104 86 84 86 87 89 93 93 92 96 98 97 93 93 85 86 81 
74 82 120 122 97 71 53 27 37 61 50 39 64 70 54 60 40 79 72 47 32 43 51 45 48 52 83 77 68 86 90 104 98 115 112 98 96 104 111 121 108 107 109 100 91 85 57 63 48 102 95 57 99 122 130 143 134 90 91 122 143 145 157 173 183 192 191 190 191 192 174 167 172 166 150 131 114 98 70 55 71 99 77 70 76 82 86 87 88 91 90 92 92 94 94 94 94 93 93 94 
70 105 129 117 103 80 61 50 30 38 35 52 76 73 39 41 48 48 58 47 45 58 65 61 58 51 84 63 66 93 80 88 98 107 116 93 97 103 118 123 119 114 116 113 102 82 61 71 75 104 108 76 105 111 138 140 126 91 101 139 153 163 177 189 199 196 191 191 193 187 173 180 172 163 135 84 79 74 68 94 81 70 59 70 79 81 86 87 90 96 97 94 89 90 93 91 91 93 94 93 
94 128 126 106 91 73 75 62 49 42 40 31 50 58 86 80 55 53 57 51 52 60 43 54 67 62 93 69 77 83 93 92 87 109 114 95 88 98 115 122 122 124 127 107 108 80 60 77 78 114 113 89 105 94 141 142 118 88 114 155 167 182 190 196 194 188 186 191 188 171 178 183 171 152 128 123 116 106 87 58 80 85 85 95 95 93 91 87 86 94 93 94 92 92 91 93 93 91 91 91 
120 140 131 94 75 71 76 74 47 44 39 40 64 63 62 69 90 94 87 75 48 55 53 40 53 54 74 104 85 79 77 78 77 95 93 84 135 164 141 112 126 124 126 106 103 82 67 98 86 126 118 105 104 103 145 127 103 93 122 169 177 191 194 187 173 179 188 174 154 172 179 168 171 155 143 130 124 111 109 112 99 87 85 89 92 94 94 98 105 109 102 94 92 94 95 92 90 93 92 91 
143 142 130 101 72 82 87 81 61 50 33 35 46 52 75 75 77 83 90 124 115 65 49 36 38 52 61 104 92 76 77 61 62 75 85 76 168 184 182 167 118 124 121 117 100 80 83 113 83 117 105 114 107 114 139 89 100 108 138 147 164 182 177 155 157 163 156 150 162 164 161 169 172 165 159 155 151 138 130 120 103 88 79 82 85 84 83 86 88 91 93 93 96 97 98 98 96 97 93 91 
145 143 125 90 69 86 86 80 75 57 46 35 39 44 53 79 88 97 97 105 92 117 128 94 60 55 59 66 102 59 51 44 46 54 66 82 173 178 175 178 149 110 124 113 110 86 88 116 84 115 96 110 111 126 131 96 162 152 161 152 160 173 154 126 119 134 143 125 141 168 188 199 189 176 154 135 131 120 110 92 70 78 84 87 88 87 85 85 88 90 89 89 92 91 92 90 94 95 94 94 
140 138 117 59 57 61 64 64 65 54 50 43 49 46 66 79 91 103 110 112 117 110 129 125 127 98 54 64 70 84 41 32 26 33 48 71 146 149 170 174 173 101 117 109 110 105 97 114 105 118 105 118 141 154 139 176 194 185 195 134 140 159 125 99 133 122 121 140 169 194 190 170 159 150 142 138 127 119 73 37 42 45 52 56 69 79 84 82 83 81 79 80 79 83 85 88 90 91 93 92 
140 129 79 34 60 71 65 58 59 64 61 59 56 60 58 58 66 72 76 111 98 126 111 119 107 108 87 52 40 46 41 24 22 19 30 50 160 181 177 175 186 110 98 96 107 116 121 109 117 108 100 122 185 190 208 223 198 215 206 124 162 157 135 135 119 113 114 165 179 157 143 143 146 156 151 139 124 94 72 63 67 68 59 48 35 34 36 41 52 70 78 83 87 88 85 84 83 89 88 89 
136 109 51 48 57 76 77 59 56 73 70 45 43 43 49 57 53 39 45 67 88 97 91 87 72 69 68 47 28 22 16 12 10 18 20 33 84 183 173 164 148 78 90 89 92 90 121 117 139 112 132 195 236 232 238 230 218 232 213 178 207 195 143 117 111 114 145 138 120 115 134 147 151 134 109 68 58 76 91 75 63 57 53 58 63 55 52 41 45 49 50 54 60 67 77 90 89 88 83 83 
121 64 25 40 44 61 73 73 83 92 99 93 69 48 37 35 36 39 45 49 49 68 63 61 53 37 33 34 29 16 9 7 10 18 18 22 40 134 185 168 96 80 82 79 78 71 99 112 120 151 199 229 236 227 238 234 223 243 225 204 222 194 164 114 89 103 99 92 104 114 130 137 148 143 121 81 61 54 63 67 52 43 53 58 69 76 90 98 105 99 90 72 57 45 43 49 55 67 82 86 
93 29 16 27 37 56 54 58 57 74 89 97 94 87 52 32 47 50 56 53 55 51 42 25 27 30 27 23 17 16 8 10 17 16 11 18 28 47 97 136 80 93 72 66 63 63 91 110 120 178 235 241 246 248 250 240 229 246 220 219 221 164 111 100 86 71 80 85 106 121 148 169 170 168 166 155 134 122 111 121 135 138 139 141 144 139 135 129 117 108 95 76 59 55 45 40 41 42 57 79 
33 9 5 11 30 53 46 48 55 68 82 102 85 59 37 38 53 56 69 66 40 29 25 26 19 26 23 18 17 13 12 16 19 20 16 12 15 24 31 43 58 70 80 75 60 94 114 122 145 219 248 250 251 243 248 242 240 251 224 228 216 151 102 84 82 80 75 102 118 135 147 150 154 153 151 142 143 151 159 162 163 159 149 142 138 127 118 110 107 111 108 94 89 82 73 60 60 69 74 80 
7 3 4 18 42 55 50 47 62 70 81 85 62 34 37 37 42 53 71 68 43 39 32 22 20 26 31 35 24 18 15 14 17 20 20 19 15 17 22 30 34 36 45 65 83 103 99 122 193 237 244 250 251 252 251 241 241 248 218 231 194 131 100 91 83 75 97 108 112 119 119 123 130 135 136 142 146 152 160 162 162 158 154 144 137 127 121 118 114 112 108 109 97 87 91 88 77 79 77 80 
2 2 2 23 38 44 44 56 62 64 75 67 42 33 34 45 54 63 58 51 49 44 30 25 27 30 40 36 41 43 39 40 45 46 34 34 28 42 75 76 73 65 66 79 75 82 103 156 189 214 229 244 251 251 251 243 244 245 220 215 167 111 100 97 88 99 116 115 106 111 115 120 128 136 144 147 157 161 162 163 160 157 145 141 139 133 127 124 121 119 118 114 110 109 91 83 83 80 77 74 
1 3 3 24 40 47 43 71 88 99 86 64 47 42 41 57 59 68 93 95 69 61 40 36 44 60 57 46 45 57 57 69 72 85 74 96 89 65 51 60 77 87 55 60 67 110 144 179 183 184 201 191 205 246 251 244 248 239 218 196 150 119 99 89 84 98 91 88 89 87 92 106 120 127 139 156 169 183 185 185 181 174 170 161 150 138 122 104 98 89 84 79 84 95 96 92 82 75 70 72 
1 2 7 19 32 44 57 68 90 100 91 79 55 42 42 53 65 90 112 118 104 81 56 54 52 49 59 70 82 99 110 120 126 115 111 116 131 112 100 71 56 65 56 89 172 216 212 202 193 177 163 136 122 192 247 247 248 228 220 183 139 98 92 88 92 76 72 70 69 67 72 81 89 117 133 139 167 183 194 188 177 174 164 155 156 152 151 136 118 101 96 92 90 94 101 103 84 74 78 64 
6 14 18 42 58 71 78 84 99 105 91 66 57 54 58 69 90 96 102 114 104 89 75 69 69 88 105 92 86 72 76 74 86 93 109 129 144 144 137 144 152 114 126 166 218 237 237 222 213 191 158 99 68 129 209 236 237 218 204 166 109 96 93 88 77 74 89 98 108 115 116 118 123 121 125 130 150 162 179 190 191 183 176 173 166 161 157 155 151 134 114 105 94 87 83 76 75 69 69 66 
13 27 37 50 73 78 87 88 94 99 85 63 50 59 66 76 86 99 101 97 85 90 91 77 66 60 52 53 47 38 38 34 49 70 56 53 59 69 81 96 101 87 109 164 213 232 239 233 209 191 162 97 66 75 104 177 217 208 182 133 90 75 80 75 85 108 131 161 174 179 181 182 180 178 175 163 154 159 159 173 182 184 180 177 171 166 158 151 151 149 144 132 112 100 95 90 87 82 77 75 
13 33 43 51 57 55 60 65 63 78 60 56 57 74 86 101 99 98 106 120 108 91 79 58 47 48 57 46 51 38 33 29 30 31 37 34 50 53 73 78 70 64 66 101 181 228 230 223 197 175 131 106 69 67 66 96 160 178 151 109 73 73 74 72 77 95 138 172 179 184 189 191 188 184 180 171 169 172 169 169 178 183 184 178 172 167 163 156 155 148 144 143 137 133 122 102 88 87 80 78 
40 68 76 74 65 70 63 57 58 66 58 52 57 68 98 115 113 122 126 132 123 102 83 60 51 48 49 46 41 32 28 31 24 22 28 32 35 52 62 53 57 67 65 75 137 224 233 216 190 149 106 82 56 56 56 71 116 144 113 89 73 63 73 75 79 93 144 177 193 186 182 180 177 174 176 169 172 171 172 171 177 181 183 182 182 175 170 166 161 157 148 143 139 134 129 123 112 95 86 80 
62 61 66 59 43 28 33 48 39 41 43 41 50 70 87 102 108 115 117 116 122 119 98 80 54 49 43 41 31 28 26 23 20 15 20 23 26 36 43 33 52 61 57 76 120 199 221 216 190 142 100 63 77 70 69 92 137 153 118 88 70 72 73 78 77 78 109 145 175 204 213 204 201 196 189 178 179 177 174 178 181 185 185 186 186 183 177 170 167 159 152 145 136 127 121 111 100 90 86 81 
57 40 38 32 27 36 37 35 35 36 34 50 46 53 74 81 74 68 94 95 81 86 82 73 68 52 47 38 20 16 16 16 15 21 28 32 35 33 38 33 34 51 48 44 58 65 104 169 199 153 105 71 62 75 86 104 161 179 128 80 65 70 76 72 67 72 71 77 99 139 175 198 203 200 197 186 182 178 178 177 171 175 179 186 192 190 189 183 176 169 162 156 149 142 131 118 108 96 90 90 
46 28 28 27 29 56 46 41 38 37 29 32 38 42 56 64 63 65 80 90 85 82 93 98 88 73 39 24 18 16 15 17 20 33 63 108 112 80 81 78 60 44 66 73 77 73 91 111 133 137 82 59 75 89 84 100 179 194 134 84 68 70 71 65 71 85 91 93 92 86 88 116 154 178 188 189 186 182 178 175 177 173 182 190 196 197 198 195 193 190 184 177 170 161 148 140 135 122 107 88 
25 26 40 38 34 46 39 31 39 39 28 30 32 28 35 43 54 62 77 88 114 112 94 69 72 65 40 35 30 24 27 24 40 119 182 173 120 83 82 74 64 38 51 99 101 102 126 151 101 92 79 74 96 93 95 120 195 188 131 73 79 65 69 69 69 87 111 113 126 141 147 127 119 145 159 178 188 179 176 171 171 174 174 185 195 195 197 193 191 183 175 168 164 162 156 153 146 138 138 124 
28 35 47 41 40 60 53 51 59 37 35 31 26 28 27 48 64 81 76 63 55 68 75 88 68 36 35 38 43 49 43 55 139 197 177 180 125 75 72 54 46 50 51 90 115 124 159 209 139 102 96 92 94 98 98 145 206 187 142 88 74 82 71 72 54 50 56 77 108 138 159 193 174 145 163 165 170 172 173 171 171 170 174 180 188 194 198 197 197 189 181 175 169 162 154 151 143 135 130 122 
36 60 73 62 75 77 68 71 62 66 55 35 42 39 59 72 75 62 49 55 55 94 84 60 51 60 54 50 57 65 62 130 190 189 181 187 112 72 73 56 42 53 80 97 109 131 203 217 123 96 94 98 88 120 134 206 214 188 147 106 76 72 79 65 55 53 60 80 106 124 152 177 192 194 171 172 179 178 171 170 171 171 169 176 187 189 190 191 190 189 185 183 175 169 163 156 148 139 132 128 
60 93 110 96 80 92 105 90 64 70 53 49 70 75 54 39 39 56 65 74 84 79 75 68 70 72 63 65 60 64 90 167 158 167 181 179 93 87 67 68 58 83 116 108 122 153 230 175 111 84 83 100 138 194 190 233 216 178 135 97 85 78 73 63 79 80 80 66 83 112 125 146 173 189 196 182 186 195 189 180 173 173 172 169 179 184 186 188 186 186 184 183 182 176 169 164 160 154 146 139 
90 120 125 115 101 125 133 95 91 96 72 75 48 40 48 47 48 50 70 86 73 79 76 76 72 78 76 72 61 77 134 184 184 182 177 120 106 96 77 81 97 134 137 120 136 167 217 215 147 137 112 137 200 240 225 234 221 174 121 105 94 95 75 63 63 76 100 112 100 104 118 138 148 163 178 191 188 187 201 200 191 181 175 173 175 179 183 187 187 188 187 183 181 182 180 177 175 168 162 155 
112 132 137 136 140 151 142 108 121 110 63 49 49 53 47 46 60 70 84 69 72 74 77 79 76 87 71 72 69 95 159 190 190 152 115 116 121 97 104 109 129 132 132 125 139 144 168 215 217 231 194 209 234 242 228 226 215 169 120 95 85 79 82 58 53 82 97 104 129 130 151 148 159 176 187 195 197 189 193 200 201 197 192 184 185 180 181 186 191 190 188 184 185 183 183 177 176 174 168 167 
117 129 139 140 154 163 148 114 142 136 73 67 55 51 59 72 82 91 89 87 79 89 90 82 103 82 82 81 75 81 97 112 114 121 131 132 127 112 115 113 125 128 130 109 125 140 146 162 183 239 240 229 242 240 218 226 190 147 112 108 87 70 67 54 48 53 111 127 111 131 148 184 187 185 189 199 206 205 201 196 203 209 209 201 194 190 188 185 188 193 191 185 182 180 179 179 177 173 167 164 
130 127 143 125 151 166 145 112 145 120 81 76 66 64 80 74 85 89 86 90 95 105 92 97 104 110 89 91 89 89 111 116 118 121 126 128 115 117 121 117 103 112 120 115 111 136 125 145 149 224 208 207 237 206 186 213 193 104 122 98 109 87 69 55 61 61 66 130 155 136 141 160 179 188 191 205 207 208 209 207 202 201 204 206 205 199 196 193 189 188 188 189 187 185 183 180 177 175 170 163 
125 116 144 117 136 174 148 117 126 112 85 91 80 69 72 76 90 84 98 96 99 93 95 114 111 107 116 106 105 96 121 126 119 118 124 119 112 119 117 109 90 113 105 114 112 117 115 136 127 198 169 173 217 164 167 168 197 101 80 111 72 90 94 56 58 87 91 82 136 164 154 153 180 197 189 196 202 204 211 213 211 206 203 202 203 203 199 199 195 194 191 191 190 190 183 181 180 177 172 166 
137 132 138 118 125 174 149 128 124 114 96 118 90 74 84 93 88 106 95 108 106 94 104 121 114 103 116 98 101 99 106 117 117 113 120 127 129 122 110 104 93 114 106 115 111 125 99 133 105 154 129 152 184 146 152 132 154 130 50 71 110 53 63 89 70 69 96 111 98 131 157 161 168 189 202 199 196 198 201 206 209 211 211 210 206 207 207 204 200 198 194 193 193 191 188 184 178 175 172 165 
112 121 117 99 111 164 145 104 108 117 91 96 84 94 85 94 99 104 95 102 104 103 100 111 95 96 102 92 93 92 84 87 101 92 98 103 104 108 95 95 100 105 97 122 114 105 87 123 95 113 115 150 147 164 136 148 94 150 75 45 69 97 61 60 85 83 91 111 123 144 173 170 166 173 183 194 201 197 194 197 201 206 211 215 214 213 214 211 206 201 197 197 194 194 193 189 184 177 172 163 
57 92 86 91 100 145 132 112 104 98 102 97 96 105 91 95 98 99 95 93 88 94 100 97 97 94 87 91 90 78 72 74 84 77 78 82 87 96 82 78 90 84 81 98 99 92 99 115 108 92 110 135 143 132 137 134 114 86 138 70 57 62 82 85 79 106 107 102 117 136 169 190 187 193 194 194 200 206 200 195 194 199 203 207 210 215 218 218 217 211 205 202 199 197 196 191 190 187 180 172 
34 53 75 91 95 114 124 108 90 93 88 90 117 105 97 113 96 87 89 73 88 91 94 89 86 101 85 86 81 75 70 75 77 74 70 72 75 80 75 74 87 75 73 81 85 77 112 116 136 93 105 110 155 119 143 97 140 80 85 144 83 69 54 72 94 101 115 121 121 121 136 168 188 194 192 193 196 202 209 205 201 199 196 203 206 204 207 214 218 216 212 207 202 197 198 197 194 191 184 178 
31 51 62 77 94 101 110 97 110 105 105 101 113 96 99 98 98 87 75 68 80 88 84 90 91 97 83 80 80 74 78 80 77 69 73 71 71 72 70 64 75 72 80 83 71 62 114 123 130 92 112 97 160 131 123 116 88 127 54 95 142 109 99 84 90 110 126 125 132 137 139 146 169 182 186 189 192 197 202 208 209 210 202 200 203 208 210 205 202 208 208 205 207 204 200 194 193 195 187 180 
43 37 54 80 96 99 91 98 108 111 113 106 105 103 101 99 110 99 83 78 89 79 87 91 97 84 83 97 95 81 82 82 72 66 67 71 69 70 62 58 69 79 71 67 53 58 118 122 115 90 104 99 139 143 113 119 101 114 94 53 101 149 149 143 124 130 143 140 147 153 158 159 164 175 177 184 188 190 189 197 201 204 205 204 203 209 218 220 220 208 204 204 201 205 201 200 194 193 184 177 
47 49 71 83 88 95 95 97 109 111 113 96 110 108 109 109 111 112 92 94 83 100 107 107 101 83 95 94 102 90 87 76 77 66 68 68 58 61 56 60 64 72 62 65 58 60 119 109 95 110 107 109 127 150 106 109 135 102 128 73 66 117 160 164 168 155 159 168 167 167 171 174 177 182 184 185 188 193 194 196 195 197 199 203 199 201 205 212 225 226 219 209 202 202 198 194 190 187 183 175 
60 59 65 73 86 96 95 98 109 109 113 103 111 106 107 110 110 115 105 99 97 103 116 118 92 89 94 94 94 87 82 74 70 73 79 75 55 55 58 67 62 64 65 64 70 68 115 110 85 124 128 135 121 152 119 101 117 146 113 131 80 92 126 164 179 187 181 182 184 185 187 189 190 194 191 194 191 188 193 197 198 199 199 200 204 204 200 199 205 216 220 221 215 206 196 192 192 183 175 170 
68 62 66 83 84 91 94 100 104 107 108 105 107 108 105 108 118 129 116 115 98 103 97 85 88 83 84 93 84 77 80 69 72 68 78 81 71 64 68 68 64 72 68 71 78 80 125 109 85 122 151 157 155 137 145 111 103 130 160 138 134 106 109 131 168 172 181 187 187 182 181 178 180 182 183 188 191 196 196 195 194 199 199 199 201 205 207 200 198 196 205 216 220 216 205 194 187 178 176 169 
84 86 80 79 83 92 91 98 108 108 106 104 113 108 103 109 112 122 114 115 100 87 74 84 70 74 82 87 78 72 78 69 67 64 79 85 76 75 76 81 73 76 73 73 76 80 119 105 96 122 158 169 175 149 165 139 118 103 149 175 169 164 134 136 140 169 164 157 167 175 174 170 170 176 176 177 183 182 186 194 196 199 199 198 195 197 201 202 197 193 191 195 203 208 206 201 193 186 180 172 
101 93 94 85 84 96 87 101 101 112 106 107 107 102 108 108 105 115 117 106 96 90 80 69 69 75 82 70 68 70 77 67 69 73 83 85 78 84 78 85 82 83 95 81 83 85 114 101 110 109 150 177 178 176 173 165 141 111 109 151 180 193 184 165 155 152 178 176 166 160 160 155 153 162 168 167 170 173 173 176 183 192 195 195 197 195 193 193 193 189 188 183 183 190 201 201 196 189 180 172 
101 98 94 93 91 91 103 101 103 101 97 104 108 110 116 106 110 116 111 104 104 92 93 74 75 88 74 73 74 73 79 68 76 75 85 82 89 81 88 79 89 92 95 75 87 94 107 96 124 100 139 172 179 189 185 176 165 134 106 89 128 165 179 190 178 168 163 170 189 182 163 160 162 153 153 159 165 160 161 160 159 162 176 184 185 189 192 189 186 185 183 183 178 176 182 189 191 185 181 175 
106 105 100 92 89 91 99 101 105 99 97 104 103 108 118 111 110 115 112 102 104 101 97 86 80 81 86 84 74 72 75 79 71 75 82 90 83 81 92 89 94 94 91 83 95 118 99 111 119 101 126 166 182 181 194 186 170 154 124 83 80 103 111 111 142 118 129 143 143 148 153 137 133 137 149 149 152 158 157 148 150 152 148 162 173 176 176 180 185 184 183 180 180 177 174 174 176 173 174 170 
110 113 109 105 90 94 105 104 97 95 101 106 101 109 113 99 107 114 113 106 104 103 101 91 97 87 87 84 79 75 78 85 82 78 91 91 79 84 90 98 96 96 89 81 108 125 100 118 103 107 123 157 182 176 182 192 172 171 147 101 74 76 100 96 89 100 77 107 125 133 121 127 120 123 128 141 147 149 151 145 130 128 139 133 135 155 171 170 169 180 184 182 177 176 174 170 170 167 167 162 
121 110 112 98 97 101 110 102 104 100 100 104 93 109 105 94 106 116 110 103 108 107 104 99 107 100 108 97 90 83 82 86 101 87 83 83 83 94 102 100 94 100 96 86 114 131 102 102 105 111 125 148 176 176 173 181 178 163 165 137 98 83 79 85 103 85 100 98 91 96 115 123 124 118 111 111 120 145 153 152 149 137 129 129 123 117 131 159 162 164 171 176 176 172 172 171 169 166 165 160 
108 114 109 96 108 110 106 105 99 92 94 98 97 107 104 100 99 111 100 103 101 100 102 100 108 104 112 96 97 96 97 97 108 107 90 85 81 94 93 94 97 105 95 92 120 133 109 105 117 107 126 140 171 177 173 174 167 158 152 155 135 100 73 78 78 103 87 103 81 82 94 89 113 126 119 116 107 111 129 145 146 136 127 125 115 116 115 121 144 156 152 161 169 174 172 169 171 167 162 162 
103 101 98 101 116 112 101 100 105 99 95 97 98 107 103 102 98 103 104 99 98 99 107 100 109 121 115 105 111 107 101 105 109 112 108 96 87 94 99 100 98 108 101 100 121 139 125 118 115 118 125 136 156 177 168 167 156 147 142 141 147 137 93 76 75 84 80 94 96 90 80 78 80 89 117 116 123 118 114 117 135 139 135 121 120 109 108 93 107 130 146 151 155 163 165 166 164 163 165 160 
110 104 100 112 113 108 102 110 109 95 95 104 96 103 102 105 103 104 104 98 101 104 109 108 108 114 114 107 111 106 99 106 114 118 121 114 102 99 101 99 100 99 101 107 133 142 135 126 127 127 122 129 156 174 170 165 164 140 103 109 130 140 145 126 101 88 80 78 91 107 96 65 79 72 83 93 100 107 117 113 110 125 135 132 119 118 118 102 88 97 117 136 141 142 150 159 160 158 156 157 
113 105 102 109 110 105 97 113 106 92 105 109 93 107 108 108 102 106 95 95 101 102 105 110 115 120 111 107 116 106 99 99 108 119 123 122 114 105 111 101 108 101 103 109 136 149 128 134 133 120 127 129 146 169 174 166 168 159 113 91 89 99 114 118 119 110 99 94 87 95 103 107 82 77 77 84 75 87 90 110 120 108 112 129 126 117 106 115 104 94 95 108 129 138 137 141 146 153 153 146 
109 95 110 111 112 105 104 108 103 104 112 96 90 105 103 107 102 100 91 96 104 108 95 107 108 114 117 109 112 107 108 103 104 112 120 125 116 105 106 103 104 94 111 113 130 147 124 126 137 125 128 122 135 149 160 165 152 164 138 102 88 85 88 97 107 105 94 103 106 91 89 87 103 107 83 78 74 78 85 96 105 112 107 118 116 121 115 95 94 99 102 98 106 120 130 137 142 140 145 146 
99 94 109 107 108 105 115 110 102 108 110 92 86 95 97 97 98 96 84 103 105 98 85 99 95 108 112 110 98 104 102 114 103 114 107 117 114 102 101 96 104 96 122 119 142 138 136 116 131 120 126 122 121 130 133 157 149 142 137 129 115 112 109 105 93 100 107 98 104 106 102 100 88 88 108 109 92 87 84 88 94 95 110 116 110 115 122 121 92 94 96 104 98 108 120 131 138 137 138 130 
98 101 111 106 109 109 106 102 99 108 104 81 85 86 88 96 96 91 91 103 104 86 81 94 87 96 106 107 95 99 103 110 103 108 109 111 109 107 108 96 104 97 130 122 140 145 134 134 129 126 120 107 123 123 117 116 126 112 119 115 105 103 106 97 90 100 110 106 111 112 114 116 118 101 91 93 117 115 108 98 94 94 100 109 117 107 107 130 122 108 100 97 109 107 116 124 127 127 131 124 
94 104 105 104 115 111 104 94 103 107 101 84 87 76 91 96 96 85 89 104 98 75 80 82 90 88 102 107 97 95 103 102 99 102 107 105 100 116 120 110 96 102 120 121 125 143 133 127 132 132 121 104 107 118 106 106 106 102 92 113 104 92 96 112 102 105 113 114 113 115 120 127 124 128 114 98 101 102 117 109 104 102 102 108 109 111 112 107 127 120 113 113 103 104 108 121 116 123 123 120 
90 106 104 102 110 105 96 96 111 107 94 82 85 81 90 100 90 90 86 106 92 74 91 98 80 86 89 91 89 77 89 100 93 95 102 105 94 109 134 123 107 122 104 116 120 136 112 117 128 125 119 119 112 118 110 118 103 101 88 98 113 111 102 115 126 118 123 117 115 118 122 122 131 130 133 118 99 102 108 114 110 105 102 114 122 116 112 110 111 117 106 110 110 108 106 108 117 107 108 111 
90 96 94 98 105 93 100 105 111 98 92 97 81 79 97 99 90 87 88 99 99 84 99 97 83 69 86 89 89 81 77 94 90 83 87 97 95 109 124 116 125 114 102 110 125 134 111 105 101 109 126 128 128 131 118 113 116 101 98 91 96 116 125 119 125 131 128 126 123 120 123 128 128 135 137 139 118 100 98 96 97 100 90 98 114 121 119 117 121 117 115 109 107 107 98 104 111 107 101 99 
89 95 93 97 111 98 103 106 109 95 96 100 95 87 96 95 86 87 89 99 96 86 98 102 93 71 86 94 92 83 77 85 101 86 84 102 97 107 113 117 120 110 107 109 110 133 109 107 89 92 95 109 112 124 115 114 118 111 98 97 100 107 116 132 132 136 130 135 129 129 120 111 121 130 136 127 129 123 87 82 92 92 95 93 92 106 130 124 120 117 111 106 107 105 102 82 71 91 74 77 
80 93 96 99 100 97 107 104 102 99 101 102 98 91 97 94 85 91 94 99 89 90 97 99 93 78 83 93 87 85 83 88 104 99 86 94 96 108 103 112 118 111 105 105 108 124 118 111 97 91 87 84 84 89 93 83 87 104 88 90 95 104 109 99 121 143 136 130 127 127 122 113 108 109 118 139 113 115 111 84 75 81 85 91 79 79 105 119 112 109 104 108 105 90 104 111 78 61 76 69 
81 103 97 95 94 105 106 99 95 92 93 99 86 89 100 95 101 95 96 98 85 92 90 97 99 88 91 91 89 94 84 89 102 87 94 87 88 98 106 107 112 112 112 111 96 124 124 92 98 101 85 80 81 92 77 67 73 81 84 78 80 88 74 97 95 109 118 114 115 112 96 108 103 84 70 94 103 86 97 101 66 56 60 58 83 80 81 84 100 99 105 100 96 88 70 94 101 77 76 69 
85 95 90 95 96 103 98 100 92 85 81 90 88 85 102 99 104 105 106 96 93 99 95 95 95 92 88 92 91 89 90 93 95 84 91 82 90 91 96 111 108 107 106 112 101 103 130 99 87 94 89 90 83 98 72 56 71 65 79 69 63 71 52 50 66 77 91 92 75 78 87 80 79 80 78 61 104 89 66 79 77 59 47 44 42 43 49 55 71 92 96 108 88 83 75 67 83 71 59 58 
83 92 84 95 89 101 102 96 82 86 84 89 89 89 103 103 102 108 105 109 102 101 100 99 97 95 92 92 89 97 94 95 92 93 93 95 93 92 93 102 107 105 94 105 105 104 121 101 91 90 86 92 97 84 81 80 66 49 63 62 72 56 61 47 45 45 45 57 59 59 63 50 40 52 59 71 69 91 69 57 47 46 35 42 47 31 28 35 39 44 70 76 94 92 77 62 64 81 66 58 
86 104 86 101 104 105 112 97 85 92 86 88 95 99 96 108 110 112 110 109 95 103 105 103 106 99 97 92 89 96 98 97 84 90 91 100 95 90 85 90 106 98 98 91 104 111 119 90 96 99 95 94 94 101 97 74 74 67 62 51 54 65 53 40 42 41 44 49 38 48 59 58 38 38 44 51 45 60 66 56 54 36 35 32 27 29 30 26 34 50 43 47 79 85 80 77 57 59 66 65 
93 96 78 96 102 103 115 99 97 90 80 88 79 103 93 101 110 120 111 100 96 103 114 103 113 101 99 95 99 90 95 92 81 78 81 98 93 80 85 77 91 94 96 90 92 103 109 92 95 95 97 97 101 104 84 86 76 78 75 61 52 38 32 45 44 45 35 45 36 28 34 38 48 28 32 33 37 48 59 38 39 36 40 32 38 25 36 30 31 47 47 48 58 81 75 51 67 63 58 49 
78 82 86 106 96 99 108 95 96 93 87 93 91 95 94 99 105 115 114 107 98 109 113 112 106 110 107 108 108 96 88 92 81 72 82 88 96 82 84 89 85 85 91 104 87 91 101 94 90 94 107 91 96 103 95 80 94 87 64 60 65 40 31 35 38 26 39 40 36 31 32 25 30 35 35 46 41 36 35 40 36 29 35 40 36 34 37 50 27 41 45 41 46 54 66 38 47 54 56 54 
71 75 88 98 105 99 107 100 101 98 85 88 93 97 96 98 98 107 119 112 93 100 112 110 106 107 100 106 104 105 94 93 86 74 83 86 85 81 79 87 80 87 88 87 85 81 92 93 86 85 88 94 91 106 99 81 89 84 73 64 60 53 49 37 24 28 35 35 47 29 36 37 27 23 25 30 45 37 37 34 26 32 38 44 44 41 31 37 32 36 46 46 38 47 38 39 28 28 45 51 
79 85 90 96 106 98 108 96 89 96 89 82 95 95 90 98 97 100 118 110 96 92 107 112 102 102 103 107 107 97 101 96 96 87 90 90 92 95 91 97 90 92 94 85 88 75 73 83 81 78 78 74 83 90 96 80 82 82 82 61 68 57 67 49 44 44 48 49 50 47 42 43 42 49 38 34 42 38 41 32 29 40 42 31 32 35 33 36 38 31 37 43 40 34 29 28 22 22 28 32 
92 87 92 89 98 102 100 97 86 89 90 86 98 103 89 99 95 94 90 111 102 78 82 97 104 100 97 109 107 103 92 95 102 99 107 89 95 98 91 101 98 92 96 94 90 82 62 67 63 74 75 66 72 75 76 80 77 80 74 73 80 72 68 74 79 73 73 69 77 68 62 53 55 54 51 44 46 36 39 41 49 33 44 39 31 20 17 32 36 38 24 23 20 29 23 26 17 18 21 24 
99 87 95 88 94 92 94 94 95 94 95 84 88 98 89 93 88 99 89 92 97 87 91 89 95 95 93 95 109 113 112 95 99 103 109 99 100 105 96 98 115 105 102 99 90 85 71 54 61 68 62 67 68 71 79 76 83 73 73 78 85 95 88 84 90 73 85 89 78 71 82 95 83 74 66 52 61 40 48 41 39 35 36 27 33 23 20 19 35 34 29 15 13 6 11 17 21 28 15 18 
97 96 90 91 84 93 96 89 88 90 87 92 90 103 97 95 85 101 92 84 95 84 81 87 91 101 100 106 113 124 116 101 85 89 96 110 101 101 98 95 97 112 103 100 97 90 75 66 66 73 59 60 64 71 75 87 91 87 77 82 89 93 103 104 105 82 70 67 92 80 71 81 89 84 75 63 53 56 49 45 35 29 31 31 27 14 13 11 11 17 24 17 14 5 5 6 5 9 11 13 
104 98 81 90 83 91 90 96 87 89 85 90 103 100 96 106 78 91 90 81 88 82 74 81 82 100 105 115 123 118 116 109 97 91 87 95 100 112 103 100 97 104 111 98 97 98 86 67 72 74 63 59 62 67 73 73 99 97 92 88 83 96 95 108 106 103 73 79 75 83 74 67 75 77 85 73 56 42 46 44 36 32 34 27 16 17 17 19 12 19 20 17 11 14 11 10 9 7 8 6 
111 102 90 88 84 106 89 94 95 90 93 102 94 91 92 99 76 79 85 91 88 104 77 69 76 89 94 114 113 117 111 110 109 98 90 87 89 104 111 98 98 111 105 109 101 103 93 86 77 84 71 68 62 69 78 75 81 107 83 91 87 89 91 95 93 96 88 81 78 81 73 78 74 74 62 69 77 58 42 29 33 36 22 24 19 14 9 18 24 16 15 21 13 7 11 13 12 9 5 5 
109 100 94 83 92 102 96 100 104 98 85 96 90 89 95 91 89 83 75 87 83 84 100 81 90 94 90 99 113 110 113 109 106 100 101 90 94 100 107 104 101 106 107 109 106 107 98 94 92 91 93 75 80 71 75 76 75 93 76 78 84 70 78 89 85 97 97 105 97 93 87 88 66 79 71 50 57 73 55 27 19 26 24 28 21 15 8 15 16 20 15 23 11 10 8 19 20 21 7 6 
106 100 95 91 92 99 103 99 107 96 90 89 87 89 93 89 93 77 82 64 81 84 98 91 95 107 95 96 105 112 97 102 110 94 94 101 89 89 102 114 111 117 112 107 118 114 108 100 103 99 111 99 101 92 85 85 82 83 82 80 86 87 80 78 86 89 101 100 102 119 93 96 84 71 75 69 52 43 45 29 29 26 20 16 19 18 15 22 29 28 23 14 25 18 15 28 29 34 21 6 
108 103 96 99 100 108 104 100 103 94 92 100 94 96 81 81 88 74 79 66 69 87 92 100 103 104 114 107 104 104 109 113 109 106 89 93 87 90 96 113 109 120 112 115 120 124 126 106 105 103 117 119 109 111 98 89 82 78 91 81 91 91 89 85 92 93 94 96 95 111 109 99 99 88 77 71 61 41 35 31 30 29 29 19 30 29 31 25 26 28 21 24 15 19 22 22 21 28 26 33 
110 107 99 104 101 104 112 106 98 101 97 101 94 97 86 92 89 69 86 78 67 93 92 101 114 111 119 117 113 109 101 112 108 117 110 88 89 92 95 100 115 117 121 118 123 119 127 119 110 101 107 125 114 111 105 83 85 79 83 86 79 83 94 90 99 103 104 104 94 83 98 106 91 87 94 73 50 43 38 35 32 32 41 31 29 25 29 34 30 31 28 25 20 21 23 19 14 12 19 15 
109 111 114 107 114 113 108 112 105 112 112 114 103 103 93 88 98 88 83 91 76 81 96 102 116 117 120 110 112 117 105 99 98 108 109 102 86 91 104 106 94 112 108 113 111 119 125 130 124 115 117 116 116 114 117 101 83 90 96 92 85 81 92 95 97 97 104 97 97 85 79 88 93 84 84 82 66 56 47 46 31 28 38 45 35 41 41 30 23 30 32 33 26 22 39 34 20 22 21 19 
86 92 110 111 110 116 115 117 117 120 125 117 121 107 103 96 95 98 88 99 106 89 97 107 113 115 123 121 110 122 111 104 96 98 107 105 106 98 106 108 112 105 114 114 113 116 124 138 133 129 123 123 122 117 114 117 104 100 105 99 101 94 87 86 87 97 110 100 89 91 84 80 76 70 69 76 82 59 60 60 69 44 54 58 57 55 62 51 40 51 44 41 38 53 51 31 48 28 47 28 
67 65 89 100 112 118 118 123 120 118 134 123 130 119 107 101 98 98 99 89 93 110 104 117 114 115 120 132 114 110 111 107 99 108 114 112 111 112 119 123 124 110 118 114 115 108 114 116 134 136 128 122 125 121 114 115 119 112 114 116 103 102 98 85 84 103 101 108 94 100 91 92 94 84 87 67 68 64 66 63 67 71 84 88 88 88 83 85 70 91 73 49 71 79 70 51 62 45 43 79 
43 60 62 86 92 119 121 121 125 115 119 124 133 128 110 101 103 101 96 109 104 106 110 111 119 114 113 117 122 122 118 115 108 101 106 119 125 124 116 120 131 128 117 120 114 112 112 116 121 139 141 130 125 123 122 128 130 124 118 123 113 110 102 100 94 95 107 101 104 106 106 104 108 104 96 87 75 64 88 107 106 85 94 116 115 107 103 93 90 96 102 78 82 83 81 72 79 91 82 81 
31 53 49 64 83 91 96 106 112 118 117 120 125 123 119 108 105 101 107 111 121 112 118 115 108 113 104 106 117 122 124 119 117 112 105 115 122 127 131 121 127 133 129 119 128 120 115 110 110 119 138 137 132 126 127 133 133 140 128 127 128 114 111 107 101 103 107 107 111 114 112 115 124 121 114 93 83 86 95 128 131 114 100 121 113 121 118 112 104 111 108 102 99 105 106 96 117 116 120 111 
