146 149 152 155 158 161 160 163 167 170 174 175 178 175 180 193 191 190 195 196 199 196 199 204 203 199 205 209 214 219 218 223 223 216 215 217 224 235 243 240 234 237 245 242 236 237 244 249 247 238 228 225 239 250 250 252 248 244 231 228 232 227 230 234 229 230 239 233 227 222 215 205 195 188 194 185 149 139 100 95 88 64 105 212 177 142 169 159 173 203 209 203 200 198 161 155 146 161 190 194 
140 143 147 150 154 158 159 159 160 162 165 167 170 172 172 176 183 187 185 184 188 189 193 199 201 205 211 214 216 216 211 211 215 215 222 225 230 235 242 243 240 241 242 243 243 243 248 252 250 243 230 230 247 252 251 250 242 232 237 243 237 230 225 222 219 225 229 221 213 208 202 193 186 180 184 193 159 131 119 95 58 106 146 133 171 190 189 154 167 174 175 180 171 180 170 164 168 194 192 196 
134 137 141 144 147 151 156 154 156 159 157 159 161 164 167 170 178 180 177 181 186 185 188 192 191 193 199 203 208 212 211 208 209 208 217 223 229 235 236 232 234 245 252 252 252 251 252 254 254 253 237 228 244 245 238 226 214 211 222 218 207 211 215 206 207 215 212 204 200 195 188 181 175 172 172 186 168 135 127 88 88 143 148 130 139 151 133 147 160 177 165 155 159 160 168 169 197 193 181 203 
131 134 136 137 140 143 150 146 149 150 138 134 141 140 142 150 153 155 160 167 173 173 176 179 179 186 197 206 211 209 203 219 222 219 220 221 227 238 239 238 243 251 249 249 251 250 249 249 251 252 234 223 234 222 216 208 205 209 212 203 200 209 209 201 206 210 201 198 190 182 175 168 163 161 169 165 166 151 120 95 141 152 135 136 144 142 144 138 133 151 166 177 186 192 197 190 186 164 184 200 
129 132 135 137 137 138 141 140 142 139 112 95 101 101 100 106 109 116 124 131 143 152 162 169 170 174 182 189 195 201 205 212 220 224 232 232 228 228 219 200 195 206 198 208 233 250 251 247 250 249 230 221 220 207 202 202 198 198 197 195 199 204 203 200 203 202 193 191 180 169 161 156 154 157 168 151 154 165 110 126 168 136 132 148 140 144 141 148 146 142 136 137 137 130 135 148 156 176 187 190 
121 126 132 138 140 141 139 134 135 126 81 53 47 42 43 45 48 52 60 75 87 100 115 126 129 133 138 143 146 153 160 181 185 178 175 166 157 140 138 130 124 129 126 128 151 187 201 204 211 223 222 209 225 233 216 192 196 194 192 193 195 198 199 200 198 194 188 184 170 159 151 145 145 157 157 140 141 164 122 151 157 139 141 142 146 149 146 147 155 154 160 161 144 129 140 144 141 152 158 162 
119 121 125 127 128 129 139 134 134 126 74 40 38 38 41 42 44 45 46 48 50 55 62 69 73 83 88 94 102 114 125 150 154 142 130 121 120 109 110 115 118 118 123 123 127 135 140 147 162 180 195 194 192 190 189 191 190 190 190 192 193 194 196 196 194 189 182 177 169 151 141 140 144 151 144 134 137 157 146 152 143 146 150 149 151 133 132 145 157 169 170 154 129 123 122 128 126 160 166 162 
112 115 119 123 127 129 131 130 130 128 94 51 36 33 34 35 38 40 42 43 41 44 45 46 53 60 64 66 67 73 80 107 112 104 97 94 96 108 112 112 115 123 123 121 125 129 126 125 131 141 151 158 157 158 164 169 175 178 182 185 185 184 188 189 187 183 177 172 160 139 129 133 138 138 138 136 134 145 152 140 137 155 153 146 150 147 147 140 137 152 158 153 161 143 132 128 125 151 166 155 
106 107 110 114 116 119 124 131 129 132 117 67 40 36 33 32 33 36 39 37 36 42 42 42 47 49 55 58 57 60 65 71 79 80 84 92 96 112 135 135 130 141 139 123 121 128 122 114 117 123 130 140 137 136 143 149 156 161 168 172 173 172 178 178 178 174 170 166 151 142 138 135 135 139 148 141 127 129 144 134 140 150 150 148 147 160 155 160 163 157 149 143 139 130 138 141 141 143 171 171 
107 105 110 114 114 118 122 118 125 128 114 82 56 49 49 50 47 50 47 35 30 32 37 46 55 55 58 53 50 49 46 53 64 78 79 109 145 151 186 202 193 197 216 194 171 161 159 137 119 121 120 120 127 133 131 127 130 132 145 155 158 163 167 160 161 156 161 157 150 145 143 144 154 154 140 132 127 132 131 134 149 152 149 147 149 152 155 158 164 162 164 154 140 123 120 130 140 149 167 176 
103 103 106 111 112 115 114 114 120 117 119 135 152 157 154 149 142 141 147 152 136 103 88 80 67 71 77 80 89 85 59 62 80 109 142 148 191 214 209 217 223 204 219 224 217 209 208 201 174 159 151 136 135 125 117 122 117 114 126 135 142 148 153 154 147 143 153 144 144 135 146 161 164 157 149 145 148 148 126 128 150 147 150 153 155 156 156 158 163 164 162 159 153 148 139 135 129 127 134 147 
97 100 102 105 109 111 113 115 118 106 101 122 139 145 154 164 171 182 188 195 201 190 182 168 142 120 117 116 106 98 105 86 122 165 196 211 207 206 217 214 223 223 223 218 220 216 213 216 212 198 184 193 205 179 139 124 117 114 119 113 117 128 141 147 142 146 151 141 136 138 153 153 140 141 143 143 148 146 121 123 149 149 154 158 157 155 153 157 159 169 166 162 152 151 143 143 147 141 130 134 
93 97 97 100 107 107 109 103 114 103 84 118 159 170 174 178 181 187 194 196 199 200 196 189 181 173 181 168 154 140 115 142 185 196 202 206 206 220 220 211 227 227 235 236 231 226 222 218 219 221 217 217 216 207 198 190 148 121 108 94 99 107 125 131 138 153 146 140 138 150 155 135 120 122 119 119 121 123 116 123 144 149 153 158 159 158 157 159 164 172 150 147 146 142 141 142 145 146 142 142 
94 96 95 97 103 104 97 106 104 97 90 114 153 171 175 179 181 184 186 182 182 193 202 195 184 184 180 162 170 170 143 149 190 198 210 205 211 220 224 220 226 229 231 233 230 226 228 226 229 231 226 223 219 222 223 218 197 171 138 102 85 86 100 107 131 144 133 133 152 148 132 117 115 112 109 110 110 109 107 122 141 149 155 164 156 159 165 164 169 169 125 132 135 120 134 141 142 138 137 140 
87 90 90 92 96 96 91 94 89 95 90 95 134 164 176 184 187 181 181 184 182 189 197 191 186 195 178 162 171 159 180 166 195 203 210 209 217 221 221 221 222 224 224 224 224 228 232 230 227 226 224 223 221 224 225 219 219 216 189 164 107 86 71 80 132 126 121 144 155 134 118 110 105 106 104 97 99 108 114 126 137 147 153 163 149 144 144 162 165 173 168 155 136 101 102 109 131 141 140 144 
80 85 87 88 91 88 89 85 82 91 90 85 108 148 173 177 179 182 183 182 185 187 187 188 204 208 172 167 186 184 176 206 209 205 208 212 222 228 229 229 229 229 229 226 222 223 226 224 224 224 224 225 222 225 226 223 220 219 218 208 163 120 61 81 119 97 139 154 137 113 104 106 100 99 103 108 113 106 96 111 133 146 148 158 152 148 139 143 151 166 164 161 148 134 124 118 132 141 141 146 
82 85 85 85 88 86 84 82 82 84 85 84 80 118 164 173 174 170 172 178 181 183 182 189 212 189 174 183 185 208 207 199 202 210 213 212 218 225 227 227 227 227 227 227 223 219 218 216 218 221 222 225 223 224 226 227 224 216 220 214 208 179 115 113 77 123 152 131 110 106 101 96 104 120 118 103 91 89 92 109 130 148 150 158 159 166 161 151 133 137 143 159 150 136 139 137 139 141 146 152 
81 82 80 80 84 84 84 86 89 85 86 92 86 103 135 153 164 167 172 176 178 179 179 191 209 174 173 202 207 202 210 212 207 208 206 211 224 226 226 224 225 228 229 227 225 225 223 218 213 214 217 220 219 219 221 224 230 223 213 218 216 206 189 101 91 145 136 110 105 102 102 116 125 107 91 87 85 83 85 107 130 148 154 161 161 165 161 167 175 172 158 129 110 115 126 136 143 146 151 155 
75 76 79 81 83 84 81 78 82 86 86 90 97 93 107 133 141 151 161 163 169 169 178 193 192 163 162 189 200 205 208 207 204 203 208 206 213 219 221 219 220 229 234 236 236 229 230 231 227 226 217 215 218 218 215 218 226 224 221 221 220 219 217 151 141 129 84 79 82 112 128 102 92 88 94 97 105 101 93 103 121 141 152 161 164 161 164 166 173 177 175 164 137 111 109 123 142 150 155 155 
69 71 78 92 98 96 93 90 91 93 94 96 87 79 84 94 104 122 130 143 153 155 165 161 165 158 160 184 198 202 207 208 212 210 211 208 214 220 212 209 211 217 230 236 242 245 244 241 237 240 234 222 219 218 213 212 220 221 232 229 222 228 217 199 168 75 20 41 115 108 76 90 100 122 132 115 96 84 78 98 123 136 154 161 163 163 169 164 160 154 174 181 157 135 116 128 149 151 157 156 
71 72 79 93 102 102 104 104 103 104 105 100 85 54 48 69 68 76 97 101 113 112 107 117 106 120 147 155 175 195 196 210 216 213 214 211 211 206 193 187 189 193 193 197 216 234 244 248 241 239 243 238 230 219 211 214 219 213 220 221 220 230 212 227 153 74 73 123 78 68 101 120 108 97 87 88 82 81 76 106 136 131 155 161 164 167 173 169 155 129 136 140 133 136 135 149 155 150 158 158 
73 73 75 80 86 91 95 98 98 99 98 86 63 41 37 45 43 48 63 77 82 73 71 70 67 83 116 143 160 172 200 212 215 210 216 214 205 201 204 185 160 156 154 164 182 188 208 237 246 244 241 240 241 231 218 211 214 206 204 212 216 213 226 218 183 171 171 117 120 108 89 70 72 59 64 79 88 87 69 99 141 131 154 161 167 169 169 167 163 159 164 139 127 134 146 154 154 157 160 154 
68 71 72 72 76 82 93 92 88 91 90 69 45 30 30 37 41 34 32 64 76 57 49 35 34 64 101 132 159 175 204 215 214 218 222 218 215 215 214 145 130 135 143 132 131 188 182 218 235 245 240 242 246 242 229 215 214 208 196 197 203 211 220 202 202 189 193 191 189 148 94 59 45 65 78 64 59 67 70 79 141 130 158 159 168 172 169 173 165 170 183 154 138 145 154 155 157 157 157 147 
70 71 71 71 74 78 81 82 83 84 75 52 33 29 42 48 49 49 39 29 37 40 29 25 36 73 102 127 158 184 209 227 222 222 221 218 220 228 210 157 155 167 169 163 136 157 180 198 235 243 242 243 247 246 239 229 224 221 213 212 214 224 200 194 203 196 197 194 201 198 177 136 98 95 84 81 72 72 77 64 138 129 146 166 175 174 172 173 169 164 161 141 141 149 154 156 160 156 153 163 
74 72 69 69 71 73 81 83 82 74 58 44 50 52 50 48 57 80 71 27 7 8 22 52 51 48 85 131 174 200 210 215 220 225 227 225 221 230 228 174 170 173 179 178 144 173 174 188 231 242 246 246 246 246 243 238 235 233 231 231 227 233 216 204 201 188 195 194 208 208 208 205 187 167 136 72 44 34 28 35 115 130 131 174 175 168 169 171 159 145 141 141 153 155 155 157 161 154 152 167 
90 85 81 82 86 87 80 80 76 63 47 49 63 65 63 58 56 62 56 34 12 20 42 55 57 66 86 127 176 215 225 229 228 222 218 221 220 216 232 191 151 146 159 161 162 169 160 196 229 242 243 244 244 243 242 241 241 236 237 237 229 233 235 220 210 194 209 211 197 203 205 201 202 206 197 185 114 43 36 11 79 123 134 190 176 164 158 157 139 131 141 155 160 157 156 157 158 150 158 170 
96 91 86 85 88 91 91 91 86 68 46 45 54 57 66 67 60 62 60 47 40 58 64 65 78 85 92 134 185 217 222 232 235 232 229 225 218 217 230 231 183 176 180 180 189 154 168 195 230 234 232 237 242 243 244 247 246 241 238 237 233 235 233 223 215 197 201 201 202 203 205 208 210 206 201 203 200 138 68 15 47 78 124 192 164 146 136 142 137 140 149 157 158 158 159 159 153 150 162 151 
88 88 88 86 85 86 88 89 87 77 58 51 54 58 68 68 65 61 56 58 76 99 101 92 55 62 113 178 213 225 239 237 238 238 238 235 234 224 228 239 241 216 174 144 146 165 174 187 211 225 227 232 237 236 237 244 249 248 239 238 244 241 243 230 219 195 190 199 202 204 209 213 216 217 212 206 208 205 161 66 25 32 87 187 144 134 131 141 150 153 158 157 159 161 157 161 148 151 161 140 
71 72 77 82 82 77 78 79 81 77 66 61 68 75 79 71 69 63 59 68 57 81 114 131 158 179 197 214 231 237 230 242 242 242 242 241 240 238 234 234 238 242 241 232 222 213 211 210 222 232 232 235 239 237 240 248 248 249 245 244 245 242 246 235 222 197 191 193 204 207 210 212 215 218 217 204 202 210 220 157 67 49 44 153 136 143 145 151 160 155 160 160 156 158 156 156 151 153 157 110 
70 67 66 68 70 68 72 69 68 69 69 73 78 65 66 75 71 73 69 56 47 63 93 118 170 202 222 226 226 235 240 243 242 241 241 240 240 240 242 240 237 236 237 232 239 243 239 245 241 229 231 229 229 230 237 248 249 249 249 247 247 245 242 233 219 197 197 196 205 209 211 214 218 220 220 208 213 215 216 210 161 114 78 118 153 159 156 165 162 153 155 157 157 155 163 153 162 161 135 99 
66 68 68 64 63 65 66 63 66 72 75 78 71 66 74 80 84 79 65 56 55 79 119 168 199 192 207 226 237 236 232 241 240 240 241 244 245 245 245 247 248 243 237 239 242 241 237 231 226 223 220 221 223 219 220 231 250 248 248 246 246 248 242 231 214 192 198 199 205 209 214 218 220 220 224 223 212 215 218 217 216 193 142 105 127 174 165 176 164 163 163 153 158 172 156 163 164 152 112 110 
60 65 70 72 69 67 62 61 62 63 63 65 65 69 78 83 83 78 62 37 39 67 107 165 208 207 219 234 230 238 238 239 240 242 244 246 247 248 250 250 249 248 247 246 243 244 245 238 229 226 229 230 228 224 216 207 206 203 221 244 242 240 239 222 203 200 204 196 207 213 216 220 222 223 224 223 219 216 213 220 223 206 186 151 102 143 173 180 168 162 159 158 154 167 164 170 165 120 122 111 
57 59 62 65 66 66 66 67 67 62 51 41 45 58 72 74 66 55 47 33 27 37 58 114 172 182 213 224 237 236 241 245 246 247 247 249 249 251 252 252 253 251 250 251 249 248 248 242 232 232 237 236 232 227 219 208 176 108 151 237 244 245 230 215 200 199 196 197 210 215 219 223 225 226 222 222 226 222 214 220 228 211 199 190 143 105 167 181 174 173 158 164 158 166 168 168 135 105 135 118 
58 58 57 57 57 58 62 62 62 63 60 53 49 59 82 92 87 77 69 65 66 54 66 95 110 127 128 157 191 211 233 244 244 245 246 247 248 251 251 253 254 253 251 251 249 248 248 245 239 237 237 236 232 231 227 215 176 134 159 187 186 216 222 203 184 193 195 201 214 218 222 225 228 229 225 226 232 227 216 216 221 216 219 192 191 139 100 181 176 172 171 166 170 172 169 142 129 135 133 126 
57 57 57 57 56 55 53 55 62 70 66 55 49 55 74 89 92 84 69 58 71 73 63 74 100 136 136 157 185 204 225 237 239 240 242 244 245 246 248 249 250 251 249 251 249 245 245 239 233 233 236 234 230 231 230 224 219 215 209 169 101 58 143 184 188 194 191 198 216 221 225 229 231 232 228 226 228 227 219 216 217 214 216 204 197 177 105 122 180 176 168 167 167 178 130 115 155 134 138 130 
51 53 55 57 60 61 67 62 56 54 48 40 43 58 71 83 90 84 54 41 45 37 42 48 33 51 121 166 200 199 202 234 238 240 240 241 244 243 244 244 244 244 244 243 238 239 240 238 228 232 236 234 227 227 227 220 185 163 188 150 124 157 180 188 186 198 207 212 220 225 227 230 233 233 229 222 220 224 223 219 219 221 205 200 204 202 156 107 130 174 175 166 176 170 104 105 119 142 134 134 
52 53 52 54 61 62 66 60 54 46 34 30 53 73 50 36 34 38 16 14 23 32 29 17 8 26 38 96 169 202 212 232 238 243 242 238 236 239 238 233 231 238 242 245 244 241 237 232 216 216 219 226 225 222 215 192 116 122 210 229 235 236 219 197 198 205 209 216 223 230 232 233 237 236 231 223 221 224 223 220 218 217 214 201 199 191 167 137 141 164 166 173 174 158 116 108 98 143 139 125 
52 54 51 52 57 59 59 53 43 29 16 19 44 57 19 5 3 9 5 6 9 23 33 27 16 26 35 35 42 100 185 221 226 232 236 234 229 228 228 231 232 229 224 222 218 208 225 233 227 220 220 219 218 218 220 219 201 196 237 241 241 237 219 202 202 207 215 226 228 234 236 237 241 239 231 224 224 226 225 224 222 217 213 201 199 194 181 167 161 160 160 170 171 165 149 133 104 131 133 117 
51 53 52 53 55 53 42 34 26 18 12 19 34 41 7 5 7 21 35 41 26 19 24 33 41 63 66 76 98 143 198 209 212 218 223 226 226 225 227 234 220 175 147 158 168 145 183 207 228 227 234 234 239 242 245 249 248 244 249 242 237 228 214 201 203 210 222 229 230 235 238 238 240 236 230 226 227 228 224 225 225 220 212 199 199 203 201 181 165 169 177 173 172 179 161 155 127 107 107 121 
47 53 56 55 53 47 32 19 15 15 16 21 41 52 17 24 36 56 70 62 47 25 18 30 51 76 85 111 147 176 197 205 214 222 221 218 219 219 219 180 140 157 182 159 165 175 220 226 241 234 238 240 248 247 246 247 246 246 247 244 239 217 213 201 205 219 232 232 233 240 242 241 240 234 230 228 229 227 222 223 224 219 212 202 198 200 202 194 182 171 192 195 174 169 160 165 160 134 119 120 
43 43 48 51 45 34 27 15 13 15 20 41 56 58 54 67 80 107 103 87 75 73 57 65 84 92 93 108 142 168 193 191 192 196 206 217 220 227 191 172 176 149 133 167 154 186 225 244 243 241 242 248 249 248 248 249 246 247 244 238 231 225 212 209 212 222 231 231 237 239 240 240 238 236 232 229 226 226 226 224 220 214 206 201 201 202 201 193 192 188 194 202 202 171 162 160 158 155 120 111 
42 44 46 46 35 23 19 16 19 31 49 57 64 83 107 126 126 144 139 122 122 128 96 77 96 109 110 119 133 162 163 143 157 179 205 219 225 230 173 164 176 164 147 154 150 187 236 249 242 247 244 243 245 247 246 245 246 242 236 228 223 219 217 214 217 225 231 231 237 240 241 241 239 237 235 231 226 224 224 223 219 211 205 205 207 204 197 189 188 185 188 199 206 192 170 158 163 132 114 112 
46 47 49 45 35 26 29 29 49 73 84 100 126 141 143 153 148 163 162 152 143 145 121 108 136 137 127 129 138 156 132 117 144 180 203 216 230 229 162 173 170 145 167 165 174 218 239 247 238 244 245 239 237 239 238 236 234 229 223 217 215 214 220 221 224 229 233 233 238 240 241 241 240 237 236 233 227 224 223 221 217 210 203 203 207 208 206 202 198 194 190 188 189 193 165 150 167 126 111 115 
46 48 48 45 42 40 36 76 110 122 138 161 165 159 158 170 165 178 176 171 161 158 151 142 159 157 143 143 156 158 144 131 150 180 199 205 216 225 170 173 176 172 177 192 213 243 244 245 237 245 244 237 229 225 225 225 218 218 217 217 218 220 220 224 229 233 236 238 239 239 240 240 238 237 235 233 229 228 224 217 211 206 206 206 206 209 212 205 194 192 192 188 186 174 169 161 166 135 115 114 
46 38 42 42 47 49 94 158 178 168 171 175 175 175 174 179 182 198 197 190 179 168 163 161 174 172 164 159 167 166 163 152 155 169 182 184 189 202 188 192 197 211 225 242 244 248 246 242 239 246 240 232 222 214 216 224 223 224 226 220 222 228 224 228 231 234 236 239 237 238 239 239 237 233 231 231 231 228 223 215 207 206 213 211 209 211 212 207 195 198 189 168 158 171 182 184 174 138 117 115 
33 45 40 49 38 113 185 180 166 172 181 179 180 184 189 195 199 192 184 189 192 191 181 163 164 177 188 189 188 183 173 161 157 157 158 162 171 190 205 230 239 239 243 244 244 244 245 245 245 240 228 223 222 219 225 238 231 230 236 227 224 226 231 234 235 235 235 238 237 236 235 234 233 232 230 229 227 223 217 210 208 210 212 208 211 215 213 207 204 196 179 172 177 193 210 214 199 154 123 114 
38 34 41 43 117 199 173 161 163 171 172 180 188 196 202 195 189 190 191 198 203 188 172 173 194 203 203 196 197 202 198 183 173 167 165 172 186 196 218 235 234 237 238 234 236 238 239 237 234 230 223 222 227 227 234 244 230 228 238 236 229 224 237 239 239 237 237 239 239 236 232 230 231 233 233 231 226 221 216 211 211 211 206 208 215 218 213 208 205 185 175 186 193 202 205 197 191 174 139 122 
36 37 32 60 160 175 158 155 149 153 156 161 170 173 173 174 174 165 145 138 153 159 164 167 180 199 197 195 205 213 207 196 187 180 180 188 202 211 223 233 231 233 231 228 230 230 230 228 227 228 228 228 231 228 232 241 230 226 236 235 231 229 238 240 240 238 237 239 239 236 233 231 231 233 233 229 223 218 215 213 213 211 207 213 217 215 214 212 203 190 192 203 203 203 192 190 197 195 160 135 
37 39 40 41 82 105 126 140 134 127 122 114 114 114 102 79 63 59 65 95 123 120 119 133 160 182 189 189 198 210 214 210 204 200 199 203 213 221 220 225 227 225 223 223 225 225 226 229 232 234 232 231 233 228 229 238 231 226 232 230 230 235 236 237 238 237 237 239 239 237 235 233 233 233 229 223 217 213 211 212 212 211 212 218 216 210 208 199 199 201 203 208 211 203 188 189 191 190 168 165 
36 37 38 40 39 38 34 43 48 45 40 43 48 43 38 42 39 30 46 110 160 157 138 124 145 175 183 188 197 200 210 209 214 218 218 218 221 216 222 222 223 224 227 229 228 230 231 232 233 237 238 236 231 228 229 234 235 225 232 237 234 240 237 236 236 236 237 239 238 236 233 231 229 229 225 220 217 216 215 209 207 211 213 208 207 204 198 197 212 217 199 202 203 199 197 197 199 209 187 174 
38 41 44 48 50 51 52 52 54 55 53 51 50 47 41 37 31 26 41 102 154 160 153 139 133 149 153 163 175 188 203 209 212 214 217 221 225 219 224 227 234 235 233 235 234 234 237 238 233 228 228 229 227 225 225 227 231 232 234 240 244 241 239 238 236 235 236 236 235 234 233 231 227 225 224 223 221 218 212 203 200 203 205 207 215 223 225 226 223 215 197 199 207 208 209 212 212 218 194 172 
46 48 50 52 53 53 52 55 57 54 50 52 50 47 43 38 34 29 26 56 107 127 148 161 155 154 146 152 156 170 184 207 207 209 212 217 219 213 221 226 232 232 229 229 232 235 233 228 225 224 224 226 226 225 226 229 239 243 239 241 245 240 236 235 233 232 232 233 234 233 231 229 227 225 226 227 224 218 209 201 200 207 213 216 220 222 219 220 226 223 207 199 210 210 207 203 195 201 180 169 
51 53 56 60 62 62 60 60 60 60 61 61 56 52 47 43 41 29 16 29 86 142 162 172 178 173 163 171 160 159 158 172 179 192 206 212 210 207 220 225 225 221 224 228 227 227 225 223 222 223 226 228 227 228 233 237 241 240 237 236 238 239 235 234 233 233 235 236 235 232 228 226 228 230 231 229 223 214 205 202 206 213 212 209 213 218 221 231 229 226 219 199 199 201 201 196 185 188 166 157 
54 57 61 62 63 64 61 59 59 62 64 63 59 57 50 47 46 26 7 16 67 123 150 161 157 165 167 173 170 167 162 156 159 164 173 183 189 196 210 218 211 212 217 217 218 216 219 222 222 228 231 233 232 231 232 234 238 236 232 231 234 236 234 235 236 237 238 238 233 230 226 227 230 229 226 226 220 208 201 203 209 213 211 212 216 218 220 228 230 232 233 216 193 186 190 198 190 192 174 156 
57 60 62 61 61 62 65 66 65 65 64 64 64 63 57 53 50 29 8 4 35 93 111 123 147 162 169 166 163 168 173 172 176 175 170 174 185 177 198 202 199 201 205 211 214 213 218 220 221 227 226 228 229 230 229 230 235 235 231 231 234 232 234 235 237 237 237 236 233 233 230 227 230 230 226 220 212 205 203 208 213 214 210 211 214 217 219 226 226 220 223 224 215 192 200 197 185 194 170 151 
55 59 61 62 62 63 67 68 67 68 70 71 70 66 59 57 51 27 8 6 30 61 80 117 154 163 162 160 161 162 158 173 174 174 176 182 190 176 202 200 205 203 206 215 214 214 219 220 219 225 224 224 226 228 227 225 229 232 230 230 231 229 234 235 236 235 234 233 233 237 233 227 227 230 224 213 203 203 209 216 218 216 211 209 212 215 216 216 221 219 217 219 218 196 190 190 181 169 151 149 
51 56 59 60 61 63 62 60 60 62 66 70 68 62 57 56 46 20 6 17 39 49 67 107 138 156 150 150 159 159 147 157 154 155 165 175 179 175 189 192 196 192 194 202 205 206 211 212 209 217 220 218 221 224 222 218 223 224 221 222 225 225 232 233 234 235 234 233 233 236 233 228 227 225 215 207 203 206 213 219 220 216 210 206 207 211 213 213 208 202 200 204 208 195 170 162 148 118 119 137 
53 56 58 58 58 58 60 58 55 55 58 62 66 61 57 57 44 17 16 32 45 58 61 80 109 127 128 126 138 145 143 149 151 150 150 155 163 168 171 179 178 178 177 185 195 194 199 200 196 205 209 208 213 216 220 210 217 217 211 214 218 218 227 231 233 233 233 235 231 232 231 229 225 217 208 206 208 210 214 218 219 216 206 203 205 205 208 198 184 166 143 128 121 142 135 110 102 104 118 130 
57 61 63 62 61 61 65 64 61 60 63 66 65 64 65 66 45 17 27 47 51 61 63 65 82 102 113 106 125 132 135 144 149 149 144 144 151 147 156 158 154 167 161 172 186 183 186 193 188 192 188 199 200 190 173 155 177 171 165 180 195 200 210 224 234 233 229 230 227 228 228 223 215 209 206 207 207 206 209 210 208 206 200 196 198 193 172 142 92 47 19 9 13 68 116 80 84 104 112 123 
63 65 66 66 64 65 68 67 66 66 68 70 73 74 77 74 48 27 44 59 60 69 64 63 88 100 112 108 113 114 113 130 135 140 143 142 140 145 145 142 140 152 143 154 165 168 171 175 170 173 189 145 121 110 142 148 105 100 106 112 149 166 196 212 224 224 219 218 223 224 222 215 209 207 204 204 204 202 204 205 202 201 204 191 178 149 74 29 8 4 8 7 5 64 135 89 86 100 112 126 
65 67 67 66 66 68 72 73 72 73 74 75 82 79 76 78 55 30 47 62 55 68 72 71 87 106 113 113 113 114 111 120 121 127 136 144 147 149 143 141 143 152 143 151 152 153 152 155 157 157 137 81 96 89 140 156 158 162 142 87 90 108 140 165 187 195 205 218 212 210 208 205 203 205 202 201 201 200 202 203 202 206 195 180 131 40 6 9 5 4 4 6 8 93 139 84 81 102 113 116 
71 71 71 69 70 73 74 75 75 76 76 77 79 76 78 78 47 24 46 71 72 73 80 81 89 109 107 111 118 126 122 122 124 126 127 131 134 139 138 142 147 154 147 153 149 153 151 152 153 133 111 129 154 164 165 167 177 182 168 132 108 112 113 121 131 143 153 158 158 161 165 168 170 172 172 174 176 176 181 183 181 181 172 144 77 12 5 3 4 6 10 12 10 121 136 91 76 99 114 111 
69 71 72 73 75 77 75 75 76 77 80 82 82 82 84 72 42 26 39 61 84 88 87 99 101 100 106 117 125 127 123 124 128 126 123 125 124 129 136 145 151 154 150 159 161 161 155 150 152 139 136 139 129 137 151 167 167 170 172 172 163 162 175 177 173 167 162 153 142 137 134 132 131 132 132 130 129 129 128 125 120 112 98 61 18 3 4 2 2 2 2 7 26 114 110 84 74 95 110 113 
66 67 70 73 77 78 77 77 77 79 83 86 86 85 83 68 38 19 28 58 82 91 100 101 106 110 118 126 128 129 131 120 121 118 116 118 116 128 134 138 143 149 153 162 163 161 158 157 159 150 142 135 130 130 136 159 168 170 170 173 162 156 158 173 184 188 190 188 183 180 177 170 160 152 141 129 116 107 102 99 90 61 28 10 5 4 4 10 8 6 3 2 14 61 55 39 44 77 101 106 
63 66 69 73 77 79 79 79 79 81 84 87 86 84 82 70 45 31 39 67 81 91 111 108 118 116 130 138 133 128 127 121 117 114 114 114 113 129 135 138 143 148 152 155 153 154 156 157 160 156 148 137 135 125 121 139 166 168 167 172 168 163 146 159 173 182 186 188 184 183 183 181 177 174 178 181 175 170 161 150 132 96 69 41 19 8 3 2 4 6 7 4 9 45 36 20 19 39 58 79 
66 68 70 74 77 78 79 79 79 81 84 87 87 87 83 63 32 21 37 63 80 91 106 116 123 127 138 146 144 136 130 129 120 118 119 117 117 121 125 130 135 138 139 138 139 149 150 151 158 160 156 151 150 140 134 130 153 168 167 169 171 172 159 153 160 175 184 187 186 183 180 177 177 177 177 174 170 169 169 170 177 181 175 179 174 163 145 119 101 74 54 34 23 33 23 13 12 27 45 53 
69 71 73 75 76 77 78 78 79 80 83 85 84 85 84 58 23 23 42 62 84 92 101 116 118 131 134 138 140 138 132 130 124 119 119 118 118 120 125 130 135 137 137 134 135 147 148 147 157 161 158 163 159 155 161 133 137 165 171 171 169 172 170 151 150 166 177 182 184 183 183 182 181 182 179 177 176 176 173 169 169 170 169 169 164 165 167 167 167 166 169 164 158 139 123 101 81 69 69 56 
71 74 76 75 75 77 78 79 80 81 82 83 86 82 82 59 27 30 42 65 84 86 102 115 121 130 136 137 140 140 133 132 125 125 123 116 118 120 126 125 128 131 136 133 129 136 145 149 156 160 154 162 152 146 174 149 123 157 165 167 168 173 171 157 150 157 169 180 182 182 181 179 178 181 178 175 174 173 173 172 172 170 169 168 167 166 166 165 164 163 161 160 160 160 160 159 157 153 150 142 
73 74 74 73 75 79 80 81 82 83 84 85 86 81 81 59 31 27 31 56 78 80 97 115 124 132 138 139 138 136 136 129 125 129 127 116 119 120 125 122 122 124 131 132 128 135 147 152 153 154 146 149 148 135 169 187 112 146 161 168 173 172 167 168 155 145 159 172 179 181 180 178 176 177 176 174 174 174 175 175 174 172 171 170 168 167 167 165 164 163 162 160 160 157 154 151 149 150 151 150 
73 74 74 73 75 78 81 81 82 84 85 86 89 91 90 58 30 42 51 63 74 70 90 113 125 132 136 139 138 137 140 119 135 128 114 119 118 118 126 124 120 116 121 125 124 132 144 151 152 153 144 140 140 122 156 213 118 132 158 168 174 172 169 177 165 144 148 163 174 179 180 178 177 177 176 175 175 175 175 175 174 172 171 170 169 168 167 165 165 164 162 161 160 159 157 156 154 153 153 151 
70 74 76 76 76 76 79 81 81 83 83 84 87 89 86 52 31 53 64 71 76 75 97 115 121 127 124 132 136 135 136 133 129 124 122 120 117 118 125 119 110 103 109 115 116 124 133 137 145 148 140 135 132 116 147 222 137 120 155 170 169 172 174 179 176 153 141 155 170 176 180 180 180 180 179 178 176 176 175 174 173 171 171 169 168 167 167 166 165 164 163 161 161 158 158 159 159 158 156 152 
67 69 71 74 76 78 81 82 83 84 85 86 85 89 87 60 33 42 62 73 79 77 97 112 116 124 136 138 133 135 139 136 127 123 119 115 116 111 108 110 109 106 104 106 111 121 129 136 144 141 139 135 137 117 147 227 163 112 137 175 174 171 175 176 178 161 140 144 161 174 181 181 177 178 177 175 174 174 174 174 173 172 172 171 171 170 169 166 167 167 166 165 163 162 163 164 163 160 157 157 
69 71 73 76 79 80 81 81 83 85 88 89 87 85 89 71 34 35 56 70 88 89 98 110 118 123 130 132 135 138 137 137 132 128 121 113 110 107 101 103 102 105 106 100 98 109 117 125 134 132 134 131 134 112 140 225 188 115 128 169 174 174 174 172 176 169 152 143 154 169 179 180 177 179 178 176 176 176 176 176 176 176 175 175 174 174 173 171 171 171 170 169 168 165 166 165 164 162 160 159 
69 71 73 76 79 81 80 80 82 85 88 89 94 91 94 83 39 20 40 64 80 85 97 110 121 120 129 132 133 138 142 140 138 133 125 116 109 106 97 95 92 95 98 94 91 98 104 109 117 116 120 118 125 106 136 223 205 124 120 156 174 180 181 176 175 177 164 141 146 162 175 179 179 181 179 177 177 177 177 177 177 176 175 174 174 173 173 172 172 171 170 170 170 169 168 167 166 165 164 163 
72 73 76 79 81 83 84 85 86 89 90 91 93 89 97 97 66 33 33 53 68 72 82 96 115 115 124 127 131 138 143 140 141 135 128 124 118 112 102 97 90 87 85 80 77 84 91 98 108 111 118 113 115 96 129 216 215 148 122 142 175 183 188 183 177 181 174 146 139 156 171 178 180 182 181 179 180 180 180 180 179 177 176 176 175 175 174 174 172 171 170 171 172 171 170 168 166 166 167 166 
77 79 82 85 88 90 92 92 93 95 96 97 99 101 105 105 89 49 27 40 61 66 65 79 109 113 113 122 132 137 139 139 139 135 130 127 120 114 108 101 93 86 80 80 79 84 83 83 91 96 106 101 101 89 124 221 222 176 129 137 172 186 187 187 180 183 184 160 139 150 165 177 181 182 182 180 180 181 181 181 181 181 180 180 179 179 178 178 176 175 174 174 174 173 171 170 168 169 169 167 
83 84 85 87 87 89 90 92 94 97 99 102 104 107 108 111 104 62 34 40 47 51 53 64 81 107 113 123 129 134 136 134 133 132 130 122 114 110 113 104 98 95 88 86 83 85 78 71 75 79 85 90 88 79 111 222 217 196 136 135 166 188 189 191 189 190 190 181 147 143 155 174 183 181 181 180 181 182 183 183 183 182 182 181 181 180 180 178 178 176 175 174 174 173 173 173 172 171 171 169 
86 86 87 87 87 88 89 91 94 98 102 105 107 110 111 116 112 81 59 60 58 57 63 62 60 106 121 121 122 133 129 133 133 132 130 124 116 110 111 101 94 90 84 82 76 74 66 59 62 59 57 65 65 56 96 219 208 215 151 127 157 183 193 191 196 197 193 199 164 140 147 168 182 185 183 183 183 183 183 184 184 184 184 183 183 182 181 180 179 178 178 177 177 175 175 175 174 174 173 171 
85 86 88 91 92 94 94 95 97 101 104 107 109 112 115 116 112 102 81 57 55 62 65 60 58 90 105 108 116 131 128 134 135 136 135 129 123 118 117 105 97 93 87 85 77 72 66 62 64 61 54 54 50 41 88 220 201 220 171 121 142 173 195 193 197 197 192 200 187 142 139 159 180 187 185 186 186 186 186 185 185 186 185 185 184 184 182 181 181 181 180 180 180 178 178 177 176 176 176 173 
89 89 91 93 95 96 98 100 102 103 106 108 110 110 113 121 122 113 97 62 43 57 63 58 64 79 93 110 119 122 113 133 134 136 136 131 124 124 124 113 108 106 103 103 94 86 79 76 78 75 67 61 56 46 87 218 202 219 192 124 135 170 199 201 199 197 196 193 205 149 135 151 176 187 185 188 187 187 186 186 185 185 185 184 183 183 182 182 182 182 182 182 182 179 179 178 178 177 177 175 
85 87 90 94 97 99 102 104 106 109 112 114 113 115 120 121 123 125 121 98 47 33 62 66 70 69 79 100 104 99 90 123 121 132 132 128 129 122 122 124 120 112 114 115 103 103 98 87 89 83 84 67 74 55 99 218 208 208 221 124 135 166 194 202 200 201 200 199 204 185 137 149 163 182 188 190 190 190 190 190 190 190 189 189 188 187 187 185 185 184 183 183 183 182 181 181 180 180 179 179 
87 89 92 96 99 101 103 105 107 110 113 115 116 118 123 126 126 129 130 120 77 41 41 47 65 61 55 73 94 104 102 115 108 117 120 122 126 123 124 127 127 122 124 124 114 111 111 105 100 96 102 92 96 78 110 221 211 209 226 148 126 153 190 202 202 203 201 200 203 197 152 138 154 180 189 192 192 192 192 192 192 192 191 190 189 189 188 186 186 185 185 184 184 183 182 182 181 181 181 181 
93 94 97 101 104 106 108 109 112 115 118 120 121 124 129 132 133 136 138 140 124 88 56 39 40 42 46 57 64 83 102 124 107 108 115 118 119 118 118 122 125 123 125 127 125 118 118 118 111 106 106 104 104 91 111 214 211 209 222 178 123 144 186 202 205 205 202 202 204 206 173 134 144 171 189 193 193 193 193 193 193 193 193 191 191 190 190 188 187 187 186 185 185 184 184 183 183 183 183 182 
97 99 102 106 109 111 112 114 116 119 122 124 126 129 134 136 137 140 140 140 146 132 98 64 39 38 46 55 52 61 74 111 109 116 111 103 104 111 112 116 120 119 120 121 125 113 108 112 109 110 104 109 105 99 113 211 208 209 207 201 132 146 182 202 208 208 203 204 206 205 191 142 137 157 186 193 193 193 193 193 193 193 192 191 190 190 189 188 187 187 186 185 185 186 186 185 185 184 184 184 
100 102 105 109 112 114 117 119 122 123 126 129 131 133 139 141 143 145 148 152 157 155 143 116 76 49 50 56 63 66 66 74 90 107 115 106 107 100 98 108 111 115 128 110 110 112 114 105 97 106 98 98 96 84 108 212 208 210 201 211 150 145 175 200 208 208 206 207 206 207 201 164 127 148 178 192 195 193 193 193 193 194 194 193 192 191 191 189 188 188 187 187 187 186 186 186 185 184 184 184 
107 109 112 116 119 121 123 128 132 134 135 137 138 141 147 150 151 153 155 158 162 165 170 164 139 90 46 39 58 59 58 65 57 60 79 97 118 120 101 98 109 99 101 99 102 99 105 103 89 95 101 94 96 78 99 215 209 209 204 215 168 140 168 197 208 210 208 208 210 209 209 189 131 143 170 189 198 196 195 195 195 196 195 194 193 193 193 190 190 189 189 188 188 186 186 186 185 185 184 184 
115 117 120 124 128 129 127 131 137 140 142 144 148 153 157 159 161 165 165 167 174 175 178 179 177 168 122 48 38 59 53 68 51 54 51 60 72 102 112 92 110 109 100 103 104 94 92 101 94 84 97 97 105 91 96 219 207 206 205 217 184 140 161 192 208 213 209 210 215 207 212 205 151 135 158 181 197 198 197 198 197 196 195 194 193 193 193 191 191 190 190 189 189 187 187 187 186 185 185 184 
124 126 129 132 136 138 140 145 149 153 157 162 164 167 170 171 173 179 180 181 190 194 194 194 197 206 206 135 54 39 60 56 51 60 50 47 40 58 92 80 89 94 98 107 107 99 96 104 108 99 102 92 92 71 89 218 206 206 207 212 198 146 152 184 207 216 212 215 217 209 214 213 177 133 146 171 195 199 198 199 198 196 195 194 193 193 193 192 191 191 190 190 189 188 188 187 187 186 186 185 
130 132 136 139 143 145 150 152 154 158 165 172 177 179 182 183 186 192 196 196 199 204 205 207 210 215 228 209 173 123 67 54 40 32 31 48 56 55 60 66 78 62 79 94 85 83 91 96 100 88 86 89 101 73 93 212 205 207 208 208 206 154 144 178 206 219 216 220 219 217 217 218 201 143 139 161 191 198 197 199 198 196 195 194 194 193 193 192 192 191 191 191 190 189 188 188 188 187 186 185 
114 116 120 124 128 130 137 140 142 145 148 149 154 158 161 166 171 175 175 177 182 188 190 190 189 188 191 199 196 165 109 77 51 30 47 29 30 59 64 47 53 45 64 61 65 65 69 68 99 81 82 78 77 72 80 212 210 206 211 209 213 169 137 173 205 217 219 223 217 221 216 219 216 173 131 147 182 195 197 201 198 196 196 195 194 193 193 194 193 193 192 191 191 191 191 190 190 189 189 189 
104 105 107 110 112 114 116 118 122 125 129 132 133 134 135 136 138 140 140 142 143 144 146 148 151 155 160 164 167 167 154 86 55 67 48 36 44 39 52 54 65 65 67 55 66 81 67 67 56 75 90 88 88 83 89 214 210 205 208 206 215 189 139 167 199 219 223 224 219 224 220 220 220 190 137 137 173 192 196 199 197 197 197 196 196 195 195 194 194 193 193 192 192 192 191 191 190 190 189 189 
138 139 141 143 145 147 150 152 155 159 162 165 169 172 175 179 183 187 187 186 185 184 186 189 193 195 190 190 188 187 177 167 103 32 47 35 25 41 50 56 66 73 69 59 61 69 74 95 67 77 89 86 82 80 85 206 209 204 206 204 213 208 148 161 191 218 225 224 220 226 223 220 222 210 154 133 157 184 196 199 197 199 198 198 197 197 196 195 195 194 193 193 193 192 192 192 191 191 190 190 
108 109 110 112 114 115 104 104 108 113 118 121 120 118 117 117 116 116 113 111 114 117 122 126 130 136 134 138 140 146 146 145 138 131 78 22 34 49 33 39 46 45 38 47 58 51 64 71 70 62 72 68 64 68 78 199 207 204 206 202 208 218 159 158 182 214 224 224 219 226 225 219 223 225 174 135 140 173 196 202 198 201 200 200 199 198 197 196 195 195 194 194 193 193 193 192 192 191 191 191 
162 164 164 165 165 167 164 163 165 167 167 162 163 165 162 161 160 159 157 155 151 147 145 143 138 127 124 118 110 105 103 96 93 82 51 19 29 62 57 60 55 47 48 41 41 42 46 41 51 57 52 48 54 57 69 201 205 205 207 203 205 213 176 162 174 209 223 226 225 227 226 224 225 226 197 144 131 166 195 205 202 203 202 202 200 199 199 198 198 197 196 195 194 194 194 193 193 193 192 191 
43 45 47 47 47 50 49 48 48 49 47 43 38 35 34 35 35 34 34 35 32 32 33 34 33 39 37 35 34 34 34 27 26 21 20 28 33 47 54 65 64 62 71 70 76 74 60 50 50 57 53 57 59 56 66 197 205 204 206 204 204 209 193 167 166 203 223 226 228 228 227 226 226 224 212 161 128 156 191 206 203 205 205 203 203 202 201 200 199 198 197 196 195 195 195 194 194 193 193 192 
28 30 29 27 26 27 26 26 26 27 28 28 29 28 26 25 25 22 21 20 20 17 15 13 12 12 11 10 9 9 9 9 5 2 4 16 28 36 42 54 56 60 78 66 75 87 80 82 82 80 79 89 79 69 72 193 206 203 204 204 203 206 198 162 153 196 229 235 230 228 228 227 226 225 225 188 132 141 180 204 205 206 206 205 204 203 203 201 200 199 198 197 196 196 196 195 194 194 193 192 
26 29 33 36 39 43 39 39 39 40 42 47 52 53 53 56 58 57 57 59 63 65 65 66 68 72 74 79 83 84 86 90 93 93 75 47 32 28 41 63 67 68 81 65 65 81 88 92 84 84 84 86 81 70 71 196 207 202 203 204 203 204 206 168 149 185 221 229 231 230 230 229 229 227 229 210 150 133 165 196 206 207 206 205 204 204 203 202 201 200 199 197 197 197 196 196 195 195 194 193 
168 171 174 175 178 180 182 184 186 187 190 197 198 196 200 203 207 209 208 209 214 215 213 214 215 212 215 217 216 214 214 205 189 163 118 60 24 31 44 52 48 57 76 66 60 67 76 75 64 69 63 58 63 58 62 194 207 201 202 203 202 201 204 172 148 177 217 229 233 233 232 232 231 230 230 222 167 132 152 189 206 205 206 205 204 204 203 202 201 200 199 198 197 197 197 196 196 195 195 194 
137 140 141 139 137 137 142 144 144 144 142 141 136 134 139 138 137 142 139 138 141 143 143 145 150 154 158 161 160 159 160 157 133 88 45 17 11 27 52 51 39 55 57 42 49 58 67 64 51 58 56 49 56 53 59 186 203 199 200 198 201 198 202 183 151 166 213 229 235 236 235 234 234 233 231 228 188 139 137 177 200 204 207 207 206 204 202 203 202 201 200 199 198 198 198 196 196 195 194 194 
82 87 92 96 98 102 106 110 114 118 121 123 124 124 131 134 136 143 141 141 145 148 151 155 157 152 159 167 172 175 179 167 125 70 34 17 15 21 55 64 47 50 48 42 47 46 59 66 56 60 61 59 60 49 56 188 201 197 198 196 199 196 200 187 154 161 204 225 234 236 235 235 234 233 228 238 215 149 125 163 196 204 207 207 206 204 203 205 204 203 202 201 201 198 198 196 196 195 194 194 
