134 137 136 140 139 140 142 145 146 146 148 150 151 154 160 162 167 170 175 174 181 182 180 183 183 183 183 182 182 184 182 183 184 185 184 184 186 187 185 183 183 182 183 184 182 183 186 179 102 105 104 103 102 104 104 101 101 60 46 50 48 44 48 46 48 52 55 59 53 39 46 46 59 58 60 48 44 43 53 47 45 49 52 46 42 41 55 111 32 119 172 165 149 104 62 35 23 36 46 57 
148 151 153 153 153 153 156 155 158 157 159 160 162 162 165 169 172 176 179 181 181 182 182 184 184 184 185 184 185 186 185 185 186 186 187 186 186 187 186 185 185 185 184 184 185 186 186 182 104 109 105 104 104 103 103 103 101 72 45 55 51 45 47 49 53 51 53 59 43 42 41 44 65 57 45 44 45 53 57 44 48 52 56 49 53 43 67 110 20 59 176 182 160 96 60 32 23 21 16 18 
156 158 161 162 163 163 164 165 167 168 169 169 171 172 173 176 178 180 182 184 184 184 184 185 185 185 185 186 186 186 187 188 189 189 188 187 188 189 188 188 188 188 187 185 186 186 187 184 106 109 108 108 106 107 105 103 104 82 50 55 50 57 54 52 57 53 66 59 47 42 44 46 58 56 50 51 50 58 61 44 52 56 51 49 51 46 54 135 29 31 158 164 102 50 40 31 31 21 19 26 
163 162 165 166 170 172 174 176 175 175 176 178 179 177 178 181 183 183 184 185 185 185 184 185 186 186 187 189 189 189 188 188 189 189 188 189 189 189 187 188 189 189 188 188 188 188 187 188 109 109 108 106 107 106 104 102 101 95 55 53 58 50 54 50 55 55 60 56 51 43 42 50 73 55 57 58 58 58 53 45 47 48 53 50 50 45 42 140 59 27 61 121 88 57 36 44 34 14 16 32 
166 168 171 171 175 176 178 180 179 179 179 181 180 181 182 183 185 183 184 186 186 185 186 185 187 187 187 189 190 191 190 189 189 189 189 189 190 190 190 189 188 189 189 190 188 188 187 186 105 110 111 109 110 108 107 104 103 99 55 56 55 51 56 54 56 55 59 55 57 60 43 50 59 50 49 71 62 56 53 48 52 52 56 52 48 44 41 102 84 34 43 93 89 113 53 36 37 24 21 61 
169 168 170 173 178 179 181 181 181 182 182 184 184 182 184 185 187 186 185 186 187 187 186 187 189 187 188 189 191 192 191 191 190 192 191 191 191 191 192 190 192 191 191 189 190 189 188 191 109 110 111 110 110 112 109 109 107 96 52 57 53 54 53 56 56 58 61 55 53 44 47 56 55 45 50 59 65 56 54 51 51 55 59 52 47 45 43 46 125 47 30 72 102 117 109 70 63 66 28 106 
173 175 176 176 178 180 180 181 182 182 183 184 184 183 185 185 187 186 188 188 189 189 190 189 190 190 190 192 192 192 191 192 192 192 192 193 191 192 194 194 193 191 194 193 191 190 189 193 110 112 111 111 110 110 110 108 103 97 53 55 54 54 61 59 56 62 63 59 58 45 45 48 51 49 55 60 63 59 54 54 52 54 65 52 44 45 46 42 96 153 58 45 69 64 100 117 81 72 48 115 
175 176 176 178 178 180 180 181 182 183 184 184 184 186 185 185 188 188 191 190 189 190 190 191 191 191 191 192 192 192 192 193 192 194 195 194 193 193 194 194 192 192 193 192 191 192 192 191 113 111 109 111 110 111 111 109 105 104 65 53 54 51 53 52 55 62 60 60 58 48 44 43 48 51 59 58 60 61 59 55 56 55 59 54 46 47 49 47 40 108 153 157 136 106 90 93 77 50 31 101 
174 176 178 180 181 182 183 185 186 184 184 185 186 188 188 188 190 189 191 192 189 192 192 192 192 192 192 193 194 192 192 194 193 194 196 194 194 194 195 194 194 194 194 194 192 193 193 194 114 112 110 110 110 110 110 109 106 105 72 55 60 57 55 54 58 63 64 63 56 50 42 41 52 58 58 57 61 60 68 58 55 55 55 55 48 46 45 45 41 39 38 35 33 53 76 90 94 89 74 60 
175 178 179 182 183 183 183 184 186 185 185 186 186 189 190 191 191 189 191 192 191 192 192 193 193 192 194 195 196 195 193 195 194 194 195 195 196 194 194 194 194 193 194 195 193 193 193 196 114 112 113 111 110 110 111 110 108 107 75 56 54 55 55 56 53 60 62 55 51 50 46 44 55 60 54 61 59 57 62 59 57 53 63 55 46 48 48 43 43 44 50 47 34 20 12 18 22 19 19 17 
179 181 180 181 183 183 184 185 186 187 187 186 188 190 191 192 192 191 191 192 194 194 193 195 195 194 194 195 194 194 194 193 193 193 194 194 194 194 193 193 194 195 195 193 193 193 191 195 116 115 112 111 110 110 111 110 109 107 66 56 56 57 55 56 55 63 60 56 54 49 45 48 58 57 56 62 59 56 60 61 62 57 71 56 45 48 48 46 48 48 45 46 35 29 19 14 12 11 14 14 
181 183 182 182 184 184 185 185 186 187 189 190 187 192 191 192 192 192 192 194 193 194 193 193 194 194 194 194 195 196 195 193 194 195 194 195 195 194 193 193 193 194 195 192 193 191 191 196 118 113 112 112 111 111 113 110 109 98 51 51 51 56 55 53 55 63 60 55 57 52 42 44 59 53 57 65 60 54 62 63 63 61 60 52 44 49 51 45 48 46 43 44 41 37 30 21 13 10 10 12 
182 182 182 183 185 187 186 186 187 189 190 190 192 192 192 191 192 194 191 195 194 194 194 193 194 194 194 195 195 197 195 197 195 196 195 195 196 195 193 193 194 195 193 192 192 190 191 195 117 114 111 110 112 114 113 110 110 76 43 53 52 53 51 54 53 62 51 54 51 54 46 49 60 56 60 63 60 52 65 58 59 59 75 52 49 52 48 45 47 49 46 41 41 41 37 32 23 14 8 11 
180 182 183 184 185 185 186 189 188 189 191 190 192 194 192 192 195 194 195 194 194 196 193 192 195 195 194 194 194 195 194 195 195 196 195 195 194 193 194 194 194 194 193 192 191 191 192 197 120 110 113 114 115 113 111 110 111 72 39 56 52 58 55 56 55 71 62 51 56 56 51 50 59 60 75 69 58 55 53 53 55 61 60 50 44 49 47 44 50 49 44 45 44 41 41 40 33 22 14 12 
181 183 184 185 186 187 187 190 189 190 191 192 192 194 193 192 195 194 194 196 195 195 195 194 195 195 196 197 196 195 195 194 195 195 196 194 195 194 195 193 194 193 194 193 192 191 191 197 118 111 114 116 114 112 110 110 112 77 36 57 48 56 57 55 56 63 65 53 58 56 52 49 59 58 59 63 60 53 51 52 54 62 59 51 47 46 46 46 47 45 43 45 44 41 41 39 34 31 22 15 
183 185 184 185 188 190 190 190 192 191 191 193 195 196 194 193 194 194 195 197 196 195 196 195 195 196 198 197 197 198 195 195 195 194 197 195 195 193 194 194 193 194 193 193 191 191 191 197 126 120 119 116 112 113 112 111 111 90 34 52 50 59 57 55 57 57 54 60 64 57 51 52 60 60 63 62 58 54 53 52 56 72 57 50 49 48 45 45 48 46 42 42 43 38 40 44 40 40 21 13 
184 185 185 185 189 190 190 191 191 192 192 194 196 193 194 195 195 196 196 196 196 196 196 196 196 197 197 197 196 197 196 196 197 196 197 198 198 195 195 193 194 193 192 192 192 191 190 195 130 116 113 113 112 112 111 112 110 104 38 49 50 53 59 65 59 53 49 62 65 51 53 63 64 64 63 61 56 53 54 53 53 79 53 48 46 45 47 46 50 50 43 40 41 43 42 42 43 34 16 13 
185 186 185 187 189 189 190 190 191 190 193 194 195 193 196 195 195 195 195 196 196 196 196 196 196 197 194 196 196 197 195 196 195 196 197 198 195 195 195 193 195 194 193 193 192 193 191 197 124 112 113 112 110 110 110 111 111 110 67 46 55 54 57 54 49 53 49 60 82 51 50 51 61 60 63 58 55 53 52 54 64 67 52 43 51 58 50 47 48 45 45 45 45 44 45 44 40 22 13 11 
185 186 189 190 189 189 190 191 191 191 194 195 194 194 195 196 197 195 196 196 196 197 197 197 196 196 197 196 196 196 196 195 195 197 197 197 195 193 194 194 194 193 193 193 191 193 190 197 128 112 112 111 111 112 115 114 110 109 91 41 54 57 60 51 47 51 59 57 65 52 50 50 51 63 63 59 57 54 52 66 63 64 53 46 45 47 51 48 45 46 47 46 48 45 46 42 27 11 9 10 
185 186 188 191 191 191 192 192 186 102 130 186 198 196 196 198 194 196 196 196 197 198 197 197 195 197 197 197 196 196 196 197 197 195 197 196 195 193 195 196 194 194 192 192 192 191 192 196 127 116 116 117 115 112 109 111 111 110 103 51 53 57 59 56 48 54 57 54 61 52 52 48 50 62 66 60 53 53 53 59 66 64 53 47 47 49 47 51 44 48 55 47 48 47 45 29 16 10 12 13 
186 187 188 190 191 191 193 193 194 150 47 57 154 190 193 192 191 197 198 198 198 196 197 196 196 196 195 194 195 196 198 196 195 196 197 197 196 193 193 193 192 191 193 192 190 189 189 195 136 116 113 114 113 111 110 109 111 109 106 59 51 57 58 61 53 56 54 56 62 54 49 72 84 58 60 64 57 52 54 60 67 63 54 48 45 54 47 44 45 45 54 52 49 48 35 20 14 13 13 13 
188 190 190 190 191 192 193 193 193 196 119 47 49 86 144 146 180 171 185 197 196 198 197 197 188 171 147 130 114 106 112 126 151 176 192 195 194 192 196 191 190 193 192 190 189 192 191 197 131 112 112 113 112 110 111 110 112 110 106 52 49 57 54 61 54 58 51 62 64 56 49 50 54 59 58 66 60 50 54 66 64 60 50 48 44 44 48 47 44 47 59 49 48 39 20 15 15 14 14 15 
189 190 191 192 193 194 193 193 194 194 191 88 48 44 49 69 94 91 146 190 166 177 176 143 104 72 52 61 77 91 78 56 52 71 116 180 201 187 172 181 186 190 193 193 192 192 192 197 134 112 115 113 112 110 110 110 110 109 105 55 47 49 53 61 59 48 48 64 63 58 52 47 53 57 56 62 60 53 54 66 63 57 50 49 46 47 46 47 42 43 47 50 48 30 16 13 12 12 12 13 
186 188 189 189 194 195 194 195 197 197 197 179 60 48 40 45 48 49 54 70 62 60 74 77 66 44 32 46 71 85 77 86 60 119 165 196 165 170 154 120 179 192 192 192 193 193 193 197 130 112 113 112 112 111 111 110 112 110 107 52 47 50 61 60 59 47 45 54 63 61 52 50 53 53 55 61 65 58 61 69 59 53 51 48 49 47 47 45 43 45 47 51 41 24 18 13 14 14 12 10 
189 189 189 190 194 194 195 196 196 196 195 198 152 52 48 38 35 38 37 45 53 65 65 52 46 42 34 21 39 100 51 118 201 220 212 193 156 93 87 89 119 177 190 193 191 193 193 198 133 113 113 112 112 112 112 112 111 109 109 74 45 59 56 64 58 45 46 51 62 66 52 48 50 47 54 58 62 62 68 70 55 46 45 47 48 48 47 46 47 50 53 47 34 25 19 13 12 12 11 11 
191 191 193 192 194 195 194 196 196 197 197 196 199 125 43 43 44 36 34 37 41 46 49 52 53 65 89 115 144 164 192 215 226 216 213 187 133 58 100 87 69 85 161 194 194 193 193 197 138 111 113 113 112 112 111 112 111 110 111 93 48 55 52 59 64 47 45 52 58 64 55 48 48 50 52 57 63 78 65 63 57 48 45 47 47 48 51 51 53 50 57 47 41 29 16 12 11 11 12 12 
192 192 194 195 195 195 195 196 196 198 197 197 197 187 60 39 41 45 37 36 39 40 43 48 63 101 150 165 172 144 165 209 210 211 195 182 134 130 181 117 80 61 101 189 192 193 193 196 139 112 113 113 113 113 112 113 112 112 111 81 53 50 51 64 64 44 43 56 58 61 54 48 48 53 52 57 58 70 63 61 50 44 44 45 45 47 52 53 53 53 53 46 54 30 16 14 14 14 11 11 
193 193 194 195 195 196 197 197 196 198 198 198 198 198 121 55 51 46 40 45 49 45 40 42 50 64 64 56 59 70 86 102 119 166 181 206 204 203 168 149 89 59 72 176 194 192 192 197 141 112 114 114 112 112 112 113 113 112 111 70 54 51 53 58 58 45 43 49 53 57 53 49 45 48 47 52 51 67 59 56 54 46 48 47 47 51 54 53 53 53 47 61 86 28 15 13 12 10 11 10 
194 194 193 195 196 196 197 197 196 198 198 198 199 200 177 83 68 66 54 51 49 42 42 41 42 36 36 34 44 60 63 62 62 89 180 224 220 190 164 151 107 74 81 174 192 191 191 196 143 114 114 115 116 114 113 111 112 111 110 61 49 50 52 54 58 46 45 48 50 58 53 47 45 47 47 51 60 69 52 48 46 46 47 48 51 52 53 51 54 52 43 61 72 28 14 12 11 10 12 12 
192 192 193 195 195 196 198 197 199 199 199 199 199 198 196 97 82 78 57 48 44 41 40 43 40 36 29 26 29 36 47 79 83 104 153 206 209 181 165 157 115 109 133 183 187 191 191 195 143 117 117 113 111 112 112 112 111 109 108 60 48 46 51 52 60 47 42 47 51 65 54 42 45 44 45 52 63 61 52 47 49 47 49 50 55 57 56 55 58 54 44 67 67 29 13 9 11 13 11 11 
194 196 195 196 196 196 198 198 199 199 199 198 198 198 198 148 101 79 55 49 41 38 42 41 48 45 28 21 20 28 51 73 88 77 99 123 184 177 170 159 109 99 115 129 147 144 153 171 144 123 122 118 114 114 114 112 111 111 110 63 49 49 53 54 59 46 42 46 53 62 59 46 48 48 58 50 63 59 47 44 48 51 54 56 56 66 65 60 77 54 48 82 78 30 15 12 12 13 13 13 
194 195 195 196 197 197 200 198 201 199 199 200 200 199 199 172 114 83 64 47 44 47 48 47 52 61 36 25 30 38 103 47 65 52 57 78 117 133 138 118 78 88 109 127 130 122 113 111 113 114 121 120 120 120 114 115 114 112 110 60 47 48 55 56 59 47 45 46 54 62 112 153 149 85 41 49 58 57 47 47 50 50 62 66 55 58 61 64 59 43 47 69 59 30 17 13 12 14 13 13 
192 194 195 197 197 197 199 200 200 199 200 199 201 198 199 176 120 100 63 36 34 31 36 39 42 49 39 43 34 20 100 59 53 42 45 49 46 103 96 91 68 90 111 93 94 100 113 117 116 113 115 113 117 122 125 120 114 113 113 74 47 51 54 53 56 48 42 43 53 111 187 182 177 155 98 48 55 58 51 47 49 50 57 59 63 58 63 66 56 39 51 69 58 35 21 13 12 12 13 13 
192 195 196 196 196 197 199 200 199 200 199 199 199 198 201 166 111 89 42 33 28 27 31 34 40 44 47 42 35 50 71 51 41 40 41 38 36 72 75 96 74 65 76 107 107 90 90 88 89 87 86 86 86 91 97 104 113 116 111 83 44 47 55 53 59 47 41 46 60 152 183 180 173 154 116 50 49 55 56 50 52 51 56 54 56 60 72 60 47 36 54 73 62 35 22 15 13 13 14 14 
192 194 195 196 196 198 200 200 197 200 199 200 199 199 201 160 105 93 48 37 27 23 28 29 32 43 44 45 36 43 49 39 35 37 37 30 27 39 70 72 76 67 67 72 86 103 103 90 79 70 63 59 55 57 69 87 94 103 112 90 47 48 53 57 62 52 41 47 60 162 183 181 174 164 145 101 54 47 55 53 52 53 59 57 82 73 64 56 49 39 59 78 56 36 21 16 13 12 13 13 
194 194 195 196 197 200 199 200 199 200 201 198 199 199 200 160 103 76 44 40 31 24 21 23 28 43 40 38 36 46 40 34 32 37 35 25 22 23 65 54 87 67 73 66 71 76 82 87 79 56 42 39 35 38 41 64 81 87 97 102 74 58 61 63 65 56 51 76 124 175 175 167 163 167 171 177 149 61 45 54 55 54 58 59 76 76 56 51 40 40 56 69 51 37 24 16 13 10 11 12 
194 194 197 195 200 199 201 201 199 199 199 197 199 198 192 113 44 33 28 26 25 23 22 21 25 31 39 36 40 36 35 33 35 35 36 30 23 24 48 61 66 83 73 74 66 69 63 48 38 44 48 41 36 32 30 39 56 68 79 90 93 82 70 74 87 100 116 157 151 145 152 150 148 158 170 180 177 139 54 53 55 58 59 60 62 56 52 51 42 43 59 79 55 38 26 18 10 9 13 14 
193 194 197 197 197 200 200 199 199 200 198 198 195 126 50 33 32 28 27 26 23 23 26 23 25 30 34 36 50 40 36 35 42 38 38 33 24 25 36 74 60 84 70 70 68 47 40 33 26 26 24 24 27 32 34 36 39 44 59 76 89 89 93 119 136 130 123 122 126 128 132 125 119 146 170 181 179 152 86 49 56 62 58 63 61 53 51 48 40 46 65 77 45 35 28 19 15 15 14 14 
195 196 199 199 199 200 200 200 199 199 199 183 58 37 42 36 33 33 38 36 25 21 21 24 20 26 33 35 42 48 42 35 37 38 34 31 26 27 34 55 76 65 82 67 59 45 27 23 27 30 26 24 26 30 37 35 33 33 35 54 75 86 107 114 100 96 93 94 99 99 96 95 127 167 181 180 180 156 96 56 61 61 59 63 60 50 50 50 41 49 73 83 48 39 30 21 16 15 13 13 
197 197 200 199 201 199 200 199 198 197 203 80 37 46 42 40 40 42 45 46 34 19 19 21 19 20 26 42 47 47 45 42 35 32 30 27 27 26 28 46 71 70 56 71 45 25 27 30 26 25 25 28 33 39 42 38 37 37 30 38 66 80 98 99 87 82 74 75 79 94 106 122 155 170 180 177 164 138 67 57 64 60 66 61 55 52 56 50 45 52 66 61 45 38 32 22 15 13 11 11 
196 197 198 200 199 198 199 202 202 200 195 38 45 47 41 40 37 36 41 50 43 26 17 15 16 19 33 50 52 44 45 46 42 30 26 23 29 27 34 57 67 67 57 36 50 41 24 24 30 34 33 36 41 47 47 49 45 41 33 35 42 68 96 101 93 78 76 86 108 140 151 153 149 151 163 166 156 102 54 63 59 59 62 56 55 49 49 47 49 55 78 75 52 39 31 22 17 13 14 13 
197 197 198 199 198 198 200 202 201 199 195 82 38 50 48 44 39 29 24 26 30 26 27 28 27 18 35 48 52 53 44 35 38 32 25 24 25 33 46 68 62 47 42 42 34 29 43 31 29 33 36 40 46 51 54 45 41 43 33 30 32 44 66 63 79 76 81 107 133 144 144 139 137 129 133 136 123 75 56 60 57 56 52 51 51 49 50 66 47 51 70 69 51 39 31 25 17 14 13 13 
194 196 197 197 198 198 198 198 200 200 200 194 125 64 47 47 47 39 36 34 30 32 34 33 29 24 35 54 51 60 51 35 34 30 25 38 41 57 71 69 60 38 33 27 28 29 28 39 43 41 39 41 44 45 53 44 43 43 43 34 36 33 38 33 52 47 54 67 104 122 129 133 130 118 117 98 80 60 53 53 52 55 53 52 50 49 51 62 48 53 73 71 53 41 31 24 17 12 12 13 
196 196 198 197 198 198 199 199 201 200 200 199 200 199 183 148 117 107 114 98 69 53 41 34 31 35 44 60 64 61 55 50 47 51 58 69 81 74 61 62 49 38 27 22 26 27 31 32 35 45 49 49 51 48 48 46 48 48 49 35 31 31 31 35 48 50 53 52 71 99 131 145 143 110 84 69 55 39 45 49 51 50 51 53 48 49 50 51 50 56 74 64 50 41 29 26 19 14 12 12 
199 198 198 198 198 198 200 200 199 200 201 200 199 198 198 196 197 199 199 196 177 127 97 67 57 55 56 55 53 50 50 73 89 100 100 99 101 86 68 49 35 22 20 25 26 30 29 31 35 40 44 43 51 54 50 44 46 44 46 43 36 34 27 37 45 51 52 57 55 99 129 137 148 108 60 44 30 27 41 45 47 47 48 49 48 51 48 48 47 57 70 63 51 47 32 26 21 13 12 13 
197 199 197 199 200 200 200 199 200 201 202 201 197 200 197 198 199 199 198 199 198 197 188 167 122 81 72 58 46 49 79 113 118 120 107 101 99 68 57 32 23 22 24 22 27 31 31 32 37 36 40 46 47 46 46 39 42 39 42 39 43 39 32 24 25 32 30 29 30 47 71 105 120 83 49 36 23 21 34 44 45 50 45 46 49 49 48 49 46 59 77 80 58 41 34 27 21 13 16 14 
199 200 199 200 200 200 199 200 199 199 198 198 195 198 199 198 198 199 199 198 198 198 196 198 172 101 77 67 78 113 135 131 119 103 63 54 45 31 30 25 23 25 26 27 27 32 35 35 36 39 39 45 46 41 46 38 39 40 38 37 44 38 20 17 16 15 13 14 16 18 18 23 39 48 44 29 19 21 22 34 42 46 46 45 46 45 45 47 48 56 85 71 51 42 35 29 20 14 12 12 
198 199 199 200 199 199 199 199 199 201 202 201 198 199 198 199 199 199 197 198 199 196 198 199 193 178 155 156 157 155 115 92 67 43 27 26 25 26 24 24 27 29 26 30 32 36 36 37 34 39 42 45 45 45 52 48 45 48 41 39 46 29 17 16 14 14 14 13 12 14 15 19 23 33 37 35 23 23 21 28 37 41 45 45 45 45 47 47 47 55 73 62 53 45 34 28 21 16 11 11 
196 197 197 199 201 201 200 200 201 201 200 200 199 198 198 198 198 198 199 198 199 199 198 197 195 192 187 160 120 94 46 33 29 24 23 24 24 23 26 24 28 30 30 32 36 36 39 40 38 41 44 45 44 51 52 50 47 62 59 52 45 24 19 18 15 14 13 12 12 12 15 16 25 37 39 35 31 27 24 27 30 30 33 39 43 44 48 48 49 54 76 74 44 45 32 28 22 15 12 13 
197 199 199 198 200 200 201 199 200 200 200 199 197 198 199 199 199 199 200 198 198 199 198 198 197 195 188 175 76 49 34 31 29 24 26 25 26 27 27 26 27 31 31 28 34 35 39 39 44 42 53 55 50 52 57 64 49 58 63 54 39 24 19 17 16 14 12 11 12 12 14 14 25 38 43 39 34 29 26 22 22 21 23 26 41 44 47 48 46 56 88 71 47 41 33 32 24 16 13 13 
197 200 200 201 201 200 201 201 200 200 199 199 198 200 198 198 198 200 199 200 198 197 200 200 197 196 195 196 117 41 32 30 31 28 29 27 30 32 30 28 27 33 32 32 34 32 39 40 43 49 52 57 55 60 56 57 62 56 55 48 48 32 20 19 17 14 12 11 12 14 15 18 28 41 40 39 37 34 30 28 26 26 21 19 27 36 43 46 45 53 74 68 48 41 35 32 25 17 13 13 
198 200 201 200 200 200 201 200 202 201 200 199 199 201 200 199 199 200 200 199 199 199 199 199 198 197 195 197 129 41 34 32 29 30 29 28 29 29 30 26 28 29 25 35 29 35 34 39 43 43 50 51 52 56 55 54 55 54 52 45 45 45 30 25 22 18 19 14 13 16 18 27 33 38 38 38 38 39 38 35 32 30 26 23 23 25 37 46 46 52 74 69 49 40 36 32 26 17 12 12 
199 200 201 201 201 201 203 204 203 202 202 201 201 201 200 200 200 200 199 200 200 199 198 198 198 198 197 199 116 35 35 31 30 28 27 25 28 28 30 23 21 28 26 30 32 30 34 33 36 40 43 43 42 44 44 42 40 37 33 32 35 41 41 41 46 46 35 30 22 24 25 30 36 40 40 39 39 41 42 38 32 31 30 25 21 18 25 39 42 48 68 71 58 38 35 31 27 19 13 13 
198 201 200 202 201 201 205 204 204 203 202 201 201 201 201 199 199 201 201 200 200 200 200 199 198 198 198 196 95 42 31 28 30 29 27 25 27 30 28 23 18 24 30 25 29 31 34 32 31 33 37 35 34 37 37 35 36 35 30 30 31 34 35 34 37 34 33 36 41 52 40 26 33 42 43 42 42 43 45 36 32 31 30 26 20 17 15 31 42 48 72 81 59 38 36 33 26 19 14 14 
199 200 200 201 201 202 203 203 203 203 203 202 202 202 202 201 202 200 202 200 200 202 200 199 199 199 197 197 73 36 31 32 31 31 28 27 26 27 25 26 24 23 24 27 24 24 26 26 26 28 29 29 29 30 31 29 30 32 27 29 33 33 32 30 31 31 29 34 34 35 35 34 29 31 43 43 43 42 44 38 34 31 33 31 24 18 12 16 35 46 62 77 52 40 33 33 27 18 13 11 
198 200 200 202 202 203 203 204 204 201 196 198 203 125 173 182 190 197 195 196 195 197 196 195 191 190 187 154 55 37 36 34 34 32 29 27 24 24 22 25 23 19 19 23 26 26 27 27 25 26 28 27 25 29 27 29 29 32 34 35 36 37 37 34 35 32 30 33 36 33 33 33 38 42 45 44 43 44 45 43 38 35 37 37 30 24 15 12 24 45 61 74 54 44 36 32 27 18 14 14 
201 200 202 202 202 202 202 198 193 185 177 175 177 148 163 164 161 158 159 162 156 156 166 164 162 160 154 86 45 37 34 30 32 30 25 22 22 23 23 24 24 22 23 26 22 26 25 24 23 26 26 28 29 25 27 30 36 41 42 37 38 39 37 41 43 41 42 44 45 40 42 46 43 39 43 46 44 46 45 44 41 35 36 37 32 28 20 15 17 39 55 65 55 48 43 34 26 20 11 10 
200 200 202 202 197 193 190 187 185 183 182 181 176 170 172 172 172 172 172 170 171 172 173 172 171 170 138 57 37 34 28 24 26 25 25 27 29 27 26 25 26 27 25 26 25 28 27 27 27 29 27 29 30 31 35 39 40 42 44 45 42 41 45 46 47 48 45 50 47 43 51 50 42 39 36 40 49 45 44 46 44 38 36 39 33 32 26 22 18 33 54 62 61 54 41 35 30 21 14 13 
199 198 196 197 195 193 191 190 189 188 188 187 189 189 188 187 188 188 187 188 188 189 187 189 187 179 96 35 36 32 27 24 28 29 28 29 26 27 28 24 25 24 26 25 27 26 25 26 25 25 28 34 35 31 32 40 48 52 47 43 47 49 50 48 43 42 43 45 48 46 45 41 38 32 30 30 46 53 48 43 44 44 35 41 37 36 29 29 26 29 52 71 80 57 46 38 30 21 16 15 
198 199 202 203 197 197 197 202 203 205 204 203 203 201 203 201 201 202 203 202 202 204 204 203 202 189 80 33 32 31 30 25 26 29 26 24 24 25 24 23 22 25 25 26 27 27 22 25 26 31 38 38 34 35 41 44 47 45 43 40 42 43 43 40 39 41 39 41 41 40 43 40 35 31 25 24 40 56 51 44 43 42 38 40 40 38 33 35 25 27 46 60 72 64 45 38 30 22 15 14 
202 206 205 203 211 236 243 233 222 215 211 208 207 206 205 205 207 209 209 209 210 212 212 212 212 181 54 35 32 31 32 29 26 31 28 27 28 24 23 26 25 24 18 25 25 24 24 28 33 31 35 39 37 45 46 47 45 43 40 41 43 39 37 37 35 42 43 38 37 40 44 42 38 33 30 25 31 52 51 49 48 47 41 41 35 37 36 36 26 26 44 55 68 62 49 41 32 24 16 15 
198 206 202 204 232 246 225 209 206 204 203 204 204 204 200 202 207 207 209 208 207 206 207 209 206 166 49 35 32 32 29 28 29 29 29 29 29 29 24 29 23 24 24 28 27 31 30 33 37 31 35 44 46 47 50 46 46 43 38 38 36 34 34 36 40 41 38 37 42 45 40 45 46 38 35 29 25 42 56 51 46 43 42 40 37 37 37 35 27 28 41 49 59 65 60 43 31 26 15 12 
198 205 202 210 249 239 205 198 198 198 198 201 203 202 201 203 207 208 207 206 208 205 208 209 208 143 35 35 32 31 28 29 29 30 29 29 29 26 29 30 27 27 28 28 31 32 31 31 38 34 37 47 42 44 43 41 38 39 37 33 32 32 32 35 39 39 41 44 47 48 46 48 45 37 36 34 28 38 53 51 44 43 41 37 35 37 33 33 28 31 36 47 56 69 63 48 33 24 14 12 
200 203 200 221 250 225 202 195 193 192 192 196 201 202 203 200 204 206 206 205 206 207 208 209 209 100 38 37 31 30 30 28 29 30 31 29 30 30 31 28 31 31 28 30 27 31 32 35 37 34 40 47 41 40 41 36 39 39 33 32 33 33 33 32 33 38 46 53 57 51 47 47 44 44 41 35 33 45 56 49 43 39 38 37 30 32 31 31 28 29 29 42 53 72 64 46 33 24 15 13 
200 203 202 217 224 208 198 191 187 184 182 186 194 200 204 205 204 203 204 207 206 207 210 211 200 130 58 37 27 29 31 30 31 29 33 31 32 30 31 27 28 29 28 28 28 30 31 38 35 37 38 47 41 39 40 37 36 38 33 33 34 34 33 32 33 39 43 50 50 49 46 46 44 51 46 43 41 54 66 56 43 36 31 34 30 30 30 29 32 29 26 33 48 59 62 48 34 22 17 13 
201 202 202 206 200 196 192 188 181 177 175 178 185 194 201 203 206 204 206 209 208 210 210 213 208 157 47 38 35 34 36 31 31 32 35 33 26 30 31 30 31 32 30 29 29 28 30 36 42 32 35 42 40 34 38 40 37 37 31 35 33 36 35 33 36 42 46 50 47 41 42 45 45 51 49 44 51 64 71 67 47 41 34 37 33 33 32 30 30 26 27 30 35 52 65 49 35 22 14 10 
202 203 203 201 194 190 187 182 175 166 160 165 177 187 194 199 203 206 208 208 208 210 212 212 214 191 66 39 38 34 36 32 32 31 29 32 29 30 35 32 34 34 34 30 30 32 30 38 38 37 36 40 41 37 38 40 36 38 33 34 35 33 35 39 42 44 44 42 44 44 42 39 44 45 45 45 51 70 83 82 57 47 40 37 34 32 31 31 30 27 32 35 35 41 54 56 39 24 15 14 
201 204 204 200 194 187 184 177 165 149 146 156 170 181 189 199 204 205 209 210 212 211 214 216 215 211 60 38 40 35 33 33 34 30 32 36 37 35 34 33 32 36 36 33 36 32 35 36 35 38 34 37 43 42 37 38 32 37 36 36 38 36 38 39 38 42 40 44 45 44 39 40 44 47 50 55 74 96 101 94 77 53 46 36 33 30 30 28 28 30 33 34 40 36 39 47 36 22 14 13 
203 204 204 200 195 188 182 173 156 141 144 150 154 173 187 195 202 208 210 212 212 211 215 215 217 205 44 51 43 35 32 33 34 33 33 35 35 35 37 34 30 28 30 27 31 32 35 34 34 35 36 39 38 39 39 38 37 37 35 31 37 38 39 42 43 40 39 41 44 41 41 44 48 52 55 67 105 124 122 111 89 62 47 39 32 30 32 32 29 31 29 30 37 43 34 35 30 17 14 12 
201 202 205 202 199 192 183 176 163 149 147 149 140 148 167 183 194 201 206 205 204 207 208 212 213 205 57 122 39 39 35 35 37 38 35 35 33 37 33 31 31 29 28 26 30 35 34 34 33 32 36 36 41 39 40 37 36 36 35 31 33 38 42 44 44 43 39 41 45 44 47 47 52 54 57 77 127 157 146 128 102 70 46 39 34 31 30 28 31 31 26 24 33 41 36 33 31 22 15 14 
201 205 207 208 205 202 197 194 188 187 187 185 185 183 184 186 186 188 189 188 186 187 188 189 190 190 111 152 44 42 37 36 38 37 39 36 36 34 33 28 31 31 29 33 31 36 34 32 37 35 38 41 40 36 38 37 34 31 34 31 32 36 38 41 43 42 46 49 51 49 52 47 48 53 58 91 148 175 161 147 118 86 50 38 35 30 29 26 29 28 26 23 25 36 31 25 20 17 14 15 
197 202 203 206 205 207 229 246 246 243 239 234 236 233 229 227 223 221 218 218 214 211 209 209 211 209 194 196 50 45 41 38 39 35 38 37 36 31 33 31 32 33 34 38 28 35 31 33 36 36 41 38 41 35 36 41 37 35 35 36 36 37 38 39 41 48 49 52 48 53 55 46 50 51 58 87 149 183 178 160 130 109 64 38 33 33 31 27 27 25 23 22 23 25 22 13 12 13 13 13 
194 199 201 205 205 208 228 247 248 243 232 228 229 230 225 222 222 223 220 219 219 216 220 218 218 218 218 222 90 50 46 40 41 35 35 37 34 32 33 33 33 32 35 34 33 32 28 33 34 34 39 40 39 33 30 39 37 33 38 39 37 41 38 41 43 44 46 49 49 53 54 56 53 52 63 76 140 179 182 171 143 111 81 44 36 33 30 27 27 25 25 20 20 17 34 13 11 12 11 10 
193 198 201 200 202 206 217 238 239 229 219 222 224 223 221 220 218 216 214 214 214 216 213 213 212 211 211 212 148 52 50 48 44 40 34 31 37 33 32 34 33 34 34 34 30 30 32 36 34 37 41 42 37 36 34 36 34 38 36 34 34 38 45 43 44 46 48 50 52 53 53 53 51 54 60 78 121 177 191 183 158 124 98 50 37 36 32 28 29 26 25 22 20 20 32 16 13 13 12 11 
191 197 200 201 202 205 211 222 219 214 213 212 213 212 211 208 206 206 206 206 205 205 204 206 206 204 202 201 193 73 55 47 47 43 37 35 37 32 33 30 28 27 31 30 27 32 35 35 34 37 39 40 35 38 36 38 38 36 37 35 35 37 45 45 45 51 51 50 50 48 49 48 50 49 51 62 87 153 185 183 166 138 108 58 39 36 32 29 29 27 23 22 19 23 28 16 14 12 12 11 
189 194 196 196 199 200 202 205 204 202 202 201 200 201 202 201 199 199 200 198 199 200 198 197 197 197 198 197 197 168 66 50 45 46 43 40 41 38 35 31 32 28 30 27 27 31 33 37 36 38 39 38 35 40 38 38 39 35 32 33 39 40 40 44 52 50 51 52 53 49 44 47 48 50 51 55 75 140 180 184 177 169 140 65 36 33 30 28 32 28 24 22 21 25 24 14 15 15 15 13 
187 191 192 190 187 186 187 191 195 199 200 199 202 203 205 203 204 202 202 202 200 201 199 197 198 199 199 197 198 198 146 57 46 50 46 38 42 39 36 34 30 30 32 30 24 30 32 34 38 41 37 40 36 38 40 39 40 39 38 35 37 43 46 47 47 50 49 47 46 45 44 48 49 46 50 52 72 125 173 183 184 173 145 62 36 33 32 31 30 26 22 21 24 24 20 12 11 12 12 12 
187 190 191 188 180 173 166 159 154 152 153 156 161 168 173 175 176 175 176 175 176 176 178 178 178 179 179 178 179 186 193 133 52 48 47 44 40 37 35 33 30 29 30 32 25 28 33 33 37 40 38 37 37 39 38 39 34 36 38 36 38 43 50 52 51 50 47 50 50 47 40 41 45 49 50 48 65 102 160 174 180 175 141 63 41 36 35 32 30 25 22 24 25 24 19 13 11 11 12 11 
187 189 189 186 180 176 173 168 164 162 163 166 174 180 182 181 182 181 182 181 179 178 178 179 179 182 182 180 182 187 189 191 111 44 47 46 43 41 37 36 33 30 32 32 25 25 32 31 31 38 38 37 37 34 35 35 33 39 40 40 42 48 48 47 51 49 51 49 48 42 38 38 42 46 48 50 55 79 127 144 145 139 113 57 37 34 34 31 29 23 24 24 22 19 19 17 14 12 12 13 
182 186 187 184 183 182 179 181 177 175 175 179 184 189 190 188 187 187 187 187 185 184 184 185 185 187 187 187 189 194 197 195 192 91 45 46 45 41 39 39 40 33 36 35 28 28 31 29 32 33 36 34 36 34 35 32 32 38 43 43 45 45 46 51 50 49 52 55 55 50 43 38 36 44 46 47 50 63 81 110 85 69 56 43 34 32 33 32 29 25 25 24 22 19 23 17 12 10 11 11 
188 186 186 184 187 189 186 185 180 181 181 184 189 192 192 192 191 191 190 189 190 188 188 185 187 190 191 193 193 197 200 200 201 196 91 43 51 47 44 43 44 46 38 40 34 30 33 31 30 36 32 33 33 36 37 40 33 39 45 45 48 45 48 52 55 53 56 54 55 48 46 39 37 36 40 44 47 51 63 65 64 48 36 41 39 33 30 31 28 27 24 21 19 19 20 14 11 11 12 12 
187 188 185 183 183 189 188 183 183 183 184 188 189 190 190 189 189 191 190 189 189 188 189 188 189 189 191 195 194 198 202 200 201 201 193 82 53 53 48 44 44 42 47 44 40 35 33 34 35 41 35 33 29 29 31 32 34 37 44 45 44 49 55 55 55 51 49 52 51 46 40 38 36 38 38 41 38 38 41 41 36 31 27 40 35 31 30 31 27 27 24 20 21 20 21 17 9 9 10 10 
186 189 186 180 182 182 184 183 182 182 184 186 188 187 186 185 187 188 187 185 185 186 187 188 190 191 192 192 193 196 200 202 202 199 200 189 82 54 54 53 50 51 45 45 44 38 37 35 38 39 40 36 33 34 36 35 33 41 40 43 52 50 54 57 53 51 50 43 42 45 47 40 32 29 34 37 36 33 32 33 35 29 26 40 32 30 31 28 26 24 22 20 20 21 22 15 10 10 11 10 
183 184 187 184 178 177 177 180 181 182 182 183 184 182 181 182 183 182 184 186 185 185 186 187 186 189 191 192 191 193 196 199 199 199 197 199 197 102 54 56 50 48 48 50 45 42 40 34 41 41 39 37 36 36 37 39 36 41 42 45 39 51 54 50 50 47 50 48 45 48 44 42 39 39 31 33 41 36 30 31 35 31 35 41 32 32 29 26 27 25 24 24 20 19 22 19 16 15 13 12 
182 183 185 186 186 182 173 171 170 171 172 175 173 173 172 175 177 178 180 181 182 183 183 184 181 181 182 184 188 188 191 195 199 198 195 197 199 205 115 55 56 51 48 52 48 48 42 37 44 45 41 39 38 39 42 40 40 39 42 49 50 45 43 47 53 50 50 50 54 54 50 46 44 42 37 34 35 33 35 36 36 39 44 37 32 29 30 27 26 26 25 23 20 19 20 21 11 10 12 14 
183 184 184 185 187 189 190 189 188 188 186 185 185 184 181 179 177 156 111 122 125 137 129 138 139 137 133 127 128 163 153 160 164 173 182 194 198 198 202 123 59 58 56 53 53 55 47 45 48 44 40 42 41 42 42 41 42 47 44 46 50 53 51 47 46 52 53 55 57 55 56 53 50 48 46 43 38 36 36 40 45 45 40 33 28 31 29 27 25 24 24 22 19 22 25 18 12 10 12 12 
183 184 184 186 185 188 187 189 189 189 189 189 189 189 175 170 155 179 109 101 75 142 150 151 141 140 148 119 126 158 168 166 157 145 145 160 191 192 185 176 133 71 60 58 56 53 56 53 53 50 44 44 43 42 40 44 47 47 49 55 53 52 48 44 48 56 52 48 50 50 50 50 51 51 41 36 33 37 45 49 46 42 33 30 28 29 29 26 27 26 25 24 24 25 26 22 13 12 10 10 
181 184 184 183 184 185 187 189 186 188 186 187 194 174 152 145 152 187 142 138 175 178 162 163 152 160 170 145 165 176 182 175 183 176 174 175 183 175 180 175 163 146 91 65 60 55 58 58 51 53 51 50 48 43 45 44 46 50 53 50 50 48 49 47 45 49 46 43 45 43 43 41 37 37 34 32 34 41 45 43 38 31 31 31 27 26 25 26 24 23 25 25 22 20 36 24 12 10 10 10 
178 180 182 183 185 186 187 187 186 186 187 193 161 135 158 153 149 176 172 155 168 176 166 191 168 152 162 178 184 181 193 185 192 184 180 184 191 176 186 183 169 165 153 102 66 60 55 55 58 57 58 55 54 50 45 49 48 50 48 38 38 40 39 40 41 42 39 34 35 36 33 32 33 32 29 33 40 39 36 37 33 29 29 26 26 28 29 26 24 22 21 20 19 23 42 26 11 10 10 11 
164 168 174 179 180 182 184 183 184 182 168 148 167 185 190 164 172 175 180 161 174 186 160 184 163 160 163 184 183 185 197 184 193 183 178 190 187 182 184 187 175 166 178 141 150 81 56 49 50 55 53 56 59 54 53 51 47 46 46 40 36 36 37 37 37 38 38 35 33 30 29 28 29 31 34 36 36 34 30 27 27 28 26 26 29 31 27 25 22 20 21 19 22 29 51 27 11 9 10 10 
146 151 160 167 171 174 177 178 181 147 109 154 134 185 194 192 170 168 180 177 164 174 180 161 158 167 162 185 184 178 191 181 192 183 176 190 185 179 188 193 172 167 179 147 171 149 109 49 43 46 52 51 53 51 57 55 51 46 42 39 36 33 35 37 37 36 35 32 32 32 31 32 35 39 35 33 30 28 29 26 26 24 25 31 30 30 31 26 22 23 22 18 18 35 59 27 12 12 10 11 
152 141 143 150 158 162 174 181 178 125 102 165 183 193 178 168 171 149 173 163 146 168 164 129 153 164 158 179 175 176 188 176 191 186 188 198 185 174 189 191 184 175 183 158 168 180 161 133 71 43 45 47 47 47 44 49 47 42 41 35 31 31 32 31 29 30 31 31 30 32 33 36 38 38 33 29 26 25 25 24 24 26 29 29 25 23 23 25 22 22 20 19 22 49 65 33 17 13 14 13 
167 155 143 139 138 110 197 187 170 175 194 198 198 163 163 152 170 160 166 181 168 179 181 154 148 160 155 184 177 183 190 169 187 188 194 201 193 176 194 190 193 184 181 144 167 186 188 184 178 122 51 42 42 43 41 40 41 39 39 34 33 29 28 29 29 30 33 33 33 35 39 41 42 35 31 28 26 24 24 25 25 23 22 23 23 25 25 28 28 25 20 20 31 62 66 26 10 9 12 13 
143 167 157 126 78 152 203 194 199 197 197 163 185 144 157 161 199 168 166 167 166 162 161 151 140 151 156 166 160 169 173 169 166 168 173 178 179 163 166 155 166 171 161 167 179 181 188 183 181 178 173 108 48 36 37 39 38 36 36 33 34 33 35 30 31 32 33 31 33 33 37 41 39 32 32 28 25 25 24 23 25 26 24 24 24 24 27 27 28 25 21 23 46 68 65 27 12 11 11 11 
129 138 129 80 153 191 196 195 193 189 151 119 173 160 128 134 204 186 178 183 194 178 182 184 178 181 187 187 182 191 196 186 187 184 187 189 190 186 183 181 183 184 184 183 186 187 188 186 189 187 192 186 181 129 63 37 36 36 35 37 38 37 37 32 32 36 38 35 34 37 36 39 40 36 31 27 26 24 23 24 27 29 30 30 25 23 24 24 22 23 26 44 60 71 66 26 10 11 10 11 
106 109 113 126 179 174 191 189 183 124 136 173 181 179 149 179 193 200 199 199 202 180 183 187 183 180 172 172 171 175 179 181 182 189 199 198 198 196 195 200 201 193 190 195 198 198 190 195 194 182 201 104 100 142 162 121 74 46 38 40 39 36 35 29 30 32 33 30 32 34 37 41 41 39 35 32 29 28 29 28 31 36 34 36 34 34 33 33 35 39 51 67 70 73 67 24 11 11 10 9 
122 120 162 180 168 144 176 159 182 160 181 170 172 182 179 207 206 163 189 198 192 170 161 170 170 168 179 187 183 187 186 179 179 194 201 191 188 184 187 191 191 180 180 189 190 185 183 186 184 169 193 103 75 127 143 158 148 146 150 122 91 70 51 36 29 28 29 27 27 28 28 31 32 36 37 36 35 35 38 41 41 44 45 41 42 48 53 52 55 53 61 66 68 72 70 30 12 10 9 9 
151 158 170 168 157 163 155 183 181 177 158 82 90 166 158 166 129 144 200 217 188 156 171 195 180 126 129 137 128 124 129 154 175 189 195 193 189 179 185 188 175 156 152 188 185 182 182 186 175 168 189 113 65 124 143 161 144 150 179 184 182 165 177 173 124 100 81 57 48 67 86 73 74 55 52 50 53 56 73 71 70 67 53 47 50 54 59 62 70 66 69 69 68 70 72 38 12 11 11 11 
145 147 153 172 154 142 172 184 156 125 54 34 59 83 101 55 105 204 208 227 179 156 166 191 170 104 107 110 102 100 133 130 119 145 181 154 167 152 186 186 157 154 139 191 181 181 180 166 131 153 186 174 170 165 170 160 148 152 179 183 183 175 179 181 162 179 183 155 149 199 178 149 130 88 77 72 72 75 90 83 80 71 58 53 55 60 67 68 74 74 74 71 67 67 69 47 16 12 13 13 
162 148 149 174 143 165 171 155 129 84 64 53 104 136 113 61 83 213 199 222 177 158 156 186 169 101 94 89 89 102 132 126 106 146 172 149 159 167 185 186 173 161 150 185 178 181 136 124 111 74 176 182 167 158 166 158 157 165 186 182 182 182 178 171 130 180 187 166 143 194 174 143 112 84 80 75 77 81 95 89 83 77 61 58 62 67 73 73 74 77 71 68 65 64 65 44 17 15 15 12 
