75 73 66 63 50 39 35 37 44 45 48 47 47 45 60 76 79 71 46 22 10 6 3 2 4 7 9 19 44 56 53 63 35 25 19 13 14 16 12 15 18 15 13 12 11 10 10 12 13 24 17 19 14 16 15 22 24 24 21 30 42 42 49 30 22 16 13 8 9 17 25 35 32 24 27 39 48 34 30 23 36 51 63 56 29 32 52 46 45 45 46 45 43 42 41 49 49 52 53 49 
34 28 32 27 17 10 10 12 17 30 33 37 38 43 59 73 70 57 36 15 7 4 2 1 3 6 13 38 65 60 50 49 33 22 20 16 14 13 11 15 20 13 16 12 10 10 11 14 16 24 16 25 19 13 9 14 20 22 16 20 26 33 56 48 38 22 18 12 11 15 20 27 31 28 29 35 37 24 23 22 33 38 34 42 42 43 48 41 38 43 40 48 50 46 39 46 48 50 55 51 
12 9 14 11 9 8 10 12 11 12 12 13 14 21 39 62 63 46 22 10 4 4 2 2 3 8 21 48 70 63 54 42 32 16 20 16 13 12 12 20 22 14 16 19 15 15 15 13 18 20 18 31 28 18 8 12 16 13 17 14 15 17 47 54 61 40 27 16 16 15 20 18 32 36 17 28 39 33 27 26 29 29 26 29 44 48 39 35 36 34 40 48 46 46 43 43 45 49 50 52 
11 8 6 5 5 5 4 6 9 9 8 9 10 11 15 38 42 33 19 10 5 3 2 2 4 10 35 50 65 53 41 32 23 13 13 15 11 12 14 19 18 13 12 23 15 11 12 13 13 16 19 29 32 27 17 14 17 14 19 14 14 8 27 43 56 50 40 20 21 23 23 14 13 37 37 48 45 32 21 24 27 22 26 33 35 42 34 37 40 38 41 43 43 40 43 41 50 52 52 47 
5 4 6 5 3 2 2 3 4 4 3 5 4 4 8 16 28 23 13 8 3 2 2 2 5 19 42 49 60 54 37 25 17 13 11 12 12 9 13 15 14 11 11 15 10 7 9 11 12 12 15 19 32 27 21 26 21 17 23 20 23 13 16 16 32 42 49 32 37 34 29 19 12 25 36 43 44 33 22 25 26 24 36 38 32 36 45 48 36 41 40 36 34 36 43 48 50 51 50 48 
3 4 3 3 3 3 3 2 2 2 3 4 3 2 3 4 10 11 7 5 5 4 2 4 8 28 39 41 46 46 30 15 13 13 10 9 11 9 8 11 11 12 8 10 10 9 8 12 12 12 12 15 22 17 15 27 21 14 16 17 21 24 28 13 17 24 35 47 52 46 32 25 18 17 25 38 42 36 22 24 29 36 39 43 35 36 43 40 36 32 31 34 34 42 53 52 53 54 52 49 
5 3 2 2 3 2 2 2 3 1 3 3 3 2 3 4 6 7 7 9 6 5 3 4 9 35 39 38 34 35 25 13 12 13 10 9 8 9 9 10 10 12 12 8 10 12 9 11 13 13 13 16 18 14 14 15 14 11 7 9 10 19 44 28 18 15 27 33 44 49 42 39 42 31 26 29 36 34 24 31 33 36 33 40 40 36 46 41 36 35 34 40 44 50 59 55 55 54 52 52 
3 3 2 2 2 1 1 1 3 1 2 1 2 3 6 5 6 6 9 9 8 5 3 4 9 42 47 37 32 25 22 14 11 12 10 10 9 10 10 11 11 12 18 15 13 14 16 11 13 17 15 23 29 14 13 10 8 9 7 3 5 11 38 38 24 29 27 33 36 32 37 55 65 59 54 58 51 41 28 39 41 39 35 37 41 33 36 40 35 36 36 50 49 57 56 55 56 50 52 50 
2 2 2 2 2 2 3 3 3 2 3 3 3 2 5 5 6 5 10 10 8 5 5 6 11 35 43 34 28 18 18 12 10 12 11 10 11 10 10 12 13 15 24 21 16 14 18 16 10 16 23 33 37 25 15 10 9 8 7 3 5 8 17 27 26 33 29 41 43 32 28 33 39 48 57 55 38 33 29 42 46 43 43 44 41 32 32 35 31 31 36 40 46 50 56 54 57 55 55 50 
2 2 3 2 2 2 4 3 3 4 3 3 4 4 7 7 8 11 14 12 8 5 5 6 12 34 41 34 28 19 14 13 10 10 13 12 13 9 9 11 13 15 20 20 16 10 9 14 7 12 22 34 39 31 17 14 8 7 8 4 6 10 7 14 19 19 17 35 54 44 36 20 29 37 59 50 37 39 40 45 44 43 45 43 37 27 26 32 28 29 33 37 42 53 50 54 55 56 52 42 
2 2 4 3 2 1 2 4 3 3 3 3 4 5 5 6 6 10 17 13 8 6 4 6 9 23 33 30 24 20 13 12 10 10 12 13 10 11 13 13 15 15 12 13 13 10 8 8 6 7 15 24 32 29 12 19 11 7 10 8 9 12 8 16 18 11 12 25 49 60 52 40 46 55 59 46 34 35 41 47 39 40 40 39 38 31 26 31 28 32 29 41 47 53 44 48 53 55 45 32 
2 2 3 2 1 2 2 1 2 2 3 3 2 3 4 5 5 8 18 18 9 6 5 3 6 16 24 24 21 18 14 12 13 12 12 13 11 14 12 12 11 17 13 11 10 10 6 7 5 3 8 17 21 30 19 21 18 7 6 10 11 12 12 18 21 16 18 22 21 36 44 56 70 73 51 36 29 28 34 42 33 30 34 39 38 27 22 24 27 30 29 33 41 48 54 48 48 53 40 23 
2 3 7 8 6 6 2 3 6 9 4 3 3 1 5 5 9 13 17 21 13 7 3 3 3 10 19 19 19 17 14 11 8 12 12 14 15 12 15 12 13 16 18 10 12 10 9 6 5 6 6 9 12 20 29 22 22 8 6 13 13 12 18 19 30 36 29 34 26 28 40 67 90 85 49 25 24 22 28 33 29 23 22 31 30 25 21 22 25 26 35 40 39 46 57 52 50 48 30 22 
4 4 5 6 6 7 7 10 9 11 5 4 5 5 6 6 10 15 20 27 22 12 5 6 5 6 16 22 18 14 15 13 10 12 15 17 14 13 10 13 12 12 13 11 10 10 9 10 8 8 7 7 7 10 22 22 21 14 9 11 10 10 15 28 41 47 50 53 47 51 68 85 90 68 35 15 24 19 24 30 34 27 25 32 29 27 25 21 25 29 37 47 54 51 46 41 43 40 31 25 
5 5 6 5 6 6 6 8 6 5 8 8 7 6 13 13 15 21 29 30 32 22 12 8 8 8 10 19 21 14 12 14 11 11 15 13 12 9 7 10 12 12 10 13 10 10 11 10 11 11 8 8 9 15 16 25 14 14 9 8 14 13 21 22 34 45 46 59 71 81 90 90 76 51 30 16 22 20 20 25 34 28 26 32 36 32 28 23 25 31 38 47 54 52 47 43 49 41 34 27 
8 6 4 3 4 5 3 5 7 5 7 4 5 11 15 16 20 26 33 39 37 38 28 23 14 16 11 16 23 20 14 13 9 8 13 10 8 9 9 8 10 12 12 15 14 19 22 23 23 28 17 11 7 11 14 24 17 17 14 12 13 18 23 27 30 31 41 50 72 89 93 82 72 61 40 24 24 22 21 22 34 30 27 28 31 30 29 28 27 28 35 46 54 57 51 53 56 50 35 24 
8 7 7 6 7 5 6 6 8 7 7 9 12 11 10 19 26 40 43 52 56 58 44 42 36 24 23 18 22 21 17 15 11 8 10 9 8 9 9 10 9 11 13 22 20 25 33 36 43 43 35 28 11 9 10 16 25 25 27 18 14 19 28 36 41 46 46 56 70 81 81 72 68 58 41 36 29 27 22 18 33 29 28 29 30 31 30 28 25 32 34 46 51 55 58 54 54 52 36 29 
6 6 7 8 9 9 9 8 7 6 9 14 12 13 16 26 49 53 46 59 59 62 55 55 53 49 35 27 24 18 15 16 13 10 9 11 10 10 9 10 10 14 16 16 23 27 27 36 48 49 46 45 30 11 9 8 20 41 37 18 11 14 23 30 36 60 74 80 82 88 91 82 72 59 51 50 29 25 23 24 37 26 27 31 31 31 30 32 34 34 38 42 50 57 55 56 54 52 37 28 
4 4 6 8 7 6 3 5 5 7 12 13 16 23 35 42 49 62 59 57 62 61 61 61 63 57 51 35 27 17 12 13 13 8 7 8 8 9 10 10 16 24 24 16 13 16 14 21 38 41 38 35 38 28 18 18 9 24 39 40 32 15 20 22 37 60 74 83 82 88 95 86 73 78 78 61 28 27 24 23 28 22 24 23 34 36 29 31 35 31 36 40 49 60 57 51 51 48 32 24 
3 4 4 4 4 4 4 5 6 8 6 7 22 34 48 53 59 69 74 69 67 69 68 63 67 57 52 40 29 19 12 9 14 11 8 7 7 6 9 12 15 23 27 18 12 9 7 11 23 23 17 13 15 16 18 25 19 12 18 38 42 33 25 28 26 31 49 70 79 82 88 91 85 83 81 59 35 29 22 19 25 24 22 24 28 37 37 35 33 32 34 38 46 56 60 51 55 50 31 22 
4 4 4 5 6 6 6 5 6 10 12 6 10 23 40 43 49 58 76 80 69 71 66 67 67 55 45 47 33 18 15 11 9 11 9 8 8 5 8 15 20 23 26 16 10 7 6 7 8 11 10 9 8 8 11 12 20 22 13 14 21 24 26 46 47 40 50 71 90 100 97 88 82 79 76 55 44 26 22 18 24 28 26 26 24 29 37 42 42 41 36 37 43 52 56 54 61 56 43 32 
12 7 7 6 7 7 5 8 9 13 17 10 13 18 35 49 60 56 56 64 72 81 68 66 58 50 51 40 32 20 16 15 8 8 8 9 8 6 10 18 21 23 22 16 10 8 7 5 4 7 7 5 7 8 8 8 10 14 13 12 14 10 11 24 36 43 56 72 83 85 83 79 75 76 78 85 40 24 30 21 23 30 30 25 25 26 39 45 39 34 32 40 41 47 51 57 65 60 58 40 
13 11 9 11 13 8 8 10 9 16 10 14 19 20 30 43 69 74 65 72 94 96 93 93 83 61 56 49 30 18 14 14 11 8 8 7 6 5 7 15 16 15 17 16 11 8 6 5 5 5 7 5 6 10 11 12 10 12 13 13 12 13 9 11 14 15 21 33 36 38 50 67 77 83 97 84 37 23 38 31 35 39 35 28 24 26 37 46 41 35 36 36 36 43 48 56 66 65 61 53 
17 11 13 14 14 11 10 12 15 11 12 13 13 21 37 47 62 76 68 69 77 98 102 100 99 84 64 48 32 16 12 14 13 7 7 6 8 9 10 12 20 16 12 10 10 6 6 6 5 5 6 5 3 5 9 12 11 11 15 18 18 16 16 13 8 6 9 7 5 18 40 59 78 88 89 55 24 18 40 48 48 48 43 30 23 28 37 40 39 36 37 35 35 38 43 50 59 64 61 56 
20 15 15 15 15 14 12 10 13 19 19 18 19 35 63 65 73 79 74 75 85 107 109 112 99 84 83 52 33 21 13 12 13 14 8 9 7 11 14 14 14 18 13 11 11 6 6 6 4 5 4 5 4 4 9 9 14 11 13 15 16 18 28 20 12 10 9 7 9 18 35 54 63 56 56 36 18 13 32 45 51 52 43 32 23 27 34 39 37 37 40 45 44 43 38 47 56 63 62 55 
17 22 18 17 18 26 25 25 23 56 79 71 52 90 114 119 121 119 120 118 122 126 128 130 130 131 122 78 41 25 17 12 12 11 11 10 8 10 18 18 18 15 10 12 13 11 7 7 6 7 5 5 6 5 11 6 14 17 17 24 23 24 29 28 20 17 8 9 8 19 32 50 54 50 51 33 21 15 25 40 45 41 40 37 28 28 36 41 38 43 46 55 54 54 46 44 51 61 61 55 
38 45 26 23 32 47 66 82 101 112 115 142 137 137 138 137 137 136 133 127 125 123 122 134 143 141 132 106 56 25 14 13 11 11 12 11 12 13 17 19 20 16 15 14 14 15 11 9 10 9 8 5 7 9 14 8 17 21 28 40 46 40 46 42 32 16 11 10 11 16 28 41 60 65 58 30 19 12 18 34 36 41 53 49 30 26 39 41 40 38 43 49 53 52 48 45 48 55 58 62 
55 104 72 60 64 76 102 99 120 122 128 152 146 143 139 142 140 139 139 132 127 125 129 138 147 142 131 122 70 28 13 10 11 12 11 15 17 17 19 20 19 15 16 19 15 17 15 13 11 10 9 7 10 13 17 19 25 37 42 48 54 54 53 45 23 16 10 13 12 24 38 55 67 66 58 33 22 15 16 32 39 45 55 58 33 36 43 41 39 39 46 46 45 48 51 45 42 48 57 67 
91 82 76 95 105 88 121 115 118 128 136 157 154 149 146 145 143 144 144 138 137 132 132 153 148 140 125 112 101 40 14 8 10 12 13 11 14 21 19 16 16 14 15 14 14 11 15 16 12 11 8 9 16 20 23 27 34 47 55 48 45 46 40 27 17 16 17 21 26 44 57 63 65 67 63 33 21 17 18 30 36 43 49 59 47 43 52 47 44 45 51 53 58 59 52 49 42 41 52 59 
121 70 91 125 131 134 135 133 130 134 146 160 158 155 153 151 148 145 146 143 140 139 136 156 159 145 141 113 84 48 15 10 10 9 8 10 8 13 16 17 12 10 10 11 12 10 10 13 16 14 12 11 20 27 39 41 43 39 36 31 25 28 22 13 14 17 22 31 44 58 63 64 63 64 50 28 19 15 18 25 34 38 42 55 61 57 61 63 53 51 52 49 56 61 56 50 47 40 41 55 
125 72 97 132 139 143 143 142 137 136 157 167 161 158 158 156 150 153 154 148 143 146 144 164 163 151 136 129 84 39 19 14 10 11 10 11 10 9 11 14 11 9 12 9 12 12 12 12 20 27 28 29 29 42 52 51 44 36 24 20 20 16 17 13 16 24 27 45 51 56 57 58 55 49 38 25 22 17 14 21 32 37 50 60 67 66 68 62 57 60 54 44 57 64 58 56 53 40 39 49 
143 65 74 139 153 151 154 150 146 144 167 177 173 171 166 164 161 163 162 157 156 152 152 174 176 168 149 124 111 72 31 15 10 12 10 11 9 9 9 11 9 10 16 13 13 15 19 19 20 32 40 39 38 51 48 44 33 21 14 15 17 17 22 20 15 25 26 37 40 39 48 48 47 42 37 21 20 22 25 25 27 40 42 52 62 68 68 69 56 59 56 41 55 64 61 57 54 56 51 48 
164 140 140 153 164 161 160 160 154 151 177 185 182 181 176 180 173 173 174 167 161 159 158 182 185 180 175 156 115 88 46 20 12 14 11 11 8 7 8 8 7 7 9 10 8 11 19 17 13 15 19 23 22 24 22 25 19 17 8 10 11 9 13 14 14 17 22 31 34 40 45 47 49 50 38 21 25 26 31 26 26 35 37 40 56 62 64 68 64 60 60 63 67 69 64 60 58 53 56 54 
137 89 159 161 171 165 168 165 161 168 186 190 190 186 184 185 181 180 177 171 170 168 174 195 194 192 186 174 147 107 66 28 16 15 9 9 10 7 6 8 7 6 5 5 6 4 4 5 6 6 6 6 5 5 7 10 11 13 11 9 14 14 18 17 26 25 31 44 46 48 48 47 53 57 39 21 23 27 26 29 30 31 36 38 51 58 62 62 64 58 59 67 69 68 68 67 63 55 52 48 
177 163 176 166 177 176 173 170 168 171 197 193 191 192 189 188 183 183 182 177 175 176 182 204 203 196 198 187 159 133 82 32 18 14 8 9 8 9 7 7 11 6 6 6 5 3 3 5 3 4 4 6 7 7 5 9 9 12 17 9 13 14 20 22 25 22 31 42 46 42 41 46 49 49 25 17 26 27 23 23 27 30 42 42 48 64 64 65 62 61 63 59 64 70 69 68 68 66 56 45 
188 182 184 177 183 180 181 179 178 182 199 198 199 201 198 196 193 192 188 185 178 180 183 207 208 203 204 196 178 144 99 44 19 14 9 9 7 8 9 6 10 7 6 8 7 5 6 7 6 5 6 8 8 9 10 13 14 19 17 10 9 14 17 13 16 18 21 26 29 30 30 30 33 32 25 18 23 25 27 23 26 28 36 50 55 65 61 61 63 62 57 54 63 67 67 65 65 60 54 45 
193 191 193 189 189 190 189 187 182 188 204 202 205 210 205 204 200 199 192 188 185 184 193 213 212 207 207 206 193 171 113 50 22 16 11 9 7 9 9 5 7 9 8 10 8 5 8 9 10 8 7 6 8 11 14 14 12 19 16 20 20 23 22 15 17 16 23 25 21 22 26 30 32 32 33 30 23 26 29 28 31 33 38 45 57 64 63 58 56 53 51 56 62 63 63 63 60 55 47 41 
189 187 184 191 188 191 194 188 186 194 206 204 210 210 209 209 205 206 199 195 193 192 196 215 212 211 210 211 202 185 152 72 27 17 14 13 11 10 9 6 8 9 12 8 6 7 9 9 9 15 11 14 11 16 25 27 13 21 27 29 31 30 27 21 29 27 28 26 22 29 26 29 30 43 41 31 27 25 32 34 34 31 31 35 54 62 59 60 54 56 61 60 58 61 62 57 56 58 48 39 
203 203 201 203 201 201 205 200 194 203 217 215 213 209 210 208 205 205 213 209 206 203 210 221 218 219 203 197 189 190 154 112 37 20 15 12 11 10 9 11 14 8 15 12 10 10 8 6 9 24 30 31 22 22 33 29 27 24 26 27 39 30 22 26 35 34 32 30 27 27 30 32 34 45 36 28 26 26 30 32 33 33 32 28 46 62 56 61 59 58 62 62 59 59 57 55 54 53 50 45 
205 203 199 206 206 206 207 200 195 211 223 219 217 220 222 215 213 215 213 212 211 209 219 228 227 223 221 216 197 181 161 100 37 22 16 10 10 9 12 23 30 19 22 25 28 12 13 10 12 25 31 24 31 28 23 23 24 16 17 21 22 17 14 17 24 27 31 29 21 29 44 30 26 25 20 18 31 26 26 29 25 28 32 34 39 56 61 66 60 59 59 62 61 58 54 59 59 54 55 51 
208 206 204 208 214 212 209 202 199 218 225 222 222 226 225 217 218 218 216 214 213 211 224 231 231 228 221 222 203 193 165 120 52 23 18 12 13 12 14 29 32 25 27 32 37 21 16 21 19 18 16 14 15 16 9 10 11 9 8 11 11 8 7 8 14 13 16 14 14 29 26 16 18 15 14 14 34 31 26 33 33 33 38 34 36 50 65 63 61 59 60 61 57 53 54 58 58 58 63 62 
212 212 204 209 212 214 209 204 205 221 227 224 221 225 225 217 222 220 213 214 212 214 227 233 232 229 223 222 208 199 188 137 60 27 21 15 16 12 14 21 24 21 23 24 26 24 23 17 17 14 14 13 10 8 8 7 5 6 7 6 6 7 4 6 9 6 8 9 8 10 10 5 6 6 8 14 30 28 29 33 36 45 41 40 40 47 63 61 66 62 61 57 53 50 55 60 57 60 65 68 
215 212 203 214 213 214 209 209 208 226 226 227 226 224 227 219 227 218 214 217 216 218 232 231 232 227 223 223 208 205 181 158 81 29 20 18 16 13 12 17 12 15 19 23 29 27 20 20 19 20 16 10 10 10 10 9 6 7 9 8 9 10 10 9 8 8 8 8 7 6 6 6 4 4 7 9 20 21 25 33 40 50 49 44 42 44 57 65 69 63 59 53 55 53 52 63 63 60 60 65 
218 215 206 218 214 217 213 208 208 226 232 233 231 226 229 220 228 219 215 220 221 219 233 234 232 227 225 222 210 213 199 164 90 32 22 17 16 13 13 18 12 13 15 21 30 25 27 24 14 13 14 11 12 15 15 12 12 11 12 10 12 15 10 10 10 13 17 15 9 8 5 6 7 7 7 8 8 13 19 30 40 55 57 46 44 45 52 67 66 63 60 55 58 57 56 62 60 62 65 64 
218 214 209 221 215 216 215 210 215 230 234 232 232 229 228 223 232 223 216 222 223 220 235 236 231 229 226 223 213 217 207 182 105 38 27 22 17 15 13 20 14 19 14 30 16 36 28 19 18 20 22 15 15 16 15 13 16 13 9 11 17 14 12 15 12 14 20 20 10 8 8 8 7 9 11 8 8 10 20 32 44 58 59 55 54 50 53 63 63 63 62 61 63 62 56 59 58 61 61 58 
221 214 213 224 218 216 214 216 220 233 232 230 232 230 229 222 233 222 218 222 223 222 236 236 234 230 225 223 214 217 205 186 113 41 32 27 19 19 17 24 18 25 28 26 34 29 28 31 24 19 18 15 16 16 14 12 18 15 15 15 17 14 19 14 9 18 21 16 10 8 10 10 8 8 10 7 10 11 17 35 53 69 63 57 62 57 50 51 62 60 63 58 62 63 62 59 56 54 55 56 
218 211 216 222 221 218 218 217 223 236 234 233 232 228 227 220 233 223 221 222 223 223 236 235 232 228 224 226 211 213 196 177 136 60 40 35 24 21 25 29 28 38 42 31 38 29 37 26 21 18 20 19 14 18 16 14 21 22 17 15 18 17 22 13 14 16 19 16 12 9 11 10 10 9 8 6 10 10 21 40 63 68 65 61 58 54 48 45 57 62 64 61 60 62 64 62 62 60 56 57 
219 210 220 223 222 220 218 215 225 235 233 235 234 229 226 222 232 225 225 225 220 224 237 235 229 221 215 211 203 201 168 128 88 51 41 41 31 27 33 36 37 48 45 40 38 44 35 28 17 17 16 21 20 20 16 15 23 24 18 19 23 22 24 13 16 16 18 18 12 7 12 12 13 12 8 10 14 10 23 43 63 64 63 60 57 51 45 39 46 62 65 67 64 66 66 63 63 61 57 55 
217 211 221 223 222 220 218 218 229 235 232 232 228 224 222 224 234 227 228 224 219 226 235 232 218 206 191 185 170 161 107 66 40 32 31 33 32 32 44 40 52 61 48 50 50 48 41 28 17 15 15 20 28 23 15 16 23 23 26 23 28 29 21 18 23 22 25 21 12 18 19 15 11 10 12 23 26 11 19 40 62 60 60 63 63 62 50 39 35 51 64 65 61 63 66 64 62 61 56 56 
216 209 220 223 223 222 220 218 230 234 235 233 227 225 220 222 231 231 230 223 218 228 236 230 210 162 124 119 92 57 45 28 26 25 27 32 26 31 37 38 62 82 82 81 56 46 38 28 21 17 17 20 28 32 22 23 24 27 29 35 40 29 23 28 27 30 26 17 20 22 19 15 10 11 19 37 22 9 18 31 60 62 60 61 59 58 48 46 34 40 60 65 61 60 60 55 53 50 57 55 
218 208 220 221 221 220 220 218 231 232 232 232 229 228 217 220 229 227 229 224 216 223 228 218 193 116 73 43 31 28 28 40 43 38 38 38 39 24 34 50 55 88 103 109 82 51 41 28 24 26 20 18 27 34 35 33 26 35 32 48 42 30 23 27 27 31 18 17 21 21 18 13 14 11 35 42 16 8 13 17 51 62 67 64 57 55 59 51 40 36 51 63 59 54 57 54 56 52 50 54 
218 206 221 223 222 222 221 219 231 232 231 231 229 228 216 210 211 220 224 223 219 207 202 171 122 81 50 39 29 48 52 80 73 58 63 69 74 44 36 53 49 65 62 61 88 82 56 41 35 30 24 18 33 44 48 46 35 38 39 51 40 33 22 25 29 27 22 19 20 23 18 27 19 17 49 35 14 10 6 9 37 49 56 61 58 56 52 53 44 32 40 54 59 53 56 59 58 65 51 47 
217 208 224 226 226 226 223 218 232 233 228 220 225 228 216 223 201 187 210 219 218 210 154 95 70 62 64 59 49 64 67 46 50 45 36 57 71 41 37 54 73 85 76 44 38 87 90 78 56 42 28 28 42 51 53 69 45 34 52 40 36 31 21 28 40 25 25 26 22 21 30 46 27 28 48 30 10 6 6 10 27 52 61 56 52 50 48 50 48 38 37 46 56 56 50 54 58 59 56 50 
216 215 226 225 226 224 221 219 233 232 224 217 208 218 212 225 209 180 158 182 200 197 129 72 62 60 61 73 76 72 74 53 51 46 48 37 58 55 59 66 84 90 87 60 44 104 91 97 90 58 43 38 44 52 56 76 52 43 56 31 34 30 22 33 30 37 53 38 20 22 34 51 33 29 48 22 6 6 9 10 23 47 56 55 46 49 48 44 46 39 41 39 51 64 59 52 54 52 53 52 
214 216 224 226 225 222 218 217 226 227 224 216 213 201 202 215 214 188 145 122 127 119 72 56 53 50 65 73 73 60 63 66 55 55 66 70 66 68 84 101 106 96 83 68 86 133 107 89 98 84 61 50 41 50 52 64 76 59 49 29 30 26 25 37 33 59 62 31 15 21 35 62 35 30 35 13 8 10 14 28 28 39 55 52 47 46 45 52 50 47 44 42 56 64 67 58 61 57 63 66 
212 219 226 226 223 219 213 217 217 213 215 213 206 206 190 209 201 193 145 101 81 64 49 49 48 50 59 62 67 69 78 80 73 62 62 68 78 102 114 110 103 91 77 85 109 120 111 95 95 96 80 56 57 50 36 59 86 56 46 33 26 21 32 43 43 68 69 33 22 25 54 58 42 35 34 17 14 14 33 25 12 28 45 48 50 51 58 55 56 56 51 53 51 60 62 62 67 66 70 66 
209 220 228 226 225 219 212 212 213 206 200 202 204 197 188 189 193 177 163 105 65 47 46 45 40 50 63 65 59 53 59 62 66 65 79 95 104 107 121 118 105 94 81 101 81 89 99 99 93 115 99 71 54 47 51 50 61 53 57 37 26 29 38 49 48 65 65 42 25 33 70 55 48 41 36 17 8 20 27 10 8 21 37 42 52 57 63 60 55 55 56 57 54 57 65 65 70 65 73 69 
206 224 229 227 226 218 204 200 198 194 181 180 180 188 171 163 158 152 127 105 62 47 43 42 44 36 40 40 36 34 32 39 55 76 88 99 107 130 149 126 76 65 69 98 75 82 95 106 102 120 107 78 59 54 47 34 34 38 52 36 43 40 46 66 57 63 73 48 24 46 85 72 64 42 18 9 9 18 15 9 8 20 42 43 55 58 61 61 63 64 60 53 55 56 60 64 65 66 64 65 
209 224 226 220 209 188 171 159 152 149 150 146 144 138 145 141 113 102 72 53 52 45 40 52 57 48 44 38 32 28 31 47 62 84 95 113 141 152 145 99 65 47 59 71 75 59 104 107 109 124 113 80 57 43 36 32 37 31 41 42 41 35 62 86 75 82 94 83 47 62 99 81 58 32 14 7 8 10 8 9 15 23 45 52 59 57 55 62 71 70 67 56 44 46 55 60 63 72 66 58 
198 218 216 203 130 70 54 52 56 58 69 70 70 73 79 85 78 60 44 37 40 38 36 50 45 37 28 24 24 41 50 46 71 95 105 131 146 144 99 79 73 69 79 70 84 71 98 113 129 134 114 77 63 50 42 45 47 54 51 52 38 37 74 112 103 100 106 103 66 61 99 84 43 28 17 14 13 11 12 14 15 23 38 55 60 60 53 67 67 73 71 67 45 46 50 61 64 72 74 66 
200 206 192 167 90 37 27 25 28 34 34 36 36 29 29 37 43 40 35 32 33 36 39 41 34 32 24 24 37 50 32 44 87 103 109 113 127 93 75 54 65 120 111 72 73 102 115 132 137 144 123 87 71 54 64 58 46 48 56 69 52 47 76 108 118 113 120 88 52 51 101 56 32 23 20 19 18 23 16 12 14 32 45 55 61 73 75 66 68 69 70 62 56 55 53 60 68 72 71 63 
216 222 214 194 176 120 50 27 28 33 36 38 38 30 25 29 41 35 30 29 31 37 33 26 23 19 20 22 36 43 28 64 91 95 83 82 85 73 77 56 40 95 122 81 56 93 129 140 140 146 127 109 83 71 67 54 47 67 71 57 61 54 83 101 111 119 131 115 55 45 103 56 37 37 29 28 32 20 8 15 38 51 55 49 61 77 76 63 64 68 70 61 63 59 56 57 67 69 69 70 
219 228 225 224 222 199 158 94 40 33 35 42 42 37 28 30 36 30 25 29 30 29 29 24 21 21 15 18 29 41 28 70 75 63 56 78 91 55 39 46 55 59 114 80 54 59 113 138 144 146 130 118 101 80 68 52 49 58 53 55 53 51 76 97 113 126 139 127 100 65 107 82 56 56 50 52 43 20 29 52 53 47 40 44 51 79 78 71 64 69 72 69 69 64 59 54 64 64 63 67 
220 229 225 229 231 227 225 219 181 107 53 45 45 42 34 33 36 27 25 33 32 31 30 24 21 20 31 42 50 40 27 54 51 46 60 86 92 62 67 66 70 56 98 60 53 37 78 125 145 137 117 119 113 91 76 55 46 44 50 68 77 85 84 81 98 129 138 130 124 108 112 101 77 86 81 60 37 47 53 43 30 27 38 40 58 79 75 72 68 62 65 69 68 64 58 55 56 60 63 67 
223 228 225 229 231 228 230 235 231 220 177 102 58 43 36 38 38 29 27 31 31 29 27 23 20 36 48 56 45 28 18 34 49 51 79 84 78 89 63 73 62 87 83 55 47 33 61 113 131 124 90 83 102 104 88 75 71 59 55 66 75 75 83 87 91 123 138 139 136 132 123 116 104 92 49 46 51 46 36 24 21 24 31 52 57 75 67 63 64 60 62 64 66 58 56 55 53 59 64 66 
227 229 229 228 227 230 235 241 238 234 229 215 178 103 53 45 43 29 29 31 31 28 25 23 22 38 49 51 43 25 16 29 56 67 88 71 81 102 75 58 81 105 60 42 41 38 45 95 116 105 90 90 100 108 100 89 79 61 54 63 82 100 100 98 104 120 144 146 148 141 129 122 108 69 55 58 51 28 13 12 19 28 47 65 56 68 66 59 52 60 64 60 55 39 33 47 54 55 59 69 
229 229 228 226 226 232 235 242 240 238 234 233 231 214 186 98 48 33 29 31 31 30 25 22 24 42 35 34 30 23 19 32 48 69 75 73 75 104 104 78 96 87 57 37 43 38 43 78 89 95 83 83 92 99 100 96 77 65 70 83 96 109 110 107 112 125 140 147 144 137 130 105 94 85 77 61 42 24 12 21 43 58 68 63 62 66 62 54 52 59 66 69 65 58 48 63 59 55 57 68 
227 230 228 227 225 228 235 241 240 239 236 232 230 221 231 195 79 37 31 26 29 30 27 28 32 42 26 20 25 31 29 34 40 56 67 78 82 99 103 82 68 85 58 31 39 44 48 66 72 78 70 59 69 82 92 107 106 88 81 104 126 126 127 131 125 125 140 142 138 133 123 112 101 91 69 59 34 28 29 50 59 60 66 68 56 55 56 47 46 56 63 68 66 66 64 62 56 56 55 62 
228 231 231 230 229 227 236 240 239 239 237 233 228 218 230 225 140 49 33 27 28 27 29 39 39 32 24 24 33 39 38 33 38 47 59 74 94 104 103 95 54 60 54 34 32 60 51 51 60 73 80 65 67 79 92 105 121 121 104 93 104 125 130 120 116 116 131 145 144 130 109 89 74 97 80 58 43 42 60 67 60 62 68 63 56 47 58 56 46 53 66 67 72 70 71 64 57 54 52 59 
229 230 230 228 226 225 236 240 239 239 239 237 231 221 233 230 187 73 36 31 28 27 28 50 42 27 22 30 45 46 39 38 37 41 60 82 104 112 109 109 58 32 40 33 31 57 50 31 46 60 91 71 62 75 86 101 123 121 114 113 115 116 120 116 109 127 138 138 129 110 84 71 56 85 96 78 59 58 66 64 56 51 56 58 47 45 61 56 57 56 74 69 71 71 70 66 58 55 55 58 
231 226 228 229 227 228 239 243 241 238 239 236 230 225 236 232 216 122 48 33 28 29 35 45 37 22 17 33 50 49 40 40 49 59 73 96 112 117 113 115 78 33 25 29 34 54 51 28 30 48 84 82 62 67 74 89 118 131 125 118 122 124 126 132 133 125 130 130 120 102 78 54 60 72 112 95 70 75 67 56 44 42 42 47 54 50 58 65 65 63 68 62 62 70 68 68 62 51 41 47 
229 226 227 228 225 228 240 243 239 238 238 236 228 228 235 232 224 184 81 41 33 32 37 38 31 29 28 41 47 47 42 51 65 72 87 104 113 114 109 114 104 54 31 22 25 41 45 32 23 32 57 75 62 64 70 78 104 129 133 119 108 114 118 123 123 121 118 127 125 99 66 60 77 71 102 108 72 69 64 53 50 37 35 59 57 48 65 71 69 70 67 56 57 68 72 72 66 59 52 43 
228 227 226 225 225 225 239 241 237 237 238 235 227 231 236 232 230 219 159 66 38 37 37 31 23 26 36 44 53 49 52 65 81 95 100 106 113 109 106 115 117 87 63 35 24 27 38 34 23 24 43 56 58 58 70 90 101 107 112 102 84 81 95 102 102 104 115 131 123 79 71 89 87 69 83 104 68 59 63 46 27 34 50 51 55 48 47 69 70 70 65 62 63 63 64 69 77 68 62 57 
229 227 224 227 226 225 238 238 235 236 237 234 225 231 237 232 231 227 213 142 49 34 32 28 23 32 46 46 52 58 67 90 106 111 108 110 110 105 100 113 121 108 92 74 41 23 32 47 35 21 35 52 61 58 70 79 83 65 61 63 62 69 79 87 90 96 116 120 101 103 102 108 94 69 63 94 69 44 40 36 31 35 32 36 52 49 32 54 65 64 61 64 66 71 71 74 73 76 75 70 
227 226 225 227 224 226 239 238 235 234 237 236 224 231 236 233 233 231 226 197 90 40 31 28 26 35 49 44 61 69 78 107 119 122 114 108 109 103 96 112 116 113 103 94 69 36 31 58 65 45 32 61 67 64 69 81 76 57 32 40 52 72 85 87 97 99 96 104 111 126 110 98 92 70 54 86 59 30 28 28 29 27 34 45 47 44 25 46 56 61 62 63 67 68 78 70 72 76 76 70 
227 226 225 226 223 226 238 239 238 235 238 237 225 235 237 234 234 234 230 231 192 72 32 32 28 34 44 68 83 80 90 105 112 120 117 113 111 101 93 108 111 109 99 90 80 59 37 49 60 59 48 59 67 63 63 82 81 69 38 31 41 66 104 112 106 113 110 114 127 126 108 107 105 87 61 82 65 35 31 30 25 33 41 38 46 51 39 40 65 62 64 67 66 70 71 71 67 65 68 68 
224 225 225 225 226 228 241 238 239 236 235 236 225 236 237 234 233 231 230 234 235 143 50 34 33 35 54 94 99 85 97 106 104 117 116 117 110 95 87 99 104 101 99 86 75 71 56 42 44 54 64 61 65 61 61 79 82 68 52 41 54 67 91 137 161 138 129 135 124 120 118 123 114 105 69 79 71 44 34 37 42 42 41 45 58 71 65 45 72 74 66 70 66 64 68 69 66 66 61 58 
223 223 225 225 225 228 239 238 239 235 235 234 226 237 237 234 232 229 228 233 239 204 102 52 43 37 65 104 101 94 108 114 107 110 116 117 109 95 87 91 95 90 91 84 73 72 63 43 31 43 65 58 57 58 62 67 77 61 58 58 71 111 123 182 218 209 172 142 126 123 142 133 120 106 71 77 73 69 49 51 55 54 50 72 84 86 62 39 67 73 68 68 61 67 61 65 62 61 68 62 
223 222 225 225 225 232 236 235 237 235 236 234 223 238 240 234 232 230 224 229 240 227 188 95 51 33 78 104 106 105 110 121 115 104 111 115 97 92 83 91 91 85 92 88 79 71 61 48 32 36 57 61 50 55 67 68 64 62 60 74 101 180 205 225 240 244 232 180 136 147 155 145 134 116 79 78 80 85 71 67 66 70 71 80 86 75 48 45 47 71 72 71 65 66 58 55 62 64 64 63 
223 222 223 228 224 230 235 236 236 235 233 232 221 236 237 235 233 231 226 233 241 232 224 181 85 45 96 108 115 111 112 111 114 108 112 109 81 86 90 82 86 88 90 90 82 74 62 52 43 39 44 50 50 52 59 66 57 73 76 109 146 221 241 241 243 247 241 234 190 161 146 145 137 120 82 69 81 91 84 71 71 77 74 70 87 77 51 53 46 67 72 69 61 60 61 63 63 69 72 64 
227 223 227 230 224 232 238 237 236 233 237 231 222 235 237 234 234 231 231 235 242 235 232 221 148 70 106 113 120 116 114 113 106 110 102 94 79 87 97 95 96 101 91 91 77 69 58 53 53 47 46 45 48 62 62 68 79 94 127 180 199 239 244 244 246 246 243 239 226 190 138 143 135 111 58 57 81 83 90 86 77 82 77 51 37 48 41 39 48 60 68 66 60 61 62 65 61 66 73 72 
226 223 225 229 220 234 238 239 238 237 238 232 230 237 239 234 234 231 229 236 240 236 230 223 190 108 115 116 123 116 109 109 106 102 96 88 85 80 81 84 93 96 91 83 72 59 58 62 62 57 53 52 50 70 94 107 123 146 191 222 232 241 244 245 246 246 244 241 241 224 171 138 111 99 38 51 72 80 88 88 85 82 67 51 18 18 23 43 48 49 69 64 63 62 58 58 49 59 58 62 
224 221 227 227 220 235 238 237 237 238 237 231 226 238 234 234 231 233 229 237 239 238 229 221 189 122 116 117 118 112 104 97 103 95 94 87 89 74 65 64 70 79 84 86 74 60 66 72 74 77 76 80 87 98 147 171 183 201 224 232 234 243 244 244 247 246 243 238 243 236 190 124 114 96 28 42 76 87 93 99 86 74 71 66 41 21 22 45 42 42 65 66 65 61 55 58 61 53 63 69 
223 224 227 224 221 239 238 236 236 235 235 229 226 238 235 232 232 233 232 238 242 240 232 224 176 121 120 119 116 108 99 103 105 102 103 103 95 76 57 68 57 50 66 95 83 81 77 90 122 119 145 156 163 166 184 212 219 226 232 236 233 245 245 244 245 246 242 238 243 240 212 139 102 86 30 42 71 78 107 109 84 87 93 102 87 48 40 61 50 43 67 74 75 73 63 72 74 66 76 79 
220 223 223 221 219 237 237 235 234 233 234 229 230 238 236 234 232 231 230 239 241 241 235 219 156 119 121 121 114 107 98 107 111 113 115 109 101 93 61 63 69 49 66 100 115 106 121 150 200 196 213 222 212 208 221 230 232 231 235 237 236 246 246 245 245 246 242 238 242 240 229 156 95 71 36 51 66 86 113 120 99 87 119 117 98 75 61 59 52 51 56 72 65 64 60 69 73 70 72 77 
220 221 221 213 220 238 238 233 234 229 232 228 230 239 237 234 232 230 230 238 242 241 233 203 131 119 121 119 110 103 102 109 116 115 111 122 155 114 91 64 73 72 89 130 175 164 180 211 235 235 238 239 235 224 233 237 234 233 234 235 236 245 246 245 245 245 242 237 242 240 238 159 95 64 37 57 72 81 102 124 131 106 96 105 93 88 73 64 62 53 50 60 64 61 61 72 73 72 69 67 
221 217 217 211 211 232 234 235 236 231 234 221 229 236 237 235 231 229 230 240 240 237 229 183 116 115 115 115 110 105 103 113 134 136 128 152 196 171 133 109 105 97 154 159 213 221 211 232 245 243 241 243 240 228 235 236 236 234 235 234 232 244 247 245 244 244 242 237 242 241 225 129 92 61 46 59 72 72 74 105 121 123 102 76 49 63 75 67 59 56 52 51 56 56 69 68 69 65 67 68 
217 205 178 118 76 95 129 182 223 234 235 224 233 234 234 232 231 230 231 240 240 236 223 170 109 113 107 113 110 109 123 147 179 198 167 179 222 213 166 161 162 161 170 207 206 235 230 237 246 245 243 244 241 229 236 236 236 234 235 235 235 244 247 245 244 244 241 236 243 239 187 109 90 87 62 63 68 62 52 80 96 109 124 109 57 59 76 73 67 54 53 44 55 70 72 72 66 57 64 64 
67 51 36 31 31 35 38 37 65 199 232 220 230 235 230 227 230 229 231 242 240 234 223 174 100 118 109 118 130 151 186 212 217 232 206 213 232 231 196 198 197 213 198 213 224 233 237 241 246 246 245 245 243 230 237 237 236 236 238 238 236 244 247 246 245 243 240 234 243 236 189 112 70 100 90 74 62 64 36 44 79 87 80 105 72 61 74 72 64 56 56 55 56 74 76 67 69 63 65 59 
58 85 105 135 171 174 173 180 189 213 227 213 229 234 229 227 229 229 231 241 240 232 224 197 117 111 130 161 187 211 227 231 230 243 234 232 233 241 220 210 226 226 230 228 230 236 237 244 247 246 245 244 243 231 237 237 237 237 239 237 233 245 248 247 245 244 242 233 242 236 220 183 113 97 82 81 71 66 39 23 46 59 58 75 61 46 64 71 72 62 58 54 52 68 77 69 69 68 63 59 
211 220 220 220 228 237 233 229 219 198 202 207 226 233 227 224 223 226 221 238 236 232 218 209 178 157 184 212 223 232 236 235 233 245 242 240 237 242 236 221 231 236 239 240 237 237 238 244 247 246 245 245 242 232 237 239 238 238 239 237 232 243 247 247 245 245 242 233 242 242 238 229 198 109 60 82 61 62 36 27 29 51 47 57 56 42 60 71 73 67 62 59 56 58 71 73 66 64 64 62 
217 213 222 216 228 232 227 200 123 129 213 212 227 229 221 222 218 220 224 237 239 232 219 216 212 202 215 228 230 237 237 232 232 243 244 238 239 242 243 232 231 237 239 243 240 238 234 243 247 246 245 243 241 231 239 241 240 238 239 239 234 241 246 246 246 243 242 235 244 242 241 236 229 161 60 78 60 70 43 29 30 45 45 49 74 62 52 73 71 66 64 57 54 52 65 66 63 64 68 63 
218 213 218 211 226 220 148 70 85 201 229 211 229 227 220 222 218 217 221 237 239 232 225 220 224 209 223 232 234 237 237 235 234 244 245 241 242 242 243 238 234 238 238 242 241 237 233 243 247 246 245 242 241 233 240 241 239 234 237 237 231 240 244 246 246 243 242 235 242 240 239 238 238 217 80 72 66 72 52 37 27 42 45 49 67 66 57 72 66 63 62 58 55 53 62 69 65 60 56 52 
218 213 211 198 181 97 49 61 169 223 225 212 226 227 221 219 217 214 215 231 233 234 230 226 229 216 231 235 235 235 235 232 230 243 245 244 242 243 244 238 236 239 241 243 242 238 236 244 247 246 244 244 241 233 239 241 238 236 237 236 231 241 245 246 245 245 243 235 241 239 239 239 240 232 100 73 71 73 59 46 36 39 51 60 59 67 61 66 58 55 62 60 51 48 54 69 66 54 51 42 
217 203 157 86 48 39 48 139 209 200 184 165 162 161 129 122 115 81 67 69 74 106 159 209 228 219 232 238 236 235 229 230 228 243 244 245 244 246 243 237 238 240 243 243 243 238 237 245 247 245 244 243 241 232 237 241 239 234 235 234 230 239 246 246 244 244 244 236 240 239 238 238 240 217 107 62 69 72 70 54 40 36 61 66 65 74 67 62 61 55 60 58 52 51 55 64 66 63 55 56 
184 96 44 37 35 34 62 84 70 53 46 42 53 41 55 62 35 29 30 34 52 94 149 197 228 221 233 236 232 231 217 224 228 243 244 244 243 244 243 237 238 241 243 243 241 241 237 244 247 245 244 244 242 235 239 241 238 234 235 234 231 241 246 245 245 245 246 237 242 238 236 237 238 183 103 61 74 71 62 48 42 33 53 67 66 71 63 58 63 54 54 55 49 52 54 62 65 65 56 41 
50 33 34 33 32 29 32 27 28 27 27 28 29 29 33 45 51 64 101 163 215 233 237 236 233 217 232 234 231 216 194 223 229 244 247 243 245 245 243 237 237 241 242 241 241 240 233 244 244 246 246 245 245 237 238 240 237 235 236 236 232 240 244 245 245 245 244 236 242 240 239 239 236 205 97 75 64 76 70 57 37 33 41 64 61 65 68 67 53 51 54 55 50 52 52 57 62 66 59 51 
33 37 36 35 36 32 31 30 33 31 30 28 32 38 72 131 193 206 220 233 238 238 237 232 231 218 231 234 226 190 204 224 230 244 246 245 245 244 245 236 237 240 241 241 241 239 232 244 245 245 245 245 244 240 238 240 237 235 235 234 230 238 244 244 245 245 244 237 242 239 239 237 236 206 82 75 75 74 73 69 51 39 42 60 61 65 70 64 61 57 54 62 57 55 50 48 63 61 57 53 
28 28 28 30 33 32 27 30 36 37 41 49 77 119 192 217 216 212 223 231 236 235 231 230 228 212 225 220 197 176 219 228 234 245 245 247 245 246 247 234 237 240 240 242 241 239 234 243 246 243 244 245 244 241 238 238 238 235 234 235 228 237 243 244 245 246 244 238 241 240 239 236 236 204 68 87 78 81 81 75 62 48 50 71 60 60 62 70 65 65 67 65 63 59 54 47 58 63 69 57 
10 13 16 20 31 38 52 76 123 159 162 188 219 226 223 220 212 203 209 198 168 145 129 115 111 102 110 118 130 203 227 229 234 245 244 246 245 246 247 234 236 239 239 238 240 238 234 243 245 244 243 244 244 243 238 236 237 236 236 235 232 236 242 243 244 246 244 237 241 240 238 237 238 191 59 90 78 72 82 77 57 46 41 68 65 64 56 64 58 66 73 70 70 63 54 52 55 63 65 64 
