42 49 40 60 52 59 74 53 77 65 72 98 99 242 252 246 240 232 228 228 229 233 227 210 211 216 221 231 237 240 196 69 131 88 216 225 223 226 215 227 220 222 229 215 230 224 219 221 199 208 191 193 199 179 203 172 181 143 92 94 81 16 10 12 15 18 17 18 18 17 17 17 17 16 16 16 16 16 15 13 10 6 6 6 5 9 21 17 27 31 37 41 46 47 48 50 53 56 58 60 
98 123 107 131 127 120 127 114 128 119 119 123 112 240 252 248 245 238 231 232 235 240 230 212 210 217 222 232 237 244 213 69 134 74 210 224 222 228 222 231 229 228 236 225 235 232 231 235 225 234 221 223 220 209 221 198 203 156 93 100 103 19 10 12 13 18 17 18 18 18 17 17 18 16 15 15 15 14 14 12 12 8 8 6 5 8 20 24 30 32 38 43 42 32 50 54 56 59 60 61 
139 144 110 125 110 125 144 128 157 144 147 162 130 241 251 249 245 233 231 233 237 240 231 213 212 219 224 235 236 241 222 72 144 77 199 223 217 224 214 227 227 227 233 221 231 226 226 227 214 224 210 211 206 195 207 181 188 133 76 90 116 29 13 11 16 19 19 19 18 18 17 17 17 16 16 16 15 15 14 13 12 9 8 7 5 7 23 25 29 33 40 41 40 30 52 58 58 60 62 63 
170 184 175 192 182 185 200 197 209 204 204 211 162 241 252 251 241 232 229 233 234 236 233 214 211 222 225 234 235 242 234 77 142 88 201 232 227 234 223 227 224 215 224 208 220 217 214 221 210 226 216 221 223 218 226 205 215 158 76 87 135 49 12 13 14 18 18 18 17 17 17 17 16 15 16 16 15 15 14 12 13 10 8 8 8 7 20 26 29 34 41 41 45 46 56 56 59 62 64 64 
171 195 191 205 202 200 220 212 222 221 221 226 197 234 251 246 238 231 230 232 233 234 232 213 210 223 228 233 232 245 239 85 137 79 189 233 225 239 232 240 244 237 248 246 248 247 241 243 225 230 217 218 216 203 214 192 202 141 62 77 133 65 10 14 14 16 17 17 17 17 17 18 16 16 16 15 14 13 13 13 12 11 7 6 6 7 17 26 28 34 39 42 47 49 53 58 59 60 65 51 
175 194 177 187 178 177 195 182 194 196 186 209 184 229 252 242 236 231 234 234 236 241 234 221 215 223 228 232 236 240 243 97 131 71 167 224 215 229 221 223 233 220 234 234 235 245 233 241 223 213 215 201 212 193 206 202 198 170 76 79 124 79 13 13 14 16 17 17 17 18 19 18 17 17 17 16 14 14 14 14 13 12 10 12 12 13 16 22 25 31 40 43 49 51 54 58 59 63 64 52 
177 185 179 193 179 186 200 189 199 193 196 210 169 235 250 240 235 232 232 234 236 241 238 231 226 226 227 235 240 242 243 114 129 81 164 232 224 239 240 238 245 238 245 242 242 246 240 243 231 219 225 212 229 216 212 219 194 210 138 149 124 86 13 14 13 16 18 18 18 19 19 19 18 17 18 18 17 18 18 18 17 17 17 16 16 16 14 13 14 14 16 25 35 49 55 59 61 59 64 62 
190 191 178 198 181 186 196 180 203 205 197 213 181 236 250 242 239 234 231 232 234 239 238 227 222 224 228 236 241 242 243 121 125 93 155 230 220 231 227 224 235 219 232 228 223 234 218 225 215 200 217 201 223 217 214 232 204 223 164 173 150 118 18 15 13 16 19 21 21 21 20 20 20 20 20 20 19 18 17 17 19 19 18 17 17 17 17 17 17 15 13 12 14 17 28 49 60 62 65 66 
166 182 157 181 173 171 190 174 189 198 192 213 201 234 251 248 245 239 235 234 236 240 240 231 223 222 224 236 241 241 243 130 118 98 137 224 217 227 226 223 237 224 232 232 226 237 223 227 225 218 232 222 231 232 231 243 236 238 207 191 167 146 27 13 11 16 20 22 24 22 20 18 17 16 16 17 17 17 16 19 19 19 19 20 21 20 20 18 17 16 14 14 13 12 14 15 26 50 62 65 
148 169 144 166 165 156 176 166 174 188 190 213 216 238 253 251 247 245 245 243 242 244 241 231 223 223 225 232 243 240 243 143 112 106 128 227 218 229 230 218 235 224 234 243 240 245 237 242 242 235 242 231 238 227 225 237 220 227 161 139 149 147 40 19 19 20 21 20 19 17 18 20 22 23 24 25 25 25 21 22 21 23 24 25 26 25 25 23 22 21 18 16 15 15 14 14 16 15 33 61 
78 60 68 76 57 79 71 71 92 77 102 116 130 233 251 247 249 249 250 250 249 247 247 240 231 227 224 233 244 243 245 155 104 123 138 234 226 232 236 226 244 234 234 237 229 239 222 232 227 219 227 214 230 225 224 239 226 232 165 113 92 69 25 20 22 22 21 21 22 23 23 25 28 30 31 33 31 29 25 22 27 31 30 29 29 29 29 29 26 24 22 19 20 16 15 15 14 13 12 21 
125 107 111 130 108 132 134 122 149 130 150 171 181 245 252 250 251 252 253 252 252 250 248 247 241 237 227 238 245 248 247 168 96 124 116 232 230 234 239 227 243 239 238 246 237 243 233 226 232 212 221 212 209 220 204 206 162 106 50 27 25 26 25 26 25 25 26 27 29 29 29 30 31 34 37 39 37 33 29 25 30 34 34 34 34 33 32 31 28 34 27 24 21 17 16 16 13 13 12 14 
175 183 169 195 180 190 203 189 206 202 209 222 203 249 253 252 252 253 253 253 253 253 252 250 247 241 230 243 251 247 251 180 95 132 97 223 217 222 226 215 229 229 226 243 234 241 244 236 244 226 231 208 163 128 69 33 29 29 30 30 30 30 29 29 28 29 31 32 32 34 35 36 37 38 41 44 46 36 32 25 27 31 33 34 34 32 30 27 32 53 38 23 22 22 20 19 15 15 15 17 
196 202 192 211 201 206 220 210 224 223 222 231 204 249 253 252 253 253 253 253 253 253 252 250 249 243 232 244 252 248 251 195 95 138 88 224 225 227 235 230 238 240 237 243 219 196 165 130 108 72 45 34 33 31 32 33 32 33 33 34 34 34 34 34 34 36 38 39 39 38 39 40 41 42 42 42 41 33 24 17 18 25 26 29 27 25 26 37 50 59 49 38 34 47 31 27 33 18 17 18 
186 189 181 202 186 200 207 190 207 198 196 215 199 248 252 253 252 252 252 252 252 251 252 252 252 249 238 248 251 247 253 212 99 152 86 215 218 221 218 166 139 105 73 55 41 38 37 35 38 40 39 36 37 38 38 36 34 35 35 38 39 40 40 41 44 44 46 44 41 37 40 38 39 37 31 26 20 19 17 12 11 13 19 20 29 33 55 70 69 65 63 54 64 63 55 51 38 21 21 25 
199 195 198 209 200 220 224 220 230 227 226 228 192 248 252 253 252 252 252 252 252 251 252 252 251 250 240 249 251 249 253 225 99 160 75 141 96 55 39 34 36 34 37 39 41 40 40 42 44 44 43 41 42 43 42 41 39 41 40 44 45 44 47 49 49 50 41 40 35 31 30 27 27 25 19 18 25 35 38 27 23 34 34 50 65 74 87 89 85 78 74 68 75 68 71 66 61 50 43 43 
190 179 181 199 182 198 204 196 212 202 204 217 191 247 252 251 252 252 252 252 252 252 252 251 251 247 241 248 251 248 243 188 69 50 31 32 30 36 39 40 42 43 45 45 48 44 43 46 46 48 46 46 47 46 46 44 43 38 46 50 48 38 44 38 45 32 33 40 46 38 40 35 28 32 49 59 61 78 75 67 72 70 79 83 89 96 99 98 92 87 79 85 93 94 93 87 77 70 57 62 
176 171 168 197 179 196 202 194 217 204 206 224 190 246 252 252 252 252 252 252 252 252 251 251 251 247 242 224 176 123 62 40 37 34 34 36 35 40 42 44 46 44 43 45 48 42 40 44 46 50 48 49 48 48 48 47 50 35 38 39 42 40 45 41 39 59 66 81 78 67 76 62 72 85 93 90 97 100 93 94 91 94 94 99 101 106 107 104 100 96 98 103 101 103 99 85 83 80 73 72 
192 190 188 210 198 205 208 203 220 208 202 209 181 242 251 252 252 252 252 252 252 252 251 248 243 199 102 48 34 29 28 33 31 28 31 31 30 35 35 39 37 27 25 30 34 29 31 34 36 39 40 41 39 50 56 48 74 55 57 52 74 69 77 60 85 98 101 99 94 92 95 95 106 108 105 109 109 103 103 106 103 104 103 104 110 112 111 111 110 108 111 107 103 103 95 95 97 88 79 74 
187 198 193 213 205 206 211 204 221 209 208 212 187 243 251 252 252 252 252 252 252 251 250 220 116 48 36 31 25 19 24 25 22 19 20 20 19 23 20 26 23 20 16 20 28 34 32 40 25 34 36 35 37 47 72 71 93 84 91 101 99 97 98 98 105 106 108 109 104 108 115 112 113 115 112 111 111 110 113 108 105 111 115 114 117 116 118 115 112 114 115 108 100 102 102 109 101 93 89 86 
148 155 144 167 155 153 166 161 173 153 151 149 114 191 200 201 199 196 192 188 182 185 172 69 39 27 19 18 16 17 18 18 16 13 17 16 17 12 17 18 20 22 18 29 34 45 63 36 34 51 58 65 52 72 80 89 94 91 102 104 105 107 107 110 117 119 117 115 117 121 119 121 122 113 116 119 118 116 112 111 116 116 117 117 118 116 117 114 114 116 113 111 112 110 105 106 101 96 93 86 
27 20 19 21 20 17 20 19 19 19 21 22 27 27 29 29 30 29 27 30 35 61 48 40 33 24 17 15 13 15 20 26 20 18 22 20 18 22 26 28 33 31 33 43 44 57 54 53 64 73 77 81 77 73 86 89 93 101 102 103 104 109 114 115 119 119 116 119 121 122 131 129 122 122 122 124 123 119 117 121 121 120 119 117 116 116 115 118 124 127 128 123 118 114 110 110 104 101 99 92 
26 32 33 25 18 15 15 16 15 16 18 17 17 18 19 20 18 19 21 21 35 51 41 33 35 30 31 19 15 21 24 63 35 40 39 26 32 41 42 48 47 47 53 53 53 52 58 59 59 64 68 72 71 69 79 83 96 105 106 105 106 112 118 116 119 118 121 119 125 131 132 127 127 125 124 125 122 118 123 121 123 122 123 120 121 120 117 122 125 127 126 122 119 117 115 114 111 110 105 94 
12 13 15 23 31 31 27 21 15 16 18 18 18 18 19 20 22 22 21 19 40 38 35 42 29 65 54 53 32 38 55 85 66 70 74 64 65 59 55 67 62 63 72 69 58 59 67 61 53 55 53 56 57 59 64 77 93 107 110 106 105 113 122 121 125 123 118 122 127 126 130 131 130 127 126 125 123 121 123 124 128 127 124 122 124 123 124 126 127 127 123 119 120 119 117 116 114 118 114 107 
17 18 18 17 17 18 24 29 31 27 25 23 29 28 23 28 30 50 76 54 48 49 43 54 63 103 90 88 62 80 97 94 97 98 88 85 79 89 91 109 82 97 101 84 76 86 73 60 55 49 45 52 51 48 59 75 92 105 111 111 107 113 123 123 127 126 124 122 126 129 132 130 129 131 131 127 125 126 128 131 131 129 127 127 128 128 129 129 126 120 114 114 113 115 114 114 123 123 119 112 
15 15 16 17 17 19 20 21 22 21 25 32 48 44 25 24 30 107 128 139 137 109 82 93 111 125 127 111 111 108 109 112 104 95 96 87 108 130 139 127 117 137 123 112 103 84 85 57 63 55 52 54 50 48 55 72 81 99 107 114 113 114 121 121 124 122 126 130 135 136 133 132 132 133 128 125 125 128 130 133 133 131 129 128 128 128 128 128 126 126 124 122 120 118 114 121 127 124 120 114 
14 14 14 17 18 17 21 19 19 19 20 18 23 22 21 24 26 79 114 118 132 136 139 133 149 141 139 102 104 120 125 115 92 94 103 107 140 154 155 137 138 147 134 129 122 123 122 113 115 112 102 91 79 65 67 61 67 79 91 107 115 118 121 125 125 131 133 139 142 142 139 136 134 131 128 126 123 126 129 129 130 129 129 130 130 129 126 127 127 127 124 126 127 118 110 118 123 127 126 118 
16 16 15 16 18 18 20 20 19 19 19 22 21 23 23 22 26 33 115 110 133 147 150 149 159 152 159 88 112 116 108 99 104 106 116 140 154 157 159 152 142 142 137 134 130 130 128 133 136 140 137 135 132 124 105 86 69 67 80 99 109 123 125 125 128 133 139 139 139 141 141 139 136 134 132 129 129 130 132 132 131 132 134 136 136 135 133 128 126 124 126 128 126 113 111 122 128 127 123 118 
15 14 14 15 17 17 15 18 20 19 18 20 22 26 26 26 35 42 74 117 115 133 142 151 161 151 171 125 108 90 86 85 122 142 145 150 154 152 162 156 145 139 138 130 132 124 128 135 137 140 139 139 129 113 95 77 64 59 69 85 101 117 126 133 135 140 143 143 140 140 142 141 139 136 136 133 132 132 133 134 133 134 133 134 135 133 136 137 135 131 126 122 117 102 105 110 115 118 117 113 
15 13 13 13 14 14 15 16 16 16 17 20 21 23 32 47 67 61 33 118 115 132 139 146 154 156 163 135 125 95 82 89 111 152 159 155 151 149 145 141 142 146 145 141 138 137 135 142 139 146 151 148 143 140 129 117 102 86 84 94 108 121 126 128 134 141 143 141 141 141 143 141 141 143 142 139 138 137 138 139 138 136 133 133 132 131 135 136 135 131 125 121 117 114 115 117 114 113 109 106 
14 14 11 13 16 15 15 16 17 19 19 24 27 37 54 83 100 85 45 55 119 126 140 139 145 156 157 139 119 101 87 108 116 147 148 148 145 145 142 143 148 147 138 135 144 146 146 147 149 158 156 155 150 144 142 136 131 118 104 91 98 106 111 119 131 137 141 141 140 141 142 143 145 143 142 143 141 140 140 143 143 141 139 135 131 130 132 132 132 128 122 119 116 115 117 117 111 109 107 103 
11 13 12 13 16 17 16 16 18 20 20 24 39 67 93 102 104 79 55 29 88 121 133 136 137 146 150 146 119 120 117 127 116 125 132 131 137 137 146 145 143 139 127 132 143 154 149 151 142 142 150 149 146 144 146 144 141 138 125 105 92 102 111 125 135 139 138 137 143 150 149 148 146 144 143 143 142 141 138 137 139 139 139 137 133 132 133 130 129 126 123 118 118 124 125 118 110 111 110 104 
12 14 14 14 15 16 16 17 19 21 23 24 32 69 105 116 103 80 59 37 46 122 120 132 134 138 148 133 128 144 139 133 135 126 135 130 134 128 140 144 131 115 115 127 145 151 146 148 152 152 144 146 143 141 146 147 144 127 107 90 91 96 101 115 125 136 139 146 144 153 152 149 145 146 147 145 143 141 137 137 135 132 129 130 135 135 130 129 128 128 122 117 118 122 119 114 112 115 110 105 
13 14 14 15 14 14 23 25 25 27 30 40 67 83 108 113 99 77 59 43 36 73 112 112 122 133 134 121 126 140 137 135 122 127 130 126 113 118 127 138 117 105 118 120 142 155 164 157 156 152 144 143 142 146 150 155 160 160 153 137 123 107 96 113 127 131 131 131 137 139 144 145 144 139 137 139 138 137 138 135 134 132 130 130 130 132 137 137 132 125 119 115 119 124 123 111 106 104 99 92 
11 12 12 13 12 16 29 43 46 48 53 67 85 102 107 110 108 100 90 62 48 37 83 108 101 109 93 88 132 131 138 121 120 123 129 125 123 115 119 119 105 122 111 106 131 151 161 168 160 147 147 148 154 158 159 162 164 162 149 126 118 104 98 93 105 119 129 130 139 139 142 143 143 144 140 141 140 138 134 136 138 138 138 138 135 132 134 135 129 122 117 113 115 117 117 105 94 84 79 75 
10 10 10 11 11 15 30 47 50 51 62 80 103 110 110 107 117 125 118 94 82 60 34 57 93 75 73 112 124 131 134 132 136 136 134 136 134 137 124 109 130 139 106 100 120 141 155 175 164 149 159 164 168 166 168 171 169 165 162 155 140 117 106 108 115 125 130 139 146 149 147 151 152 149 147 148 146 142 134 134 136 142 146 144 137 131 132 133 126 119 114 109 110 113 109 91 85 82 75 74 
8 8 9 10 8 18 29 45 43 45 63 90 106 114 119 115 124 127 134 116 95 84 71 61 62 83 97 123 114 138 137 131 123 115 114 131 132 135 138 123 156 165 103 109 116 150 144 163 156 160 156 166 171 169 181 178 176 178 175 168 160 145 120 96 97 112 126 133 140 144 145 144 147 150 148 146 146 144 139 135 130 134 138 140 138 133 128 127 124 119 116 109 107 106 99 88 74 70 70 71 
8 8 8 8 7 13 26 44 41 43 60 91 106 116 120 120 127 132 135 122 108 103 98 90 96 98 107 110 110 133 129 131 117 112 99 115 121 131 132 136 183 177 133 135 133 144 138 155 155 159 153 148 160 171 178 182 186 186 181 177 169 162 148 130 116 107 128 148 146 144 145 144 150 150 151 152 147 143 140 138 133 132 133 133 133 132 128 128 121 117 115 113 107 102 96 96 83 74 68 62 
7 7 7 8 8 14 23 37 37 46 74 96 116 124 121 121 129 129 132 129 117 118 113 109 108 98 109 102 103 107 119 138 127 126 110 106 119 150 136 134 127 159 151 134 142 132 134 146 145 157 155 141 141 150 175 188 189 186 184 177 171 156 130 107 92 93 96 136 151 143 143 143 146 151 148 148 153 151 144 144 136 134 133 132 130 129 128 126 125 123 116 108 107 103 92 73 76 71 52 53 
8 8 8 8 8 13 21 35 34 56 89 110 124 132 125 119 131 132 132 122 110 107 106 101 86 77 84 74 77 93 98 118 111 134 142 143 135 152 65 65 122 127 175 127 132 138 124 138 142 161 155 150 156 150 159 176 183 184 186 181 171 153 124 96 75 70 77 89 126 131 131 140 142 149 151 148 151 150 146 143 141 137 137 137 135 134 131 132 130 126 117 106 104 104 98 88 74 68 49 56 
8 7 7 9 7 11 20 33 37 57 95 121 129 132 124 123 139 137 129 112 101 96 82 69 52 40 51 48 56 90 105 83 85 93 110 134 165 121 69 51 102 138 185 128 121 138 147 150 155 162 141 156 154 155 142 170 185 191 189 180 163 146 116 85 73 65 71 82 88 111 125 131 136 146 150 146 143 142 144 145 142 142 138 139 141 140 139 136 132 126 120 111 103 99 95 84 75 57 72 74 
10 9 8 8 7 11 22 31 41 69 97 120 127 130 119 136 149 147 129 106 109 93 80 58 48 62 84 79 58 85 119 117 99 91 79 88 110 103 129 131 142 125 197 165 122 141 162 153 150 139 183 166 184 155 146 162 185 194 189 175 157 135 115 105 86 68 72 74 86 84 102 124 128 137 144 143 143 142 140 142 141 145 142 141 142 142 142 138 136 132 128 123 109 100 93 85 76 62 84 90 
11 11 8 7 6 11 21 30 35 50 77 108 125 127 120 139 150 154 140 118 102 82 49 45 57 58 74 92 90 67 88 115 132 130 128 116 101 118 117 117 89 131 158 145 109 108 132 159 151 133 172 142 175 159 150 163 190 193 189 182 172 153 129 113 103 70 60 64 70 67 85 104 119 125 133 133 140 143 143 143 141 144 147 148 143 140 139 138 135 133 134 134 127 111 96 86 77 61 79 75 
10 11 12 13 14 17 20 16 23 46 87 115 128 127 122 138 150 159 163 134 95 65 40 39 60 57 75 91 117 126 85 69 84 114 128 125 119 145 143 79 74 100 62 79 46 87 131 164 122 113 141 133 175 167 156 151 171 191 194 187 181 171 150 130 111 72 74 78 88 69 71 70 95 114 120 126 130 133 137 141 136 135 136 140 144 143 142 141 139 136 137 135 135 128 113 93 76 61 60 52 
10 9 13 13 15 14 14 14 18 44 86 115 125 121 121 139 152 160 160 134 90 55 47 47 58 72 85 90 101 116 135 119 100 97 116 121 101 120 163 184 140 89 60 59 69 77 123 164 170 163 167 157 185 169 156 150 157 184 187 187 173 151 139 143 136 122 99 95 95 76 71 77 73 93 105 118 121 124 131 135 134 136 134 138 142 141 141 142 141 138 140 138 131 118 105 92 76 62 51 41 
52 45 30 24 31 33 35 37 38 54 96 120 123 121 128 138 147 151 146 137 99 56 57 64 75 91 91 105 126 123 122 134 144 141 142 137 117 121 119 132 142 137 117 110 100 84 78 109 140 193 201 200 196 158 173 162 154 179 183 178 163 154 156 150 148 137 130 117 108 95 82 64 64 78 94 112 120 121 129 130 131 136 139 138 141 143 141 139 138 140 140 137 128 114 96 77 65 50 36 38 
53 53 59 50 30 42 48 47 49 59 90 117 121 118 126 134 145 142 134 127 102 65 74 79 105 122 96 88 80 69 78 90 101 135 139 145 146 152 146 134 135 137 147 141 123 119 104 88 79 138 206 209 192 166 185 175 155 168 175 179 171 160 162 161 155 148 132 116 109 101 101 91 88 79 68 91 115 123 122 125 129 131 137 137 136 132 133 135 134 138 131 128 118 103 80 66 45 33 35 41 
63 62 55 49 52 42 42 54 57 66 92 117 120 122 123 131 134 135 134 130 109 89 82 89 91 109 105 93 101 86 82 68 87 114 111 123 112 120 117 124 121 133 141 138 116 104 111 118 100 106 131 208 184 178 189 171 161 177 170 169 174 171 164 154 149 146 119 110 115 112 112 115 99 84 59 54 74 95 110 118 123 128 131 131 132 127 127 130 127 134 133 122 114 95 82 67 45 26 36 31 
75 74 67 62 53 56 51 34 47 52 80 107 113 115 122 131 134 138 139 126 115 97 78 89 113 129 131 125 133 127 117 112 122 120 127 108 108 108 115 110 111 114 126 98 91 86 96 111 117 139 103 162 166 188 194 164 163 180 187 173 167 166 156 151 143 144 133 124 112 115 110 126 118 92 61 46 49 60 81 105 108 117 122 120 125 124 125 128 125 129 132 125 113 108 92 71 46 21 32 30 
77 76 76 72 65 59 54 48 35 41 67 100 114 115 109 127 135 132 136 149 137 110 89 71 88 119 112 97 109 124 128 141 146 148 134 116 144 160 151 136 102 87 104 104 82 80 89 102 109 142 182 200 176 190 187 170 175 193 179 172 167 153 150 145 142 154 145 127 117 107 101 114 121 107 80 60 48 50 51 79 99 109 113 115 118 123 123 126 125 126 126 122 115 113 101 70 30 22 27 26 
70 72 75 73 68 64 63 59 45 33 63 91 111 110 98 119 132 129 143 141 130 124 124 106 101 101 95 123 134 147 156 157 159 158 145 158 157 131 87 102 63 27 35 55 68 78 93 107 160 209 216 199 171 179 176 189 187 187 183 170 170 162 143 132 134 139 130 122 119 105 97 103 110 120 111 99 69 44 29 43 66 92 102 107 112 116 119 122 122 123 124 120 107 99 90 74 46 25 33 49 
77 81 80 78 75 72 77 79 72 47 45 92 107 108 92 99 103 107 111 120 133 143 150 143 139 129 122 125 120 115 103 114 133 131 142 138 116 138 149 127 160 88 70 53 108 150 165 184 197 206 209 191 167 181 200 207 204 193 185 185 179 169 154 124 121 120 112 118 132 133 120 111 102 108 109 105 105 67 37 28 31 51 72 90 101 108 110 114 115 114 118 114 106 87 80 76 79 83 49 50 
70 84 88 85 79 82 87 88 79 64 48 61 110 103 73 76 83 84 83 81 85 114 138 150 144 150 127 133 142 132 133 134 140 154 174 86 56 74 144 159 203 163 139 107 126 152 151 148 170 171 196 189 176 197 202 203 202 199 193 186 186 180 168 152 135 127 121 128 133 130 131 128 116 109 109 111 114 99 56 40 30 30 45 54 73 87 95 100 105 107 107 106 101 92 83 83 87 99 106 102 
63 81 93 86 81 93 97 96 90 81 50 51 99 83 51 46 50 50 58 105 114 116 114 134 153 157 154 153 146 168 157 151 152 158 166 79 87 122 121 189 180 156 145 159 152 133 139 166 177 171 176 182 194 203 202 191 191 193 186 182 182 177 166 150 123 109 118 127 129 130 133 132 131 128 121 109 95 98 106 96 52 42 31 42 48 55 61 79 87 97 97 95 92 91 87 89 92 105 112 113 
72 76 86 92 92 102 104 101 95 85 61 50 87 82 46 38 35 74 118 127 125 131 130 131 152 156 169 171 157 156 137 121 122 130 140 115 132 134 168 160 160 164 162 162 163 163 164 197 191 193 182 196 202 199 203 183 175 177 177 177 172 176 157 154 123 113 127 135 139 139 139 146 132 137 135 132 109 109 123 114 95 67 57 41 31 33 44 50 65 82 81 80 89 94 101 103 108 113 114 114 
79 77 88 92 94 94 96 93 90 86 65 48 81 68 42 35 78 137 137 139 133 143 151 151 154 164 164 163 163 151 138 143 140 147 139 140 188 197 179 163 167 172 159 136 151 168 172 183 194 195 195 203 204 198 193 185 178 172 173 177 179 176 159 154 113 117 132 136 134 142 147 141 151 159 166 154 134 116 111 113 118 103 71 46 29 25 28 34 44 59 83 58 101 104 119 121 121 120 118 116 
68 80 90 88 83 81 82 82 85 79 57 53 80 45 35 78 132 140 148 144 145 153 154 159 159 172 169 163 154 151 157 165 152 157 144 136 169 179 158 158 152 143 161 152 150 162 165 190 199 204 201 198 200 196 190 173 169 166 164 168 177 171 167 145 119 113 137 134 130 132 140 152 162 170 170 161 158 147 132 124 109 103 100 65 36 27 27 23 40 45 69 53 96 115 103 107 114 117 119 115 
62 80 85 84 80 75 73 76 74 61 56 68 52 32 93 138 147 150 155 146 154 166 161 149 176 163 156 164 156 169 160 155 154 154 153 144 133 155 129 139 136 135 156 167 160 165 171 195 197 200 200 192 186 191 173 163 155 158 157 157 171 156 159 136 109 106 130 131 137 135 139 155 172 170 170 168 164 156 143 133 117 114 124 104 83 40 25 18 26 37 79 41 43 69 118 117 106 101 107 112 
65 78 75 74 74 71 70 65 53 57 58 60 29 92 144 146 150 151 161 156 152 161 158 138 169 136 128 138 156 166 162 167 162 162 164 149 141 132 128 139 148 148 165 170 164 165 173 189 197 194 193 188 178 165 169 161 148 144 149 152 156 150 151 136 106 106 128 134 141 142 142 146 155 160 163 161 167 164 153 140 130 127 132 122 97 70 41 21 20 41 72 33 43 42 45 104 126 125 112 110 
80 78 76 78 80 77 70 56 56 52 61 47 113 136 145 151 137 148 149 151 142 153 158 135 140 108 115 132 155 171 174 167 171 176 179 159 154 146 158 159 163 169 170 173 165 168 177 191 192 191 184 179 173 164 145 147 141 127 120 125 141 141 149 136 114 123 137 143 148 151 148 143 144 143 147 148 147 158 164 151 136 130 126 127 123 101 50 25 23 29 19 20 33 36 37 40 72 119 123 110 
91 84 81 82 80 70 65 55 50 55 44 108 140 120 104 99 116 126 131 146 111 137 156 122 118 110 118 129 147 168 172 171 172 173 178 169 154 151 166 168 168 169 169 167 161 169 179 191 188 185 178 172 165 152 152 143 134 131 100 93 106 121 142 131 116 124 133 143 152 150 149 134 138 143 145 151 147 150 148 149 142 143 136 127 116 93 57 30 18 13 9 11 16 19 22 32 40 54 105 104 
74 75 72 71 68 64 53 45 55 52 55 72 61 61 72 72 95 99 116 134 97 115 147 124 109 116 120 119 131 151 164 172 170 167 166 162 157 160 172 173 177 173 169 167 168 172 182 188 176 174 168 166 154 141 143 140 140 135 112 105 98 115 132 129 121 125 137 142 148 153 138 138 140 138 137 138 145 155 165 159 153 149 150 139 136 119 91 40 22 16 12 10 9 12 14 24 32 36 38 81 
65 66 66 62 55 43 34 38 38 38 38 36 34 34 37 41 57 64 78 109 74 97 112 110 101 119 124 124 126 123 147 162 165 164 158 154 162 169 172 172 178 174 176 172 172 178 183 174 162 156 157 157 146 137 148 146 148 152 147 132 144 151 152 142 131 129 139 146 147 147 134 137 144 138 140 133 138 159 169 162 155 149 145 151 137 126 111 75 61 34 19 8 9 10 11 16 19 23 31 35 
61 61 54 42 32 24 26 22 22 21 21 19 21 20 20 21 26 37 48 75 50 53 63 77 75 116 134 136 133 133 133 143 153 156 159 155 167 173 177 179 182 176 175 175 171 179 178 159 161 144 143 148 142 147 156 156 154 154 155 152 157 152 155 146 145 144 148 143 149 146 143 142 152 133 143 136 137 156 168 165 160 151 138 129 131 135 119 98 73 67 40 22 14 11 9 10 13 15 21 25 
44 36 28 22 21 20 22 20 20 19 18 17 19 19 18 18 19 24 32 29 27 26 34 30 49 110 132 135 140 139 139 135 140 144 152 156 164 168 176 177 181 178 173 178 176 173 170 154 152 159 139 143 148 156 158 158 157 158 159 157 158 157 158 149 144 141 144 140 139 139 143 137 157 135 138 138 137 156 160 164 158 151 144 146 141 132 136 128 104 88 81 74 55 22 9 9 9 11 14 17 
18 18 19 17 17 16 18 17 18 18 19 19 18 16 16 19 22 24 24 21 25 23 27 23 22 39 77 130 139 145 142 141 141 140 142 151 154 161 169 172 173 175 168 173 170 165 161 149 142 158 149 150 155 156 156 156 158 159 160 156 156 155 152 151 146 142 144 143 134 140 142 129 144 145 129 145 139 148 158 161 166 156 138 133 135 144 146 147 151 135 118 90 82 40 12 8 9 9 9 11 
19 19 19 19 19 19 20 18 17 19 20 22 20 17 19 21 21 23 24 24 23 20 20 22 23 28 28 59 119 142 145 142 144 144 141 141 145 148 153 158 159 162 159 162 160 151 156 154 150 155 156 158 158 158 155 157 157 159 159 155 152 150 149 148 143 140 141 142 136 136 137 131 137 137 145 151 146 149 150 154 162 153 142 130 133 144 141 135 143 141 136 101 93 74 51 33 16 11 8 8 
19 19 20 21 21 21 20 16 18 19 20 21 19 17 18 18 19 21 22 22 20 17 20 23 24 25 23 27 39 95 143 143 144 144 143 142 144 144 147 147 151 150 156 153 156 152 154 157 158 158 160 161 161 159 156 158 159 159 157 150 148 147 146 145 140 136 139 141 134 132 142 134 130 135 142 142 141 153 146 160 160 155 151 138 155 161 158 152 143 137 136 124 117 112 106 75 43 20 13 9 
18 19 20 20 20 20 21 18 18 18 19 18 16 16 18 18 18 20 21 23 24 22 21 23 25 25 23 27 26 31 69 129 137 142 146 147 146 146 148 148 150 148 154 152 155 154 154 155 156 158 157 158 159 159 157 159 157 154 151 144 142 143 142 140 138 134 134 135 131 134 133 129 128 126 131 123 137 153 143 149 151 153 147 146 159 164 159 162 165 159 152 140 123 119 124 109 78 46 23 12 
17 19 19 17 17 19 21 19 19 19 19 18 17 16 18 18 17 18 19 19 22 26 24 25 24 21 21 21 27 27 27 50 111 141 146 146 144 143 148 150 149 153 154 152 153 153 153 153 155 159 157 158 159 159 156 156 156 151 144 136 135 140 140 138 134 131 126 128 124 125 117 113 114 117 119 117 114 135 137 140 145 155 141 146 162 165 165 169 166 161 148 140 133 132 124 132 114 95 66 46 
16 16 16 15 15 17 16 16 18 19 17 16 17 17 17 18 18 18 18 18 20 22 24 23 21 22 22 21 25 27 34 31 31 59 130 144 145 153 154 159 148 152 155 152 155 157 157 160 159 160 159 161 161 160 158 155 153 148 141 124 131 127 123 121 120 116 115 103 96 83 76 85 85 80 82 90 87 95 128 133 146 151 151 150 165 169 169 167 162 161 148 135 134 131 142 163 159 134 117 108 
16 17 17 17 17 17 16 18 18 19 17 18 17 19 20 20 19 19 18 19 19 19 22 25 25 26 25 23 27 28 26 30 37 45 67 109 106 108 108 106 98 102 100 97 99 107 117 129 143 152 159 161 160 161 156 153 148 138 127 125 113 96 80 67 68 62 64 58 61 62 57 56 56 53 56 57 64 64 108 131 138 144 151 155 169 167 162 161 161 164 146 132 130 122 142 156 157 145 137 140 
16 16 16 16 17 17 15 18 19 19 18 19 18 16 17 18 16 16 17 18 17 17 18 24 28 25 23 23 32 43 58 69 75 77 81 80 81 78 81 81 81 83 83 83 82 80 75 74 75 76 91 104 125 146 144 141 131 118 100 77 59 68 72 73 73 73 74 72 71 70 69 68 66 62 55 60 55 54 64 105 114 131 140 153 160 159 151 153 150 143 134 123 111 115 134 146 156 149 147 146 
17 17 18 19 20 20 17 18 19 19 19 19 18 15 17 18 17 18 19 20 19 18 18 22 27 26 35 52 61 65 65 68 73 77 80 81 82 83 85 83 85 85 85 86 87 86 86 85 83 77 74 68 68 73 85 89 88 81 79 76 79 83 83 81 79 80 81 80 79 78 75 73 70 69 64 62 58 58 54 67 77 116 122 144 148 147 145 147 143 140 122 108 118 130 141 143 146 146 149 147 
18 18 19 19 17 19 18 17 19 19 18 18 17 16 18 18 17 17 17 18 18 18 16 17 26 47 58 60 61 62 63 68 70 73 78 81 85 83 85 86 86 87 87 88 87 84 87 86 85 85 85 85 86 85 86 86 87 87 86 85 86 85 86 87 87 86 86 84 83 81 80 78 76 73 70 65 63 61 58 58 59 99 103 110 124 133 136 141 135 126 112 113 125 136 134 136 132 137 139 129 
16 16 16 16 16 18 19 19 19 19 18 18 17 15 16 17 15 15 15 16 18 18 15 16 20 47 51 56 59 61 61 63 68 71 77 82 86 87 88 89 88 90 91 90 90 89 87 88 90 90 90 91 93 91 90 90 91 89 89 89 89 87 88 89 91 89 89 88 86 85 84 83 80 77 76 73 70 67 63 60 58 67 74 102 116 114 121 121 128 130 123 108 126 139 131 127 122 130 121 110 
15 16 16 16 17 16 16 17 17 17 18 19 17 14 16 17 15 14 14 15 15 16 16 17 16 31 47 55 57 59 57 59 68 73 79 84 86 89 90 89 90 91 92 91 90 88 88 89 87 89 89 89 90 90 90 89 87 86 85 86 84 83 84 85 85 84 83 84 83 83 82 81 79 77 76 73 71 70 67 65 62 62 67 75 95 108 99 103 103 104 116 106 123 128 128 125 115 107 104 107 
14 15 15 16 17 17 16 16 15 15 15 18 18 16 16 15 14 13 13 15 15 15 16 16 18 20 36 49 55 59 57 59 70 74 80 86 88 90 92 93 92 91 91 92 92 89 88 88 89 89 91 89 90 89 90 88 83 82 81 81 80 78 77 76 74 72 72 73 73 73 73 75 73 72 72 71 70 68 66 65 63 65 67 65 68 79 96 82 83 86 83 99 102 102 104 101 108 111 96 97 
15 15 15 16 16 17 17 15 14 14 14 15 16 14 14 14 15 14 13 14 15 14 15 16 15 16 22 40 49 56 59 61 68 78 85 90 94 93 92 92 91 92 92 93 92 89 88 89 90 89 93 91 90 89 88 87 82 81 80 77 75 71 69 68 65 65 66 63 66 64 65 66 67 62 65 65 63 63 63 62 63 62 61 59 59 62 71 78 92 96 90 96 77 89 92 87 101 108 113 99 
13 14 14 14 14 16 15 14 15 15 14 13 14 13 14 14 16 15 13 15 16 14 13 13 13 14 15 29 41 47 53 59 63 70 85 90 93 93 93 91 90 92 91 92 91 90 85 90 90 91 92 92 90 90 89 88 85 82 78 74 71 68 64 61 61 61 60 60 61 59 59 58 60 58 59 57 56 56 56 55 55 56 56 53 52 51 53 56 55 69 84 64 64 100 102 83 80 80 90 97 
13 14 14 12 11 15 15 13 13 13 13 14 15 13 12 11 14 14 13 12 13 14 14 13 13 14 16 16 31 36 43 50 57 65 77 83 87 88 93 90 90 90 90 88 86 86 81 86 87 88 90 88 89 87 85 84 84 77 75 71 67 65 61 58 54 54 54 54 53 53 53 53 54 53 52 52 51 51 50 49 48 48 48 49 48 44 46 46 45 46 44 66 73 92 120 99 85 63 60 73 
12 13 14 12 11 13 13 11 13 13 12 14 13 11 12 13 13 13 13 14 14 13 12 13 15 15 15 14 19 28 37 44 49 57 65 71 77 79 83 80 81 81 81 78 79 82 76 80 82 80 82 80 82 80 78 76 75 73 69 67 64 62 59 56 53 51 49 48 47 47 46 46 47 46 46 47 47 48 47 45 43 43 42 42 41 37 38 36 41 48 40 38 39 47 78 94 110 101 97 80 
11 10 12 12 13 14 14 14 14 13 12 13 11 10 12 12 12 14 15 13 13 12 11 12 13 13 12 11 13 18 31 34 42 48 54 61 67 69 70 70 69 71 70 69 70 69 69 69 72 71 70 70 72 68 70 68 65 66 63 60 60 60 54 52 47 44 43 42 41 40 39 39 39 39 39 40 40 41 41 39 39 37 36 37 35 32 33 30 44 67 66 62 36 29 27 26 27 28 34 41 
11 9 11 13 13 14 13 13 16 15 14 13 11 12 15 15 13 15 17 16 13 12 12 12 14 14 13 12 13 16 20 27 36 40 43 49 55 57 58 58 55 59 57 57 59 58 58 58 59 60 60 62 60 57 58 59 57 55 53 50 48 48 43 42 38 36 34 31 31 30 31 31 31 31 31 32 32 33 32 31 30 30 30 30 27 25 28 25 53 80 82 88 40 17 16 15 14 13 14 12 
10 9 12 12 12 12 12 13 15 14 14 13 14 15 16 16 14 12 13 15 14 12 11 10 14 14 13 14 15 14 12 15 21 27 30 33 39 41 42 42 43 44 44 44 46 45 45 45 46 47 46 46 46 46 45 45 44 40 35 35 33 31 28 27 24 21 20 20 19 19 19 18 19 19 20 21 22 23 21 21 20 20 20 18 16 14 19 17 20 47 57 62 16 13 11 10 9 10 11 10 
10 9 13 12 12 11 12 13 14 13 13 14 15 16 16 16 13 11 13 15 15 13 12 11 12 12 12 14 15 15 11 12 13 15 17 19 22 24 25 25 27 26 26 26 27 28 28 28 30 31 29 28 28 28 27 26 25 21 18 14 13 12 11 10 12 11 11 11 10 10 11 11 9 10 10 10 12 14 11 12 14 14 13 13 12 11 16 15 37 68 66 71 23 12 11 10 8 9 10 10 
10 10 11 11 12 11 12 13 12 11 11 13 15 15 15 15 12 11 11 13 13 13 13 13 13 12 11 11 14 13 12 12 13 14 13 13 13 14 17 16 16 15 15 15 15 15 15 16 16 19 18 17 15 14 14 15 14 12 11 12 10 11 11 11 11 11 11 10 10 11 12 11 12 13 13 13 13 11 11 11 11 11 11 11 11 11 16 13 32 55 57 59 23 11 12 12 11 11 10 8 
12 12 12 12 13 14 14 14 14 13 12 11 13 14 15 15 14 12 11 11 14 15 15 15 17 15 13 12 15 15 14 13 15 15 15 15 16 15 17 16 15 15 15 15 15 15 14 14 13 16 15 14 13 13 13 12 11 10 10 11 11 12 11 11 11 10 10 10 10 11 11 11 14 14 15 12 10 10 10 11 12 12 11 12 14 12 16 14 59 61 60 57 20 11 12 13 9 9 9 8 
11 11 11 10 11 13 13 13 12 12 12 13 14 14 16 14 12 11 12 13 16 18 17 16 15 15 15 15 14 13 12 11 14 13 13 13 13 13 14 14 13 13 15 13 12 12 12 12 11 14 16 14 13 12 11 10 9 11 12 10 10 11 11 11 10 10 10 11 10 9 11 13 15 15 11 9 9 10 11 11 11 11 10 10 14 13 13 10 20 27 16 19 16 7 9 10 8 8 8 8 
13 13 12 11 12 13 14 14 13 13 13 13 13 13 14 13 11 9 12 12 13 12 13 13 12 12 13 13 12 12 11 10 12 12 13 13 13 12 13 14 14 12 14 14 13 13 13 13 13 14 15 14 13 11 9 8 11 12 12 11 11 11 11 11 11 11 11 11 11 12 13 14 13 10 11 11 11 10 11 13 13 12 11 11 13 11 11 9 13 48 71 82 25 10 7 7 9 9 9 10 
12 10 10 11 11 11 11 12 11 11 11 10 10 10 12 10 10 9 9 9 9 9 11 12 10 11 14 13 13 12 11 11 12 14 14 12 12 12 12 12 14 12 13 14 13 14 14 14 13 12 11 11 10 8 8 9 12 13 13 11 11 11 11 11 12 12 12 12 13 14 11 11 11 12 11 12 12 11 12 13 13 12 11 12 12 13 12 10 11 20 40 63 26 10 8 8 9 9 9 9 
11 10 9 10 10 10 10 11 10 10 10 10 10 10 11 10 10 10 11 11 11 11 12 14 13 12 14 14 14 12 11 11 12 13 14 13 13 13 13 13 14 12 12 11 11 12 12 12 11 9 8 9 11 11 11 11 13 13 13 12 12 13 13 13 12 12 12 11 9 10 13 13 13 13 13 12 12 13 14 13 13 12 11 12 12 12 10 9 11 55 104 69 26 9 9 10 9 9 9 9 
10 9 9 9 9 9 10 11 10 10 11 11 11 10 10 10 9 9 9 9 9 10 10 11 11 10 11 12 12 12 11 11 10 10 12 11 12 12 11 11 13 12 12 10 10 10 11 9 8 8 9 10 11 11 8 7 11 12 12 11 13 14 13 12 12 11 11 8 8 13 14 12 12 12 12 11 12 13 13 11 10 9 10 10 10 12 11 10 11 35 46 43 19 7 8 10 7 8 9 9 
10 10 10 10 10 10 10 11 11 11 11 13 13 12 11 11 10 10 10 10 10 10 11 11 11 11 11 12 12 11 11 11 11 11 13 13 12 11 11 11 12 12 11 9 9 8 8 6 8 8 9 10 11 9 7 10 11 12 12 13 14 15 14 12 11 8 9 13 14 16 15 14 12 13 12 11 13 13 12 11 12 12 12 12 12 13 11 9 9 12 11 11 9 11 9 10 8 7 7 8 
9 9 9 8 9 10 10 11 10 11 11 11 11 11 11 10 11 11 11 11 11 11 11 11 10 10 10 11 12 11 10 9 9 9 10 11 9 9 9 9 11 10 8 6 6 6 6 7 7 8 10 10 11 10 11 12 11 11 11 11 12 14 14 11 7 10 14 16 14 15 13 11 11 12 13 12 12 13 13 13 12 12 12 11 11 12 11 10 8 8 7 7 9 10 10 9 7 7 7 8 
9 9 8 8 10 10 11 11 11 12 12 11 11 11 10 9 10 10 10 11 11 11 11 11 10 10 11 12 11 12 11 10 9 9 9 10 8 8 9 9 10 8 7 8 8 8 8 8 9 8 8 8 11 11 11 12 11 11 11 11 12 12 9 8 12 13 14 14 12 11 11 10 10 12 13 11 11 11 11 11 9 9 9 9 9 9 9 8 7 7 8 9 9 9 8 8 7 7 7 7 
7 7 7 8 9 8 7 7 7 8 8 8 8 8 9 9 8 9 9 9 9 11 11 10 9 9 8 8 7 8 8 7 7 9 11 11 11 11 10 10 10 10 11 11 10 10 10 9 9 8 8 7 8 8 10 11 11 11 12 13 10 6 11 10 13 14 13 12 13 12 11 10 11 12 12 12 11 9 10 10 8 8 8 9 9 9 9 9 7 7 7 8 8 7 7 7 6 6 6 6 
5 5 6 7 8 8 7 7 7 7 7 7 7 7 7 8 8 9 10 9 9 11 12 12 14 14 14 14 14 13 12 11 11 11 11 11 11 10 9 9 9 9 9 9 9 9 9 11 10 10 9 9 10 8 8 9 11 11 10 8 10 12 13 12 12 12 12 11 13 11 11 10 11 11 11 11 9 8 9 10 8 8 8 8 8 8 8 8 7 7 7 7 7 7 7 7 6 6 6 5 
6 7 8 8 8 9 9 9 10 11 11 10 12 12 12 12 12 12 12 12 11 11 11 11 10 10 10 10 10 9 8 8 8 9 9 10 9 7 7 8 7 7 8 11 28 28 28 22 14 13 12 11 10 8 12 8 7 4 9 11 12 13 13 12 13 13 13 12 10 10 10 10 10 10 10 8 8 9 9 9 8 8 8 7 7 7 7 7 7 7 7 6 6 6 6 6 6 6 5 4 
7 9 9 9 9 9 8 8 10 9 8 8 9 9 9 9 8 8 8 9 10 9 9 9 9 9 9 7 7 7 7 7 8 8 8 9 7 7 8 9 9 9 9 11 13 14 12 10 13 13 13 12 12 13 14 13 5 12 12 11 11 11 11 10 11 11 11 10 9 10 11 11 10 10 10 10 10 9 9 9 8 8 8 8 8 8 8 8 7 7 6 6 6 6 6 6 6 6 6 5 
