3 1 2 2 5 37 55 14 18 13 15 17 19 22 9 7 12 12 11 14 9 9 26 63 64 50 52 44 47 56 46 87 102 103 95 96 97 96 100 96 93 94 97 99 98 98 100 101 102 103 107 109 109 109 110 110 109 108 104 100 99 99 103 108 110 110 105 103 108 113 115 121 131 53 30 26 24 20 20 28 33 40 50 114 126 108 94 78 70 75 78 97 123 163 200 226 227 192 118 70 
2 1 3 3 6 41 51 11 25 14 19 22 21 25 22 12 8 13 18 16 14 8 14 38 46 34 42 57 41 41 60 91 124 114 113 112 110 108 109 100 99 101 101 98 98 102 104 105 104 103 103 110 116 113 109 109 110 107 103 99 100 97 98 101 107 113 116 117 107 107 121 153 168 94 65 63 60 55 51 53 46 43 84 135 130 103 85 80 87 89 96 129 170 206 229 239 215 155 85 57 
1 1 4 3 6 35 53 29 34 16 28 25 21 27 38 22 13 17 19 14 20 19 14 23 41 48 48 51 35 39 84 119 127 113 115 117 119 122 122 117 117 116 112 103 97 97 100 101 102 101 107 111 113 112 111 112 115 117 115 106 102 105 107 109 110 111 105 95 84 85 113 170 188 119 83 82 79 76 71 75 70 68 132 151 130 104 90 87 99 106 129 175 214 231 239 228 177 113 67 65 
1 1 3 2 2 13 43 43 32 24 28 55 45 38 51 38 38 41 32 25 22 24 20 18 30 52 52 39 35 55 88 156 117 101 104 106 108 112 111 119 121 127 130 128 126 125 122 119 119 119 118 119 118 117 121 124 126 125 122 121 124 128 124 119 112 106 101 104 112 118 132 181 191 126 83 83 78 82 87 77 71 87 156 146 118 99 100 103 118 145 185 223 243 246 240 200 123 75 60 64 
2 2 3 2 2 5 46 76 51 60 48 42 44 50 76 66 55 66 53 39 27 21 34 38 33 36 39 42 53 83 108 194 126 109 113 112 113 116 114 113 117 123 126 125 132 139 141 137 129 122 126 128 130 131 132 138 140 134 129 118 107 102 99 94 89 89 89 81 90 97 109 158 176 123 87 83 79 78 77 75 79 115 159 142 119 107 119 131 152 192 228 244 244 240 221 153 82 71 77 91 
3 3 3 3 3 3 31 113 109 80 92 87 85 88 95 71 34 31 22 18 22 27 23 45 56 53 49 60 77 95 170 218 129 118 119 118 119 123 125 125 130 136 137 136 133 131 133 136 140 143 143 145 149 152 149 141 130 116 109 103 98 90 91 90 86 84 84 78 83 80 84 97 88 75 75 74 76 76 81 79 91 138 156 143 125 124 143 168 197 229 245 245 245 237 180 98 68 70 88 108 
3 3 3 4 4 5 17 63 119 103 86 127 145 136 122 89 35 32 36 24 34 50 46 43 47 70 74 74 99 134 216 191 142 149 155 158 158 157 154 145 148 153 157 161 163 164 165 171 181 188 195 190 180 163 141 127 122 113 107 107 109 99 98 98 94 92 89 83 87 86 97 111 71 66 60 45 47 46 66 71 114 169 174 153 139 151 180 211 237 247 249 245 245 203 122 73 76 84 104 109 
3 3 3 4 4 4 4 23 109 166 153 124 144 179 141 70 55 80 47 35 26 42 67 70 65 72 80 96 129 178 237 192 200 205 216 225 229 227 223 221 220 221 223 225 224 224 226 225 222 219 216 216 216 211 202 188 171 153 143 135 126 126 123 119 112 104 102 102 98 106 112 153 103 95 98 95 94 76 68 82 142 183 183 162 163 189 218 239 250 250 248 248 227 141 76 79 82 105 100 89 
2 3 3 4 5 7 14 14 39 113 152 180 176 157 98 57 54 80 168 173 147 102 77 89 94 94 91 105 170 227 250 245 246 245 249 249 249 250 251 252 252 252 252 251 248 247 247 247 248 247 237 234 232 232 231 227 225 219 208 197 194 185 178 170 161 151 137 130 128 134 153 180 108 91 99 94 88 87 89 115 171 184 192 190 205 229 244 249 249 249 249 236 171 85 71 87 99 103 94 95 
1 3 3 5 6 9 5 5 15 32 43 47 74 95 76 65 50 58 136 173 165 130 130 100 94 90 107 133 207 246 252 253 250 254 254 253 253 254 254 254 254 254 254 254 253 253 253 253 253 253 253 253 253 253 253 250 248 249 248 245 242 236 232 225 208 189 173 152 149 153 170 168 104 94 96 98 93 86 92 139 180 187 205 217 230 247 252 252 251 246 242 185 111 78 88 95 102 99 91 92 
1 4 7 7 5 5 11 18 24 43 27 16 40 80 85 70 47 22 18 28 37 104 160 160 112 88 105 171 238 252 251 253 252 255 255 255 255 255 255 255 255 255 255 255 255 255 255 255 255 255 255 255 255 255 255 253 252 253 253 253 251 249 248 246 239 230 218 199 175 186 143 93 75 79 80 90 100 97 111 171 195 203 231 241 243 251 252 253 249 240 207 123 75 89 103 95 90 88 82 81 
2 1 7 7 6 6 15 37 48 43 30 25 25 58 82 60 26 10 16 18 33 33 93 182 144 107 113 201 253 253 251 253 252 254 255 255 255 255 255 255 255 255 255 255 255 255 255 255 255 255 255 255 255 255 255 253 252 252 252 252 252 249 249 249 249 249 246 246 238 246 185 91 78 82 74 70 80 94 143 195 209 227 250 246 248 252 250 251 248 223 145 84 89 104 99 84 76 74 72 71 
26 6 4 8 8 11 13 35 68 43 32 45 44 62 68 34 17 14 22 20 25 37 80 180 176 110 143 234 252 253 253 252 252 254 255 255 255 255 255 255 255 255 255 255 255 255 255 255 255 255 255 255 255 255 255 254 252 251 251 252 253 252 252 252 251 252 247 244 242 243 217 125 110 106 107 98 102 137 186 211 227 247 251 247 251 254 252 249 228 153 89 92 112 93 81 78 77 75 69 69 
55 23 7 9 10 12 14 27 69 58 27 45 66 85 62 22 18 21 33 35 53 80 101 112 140 173 224 251 253 253 252 250 254 255 255 255 255 255 255 255 255 255 255 255 255 255 255 255 255 255 255 255 255 255 255 254 252 250 250 252 253 253 251 252 252 251 249 251 242 246 207 115 102 98 102 99 95 157 213 227 242 253 250 250 249 250 249 235 180 101 86 113 105 84 77 75 77 71 62 59 
76 59 20 9 12 14 22 26 60 62 32 47 70 88 51 28 37 43 52 77 117 138 126 132 181 238 247 251 254 254 254 254 254 255 255 255 255 255 255 255 255 255 255 255 255 255 255 255 255 255 255 255 255 255 255 252 249 250 250 250 251 248 249 250 250 249 248 247 248 239 152 95 86 100 95 100 98 183 228 241 250 253 251 251 250 253 243 202 124 98 110 112 92 86 88 91 79 65 60 55 
88 87 52 21 16 20 28 28 50 58 29 45 59 73 51 38 46 80 135 146 148 162 189 224 249 252 252 253 254 254 254 254 254 255 255 255 255 255 255 255 255 255 255 255 255 255 255 255 255 255 255 255 255 255 255 253 251 250 250 251 251 251 250 250 252 252 251 248 245 214 93 66 64 73 82 76 112 196 242 251 253 251 249 252 247 250 214 141 92 111 124 104 95 98 106 93 71 54 48 46 
95 92 89 49 21 26 26 37 43 44 34 40 64 69 58 90 134 142 145 171 208 239 249 250 245 246 251 250 254 254 254 254 254 254 255 255 255 255 255 255 255 255 255 255 255 255 255 255 255 255 255 255 255 255 255 254 253 253 253 253 253 251 249 247 223 169 116 108 106 129 77 58 62 63 71 78 150 223 248 253 253 252 250 250 248 225 151 94 112 138 121 105 120 118 106 81 58 45 37 35 
100 102 100 78 39 21 25 43 54 45 44 78 97 111 122 136 145 180 218 242 247 250 246 246 251 252 250 251 254 254 253 254 254 254 255 255 255 255 255 255 255 255 255 255 255 254 254 255 255 255 255 255 254 254 255 253 252 251 251 252 252 251 248 211 133 79 57 52 85 170 114 109 108 105 100 122 186 238 253 251 251 251 246 243 227 168 112 110 144 144 126 128 126 114 96 71 46 38 39 45 
99 107 103 100 59 29 32 47 60 50 50 103 139 136 160 190 227 247 250 250 251 252 253 252 252 254 254 255 254 254 255 255 254 255 255 255 255 255 255 255 255 255 255 255 254 253 253 253 253 254 255 254 254 253 253 253 252 250 250 250 250 235 189 116 58 50 48 34 104 175 98 84 81 85 100 162 219 248 250 248 252 248 244 239 178 126 104 140 151 136 128 133 121 108 89 63 43 35 30 40 
101 110 108 115 80 38 44 56 65 62 68 132 200 212 239 247 250 251 252 252 252 252 254 255 255 255 255 255 255 255 255 255 255 255 255 255 255 255 255 255 255 255 255 255 253 252 253 253 254 254 255 254 253 253 252 251 252 253 252 245 236 179 121 81 60 48 35 36 61 79 66 75 86 96 127 212 248 249 252 253 250 249 243 203 147 121 126 110 83 90 81 82 82 92 92 77 61 51 31 21 
110 118 116 129 106 45 46 55 71 76 82 183 250 250 246 249 248 252 252 253 253 253 254 255 255 255 255 255 255 255 255 255 255 255 255 255 255 255 255 255 255 255 255 255 253 253 253 254 254 254 254 253 253 252 251 251 251 242 233 225 216 197 169 146 97 60 40 35 36 43 51 54 176 239 241 245 248 248 251 250 248 249 201 148 120 138 144 129 143 137 139 142 140 147 141 104 51 27 23 20 
117 123 129 139 124 65 58 64 82 84 118 228 248 246 251 251 244 254 254 254 254 254 255 255 255 255 255 255 255 255 255 255 255 255 255 255 255 255 255 255 255 255 255 255 254 253 254 254 254 254 254 253 253 252 251 249 245 228 214 214 208 190 162 146 121 94 67 68 76 98 79 73 165 244 248 248 247 248 251 250 249 220 147 112 147 167 150 163 159 159 167 171 169 163 158 135 74 33 24 20 
122 127 142 147 139 81 66 78 94 115 195 250 252 253 251 250 251 254 254 254 254 254 255 255 255 255 255 255 255 255 255 255 255 255 255 255 255 255 255 255 255 255 255 255 255 254 254 254 254 254 253 251 251 250 249 246 241 223 201 186 168 144 134 125 117 125 123 130 116 118 89 87 132 225 248 250 248 250 247 248 227 158 113 146 175 172 177 170 179 176 175 178 183 184 179 163 100 43 27 24 
127 137 149 151 149 101 87 90 111 191 241 253 253 253 253 254 254 254 255 254 254 254 255 255 255 255 255 255 255 255 255 255 255 255 255 255 255 255 255 255 255 255 255 255 255 255 255 255 255 254 251 250 250 246 236 228 217 199 174 154 144 130 122 119 114 126 113 79 67 66 60 61 68 118 224 247 249 248 245 236 171 120 137 169 177 179 177 176 182 182 179 184 188 187 180 171 132 80 49 33 
139 145 159 160 157 116 96 135 208 249 253 253 254 254 254 254 254 254 255 255 255 254 255 255 255 255 255 255 255 255 255 255 255 255 255 255 255 255 255 255 255 255 255 255 254 254 254 254 253 250 248 251 236 215 185 161 162 161 152 139 138 121 109 137 158 124 72 58 54 53 49 51 44 80 219 246 253 248 236 182 112 131 187 187 178 178 183 184 186 183 183 188 192 190 193 181 142 92 49 40 
146 145 161 167 162 123 148 221 249 252 250 253 253 253 254 254 254 255 255 255 255 255 255 255 255 255 255 255 255 255 255 255 255 255 255 255 255 255 255 255 255 255 255 255 253 252 250 252 253 252 247 236 205 181 157 141 144 140 132 118 127 141 165 166 127 78 49 46 47 47 42 37 38 89 218 248 248 239 182 120 139 187 184 170 167 172 182 184 187 188 187 188 189 189 196 188 157 111 65 50 
144 147 161 169 192 199 232 252 251 253 251 253 253 253 253 253 254 254 255 255 255 254 255 255 255 255 255 255 255 255 255 255 255 255 255 255 255 255 255 255 255 255 255 255 253 251 250 252 250 243 217 194 173 152 139 134 133 128 130 135 166 216 222 151 84 66 62 47 37 37 41 36 36 72 214 250 236 186 125 145 179 169 154 159 169 182 193 196 200 199 196 194 197 205 211 229 205 115 45 41 
143 154 166 187 232 249 252 252 251 252 253 253 254 254 254 254 254 255 255 255 255 255 255 255 255 255 255 255 255 255 255 255 255 255 255 255 255 255 255 254 254 254 254 254 253 251 250 249 238 218 181 155 136 115 112 121 132 148 176 199 231 243 221 128 69 71 76 65 45 47 41 40 41 67 198 236 190 128 138 181 165 147 151 169 183 198 207 206 206 201 204 210 218 229 241 250 219 107 43 42 
156 164 187 223 246 251 252 252 252 252 252 254 255 255 255 255 255 255 255 255 255 255 255 255 255 255 255 255 255 255 255 255 255 255 255 255 255 255 255 254 254 254 254 254 253 253 251 236 206 183 155 131 119 117 142 165 191 222 239 241 243 239 216 144 81 68 68 70 50 50 55 28 28 25 112 152 117 138 182 232 224 228 228 233 237 243 245 243 240 242 245 248 250 250 251 250 221 110 49 46 
162 176 217 246 251 250 253 253 252 252 252 254 255 255 255 255 255 255 255 255 255 255 255 255 255 255 255 255 255 255 255 255 255 255 255 255 255 255 255 254 254 254 254 254 253 253 245 215 181 168 153 148 159 172 200 220 239 246 243 247 244 231 213 174 122 83 62 65 63 47 53 59 29 21 38 55 61 69 159 241 250 251 250 252 252 252 252 250 249 251 252 252 252 252 252 250 222 114 55 50 
157 181 231 250 251 253 253 253 253 252 253 254 255 255 255 255 255 255 255 255 255 255 255 255 255 255 255 255 255 255 255 255 255 255 255 255 255 255 255 254 254 254 254 254 254 250 234 208 190 190 186 198 217 226 237 243 247 247 244 246 238 233 214 182 149 126 107 88 67 47 38 60 61 25 16 21 22 40 157 246 252 248 252 252 251 251 252 253 253 250 250 250 248 247 251 250 222 115 55 47 
168 185 234 251 249 253 253 253 253 253 253 254 255 255 255 255 255 255 255 255 255 255 255 255 255 255 255 255 255 255 255 255 255 255 255 255 255 255 255 254 254 254 254 254 253 245 229 218 215 216 229 236 244 245 249 249 244 246 240 231 231 224 221 201 182 168 147 131 98 59 33 35 59 26 17 18 20 43 165 246 252 252 253 251 251 252 253 253 253 253 253 253 252 252 253 250 223 119 59 50 
179 213 243 251 252 251 253 254 254 254 254 254 255 255 255 255 255 255 255 255 255 255 255 255 255 255 255 255 255 255 255 255 255 254 254 254 254 254 254 251 252 254 254 249 244 232 225 227 230 239 244 246 248 249 249 247 245 241 236 231 228 224 218 210 197 179 162 140 120 101 53 29 42 46 14 13 15 50 168 246 252 254 254 253 253 253 253 253 254 251 252 252 252 252 253 248 223 115 57 51 
185 233 249 247 252 253 253 254 254 254 254 255 255 255 255 255 255 255 255 255 255 255 255 255 255 255 255 255 255 255 255 255 255 254 254 254 254 254 254 252 254 249 252 250 235 223 227 237 243 247 246 248 249 249 248 244 241 241 237 230 224 206 196 188 180 170 158 138 105 81 67 46 40 77 29 16 13 57 171 245 251 252 252 252 253 253 253 252 253 253 253 253 253 253 253 250 221 116 59 52 
174 219 247 248 253 253 253 254 255 254 254 255 255 255 255 255 255 255 255 255 255 255 255 255 255 255 255 255 255 255 255 255 255 254 254 254 254 254 254 252 253 253 250 236 226 228 236 245 250 250 250 252 251 251 249 246 244 240 230 213 201 186 180 175 168 157 146 138 111 79 70 54 44 82 59 14 21 63 176 244 252 251 252 251 253 253 253 253 253 254 254 254 254 254 251 250 216 113 61 54 
165 195 243 251 252 254 253 254 255 255 254 255 255 255 255 255 255 255 255 255 255 255 255 255 255 255 255 255 255 255 255 255 255 254 254 254 254 254 253 233 214 222 224 219 220 223 229 238 248 248 250 251 251 249 247 243 238 228 214 192 179 168 162 157 152 142 131 125 120 104 75 58 45 65 73 26 22 79 181 243 252 251 250 250 252 253 253 254 253 253 253 254 254 254 251 250 206 107 61 57 
167 192 245 250 251 254 253 254 254 254 254 254 255 255 255 255 255 255 255 255 255 255 255 255 255 255 255 255 255 255 255 255 255 254 254 254 253 253 249 205 131 100 113 137 169 187 201 222 231 233 233 240 247 242 242 233 226 218 203 196 188 182 178 169 163 156 140 124 130 140 105 77 53 58 62 48 19 93 178 237 252 251 252 251 253 253 254 254 253 252 252 253 252 252 250 248 199 103 61 59 
165 198 244 251 254 254 254 254 254 253 252 254 255 255 255 255 255 255 255 255 255 255 255 255 255 255 255 255 255 255 255 255 255 254 254 254 253 252 250 239 183 104 87 84 89 111 143 179 182 185 190 207 237 238 246 235 197 138 121 142 161 176 184 183 185 183 163 139 136 159 159 137 118 82 46 57 27 94 169 226 249 251 253 253 254 254 254 254 253 252 252 252 251 252 250 247 194 100 59 58 
170 213 248 250 253 254 254 254 254 253 252 254 255 255 255 255 255 255 255 255 255 255 255 255 255 255 255 255 255 255 255 255 255 254 254 254 253 252 251 247 228 143 88 81 65 64 75 95 108 119 146 133 128 126 142 129 74 39 44 60 69 78 85 92 117 142 154 150 142 163 174 165 158 127 67 68 39 119 169 220 247 250 252 253 254 254 254 254 253 252 252 252 251 252 252 246 181 91 55 59 
185 231 250 249 251 254 254 254 254 253 253 254 255 255 255 255 255 255 255 255 255 255 255 255 255 255 255 255 255 255 255 255 255 254 254 254 253 252 250 243 241 195 123 88 75 63 56 53 58 61 66 66 63 51 46 38 28 37 39 53 54 56 64 72 83 91 100 115 134 154 170 179 171 168 126 118 87 135 166 212 243 250 253 254 254 254 254 254 253 252 252 252 252 253 252 240 161 82 56 62 
204 244 249 252 252 254 254 254 254 253 253 254 255 255 255 255 255 255 255 255 255 255 255 255 255 255 255 255 255 255 255 255 255 254 254 254 254 253 251 247 240 199 165 108 83 67 56 41 41 38 49 52 48 46 60 77 56 46 52 53 64 70 76 82 78 72 73 78 88 94 109 126 143 171 158 147 129 129 156 198 235 246 251 253 253 254 254 254 253 252 252 252 253 253 251 230 141 77 63 67 
229 250 248 253 249 253 254 254 254 253 253 254 254 254 254 254 254 254 254 254 254 254 254 254 254 254 254 254 254 254 254 254 254 254 253 253 253 252 251 244 220 180 173 159 120 77 49 35 36 27 30 37 34 36 62 77 72 69 63 57 64 61 60 59 58 58 59 58 59 58 57 66 86 135 144 147 137 113 152 192 221 237 250 252 252 253 253 254 253 252 253 253 254 252 250 220 120 70 61 70 
249 253 250 252 248 255 255 255 255 255 254 254 254 254 254 254 254 255 255 255 255 255 255 255 255 255 255 255 255 255 255 255 255 254 254 254 255 254 252 237 203 178 174 176 163 108 60 37 29 32 37 37 35 39 61 72 79 80 66 64 62 47 41 36 38 43 49 52 48 45 43 50 61 97 109 129 134 106 148 179 195 220 246 250 251 252 253 254 253 251 253 253 253 250 247 197 95 58 66 77 
253 251 254 251 248 254 254 255 255 255 255 254 254 254 254 254 254 255 255 255 255 255 255 255 255 255 255 255 255 255 255 255 255 255 255 255 255 254 253 237 193 172 161 166 172 109 59 53 45 48 55 48 48 55 75 82 84 82 76 81 63 30 31 35 37 34 37 43 39 39 38 45 53 82 100 127 138 102 134 160 176 205 240 248 251 252 253 254 253 252 253 254 254 250 240 159 82 69 65 100 
250 250 254 253 253 251 253 253 253 254 254 254 254 254 254 254 254 254 254 254 254 254 254 254 254 254 254 254 254 254 254 254 254 254 255 255 255 254 253 237 197 182 173 176 178 122 89 98 97 89 82 72 71 74 93 102 94 87 86 88 73 70 68 59 49 40 35 31 30 32 32 35 47 82 105 118 132 92 101 118 155 189 230 247 250 252 253 254 253 252 253 254 252 249 223 124 69 65 86 177 
254 254 252 252 254 250 251 251 251 250 250 252 253 253 253 252 253 252 251 250 251 251 252 252 251 250 250 250 251 251 250 251 252 252 252 252 253 252 251 233 199 185 181 184 204 187 158 150 144 134 99 87 82 79 93 102 94 85 74 64 62 74 75 81 70 54 35 32 30 31 27 25 40 81 104 108 124 92 79 86 134 176 222 245 251 252 253 253 253 251 250 250 249 242 186 104 66 64 120 220 
250 253 251 243 239 237 234 234 240 242 241 242 243 243 242 237 242 236 244 242 244 245 238 233 228 229 231 226 225 228 228 232 234 234 231 232 243 249 243 232 189 176 178 198 229 240 213 187 168 148 108 88 79 76 84 89 90 81 65 54 46 43 38 60 68 75 48 35 28 25 20 20 29 61 89 99 110 91 69 74 116 168 215 241 253 253 254 252 253 252 250 248 248 229 151 93 65 80 160 245 
254 255 230 166 133 132 132 133 156 181 183 178 178 187 182 170 180 173 194 190 193 200 188 152 115 102 103 103 118 124 129 137 139 132 133 155 199 241 244 227 192 180 184 209 231 246 228 198 174 143 105 77 65 64 71 73 72 68 63 54 42 40 52 64 74 89 57 37 30 28 23 23 36 45 64 81 88 83 64 61 96 155 209 237 252 253 254 252 252 250 251 246 248 214 125 75 73 99 211 249 
244 249 229 144 109 111 110 104 109 128 142 149 160 172 167 153 167 174 161 132 132 144 137 123 109 103 110 119 114 110 111 121 128 129 130 148 160 207 241 227 203 186 183 208 234 248 227 195 164 128 89 63 53 49 49 49 45 40 40 37 36 32 42 51 77 93 63 45 38 33 26 25 35 33 39 56 59 68 68 63 82 142 204 233 251 252 254 252 250 249 249 250 248 185 109 68 74 136 242 246 
249 248 231 144 108 108 109 105 103 109 115 136 155 155 153 153 159 164 132 102 103 106 111 127 150 153 140 133 119 102 97 113 129 134 127 150 141 176 235 232 205 177 175 211 242 245 224 198 148 109 75 61 55 45 40 38 35 29 25 17 21 30 62 88 99 82 54 55 45 37 29 26 27 33 28 40 43 50 60 60 70 129 199 231 250 252 254 252 249 247 244 250 230 146 89 75 102 196 247 246 
251 250 231 137 103 98 103 105 109 109 108 114 125 120 119 133 138 131 117 105 104 102 108 109 129 151 139 120 110 93 90 91 107 126 133 149 140 160 211 234 212 180 181 212 247 245 225 199 144 101 72 64 61 46 29 26 27 25 21 15 16 11 24 45 54 51 53 58 47 35 30 25 26 27 25 30 35 40 46 51 57 109 197 227 249 252 253 252 248 245 246 245 204 118 78 79 143 233 246 246 
252 252 232 136 101 92 99 104 110 109 109 110 104 97 103 115 114 106 108 110 115 112 100 108 104 113 118 100 101 93 92 86 95 118 138 158 145 137 175 216 224 199 189 214 247 241 219 193 136 96 77 61 54 43 29 23 18 14 11 13 16 10 12 23 31 30 32 36 34 29 27 23 28 28 24 23 24 27 37 37 37 87 191 224 249 252 254 252 250 249 249 227 164 97 72 96 187 246 249 250 
254 253 234 138 101 93 100 106 109 106 107 106 106 106 104 97 95 108 114 120 122 111 109 104 112 113 106 105 93 91 86 85 98 120 141 162 149 114 137 185 223 216 200 224 247 234 212 187 129 92 65 50 45 44 35 29 26 21 19 19 17 19 15 15 20 22 24 32 32 27 27 28 26 24 22 22 23 26 35 35 30 76 190 222 248 252 253 251 250 250 246 200 123 81 74 133 229 252 250 250 
254 252 233 138 105 100 107 107 104 100 105 108 105 102 96 98 109 117 127 127 122 111 103 111 109 113 114 94 96 94 80 80 95 112 138 164 190 172 175 184 208 225 211 224 242 227 205 182 123 89 65 56 50 46 36 27 23 22 26 26 22 23 24 20 21 28 29 30 28 20 21 26 35 32 24 19 20 22 27 33 28 66 184 220 247 252 253 250 251 253 236 163 97 68 95 181 245 251 252 251 
254 251 231 137 107 104 108 105 101 100 106 103 100 105 109 115 125 131 142 138 121 108 111 112 110 102 95 92 99 99 80 73 80 105 142 164 209 194 176 167 173 218 218 216 233 223 201 178 120 88 65 59 52 51 49 45 36 27 24 23 22 19 25 22 21 30 33 32 39 38 39 43 47 37 26 20 21 24 29 32 26 62 186 220 246 252 252 250 249 245 208 123 81 71 132 227 248 251 253 252 
252 252 230 135 99 105 102 99 107 109 101 99 103 111 122 125 121 124 156 179 150 135 146 126 105 93 93 92 98 100 89 73 75 103 145 169 217 197 192 181 173 204 227 215 219 222 203 180 121 85 67 50 41 41 41 40 30 24 20 15 27 23 20 20 19 20 26 27 38 51 49 47 44 31 33 29 28 27 28 34 30 65 185 218 244 249 252 248 247 226 166 97 73 98 187 248 247 250 250 251 
253 253 228 133 98 104 107 104 108 116 116 119 114 110 117 122 120 140 166 147 113 112 135 150 138 91 73 77 78 90 104 100 83 99 132 165 200 191 213 195 177 170 203 227 232 223 205 182 125 91 72 58 53 52 48 41 24 15 21 21 19 21 26 22 23 27 31 36 35 46 52 52 43 33 33 27 25 24 27 29 32 74 189 218 243 250 251 251 246 189 122 76 79 144 240 251 242 249 253 252 
253 254 225 131 99 103 118 126 116 118 125 134 140 122 110 117 119 121 133 126 118 110 109 130 147 138 114 92 85 84 98 116 116 120 142 166 158 137 154 166 152 153 163 192 212 199 200 182 128 96 66 51 43 37 29 27 25 21 20 18 20 20 24 24 24 26 29 34 33 32 36 41 52 43 33 20 26 28 31 29 39 87 194 222 242 249 248 251 232 153 99 69 97 201 249 249 247 250 252 251 
252 253 222 131 101 103 118 123 111 116 122 132 153 145 126 125 117 115 125 130 126 112 111 113 114 124 145 161 152 144 139 147 148 142 164 184 143 109 99 93 81 85 97 116 124 113 153 182 145 99 65 51 44 42 37 32 29 24 17 16 18 15 18 34 35 31 37 35 32 29 35 37 37 39 37 28 31 29 36 43 65 110 198 221 240 251 249 239 193 125 83 73 152 239 250 249 249 250 250 249 
251 254 225 130 104 111 127 120 104 109 111 123 151 153 140 142 141 146 134 124 129 124 121 115 118 132 143 151 141 137 127 120 109 111 162 197 151 118 106 77 63 56 79 102 91 62 91 145 145 111 64 48 43 46 44 42 35 34 26 16 16 26 46 98 111 80 76 58 36 32 40 40 39 35 36 30 32 32 41 64 95 134 198 220 243 247 247 218 161 106 72 105 211 250 250 248 250 252 253 253 
246 248 224 141 121 123 136 127 108 110 116 121 149 149 113 118 142 147 131 119 126 136 118 99 102 105 94 86 80 76 70 68 72 87 161 202 143 99 95 72 51 57 87 103 81 40 28 54 88 96 74 61 59 64 61 53 40 41 35 26 30 33 43 74 117 103 70 47 36 41 42 35 40 34 35 30 31 45 72 98 123 156 206 223 244 247 238 191 129 75 74 167 244 249 251 251 253 253 251 250 
250 247 235 171 151 133 130 116 102 104 108 112 113 126 121 117 119 118 125 119 104 113 113 99 95 94 87 82 84 82 74 70 78 86 161 200 139 80 69 60 56 74 92 82 53 30 16 17 46 66 63 64 73 85 86 80 70 59 50 44 54 69 53 63 112 87 32 24 30 41 44 43 42 40 40 38 46 80 101 115 129 155 202 222 242 247 211 156 92 67 106 222 249 248 251 252 253 253 249 246 
248 243 235 180 154 124 113 97 93 96 92 95 100 112 106 104 102 100 102 95 86 105 117 109 103 98 93 86 84 86 81 74 72 85 162 196 143 79 62 59 76 87 76 51 31 20 16 9 18 40 48 59 72 90 95 91 88 73 62 57 78 72 82 105 101 54 33 27 32 36 37 44 50 54 52 49 58 110 130 134 141 164 209 225 243 232 176 119 73 79 166 247 243 252 251 251 252 253 248 243 
248 247 239 190 158 121 104 86 95 99 85 81 100 107 98 103 101 97 80 67 79 105 111 108 103 98 93 86 86 86 87 87 84 89 169 199 141 76 70 76 85 76 56 39 30 17 21 18 9 29 49 62 72 88 95 92 99 84 66 56 84 111 98 67 37 21 32 35 35 33 38 58 77 86 77 64 64 121 135 142 153 173 208 221 242 207 146 89 70 125 227 247 250 253 252 251 252 253 248 243 
248 250 240 212 178 125 99 101 114 117 102 95 99 103 107 107 100 98 84 79 97 109 103 96 100 104 97 90 86 94 98 99 94 100 172 202 144 98 90 78 72 56 44 32 26 34 37 42 65 72 96 91 109 100 83 107 107 90 72 64 55 47 41 37 32 39 37 33 42 49 63 84 85 84 73 74 86 142 151 148 156 182 214 223 228 167 105 71 88 186 246 252 252 253 253 254 254 255 254 253 
250 250 244 221 188 135 97 106 133 130 111 110 108 106 110 110 102 101 96 98 108 111 101 94 97 101 98 95 93 99 102 98 93 101 168 200 149 90 65 54 43 51 44 37 50 65 93 124 139 137 154 174 170 140 88 69 79 94 90 70 54 46 44 45 42 48 48 57 64 67 89 91 87 88 69 76 106 155 170 163 165 192 221 227 193 137 78 69 136 236 253 255 250 252 254 255 255 255 255 255 
251 246 245 223 179 129 101 107 132 129 120 112 113 117 124 123 115 113 105 111 113 112 106 99 98 99 99 103 102 99 99 95 94 106 172 204 148 89 70 57 58 62 68 69 73 103 152 180 176 172 166 157 167 163 134 125 108 98 95 91 86 78 75 84 92 95 87 89 101 113 103 89 94 115 105 104 141 185 196 176 170 200 227 217 149 104 59 98 206 252 248 254 251 254 254 255 255 255 255 255 
252 252 244 209 167 125 109 114 119 118 119 111 118 123 126 126 125 121 113 125 121 118 119 111 105 101 101 108 108 104 106 100 99 110 172 200 142 86 82 89 85 73 75 84 100 143 184 192 192 195 180 174 158 122 149 228 226 200 186 163 148 152 148 169 197 199 175 155 146 144 142 164 201 219 207 173 185 214 222 197 183 206 219 194 122 79 68 148 239 254 250 255 250 252 251 255 255 255 255 255 
250 252 234 180 135 114 112 121 116 111 117 116 120 118 114 117 124 120 122 137 132 128 128 123 116 109 106 107 105 112 117 108 108 118 173 202 149 91 81 79 71 57 45 76 131 164 168 159 171 181 185 186 180 159 173 230 245 246 246 236 228 207 194 211 230 217 194 223 247 246 248 249 247 248 243 222 227 243 238 218 200 212 201 168 98 74 108 210 251 253 255 254 253 255 255 255 255 255 255 255 
251 250 242 212 149 115 113 116 115 105 111 115 117 116 115 118 123 118 123 129 125 127 132 135 135 129 119 110 107 114 116 113 122 134 180 205 159 106 88 81 69 46 48 106 179 196 181 163 165 173 179 179 179 179 198 239 245 244 243 238 226 203 200 213 211 190 185 229 248 250 246 223 233 247 248 239 240 246 246 231 210 213 185 135 83 77 163 245 253 255 255 255 255 255 255 255 255 255 255 255 
245 253 252 230 158 112 107 111 113 111 117 123 124 123 120 119 119 119 118 116 114 124 123 127 132 133 128 123 119 120 125 126 130 144 189 209 169 128 115 105 81 53 64 135 194 203 193 178 172 173 176 176 169 177 197 233 246 246 245 242 231 206 196 202 209 212 223 243 247 252 242 225 235 248 251 249 248 249 248 235 217 207 158 104 77 104 223 252 250 254 255 255 255 255 255 255 255 255 255 255 
250 247 247 231 154 100 101 102 104 107 111 110 112 118 122 122 120 121 113 108 112 123 122 121 124 127 128 127 124 126 132 132 134 146 192 205 159 117 102 100 92 65 68 141 191 194 191 183 174 174 172 177 167 168 191 235 247 246 246 245 236 211 194 204 224 227 229 246 252 253 248 252 252 253 252 251 252 251 247 241 222 195 130 92 70 160 246 251 250 254 255 255 255 255 255 255 255 255 255 255 
120 130 159 187 151 111 108 104 101 104 105 102 107 116 125 124 119 117 103 103 113 119 122 126 132 135 132 130 128 124 123 125 137 154 194 216 199 168 140 131 109 65 67 150 196 195 192 186 174 172 169 166 165 163 184 235 246 245 245 246 239 215 200 206 214 199 193 235 251 252 253 252 253 252 252 253 254 252 248 245 219 174 102 77 119 222 247 249 249 254 255 255 255 255 255 255 255 255 255 255 
67 73 86 112 138 132 111 101 104 108 112 119 120 128 134 132 132 130 115 108 108 107 113 123 133 141 141 136 127 121 118 121 136 148 189 219 203 205 187 159 126 77 87 157 196 201 200 191 180 177 172 167 161 162 186 233 246 246 246 245 238 213 186 186 210 210 223 236 242 247 254 253 253 254 254 254 253 252 249 243 205 143 79 80 169 245 246 249 251 255 255 255 255 255 255 255 255 255 255 255 
61 66 77 90 125 147 126 97 100 116 124 124 131 142 137 121 114 115 110 107 115 127 132 139 148 149 142 133 121 115 115 118 130 143 195 218 181 189 198 179 149 98 117 181 203 205 203 195 186 182 174 171 162 163 186 232 245 246 245 244 238 219 194 187 197 200 212 202 208 238 253 250 253 254 254 254 253 253 251 234 181 111 66 104 217 252 250 247 251 254 255 255 255 255 255 255 255 255 255 255 
63 69 91 99 118 149 139 105 107 121 127 136 137 136 123 111 105 90 91 107 135 154 163 168 168 156 138 123 117 113 112 112 119 136 196 215 179 184 199 197 186 141 153 194 205 206 205 201 194 189 176 172 163 161 183 230 243 244 244 243 237 209 174 146 136 147 174 190 202 240 252 251 253 253 254 253 253 253 248 214 151 83 67 147 248 249 251 248 249 254 255 255 255 255 255 255 255 255 255 255 
77 73 84 103 120 149 154 127 112 105 108 114 121 119 98 83 86 85 82 101 129 141 147 152 155 148 136 127 124 121 121 119 124 140 196 219 211 217 217 205 188 168 185 205 206 205 204 204 199 193 181 178 168 164 182 228 242 243 243 242 236 198 148 118 129 170 194 199 213 237 248 250 254 254 254 253 253 253 244 186 118 71 94 201 250 248 252 250 250 254 255 255 255 255 255 255 255 255 255 255 
80 87 98 114 128 151 173 177 159 112 98 111 111 100 78 70 76 77 83 99 121 133 138 141 143 143 140 136 133 132 133 134 141 156 203 223 219 220 213 181 135 127 166 196 202 204 203 203 201 194 186 184 175 168 187 230 242 242 243 242 235 205 165 155 173 195 199 206 213 239 253 252 253 253 254 253 253 251 232 156 93 74 139 233 248 253 250 249 252 254 255 255 255 255 255 255 255 255 255 255 
85 97 109 118 140 154 165 180 166 104 83 86 89 87 76 65 62 73 93 115 130 139 137 134 136 143 149 153 152 147 141 143 153 167 203 224 222 228 215 158 95 85 128 181 200 205 201 201 204 196 187 185 176 165 187 232 243 242 241 240 233 212 176 160 175 188 189 169 178 229 249 248 253 253 254 254 253 247 213 127 73 85 189 248 252 251 251 253 253 254 255 255 255 255 255 255 255 255 255 255 
95 104 110 128 141 140 161 185 169 140 106 93 95 101 103 98 88 91 112 124 129 134 135 136 142 153 161 166 170 165 159 157 163 175 209 212 195 211 211 154 82 79 121 177 202 203 199 200 202 198 192 183 162 153 183 233 245 243 240 239 234 204 174 150 140 140 141 132 162 228 253 254 254 254 254 254 253 242 191 106 70 109 234 251 252 251 252 253 253 254 255 255 255 255 255 255 255 255 255 255 
104 113 125 143 134 124 147 189 191 224 236 221 215 210 205 198 191 190 182 182 184 182 186 187 189 194 197 198 200 198 193 190 193 201 224 211 164 178 211 163 84 78 120 178 202 199 195 199 199 199 192 171 135 131 176 233 246 245 242 242 240 226 203 173 151 136 128 134 185 239 249 252 253 254 254 254 251 237 163 93 76 145 247 250 251 250 251 253 253 254 255 255 255 255 255 255 255 255 255 255 
109 123 156 171 143 136 138 164 164 183 200 198 196 192 190 195 202 208 214 217 215 211 217 218 220 223 224 222 219 220 218 216 219 225 231 222 176 173 209 172 98 85 135 192 205 197 193 198 197 199 190 172 136 133 178 231 247 248 244 246 247 244 235 225 221 196 152 127 185 241 252 252 253 253 253 252 249 227 122 81 85 185 248 252 251 250 251 253 253 254 255 255 255 255 255 255 255 255 255 255 
112 129 193 209 174 152 139 150 145 162 188 175 151 134 125 118 118 123 131 129 127 126 122 126 138 163 181 191 195 202 206 207 208 215 231 226 188 175 202 169 102 91 152 203 214 197 190 194 192 193 192 184 164 154 183 231 247 248 248 251 252 251 248 250 247 232 165 99 160 233 249 250 253 253 252 248 250 211 102 65 95 205 250 253 252 252 252 253 253 254 254 254 254 254 254 254 254 254 254 254 
108 160 234 241 229 173 132 118 116 140 180 198 201 199 195 188 179 182 169 145 122 106 100 97 101 122 144 161 170 178 185 188 191 198 214 209 163 144 172 159 114 107 167 210 213 196 190 195 191 191 191 182 180 165 182 233 247 248 249 253 253 253 253 253 250 245 186 83 127 226 251 252 253 252 252 250 250 197 87 61 111 218 252 253 253 253 253 253 253 254 254 254 254 254 254 254 254 254 254 254 
133 222 250 246 235 176 116 88 89 94 118 146 167 187 229 247 233 223 209 192 182 174 162 152 148 154 164 171 176 183 190 195 202 209 214 205 157 146 179 169 132 129 184 216 208 195 191 196 191 188 188 179 155 148 184 234 247 248 249 253 253 252 254 254 251 250 223 114 117 217 247 250 253 251 251 252 250 188 79 64 122 227 251 252 253 253 253 253 253 254 254 254 254 254 254 254 254 254 254 254 
209 247 245 247 194 127 96 84 93 86 87 87 86 99 165 228 244 237 219 200 192 184 183 181 181 184 187 186 186 189 192 196 204 209 214 203 158 161 179 170 146 165 207 225 214 200 192 195 186 182 177 183 156 139 174 227 246 248 249 253 253 251 253 253 252 250 238 152 112 195 245 249 252 252 252 252 250 191 78 61 119 227 250 253 253 253 253 253 253 254 254 254 254 254 254 254 254 254 254 254 
245 251 250 232 165 95 85 82 92 91 86 90 94 94 119 171 218 234 230 223 218 210 201 194 190 189 188 187 190 190 190 193 200 208 221 210 165 171 161 140 153 204 227 235 224 205 193 192 182 177 173 168 151 116 149 229 246 248 248 253 253 254 254 254 253 250 248 189 111 182 248 247 250 253 253 251 251 196 74 58 116 226 250 253 253 253 253 253 252 254 254 254 254 254 254 254 254 254 254 254 
252 250 251 227 147 90 80 86 91 91 93 89 78 80 93 102 115 145 184 205 205 200 202 199 198 200 198 194 192 192 197 200 206 213 222 212 174 190 165 103 143 211 236 239 225 206 194 191 182 173 167 167 140 100 142 226 244 246 248 252 254 254 254 254 253 252 252 211 123 207 249 251 252 252 254 252 251 210 83 63 106 216 252 252 253 253 253 253 252 254 254 254 254 254 254 254 254 254 254 254 
249 253 247 208 123 78 78 83 93 93 87 87 84 88 88 83 78 68 72 96 135 160 167 175 182 183 184 186 192 192 196 198 208 221 227 205 174 202 196 168 176 204 232 239 226 206 193 188 174 161 154 149 138 119 158 229 244 246 248 252 254 254 254 254 254 253 252 240 178 235 237 246 250 253 253 253 254 224 104 58 90 192 252 253 253 253 253 253 252 254 254 254 254 254 254 254 254 254 254 254 
253 252 248 229 155 93 75 75 86 93 94 85 77 83 88 73 59 64 65 69 77 86 103 115 121 123 130 140 150 155 160 165 186 205 223 203 177 210 219 205 200 203 231 239 229 208 195 189 174 160 141 132 132 130 168 231 243 246 248 252 254 254 254 254 254 253 251 250 226 250 239 242 247 253 251 254 254 236 131 57 77 168 251 253 253 253 253 253 252 254 254 254 254 254 254 254 254 254 254 254 
253 250 248 235 163 95 76 77 84 87 92 93 84 88 91 75 58 58 66 69 71 76 77 81 82 80 81 85 88 93 93 96 120 158 206 198 175 203 218 205 202 192 224 236 234 213 194 185 170 157 132 122 128 131 167 227 243 245 248 252 254 254 254 254 254 253 253 250 249 251 248 232 242 253 251 254 253 247 169 61 62 140 248 253 253 253 253 253 252 254 254 254 254 254 254 253 253 253 253 253 
252 252 244 216 135 81 76 81 85 84 84 82 84 89 83 70 61 65 69 72 77 78 78 80 81 77 72 66 65 67 60 58 77 118 182 184 163 191 210 211 208 194 217 239 238 219 196 181 167 162 170 168 174 169 179 209 226 239 248 251 252 253 252 253 252 252 252 248 251 247 246 218 237 254 253 254 252 251 194 74 51 121 234 253 252 252 252 252 253 254 253 252 252 252 251 248 251 251 251 252 
251 253 237 183 105 76 71 67 75 81 76 61 66 76 80 74 68 69 71 74 79 77 75 74 74 75 73 68 68 68 58 54 67 96 158 169 159 192 209 201 202 190 204 236 238 223 199 184 181 191 204 201 197 196 194 187 190 204 232 253 252 252 251 251 252 252 253 254 251 248 238 196 230 254 254 254 252 251 220 98 48 94 211 252 252 251 252 252 252 254 252 251 250 252 253 250 254 253 252 246 
253 252 231 159 91 76 70 61 61 65 65 62 64 73 84 83 76 77 75 73 76 75 73 71 70 71 71 69 66 64 57 55 64 88 146 162 161 188 199 193 197 184 189 227 238 224 197 184 196 215 222 224 210 207 197 181 182 186 213 250 253 252 252 251 252 252 254 252 250 248 228 184 227 253 254 254 253 252 244 124 47 71 185 247 251 250 251 251 252 253 252 250 249 251 253 250 252 252 245 228 
252 246 209 131 80 72 73 69 59 54 56 54 58 71 85 87 84 81 74 69 72 70 70 69 67 69 68 63 59 57 55 58 65 81 134 161 174 200 206 199 196 182 179 217 236 222 194 186 208 226 227 231 220 211 200 188 189 184 205 246 252 252 252 251 252 253 254 253 251 247 217 178 225 251 253 254 252 251 249 160 54 62 147 236 250 250 250 251 252 253 252 249 249 250 252 252 253 250 243 223 
250 248 191 101 70 70 73 71 68 62 56 50 61 74 82 83 83 83 72 65 66 66 67 69 69 69 64 58 57 54 54 59 63 73 124 159 183 210 214 206 196 180 173 209 231 217 193 195 223 234 238 228 225 217 199 183 173 163 197 250 251 252 252 252 253 252 252 249 251 246 212 185 227 250 253 254 252 251 250 204 63 51 108 225 250 250 250 251 252 252 251 249 248 249 247 250 252 244 239 223 
250 249 189 97 68 70 72 74 77 76 70 63 62 73 84 83 83 82 76 69 66 66 68 72 70 68 65 59 55 50 54 56 62 71 121 157 183 199 206 206 203 185 167 196 226 223 200 207 232 241 236 230 223 216 207 188 167 149 187 251 252 253 253 252 253 249 244 250 249 236 200 190 230 250 252 252 250 252 252 226 103 50 88 197 250 249 250 250 251 252 252 250 250 252 251 250 248 243 231 177 
250 248 193 101 68 68 70 74 79 81 79 72 62 69 83 82 80 82 76 70 68 67 68 72 70 66 64 57 54 52 54 57 64 72 118 153 175 183 187 193 200 183 158 184 222 224 207 216 240 246 242 238 234 229 223 209 188 163 192 250 252 254 253 253 249 230 218 244 246 229 203 208 228 249 252 252 250 252 251 240 134 51 68 168 245 248 251 250 250 252 252 250 251 252 253 246 246 239 224 217 
250 248 199 106 68 66 66 71 72 73 73 76 64 68 81 81 79 81 76 72 69 68 69 72 70 66 63 56 53 53 53 58 66 74 113 148 167 167 168 174 190 181 152 178 218 221 207 219 243 248 241 239 235 231 229 214 194 175 200 250 251 252 251 250 247 228 210 235 245 228 207 208 217 248 253 252 250 251 250 246 160 54 62 143 240 248 252 251 249 253 252 251 252 253 252 251 251 232 203 222 
250 247 204 111 68 66 69 73 72 73 75 75 66 70 80 80 79 79 76 73 70 68 68 72 70 65 62 55 52 55 52 58 69 75 110 146 166 161 159 167 182 180 152 178 218 220 206 217 243 248 241 240 234 228 227 214 196 180 203 248 250 250 250 248 244 230 213 225 238 216 192 178 200 246 252 251 249 250 253 246 173 57 62 131 240 246 252 250 250 253 252 251 252 254 253 252 245 244 224 209 
