169 172 175 176 151 148 137 149 176 174 172 171 168 165 165 166 168 169 171 174 179 180 180 179 179 180 184 183 187 189 191 192 196 198 191 183 179 191 197 204 208 203 206 204 197 201 206 210 211 209 207 203 201 198 193 191 187 188 184 182 174 135 132 144 153 153 151 149 146 145 145 147 147 147 146 152 153 157 161 160 158 154 159 164 161 166 169 172 175 172 171 166 161 165 165 127 69 53 51 53 
172 175 177 179 146 153 135 162 187 190 191 192 192 194 194 193 193 193 192 190 187 187 184 184 181 179 173 173 170 166 162 165 169 170 167 172 174 176 176 178 179 181 181 183 192 199 198 200 198 195 195 198 198 199 200 202 202 200 200 187 142 137 148 171 179 179 179 177 175 174 173 169 166 162 157 153 147 144 140 137 136 136 135 135 134 137 138 141 143 143 143 139 143 137 130 118 105 98 84 84 
164 167 169 177 145 159 132 171 187 189 190 192 193 193 194 194 194 193 193 193 195 196 195 196 196 194 195 195 196 194 193 195 190 178 175 178 181 183 184 179 174 171 169 165 165 166 163 164 165 167 168 172 171 173 175 176 173 176 173 156 150 154 184 195 196 193 190 185 180 176 172 172 172 172 170 168 168 167 168 165 164 162 157 155 149 145 139 133 128 122 118 99 84 65 64 62 85 114 108 95 
169 171 171 176 176 178 173 178 184 186 185 184 182 187 186 186 185 186 186 186 188 190 192 193 192 191 194 193 194 193 202 202 191 183 186 193 196 201 200 197 198 190 193 192 189 190 187 183 180 179 174 171 167 164 164 161 161 148 134 148 151 157 158 159 162 161 163 165 164 165 171 171 170 168 164 161 160 160 160 160 159 160 159 157 155 154 153 152 150 132 96 71 64 65 71 65 86 102 63 57 
172 177 179 180 126 156 141 179 183 182 179 179 181 180 182 184 187 185 182 181 181 182 180 178 177 178 179 183 185 192 196 189 184 181 187 190 194 196 192 196 189 191 189 188 188 188 186 185 186 186 184 183 183 184 182 179 161 138 145 162 170 168 165 161 159 156 155 155 155 155 152 146 145 144 140 141 146 152 152 156 159 152 146 143 141 142 146 145 122 94 82 79 93 93 92 68 54 53 49 75 
181 182 184 178 132 158 146 188 190 189 191 191 194 193 193 194 194 193 195 195 194 195 195 196 197 193 188 182 179 175 170 169 172 175 175 180 176 177 175 174 174 173 175 178 178 179 178 179 179 179 180 180 180 181 178 155 141 144 164 177 176 174 173 171 170 168 168 166 166 166 167 169 172 171 171 173 169 165 158 149 143 139 138 136 136 131 111 92 97 99 103 105 119 129 120 110 107 91 113 127 
166 175 180 174 164 161 155 184 182 185 186 186 188 188 190 192 191 190 192 192 193 194 196 198 200 199 194 191 198 195 191 190 194 195 197 198 194 194 189 199 199 197 194 190 187 181 175 174 169 168 168 168 167 160 153 158 156 157 167 167 169 171 169 168 167 166 164 163 162 160 161 160 159 159 160 158 156 159 160 164 167 170 170 168 119 73 67 66 104 95 84 62 55 55 53 79 112 127 127 124 
190 190 186 165 149 149 177 193 194 193 191 187 191 192 186 182 181 180 184 188 188 183 185 184 187 190 188 193 192 187 186 191 194 196 199 194 193 190 195 189 191 191 192 193 194 195 197 198 200 200 198 196 183 140 138 152 179 180 175 174 175 172 167 160 158 154 152 147 144 142 143 145 144 148 151 151 152 151 150 146 147 144 124 86 73 69 75 71 132 148 109 68 48 73 119 135 130 127 126 128 
196 200 203 167 147 137 194 206 203 207 207 207 207 207 208 209 209 209 209 208 208 206 206 201 199 191 184 186 184 183 187 188 185 180 180 179 173 174 175 174 178 180 182 181 183 183 182 180 180 183 188 177 148 140 157 192 196 196 195 195 194 190 189 188 185 185 184 184 183 180 175 167 158 149 141 134 128 126 126 121 104 104 104 104 118 123 121 114 112 111 114 94 118 138 130 128 126 129 129 127 
182 193 196 170 162 149 194 198 199 201 202 203 206 209 209 209 209 209 210 210 210 211 210 212 214 213 210 214 212 209 213 218 225 217 215 203 201 204 204 200 197 192 188 185 183 180 175 175 171 170 161 157 153 155 164 167 167 169 172 173 173 174 176 179 179 180 182 183 182 179 178 179 177 176 173 174 174 176 127 79 68 57 83 68 92 99 80 54 50 69 116 141 133 131 130 130 130 126 118 112 
179 179 180 152 155 164 189 188 184 183 178 178 176 175 174 178 177 178 182 184 185 188 189 193 195 198 198 207 205 202 203 207 214 214 212 208 212 213 215 214 214 216 215 214 212 212 210 208 202 162 149 144 180 191 185 182 178 175 170 167 165 162 159 159 158 156 150 145 141 142 144 139 145 152 154 155 155 128 113 101 97 138 116 84 72 75 54 67 115 139 134 131 130 131 133 128 118 112 112 128 
196 198 200 142 139 170 205 206 209 208 206 205 205 205 205 206 204 205 205 204 201 199 198 198 193 191 186 187 185 182 182 184 183 184 181 177 178 181 180 184 183 185 188 190 191 196 196 199 172 153 147 205 212 213 213 210 209 205 201 198 195 188 183 177 174 169 167 161 153 150 146 145 140 127 110 81 60 72 73 77 75 105 100 87 90 114 126 134 130 126 129 132 132 133 127 121 122 133 157 183 
172 180 183 164 160 189 196 199 201 201 202 202 202 202 201 204 207 207 208 209 209 209 210 211 211 211 213 219 214 211 212 217 217 213 213 209 213 211 212 208 209 207 203 201 197 194 184 145 147 170 179 177 173 173 172 172 174 173 173 173 173 176 178 178 182 183 176 172 160 135 117 113 118 87 72 69 70 95 118 81 76 74 49 61 109 130 127 127 129 130 132 130 128 130 135 148 168 186 190 194 
188 189 183 126 130 174 178 178 178 179 180 180 178 177 178 176 173 172 172 171 172 173 174 176 179 181 182 187 185 186 189 192 195 198 198 198 203 206 206 206 209 211 213 213 212 200 157 141 182 213 214 214 213 213 212 211 211 210 210 208 207 206 201 199 195 190 184 166 121 120 120 119 111 104 107 148 126 129 126 111 101 103 107 131 128 125 125 128 133 133 127 123 133 160 179 184 192 189 180 171 
189 190 187 133 145 199 200 204 205 207 209 210 210 208 208 209 210 209 209 209 208 209 209 209 211 206 205 207 200 195 197 199 195 190 189 182 185 185 181 178 178 175 174 169 154 146 148 168 175 177 179 180 180 183 184 192 196 196 197 198 198 198 200 203 202 197 159 122 110 109 81 51 39 50 82 120 85 94 88 69 99 122 119 119 127 128 127 130 122 121 141 171 185 197 197 182 178 177 174 169 
153 157 153 147 157 163 163 162 163 165 162 165 163 167 169 172 173 175 176 179 180 179 183 183 189 191 191 196 196 195 199 204 206 207 207 203 212 214 215 213 213 214 213 187 140 153 207 210 210 209 207 204 201 198 193 193 189 183 181 180 176 174 171 163 126 118 176 133 121 122 114 78 104 106 113 110 101 75 97 123 113 106 107 121 136 138 129 134 151 173 187 191 191 186 187 174 173 173 175 174 
193 197 177 123 180 202 204 206 205 203 201 200 199 197 195 193 192 189 186 186 185 186 183 184 186 184 180 185 173 171 172 177 176 170 167 162 164 165 166 167 171 172 165 153 172 185 182 181 183 185 187 188 188 188 190 193 194 197 194 195 195 201 188 138 108 128 165 153 125 132 131 104 65 49 53 63 96 106 103 97 96 101 113 121 126 135 156 170 178 190 187 186 175 179 177 169 171 174 172 178 
156 158 150 148 167 173 174 174 180 180 183 183 185 185 188 188 189 188 191 190 191 188 189 190 195 198 199 206 200 200 202 208 211 209 210 205 212 212 210 210 205 153 140 187 196 195 192 192 189 186 186 183 180 178 172 170 152 132 128 131 131 134 129 120 118 97 105 113 92 126 139 134 104 88 86 81 74 84 94 100 100 99 111 127 163 184 179 173 175 180 170 170 179 179 182 178 176 176 178 177 
186 188 155 138 188 185 184 184 183 182 181 181 181 180 181 181 180 177 178 179 179 180 178 175 181 178 176 175 169 165 169 171 170 169 169 167 169 171 172 180 154 147 177 185 183 185 185 181 181 183 179 180 181 181 182 163 125 111 109 114 120 124 118 93 65 57 58 60 64 123 146 142 120 117 117 110 91 72 61 57 60 99 160 179 190 191 169 162 172 168 172 178 182 186 181 175 173 186 176 179 
170 176 150 157 187 189 190 189 190 190 190 189 189 187 187 187 187 188 187 187 186 189 188 186 191 186 189 191 185 187 188 191 194 190 194 189 197 196 181 135 164 189 189 190 190 190 190 188 187 186 188 181 157 141 126 117 97 87 85 94 102 92 81 67 59 54 54 55 55 102 148 144 134 134 132 131 126 121 115 106 94 94 113 144 159 175 155 165 174 175 179 184 181 186 181 183 178 186 181 182 
162 162 145 156 163 163 164 169 167 167 168 171 171 172 173 174 176 178 179 179 179 181 182 180 188 188 189 193 187 183 185 188 190 187 188 178 180 172 134 177 184 185 183 183 184 181 181 185 183 177 151 134 114 103 102 95 91 88 84 81 82 82 78 76 67 56 51 49 50 91 147 146 136 138 140 141 141 141 142 142 140 136 133 129 125 132 162 172 175 179 186 182 182 188 185 181 180 185 179 175 
168 175 130 163 178 179 181 184 185 187 185 188 189 189 189 186 188 187 187 186 187 187 185 183 188 184 189 191 185 183 185 187 185 180 179 169 158 132 159 163 161 160 160 161 161 165 171 163 141 128 115 107 91 80 88 84 84 84 85 86 88 87 77 64 60 55 60 52 47 81 146 146 139 143 143 144 144 144 144 143 144 142 142 142 137 136 149 177 183 183 187 186 185 185 182 183 177 186 183 179 
155 155 149 152 146 154 155 154 152 147 147 150 146 144 145 148 146 147 148 151 157 154 152 157 170 171 174 178 172 172 173 176 179 179 182 160 129 170 177 177 181 178 178 182 181 180 146 120 91 81 75 83 80 77 78 77 78 81 87 97 96 90 89 79 61 50 49 55 62 78 144 145 145 146 147 147 147 147 147 148 145 143 143 143 141 139 144 179 189 187 187 199 183 185 191 192 182 185 178 180 
175 175 129 178 181 184 186 186 188 189 191 188 187 186 184 183 184 184 184 182 185 184 185 182 191 191 194 194 188 188 188 192 152 175 168 159 181 181 175 173 167 162 159 154 135 93 93 81 70 69 70 78 93 97 85 80 75 79 87 94 98 93 89 88 83 61 54 55 54 85 143 147 147 147 148 149 149 149 149 149 149 146 146 146 144 144 148 179 189 194 189 197 185 185 186 194 183 183 185 179 
187 179 143 185 187 186 177 171 171 176 171 172 172 173 172 171 171 171 171 170 167 165 165 165 169 167 173 174 170 169 159 166 149 151 144 147 164 166 178 180 181 184 193 177 118 82 75 77 74 75 77 76 80 97 98 92 82 76 82 98 99 104 101 89 85 81 72 59 60 75 140 149 148 150 149 150 150 150 150 150 150 148 148 148 149 149 153 186 193 200 187 194 188 186 188 196 186 191 188 189 
205 205 178 208 208 208 210 211 208 206 209 211 211 212 212 212 213 212 213 213 212 211 212 209 217 215 221 219 212 215 218 221 157 189 150 194 217 209 202 198 193 184 119 81 79 84 87 92 86 88 93 91 87 95 100 115 118 105 92 92 101 105 98 94 94 93 87 74 54 72 145 153 149 151 151 152 152 152 152 152 151 150 150 151 151 151 149 187 191 196 185 190 190 191 197 200 194 197 196 198 
173 177 178 181 184 188 191 194 197 199 201 204 206 207 210 212 214 214 214 214 214 213 215 211 216 214 220 220 211 213 217 223 159 214 215 210 220 218 217 219 195 132 101 99 112 117 118 97 98 102 105 105 102 95 99 108 123 138 148 137 114 109 107 100 94 96 95 84 72 68 153 156 152 152 154 153 153 153 153 154 154 152 152 153 152 151 141 187 191 200 195 195 198 202 206 208 204 200 201 198 
186 186 185 185 183 182 180 178 176 176 172 169 163 161 162 160 159 159 159 158 158 159 158 163 169 174 182 185 177 178 182 190 146 196 202 201 209 214 211 170 118 118 118 120 120 119 113 112 105 113 113 109 107 106 106 113 118 131 155 171 177 138 110 101 95 96 93 92 85 75 148 158 151 153 153 155 155 155 155 154 154 153 153 154 153 152 137 189 201 204 206 207 205 206 208 209 204 204 202 202 
206 207 207 209 210 210 211 211 210 209 210 214 212 210 213 212 213 214 215 216 215 216 218 216 220 215 222 218 207 207 206 207 146 188 181 174 173 145 96 100 121 127 117 111 108 106 112 110 109 114 110 115 120 129 122 136 154 168 194 218 221 218 154 114 103 94 96 88 88 83 135 159 159 156 156 156 156 156 156 156 156 157 157 157 158 158 141 189 210 210 210 209 209 207 209 211 208 208 204 202 
205 207 207 209 208 210 211 211 210 210 211 211 211 211 211 212 212 214 214 214 214 214 213 215 218 213 222 220 213 216 220 227 149 214 213 212 159 110 89 113 124 118 110 102 96 96 107 109 108 109 122 123 154 171 176 198 199 214 230 233 232 226 202 126 107 92 94 93 85 84 133 161 157 156 156 156 156 158 158 157 158 160 160 161 161 161 143 184 209 211 210 209 210 211 209 210 210 207 205 204 
206 207 207 208 208 210 211 211 210 210 211 211 211 211 211 212 212 213 214 214 214 213 212 214 220 213 222 221 213 216 220 226 153 214 212 149 89 82 99 109 110 113 104 99 93 95 100 99 109 119 113 119 132 169 206 220 225 234 237 238 235 229 220 154 110 99 93 90 85 81 134 162 157 157 159 158 158 161 161 161 162 162 164 165 165 162 145 180 209 211 210 209 210 211 211 209 209 209 207 204 
208 208 211 211 212 211 212 212 211 211 212 211 211 211 211 212 212 213 214 214 214 214 213 215 220 214 223 221 214 216 221 226 154 212 175 79 75 89 100 100 103 103 99 94 96 90 92 98 109 120 110 114 120 140 193 224 233 238 240 239 237 232 221 179 111 97 89 81 81 77 136 164 160 161 162 161 161 163 163 163 164 164 165 166 164 162 146 176 210 210 210 208 209 210 210 209 210 209 207 206 
152 155 152 152 153 154 155 158 160 161 160 161 162 163 165 165 166 168 172 172 174 174 175 186 194 199 213 209 205 207 213 222 157 187 88 77 85 96 98 103 100 104 101 96 100 94 98 98 102 112 103 107 111 124 150 200 231 237 242 238 238 233 225 195 101 96 93 87 84 88 135 165 161 160 162 163 163 164 164 165 165 164 164 165 165 165 148 173 208 212 211 210 208 208 210 211 209 208 207 206 
208 208 211 213 211 212 212 212 212 212 213 213 212 212 212 210 209 209 206 204 201 199 196 196 196 188 192 187 182 181 178 175 135 93 74 84 86 100 101 104 104 109 102 102 97 97 103 100 104 105 98 101 101 110 131 156 210 233 238 239 237 231 227 205 111 96 89 92 85 87 129 167 164 162 163 164 164 166 166 165 165 164 164 165 165 164 149 171 208 211 211 210 208 208 203 199 203 188 166 182 
206 208 208 209 210 210 210 211 212 212 212 213 214 214 214 214 214 213 214 214 214 216 217 217 221 218 225 217 212 216 221 207 115 83 80 88 98 115 116 109 118 115 109 116 112 114 109 101 99 99 102 104 100 105 110 122 176 217 233 236 236 232 229 204 115 99 91 88 88 84 126 171 167 164 164 166 166 166 166 165 165 164 164 165 165 164 151 167 205 213 211 179 194 209 186 179 188 210 176 186 
206 208 208 210 210 211 211 211 212 214 214 214 214 214 214 214 214 213 214 214 214 215 215 217 220 218 227 219 214 216 211 127 87 85 88 98 118 126 123 125 125 127 129 129 122 123 115 112 108 106 106 103 103 103 108 117 138 185 223 233 237 233 231 201 116 98 97 91 87 78 143 174 169 163 165 165 165 165 165 165 165 165 165 164 163 161 153 165 192 208 176 170 210 210 200 171 204 207 175 184 
207 209 208 210 211 211 211 212 213 214 214 214 214 214 214 213 214 213 214 214 214 216 216 218 220 217 226 218 213 212 137 102 94 94 95 107 126 126 124 124 132 133 131 125 127 125 121 120 115 111 107 106 107 105 110 113 128 155 208 227 233 230 226 181 106 97 93 83 82 74 117 174 172 165 165 165 165 165 165 165 165 163 162 164 162 161 154 170 195 211 203 181 184 208 185 190 189 209 203 184 
171 173 175 178 178 180 181 182 186 188 190 192 194 195 198 200 203 204 207 209 211 211 213 219 222 217 226 218 213 161 102 99 99 105 106 119 119 124 123 130 133 131 125 129 126 125 122 117 118 115 116 112 112 112 111 113 121 132 180 223 231 229 222 143 108 100 93 86 83 69 114 175 172 165 165 166 166 166 166 165 165 162 163 164 163 160 156 171 193 209 197 180 198 209 197 173 202 208 172 189 
187 190 188 187 186 184 184 185 182 182 179 175 173 171 170 170 169 169 166 168 167 164 163 166 171 173 178 169 149 110 98 101 109 116 116 122 121 124 123 131 133 134 126 125 125 126 116 124 125 121 118 117 118 116 116 113 122 125 162 217 229 227 192 114 106 101 96 94 84 78 108 178 176 166 167 167 167 166 166 166 165 163 164 165 163 161 153 160 192 210 203 195 191 214 191 215 212 207 168 176 
209 211 210 211 211 211 210 211 213 213 213 215 216 214 214 215 216 215 215 217 216 216 219 222 218 219 227 211 133 114 104 110 120 116 119 123 121 120 124 122 126 128 125 117 124 124 120 124 121 121 123 122 125 122 122 117 117 119 156 209 226 216 136 103 103 93 95 83 86 77 107 181 177 167 167 167 167 166 166 167 165 164 164 166 163 158 151 155 192 209 212 172 198 209 200 168 198 197 183 185 
208 210 210 211 211 211 213 214 214 214 214 214 214 214 214 215 215 215 215 216 216 216 217 221 220 220 227 154 127 124 118 128 124 122 122 121 117 121 119 121 123 123 120 118 120 121 120 119 119 123 125 127 131 125 122 120 117 119 136 192 214 165 116 104 99 97 92 88 84 75 108 181 179 167 167 168 168 168 168 169 168 166 165 166 163 158 150 155 186 210 206 203 206 203 196 196 204 211 212 207 
208 210 210 211 211 211 213 213 213 213 213 213 213 213 213 214 214 214 214 215 215 215 217 221 221 219 199 112 131 117 125 129 135 127 116 117 117 119 117 116 118 122 121 118 120 116 119 118 120 125 125 127 131 130 133 125 127 128 138 165 183 122 107 99 94 90 91 87 81 83 114 180 179 166 168 168 168 168 168 169 168 167 166 167 164 160 151 157 204 211 211 211 209 210 211 209 214 211 211 208 
206 209 210 211 211 212 213 213 212 211 211 211 211 211 211 213 213 214 214 215 216 216 214 219 220 213 124 123 127 110 121 131 133 129 121 119 115 116 121 120 119 119 120 119 114 119 119 121 124 124 132 131 130 133 135 138 133 129 129 153 132 110 106 96 92 89 82 78 79 99 114 180 182 170 169 171 171 168 168 170 170 170 169 169 166 162 154 156 207 213 213 209 206 203 202 201 199 201 210 187 
148 151 152 152 153 156 153 150 151 154 156 155 157 156 153 153 156 158 159 160 161 160 162 174 175 147 114 123 107 109 117 126 131 129 122 115 115 117 117 124 120 119 119 118 121 121 123 126 127 130 131 132 135 140 152 158 149 143 148 128 107 97 94 91 93 87 91 84 90 115 112 182 183 173 173 173 173 171 170 170 170 169 167 167 163 158 152 155 196 201 197 199 194 197 197 203 198 195 194 185 
209 210 210 209 211 211 211 212 212 212 212 211 210 213 211 212 213 212 211 211 210 212 211 215 167 125 118 111 105 111 116 120 122 128 124 116 123 120 119 123 119 118 121 123 126 127 127 129 126 130 131 135 145 149 163 182 185 191 164 116 110 102 102 105 97 89 90 91 116 143 121 185 185 176 175 174 172 172 171 170 170 168 165 165 161 157 151 146 193 197 197 197 198 204 203 200 197 199 196 192 
208 210 210 211 211 213 214 214 214 214 214 214 214 214 214 215 215 215 215 214 215 216 214 215 129 106 107 109 111 112 115 122 123 122 115 118 122 115 118 116 113 112 117 125 129 125 132 138 136 146 139 147 149 153 169 189 203 186 127 110 110 105 100 99 98 92 86 115 132 159 133 187 185 177 175 175 175 174 172 169 168 165 165 164 159 156 151 144 194 200 197 199 201 204 202 197 203 202 196 191 
208 209 209 210 211 212 214 214 214 214 214 214 214 214 214 215 215 215 215 215 215 218 217 187 107 91 104 103 111 119 109 114 109 108 104 105 119 115 112 112 110 116 115 120 125 124 133 141 142 151 178 185 171 183 199 202 194 145 120 109 103 99 95 91 92 93 97 135 157 154 153 186 183 177 177 176 176 176 173 170 169 165 165 164 159 155 148 139 193 195 197 203 202 205 204 199 196 199 199 194 
208 209 210 211 210 211 212 213 213 214 214 214 214 214 214 215 215 215 215 214 214 218 218 170 98 89 96 101 113 114 108 103 103 105 107 106 113 109 111 111 117 115 116 122 125 126 132 136 143 156 176 189 200 208 208 204 163 129 122 113 107 103 104 96 93 98 125 151 152 154 126 184 187 178 178 176 176 175 177 173 171 167 164 163 159 156 150 140 191 194 198 201 206 208 204 191 199 200 197 187 
202 204 206 206 203 202 205 205 205 204 204 204 203 205 203 203 203 205 205 204 204 209 203 102 91 88 91 98 109 109 106 97 102 103 107 104 101 104 107 109 113 119 120 122 130 127 131 136 138 144 152 166 185 199 203 171 133 123 118 111 108 106 107 98 93 125 145 153 151 154 122 182 185 179 177 176 175 176 176 173 170 169 167 164 159 155 150 139 193 197 198 203 209 200 200 189 203 202 199 195 
151 154 155 155 159 161 161 162 162 162 163 163 161 160 162 161 163 164 161 162 164 165 162 101 82 87 86 95 103 107 100 98 99 104 102 98 104 104 106 108 109 116 122 122 132 133 139 140 146 153 173 193 202 205 179 140 125 118 113 116 117 106 105 101 117 97 75 91 89 111 111 182 185 180 177 176 174 176 176 175 173 171 168 164 159 156 151 143 195 199 206 201 205 204 197 201 199 210 195 202 
208 211 211 212 213 214 215 214 213 213 214 214 214 214 214 215 215 216 216 216 216 219 182 108 90 92 88 92 100 102 98 97 97 103 98 103 103 105 106 109 110 113 123 129 138 146 157 168 175 185 202 206 203 186 145 136 129 124 119 114 113 116 110 118 170 153 134 147 129 107 102 182 186 182 176 176 175 176 176 175 174 174 170 166 161 156 150 145 196 209 204 215 215 208 200 213 199 214 201 213 
209 212 211 212 211 212 213 214 214 214 215 215 215 214 214 215 215 216 216 216 217 222 168 110 100 97 91 96 100 98 99 96 95 96 98 101 103 107 107 113 115 120 127 129 137 144 160 174 191 208 212 203 174 147 139 135 132 129 124 122 117 119 126 172 218 219 218 213 209 207 152 183 187 180 177 175 174 173 176 177 175 175 173 167 161 154 139 158 195 212 214 216 215 204 194 214 218 216 210 208 
208 211 211 212 211 212 213 214 214 213 213 214 214 214 214 214 214 216 216 216 218 222 195 113 105 97 95 98 101 103 97 97 97 99 97 101 104 110 109 115 122 127 128 131 138 147 161 186 207 217 207 173 151 144 139 135 134 131 129 126 124 140 194 220 227 226 227 226 223 221 158 183 189 180 177 175 174 175 174 174 175 174 171 166 161 156 153 155 199 210 212 211 211 210 205 214 216 214 211 209 
207 210 211 212 212 212 212 212 213 214 214 214 214 213 213 214 215 217 217 217 216 222 217 160 112 103 102 101 97 97 96 98 101 101 104 105 108 112 113 118 119 125 134 142 151 165 190 211 214 191 163 149 143 142 139 137 135 131 132 131 138 198 223 224 226 227 228 227 225 223 158 182 190 180 176 176 176 175 175 175 173 170 167 164 159 156 151 153 196 206 212 212 212 212 206 218 217 213 208 205 
175 175 176 176 177 176 176 175 176 176 175 174 172 172 172 170 169 169 169 169 169 170 167 163 129 109 110 104 101 101 102 103 107 108 106 109 118 113 115 120 124 130 142 153 157 182 205 199 174 156 150 147 143 139 138 138 138 137 135 145 188 217 221 224 225 227 228 227 224 223 154 181 189 180 176 174 174 172 171 171 170 168 165 163 159 153 146 143 191 204 207 209 206 205 202 218 218 211 208 211 
178 183 185 185 184 185 189 188 188 191 192 193 194 195 195 195 198 197 198 199 203 209 204 206 145 121 113 118 121 120 120 116 117 122 121 117 128 121 125 127 133 140 151 161 175 198 183 157 151 149 147 144 142 140 139 140 142 145 161 204 220 219 217 219 221 222 222 223 223 220 156 183 189 175 173 172 172 171 167 166 166 164 161 160 156 151 145 130 179 195 197 197 199 197 193 210 214 206 193 196 
209 211 211 213 212 213 213 214 215 215 215 215 215 215 216 216 216 216 216 216 217 225 218 220 191 126 133 129 127 123 118 127 127 130 134 133 134 136 131 140 142 150 156 171 197 193 158 151 148 149 147 146 145 145 148 151 159 178 208 207 196 194 196 189 185 181 179 184 190 180 150 183 188 177 174 173 170 169 167 165 163 162 162 160 158 153 145 134 184 192 192 195 199 196 196 207 203 200 195 198 
208 211 211 211 211 212 212 213 214 214 214 214 214 213 214 213 213 214 214 215 216 223 216 220 216 162 121 130 127 121 120 131 135 129 131 137 136 136 136 143 148 155 170 189 212 191 160 154 153 153 155 159 163 162 180 197 204 207 206 184 161 168 159 158 159 155 151 151 158 153 156 187 189 178 172 169 167 166 165 163 162 162 162 161 159 159 151 136 189 196 202 190 191 193 197 215 205 205 197 197 
209 212 211 211 211 211 213 214 214 214 214 214 214 213 213 213 213 213 214 216 218 225 215 218 217 218 128 124 120 126 125 126 131 132 137 139 145 138 140 145 156 165 176 200 218 214 192 178 178 183 187 200 206 201 210 212 211 207 196 177 149 151 151 154 159 157 153 151 152 155 139 185 186 174 168 165 165 164 163 162 162 161 161 160 160 158 154 151 185 188 194 195 194 192 200 207 202 209 199 194 
208 211 211 212 211 211 211 212 213 213 214 215 215 217 216 218 217 217 219 218 220 223 216 220 217 226 157 121 125 131 130 123 134 139 149 151 145 139 149 152 162 178 198 214 225 227 223 221 221 222 218 219 214 208 211 213 210 196 190 174 172 172 151 135 142 148 154 153 155 162 146 183 186 176 167 164 163 162 162 162 161 161 161 160 159 160 157 145 186 194 195 196 193 189 197 204 204 200 199 187 
156 156 156 155 153 153 153 151 148 147 148 147 149 151 149 146 147 144 146 151 152 153 157 164 163 163 152 118 127 130 132 124 127 146 172 167 179 151 167 184 185 206 216 224 228 232 229 228 228 226 224 221 217 211 206 207 205 197 188 171 182 194 197 185 174 148 145 154 155 155 144 184 184 174 166 163 161 160 160 159 160 161 160 160 159 161 158 155 194 192 201 197 193 186 207 207 206 200 199 194 
198 200 203 205 207 210 211 212 213 214 215 214 215 215 215 216 216 217 215 219 219 220 214 218 215 225 203 107 111 123 130 126 122 136 168 188 205 199 199 216 225 227 231 231 233 232 231 230 230 228 227 224 219 214 205 203 193 197 197 177 175 194 200 197 194 193 188 160 144 166 141 185 181 171 163 162 159 159 159 159 158 161 159 159 160 160 159 148 187 193 195 198 193 184 201 209 202 198 196 196 
207 209 210 210 211 212 214 215 215 214 214 214 214 214 214 215 216 216 215 217 217 219 215 218 213 222 214 123 116 125 132 134 127 132 141 162 172 202 224 229 230 229 230 229 229 229 229 229 229 228 227 224 220 216 207 203 188 201 202 190 169 190 208 209 210 210 208 203 184 154 141 186 182 168 161 161 158 156 156 156 157 160 159 159 160 160 153 145 189 193 198 198 192 181 203 212 201 199 197 197 
207 210 211 212 211 212 214 215 215 214 214 214 214 214 214 215 215 215 215 216 217 220 215 217 214 225 221 154 116 119 132 134 133 128 128 130 134 156 182 201 214 219 224 229 231 230 230 230 230 228 227 224 221 215 211 206 198 187 195 195 179 182 208 210 211 213 214 211 207 176 143 184 181 166 158 157 154 155 155 156 155 156 158 159 159 157 150 140 181 194 199 202 193 184 209 207 204 202 192 195 
207 211 211 211 212 212 212 214 215 213 213 212 212 212 212 213 213 214 213 217 216 216 212 214 215 225 220 182 116 110 117 125 134 129 120 122 124 128 141 152 164 184 212 228 232 232 230 230 229 229 226 221 218 214 210 205 204 194 187 188 182 158 179 177 184 207 212 213 202 166 139 185 184 161 156 155 151 149 149 149 150 151 154 156 156 156 153 143 181 200 197 199 188 180 205 204 202 199 198 209 
209 210 212 212 213 213 211 209 207 204 202 199 195 192 188 183 182 181 177 179 176 174 174 176 179 182 175 167 137 115 116 124 127 127 124 128 131 141 143 155 170 186 207 222 221 219 215 212 212 209 205 203 202 199 199 200 205 207 192 178 179 160 155 158 154 172 200 208 177 161 138 186 181 158 152 150 147 144 143 142 141 142 145 146 146 150 150 110 184 187 197 204 202 187 217 214 202 199 194 212 
144 148 150 150 151 154 157 157 160 161 165 169 173 177 179 183 186 188 191 195 196 199 198 204 205 216 216 210 215 181 123 122 122 129 133 133 135 141 146 151 156 176 184 183 186 192 196 197 192 191 190 186 186 186 189 184 182 192 197 181 166 150 156 148 149 150 160 177 165 159 134 184 181 156 151 146 144 145 141 137 136 137 140 142 146 151 143 96 179 144 130 115 141 159 210 205 207 207 210 212 
208 210 211 212 211 212 214 212 213 214 215 215 215 215 215 214 215 214 214 215 215 216 214 215 212 227 222 215 217 221 159 120 124 129 127 128 121 100 96 132 159 163 165 175 181 176 173 177 180 187 188 184 184 184 187 190 204 177 160 166 145 129 156 142 145 150 163 177 159 164 134 185 182 153 150 148 144 140 137 136 135 133 136 141 147 151 149 107 188 154 109 116 135 138 182 177 160 162 173 159 
206 210 210 211 211 212 213 212 214 214 214 214 214 214 214 213 214 214 214 214 215 216 213 215 215 228 221 216 218 223 217 135 121 120 123 114 118 155 168 173 174 182 176 167 183 172 169 153 160 169 178 179 186 184 180 183 184 194 183 163 128 136 124 134 141 147 152 162 162 156 134 184 182 148 148 145 141 137 134 133 132 131 133 139 150 148 132 98 171 146 117 104 114 140 187 177 147 132 136 146 
208 209 209 211 211 211 212 212 212 212 212 212 213 214 214 213 213 212 214 214 214 215 214 215 213 227 220 217 218 223 226 196 125 121 123 156 167 182 189 193 188 176 163 181 169 177 193 160 135 139 163 174 178 174 174 180 185 186 193 186 128 151 102 84 121 142 150 154 158 164 133 183 182 147 147 142 137 135 131 129 128 130 132 137 147 152 135 91 198 152 114 98 96 148 194 164 148 144 135 117 
207 209 210 210 211 211 211 212 212 212 212 212 213 213 213 213 215 215 217 216 217 214 214 216 215 227 217 210 208 205 202 198 165 125 154 154 160 183 183 185 162 175 177 161 137 164 179 146 135 129 132 142 157 160 160 173 178 179 198 181 166 149 102 70 86 114 135 158 160 165 136 181 178 148 145 141 135 134 131 130 128 128 131 138 146 154 138 135 187 135 103 95 91 122 204 202 193 181 165 163 
191 189 184 181 179 177 176 175 173 170 168 166 163 162 159 157 156 156 154 155 155 156 164 165 169 174 175 173 179 185 188 195 194 148 149 171 146 146 150 149 146 161 153 144 135 178 211 162 138 134 128 128 131 138 155 165 168 169 182 192 194 178 123 95 85 65 108 156 165 153 135 180 176 147 144 139 135 132 131 129 127 127 130 139 148 154 138 146 192 130 101 96 97 105 194 206 198 186 170 155 
163 167 171 181 184 188 192 194 196 198 201 205 209 211 213 214 215 215 216 216 215 216 214 216 215 225 219 216 219 221 225 224 221 153 191 133 151 147 129 124 125 131 132 136 135 167 201 160 135 134 133 127 124 139 154 172 163 164 166 193 227 238 209 143 107 62 65 130 165 168 142 178 169 145 141 140 136 132 130 128 126 125 128 132 142 146 125 124 194 138 101 99 106 131 196 203 201 182 178 166 
208 210 208 207 212 213 212 212 211 211 212 212 212 212 212 215 213 213 214 214 214 215 217 216 215 224 219 217 219 222 226 224 222 156 204 168 121 127 154 158 144 133 140 157 150 131 164 138 132 125 134 132 131 137 138 145 142 157 157 211 243 246 237 215 149 121 62 91 179 163 147 177 164 143 139 137 133 133 131 127 125 123 124 125 127 128 105 64 151 124 115 108 98 185 199 195 190 179 167 165 
207 209 211 210 210 211 211 211 211 212 212 213 212 211 211 213 213 212 213 213 213 215 218 215 215 225 220 216 217 221 226 224 222 159 206 203 123 125 141 157 170 161 147 156 157 128 117 134 125 122 131 142 128 123 142 93 170 129 166 228 252 249 244 238 202 151 114 78 116 123 163 175 158 139 139 137 128 123 117 116 114 111 104 102 108 111 165 159 129 110 105 117 106 202 206 203 191 177 166 157 
207 209 209 209 209 210 211 211 210 210 211 211 211 212 212 210 213 213 212 213 212 214 217 216 213 226 220 215 218 223 226 227 224 160 198 208 150 126 135 155 168 174 168 147 149 136 121 108 108 109 120 135 133 124 126 131 160 119 170 195 250 251 248 244 233 177 129 92 109 119 163 166 146 121 122 116 107 99 95 89 81 80 84 116 129 110 155 136 118 109 107 111 122 202 205 192 182 173 167 152 
207 209 209 208 208 210 211 211 213 213 213 211 205 201 197 194 188 185 182 178 176 175 175 171 171 178 173 168 168 165 168 167 164 142 155 169 168 125 132 147 164 172 174 177 157 132 125 115 115 120 122 133 141 129 118 119 134 136 155 203 240 238 237 229 228 190 153 94 104 127 163 147 111 100 103 116 131 146 151 105 82 75 70 135 101 88 164 141 98 108 113 128 135 136 123 125 152 168 163 158 
166 168 166 163 160 157 154 150 150 159 159 163 167 173 176 181 187 188 194 196 196 202 207 209 210 224 220 215 220 222 225 223 220 162 198 223 220 160 135 150 155 168 183 181 167 154 131 124 120 127 129 127 140 137 125 128 148 176 203 240 243 246 243 230 193 185 147 95 104 163 154 139 144 114 123 161 142 162 152 81 70 83 93 111 107 82 131 128 106 101 114 114 141 169 156 112 84 101 134 151 
195 197 200 203 206 210 210 210 211 212 211 211 213 211 211 212 213 213 213 212 214 216 218 214 212 224 220 217 220 222 224 223 221 165 194 222 222 207 135 144 157 172 174 171 169 153 136 134 136 132 127 131 140 156 178 198 228 244 246 244 245 249 244 230 205 155 130 138 126 164 182 147 159 86 128 119 89 155 156 86 84 101 108 109 115 96 130 129 119 99 100 103 120 178 163 134 110 86 85 121 
206 208 208 208 209 211 211 210 210 210 211 211 212 213 213 212 214 214 214 214 215 216 218 214 213 224 219 216 220 223 223 223 220 168 192 222 222 218 149 146 161 175 178 175 165 155 141 136 135 134 134 140 170 213 241 246 247 241 234 226 222 224 224 211 160 160 153 149 139 136 133 144 159 127 155 141 114 127 160 87 89 79 93 111 114 85 77 97 111 93 103 83 140 177 153 136 123 120 114 102 
205 208 208 209 209 211 211 211 211 211 210 210 210 211 211 211 212 211 212 213 213 216 219 214 212 224 219 213 217 220 224 222 217 171 189 220 222 221 174 157 172 179 180 180 168 159 147 133 123 124 126 126 139 165 205 229 210 134 162 223 230 201 173 144 144 158 156 157 156 155 143 151 151 103 132 117 153 154 160 87 102 93 88 116 114 80 68 64 74 100 98 92 125 174 175 162 127 122 122 116 
204 208 208 207 208 210 211 210 211 211 210 211 211 213 213 213 215 217 217 216 212 211 211 203 200 206 197 188 184 181 175 171 166 147 146 157 155 163 177 184 177 159 159 160 163 154 137 124 119 120 118 124 142 141 145 155 161 123 147 185 166 139 135 133 145 162 156 155 156 155 141 155 156 133 148 115 121 143 162 124 89 77 82 112 85 71 69 69 91 112 109 125 140 172 142 191 172 143 122 113 
209 210 208 203 199 193 187 181 178 172 170 166 164 165 158 157 157 158 159 161 164 166 173 178 182 192 192 195 200 209 214 217 218 175 182 222 220 219 184 177 171 146 137 129 122 131 124 120 110 104 105 126 139 149 150 154 141 137 135 142 137 135 132 132 140 158 158 156 155 156 139 158 144 159 162 163 142 170 164 135 90 79 84 87 70 68 63 64 73 101 105 116 155 150 133 144 113 166 121 115 
145 153 157 162 168 173 178 185 190 192 196 197 200 204 207 209 212 213 214 214 213 214 218 213 211 221 215 214 217 221 221 218 216 177 176 218 219 221 166 167 158 139 129 129 131 147 129 121 110 122 132 136 132 136 134 152 174 197 158 141 137 134 131 130 138 155 150 131 154 156 138 158 98 98 163 138 145 169 157 110 89 77 72 102 69 87 112 122 113 99 117 119 179 164 139 111 124 156 123 118 
204 206 206 207 207 208 208 208 210 211 211 211 211 211 211 212 212 210 211 212 212 214 218 213 212 222 215 213 217 221 222 219 218 177 174 218 219 208 158 163 151 142 141 137 155 155 189 195 164 198 205 206 201 190 197 208 197 185 150 149 144 139 131 133 140 155 151 128 104 157 140 160 135 130 168 110 136 141 152 106 87 71 68 115 135 137 126 127 117 100 104 116 192 166 162 110 153 147 128 126 
202 205 206 206 206 207 208 208 209 210 210 210 210 211 211 211 211 211 210 211 212 213 217 212 211 222 215 212 216 220 222 219 218 178 174 219 220 189 163 154 146 147 155 157 156 173 174 171 162 161 150 149 148 146 147 154 163 174 161 157 139 136 130 133 138 153 148 119 150 155 137 159 128 103 163 151 107 150 158 116 87 73 70 95 99 111 111 113 104 95 90 97 172 159 129 126 138 135 115 124 
203 206 206 207 206 208 208 208 208 209 209 209 210 211 212 210 211 210 211 212 212 215 215 212 212 222 217 213 210 204 200 192 187 163 145 163 158 163 154 150 146 162 171 171 179 184 194 200 208 211 214 214 211 209 211 211 210 208 165 153 138 129 131 133 140 152 157 144 110 157 139 153 112 124 160 97 160 166 154 119 82 73 72 72 65 95 99 116 111 109 94 95 145 138 135 143 142 115 104 113 
200 203 204 205 206 208 209 209 209 211 212 210 207 202 194 188 180 175 171 169 165 160 157 161 164 170 169 166 170 180 185 189 193 171 166 212 210 163 151 146 170 186 202 214 216 215 217 216 216 216 215 216 216 215 214 213 211 209 149 131 132 142 135 137 145 160 160 160 156 155 136 155 120 120 166 144 105 158 142 109 86 71 74 66 72 86 95 115 105 108 109 102 112 96 104 130 95 110 114 119 
170 171 166 166 163 159 155 151 150 147 150 154 155 161 168 176 183 188 193 199 206 211 214 213 211 219 215 211 215 218 219 216 217 187 170 217 193 155 162 185 204 212 217 217 217 216 217 217 217 217 215 214 214 214 215 212 202 192 134 128 130 134 140 147 148 135 146 165 164 162 147 158 141 117 166 168 167 165 135 89 75 89 83 84 84 90 101 102 104 106 92 106 130 134 125 100 110 112 114 119 
171 181 186 192 196 200 203 206 208 208 207 205 207 209 209 209 209 209 209 209 210 213 213 210 213 220 215 211 216 218 219 217 217 184 167 216 202 202 215 214 216 218 219 220 212 203 191 184 177 171 165 157 147 145 140 137 135 130 110 107 99 98 99 102 101 98 119 140 153 166 164 162 160 162 166 167 168 166 120 71 62 68 97 93 88 110 139 127 115 107 91 103 126 128 124 126 121 118 122 116 
201 204 204 206 206 206 206 206 207 207 208 208 208 208 208 208 208 208 208 209 211 211 207 210 213 220 214 210 214 221 218 213 188 146 157 181 175 170 165 160 153 148 142 145 148 154 155 152 144 138 134 133 130 121 116 116 122 139 154 167 139 99 92 93 96 97 98 106 126 140 152 164 167 165 168 168 166 167 118 70 79 80 111 97 115 150 123 125 141 108 101 133 139 135 124 117 112 116 110 112 
201 204 205 205 205 206 207 208 208 208 207 208 209 209 211 211 208 202 195 188 182 176 179 176 172 172 164 155 147 146 150 151 156 131 173 180 171 162 156 153 148 142 136 125 116 111 117 127 143 158 168 176 174 194 202 204 197 187 180 180 170 128 107 99 96 98 101 102 103 106 125 135 156 171 173 174 172 167 104 71 91 81 95 100 98 130 119 115 119 119 105 111 129 133 129 124 120 115 115 111 
179 206 205 202 196 187 180 172 169 166 162 158 153 152 147 143 142 150 158 165 170 173 173 171 172 172 164 160 157 155 150 144 136 131 122 126 124 131 147 157 167 173 183 192 199 201 198 190 181 175 177 175 174 166 156 152 158 165 175 177 157 156 176 178 119 100 100 102 103 102 100 106 123 133 158 177 178 178 157 105 65 80 88 112 138 96 115 109 111 108 97 113 125 136 128 118 117 138 129 116 
133 150 134 137 149 153 157 158 163 165 157 153 148 148 149 146 142 141 135 132 128 123 128 135 141 147 155 160 164 175 184 184 192 178 122 123 180 184 180 183 183 180 174 168 158 156 161 169 176 177 174 173 176 175 176 174 171 167 172 180 173 162 153 136 139 131 107 102 101 103 104 105 101 105 120 137 162 179 181 179 162 115 77 103 142 101 93 99 115 108 104 112 147 161 162 135 111 140 125 130 
118 136 137 131 131 133 135 132 131 131 139 147 156 161 164 168 175 181 183 189 192 193 190 184 184 178 169 170 178 184 180 168 163 155 148 136 136 161 175 176 178 183 179 177 176 169 165 165 165 165 167 169 168 165 166 167 169 170 172 173 162 155 171 179 170 143 70 113 104 99 103 106 106 105 99 103 124 146 168 183 184 184 168 130 120 95 96 91 94 97 97 117 131 144 147 149 126 132 136 123 
129 166 175 178 181 185 189 191 193 189 183 176 170 169 166 166 164 162 157 154 150 152 155 164 169 181 183 181 185 185 190 189 188 184 179 165 133 130 125 156 170 170 168 169 172 173 175 176 174 172 171 163 159 155 157 161 165 169 171 176 169 167 167 167 166 159 97 132 86 93 111 106 106 108 108 105 97 106 131 152 172 185 182 181 177 162 116 96 89 91 93 130 141 151 146 138 118 136 136 120 
106 151 160 157 156 152 149 151 154 156 159 161 167 168 175 176 182 185 191 198 199 197 190 183 180 174 172 171 170 173 171 171 171 174 177 178 169 140 158 142 143 163 157 158 157 157 161 164 164 162 162 170 178 187 188 187 181 176 170 168 158 147 155 158 161 139 62 112 27 55 149 125 104 104 109 109 107 105 100 111 134 149 172 184 184 180 173 139 88 84 93 151 142 134 123 126 123 126 129 116 
120 153 176 178 189 195 199 198 197 191 187 183 178 172 172 171 173 172 172 173 173 174 178 183 184 182 180 180 176 175 171 168 165 164 163 164 166 159 128 147 145 98 177 189 191 192 188 181 176 173 168 161 151 145 143 147 151 158 167 176 159 157 165 173 184 176 98 89 75 111 138 114 93 103 108 108 108 109 110 106 102 113 135 144 173 183 183 182 173 119 105 159 156 147 119 110 133 138 133 124 
108 124 159 160 162 163 165 166 167 173 181 185 187 184 185 184 184 186 181 176 177 169 166 163 166 164 166 165 164 164 170 181 187 192 195 190 185 179 163 139 160 157 123 138 148 149 147 148 152 158 160 162 172 180 187 193 194 195 194 185 161 152 160 163 157 138 136 88 57 27 19 26 34 72 96 111 104 103 107 111 112 111 106 117 132 150 165 181 180 168 143 169 154 143 127 161 152 140 139 138 
121 143 172 172 176 175 175 174 172 167 166 164 162 161 161 162 163 164 164 170 177 185 193 194 193 191 191 183 180 178 174 165 165 156 153 152 152 151 156 153 130 145 170 138 110 179 194 194 194 186 181 175 170 167 158 150 145 140 144 140 145 147 157 160 156 153 171 161 78 46 22 31 63 105 99 104 120 101 98 99 105 108 110 108 112 121 131 140 166 169 149 149 136 131 125 123 123 149 157 139 
