38 40 42 42 41 42 43 43 43 43 43 43 43 42 41 43 43 43 43 43 43 43 43 43 43 43 43 43 43 44 43 43 43 45 43 42 42 43 43 43 43 43 43 43 43 43 41 40 39 37 41 38 36 34 41 44 55 63 67 67 72 74 76 76 70 69 71 71 70 71 73 74 76 75 74 76 76 75 75 74 74 73 73 73 69 70 74 85 96 109 121 125 127 128 127 127 128 128 129 127 
40 42 42 43 42 43 43 44 43 44 44 44 45 44 43 44 44 45 44 44 45 45 44 45 44 44 44 44 44 44 44 44 44 45 44 43 44 44 44 44 45 45 44 45 44 43 42 41 40 41 41 37 37 40 39 42 53 63 68 69 72 76 76 75 75 76 76 75 73 71 70 71 73 75 77 78 78 77 77 77 77 76 76 74 72 77 87 107 117 124 128 131 133 133 131 132 132 132 133 131 
42 43 44 44 44 44 44 45 44 45 44 45 45 46 46 45 45 44 45 46 46 45 45 45 45 45 45 45 45 45 45 45 45 45 45 45 44 44 45 47 46 46 49 44 42 43 43 42 41 44 39 38 38 44 38 40 49 60 67 70 74 76 76 78 77 77 78 77 75 74 73 71 71 72 73 75 77 78 78 78 76 75 76 78 81 93 112 123 126 128 130 134 135 136 134 134 135 136 136 134 
43 45 43 43 45 45 44 44 45 45 45 45 45 46 47 46 46 47 46 45 45 45 45 45 47 45 44 44 44 44 45 45 46 46 45 44 44 44 44 43 44 43 50 45 44 43 42 42 43 44 39 37 38 42 37 37 45 57 69 70 76 74 77 79 82 79 77 77 78 80 79 75 72 72 70 71 74 76 76 76 75 77 79 84 99 116 124 128 129 130 133 138 137 139 138 137 137 138 137 135 
44 46 44 44 45 45 45 46 46 45 45 45 45 46 45 46 47 46 46 47 47 46 47 47 45 47 46 45 46 46 46 47 46 46 46 46 45 46 45 44 45 47 47 49 46 44 43 40 45 42 39 38 45 38 37 39 42 55 68 73 80 76 78 83 85 80 79 85 85 82 82 81 79 77 76 76 75 77 78 78 80 85 95 105 123 131 132 132 133 134 137 142 142 142 142 141 141 140 139 138 
44 45 46 46 46 46 46 46 46 46 46 46 46 46 46 46 45 46 46 46 46 47 46 45 45 46 47 47 46 46 46 46 46 46 45 45 46 46 45 45 45 45 44 53 47 45 44 39 45 40 38 38 47 37 37 38 41 57 65 78 80 78 81 81 80 83 89 84 84 85 85 85 85 85 86 85 83 82 84 85 87 93 115 128 135 133 134 135 136 139 141 144 143 144 145 144 144 144 143 141 
45 46 46 46 47 47 47 46 46 47 47 47 46 45 46 47 46 47 47 46 45 46 46 46 47 46 47 46 46 46 46 46 46 46 46 46 46 46 46 46 45 45 47 49 50 44 44 42 47 39 39 39 46 37 38 37 39 55 67 77 78 76 80 74 81 86 81 79 78 79 79 82 83 85 86 86 85 87 86 88 93 110 129 138 140 137 137 137 137 143 146 145 145 146 146 145 145 145 144 140 
47 47 46 47 47 48 47 48 48 48 48 47 48 48 48 48 48 49 49 48 46 47 48 48 48 47 46 46 47 47 47 47 47 47 47 47 46 46 46 46 45 47 46 44 54 45 41 42 51 41 40 39 46 38 37 38 40 61 61 78 75 79 76 76 85 81 77 75 74 74 74 78 79 77 76 80 82 90 95 105 118 132 138 139 139 139 139 139 140 145 147 147 147 147 148 149 147 147 145 142 
45 46 47 47 48 48 48 48 48 48 48 48 48 48 48 48 48 48 48 48 46 46 47 47 47 48 47 48 47 47 47 47 47 47 47 47 46 45 45 46 46 46 46 46 52 48 44 43 50 42 40 38 49 38 39 39 45 64 59 79 75 81 76 88 82 78 78 78 77 79 84 83 86 82 87 95 99 110 123 127 136 138 140 140 139 138 140 139 140 145 147 148 146 148 148 148 147 147 145 143 
46 48 48 48 49 49 49 48 49 50 48 48 49 50 50 49 49 49 49 49 48 48 48 47 48 47 47 48 48 48 48 48 48 48 48 48 47 47 46 46 45 46 46 46 46 56 44 42 46 43 42 38 52 39 39 40 48 58 57 80 78 83 86 85 83 86 91 93 94 97 98 106 116 115 120 125 128 129 139 138 141 142 143 142 141 140 140 141 142 145 148 150 149 150 148 148 148 146 145 143 
48 49 48 49 48 48 49 49 49 48 50 49 49 48 48 49 49 49 49 48 48 49 49 49 49 49 48 49 49 49 49 49 49 49 49 49 48 49 46 46 46 46 46 46 46 49 54 43 45 45 39 39 52 43 41 39 51 60 56 80 89 91 96 99 92 100 111 122 122 121 125 132 136 137 139 141 142 141 143 143 144 144 145 144 142 141 141 138 142 145 148 150 150 150 149 147 146 144 144 143 
48 48 48 48 48 48 48 48 48 49 48 49 49 48 48 49 49 48 48 48 48 48 49 49 49 49 48 47 48 48 49 49 48 48 48 48 47 47 47 47 47 47 46 46 45 44 51 49 45 52 42 40 49 55 46 50 56 83 77 89 102 116 111 122 124 121 128 133 134 136 137 140 142 143 145 146 147 145 145 146 147 147 148 146 144 143 142 140 143 144 146 149 150 150 151 150 147 148 147 145 
48 50 50 49 49 50 50 49 50 48 49 49 50 49 49 49 49 50 50 50 49 49 49 49 50 50 49 49 50 50 49 50 50 49 47 47 47 47 47 48 48 48 47 46 49 48 44 53 54 58 51 48 50 74 68 74 82 110 116 124 128 130 137 138 139 137 138 140 142 142 143 144 146 148 149 149 151 149 146 147 147 149 150 148 147 144 142 139 140 146 147 150 152 155 153 154 152 152 150 149 
49 48 49 49 50 49 49 49 49 48 49 50 50 49 49 50 50 49 49 47 48 49 49 49 48 49 49 49 48 48 49 49 49 49 47 48 47 47 49 50 47 50 50 50 52 60 61 59 67 81 93 94 95 106 121 122 125 132 136 138 141 142 143 146 144 143 144 145 144 145 146 147 148 148 149 150 151 151 149 148 148 150 149 148 146 144 143 138 138 144 146 151 154 156 156 154 154 152 151 150 
47 46 47 47 46 46 46 46 46 46 46 47 49 49 49 49 49 47 48 49 49 48 48 48 49 48 48 48 49 49 50 49 48 49 49 50 48 48 47 53 58 58 63 67 80 97 106 108 118 126 131 136 137 137 144 143 143 146 144 143 146 145 149 150 148 147 147 146 147 147 148 148 149 149 151 150 152 153 153 151 150 151 149 149 147 145 142 138 137 144 147 150 151 154 156 156 155 152 152 150 
42 41 43 43 42 42 42 42 42 43 42 43 44 44 44 45 45 44 45 45 45 45 45 46 46 48 47 47 47 47 48 49 48 48 50 50 57 53 49 56 82 100 112 117 121 129 133 132 139 139 140 139 141 144 147 149 150 151 151 150 150 152 152 153 153 151 149 150 149 149 149 149 149 149 151 151 152 153 154 153 151 150 148 149 147 145 141 136 140 143 146 148 148 151 153 154 152 150 150 148 
31 32 31 31 32 34 35 34 34 36 36 37 38 38 38 38 38 38 38 39 39 39 41 44 49 49 48 44 47 50 52 54 64 72 65 68 70 83 85 87 109 127 127 131 135 134 132 130 131 134 136 137 138 140 143 149 150 152 153 152 153 151 152 154 154 153 153 152 151 151 150 149 150 149 152 152 152 154 154 154 153 149 148 147 143 144 141 136 138 141 147 146 146 151 150 148 148 148 146 145 
22 23 23 23 23 23 23 24 25 27 29 29 31 29 30 29 30 30 31 31 32 33 36 45 54 63 76 69 48 59 75 89 105 112 114 110 117 119 119 120 122 125 124 125 123 126 126 122 121 125 127 132 134 134 137 143 144 146 149 152 149 152 154 155 154 154 155 155 152 151 150 151 150 148 150 152 151 152 150 149 149 147 147 148 144 142 139 137 140 145 149 149 151 150 149 147 145 146 147 147 
15 15 14 15 14 14 14 15 15 16 18 20 21 20 21 20 20 20 22 22 25 28 33 52 69 94 113 112 103 100 112 120 126 122 122 119 123 122 117 117 119 126 127 129 127 125 118 115 115 115 119 121 127 131 131 136 141 139 145 150 148 154 153 154 155 154 155 155 153 152 150 150 150 149 151 152 150 149 149 147 146 147 145 147 143 140 139 144 148 152 152 151 156 155 154 153 151 151 150 147 
7 7 8 8 9 8 9 9 10 9 9 11 12 17 17 16 11 16 21 26 38 36 48 73 97 116 119 117 116 119 122 128 129 124 120 121 123 127 125 118 116 125 129 131 127 124 118 116 116 112 116 121 127 132 129 132 140 137 141 146 144 151 148 151 153 155 155 153 153 152 151 150 150 149 149 150 147 147 146 145 142 145 145 145 143 139 139 146 149 153 154 160 156 153 152 152 156 158 154 152 
7 7 7 8 7 8 8 8 9 11 12 12 22 39 37 40 34 28 32 45 65 81 93 99 108 128 130 130 128 127 133 139 134 129 127 132 134 133 126 118 115 122 130 128 120 119 119 123 124 124 121 121 131 136 141 137 139 144 140 146 144 147 149 146 151 155 149 151 149 151 152 150 150 151 150 148 145 144 143 141 141 145 144 142 141 140 145 148 154 154 156 160 161 162 157 160 163 161 159 155 
6 7 8 10 8 10 11 22 36 41 63 75 79 76 74 77 74 71 79 82 85 90 89 89 106 134 138 142 136 135 144 148 140 136 137 141 140 137 126 109 108 116 125 130 123 117 119 126 130 132 134 133 131 133 143 142 142 146 142 146 148 144 152 145 150 146 142 144 145 149 151 150 151 150 149 146 144 141 139 137 140 145 143 141 138 142 146 150 152 153 156 157 157 156 159 160 162 163 165 162 
9 9 9 11 20 40 65 86 94 96 93 91 96 108 117 125 129 119 105 89 80 77 70 72 96 118 132 135 137 152 157 156 148 146 147 143 139 137 127 111 105 116 128 127 124 119 126 130 127 120 128 133 130 130 139 148 145 143 148 145 151 145 150 146 148 147 141 141 138 141 147 150 151 148 148 145 141 137 135 135 140 144 141 140 139 142 145 148 151 156 155 160 160 164 163 164 169 169 168 166 
17 35 51 70 86 86 83 82 82 87 91 112 135 140 140 142 128 130 118 103 83 74 63 61 69 96 113 131 142 160 173 162 155 151 147 136 132 133 123 110 105 113 129 129 126 126 130 131 122 112 112 123 134 129 132 144 150 146 149 150 149 150 153 151 146 152 146 142 138 137 143 148 152 148 147 143 139 137 132 134 143 142 138 135 140 145 154 152 154 157 163 162 161 162 169 174 177 176 169 161 
92 104 109 108 111 114 114 108 92 90 105 126 124 120 126 126 127 119 109 99 91 72 64 64 62 77 99 121 139 167 178 166 158 154 142 134 132 125 110 97 109 123 126 128 124 124 130 129 120 114 114 119 134 140 137 139 147 150 148 151 151 152 157 154 149 151 154 149 144 143 145 143 147 147 146 142 139 140 128 130 139 140 138 134 136 145 151 153 155 159 167 167 167 168 172 179 177 174 168 158 
104 106 110 112 115 118 119 119 116 119 118 116 99 92 94 92 95 97 92 85 84 76 67 56 56 61 88 102 111 155 171 170 159 149 142 135 122 103 94 103 119 117 115 123 118 122 132 129 119 111 116 127 137 141 142 142 141 150 147 147 149 150 153 152 152 150 153 152 150 148 147 145 146 144 144 142 139 138 128 132 135 134 132 133 137 144 148 147 148 153 163 169 170 175 174 174 174 178 172 162 
107 108 106 103 106 106 106 107 109 118 114 105 90 81 76 84 92 79 72 79 83 76 63 48 56 71 90 97 108 129 149 153 151 150 140 124 101 87 90 102 117 117 118 118 113 113 126 134 136 125 122 105 117 135 136 134 142 142 152 147 147 145 148 148 148 148 152 151 151 150 150 150 148 143 142 140 140 139 130 133 135 135 134 136 140 141 145 147 145 156 163 167 170 168 163 169 168 167 161 157 
111 113 112 109 107 101 97 93 94 97 99 97 96 89 80 76 76 67 62 64 64 57 49 52 68 100 103 97 108 109 128 135 141 153 143 113 89 86 88 107 119 112 111 118 116 101 103 114 116 116 123 124 107 104 120 130 138 144 146 152 145 146 143 144 143 141 142 147 147 149 150 149 149 147 145 144 140 139 133 131 132 133 130 134 140 141 144 144 145 151 156 162 160 164 163 163 167 170 167 157 
100 105 108 110 109 106 100 95 92 84 80 76 70 64 61 55 55 55 63 54 54 64 70 86 110 112 113 119 121 125 134 134 149 166 148 116 88 83 99 113 100 93 101 105 114 111 106 101 109 109 105 124 134 120 100 112 138 144 147 152 150 147 144 144 147 141 137 140 141 143 145 146 151 148 148 149 147 143 135 128 130 129 129 135 143 139 142 141 149 153 153 153 157 165 165 167 171 167 166 161 
86 95 90 98 102 106 101 99 95 85 76 64 59 52 49 43 38 39 54 43 64 93 123 140 131 117 123 137 140 136 138 148 149 154 139 116 90 85 109 112 97 88 94 99 104 105 116 115 126 130 130 120 135 133 108 103 124 131 142 144 148 146 147 148 144 151 150 144 147 150 138 140 143 144 144 148 146 143 137 128 122 123 117 120 133 139 138 137 139 146 145 152 162 164 166 162 161 165 163 154 
88 95 89 92 98 103 98 101 99 89 78 69 65 68 55 51 54 63 87 104 133 139 142 139 142 124 124 144 157 156 153 147 142 147 138 121 91 94 118 121 114 103 99 90 94 98 97 107 115 134 141 132 128 128 119 116 119 130 133 139 145 143 151 161 152 140 144 149 140 148 147 147 146 145 142 144 144 145 143 136 125 116 114 114 128 134 132 135 140 140 150 151 156 160 160 154 163 168 160 154 
107 104 99 99 111 114 110 111 106 82 72 65 56 74 46 39 55 82 115 143 150 152 151 148 143 152 161 168 168 161 154 160 150 148 138 126 100 104 126 142 162 145 148 131 114 97 99 96 101 110 129 136 126 126 128 123 121 121 128 140 141 139 137 151 160 147 129 144 149 143 139 148 143 142 142 140 139 140 143 142 136 124 113 110 120 123 126 131 135 142 144 148 152 163 158 156 162 159 157 152 
131 128 106 106 131 126 130 135 130 93 93 63 49 71 70 52 69 92 118 151 157 158 151 151 155 144 158 172 169 170 167 160 153 140 133 120 108 119 135 155 168 170 167 164 152 124 88 92 113 120 128 131 139 134 131 122 115 115 125 136 142 136 127 116 147 163 148 125 136 150 136 137 142 135 137 135 127 128 135 143 145 142 130 114 103 119 121 129 135 138 143 149 158 165 158 158 162 162 155 153 
137 151 125 122 141 126 156 158 149 110 109 81 58 66 107 70 81 93 142 170 158 148 148 141 129 130 145 160 167 172 168 163 154 148 132 114 87 100 113 121 141 156 164 166 156 150 137 108 93 140 161 167 161 153 142 139 126 129 138 141 142 133 132 138 129 145 159 128 118 146 145 138 140 136 136 133 119 105 116 135 146 147 146 138 115 111 115 120 136 140 151 158 164 162 167 169 171 168 165 159 
144 164 144 134 140 137 163 184 179 116 126 102 91 88 116 94 97 83 104 143 164 149 142 137 141 151 168 179 163 157 161 158 157 158 154 123 89 51 49 56 69 100 138 156 163 170 166 156 111 124 177 184 180 169 172 148 141 145 152 149 147 137 136 147 125 119 150 153 138 130 142 140 131 138 134 134 129 89 96 117 136 148 152 146 135 118 103 110 125 136 155 166 170 173 179 179 179 171 169 169 
157 168 154 147 142 153 167 180 198 176 155 116 133 106 102 110 128 142 153 134 146 163 154 138 138 148 155 164 177 165 160 167 162 166 174 127 121 40 43 66 70 72 88 116 147 164 164 155 147 126 141 184 189 184 175 159 150 151 156 155 149 140 142 143 142 133 128 144 145 115 123 141 137 136 134 131 127 109 85 103 124 138 145 148 149 143 126 102 108 143 160 171 175 179 184 185 184 176 172 170 
175 177 182 159 136 168 176 168 173 165 176 151 140 140 118 116 139 149 182 189 182 163 137 131 139 145 161 170 177 182 172 172 172 169 179 142 129 73 65 80 91 94 95 99 107 126 154 159 157 128 149 164 180 190 182 175 158 158 149 154 155 151 147 139 146 138 109 125 147 146 131 136 147 136 123 128 121 110 97 86 108 122 139 149 161 158 146 118 97 135 167 175 180 182 189 191 185 178 175 171 
186 173 192 169 148 172 191 164 155 163 159 164 142 130 136 120 162 196 206 204 195 170 166 148 140 144 164 183 186 181 183 182 170 179 185 172 140 135 65 83 95 101 98 90 90 98 117 142 166 158 162 172 170 182 182 180 167 150 148 150 150 153 150 139 142 144 135 141 147 152 150 145 148 145 134 125 120 105 105 83 98 114 129 145 164 162 154 134 101 108 164 178 179 180 192 194 191 183 178 174 
184 184 183 183 152 154 197 149 133 132 150 124 134 125 118 120 164 199 211 211 206 195 192 184 163 153 163 188 190 184 183 179 165 160 179 177 163 162 91 73 89 84 53 34 65 108 106 108 148 175 174 179 173 183 181 169 153 134 143 139 132 141 133 128 132 140 139 153 150 155 156 155 150 147 141 122 119 115 112 83 84 105 117 136 149 157 158 144 119 102 154 183 183 184 186 190 193 188 179 180 
195 203 200 204 163 130 176 180 141 122 142 113 108 115 114 128 159 187 203 211 200 200 182 170 171 170 174 189 187 184 177 162 149 157 164 179 183 174 149 85 76 69 56 82 98 98 98 89 102 153 189 183 166 162 161 153 144 124 124 126 130 116 118 119 127 130 116 107 109 127 136 146 150 148 144 125 114 115 112 89 74 91 104 124 132 142 153 151 146 113 131 185 189 187 189 190 192 191 183 179 
189 188 192 206 199 152 142 181 172 150 129 124 107 104 107 127 149 180 189 193 196 174 164 160 148 148 167 172 172 186 184 154 136 140 155 154 175 191 171 163 113 76 79 93 108 94 93 76 50 111 165 175 153 137 138 128 116 110 108 119 111 99 105 104 111 103 78 47 45 55 80 104 129 137 136 132 122 115 111 87 64 79 95 112 124 136 159 170 162 135 123 179 190 185 188 192 190 190 187 181 
162 166 160 154 167 169 150 157 127 135 131 115 103 97 98 112 128 159 174 191 186 184 176 162 168 172 181 185 180 184 180 162 152 145 140 140 163 177 188 181 185 160 107 71 84 78 66 49 40 39 78 91 68 91 83 76 83 97 108 91 83 94 97 95 96 80 70 49 42 24 28 44 59 77 100 122 117 112 98 64 57 69 82 100 121 146 170 180 181 160 129 160 191 187 184 195 191 186 186 184 
169 158 142 141 131 131 147 140 134 128 124 117 93 93 99 105 119 127 156 170 168 151 156 158 157 169 169 176 182 192 182 176 179 177 182 182 179 182 182 184 184 169 149 110 79 64 52 48 46 39 44 55 70 79 87 91 94 111 107 97 98 85 100 103 84 77 68 43 48 29 9 15 17 20 25 31 44 54 50 51 65 68 75 97 121 146 173 187 182 156 122 151 180 186 182 192 190 188 187 183 
207 195 182 169 148 146 141 145 135 109 110 104 110 97 97 92 99 111 162 170 154 141 132 134 162 163 157 167 184 183 180 195 194 193 191 188 178 172 163 161 166 166 155 148 135 129 122 122 127 118 122 129 144 139 117 97 97 104 108 113 106 107 106 99 95 92 89 60 52 67 48 37 39 41 33 20 18 31 76 92 105 102 93 91 121 147 172 184 176 148 120 151 178 182 180 185 190 187 184 181 
241 234 223 208 188 170 151 149 140 132 113 114 116 108 96 94 103 116 137 152 157 149 159 179 176 166 165 164 184 187 187 188 189 192 179 150 130 112 97 104 117 141 162 162 157 151 156 166 169 170 165 172 163 132 110 92 99 112 113 107 101 110 115 113 111 112 107 95 56 78 92 91 69 39 29 31 32 73 111 115 120 134 124 113 116 138 171 189 188 157 129 154 177 179 178 186 189 188 187 179 
242 244 245 241 233 214 203 190 167 156 139 143 145 135 135 124 123 138 165 191 182 163 167 174 156 148 159 162 173 181 174 180 178 156 145 138 122 107 94 95 110 131 141 148 151 146 156 163 165 153 152 133 118 100 95 105 110 111 107 117 119 127 133 126 118 122 118 114 102 85 84 86 67 61 57 54 55 127 155 150 147 153 142 137 127 136 164 186 187 164 126 161 182 183 178 181 184 187 182 174 
248 247 249 250 246 245 245 238 225 212 186 175 169 160 142 133 141 160 180 203 185 164 166 170 160 156 154 163 171 175 177 174 164 145 133 113 110 124 142 159 157 149 143 139 128 120 128 128 118 113 106 93 91 95 104 112 120 123 124 124 131 137 137 133 102 125 118 114 111 93 73 93 90 61 19 59 124 172 183 177 162 160 163 159 153 127 145 172 175 157 140 152 179 187 181 181 180 182 184 173 
244 246 244 244 245 243 241 240 244 244 242 234 205 155 126 124 141 178 208 217 205 200 195 184 181 181 176 174 168 168 176 174 146 138 129 132 151 178 187 189 185 171 153 120 109 109 103 97 92 91 87 92 100 111 111 112 119 127 134 133 136 140 136 145 137 140 134 124 120 104 74 80 88 18 22 80 153 189 194 186 183 179 176 176 174 150 135 156 163 147 140 158 172 181 180 178 182 176 185 178 
184 186 183 187 192 195 197 192 187 190 195 200 199 203 194 157 156 186 209 214 209 200 189 180 184 185 175 173 167 163 175 167 163 158 159 177 189 194 196 192 174 157 123 130 133 122 113 106 116 109 113 113 123 125 123 122 118 129 127 131 135 142 147 153 153 144 145 136 126 116 94 63 79 34 25 78 165 197 201 198 198 180 178 176 170 156 140 139 133 131 142 162 171 173 178 175 174 178 168 178 
51 55 56 60 64 69 71 66 60 64 70 83 96 135 198 196 191 203 216 219 212 202 196 196 192 182 178 171 172 171 155 159 170 183 192 190 183 188 172 149 146 161 164 165 165 169 157 151 143 148 140 131 127 129 127 123 128 139 133 132 139 144 147 155 150 149 138 130 122 117 100 70 69 69 35 101 178 208 207 202 202 205 190 187 165 165 156 141 127 124 134 160 169 175 175 175 171 175 168 166 
46 46 46 48 50 50 50 53 51 51 52 57 63 98 186 212 214 222 224 221 207 201 200 199 191 185 179 190 182 164 166 179 186 181 176 166 157 149 138 143 145 171 173 177 196 193 172 173 174 159 140 145 142 143 135 139 141 143 143 150 137 135 140 141 152 145 134 136 125 120 113 105 104 87 81 155 200 215 213 198 194 203 172 176 165 154 156 145 139 141 145 159 168 171 177 170 168 164 172 170 
40 40 42 43 43 43 43 45 45 45 45 45 55 82 165 215 221 226 222 213 201 201 205 197 194 191 191 182 171 160 172 184 171 158 146 139 141 150 161 158 179 184 185 197 197 198 194 178 175 158 158 158 162 156 147 146 138 146 156 161 152 149 150 146 141 130 134 135 136 140 122 131 155 173 184 207 215 216 214 192 167 194 180 163 182 165 161 158 152 144 151 156 165 166 173 171 163 163 163 168 
43 42 39 40 41 42 42 43 43 43 42 41 43 56 111 201 220 221 223 217 213 210 210 202 193 190 187 183 175 184 179 160 137 141 164 171 171 172 168 167 168 169 186 194 198 192 184 177 178 181 179 175 173 163 154 150 141 148 154 162 155 144 140 137 137 143 150 148 133 123 144 173 188 201 209 211 196 184 212 205 182 191 194 167 180 187 166 155 155 156 156 160 164 167 175 168 168 162 161 167 
45 44 44 44 46 48 48 48 48 47 47 46 50 58 69 136 209 222 221 221 223 223 218 209 205 198 201 203 196 172 160 150 163 191 189 156 167 166 154 153 172 193 191 182 186 184 175 179 176 177 177 170 173 162 161 164 165 163 167 158 163 157 149 145 147 149 152 140 118 137 165 179 190 197 205 207 196 191 207 205 173 170 204 181 165 190 172 155 153 157 166 157 155 162 166 167 163 163 164 169 
38 40 40 40 42 44 43 41 40 42 43 44 42 46 51 89 186 221 224 228 232 223 215 215 212 213 215 200 176 161 157 169 174 170 166 173 169 162 156 158 152 153 161 179 177 176 179 163 173 180 178 177 182 177 164 169 169 155 153 155 158 153 146 137 134 138 143 142 142 158 169 184 193 201 206 204 188 159 195 211 188 181 204 197 180 189 172 165 161 158 165 164 159 160 158 151 161 160 164 169 
36 37 37 36 37 36 37 36 36 37 37 38 41 40 42 53 116 204 217 219 218 218 215 209 207 201 211 208 198 193 204 200 192 182 190 175 164 169 147 147 151 153 135 149 173 176 176 179 181 197 188 188 182 173 160 167 167 168 180 191 201 184 159 121 105 114 123 126 136 153 171 178 190 196 200 199 191 179 190 211 196 177 199 201 184 191 179 161 164 169 164 162 165 159 159 144 155 158 167 169 
39 38 36 37 37 36 38 39 38 37 36 37 39 37 36 39 74 191 215 223 219 218 214 206 205 218 223 218 209 204 204 196 186 181 169 146 145 159 160 135 128 129 144 174 175 170 182 186 183 191 188 180 158 164 181 194 199 207 209 203 200 163 131 138 159 156 155 152 154 150 167 177 190 197 195 194 195 182 190 210 209 197 211 204 186 173 182 180 167 163 164 165 162 156 156 147 146 153 169 168 
35 36 36 38 38 38 38 38 39 38 37 38 39 37 35 40 74 178 217 224 221 216 213 219 222 225 222 214 208 206 201 189 185 180 171 162 161 154 151 127 122 134 168 177 184 189 194 173 173 185 190 172 163 183 201 216 218 213 197 168 126 121 138 170 186 197 191 184 173 164 166 176 185 194 195 195 201 200 204 214 213 205 206 204 178 163 173 175 179 167 162 165 163 156 158 151 147 150 160 162 
31 33 32 34 34 34 34 33 32 32 32 32 33 34 33 35 45 135 209 219 222 217 223 228 226 216 218 214 203 194 194 192 190 197 187 180 178 169 143 142 160 184 195 186 164 156 148 172 189 184 170 161 186 195 203 210 210 195 155 110 103 136 183 207 212 205 184 177 177 169 164 164 181 185 190 195 207 208 200 204 205 200 193 180 157 173 164 168 175 172 169 163 156 152 157 156 151 152 154 155 
32 32 33 31 32 30 29 30 32 31 29 29 30 29 29 30 39 78 181 217 222 225 222 215 215 219 225 217 212 204 205 209 209 204 187 178 166 160 179 190 198 191 154 137 143 152 168 190 202 189 185 181 197 202 203 195 178 127 103 148 149 137 178 197 204 201 175 182 184 173 156 147 147 154 174 191 197 192 183 178 189 186 175 154 160 164 177 164 160 169 164 169 154 151 154 149 145 152 151 146 
21 22 22 21 21 20 19 20 21 22 21 21 22 23 26 26 32 73 170 214 223 222 225 227 226 221 218 214 218 219 214 211 201 188 179 175 168 184 206 204 177 152 146 162 178 189 199 208 201 205 204 198 204 201 196 167 122 93 117 153 160 140 151 176 183 176 152 170 178 177 169 156 146 151 158 170 163 157 161 169 172 177 167 151 156 162 158 172 157 152 163 157 162 151 152 148 142 146 144 138 
14 15 15 14 14 14 13 13 13 13 14 15 16 18 22 23 31 59 90 167 215 221 225 225 220 217 218 218 221 221 215 201 199 203 207 205 193 183 179 159 158 163 177 207 212 218 214 206 202 198 187 183 202 206 184 149 112 90 117 151 156 147 131 167 182 189 152 169 172 173 168 168 157 171 163 167 169 156 155 164 167 166 173 149 156 158 157 157 168 150 146 159 164 153 161 148 141 141 141 135 
12 13 12 12 13 13 12 12 12 13 14 15 19 21 23 25 31 31 28 67 176 218 225 227 229 229 224 220 217 215 216 219 221 219 212 194 177 164 166 186 197 202 205 206 208 201 187 180 161 147 128 142 187 193 173 163 110 55 47 66 130 156 118 157 177 189 160 153 164 169 152 165 170 175 152 147 156 162 162 164 169 165 165 144 158 148 156 154 150 160 142 143 153 161 149 152 143 140 136 134 
10 10 11 11 12 13 13 14 13 15 16 17 20 23 29 34 40 39 26 26 80 180 216 224 232 223 218 212 208 216 222 222 219 213 203 192 182 177 189 205 203 201 197 184 166 144 134 127 119 114 123 158 184 183 182 179 116 63 84 130 166 158 108 154 182 184 171 157 165 167 160 164 175 183 172 150 137 147 167 167 169 171 162 151 154 158 154 153 143 140 158 141 146 136 148 151 141 142 139 132 
13 13 13 14 13 13 14 15 16 17 18 22 27 32 41 46 51 43 27 16 21 85 183 220 228 224 220 216 220 225 221 217 205 198 199 197 191 185 180 186 192 188 181 178 159 150 141 136 140 154 159 179 182 182 181 186 113 115 136 166 153 119 115 161 187 185 164 155 150 156 173 179 178 166 159 168 166 166 173 166 170 170 163 150 162 162 146 145 144 140 146 151 141 128 131 135 145 143 140 136 
33 33 34 33 33 35 34 34 34 34 36 40 45 49 53 52 54 49 37 28 26 41 93 186 219 225 228 225 223 221 216 211 204 197 202 201 195 195 191 194 192 190 191 185 175 172 168 176 178 184 181 179 177 185 187 174 110 112 128 149 130 99 125 179 199 177 156 149 145 156 170 190 182 154 154 175 183 172 175 168 168 169 165 160 161 152 152 143 138 142 144 135 148 137 133 133 133 141 136 131 
43 44 45 45 45 44 45 47 48 50 53 55 56 58 59 58 58 55 48 41 38 42 57 104 188 222 224 218 209 203 200 200 202 201 202 201 198 198 196 198 193 189 190 189 189 193 192 194 187 180 162 157 164 172 182 174 126 85 111 119 87 115 153 195 196 160 136 135 143 158 175 188 171 146 157 179 173 162 174 172 170 168 161 159 154 156 154 148 143 141 145 140 139 150 150 134 132 132 127 131 
41 42 41 42 44 44 45 46 48 50 54 56 58 56 58 57 56 52 43 35 31 32 32 41 85 184 218 217 211 205 202 200 195 197 197 194 201 198 192 186 185 189 185 187 196 193 191 189 177 140 124 134 163 173 193 170 156 73 62 63 94 145 188 205 191 143 132 134 147 147 158 188 171 151 171 172 157 170 181 180 175 173 153 149 158 158 149 156 150 148 144 142 138 135 146 149 134 131 128 126 
47 48 46 45 46 48 49 50 51 52 53 54 57 58 57 58 57 52 40 32 29 28 28 31 43 88 177 209 211 211 210 208 197 196 196 195 190 193 193 193 185 188 183 191 195 195 192 190 172 141 135 151 169 169 182 168 163 121 61 106 153 190 212 204 178 145 132 140 158 146 169 188 174 181 186 173 167 169 177 181 166 163 152 153 155 150 161 154 158 150 147 142 141 142 139 142 150 134 130 125 
50 50 49 48 49 51 52 53 51 50 51 52 54 56 56 57 55 50 38 30 27 26 26 30 42 62 112 166 175 178 195 203 198 193 191 184 182 188 192 191 190 191 195 194 189 194 198 201 193 182 171 173 176 178 180 175 173 165 130 164 195 205 203 187 170 155 146 151 163 154 155 177 193 202 196 180 172 173 182 177 169 149 148 152 153 153 160 157 153 151 144 145 144 141 143 142 137 148 135 126 
51 52 51 51 51 52 53 53 52 51 52 51 52 54 54 55 54 46 35 28 26 25 26 28 32 47 76 168 158 126 139 164 174 178 185 179 187 179 182 186 194 193 192 193 189 196 199 202 200 203 198 198 197 192 189 184 177 166 147 163 181 188 185 189 179 168 151 147 165 177 168 175 199 204 205 196 179 176 178 182 168 152 151 148 154 159 149 157 145 148 150 143 143 143 140 141 137 134 140 135 
52 54 53 53 53 53 53 53 53 53 52 51 51 52 52 52 51 44 33 27 24 25 23 25 27 31 92 189 150 100 102 125 135 148 153 167 171 180 174 187 188 193 192 185 188 185 193 199 199 197 194 198 195 192 192 182 180 180 174 173 152 149 160 180 179 175 162 167 183 192 184 190 201 209 205 200 187 184 183 178 162 149 155 154 156 152 147 148 151 145 146 143 133 133 133 138 140 135 132 127 
52 53 53 53 54 54 53 53 53 51 50 50 50 49 49 51 50 43 33 25 24 24 23 22 26 33 99 176 127 101 133 141 123 126 136 152 168 179 186 184 190 196 187 179 187 179 191 198 199 198 200 198 192 191 189 184 176 184 186 180 154 122 122 141 149 159 173 188 195 192 191 200 206 209 207 198 187 186 182 173 159 153 153 156 150 146 144 144 152 145 141 138 128 126 131 135 132 137 132 138 
54 56 55 55 55 55 55 53 52 52 50 50 50 51 52 52 52 43 33 24 25 25 24 23 24 27 56 127 112 150 167 144 134 128 128 144 157 169 185 188 195 202 193 184 188 180 185 197 202 196 202 201 202 193 195 196 198 201 200 193 166 134 131 135 150 156 164 177 179 179 178 185 199 206 207 197 187 184 178 168 154 157 155 151 147 142 142 146 144 148 134 129 133 127 133 133 135 136 135 130 
56 58 59 57 56 56 54 54 53 52 53 53 53 53 52 51 52 44 35 27 25 26 26 26 26 29 54 110 133 155 128 119 120 123 127 132 142 162 171 181 189 203 192 182 187 186 190 196 189 189 193 198 196 201 197 195 200 200 207 209 192 171 170 170 180 182 186 184 178 178 178 176 185 194 198 192 188 187 179 166 157 155 151 145 144 142 144 143 138 138 132 125 129 132 130 133 135 132 132 125 
58 60 59 56 56 56 56 56 57 55 55 55 56 56 54 53 52 46 36 26 25 26 26 27 29 31 57 105 140 116 117 109 109 116 123 128 128 142 155 168 186 198 191 189 186 192 200 201 191 186 191 184 181 189 182 186 188 198 205 209 207 202 204 202 203 205 203 197 189 183 177 172 179 187 188 189 187 188 176 163 155 152 145 146 143 142 142 137 130 129 134 127 127 130 127 133 138 130 124 114 
59 61 60 59 58 60 61 61 61 61 62 60 58 58 54 55 54 47 37 28 27 27 27 27 27 33 72 134 125 102 106 103 116 117 130 130 138 132 134 149 166 173 177 189 172 190 204 198 191 175 187 152 156 161 151 170 177 195 208 210 210 211 212 210 209 211 209 207 199 194 187 181 182 190 191 190 185 181 168 160 153 148 146 141 138 140 137 132 129 129 128 133 132 128 135 137 128 133 123 125 
59 63 65 64 63 63 64 63 62 64 65 64 61 57 57 56 55 47 35 28 26 26 28 29 26 33 95 135 119 105 97 115 135 128 132 131 143 135 133 127 135 141 156 167 147 177 188 188 171 168 130 124 113 134 130 134 145 169 190 203 205 208 208 209 206 201 199 192 192 192 190 187 188 188 181 167 161 164 164 160 155 150 146 139 138 142 138 132 132 127 131 136 134 133 137 131 135 133 132 133 
59 64 65 65 65 66 66 65 64 64 66 65 60 58 57 58 56 47 33 26 24 25 23 24 32 48 123 127 116 107 115 124 146 145 140 137 145 151 133 130 111 119 119 133 132 138 149 140 147 118 101 93 79 112 118 107 110 125 165 180 186 194 197 199 202 201 195 189 185 184 183 180 176 150 140 131 142 156 160 158 155 149 144 143 142 140 134 133 135 138 135 138 140 137 135 132 137 138 135 132 
60 63 65 65 67 70 69 68 66 65 64 62 60 61 59 60 58 48 33 26 25 24 25 25 31 57 129 121 123 118 125 141 150 162 156 140 143 161 150 131 118 105 87 120 112 91 104 96 93 83 95 86 91 108 109 103 91 88 130 160 174 180 181 182 183 188 184 184 181 173 172 145 137 122 118 119 137 154 155 158 153 146 143 143 141 143 140 141 144 142 140 140 146 143 144 142 143 141 136 133 
62 63 65 66 70 72 72 66 65 65 62 61 61 60 61 59 55 46 35 27 24 25 25 26 28 76 122 117 130 126 136 138 153 158 162 143 146 160 168 159 142 113 87 98 114 96 82 74 82 87 97 87 95 111 110 103 94 80 95 130 161 170 174 173 174 174 170 160 155 143 131 123 119 117 113 118 133 137 159 160 152 147 149 148 152 153 153 148 150 147 148 149 152 154 150 147 146 142 142 144 
61 61 62 65 71 72 72 68 67 68 67 66 63 63 61 59 59 48 34 27 26 26 26 28 39 109 123 109 130 145 140 150 154 168 165 155 148 154 160 173 159 123 109 102 106 115 94 80 86 100 105 110 120 106 114 102 95 89 84 98 132 145 150 147 149 151 147 128 119 116 112 112 110 107 110 115 118 144 162 160 157 157 157 159 158 158 156 157 154 155 156 154 154 156 157 152 149 144 145 140 
61 63 61 66 71 75 75 73 71 70 69 70 67 64 63 62 62 50 34 27 26 29 30 28 49 120 118 106 119 133 161 150 164 160 175 177 149 140 153 162 170 143 117 116 105 103 103 110 116 112 99 114 104 87 108 98 109 107 101 123 131 123 114 109 112 113 111 110 109 103 103 103 103 104 107 108 125 147 161 167 167 165 164 165 163 161 162 159 162 161 155 153 152 152 150 149 145 144 140 132 
61 63 63 67 71 75 77 74 70 68 69 71 68 66 64 64 63 50 36 28 27 29 27 29 85 134 113 112 131 139 152 155 160 166 164 165 158 143 129 147 156 159 142 128 113 102 104 123 136 122 108 108 110 110 128 135 133 126 121 116 110 107 107 104 105 104 103 102 103 102 102 101 102 103 103 114 128 148 165 173 171 169 170 166 163 163 163 162 159 156 156 155 151 148 144 143 148 145 139 128 
66 66 65 68 72 74 75 72 69 70 71 72 70 68 68 68 63 52 37 31 30 29 31 35 116 123 109 122 131 145 148 161 158 159 164 167 167 151 141 121 138 150 145 143 125 111 111 144 154 140 128 123 137 139 156 159 154 144 120 111 105 104 103 101 103 101 100 101 100 100 100 99 100 104 109 115 127 146 170 174 174 174 172 168 169 162 161 160 157 157 157 151 147 143 144 142 140 139 129 131 
66 67 66 68 68 70 73 71 70 70 73 73 69 68 68 68 64 54 41 34 34 33 34 46 130 129 127 125 151 156 150 147 158 157 166 169 155 169 157 149 114 127 140 127 126 111 108 137 165 161 154 151 152 151 164 145 119 124 105 104 103 103 103 102 102 102 100 100 99 97 99 99 100 104 108 118 139 151 163 173 173 173 171 169 163 163 162 163 161 155 149 148 142 142 140 142 136 137 139 141 
67 68 66 68 67 69 71 71 71 71 71 71 69 68 67 68 66 54 42 36 37 37 38 62 140 128 116 144 154 163 169 144 152 149 147 163 162 151 153 138 135 118 126 131 119 114 109 126 149 158 152 149 147 143 129 118 113 105 104 103 103 103 102 101 102 102 101 101 99 98 99 100 101 102 115 131 132 140 161 173 176 170 166 164 161 161 162 159 157 151 146 140 140 139 139 135 136 143 144 137 
70 66 64 64 65 67 68 69 71 71 70 69 69 68 67 67 64 55 45 37 39 39 39 111 151 124 132 148 153 156 168 161 145 147 135 143 149 158 143 134 123 130 130 124 120 115 117 128 131 122 109 113 117 120 112 106 103 102 103 105 104 104 103 102 101 101 101 101 100 99 100 101 104 117 124 121 128 140 160 162 165 168 166 163 163 157 152 152 151 149 143 138 140 137 136 136 140 137 130 125 
68 64 61 63 64 67 67 68 68 69 70 69 67 67 65 65 62 55 43 40 39 40 48 121 150 135 134 157 167 157 157 171 149 132 130 128 137 132 140 137 129 125 126 121 116 121 128 129 133 109 107 124 123 110 102 101 102 102 103 105 103 102 102 102 101 100 100 102 99 98 100 104 110 113 115 117 129 144 134 148 165 169 167 162 154 148 148 148 146 143 138 139 136 132 134 136 140 133 126 122 
64 59 58 61 61 64 65 66 66 66 65 65 66 66 65 65 64 54 43 37 40 41 60 135 147 141 134 151 174 173 157 156 160 140 125 128 119 124 115 115 125 128 128 120 119 123 126 128 137 116 118 104 95 102 102 102 102 102 103 104 102 104 103 103 102 101 100 101 99 99 101 104 107 109 110 125 128 115 131 152 167 170 164 156 150 143 143 144 141 140 137 133 132 132 137 139 134 128 123 119 
57 54 54 57 58 60 62 62 63 62 63 64 64 64 64 63 60 50 39 36 38 38 85 155 153 145 155 145 154 171 167 161 156 148 132 121 123 115 117 114 119 124 127 119 121 125 131 139 117 90 81 84 94 101 103 102 102 103 104 105 102 103 103 103 102 102 100 99 100 100 102 103 105 108 118 114 106 124 142 152 170 167 160 155 150 142 142 140 141 137 138 134 134 138 139 138 128 126 124 116 
50 49 48 51 52 54 56 57 58 60 59 60 62 61 62 62 59 47 36 31 32 41 123 159 148 154 167 161 158 157 159 164 152 150 133 126 116 116 119 116 123 122 124 117 121 134 127 88 64 66 74 83 92 100 102 101 102 102 103 104 103 104 102 102 102 101 98 99 98 99 100 101 108 109 105 106 117 126 126 154 171 165 161 154 149 144 139 139 137 136 138 140 136 143 138 130 125 119 117 112 
45 45 44 48 50 51 51 52 54 56 56 56 58 59 60 61 56 45 35 30 31 45 139 162 144 153 165 166 162 149 149 159 154 145 141 129 123 119 121 121 120 114 118 121 134 110 71 58 54 64 75 84 93 101 102 101 103 102 103 105 103 103 103 104 102 101 99 100 99 98 101 104 104 102 103 111 120 115 135 159 168 164 159 151 142 141 137 134 138 143 147 143 146 145 134 127 118 118 118 117 
39 38 40 42 41 45 47 48 49 50 51 52 54 55 56 58 54 46 34 31 29 44 141 160 149 157 160 156 158 150 136 136 142 140 133 129 125 125 124 117 113 111 127 128 85 63 57 53 54 63 74 85 94 101 101 101 103 103 102 104 103 103 104 104 103 101 101 101 97 99 101 100 100 101 104 110 110 121 142 156 162 162 155 148 141 137 134 135 136 142 147 148 143 138 129 125 120 117 114 117 
34 34 34 36 38 40 42 44 45 45 47 49 52 53 55 56 52 44 33 29 28 49 148 159 150 158 159 152 151 143 136 130 127 128 127 122 121 117 112 107 117 130 110 69 58 58 54 54 57 64 75 86 95 101 102 103 104 104 103 104 104 104 103 102 103 101 100 99 97 99 99 98 101 103 104 103 113 125 132 147 151 154 151 144 143 137 129 136 146 149 149 143 139 131 123 118 117 116 117 120 
29 31 32 35 38 39 39 41 42 44 45 47 50 51 53 54 50 43 34 29 30 51 146 158 149 150 151 147 141 139 129 125 121 115 115 111 101 97 104 120 128 99 65 57 58 55 54 54 56 66 76 87 96 103 103 104 104 104 104 104 104 104 104 102 103 100 100 99 97 99 99 99 101 102 101 106 106 114 126 132 136 146 146 147 141 133 135 143 150 148 150 143 136 125 117 116 118 116 118 112 
25 27 30 32 33 36 36 38 40 41 42 44 48 48 50 51 49 41 33 31 31 42 132 158 147 146 142 141 138 134 124 119 112 109 104 98 103 120 128 105 73 62 59 59 58 58 54 52 55 65 77 86 95 102 103 101 105 103 104 104 101 102 101 100 100 99 99 101 98 98 99 101 102 102 100 101 104 106 116 123 128 127 135 140 141 136 139 147 148 150 148 137 132 120 117 118 116 115 116 119 
21 24 29 30 33 34 34 36 38 40 42 43 44 47 48 50 47 39 33 30 31 32 105 156 142 138 132 134 136 128 125 116 110 109 104 115 119 95 81 73 67 63 58 57 56 55 52 51 54 64 76 87 96 102 103 101 103 103 104 104 102 103 100 100 100 99 99 100 97 97 98 99 100 98 98 100 102 104 111 117 108 116 125 127 135 142 143 142 149 149 144 135 125 116 115 112 114 118 119 119 
19 22 24 28 31 32 33 36 37 38 40 40 42 45 47 49 45 38 33 29 29 30 51 128 148 135 133 129 124 127 119 114 111 122 129 106 82 77 78 72 67 63 59 57 55 54 51 51 54 65 77 86 95 102 102 101 103 104 104 104 102 103 102 101 100 99 99 100 98 96 99 100 101 98 96 99 102 106 107 103 101 104 104 125 138 140 137 143 145 138 139 130 123 116 113 119 118 116 123 127 
18 21 24 29 30 31 30 33 35 36 36 39 41 43 46 46 44 35 30 29 27 27 32 65 125 152 136 130 126 131 133 133 136 118 89 76 73 69 68 66 65 61 58 56 55 54 50 49 52 63 76 87 94 100 100 100 99 101 101 102 101 102 101 99 102 99 99 100 97 96 96 95 99 100 96 99 100 101 100 100 96 85 99 124 131 138 137 135 139 137 129 125 119 119 117 113 113 116 123 117 
