69 67 71 75 75 75 80 77 85 88 87 81 57 7 29 79 88 90 88 88 100 95 94 95 96 101 98 99 100 107 102 103 105 115 114 108 113 112 113 113 113 116 107 115 120 129 121 119 121 127 125 102 60 97 109 96 64 59 73 93 110 117 129 132 136 138 141 139 140 139 136 135 140 132 141 144 147 152 152 146 150 149 146 144 152 157 162 154 152 152 159 160 154 164 180 195 160 161 155 162 
67 67 74 78 74 75 78 79 79 85 89 71 14 14 64 89 90 91 96 92 91 98 98 97 99 101 99 101 97 101 100 100 109 108 106 109 111 113 115 111 117 117 108 108 119 124 116 119 124 121 95 41 46 97 111 102 92 112 122 122 127 136 144 134 138 136 141 140 141 138 138 144 135 144 149 140 144 155 150 151 148 139 143 147 148 154 159 148 152 154 157 154 162 164 171 185 161 162 162 161 
69 67 76 81 74 74 75 80 81 87 85 30 6 52 83 89 87 95 97 96 93 94 97 94 97 102 102 103 99 99 111 104 106 106 104 106 112 106 113 110 106 119 112 113 123 118 123 120 120 89 48 33 43 83 108 109 125 133 135 128 142 141 141 138 138 140 134 144 143 142 139 134 126 142 144 145 148 156 150 144 138 145 143 151 152 155 152 146 148 155 161 151 155 158 163 193 164 166 156 166 
71 72 75 79 78 77 76 81 83 80 56 6 32 87 92 89 96 97 98 97 97 90 100 104 97 96 104 102 103 101 109 107 112 108 106 108 111 107 111 110 109 113 117 112 115 115 121 104 88 82 78 70 61 67 98 124 129 126 120 133 142 142 141 141 143 140 138 147 138 142 137 135 141 139 146 150 144 150 149 153 153 153 144 156 156 155 150 148 154 160 162 152 152 156 165 202 168 165 165 166 
71 74 72 75 83 80 79 82 82 68 10 16 78 92 95 90 93 89 94 96 95 94 99 104 99 100 107 103 106 106 110 108 108 107 107 111 109 111 108 112 115 114 116 123 119 115 99 57 85 99 101 93 87 73 77 99 111 120 128 136 146 144 138 142 143 137 142 141 138 139 146 145 144 148 151 149 143 151 144 151 153 158 152 148 154 149 149 148 150 161 153 153 154 152 181 207 159 164 164 170 
74 75 73 74 76 82 78 84 83 27 6 59 85 92 90 92 86 95 95 97 93 95 97 98 99 102 104 100 103 104 109 108 106 106 116 113 105 115 112 113 110 111 117 120 110 102 57 53 83 97 106 112 113 109 111 112 117 134 138 143 141 143 130 135 144 138 132 139 145 145 142 138 142 144 146 144 147 146 142 153 151 159 155 146 144 151 153 157 155 161 148 160 157 158 180 196 166 168 165 167 
74 72 73 77 76 81 81 80 46 6 37 86 89 89 84 93 94 89 92 93 93 94 97 95 100 99 105 99 105 101 111 110 107 110 110 113 109 109 115 110 119 113 118 117 92 83 70 63 92 103 120 122 125 122 116 114 135 136 140 141 134 133 135 142 146 141 142 138 148 146 133 141 142 144 145 142 147 151 151 150 154 157 148 151 150 140 157 152 165 155 158 170 166 158 178 196 167 164 172 165 
73 76 79 76 75 84 81 64 13 18 77 92 90 87 87 92 87 91 93 93 97 97 97 99 106 105 104 102 102 101 109 106 104 101 110 106 109 107 108 112 115 119 118 91 70 98 85 72 92 114 127 133 130 120 119 132 133 133 142 138 136 138 138 138 153 141 133 136 145 143 131 138 143 144 144 140 150 150 152 152 153 161 150 158 147 147 156 156 163 156 164 165 170 155 173 206 165 160 161 161 
72 74 74 74 78 84 79 25 7 57 81 90 87 89 88 94 92 99 91 99 99 100 101 97 101 101 108 103 104 100 111 108 106 108 108 106 109 113 107 109 116 114 97 67 88 106 107 90 100 120 128 127 124 126 135 140 140 133 139 136 136 136 138 142 144 147 135 142 141 139 139 147 138 134 142 147 147 150 150 150 159 156 151 155 147 154 156 155 157 154 154 166 165 161 183 210 161 159 158 161 
74 75 72 75 80 80 47 5 38 80 83 84 86 87 93 95 94 96 92 95 93 99 103 103 108 104 107 100 104 102 106 106 107 111 109 111 111 113 113 110 116 105 91 90 94 116 119 111 116 117 120 113 121 133 141 135 143 136 132 136 143 139 138 143 142 140 137 140 139 145 144 145 145 146 137 149 146 141 148 155 159 154 153 160 156 164 156 160 156 158 157 165 161 161 188 194 159 160 162 163 
75 75 76 79 83 63 10 18 75 88 85 93 90 87 96 99 97 98 94 95 95 98 96 104 108 104 101 109 103 103 106 109 107 112 108 109 108 114 116 112 107 98 118 103 100 127 129 125 122 117 114 127 133 135 133 131 142 138 140 135 134 138 143 139 142 141 141 139 144 141 144 153 145 147 144 152 147 147 151 159 161 155 148 155 158 166 159 155 161 154 155 164 164 165 172 188 168 164 162 157 
79 73 75 77 73 23 7 58 87 92 89 93 91 92 94 95 97 96 98 99 93 100 102 105 106 102 107 104 106 108 108 104 106 106 103 114 110 113 113 91 103 110 121 106 118 129 135 129 123 112 121 135 135 132 142 132 139 137 135 131 133 143 138 143 141 144 143 133 132 141 143 143 146 153 147 152 152 149 152 161 162 159 157 149 153 153 156 155 167 160 157 165 168 167 177 196 172 163 169 171 
78 71 71 74 39 6 39 76 81 90 87 90 90 90 94 95 96 92 94 99 90 98 97 104 100 103 113 103 104 107 115 106 112 108 105 119 111 109 103 101 122 129 129 130 133 137 135 130 119 132 131 135 141 136 135 130 135 139 139 135 146 139 144 150 144 141 142 136 136 149 142 143 151 151 149 148 152 150 156 156 161 159 156 157 157 159 153 162 165 164 168 173 162 159 191 207 165 164 166 162 
78 78 74 59 7 22 75 81 84 87 88 90 98 92 91 95 93 91 96 96 96 100 98 100 104 105 106 104 106 109 109 105 117 111 110 103 104 104 113 126 140 140 142 142 141 141 131 118 112 120 119 126 131 126 140 137 129 137 136 144 139 138 143 151 142 146 149 147 149 143 140 149 154 150 154 151 154 153 149 155 152 155 155 150 150 152 151 147 163 160 163 160 169 165 210 195 167 170 163 170 
77 81 72 22 10 62 82 78 80 83 89 96 97 94 90 96 95 94 102 98 100 99 95 101 107 105 105 111 103 110 104 112 112 113 113 111 97 110 136 146 148 147 146 142 139 132 125 99 92 103 111 117 112 116 128 135 144 138 136 142 146 143 143 135 139 145 150 149 149 142 135 141 153 152 149 151 159 154 149 159 150 160 154 153 157 161 162 161 165 148 162 168 166 166 199 189 168 157 160 164 
75 76 44 6 42 78 81 79 86 86 93 94 97 93 91 91 97 97 100 97 98 101 97 105 100 107 109 111 108 111 105 115 114 109 111 100 101 143 152 156 154 150 146 142 134 116 101 103 99 117 136 141 135 118 113 118 131 136 138 146 139 142 149 141 138 136 145 149 141 142 146 140 149 147 147 155 156 161 157 160 156 157 163 151 163 161 153 164 160 153 158 162 165 160 192 193 174 168 165 168 
74 59 9 26 74 83 81 80 85 87 93 94 89 95 92 89 93 99 94 101 101 98 101 107 96 99 106 108 109 106 105 113 116 114 105 104 141 161 165 164 157 152 143 131 120 114 120 136 155 169 177 175 168 179 171 138 122 134 145 140 140 154 156 137 139 140 156 144 143 154 147 147 152 150 148 152 152 163 153 160 160 158 163 160 164 159 158 160 160 159 160 166 169 162 210 188 168 164 161 170 
69 18 11 62 79 90 84 86 94 92 89 90 91 96 93 89 92 99 94 97 104 100 102 107 102 102 110 105 105 111 110 114 111 104 90 131 160 168 168 162 153 146 125 105 106 134 160 179 191 196 196 190 195 199 198 183 158 128 137 140 142 149 153 140 139 142 152 152 149 141 144 158 151 152 154 157 163 157 160 156 157 162 160 158 161 160 161 157 166 155 159 159 163 166 226 180 164 154 155 170 
38 6 47 78 76 84 86 87 93 92 93 97 88 93 92 93 97 98 95 100 105 102 98 99 102 101 104 107 107 113 103 104 97 78 128 154 167 170 163 153 145 139 117 120 142 181 190 202 208 211 206 202 203 205 205 206 199 165 132 126 145 145 149 149 139 135 132 144 149 143 155 154 142 142 149 162 168 155 155 152 153 157 165 153 161 159 161 167 158 169 159 157 157 162 219 171 166 157 163 171 
7 30 75 81 80 82 86 89 93 96 96 91 88 95 93 93 94 98 97 100 106 103 103 98 102 105 106 112 106 103 98 71 88 125 155 159 165 163 149 141 148 149 123 147 176 203 209 211 213 212 213 204 198 189 183 190 196 181 157 131 135 144 148 147 136 143 145 145 142 149 151 157 150 146 147 152 159 155 160 152 155 158 163 154 168 157 160 164 155 163 157 164 168 160 219 173 167 166 179 173 
15 65 79 76 81 87 87 87 92 92 93 92 88 93 95 91 99 99 99 102 98 104 100 101 101 103 106 112 110 95 68 69 115 146 153 150 143 131 130 153 176 176 162 176 197 214 220 219 217 220 213 196 166 141 138 152 181 184 164 148 127 129 147 147 144 146 145 144 137 149 144 147 155 149 152 152 158 154 165 154 153 163 166 153 160 159 156 161 164 164 160 162 169 172 228 169 172 164 171 174 
51 79 87 82 85 85 86 87 87 89 93 96 97 93 94 97 98 100 99 98 104 106 102 98 102 99 107 111 101 62 66 82 91 108 109 97 97 112 148 181 189 191 191 198 210 219 226 226 223 221 208 180 140 131 129 147 184 184 179 176 165 136 141 150 148 146 144 143 151 146 145 146 155 147 150 152 152 156 161 153 155 159 164 159 168 154 163 159 160 169 162 165 161 180 210 163 170 163 174 169 
70 80 80 80 88 84 86 89 92 90 90 94 94 96 98 100 101 99 103 98 102 105 107 95 102 101 106 100 60 61 69 74 82 84 87 90 95 138 180 189 201 203 205 211 214 223 230 231 233 230 212 175 149 128 132 152 187 197 199 200 194 184 156 139 151 145 146 145 150 138 141 153 160 151 150 149 151 159 160 161 157 157 152 149 160 155 159 163 161 166 164 161 153 186 189 161 167 166 183 170 
75 81 81 83 87 86 89 92 90 92 93 97 93 100 95 98 102 101 100 99 102 100 109 105 111 104 100 66 61 76 91 87 81 89 88 93 117 162 191 196 207 208 206 219 223 226 229 232 232 236 229 206 183 152 133 140 185 207 204 193 188 185 174 158 136 136 141 150 143 139 151 157 149 151 148 156 150 159 157 151 156 153 158 159 152 157 167 160 163 163 170 166 154 189 191 161 173 169 174 169 
77 80 84 85 87 87 87 93 91 93 97 93 93 98 97 96 101 102 103 104 104 105 102 103 106 97 68 63 83 92 87 79 102 83 87 114 139 178 193 198 208 208 214 225 230 230 231 234 235 233 229 221 201 176 156 149 184 201 203 198 196 195 198 190 164 139 129 148 146 139 142 155 152 153 153 158 144 155 158 155 150 156 169 163 158 162 161 165 158 161 161 158 159 209 187 163 170 169 167 166 
75 84 83 87 90 88 88 92 90 92 90 97 95 92 99 95 100 100 104 106 96 101 101 106 99 66 60 79 88 88 81 93 83 80 105 131 154 190 195 202 207 209 221 227 231 233 232 235 233 229 222 216 196 160 146 164 183 203 197 198 192 194 200 202 196 198 189 156 137 141 147 154 152 144 152 147 147 155 157 155 154 161 157 159 161 162 157 162 159 168 165 165 167 226 181 170 171 167 169 169 
78 81 80 84 86 88 84 91 90 96 92 96 95 92 100 98 94 102 99 105 103 101 106 105 66 52 78 76 87 79 76 84 89 103 119 144 179 189 195 203 210 212 226 228 229 236 235 232 231 227 218 207 186 145 104 140 178 202 200 194 186 191 214 218 212 207 202 180 136 143 159 158 157 151 149 159 155 154 159 153 161 157 156 165 163 168 155 163 160 163 165 158 158 227 179 178 172 170 161 167 
81 81 85 88 90 91 88 88 86 91 93 101 95 94 99 99 97 100 101 104 102 104 106 89 59 70 72 75 89 81 84 99 104 117 142 172 185 193 201 209 213 221 230 231 236 237 235 229 227 224 218 205 190 148 105 110 159 196 200 197 193 190 213 217 220 221 225 194 159 144 158 153 159 156 149 157 164 150 162 152 159 167 163 165 168 165 157 167 171 159 171 160 174 218 163 179 174 166 162 172 
84 79 84 92 89 85 88 89 92 89 94 95 93 96 99 100 97 99 103 103 102 99 94 61 72 77 87 87 88 89 101 104 115 134 168 188 194 206 216 220 224 231 233 232 235 232 232 230 227 223 220 212 190 150 121 112 132 172 192 197 196 205 210 210 220 219 217 196 196 166 142 155 151 155 156 163 159 148 157 161 155 162 167 167 160 161 160 165 162 167 162 171 169 227 171 177 179 175 174 178 
84 80 85 91 89 90 90 94 96 95 94 100 93 96 100 101 101 98 98 105 102 101 79 66 74 86 91 82 90 101 114 124 132 170 193 196 207 217 226 224 226 225 229 227 226 226 226 228 230 226 222 213 192 147 133 132 127 140 171 192 194 207 214 210 210 207 219 222 208 170 128 150 165 154 153 152 158 158 162 159 152 159 161 165 157 164 162 171 167 162 165 164 175 237 184 181 175 172 175 167 
83 85 82 93 88 91 91 96 93 93 95 97 95 96 99 97 103 98 99 105 103 87 62 67 70 85 91 101 103 111 120 142 158 185 202 208 217 221 221 222 225 225 227 229 229 230 229 226 228 224 221 212 189 150 150 149 132 141 151 174 184 205 222 224 227 234 239 232 216 160 153 156 160 162 159 154 154 154 147 155 156 167 171 163 164 160 159 167 174 163 157 162 189 223 177 178 174 174 178 165 
87 86 87 91 89 90 93 90 91 95 92 98 92 93 103 99 101 98 98 106 88 64 69 66 68 77 80 86 101 111 118 132 158 183 202 217 215 219 221 226 228 231 233 236 232 235 232 230 227 225 220 210 189 154 145 153 154 135 143 154 178 200 209 213 225 232 236 232 207 171 143 159 155 160 156 152 152 154 150 154 160 162 163 162 167 166 162 165 173 164 162 166 208 204 163 175 167 174 177 165 
87 86 87 89 91 87 92 90 91 97 98 96 95 94 100 101 99 100 108 101 65 66 64 67 77 73 67 69 88 107 118 131 150 165 181 202 211 214 218 223 227 234 234 235 233 236 233 229 228 226 222 212 187 160 141 144 156 149 151 154 167 194 209 212 221 228 219 218 188 149 136 154 159 157 149 152 163 150 148 145 146 157 165 159 168 172 161 175 167 164 155 165 190 206 167 174 174 172 177 170 
88 85 83 90 93 92 89 93 92 95 97 95 102 102 99 100 98 105 103 77 51 57 53 74 83 85 81 67 79 95 121 117 141 152 171 187 201 211 216 224 229 232 233 233 232 235 231 228 228 225 220 213 186 170 153 137 147 157 141 150 154 179 194 191 207 210 209 216 206 155 151 157 159 164 155 157 159 157 158 154 155 162 160 168 166 163 160 164 165 163 159 165 203 212 175 174 176 166 176 168 
86 84 86 89 93 89 90 90 92 94 95 90 98 97 99 97 95 100 89 53 56 63 54 58 86 90 88 87 89 105 120 129 135 142 160 182 186 204 216 223 224 227 226 226 225 228 223 220 221 219 212 208 198 178 166 151 135 145 123 138 148 154 152 152 148 150 159 165 151 150 162 158 162 165 156 157 159 155 161 159 159 161 168 173 166 168 161 171 169 164 156 155 215 197 168 170 178 178 173 172 
84 84 84 88 93 92 95 91 93 96 97 93 97 91 99 100 95 97 75 48 58 60 57 70 87 88 93 86 89 108 116 137 144 150 164 177 183 193 205 215 220 223 225 225 226 224 224 221 220 217 214 215 205 186 173 151 120 104 75 124 147 155 150 146 154 158 153 153 157 165 159 159 156 162 154 157 161 155 154 160 164 161 156 166 169 162 164 163 170 169 153 154 202 184 168 176 168 170 163 165 
83 83 87 89 92 91 94 89 93 96 103 96 98 94 98 99 100 86 52 50 60 62 67 65 66 79 85 83 90 109 123 128 142 158 167 173 174 182 196 207 216 220 226 226 226 225 226 223 221 217 216 214 205 186 166 144 117 72 54 91 142 155 149 148 154 158 157 159 154 160 159 158 158 153 157 157 162 160 160 160 155 157 160 167 166 167 161 163 165 168 167 156 206 186 171 169 171 170 166 164 
83 83 88 92 93 91 93 93 93 93 98 98 98 98 95 95 93 57 43 53 60 69 82 84 90 98 108 108 100 113 122 120 127 136 141 155 167 173 193 206 213 218 223 225 224 224 223 223 223 220 220 215 206 184 153 130 111 77 50 70 132 147 145 154 155 156 157 162 157 156 156 154 160 156 156 160 157 160 152 164 157 160 158 160 170 169 167 177 169 170 162 170 232 179 178 172 170 176 172 168 
85 87 89 90 92 89 94 93 94 98 93 97 100 100 98 93 65 45 51 60 60 64 88 96 106 114 102 96 100 109 122 129 149 155 153 162 164 170 191 202 210 213 220 221 221 221 222 223 221 218 214 213 203 173 160 146 138 106 51 55 100 138 146 149 155 156 160 160 160 157 164 156 163 158 153 159 154 157 157 158 153 163 160 163 165 166 171 165 167 167 167 182 234 165 181 175 168 169 178 171 
81 87 93 87 91 94 96 93 95 95 99 97 95 99 99 87 46 55 58 68 65 80 101 82 82 101 108 119 113 100 97 102 124 134 155 153 158 167 184 191 202 211 212 212 212 212 214 214 214 211 211 196 195 175 170 170 159 154 151 116 110 127 137 139 152 156 159 155 156 156 162 160 165 156 159 155 162 151 158 159 157 157 159 164 165 168 163 165 166 170 168 177 215 166 180 169 162 167 173 177 
88 89 90 87 90 92 90 90 97 95 98 98 101 101 99 83 52 47 59 55 81 100 94 74 88 109 124 127 118 117 119 108 114 119 129 136 141 152 161 178 192 196 198 202 202 205 207 209 208 203 196 184 192 197 199 212 208 198 182 145 134 127 120 137 146 156 155 157 153 154 155 156 161 165 165 160 165 156 163 156 158 151 159 158 166 169 170 177 166 172 163 177 216 166 175 166 175 170 167 165 
84 88 88 86 91 93 96 94 97 96 104 98 106 100 99 79 46 53 56 59 84 86 80 82 119 131 128 145 138 135 138 122 123 128 125 129 130 132 141 155 165 167 174 184 190 194 197 201 201 200 194 194 195 205 207 216 217 217 189 155 159 149 145 132 149 155 149 160 154 151 149 160 165 167 174 169 156 157 168 166 159 159 164 156 166 168 169 171 164 167 169 198 225 176 176 171 174 184 171 173 
87 90 89 87 93 93 95 92 91 96 99 95 96 96 99 88 50 53 52 70 80 73 80 102 111 113 107 116 117 121 124 131 130 138 134 132 138 141 142 146 154 157 172 180 187 192 193 189 190 188 194 184 172 187 204 208 224 222 213 181 169 157 151 145 143 157 157 155 146 158 148 154 162 157 165 164 161 161 160 162 163 177 170 166 173 165 170 166 172 175 169 208 202 172 185 172 175 172 173 180 
88 92 87 89 92 91 94 97 96 96 101 99 97 96 99 93 57 52 56 68 61 78 108 98 90 101 101 106 107 100 100 104 106 120 116 128 139 149 160 163 165 172 178 176 173 171 171 176 179 180 175 175 174 166 203 208 218 218 222 212 184 165 149 137 133 150 158 152 149 159 148 156 165 167 163 164 161 162 168 163 170 176 167 161 171 175 169 162 168 175 168 203 189 179 176 174 176 175 182 173 
88 92 88 88 90 93 94 95 94 99 97 97 96 103 99 91 59 54 69 62 69 85 107 98 108 129 133 132 124 116 112 102 114 115 102 107 117 135 127 132 138 142 137 143 148 161 167 171 174 167 163 167 161 164 165 219 220 214 207 192 202 175 170 151 124 130 146 158 159 169 152 163 161 162 159 167 166 158 165 170 170 171 162 168 171 168 173 168 166 172 161 206 186 176 180 171 178 180 182 175 
88 89 92 90 89 92 98 99 97 101 100 103 97 102 102 94 55 52 56 59 71 68 77 99 123 143 153 145 134 131 128 117 123 120 120 112 112 120 121 127 129 129 135 147 162 172 176 178 171 163 168 165 175 162 136 181 213 212 214 214 220 212 174 143 127 142 150 158 156 160 158 163 162 164 165 167 166 162 161 171 171 160 170 174 168 166 166 173 170 162 166 228 187 175 184 173 176 174 184 176 
87 89 94 89 91 89 96 101 98 96 96 101 98 101 102 95 64 51 51 67 71 69 92 113 123 125 123 119 123 124 134 127 134 130 130 125 116 115 117 118 118 124 133 149 168 165 164 168 174 169 162 165 163 174 152 153 186 208 210 215 211 209 186 151 144 151 155 161 163 155 155 160 163 161 163 165 164 155 157 168 172 167 161 173 172 173 174 173 174 164 162 230 178 169 177 179 175 176 172 174 
86 90 93 90 91 90 93 100 96 93 99 99 97 100 98 99 61 49 55 58 71 69 80 110 101 97 119 128 128 137 149 149 152 143 120 108 93 102 103 104 114 130 144 169 181 178 167 159 165 149 140 140 159 162 157 152 157 161 158 162 166 154 140 141 144 146 146 157 153 161 162 156 166 167 162 165 162 159 164 164 168 166 167 171 180 175 167 170 168 170 172 218 178 165 172 172 186 177 166 172 
89 91 89 91 92 89 94 93 96 98 96 101 96 103 97 100 57 42 50 48 62 61 81 87 89 107 134 147 144 138 151 147 130 118 96 88 89 115 131 133 148 165 166 172 170 155 133 127 117 123 142 159 153 138 123 122 113 120 118 119 121 122 115 113 116 121 131 141 153 159 165 163 160 166 170 160 169 165 167 169 172 170 175 171 182 166 169 179 174 176 173 210 190 182 174 174 178 172 174 175 
91 90 87 91 94 94 96 95 93 101 98 95 99 99 98 99 65 51 50 60 65 78 87 82 103 134 144 151 164 158 145 124 102 100 105 110 119 146 157 154 154 152 143 129 117 108 121 136 138 141 142 136 124 128 117 102 104 115 114 114 106 103 102 104 103 104 101 115 130 147 165 175 161 164 165 171 167 167 166 165 177 175 171 174 172 171 174 178 170 171 173 216 203 187 174 175 179 170 168 177 
88 92 92 91 93 92 105 97 95 99 98 95 101 102 97 102 67 55 58 74 89 88 74 86 113 112 122 138 155 150 135 123 121 129 124 138 140 144 144 130 119 113 110 111 122 128 139 140 128 117 126 112 120 125 111 110 114 113 110 103 102 108 105 102 109 117 116 114 128 135 153 167 179 159 164 169 163 172 170 169 172 172 173 174 173 172 173 175 173 172 171 202 217 175 178 174 171 174 168 175 
89 91 91 92 89 93 92 95 96 98 101 101 98 101 100 99 63 45 57 70 88 96 89 94 85 75 96 127 138 134 128 127 141 147 142 140 138 127 121 111 121 121 124 119 134 130 114 109 116 120 122 112 130 130 118 98 90 104 111 117 118 121 130 137 138 130 126 134 154 172 197 198 197 189 179 167 162 161 170 168 173 170 172 167 184 178 177 174 167 171 170 180 223 177 179 172 169 174 182 180 
89 92 95 90 93 95 94 95 98 98 98 98 98 102 104 101 65 50 51 54 64 88 102 102 78 80 114 126 132 135 138 126 131 138 137 119 118 117 114 125 136 133 135 121 104 92 106 107 120 108 106 123 124 122 96 85 92 100 115 135 136 141 148 158 148 144 152 177 201 221 225 225 222 217 206 202 196 177 166 160 175 172 174 170 174 177 174 170 170 171 167 172 208 206 182 180 179 184 181 176 
88 91 96 94 93 97 97 95 100 97 97 100 99 103 102 105 67 55 57 60 54 74 93 80 76 99 125 129 119 116 123 128 128 119 113 115 111 121 120 134 146 139 114 99 96 101 133 124 119 105 104 116 112 91 76 88 94 103 120 133 133 132 152 153 149 154 160 190 221 233 237 236 233 233 227 227 228 223 217 211 205 184 170 176 174 171 166 172 172 173 181 181 194 220 177 171 184 184 176 175 
89 92 92 92 91 93 95 95 101 98 97 104 107 106 103 102 65 52 68 55 56 78 85 78 93 108 113 106 103 108 117 114 109 119 113 110 114 142 147 144 130 116 116 122 128 136 142 136 121 95 102 104 98 77 83 78 74 88 100 127 141 139 147 154 144 146 156 188 226 233 235 233 233 239 238 240 240 239 235 233 231 227 214 209 208 201 197 206 203 214 224 224 224 224 219 192 168 180 182 185 
90 92 89 93 96 92 96 94 99 97 96 108 104 103 102 102 66 45 63 60 67 62 74 84 97 105 92 89 103 116 114 120 121 108 106 135 144 154 144 126 132 128 113 127 133 135 142 121 109 101 95 85 73 80 87 88 89 99 88 100 122 139 147 142 136 136 155 201 226 236 233 231 235 235 239 238 237 236 236 234 231 230 226 227 227 224 224 218 216 228 233 230 226 229 233 235 173 172 189 182 
93 90 89 94 90 92 97 98 99 98 98 99 100 103 100 101 71 44 57 67 75 66 78 96 105 97 94 107 118 119 132 126 112 108 122 145 146 133 131 131 126 129 128 137 133 131 122 107 108 82 82 71 77 76 80 86 109 114 93 87 104 129 153 146 151 154 149 196 227 234 233 233 236 238 238 241 242 239 239 234 233 232 229 234 232 231 225 226 228 235 232 228 225 220 215 217 214 200 174 188 
92 90 89 96 93 90 97 98 94 99 98 92 99 104 103 105 73 59 63 74 84 64 64 87 105 106 111 120 132 138 134 127 115 123 135 134 128 125 142 142 130 127 131 135 110 105 107 97 82 72 67 73 86 81 82 91 115 125 113 111 111 124 155 160 145 166 151 170 222 228 233 235 238 240 241 244 243 241 236 237 236 235 233 237 234 235 233 234 233 227 225 236 237 230 224 223 246 244 199 223 
90 91 90 92 92 93 100 98 99 96 99 94 100 103 102 101 87 58 56 63 84 62 52 79 97 107 121 131 135 135 119 116 127 144 133 117 138 140 129 130 129 132 119 114 98 96 76 80 68 68 78 92 100 89 90 96 104 126 136 140 139 134 150 171 150 141 153 144 195 218 226 235 239 238 241 241 240 241 237 239 236 235 235 236 236 238 234 233 227 219 229 237 241 231 229 214 242 241 229 218 
91 88 90 93 92 93 100 99 98 96 99 97 103 103 102 103 96 55 48 65 74 52 55 85 101 105 96 101 111 96 100 108 132 134 123 125 124 115 126 127 105 117 122 105 98 74 87 64 71 83 72 80 84 91 92 93 101 101 124 133 135 136 158 148 162 134 125 129 131 191 213 227 234 238 242 243 240 237 235 237 236 236 234 235 238 240 234 232 230 227 230 235 232 221 213 209 219 221 218 198 
89 88 89 93 92 97 101 99 100 95 100 96 101 104 102 104 97 53 48 70 72 53 69 95 101 82 74 94 96 92 90 109 128 121 129 127 114 128 147 163 137 119 120 93 83 91 72 63 79 75 78 89 87 88 105 124 132 136 143 141 145 157 158 159 144 146 141 109 135 162 197 206 220 231 236 243 243 237 239 235 235 235 233 235 239 236 231 229 229 228 229 231 230 228 224 225 213 221 215 176 
90 87 90 91 90 93 99 101 95 96 98 96 102 99 103 104 104 71 48 61 64 58 68 84 74 63 81 105 100 88 101 115 114 124 135 120 125 169 215 208 189 173 165 138 122 72 65 83 91 87 92 83 82 91 104 128 140 147 157 151 149 165 188 199 192 157 148 152 152 160 179 192 202 207 221 226 236 235 234 235 233 232 231 233 235 234 227 229 227 220 218 229 238 231 237 232 199 223 214 197 
88 87 90 94 92 91 97 101 96 96 99 95 99 100 108 103 108 85 55 60 50 65 74 68 56 70 100 104 84 86 111 107 115 128 125 132 190 235 232 223 216 198 177 199 179 122 92 82 75 84 83 82 86 111 119 113 115 128 151 165 170 171 176 189 198 204 174 146 167 191 189 191 199 194 183 187 202 213 215 219 220 221 224 224 225 227 224 226 230 224 213 222 235 238 220 220 219 211 208 207 
89 93 92 91 91 93 97 101 97 97 100 97 102 110 105 108 105 104 58 47 43 56 78 65 56 85 101 93 84 96 94 99 108 125 164 215 240 245 248 240 227 210 199 238 223 197 167 143 105 101 95 106 105 116 130 131 146 144 147 167 180 191 197 189 181 191 199 157 150 180 197 199 186 168 158 156 165 168 169 172 175 181 186 192 197 209 213 214 222 228 225 223 227 229 224 205 201 214 227 204 
90 90 89 91 94 91 91 99 101 101 96 97 103 108 106 103 110 105 71 49 52 63 59 67 70 89 94 113 149 148 121 139 164 188 224 240 246 247 252 243 231 241 247 248 235 227 205 184 178 138 128 128 132 136 147 151 162 175 181 186 179 176 192 206 201 179 188 184 159 169 196 201 189 177 180 174 174 175 172 175 178 174 168 173 165 172 168 179 186 209 216 222 216 212 207 201 176 207 231 212 
88 91 89 92 95 89 93 98 99 98 99 98 100 106 104 104 107 107 85 52 65 80 58 61 80 116 161 182 194 208 204 214 238 245 246 247 244 244 244 233 244 251 250 242 237 234 223 200 200 186 162 169 171 173 168 171 178 178 188 187 182 187 194 202 211 210 188 186 157 182 198 202 195 200 209 187 176 181 180 173 180 180 177 173 180 181 177 173 164 170 180 174 176 167 170 166 163 191 215 199 
87 92 92 92 92 87 94 97 94 99 98 100 100 101 84 73 64 61 59 53 69 74 86 114 136 163 177 211 237 243 244 247 248 247 238 238 223 216 226 240 252 252 249 242 236 234 228 219 206 207 183 197 206 202 199 191 182 182 195 197 200 191 194 208 223 226 212 197 177 178 204 214 211 205 212 195 177 174 180 182 184 181 172 176 175 177 178 172 174 175 173 179 179 170 179 191 176 173 207 231 
91 92 93 92 92 90 95 95 93 94 89 83 70 61 58 50 46 39 30 32 49 56 66 99 122 156 197 236 237 228 223 226 223 229 240 227 160 163 193 226 249 251 252 249 239 237 235 227 213 217 201 215 221 222 220 215 215 199 196 203 213 221 221 225 229 234 224 208 207 200 210 220 221 217 217 200 176 180 178 181 177 174 168 174 178 181 174 167 172 173 171 175 173 174 170 172 194 188 210 230 
90 92 91 91 93 90 80 61 47 39 37 39 44 50 56 43 43 41 38 36 55 66 89 109 140 185 226 221 181 157 173 199 212 238 231 133 139 204 205 229 243 247 248 248 237 239 237 223 215 221 208 222 233 235 238 232 232 227 221 223 230 236 237 239 239 238 232 221 215 222 227 228 222 228 221 203 187 176 179 184 180 169 170 174 178 191 206 214 200 192 182 156 154 167 165 173 176 193 203 219 
88 95 115 122 108 84 71 56 40 37 52 55 67 85 105 52 36 43 42 57 69 89 93 119 152 190 179 161 130 172 187 183 179 208 177 105 187 184 178 203 223 232 243 245 238 231 229 217 224 224 218 232 237 241 244 244 244 242 240 238 243 246 248 249 248 244 238 233 223 228 232 232 229 228 217 208 194 174 173 178 178 166 172 178 191 232 232 238 238 233 231 226 201 168 178 193 190 195 199 188 
83 93 92 116 143 164 149 130 122 109 104 109 128 129 155 106 62 58 119 124 106 89 88 118 152 146 157 125 145 149 126 143 179 183 186 115 145 160 152 165 197 221 221 237 240 231 222 217 228 221 225 238 240 242 246 249 250 251 252 249 249 248 249 251 251 249 247 242 239 235 231 232 230 223 217 209 194 164 175 172 180 186 176 180 223 241 234 236 230 232 236 235 236 211 163 134 167 200 200 192 
84 70 33 50 92 113 141 167 179 172 161 158 163 165 182 168 134 128 119 106 95 89 113 127 133 141 135 120 140 159 171 160 141 158 186 159 135 153 111 126 142 200 187 232 245 238 217 218 234 229 228 235 242 249 252 251 250 252 253 254 253 252 248 248 254 252 250 251 251 249 244 237 231 224 219 209 183 155 174 189 187 171 170 196 229 236 232 233 236 240 237 235 222 197 203 162 148 161 191 182 
67 29 27 24 31 78 115 108 124 154 182 190 189 187 194 187 160 137 108 91 101 117 123 128 132 130 130 137 163 180 167 135 156 176 195 147 163 157 110 129 133 203 191 230 243 237 223 226 231 231 233 241 238 245 250 252 254 254 254 254 254 252 247 249 253 251 251 249 249 250 247 236 234 228 222 206 185 180 199 204 178 171 168 182 221 232 228 229 239 238 237 228 213 206 222 206 154 104 140 156 
34 26 19 13 15 25 66 109 111 108 109 120 149 158 162 152 126 107 87 99 114 111 125 129 131 125 126 141 166 173 163 164 164 184 185 137 171 155 119 134 155 209 190 225 244 239 237 236 231 231 233 244 246 246 245 247 252 254 254 254 254 252 246 246 249 251 251 250 250 250 247 236 234 234 230 216 214 205 201 194 184 174 151 148 172 213 221 222 233 236 231 224 216 223 219 193 149 63 40 119 
25 18 14 15 15 19 27 53 99 117 114 113 105 96 84 78 64 59 82 112 112 121 131 127 120 120 118 134 154 162 177 179 180 168 173 129 149 135 118 141 170 218 176 215 235 243 236 236 233 235 233 238 243 246 248 251 254 254 254 254 254 254 250 250 252 252 252 253 254 253 249 240 233 236 232 234 218 196 179 167 167 148 125 125 137 196 213 214 224 230 229 219 224 216 205 165 114 45 10 24 
17 13 13 14 19 21 23 25 40 88 112 112 110 103 93 85 75 64 109 113 117 116 110 115 116 116 122 132 155 169 185 189 174 161 159 117 93 115 135 171 179 223 188 177 222 240 232 238 237 231 233 234 237 242 246 249 252 254 254 254 254 254 254 254 253 253 253 253 253 252 252 246 234 232 241 234 207 160 144 142 141 130 137 146 163 202 216 214 218 225 225 220 217 200 177 164 93 24 7 7 
15 15 16 20 22 23 24 23 26 29 58 95 106 115 104 86 76 88 118 114 117 113 120 141 149 149 144 147 159 166 175 174 170 170 158 130 98 105 165 195 184 222 214 160 204 232 232 238 240 233 233 234 234 239 243 246 248 250 253 254 254 254 254 254 254 254 254 251 251 252 252 250 243 236 244 241 228 173 134 161 163 158 150 171 176 196 211 210 209 219 226 220 201 176 147 151 93 16 7 10 
14 15 17 22 24 25 25 25 26 30 33 44 76 96 112 89 89 103 113 101 122 138 146 166 173 174 165 156 159 172 181 177 171 170 158 137 111 103 158 204 207 222 222 187 183 226 232 239 240 238 235 234 233 235 244 244 245 248 251 252 252 254 255 254 254 254 254 252 249 250 250 252 253 244 245 245 243 230 207 193 188 174 176 171 184 197 206 213 213 206 205 203 182 162 155 162 136 25 10 15 
15 18 21 26 25 25 25 25 26 33 29 30 43 67 85 100 98 110 112 128 166 162 164 169 186 188 186 184 179 175 179 180 178 166 148 133 125 104 115 176 206 214 219 202 171 220 230 238 235 237 238 233 230 233 241 243 244 247 250 252 252 254 254 254 254 254 254 249 246 246 248 249 252 247 243 250 247 241 237 231 220 198 187 190 191 196 203 194 183 183 181 172 156 166 176 171 152 30 18 27 
17 20 24 28 25 25 25 25 25 26 24 24 24 31 66 93 105 121 152 171 180 181 178 180 194 193 191 196 190 180 179 176 168 161 142 117 128 116 112 124 178 213 216 212 175 213 228 237 237 240 238 233 229 232 237 242 244 245 249 252 253 254 254 254 254 254 254 249 247 244 246 248 252 252 246 247 248 242 238 234 234 225 220 208 187 177 169 166 163 166 171 164 165 175 177 173 167 96 47 69 
19 20 26 27 25 26 27 25 23 21 21 22 20 17 39 109 144 171 172 179 188 188 191 195 200 197 204 205 200 195 191 185 172 149 133 116 116 123 126 118 129 189 208 211 173 202 223 232 237 239 235 234 231 232 236 241 244 247 251 252 252 252 253 254 254 254 253 248 245 243 245 248 248 249 248 243 243 240 237 232 226 215 208 172 163 170 170 170 171 171 172 166 169 176 177 179 174 111 101 145 
20 22 25 27 29 29 31 32 32 30 24 25 82 132 157 161 170 172 174 182 185 187 191 195 199 201 209 211 202 204 198 190 188 157 137 120 116 117 122 120 124 158 202 207 180 191 216 231 239 237 233 233 231 232 235 240 244 248 252 252 250 252 253 254 254 254 252 247 244 242 245 245 245 247 248 241 236 238 234 229 214 187 163 169 170 168 164 169 173 175 172 175 166 176 176 173 156 105 136 164 
21 23 26 31 29 29 27 35 33 38 39 97 149 162 168 170 175 177 183 187 185 188 188 188 188 195 205 219 219 213 206 199 191 177 139 132 132 129 119 126 126 132 183 186 165 189 214 225 234 233 229 230 230 232 236 242 245 246 251 252 251 252 252 254 254 253 250 245 243 239 239 244 244 245 243 239 230 235 229 217 183 155 158 171 169 177 171 169 173 176 168 173 172 168 175 170 120 110 161 169 
22 25 29 26 23 24 44 64 43 52 70 115 144 161 173 170 174 176 185 189 190 192 199 207 199 202 201 204 205 207 211 219 213 174 140 144 148 140 130 131 135 129 155 146 167 188 204 216 227 226 225 227 228 232 238 243 241 244 249 252 252 252 252 253 253 252 248 245 242 238 237 240 242 245 239 228 225 225 215 198 158 155 162 165 169 172 170 169 172 172 168 171 166 170 173 167 114 120 151 153 
26 29 25 20 22 62 70 73 67 73 76 91 143 156 171 170 169 177 177 181 190 194 198 187 187 179 187 187 184 196 215 227 201 157 126 133 149 146 134 135 132 122 128 146 175 184 189 207 218 222 224 227 230 234 237 241 239 245 249 252 252 252 252 251 251 249 246 245 238 234 234 236 239 237 226 202 208 212 204 179 161 152 157 157 162 165 169 171 175 173 169 167 162 164 175 171 116 90 114 104 
29 25 20 20 56 77 66 71 69 70 73 73 99 142 160 167 171 174 177 184 191 187 182 156 165 169 178 158 167 178 189 198 187 145 130 130 136 140 132 128 123 122 132 149 164 167 181 199 215 223 222 228 231 232 233 235 239 246 249 249 249 250 250 248 245 247 247 243 238 230 231 235 232 224 199 192 204 200 185 159 164 158 163 157 163 171 173 167 168 171 172 169 161 168 175 178 161 101 62 53 
25 20 19 42 73 76 70 60 73 78 69 64 73 85 121 159 168 169 169 177 185 192 186 155 183 203 192 157 176 187 176 149 140 141 132 130 131 135 133 131 127 129 138 143 147 156 172 188 209 221 224 230 226 226 228 232 239 246 248 249 249 248 246 244 241 242 242 240 234 228 226 225 219 196 190 198 211 200 168 159 151 156 166 163 168 162 160 162 166 165 170 170 166 163 165 171 171 150 102 112 
23 20 27 53 68 71 73 63 63 73 70 68 68 75 85 85 121 158 163 166 172 178 172 185 187 200 181 167 171 171 159 107 114 115 115 122 124 129 133 126 124 126 131 140 150 156 173 201 214 223 223 224 221 221 228 233 239 246 247 248 248 246 243 238 236 239 239 235 230 225 216 210 185 184 198 173 166 157 165 176 156 163 171 166 162 167 164 166 166 176 170 174 164 162 167 173 165 166 162 169 
21 22 46 58 63 65 71 66 68 69 71 69 74 76 75 76 53 76 106 132 153 161 168 170 168 161 162 162 150 128 107 112 105 107 117 123 129 128 129 130 129 130 140 149 159 181 199 207 215 216 214 212 217 217 223 228 238 245 245 245 243 242 238 232 230 235 235 230 223 214 192 171 171 188 182 140 149 150 156 157 156 162 161 162 162 162 167 167 171 167 162 168 173 168 153 159 170 163 164 176 
22 28 62 64 67 66 65 74 73 69 69 77 71 72 78 81 68 43 41 56 77 83 100 110 113 116 112 98 88 79 88 91 108 125 128 133 130 126 129 131 136 141 142 160 180 192 196 199 201 202 201 206 211 207 209 213 224 234 239 236 235 234 230 228 226 226 224 216 198 166 143 140 155 160 140 131 148 153 160 163 164 154 161 153 157 155 160 163 176 174 167 164 168 161 155 160 170 169 165 170 
24 33 62 61 69 63 67 67 63 72 71 74 73 78 78 79 78 62 36 37 41 52 55 58 61 61 66 78 86 88 89 104 122 128 126 124 116 108 110 120 127 136 138 149 164 170 174 172 172 174 181 184 184 180 178 185 202 213 225 229 231 232 226 227 222 217 210 171 122 107 104 116 123 117 130 142 146 151 155 159 157 152 155 156 160 153 157 165 165 175 172 169 163 164 155 159 164 166 166 169 
24 41 61 60 68 65 67 63 71 69 77 78 71 76 75 70 78 71 43 35 32 32 45 54 57 60 70 86 88 96 108 111 112 101 98 97 91 90 91 93 113 131 135 138 141 152 144 137 151 145 150 144 145 148 149 161 185 196 194 209 221 226 218 210 203 177 130 103 95 119 134 144 137 127 140 142 151 147 152 158 154 159 156 156 152 154 148 155 172 161 160 162 162 160 166 168 164 167 158 167 
25 57 67 62 65 66 71 69 65 68 71 73 70 69 69 72 79 83 62 38 36 36 33 37 40 49 60 59 63 76 83 86 80 73 69 73 75 87 82 78 79 104 105 99 87 99 111 109 109 104 111 108 118 131 136 141 163 163 166 181 202 197 180 156 120 95 97 114 131 128 140 146 140 134 139 145 148 146 153 149 157 157 155 152 158 160 157 157 159 169 170 163 164 167 154 158 168 169 168 160 
32 55 62 70 64 62 67 66 61 68 68 72 70 70 67 73 72 72 74 47 36 37 31 32 32 32 37 39 45 51 57 54 53 65 58 41 43 42 26 26 24 43 56 66 61 71 68 71 74 81 92 95 95 105 125 138 139 128 146 145 145 135 91 94 108 122 126 136 132 132 143 140 149 140 139 135 146 145 155 150 154 156 160 156 147 153 150 159 163 163 163 157 161 157 155 154 167 168 173 161 
39 63 68 67 67 62 65 70 72 72 66 67 64 67 69 74 71 65 76 66 37 38 33 32 32 33 37 39 43 40 42 38 27 22 25 22 20 26 29 34 38 36 51 83 91 91 94 84 86 77 83 79 75 86 88 92 95 89 101 98 90 104 115 124 134 132 130 131 130 136 139 143 144 143 141 141 141 147 150 151 153 152 160 154 156 154 160 163 156 164 155 155 162 162 149 149 157 166 170 163 
39 61 70 64 62 57 64 66 65 65 67 70 72 70 70 68 72 67 72 73 46 37 36 33 33 32 36 39 42 45 49 51 47 37 34 34 37 38 44 52 54 47 53 84 114 119 121 113 115 109 111 115 108 108 107 108 113 117 120 121 121 130 132 128 141 124 128 128 138 142 134 144 143 139 143 152 143 149 153 152 154 152 148 153 155 152 156 167 163 164 164 152 164 165 155 153 165 160 157 167 
45 60 62 63 67 66 71 68 70 70 70 74 68 74 71 68 71 64 73 76 57 33 39 33 35 34 36 36 42 45 49 56 56 48 44 39 41 43 45 54 56 49 52 66 108 122 116 115 117 116 119 122 124 122 126 118 124 123 125 126 132 125 130 131 134 131 132 126 137 140 139 138 140 144 144 148 141 141 144 150 155 158 147 147 150 153 152 157 155 164 162 160 154 147 155 155 154 163 163 163 
53 68 68 60 67 68 69 62 69 70 66 62 71 66 71 71 70 68 71 68 65 37 41 34 35 35 35 36 41 45 49 55 60 54 46 41 41 43 45 54 60 53 50 56 98 120 122 120 115 117 116 120 124 127 129 125 125 128 124 127 126 131 128 135 137 136 128 127 135 135 132 139 138 138 137 140 145 149 141 149 150 159 157 151 153 157 153 153 154 156 163 165 166 159 154 156 148 150 159 160 
52 62 68 64 65 63 63 62 71 66 74 63 67 68 69 66 68 75 68 66 70 50 38 36 37 37 35 36 40 45 49 54 62 61 49 44 42 43 45 51 67 58 51 56 75 115 117 122 120 114 120 117 126 128 120 123 127 127 126 133 129 135 126 127 131 134 133 133 126 131 137 138 140 132 139 142 146 146 139 147 156 150 154 149 148 154 157 147 150 157 155 160 164 157 153 162 157 159 155 154 
47 58 69 67 64 62 62 65 61 70 73 66 73 72 66 65 67 68 76 71 73 64 35 40 39 36 36 35 39 44 49 54 64 66 52 46 44 44 45 50 69 64 54 59 73 113 117 119 111 119 121 116 122 124 123 124 122 127 124 126 125 129 128 128 134 134 134 127 130 133 130 132 141 148 139 147 143 138 144 150 146 146 152 147 149 160 159 154 148 156 154 158 165 150 149 167 162 151 152 155 
