158 69 102 70 44 23 35 35 76 28 21 23 89 132 123 79 85 90 139 104 90 105 88 95 85 120 131 81 86 126 84 96 95 91 56 50 60 93 77 63 38 81 81 22 12 11 17 19 14 55 81 88 91 100 184 152 102 96 83 69 36 21 20 23 35 27 40 20 29 22 57 74 106 114 101 49 80 74 70 72 54 45 54 107 64 64 100 84 41 37 80 74 83 117 83 102 113 122 128 105 
105 105 116 68 105 41 32 22 22 19 34 59 68 118 119 86 88 68 102 78 79 85 97 88 58 129 160 93 82 106 62 44 69 71 85 53 35 87 168 164 138 135 179 68 29 28 90 46 20 73 82 90 97 143 161 137 83 83 49 35 28 27 24 25 24 26 59 51 34 25 15 43 75 72 75 73 104 76 97 76 48 71 52 108 88 87 86 138 71 43 75 75 66 59 47 52 87 95 85 53 
59 69 99 101 75 22 20 22 91 99 70 59 111 114 90 79 101 110 110 99 85 63 78 68 69 96 109 107 107 53 87 72 71 65 87 90 73 55 128 173 180 182 190 160 126 88 59 23 21 73 93 98 84 173 144 90 54 51 61 32 21 15 24 31 43 34 39 53 55 35 31 29 71 81 41 76 116 84 73 96 43 57 65 109 105 86 80 39 105 121 56 56 98 74 56 75 37 46 79 58 
92 67 120 104 129 61 90 82 131 78 62 107 76 69 81 90 96 116 91 82 77 76 83 49 64 93 88 103 106 168 157 67 71 82 39 50 50 115 66 104 172 184 201 185 184 176 190 163 133 135 112 99 131 167 116 79 27 22 28 17 13 19 33 30 33 41 45 42 33 50 57 43 35 82 121 104 38 58 126 159 106 54 76 115 63 94 90 50 122 88 78 115 111 69 99 109 147 104 74 86 
104 124 131 116 93 127 56 109 127 118 109 113 95 100 134 99 138 129 111 90 79 94 56 54 58 66 132 129 79 75 108 114 72 87 46 85 55 109 122 123 129 197 193 184 176 194 197 166 164 162 172 166 163 150 93 30 20 14 9 10 16 25 31 27 27 41 49 42 51 49 41 52 55 32 52 101 63 41 83 98 126 126 80 108 68 113 84 104 119 106 60 55 62 59 87 70 74 89 69 114 
82 67 125 151 65 120 140 50 83 99 104 117 76 65 70 78 65 95 131 103 92 93 40 34 46 38 99 51 118 111 63 138 111 114 48 63 103 112 128 137 120 76 113 151 178 186 195 187 199 182 204 207 192 155 70 16 17 14 11 12 20 22 27 22 24 35 45 44 57 40 39 31 34 57 79 53 55 59 71 107 118 78 117 128 83 111 102 93 69 95 82 79 85 71 64 81 98 83 80 60 
166 137 124 144 132 114 182 123 109 118 110 117 126 126 103 108 50 89 82 110 62 51 70 84 55 53 116 34 75 93 57 106 108 105 103 115 68 51 122 127 96 88 46 34 89 154 185 204 177 169 161 153 101 34 14 14 20 16 15 16 17 18 23 19 17 28 35 45 49 43 37 40 48 54 62 81 87 47 46 56 65 66 71 127 80 87 141 112 54 74 90 83 57 67 59 101 48 62 42 115 
56 59 58 78 87 78 89 99 106 94 94 101 109 113 121 121 126 131 136 137 140 152 145 130 135 129 156 104 117 136 128 127 146 149 99 117 108 75 66 120 115 100 93 28 20 22 29 47 53 59 48 37 22 13 18 15 12 13 23 21 21 27 21 18 29 28 27 36 42 44 48 56 58 62 60 46 50 76 122 82 22 36 55 71 108 92 70 134 126 112 143 112 97 88 72 68 74 74 107 130 
37 36 40 40 25 21 20 22 25 37 45 50 62 75 120 158 164 160 149 137 117 99 81 64 67 76 82 91 97 102 101 90 146 139 141 137 133 130 123 130 144 115 58 42 27 19 14 16 17 16 11 11 16 16 14 10 9 11 13 16 20 23 18 26 32 29 25 33 35 44 61 58 54 49 48 51 48 44 41 82 93 95 65 61 54 93 105 116 50 128 151 116 111 63 42 38 94 77 126 175 
25 25 25 29 22 29 23 23 23 19 24 29 42 41 82 168 81 55 142 105 127 110 120 147 170 164 155 143 132 117 98 81 87 116 78 68 75 83 83 80 93 71 35 22 14 14 23 23 16 17 16 22 21 11 13 11 11 15 19 18 14 20 25 22 30 25 21 27 30 38 54 43 44 44 49 52 41 29 26 24 14 49 90 80 59 81 132 151 121 110 118 126 115 85 94 43 92 96 138 154 
28 28 30 26 26 21 23 29 31 31 27 21 17 34 104 119 67 69 165 79 98 72 104 153 157 164 157 143 125 122 138 161 162 148 82 90 89 69 49 34 31 25 21 18 13 22 19 18 18 21 20 14 14 18 20 16 19 18 12 16 19 24 24 15 30 25 20 21 22 30 35 30 36 49 56 44 34 29 27 25 19 14 12 43 91 87 84 135 112 106 99 111 103 105 108 94 101 96 100 90 
22 26 27 26 27 32 28 24 14 17 13 14 13 36 152 50 36 89 112 109 105 153 176 171 172 174 172 178 182 173 150 114 94 104 66 33 75 114 44 24 22 19 14 16 17 22 14 16 20 17 19 20 20 33 21 21 25 28 25 22 28 33 18 26 29 26 21 20 22 24 23 35 51 75 86 88 91 101 99 99 87 92 93 72 67 74 89 123 127 109 102 101 118 115 122 122 126 119 122 121 
23 31 27 35 25 11 11 20 23 19 17 17 16 43 129 112 116 120 115 170 179 189 192 187 186 182 177 173 164 158 158 170 157 128 110 59 18 36 43 24 18 12 17 20 19 16 18 21 18 22 24 20 29 41 44 37 33 30 42 41 55 30 26 36 27 25 28 22 35 52 55 58 79 73 66 58 57 53 49 43 30 53 92 18 14 16 18 31 88 126 109 56 83 62 64 82 47 59 35 51 
93 55 39 20 18 22 28 19 18 13 11 11 16 115 85 103 148 117 174 192 181 177 183 193 191 173 171 163 169 162 149 146 145 145 132 116 40 28 23 23 9 16 18 19 21 22 24 18 19 24 28 30 41 49 28 37 68 58 46 48 44 58 47 41 26 30 29 21 33 34 33 23 42 45 48 51 57 56 52 51 43 52 83 106 53 20 18 15 20 29 64 115 91 72 89 75 63 87 55 61 
127 105 101 52 22 27 23 18 20 17 13 16 60 106 49 104 166 170 169 171 184 167 164 167 175 191 174 163 155 154 155 145 139 125 118 57 33 23 19 16 11 15 17 26 22 20 18 17 21 28 29 34 36 33 44 72 65 61 84 80 70 61 43 28 27 24 21 35 36 32 19 17 21 40 41 48 49 47 44 38 31 26 20 26 86 107 46 30 19 16 28 42 62 70 124 99 98 122 113 92 
147 125 124 130 82 21 18 25 30 75 75 38 56 118 158 168 170 172 171 168 180 173 157 158 158 161 186 183 154 148 140 143 125 93 88 32 31 20 22 13 15 15 23 23 18 15 19 19 24 26 31 34 34 41 50 62 88 91 63 54 54 39 33 33 25 21 34 48 55 36 21 16 19 41 56 61 38 28 25 29 25 34 43 33 17 25 97 88 23 17 23 31 36 87 45 105 98 106 82 133 
163 156 145 149 160 45 12 35 67 97 101 93 146 147 156 163 160 163 162 175 165 175 164 157 157 157 159 180 169 134 129 118 80 67 48 30 26 17 16 12 17 21 27 18 15 13 20 16 24 25 29 29 39 41 51 64 52 42 61 55 61 59 38 37 22 29 47 53 39 36 24 22 22 42 64 56 46 51 36 27 20 22 29 37 44 31 23 47 111 86 31 44 87 106 66 86 95 76 98 118 
159 136 138 142 130 105 47 59 113 94 94 80 35 25 27 28 40 106 143 167 164 173 191 164 160 167 149 132 144 111 105 90 58 45 46 30 21 23 17 19 19 28 26 22 18 16 14 14 27 25 22 33 40 36 29 24 25 55 64 76 52 40 42 20 26 44 47 33 22 19 13 13 14 43 57 51 58 55 60 58 43 33 38 39 42 42 33 31 41 60 111 81 40 68 118 104 101 111 108 101 
184 146 135 114 121 92 57 32 46 33 23 19 19 14 10 7 7 8 42 140 188 184 183 185 180 167 135 99 107 89 60 77 49 39 37 25 16 27 12 26 19 31 27 30 18 17 12 17 24 17 19 28 42 29 22 42 57 57 36 38 38 37 22 26 43 36 25 17 16 15 11 10 16 46 63 53 40 51 56 51 53 58 51 57 46 48 46 31 21 38 52 91 117 96 89 93 57 50 86 106 
184 164 151 114 95 83 66 37 19 24 59 29 17 9 9 9 4 8 8 21 90 172 185 192 183 160 121 71 74 82 51 59 36 38 33 25 18 24 12 28 30 52 44 36 15 22 17 17 19 15 21 33 21 17 28 41 33 26 34 31 31 22 25 43 29 24 23 14 19 22 8 12 22 44 57 55 40 54 58 51 45 35 30 39 50 60 65 69 76 69 59 39 40 41 97 100 114 87 87 108 
178 157 138 127 123 93 57 39 32 25 27 24 25 13 5 6 5 5 9 6 8 17 25 58 101 98 107 72 66 61 39 31 27 29 31 20 19 21 14 29 50 59 64 39 22 20 14 18 16 18 18 19 18 13 22 21 19 24 27 30 23 23 21 24 27 26 14 15 26 15 15 20 23 34 48 69 53 61 67 59 51 44 41 33 33 30 33 32 28 38 36 40 43 73 36 39 101 151 125 43 
196 171 138 122 78 67 71 60 37 26 21 23 17 20 15 5 6 6 8 8 7 7 8 11 11 10 34 77 64 33 24 27 23 26 24 18 17 18 20 28 56 82 62 50 39 22 17 15 14 14 15 18 15 17 18 16 20 23 19 18 20 22 26 32 26 15 15 29 28 22 26 42 52 64 68 69 52 52 54 62 68 61 51 40 26 14 17 23 25 22 26 35 45 86 75 29 23 98 127 106 
169 182 165 146 118 110 73 51 50 50 37 24 19 20 17 11 6 6 6 7 7 6 9 14 16 20 22 57 44 28 27 24 19 21 18 17 13 15 18 44 58 98 79 52 33 27 19 13 14 12 14 16 12 17 19 22 25 25 16 20 23 26 43 22 16 17 29 36 38 52 58 78 85 79 76 77 57 47 58 59 61 64 62 44 32 30 27 21 17 21 19 22 18 42 84 106 72 73 74 65 
160 168 161 127 110 114 112 105 80 53 42 49 37 25 47 67 25 6 6 6 7 7 11 30 31 39 47 49 31 30 27 21 19 15 13 14 14 12 21 58 52 108 88 59 59 33 15 12 15 13 11 12 13 16 21 24 24 22 21 21 26 33 18 19 30 33 48 61 72 89 95 89 85 71 65 79 71 58 50 52 62 48 45 33 29 36 40 37 36 29 34 30 19 19 24 26 52 79 101 97 
168 159 148 133 132 90 68 71 90 108 115 98 78 78 65 90 54 8 7 4 7 10 14 36 46 64 55 38 32 26 22 21 18 12 14 14 14 16 26 43 52 116 105 53 45 18 9 13 14 14 10 11 15 16 15 16 23 22 23 25 18 18 19 22 28 48 61 79 101 90 75 68 75 66 65 83 68 74 67 50 69 57 44 27 22 33 36 43 38 41 35 43 31 28 39 23 37 76 68 73 
167 158 151 123 82 99 106 86 68 61 58 79 102 110 110 103 82 34 19 31 11 12 22 56 72 78 47 44 29 28 21 21 14 10 12 15 16 13 19 36 71 99 85 31 54 21 12 11 8 11 10 15 17 12 12 12 18 20 26 15 14 26 25 34 45 43 61 86 73 62 63 63 75 64 70 86 64 80 79 66 71 58 61 29 18 37 47 33 35 35 46 37 39 62 55 33 34 82 53 71 
135 157 127 124 103 74 55 81 81 76 77 80 94 95 107 104 111 64 8 32 8 21 38 83 81 65 50 33 25 23 21 17 13 9 12 15 14 17 17 41 53 47 43 42 42 16 13 10 8 9 12 13 15 12 13 13 17 22 18 18 19 24 23 32 40 51 65 62 59 53 51 51 59 66 85 79 62 84 80 66 74 71 50 26 21 44 41 36 29 30 33 34 31 40 64 66 41 64 28 56 
84 104 86 90 97 63 42 41 46 51 53 50 69 93 93 97 105 71 11 35 19 59 94 92 73 60 47 25 21 21 19 18 23 11 10 14 17 16 15 35 25 32 31 30 24 10 19 12 11 8 12 13 16 15 13 15 21 21 19 17 18 20 20 25 27 27 42 35 30 37 40 39 57 70 85 68 59 91 84 72 60 71 38 12 22 48 52 41 39 35 41 33 34 28 43 50 49 56 63 37 
86 93 85 64 90 44 31 27 23 29 32 39 46 48 50 57 67 70 35 28 43 100 107 84 62 49 35 23 19 16 14 27 30 13 16 13 14 20 13 27 25 31 18 12 19 15 21 12 10 8 10 12 13 14 18 17 19 20 22 19 17 21 21 22 19 25 25 26 34 39 40 42 54 77 81 57 69 92 92 66 65 64 38 13 19 44 56 47 38 37 38 42 43 34 33 47 61 57 57 109 
80 68 76 102 57 56 85 65 19 25 16 25 29 24 32 44 49 45 47 44 72 108 90 60 48 43 34 21 19 18 17 39 53 35 21 10 15 22 15 21 20 20 17 11 17 11 15 13 13 9 11 12 11 13 17 16 16 16 28 20 15 18 19 20 21 18 21 25 37 43 51 54 71 83 74 58 77 92 84 69 51 62 51 12 23 49 54 46 43 32 24 32 37 48 37 39 34 48 70 59 
44 52 53 96 102 93 61 25 18 16 12 29 12 13 17 13 26 48 55 66 104 106 90 57 40 30 31 24 22 19 22 34 37 66 39 16 15 21 30 11 16 13 19 18 11 9 10 13 13 11 13 11 9 12 13 13 12 16 30 15 14 15 21 26 17 19 19 33 45 42 42 54 72 72 70 70 89 97 77 55 42 64 56 19 33 56 46 46 38 37 28 24 33 34 50 45 29 33 26 17 
57 71 150 111 77 49 46 80 61 30 23 17 16 14 13 12 9 24 58 97 103 108 108 80 61 40 21 18 18 23 17 21 37 85 40 42 31 25 38 27 20 15 18 17 12 11 12 10 13 15 12 10 12 13 11 15 11 11 17 13 10 15 31 25 20 17 18 22 27 29 42 57 73 79 76 90 95 95 65 59 44 54 60 30 30 67 51 45 41 34 33 38 32 34 38 58 41 39 68 63 
104 132 167 156 93 73 130 201 114 115 77 23 18 22 22 56 53 59 52 40 26 31 43 49 68 47 17 17 22 18 20 21 26 62 43 49 51 26 32 38 28 17 17 15 11 11 11 10 11 13 13 14 12 11 11 14 10 11 12 12 12 21 17 14 12 11 10 23 29 43 61 79 80 75 91 93 96 77 59 55 37 47 44 48 39 76 54 48 44 37 42 37 43 39 42 52 48 48 49 36 
79 113 132 109 94 108 220 193 150 70 106 89 23 51 65 47 37 37 32 30 20 54 62 70 48 25 20 19 18 13 24 15 18 36 35 59 66 42 40 31 33 21 22 20 14 9 13 14 12 12 13 16 18 15 13 12 15 14 14 15 17 14 16 17 7 10 15 15 15 36 63 71 70 76 88 103 86 57 60 51 37 47 52 55 47 72 64 53 40 54 44 36 43 55 46 57 54 49 38 58 
89 93 84 100 70 65 141 145 84 47 54 87 84 60 50 42 38 52 70 46 64 55 37 48 44 18 18 17 17 13 17 16 17 17 17 34 70 55 36 31 31 34 21 26 19 16 13 13 14 13 12 17 24 24 22 14 18 18 14 16 14 17 21 15 17 14 13 17 28 44 61 65 58 69 94 100 80 59 58 53 40 46 57 67 52 61 80 54 46 36 43 34 37 52 53 49 64 41 28 62 
100 81 86 88 48 79 78 63 110 92 90 88 54 48 57 85 76 97 75 52 41 28 37 33 31 21 21 17 20 21 25 18 14 13 12 22 49 47 40 29 34 23 25 29 18 20 15 18 17 17 21 20 22 35 25 20 17 18 16 17 18 16 15 20 14 14 16 26 29 50 42 38 51 58 93 90 75 63 64 56 44 49 59 79 67 60 82 54 54 47 40 41 35 34 49 47 61 50 53 81 
92 105 112 125 129 110 141 143 166 118 78 51 46 48 77 128 156 119 62 16 11 12 40 36 28 22 21 81 179 187 137 59 46 37 27 18 22 31 29 26 31 24 10 24 23 20 21 20 17 17 19 22 24 20 28 16 19 21 22 20 20 17 13 14 24 26 33 31 43 33 34 39 32 66 87 108 83 78 71 53 53 53 60 76 78 63 69 65 50 51 42 49 41 40 39 39 36 66 82 89 
96 98 73 120 131 141 107 170 163 104 75 52 48 66 85 161 162 116 57 18 31 95 121 156 69 30 100 189 182 131 97 31 10 16 23 12 14 15 15 18 16 18 14 13 23 21 13 19 27 17 19 25 38 54 96 108 111 115 114 93 85 30 21 18 21 29 25 31 26 25 28 29 41 77 114 114 106 75 60 54 69 57 58 65 73 82 81 58 58 53 45 52 55 46 39 36 36 45 49 67 
114 161 121 149 123 107 112 108 102 50 48 42 54 83 108 149 141 130 101 149 204 235 222 112 109 114 127 125 120 114 49 8 14 13 26 18 13 17 15 15 14 12 14 20 35 43 68 55 66 89 102 113 119 130 133 132 104 68 25 14 14 18 23 19 24 27 18 16 24 31 36 55 73 99 143 157 124 88 74 73 70 64 55 56 65 62 63 74 63 60 60 50 49 40 43 38 32 37 51 67 
98 175 177 151 72 99 79 100 88 49 48 55 87 112 75 106 116 127 75 66 174 192 115 75 142 131 130 139 128 113 25 7 11 13 32 15 15 25 16 30 56 45 53 71 124 139 138 136 138 133 125 122 124 121 101 48 10 10 10 9 10 26 22 22 16 15 18 20 24 30 35 37 58 128 188 178 133 151 127 93 67 60 48 53 58 61 53 51 54 62 65 59 52 50 38 32 33 33 32 39 
76 148 140 84 94 161 162 110 60 49 48 73 57 65 86 92 77 59 85 115 149 129 115 102 119 81 106 141 104 111 56 8 12 17 25 13 17 36 62 82 118 147 151 131 135 135 138 143 139 136 131 128 135 53 11 10 16 16 16 12 13 21 29 27 21 19 24 24 24 33 43 58 87 147 201 210 219 228 174 127 113 97 57 42 38 42 44 44 45 39 49 62 60 63 58 52 41 40 37 32 
111 120 115 81 90 161 138 52 61 65 76 48 36 39 55 20 14 49 103 125 211 228 187 157 110 52 53 58 98 114 163 149 96 89 35 39 112 141 122 144 140 173 157 130 125 132 137 136 145 143 138 131 63 21 34 32 22 17 19 32 35 37 36 42 30 23 21 22 26 27 24 45 81 141 230 248 249 241 202 148 96 116 48 38 30 31 40 40 39 37 33 33 42 46 56 56 59 55 52 52 
125 116 118 120 113 87 55 66 28 53 74 69 53 32 12 13 21 92 125 155 195 201 137 91 57 37 43 61 66 102 163 231 214 179 129 50 47 178 218 199 220 167 105 99 126 130 132 113 139 142 139 141 78 30 20 21 29 28 18 16 26 57 80 92 77 61 46 45 41 45 42 42 70 151 227 248 250 241 218 169 94 87 73 45 41 37 38 41 49 41 38 29 25 24 29 29 31 32 35 25 
106 115 119 115 89 70 69 78 98 91 82 33 14 13 13 14 57 123 130 102 75 68 44 48 81 71 82 82 96 116 138 171 142 110 148 174 194 227 233 218 188 74 68 92 122 120 100 89 140 136 114 65 31 39 52 35 26 35 57 76 79 62 73 85 100 121 131 131 111 84 70 62 71 130 209 245 239 221 218 165 99 59 79 38 33 49 38 37 47 47 43 31 28 26 30 30 37 37 35 32 
107 101 108 111 100 39 33 57 82 61 40 12 13 15 13 69 101 77 90 79 76 69 73 110 81 59 82 50 25 17 20 76 151 157 183 217 176 139 156 208 99 189 175 105 108 81 76 128 130 106 65 46 62 54 74 80 76 65 75 80 103 138 154 157 166 172 169 160 154 136 118 95 147 169 173 191 231 238 213 130 74 54 68 52 35 53 47 48 41 41 40 38 39 34 31 29 37 48 44 38 
110 103 108 97 62 76 52 78 42 64 28 14 15 23 73 56 65 102 108 87 66 69 92 110 82 56 46 60 31 40 57 164 156 165 183 171 107 140 163 161 23 40 102 67 64 92 127 113 87 59 61 71 77 85 104 110 126 118 113 117 112 104 126 153 180 192 191 177 161 152 147 85 61 113 166 165 183 198 186 131 86 65 58 80 40 52 61 57 46 46 46 42 39 37 32 32 38 38 32 36 
106 95 81 60 42 58 35 66 70 57 26 20 51 65 56 51 72 46 51 49 50 50 82 96 94 46 84 37 20 30 69 136 148 116 54 57 128 69 85 61 18 51 87 101 115 120 73 51 56 73 73 62 105 121 119 141 147 149 123 119 130 131 131 135 137 150 163 172 174 159 133 115 128 87 53 107 129 176 157 114 90 73 65 75 51 65 63 56 51 62 53 43 49 47 30 24 34 28 17 15 
97 77 25 55 39 28 42 91 108 53 63 92 61 46 78 52 36 82 74 85 88 88 85 107 76 85 83 63 82 93 49 23 24 44 73 74 26 15 35 49 77 96 117 124 82 18 18 55 80 93 74 118 132 136 142 147 159 182 202 194 206 213 209 194 184 162 154 142 130 135 151 72 55 112 142 99 61 93 159 157 151 95 72 64 72 64 67 54 77 73 69 53 65 53 41 33 28 28 25 22 
64 61 54 49 75 61 83 92 75 77 74 69 69 95 75 78 74 77 100 120 106 96 107 83 83 114 119 126 120 84 45 54 81 49 23 16 30 62 85 74 85 105 77 32 15 20 30 67 97 61 122 137 150 162 156 176 181 199 228 248 250 249 247 245 241 211 209 198 170 150 154 120 93 117 115 107 143 141 89 92 112 121 80 69 77 60 80 93 97 78 61 58 51 37 32 24 12 19 27 30 
51 41 42 57 80 87 117 56 90 78 92 67 70 75 82 76 73 77 92 86 90 68 82 93 127 134 133 139 78 60 34 30 27 19 16 59 71 68 54 66 69 37 24 37 41 53 78 112 147 142 144 161 169 165 177 214 237 245 245 249 246 244 235 218 212 192 163 186 212 220 193 164 75 54 66 63 56 128 142 142 133 108 94 72 59 61 74 69 73 66 56 48 43 30 22 12 13 11 12 25 
62 56 76 61 92 110 101 91 97 84 119 84 96 103 96 72 89 118 114 98 92 121 132 138 126 97 82 43 24 27 29 24 22 30 58 52 49 49 57 34 19 29 46 81 96 114 148 166 180 172 180 187 176 195 225 226 222 225 238 247 235 225 236 243 239 225 232 180 223 244 211 208 98 109 75 57 133 114 136 132 120 106 89 68 46 66 53 64 62 63 37 30 31 24 18 7 12 20 23 20 
63 60 73 75 87 83 80 85 103 94 102 85 136 145 105 62 54 41 48 106 133 130 100 95 128 143 197 187 101 49 56 59 50 51 50 50 45 33 22 34 32 31 62 90 128 192 229 240 245 246 245 244 215 185 178 207 228 230 211 207 219 228 228 229 244 246 228 231 170 218 215 203 211 161 95 62 154 121 123 147 126 111 102 71 50 75 70 68 67 39 27 25 21 12 7 6 12 29 36 24 
54 73 95 111 112 74 128 109 72 125 116 120 97 90 83 84 98 70 85 107 124 110 45 30 59 138 173 145 126 110 87 75 71 80 82 92 83 72 74 87 89 91 129 143 152 171 240 250 252 253 252 252 252 246 210 157 170 163 168 202 202 183 194 216 236 221 212 205 226 175 206 206 219 186 130 136 133 111 140 145 155 123 108 64 56 59 64 74 51 34 27 21 12 5 6 7 20 18 15 30 
43 80 91 88 110 74 100 102 84 92 79 70 49 53 51 63 86 99 120 178 198 145 104 110 156 190 189 126 105 47 33 27 33 45 70 95 110 105 101 104 110 126 192 240 236 207 226 251 254 252 252 253 252 251 249 243 200 198 203 169 161 209 239 219 193 162 170 158 143 152 131 159 198 158 139 124 110 84 132 124 146 119 89 58 60 65 78 70 44 31 19 22 16 19 18 11 9 17 17 24 
79 59 60 58 72 46 106 128 126 73 69 84 99 132 135 145 158 169 193 223 234 221 207 205 221 220 180 157 169 147 84 44 33 52 93 116 115 111 121 122 124 124 130 171 235 252 251 253 254 253 253 253 253 254 254 252 247 226 197 229 243 225 210 227 244 246 219 212 210 199 189 139 182 163 113 101 88 69 103 98 109 95 70 61 73 69 69 51 35 27 21 23 21 21 17 11 11 19 24 23 
35 42 27 75 73 68 108 129 137 65 56 64 102 133 156 166 189 205 188 200 217 224 220 210 209 201 170 145 130 156 152 81 59 86 106 102 85 70 80 100 116 140 158 180 214 245 251 252 253 253 253 253 253 253 254 252 250 242 237 207 208 243 245 243 229 215 223 238 226 211 186 134 124 147 111 126 131 118 119 133 131 93 72 72 66 61 59 41 38 30 26 29 22 15 8 11 12 23 26 24 
43 39 30 81 88 78 107 122 128 139 65 49 34 63 109 133 157 195 197 186 210 228 206 207 176 188 174 109 79 73 73 78 75 86 87 85 85 70 56 62 103 128 157 196 247 249 248 249 251 251 253 253 253 253 253 253 251 252 248 242 224 191 204 185 183 183 143 135 159 135 117 127 149 115 70 79 58 94 127 96 99 82 74 63 57 53 39 38 35 30 26 20 17 13 8 13 16 24 25 22 
26 49 59 56 69 95 107 103 52 153 51 24 31 20 26 50 78 114 164 166 184 221 228 212 187 142 139 91 67 50 46 53 54 72 77 138 172 179 119 61 93 161 201 221 245 241 245 229 241 251 253 253 253 253 253 253 253 251 253 251 243 236 193 207 204 232 233 226 192 140 107 95 143 183 114 87 95 124 118 98 93 81 71 57 55 40 28 28 36 29 19 18 14 12 10 15 19 24 29 27 
37 41 116 97 94 92 55 156 98 112 43 18 17 14 16 21 24 42 76 110 136 165 202 202 176 106 110 101 68 41 48 54 63 66 73 183 245 246 229 140 73 169 245 249 247 168 126 130 141 219 245 253 252 250 249 251 251 252 251 250 244 243 232 173 160 197 209 230 242 244 221 158 147 189 152 117 126 119 112 98 87 73 65 55 41 36 36 37 36 25 21 14 13 13 13 18 26 27 31 22 
121 122 84 77 48 40 39 117 79 76 83 84 96 53 28 15 15 18 26 49 83 105 123 136 122 63 59 61 48 36 51 50 48 55 98 124 165 193 241 197 110 207 250 250 250 198 140 116 90 81 122 220 249 233 193 197 228 250 232 213 164 191 193 208 173 148 187 207 216 239 223 177 145 143 162 141 124 108 93 79 100 82 54 47 42 43 39 35 34 25 23 17 16 10 12 18 19 23 20 33 
84 87 42 25 21 33 19 41 68 49 44 39 59 85 72 39 14 51 104 105 40 65 99 83 51 26 24 21 26 45 65 73 53 46 51 76 177 240 226 168 151 215 250 251 250 249 247 244 177 81 71 142 215 203 147 152 123 159 205 213 214 157 244 246 242 196 148 175 172 134 102 124 149 195 182 139 104 81 71 61 98 54 38 39 41 37 33 33 25 22 20 20 15 11 21 33 16 20 45 66 
61 40 26 14 18 29 17 17 18 58 68 72 75 87 63 33 24 60 121 65 51 50 33 28 30 33 39 43 44 52 66 78 63 52 61 55 65 104 137 192 194 220 249 239 213 159 155 184 241 222 116 150 82 95 138 141 139 90 103 185 222 181 183 251 248 238 206 115 72 94 157 166 148 192 158 146 112 72 70 44 100 27 29 31 34 34 32 33 26 22 19 19 31 39 21 7 10 24 62 73 
63 30 17 18 19 21 15 17 16 30 46 71 79 69 73 30 35 29 62 69 74 51 48 35 31 22 19 19 25 33 51 83 80 64 43 39 47 73 121 203 240 210 140 83 47 46 90 61 105 159 175 115 44 64 167 147 185 167 103 153 215 225 152 215 248 222 139 112 137 160 226 238 183 160 123 101 101 79 70 46 85 19 26 30 33 30 29 28 26 22 30 53 26 8 12 9 9 49 112 96 
36 19 16 15 17 18 15 14 19 51 58 110 150 111 101 78 41 26 57 70 32 26 44 61 47 31 24 26 34 46 83 87 62 94 116 119 111 98 114 120 91 53 41 35 32 30 58 61 31 75 176 123 41 41 131 178 167 219 132 118 206 207 220 155 226 157 181 181 216 181 160 213 194 136 147 131 125 101 72 80 53 46 25 35 36 30 27 26 18 23 34 11 6 8 8 11 15 38 67 70 
48 16 20 20 19 26 47 48 61 65 68 82 50 66 59 70 71 83 72 65 71 26 45 77 72 62 49 41 39 89 136 192 196 193 139 75 46 58 46 26 27 26 28 32 29 23 50 40 17 137 181 213 100 55 139 185 170 212 125 151 208 199 198 217 146 217 196 212 194 203 164 185 198 151 150 125 114 80 64 89 60 68 19 32 31 34 20 14 24 21 10 10 8 7 12 18 62 59 81 82 
34 19 19 46 48 75 74 68 68 62 68 76 103 89 113 143 40 63 61 98 93 33 89 70 80 67 55 48 61 131 219 246 215 117 56 46 45 31 16 17 15 17 15 17 18 17 17 16 21 71 70 122 130 69 74 81 162 198 153 181 192 193 188 170 183 135 169 235 228 226 200 143 151 155 129 98 103 102 69 74 45 84 32 28 33 28 20 23 26 14 20 12 11 8 11 17 73 80 83 84 
39 23 22 42 53 79 73 67 65 68 66 71 44 58 130 156 61 75 114 66 67 19 41 68 73 74 71 70 65 120 179 141 82 58 40 24 19 12 6 8 18 19 24 41 65 58 41 28 42 58 64 55 101 71 75 95 160 167 158 155 157 173 152 135 111 125 163 189 200 198 181 160 145 131 133 131 131 95 91 78 50 100 63 36 53 46 34 47 48 65 57 63 69 69 68 63 49 48 65 92 
50 18 27 51 62 82 68 66 62 71 69 71 63 55 37 151 96 101 160 72 28 33 82 44 70 77 82 62 53 72 73 49 45 39 30 19 13 11 21 23 26 36 84 95 110 92 73 54 55 52 53 73 93 67 95 122 133 131 123 102 116 161 136 120 113 83 175 209 201 231 195 127 91 157 128 96 121 142 124 96 61 70 69 47 38 35 61 83 43 46 64 100 96 74 77 71 54 38 52 110 
63 19 48 57 54 82 72 68 64 76 75 71 58 38 23 91 99 113 147 92 69 79 62 66 73 83 61 48 37 38 46 34 35 33 26 20 24 16 32 39 79 107 106 115 117 59 36 29 53 39 85 112 99 98 66 79 93 112 138 152 110 94 75 61 47 22 129 232 230 202 155 96 120 144 86 108 61 52 79 87 67 49 75 91 46 70 71 60 40 24 51 85 119 128 85 105 77 36 58 115 
56 13 45 51 57 78 73 71 74 78 85 84 55 47 34 29 42 117 157 79 107 116 51 67 69 74 52 28 24 27 26 33 39 55 80 61 35 23 70 90 204 209 115 124 89 94 59 48 74 104 119 118 140 115 101 119 118 124 138 140 129 115 62 56 70 94 99 210 235 148 185 160 111 98 92 101 113 76 73 90 89 76 108 101 92 65 59 54 63 66 37 36 87 107 112 77 108 154 112 110 
58 20 49 55 59 80 75 73 78 81 108 109 174 127 71 22 32 100 128 42 97 132 46 43 78 66 45 30 18 14 20 37 70 98 103 62 52 30 36 127 203 209 117 101 124 120 112 116 149 140 141 133 110 125 131 124 125 131 133 136 144 70 33 64 28 24 65 141 142 149 138 213 176 108 82 101 150 117 86 90 92 76 70 82 94 106 57 35 30 54 108 107 86 122 138 118 152 186 75 93 
40 38 54 59 67 77 76 79 79 82 85 41 178 187 198 177 73 82 158 33 108 115 48 26 73 42 26 17 20 20 50 68 71 75 89 63 67 43 38 176 167 121 97 68 94 81 78 141 168 142 141 137 129 121 115 112 110 114 101 113 109 27 43 62 18 37 82 200 219 208 122 164 172 153 139 112 113 114 121 102 122 113 81 119 113 124 143 150 124 82 53 97 150 162 127 130 105 131 101 85 
42 58 52 68 63 79 81 84 83 86 53 26 143 166 171 169 154 104 76 31 116 110 88 79 48 30 19 17 34 46 44 54 37 63 69 49 37 45 25 60 82 79 72 66 65 59 55 119 156 134 130 143 126 106 87 92 101 85 46 33 30 23 46 78 23 28 83 181 208 215 163 65 98 121 130 111 94 92 79 71 102 107 106 125 112 67 41 33 88 134 176 154 126 162 144 138 83 106 58 137 
32 54 59 64 65 83 84 87 102 97 40 25 94 165 172 176 174 166 155 139 137 129 107 112 63 22 22 42 33 31 45 19 25 39 48 47 37 33 25 35 65 62 49 32 27 37 35 90 145 141 132 124 114 78 66 66 48 18 13 15 11 12 51 58 20 40 119 127 127 139 137 56 73 84 80 87 72 55 98 130 131 112 79 73 91 43 62 65 90 59 96 127 141 181 198 135 129 75 98 148 
57 71 76 66 74 83 89 94 68 135 63 38 105 172 169 171 169 172 174 187 159 138 134 105 42 50 32 17 25 50 23 27 25 23 49 46 25 22 21 32 41 35 25 19 15 18 15 77 114 132 135 90 87 62 30 16 16 9 7 6 6 15 80 36 17 41 118 136 123 122 74 104 69 102 89 87 102 133 120 99 88 50 41 44 74 82 56 34 76 75 99 115 71 121 72 87 119 84 61 102 
128 120 101 62 84 90 96 89 67 58 136 54 51 173 178 178 177 175 169 168 154 146 120 45 39 28 28 21 36 31 42 41 34 18 17 26 35 31 21 26 21 18 13 16 13 15 17 81 104 129 77 64 30 43 20 25 14 8 14 10 17 18 99 35 32 45 120 134 134 96 151 127 146 71 93 115 123 67 49 70 51 72 59 71 68 75 62 44 75 62 43 62 69 60 84 101 101 108 51 54 
91 73 83 92 97 108 81 98 122 53 92 79 59 143 172 186 172 165 163 157 156 112 36 23 53 65 52 39 49 39 45 54 43 25 21 16 22 26 21 16 10 11 18 9 14 15 27 104 77 111 29 38 32 17 33 21 30 27 34 14 43 57 116 48 19 47 109 111 124 136 124 111 122 104 111 112 80 61 57 74 55 79 56 86 114 86 76 61 78 87 102 89 89 92 106 118 56 104 71 43 
80 95 88 106 125 73 48 106 58 35 45 119 66 123 159 169 177 178 170 167 112 29 30 49 96 114 77 52 61 64 57 63 71 59 70 33 20 23 31 20 10 9 11 13 17 28 29 99 29 107 28 43 18 26 15 20 28 19 30 27 15 41 103 81 37 33 67 104 114 157 120 132 128 76 82 54 48 29 60 35 51 83 80 76 61 107 85 85 101 86 58 87 96 83 129 136 68 99 104 37 
115 83 60 54 85 95 82 110 58 41 34 94 124 88 156 166 177 176 178 98 32 33 55 89 112 125 72 56 75 90 127 157 153 165 97 18 12 27 35 36 24 36 34 29 22 21 26 83 21 79 47 30 24 17 16 16 16 21 25 48 19 13 88 115 35 62 71 101 133 103 144 156 125 65 95 79 52 70 86 58 20 31 61 63 87 76 75 77 83 78 54 62 49 66 116 117 93 53 118 110 
92 86 47 102 143 94 108 102 76 70 38 25 153 108 124 165 177 189 85 43 41 64 80 87 100 101 64 58 61 125 206 220 213 132 45 28 34 42 50 52 61 66 31 26 16 16 21 68 48 67 88 26 49 18 10 10 27 46 45 34 37 40 57 131 51 44 99 60 67 99 122 146 111 65 94 101 112 104 41 73 77 48 34 58 68 62 65 77 66 78 64 97 99 75 70 104 132 126 97 106 
93 89 90 150 120 86 94 125 114 99 59 63 101 165 88 136 163 77 44 51 63 83 87 82 83 87 51 45 55 72 100 129 122 98 83 109 102 90 109 61 17 39 24 19 15 15 26 63 31 21 75 35 21 46 38 43 44 40 41 59 74 44 47 115 80 61 51 65 83 72 108 162 147 85 93 88 88 59 88 86 64 50 68 59 63 56 71 80 59 38 63 47 52 75 85 47 73 94 89 98 
125 132 68 110 131 90 77 104 104 112 137 126 129 147 146 109 84 44 41 54 65 59 66 95 68 63 30 24 48 124 132 132 132 130 132 132 134 131 126 59 13 23 37 11 4 11 20 73 63 69 31 53 25 10 29 20 22 20 20 24 17 37 50 96 81 84 37 43 92 71 51 84 72 72 104 93 43 35 49 38 59 55 68 31 25 37 54 70 66 45 48 61 69 99 102 125 89 71 96 105 
92 84 94 99 133 158 102 82 101 79 123 130 58 45 174 100 25 22 38 42 34 56 86 50 72 45 28 17 16 99 122 122 126 131 132 132 134 134 133 100 20 13 41 29 5 5 10 61 19 30 55 86 45 42 13 14 21 14 9 15 6 15 38 77 74 43 35 45 45 102 33 46 70 61 79 89 43 64 88 62 52 53 57 38 51 71 62 44 81 91 44 39 107 138 151 99 93 111 98 96 
64 125 120 106 106 120 105 67 135 120 143 136 69 79 112 162 98 69 114 140 145 136 128 70 63 51 18 16 12 61 107 112 109 117 126 128 130 134 133 112 22 17 44 38 10 4 12 28 64 19 10 29 83 69 49 37 26 20 12 26 29 25 31 58 66 58 58 82 67 84 69 77 127 96 93 127 50 66 104 99 75 52 68 62 60 59 55 93 98 103 117 123 148 132 128 121 90 84 103 112 
46 76 61 84 99 103 91 138 141 123 150 133 104 60 82 130 162 108 120 160 155 138 124 92 77 64 41 11 11 18 78 87 92 99 102 104 110 117 121 77 14 19 45 36 12 10 10 16 32 57 28 7 14 47 45 48 38 38 44 37 13 41 76 58 40 34 39 62 74 77 90 97 128 88 104 132 87 40 82 99 109 93 87 64 73 55 54 37 46 63 56 115 118 127 129 100 117 119 118 102 
88 76 94 51 101 119 128 105 132 93 155 96 130 89 114 105 104 127 107 112 142 141 124 103 81 74 94 51 35 19 35 66 64 70 74 78 83 92 95 41 13 14 40 28 8 5 13 14 11 17 48 31 20 15 38 30 49 45 62 88 76 49 59 74 39 59 52 86 71 79 77 88 110 57 92 99 147 104 108 98 109 100 98 55 65 59 79 100 59 88 98 122 93 112 100 117 120 154 163 114 
102 81 79 74 122 122 133 118 139 90 122 96 107 127 125 122 88 91 79 91 94 132 128 100 86 66 56 53 50 46 34 27 36 31 39 44 49 54 59 34 17 15 45 17 6 8 13 13 19 36 26 34 25 12 49 55 39 93 95 45 26 14 16 34 39 56 79 68 73 50 55 86 88 56 63 101 95 139 75 94 118 116 128 157 114 111 128 121 84 98 122 130 97 69 49 102 117 126 123 110 
87 100 113 114 117 113 109 122 118 94 72 104 144 142 152 156 142 141 115 109 88 95 65 110 98 77 59 55 52 52 61 42 29 46 39 55 76 75 44 27 30 16 21 12 14 20 31 35 44 89 49 19 33 62 60 71 80 93 102 58 42 40 42 72 58 68 72 78 77 50 69 92 103 75 53 51 50 90 129 72 64 109 102 155 107 84 101 104 114 142 136 116 152 132 110 134 93 97 83 86 
121 102 94 99 117 107 101 100 113 86 89 107 129 123 119 141 118 71 86 70 44 90 38 65 71 63 38 34 30 32 53 104 97 89 87 59 43 74 86 70 111 32 14 15 24 18 32 26 21 38 109 36 25 69 99 65 19 121 140 89 34 31 116 83 63 52 111 64 40 56 32 79 77 104 96 90 51 83 125 133 120 147 108 88 119 131 103 125 139 145 90 97 61 107 99 117 119 105 92 117 
87 122 126 93 116 105 96 91 115 72 83 133 152 111 101 98 102 122 74 62 45 79 115 64 76 55 35 37 17 22 18 62 135 139 79 81 73 27 32 25 17 25 43 63 50 24 52 68 95 51 45 75 75 100 43 41 26 53 74 68 33 33 42 61 81 49 92 89 96 49 43 58 47 62 91 101 104 40 84 94 132 129 124 55 70 73 123 77 116 119 68 96 56 71 79 130 123 108 58 50 
84 63 65 88 92 89 107 146 136 96 88 75 103 121 106 99 62 79 94 87 117 92 110 61 116 47 20 14 15 26 34 53 63 108 109 18 22 31 55 43 55 74 59 46 43 53 37 45 18 22 28 102 73 25 69 67 53 75 135 85 33 32 31 41 59 69 114 84 52 102 80 81 108 85 77 74 86 64 67 64 61 125 114 48 102 60 49 63 105 72 63 106 88 87 127 110 69 58 73 89 
160 138 90 96 109 112 84 94 99 103 117 136 96 81 110 129 97 103 107 111 77 105 114 34 97 34 52 54 17 28 34 113 119 95 81 31 19 59 102 97 105 108 107 113 93 71 13 26 29 30 86 37 77 35 36 74 63 59 68 96 103 96 46 30 60 50 74 65 73 57 126 88 106 103 76 116 121 96 54 72 57 53 113 121 74 123 81 38 84 60 61 77 88 104 113 105 79 64 68 67 
78 100 122 103 102 118 88 90 97 86 102 76 51 96 68 47 79 127 112 99 107 118 117 32 101 100 99 84 43 35 54 103 114 100 80 117 97 47 117 168 156 77 103 75 71 48 25 43 54 97 69 56 58 83 59 37 61 96 75 75 67 111 98 85 90 104 81 65 66 46 74 55 88 85 100 78 103 79 90 53 78 66 105 108 122 90 120 62 70 52 58 82 116 98 119 121 97 101 98 93 
149 125 107 97 75 84 108 131 84 119 86 80 72 78 101 90 124 136 186 117 64 84 85 66 80 100 95 120 75 107 141 140 145 137 100 78 54 115 89 84 140 126 87 89 68 60 36 88 117 47 47 78 100 124 96 60 66 112 109 101 82 66 61 79 31 46 96 76 49 94 76 37 60 85 130 127 99 59 43 64 60 75 103 79 111 125 75 72 52 54 82 44 60 103 130 134 131 91 86 79 
95 106 107 95 86 82 91 95 91 82 73 68 77 86 90 93 109 113 116 127 128 94 67 83 80 106 107 129 150 146 122 94 118 127 77 49 29 74 117 123 152 101 81 113 56 35 40 112 71 42 22 29 54 88 90 82 70 84 77 96 77 93 57 74 64 49 96 40 73 100 81 45 96 59 50 79 107 113 85 61 48 69 71 114 115 121 101 62 59 82 125 97 141 151 135 133 133 144 130 140 
83 88 94 100 77 74 78 75 79 83 73 63 96 103 85 116 85 82 95 137 133 66 73 100 134 158 151 124 116 129 150 119 141 121 90 57 78 104 133 148 174 134 115 117 76 77 54 61 73 97 100 77 84 82 85 103 80 88 81 111 94 103 142 98 55 93 110 48 52 74 62 70 99 73 36 63 100 148 106 68 65 80 75 81 83 86 139 82 61 65 85 99 56 53 107 103 117 126 97 135 
97 116 132 95 112 111 82 69 59 69 86 66 91 83 85 63 61 46 86 158 132 89 131 148 115 101 55 74 94 100 65 142 123 38 28 39 97 138 90 44 77 91 67 79 60 103 94 62 105 146 100 59 49 82 90 102 73 45 70 82 74 87 88 81 69 81 88 114 117 103 113 78 74 60 43 82 96 80 104 70 57 103 97 87 110 47 79 119 89 98 121 67 51 85 70 107 101 83 69 67 
93 81 77 75 76 70 71 75 68 70 53 60 90 79 114 110 109 112 125 189 143 114 91 57 43 86 96 125 102 79 127 92 69 120 64 115 144 107 128 89 85 95 42 30 68 50 51 39 93 129 130 96 83 86 109 111 118 108 80 77 74 106 144 143 77 73 48 50 72 102 140 126 73 97 85 115 115 123 110 105 95 63 54 94 95 148 109 104 72 99 99 72 75 85 75 114 119 117 97 99 
93 93 93 70 76 74 58 53 80 83 79 74 51 46 59 57 63 67 110 151 92 58 49 35 28 55 65 32 66 98 64 46 80 101 77 100 115 106 145 136 113 129 136 80 67 80 67 46 81 130 120 116 77 68 84 117 114 116 105 113 144 110 89 99 74 88 75 97 69 58 114 109 136 131 124 119 103 120 123 104 99 71 42 54 102 91 88 104 93 69 92 53 50 59 60 74 76 95 135 157 
79 80 94 72 81 79 60 66 77 56 54 74 89 108 120 117 107 120 135 93 35 57 47 49 65 86 69 48 69 48 68 51 55 73 72 105 92 93 118 82 102 124 153 145 133 125 104 48 94 140 134 103 80 83 70 137 134 108 85 37 57 17 14 21 36 27 42 67 85 91 89 89 81 108 127 140 113 107 86 105 121 98 50 61 75 77 99 87 71 86 83 120 154 89 65 82 103 141 157 78 
