48 42 40 44 54 71 92 109 108 107 102 105 104 102 99 96 94 90 81 76 46 90 69 62 66 71 72 78 77 72 73 81 87 99 103 102 102 101 101 101 101 101 101 101 101 101 102 102 102 102 101 101 101 101 101 101 101 101 101 101 101 101 101 101 101 101 101 101 101 101 101 101 101 101 101 101 101 102 102 102 102 105 112 125 141 150 159 161 163 170 172 163 172 174 173 170 171 175 162 180 
58 47 40 45 41 31 53 86 94 91 96 99 102 99 96 90 92 82 69 60 35 79 60 47 39 38 38 44 50 48 48 54 62 101 110 100 103 102 102 102 102 102 100 100 101 101 102 102 102 102 101 101 101 101 101 101 101 101 101 101 101 101 101 101 101 101 101 101 101 101 101 101 101 101 101 101 101 102 102 102 102 102 108 119 138 152 165 167 159 170 174 168 174 172 170 167 174 176 178 188 
49 45 40 46 41 21 16 28 41 48 56 61 71 77 70 67 58 46 39 22 13 27 27 20 18 14 16 23 28 33 38 39 34 48 68 82 99 102 103 103 105 103 101 101 101 101 102 102 102 102 101 101 101 101 101 101 101 101 101 101 101 101 101 101 101 101 101 101 101 101 101 101 101 101 101 101 101 102 102 102 102 102 106 116 139 149 160 170 162 163 172 174 168 167 167 171 166 173 182 186 
45 43 36 44 47 42 22 15 18 24 28 37 45 47 49 46 40 24 15 13 12 14 19 21 23 19 28 39 45 38 38 43 20 24 28 39 66 78 82 88 96 100 99 99 99 99 100 101 101 101 102 102 102 102 101 101 101 101 101 101 101 102 103 103 103 103 103 102 102 102 102 102 102 101 101 101 101 102 102 102 102 102 105 118 140 151 153 162 162 156 168 177 167 170 160 164 168 169 186 193 
44 42 39 45 42 43 35 14 13 12 13 24 38 34 30 22 15 13 10 13 12 11 12 15 18 28 41 37 30 19 19 24 14 16 17 17 32 49 65 70 77 77 79 82 83 88 96 99 101 102 102 102 102 102 101 101 101 101 101 101 101 103 103 103 103 103 103 102 102 102 102 102 102 101 101 101 101 102 102 102 102 102 107 119 141 158 160 160 159 163 170 180 169 157 158 169 176 169 182 189 
41 37 33 43 38 37 40 26 12 11 12 14 19 15 13 11 11 13 13 13 12 11 14 14 15 18 18 19 14 16 14 17 19 15 14 12 13 17 42 53 59 60 57 60 64 71 78 89 95 99 99 99 100 100 98 98 99 101 100 98 100 101 101 101 101 102 102 102 102 102 102 102 102 101 101 101 101 102 102 102 102 102 106 119 143 151 158 154 154 164 169 176 162 158 171 160 178 179 180 181 
35 35 36 42 39 41 46 39 19 10 10 12 10 9 11 13 15 14 15 12 12 11 14 13 15 17 17 18 17 17 17 15 13 11 12 14 13 12 25 43 48 47 44 51 51 57 65 73 79 87 88 90 92 94 97 98 99 99 98 97 98 101 101 102 101 101 101 101 101 102 103 102 102 100 101 101 101 102 102 102 102 102 104 117 140 150 164 159 159 166 175 170 173 174 176 166 161 173 190 187 
31 31 33 39 37 41 44 41 31 12 10 11 12 12 12 14 16 12 11 11 11 11 13 12 15 20 25 29 27 23 17 14 12 10 12 15 15 12 18 41 46 44 45 47 41 44 50 57 59 69 75 80 87 93 98 100 100 102 100 98 97 102 101 102 101 103 103 103 103 102 103 106 104 101 101 101 101 101 101 101 102 102 102 111 127 149 161 160 165 159 169 172 170 173 175 177 173 180 190 187 
33 31 33 45 43 42 42 44 37 17 13 11 13 13 18 15 14 13 12 13 12 12 12 14 25 48 56 30 21 16 14 13 13 11 11 19 29 22 18 37 43 51 47 43 39 43 47 48 51 56 66 74 81 96 102 103 102 102 100 99 100 101 101 102 100 102 102 102 102 102 103 106 104 102 100 101 101 101 101 101 102 102 102 107 122 144 153 159 157 162 169 170 168 169 175 172 177 184 192 191 
30 27 30 45 46 36 34 35 40 27 10 13 14 18 18 17 15 12 11 15 14 12 16 15 25 49 49 22 19 15 12 14 12 13 43 64 42 37 40 57 55 67 76 71 63 54 52 50 54 60 65 76 81 92 99 101 103 102 101 102 100 100 98 100 102 102 102 102 102 102 104 106 103 103 102 102 103 101 101 101 101 102 102 105 119 140 159 154 157 166 163 165 175 175 180 184 179 181 191 191 
32 24 31 42 37 39 37 34 38 29 11 13 18 24 20 19 14 14 15 17 18 17 17 23 45 81 27 17 14 14 13 13 19 17 17 22 46 56 64 74 77 67 61 50 45 46 49 49 52 59 63 71 74 85 93 99 101 101 100 100 100 94 95 100 96 101 101 102 102 101 102 102 103 102 102 103 103 101 100 101 101 101 101 103 115 136 153 155 162 165 167 159 169 177 176 182 184 191 193 190 
29 28 34 42 38 37 42 41 38 30 16 17 26 27 20 15 16 15 16 20 22 21 27 20 26 55 12 12 11 13 12 11 33 30 29 25 76 91 77 74 54 48 48 41 42 45 50 53 55 51 52 60 68 73 83 87 94 98 95 94 97 92 88 96 99 101 101 103 101 104 105 104 104 104 104 104 102 101 101 101 101 101 101 102 116 140 149 158 160 162 171 177 171 183 164 173 192 190 182 190 
28 29 40 47 42 40 40 39 35 31 19 26 27 20 17 14 16 19 29 29 25 24 37 31 40 20 12 12 11 12 12 10 49 25 54 13 18 36 84 88 88 84 70 54 49 42 49 53 54 54 51 55 66 68 77 78 85 85 84 88 88 88 92 98 100 101 98 100 103 103 104 105 104 102 102 101 100 101 101 101 101 101 101 102 113 128 143 150 163 166 166 173 174 183 178 184 178 189 193 189 
29 30 37 43 41 42 40 35 34 28 22 32 20 15 12 11 10 15 32 41 30 31 27 33 19 11 11 9 12 13 11 9 43 17 54 20 15 18 17 51 101 99 78 66 58 59 63 62 56 54 52 57 64 67 66 70 70 75 80 85 80 85 87 89 94 100 97 99 101 99 109 106 104 101 101 101 101 101 101 101 101 101 101 103 110 127 141 156 157 167 172 167 173 182 180 186 177 190 190 195 
26 28 35 39 37 35 37 39 35 25 33 25 13 13 13 9 11 15 25 41 36 22 17 14 14 13 12 10 12 12 10 10 25 38 27 49 11 12 18 37 65 71 74 82 84 78 72 77 71 69 65 59 60 59 60 69 70 69 73 71 75 80 86 83 89 95 91 98 101 106 105 99 102 101 102 102 101 101 101 101 101 101 100 102 109 125 133 144 155 170 176 180 176 180 181 182 186 192 189 190 
26 30 33 34 35 35 36 37 34 33 37 21 15 14 12 15 16 17 27 41 40 27 12 12 14 13 13 13 13 12 9 10 15 43 13 54 22 14 18 53 80 87 89 80 61 51 45 46 49 45 45 47 49 53 55 63 63 70 69 67 74 73 73 77 87 94 93 94 101 99 102 100 101 101 103 102 101 101 101 101 101 101 100 104 106 117 133 150 154 167 167 169 174 179 180 183 186 189 190 183 
34 30 34 33 34 36 34 31 34 38 32 17 18 16 13 16 16 20 26 34 37 23 12 9 11 11 13 11 9 10 9 11 9 44 15 18 53 15 14 32 63 82 90 93 81 59 44 37 26 33 43 46 46 44 52 55 59 55 58 70 62 68 71 76 79 84 89 93 94 99 104 102 96 101 103 105 103 101 101 101 101 101 102 103 109 117 136 143 152 168 166 170 181 187 178 184 187 190 189 174 
54 32 37 31 33 32 36 36 30 29 17 15 17 14 13 14 17 19 21 24 27 16 12 10 12 11 10 10 10 10 10 9 11 19 39 12 24 48 13 13 38 69 86 92 89 78 61 38 25 23 28 38 40 45 44 49 53 52 58 61 63 62 65 65 61 56 79 82 88 92 96 94 91 101 102 102 107 102 101 101 101 102 102 104 110 117 132 143 151 164 168 178 177 176 177 189 184 184 191 187 
34 33 33 30 31 30 27 20 15 14 16 15 15 13 11 12 16 19 21 20 14 13 12 12 11 11 10 10 13 15 15 10 12 13 33 30 13 19 46 26 25 58 82 88 89 84 76 58 40 26 18 26 37 40 41 42 45 50 50 50 50 56 58 68 64 59 68 75 88 83 90 90 91 102 105 106 109 103 101 101 101 103 102 109 112 120 137 147 156 167 174 174 184 184 180 185 184 187 197 186 
38 30 33 30 23 16 14 14 13 14 13 13 12 13 13 14 19 19 19 15 12 11 11 13 12 9 10 10 14 13 15 14 12 13 12 35 31 8 12 31 41 53 73 81 82 72 51 33 26 19 18 18 19 26 38 42 49 47 46 48 49 49 62 62 65 66 67 75 80 90 92 93 93 101 100 108 109 108 106 104 103 107 110 114 119 128 138 148 155 169 172 178 185 189 186 188 190 193 191 187 
33 34 30 19 14 16 15 16 14 15 20 22 12 11 13 14 18 16 13 9 11 10 10 12 12 10 8 11 14 16 14 12 11 13 12 11 30 34 12 11 16 49 71 68 51 32 26 18 19 14 14 12 13 18 33 42 43 45 48 43 46 51 55 51 59 59 66 70 76 84 85 90 84 95 94 109 110 106 106 110 107 105 117 121 127 124 138 143 150 164 171 183 180 177 186 190 185 193 182 179 
36 31 19 15 16 18 17 17 19 26 41 29 22 13 12 13 11 11 12 14 13 12 10 10 11 13 12 12 15 16 17 17 15 13 11 11 11 16 28 21 18 24 21 20 20 16 13 16 13 9 11 13 14 13 23 31 35 41 40 42 45 49 49 52 57 55 58 67 73 76 86 90 96 100 98 105 109 109 113 102 105 106 115 114 116 118 121 160 161 169 174 178 180 183 184 183 184 181 182 179 
31 28 15 17 18 20 18 18 23 33 35 30 18 13 14 13 11 12 12 12 14 14 12 12 13 16 17 13 12 15 15 17 16 12 11 12 11 13 13 13 16 21 16 12 11 12 9 12 13 12 13 14 14 13 14 20 25 36 42 43 41 39 41 49 45 52 50 55 68 71 76 84 89 95 99 97 98 108 112 110 120 117 110 121 111 124 126 150 167 168 176 180 183 182 184 183 187 188 182 183 
33 33 19 16 23 21 20 19 20 17 19 17 13 13 16 14 12 15 16 14 14 13 15 11 13 20 26 19 19 14 21 17 15 14 12 12 12 10 11 10 10 10 11 7 8 9 10 13 14 14 12 11 13 13 13 14 20 29 36 38 37 39 39 40 43 44 47 45 52 66 74 72 74 84 89 97 97 99 110 97 108 117 107 122 123 99 119 161 172 175 176 177 180 180 178 179 187 190 181 185 
36 33 34 22 17 20 20 21 18 17 17 14 16 13 15 15 16 18 16 15 13 14 17 15 19 25 36 26 19 21 24 17 11 16 14 12 12 11 11 11 11 11 10 10 10 10 10 11 11 13 12 12 14 10 11 13 16 24 31 37 38 38 36 40 41 41 43 45 56 64 66 69 76 84 83 90 88 97 105 99 97 110 119 112 106 103 127 153 178 184 182 181 178 177 182 178 192 191 189 184 
48 43 42 33 24 18 16 19 18 17 17 14 15 14 24 22 20 16 13 13 14 12 17 20 26 27 33 24 23 27 26 18 16 16 14 11 9 8 10 11 11 13 15 10 10 11 12 12 12 13 13 13 13 13 15 13 14 15 22 28 31 34 33 39 43 38 38 45 48 48 56 57 62 65 81 84 76 86 97 101 102 97 104 113 118 117 118 134 169 174 180 176 180 183 177 183 189 183 188 187 
43 39 41 35 35 37 37 23 19 15 14 15 16 16 18 27 32 16 11 13 13 13 15 19 25 28 30 27 24 22 24 22 15 13 15 10 9 9 9 9 10 9 12 12 11 11 11 11 10 14 17 18 17 15 12 11 13 12 15 22 28 32 33 34 37 37 35 36 39 39 43 50 60 64 63 70 68 74 82 84 84 99 109 108 98 114 115 134 173 177 172 176 183 183 181 182 183 185 183 188 
41 43 45 39 39 41 44 41 40 40 37 33 24 22 19 15 14 11 13 15 17 16 21 20 27 33 31 27 25 23 20 21 17 15 15 12 10 9 9 10 10 11 10 11 13 12 11 12 13 14 14 16 14 12 11 10 12 13 13 16 25 27 24 31 34 34 32 36 37 38 44 55 59 62 55 59 63 70 65 81 69 74 97 83 96 113 106 136 170 166 175 180 182 172 183 183 188 191 186 188 
52 47 45 35 40 43 49 51 50 53 57 59 46 36 27 21 14 11 11 18 21 18 22 23 19 21 22 25 19 20 16 18 17 13 13 11 10 11 10 11 12 13 10 13 15 14 12 12 14 14 13 15 13 9 12 11 13 13 11 11 21 27 33 37 36 37 35 39 42 50 49 49 51 51 50 53 64 68 67 62 68 81 77 91 118 115 88 65 94 146 178 180 173 169 180 189 183 195 187 190 
48 45 43 38 40 45 49 48 46 47 51 48 53 49 46 41 24 17 16 20 26 21 18 16 12 13 14 14 12 14 17 17 16 15 13 10 10 12 10 10 11 13 10 12 11 12 10 12 13 13 10 9 11 13 11 10 9 12 11 11 12 17 28 39 39 40 35 35 38 41 39 43 47 44 51 50 52 73 58 53 56 72 80 73 85 66 58 35 34 81 168 176 182 183 179 177 183 185 190 191 
57 54 44 40 41 51 52 55 51 51 54 63 61 58 57 55 47 39 32 29 27 24 21 18 12 14 15 17 18 19 19 19 17 11 14 12 11 11 10 11 16 18 14 11 12 15 17 14 11 11 12 12 11 12 10 11 12 15 18 15 11 13 21 32 46 54 49 45 46 48 47 43 50 48 50 54 54 47 53 62 77 72 88 75 73 26 20 18 24 35 102 172 175 175 181 183 181 181 180 161 
49 49 50 43 40 48 52 59 56 56 59 58 62 64 61 65 61 45 34 31 32 34 30 31 23 22 24 26 26 25 24 20 16 15 14 14 13 13 13 16 20 24 18 14 14 14 18 17 12 12 13 10 11 11 11 11 13 16 15 15 12 15 17 23 30 36 37 35 36 39 48 46 47 49 47 45 50 47 52 61 72 67 71 75 37 18 19 17 24 29 61 92 48 50 64 68 86 109 128 123 
54 47 55 51 43 52 56 58 62 67 63 67 67 65 60 61 62 59 32 28 34 33 36 39 35 32 32 31 36 28 23 18 16 19 20 21 26 18 18 24 28 27 19 17 16 17 20 15 15 15 13 13 12 11 9 9 11 10 10 15 16 15 14 15 18 28 33 34 36 36 38 38 46 50 55 51 57 52 40 49 53 50 50 46 31 32 37 36 36 34 27 26 27 34 40 42 39 34 59 89 
45 49 53 53 53 56 53 57 57 52 56 66 70 72 78 78 75 68 44 34 43 43 43 44 42 42 42 39 33 31 28 22 20 24 28 23 30 25 27 33 33 32 26 24 21 21 23 21 18 21 20 18 12 10 11 11 13 11 11 13 15 18 17 16 16 17 19 26 30 28 24 26 32 40 37 38 42 47 42 40 37 35 35 32 27 29 36 30 30 25 20 15 15 20 32 39 35 28 36 89 
52 52 55 50 45 48 53 61 66 67 66 71 81 86 81 73 63 65 57 42 42 44 55 46 41 42 41 35 37 31 26 26 27 25 34 27 35 36 39 30 31 31 33 34 26 22 23 24 24 27 24 17 14 13 14 14 16 13 13 12 13 17 20 19 18 18 15 14 13 13 13 14 21 31 37 37 33 31 29 26 27 28 25 23 21 23 27 27 23 23 19 16 14 15 24 32 30 31 34 49 
53 47 55 43 40 49 57 60 62 75 73 75 73 72 68 69 74 72 68 52 51 48 48 43 33 29 29 26 27 29 29 29 30 30 32 32 41 43 41 35 23 28 25 26 23 23 25 27 32 28 28 22 17 14 12 13 11 11 12 11 11 14 19 22 24 22 20 18 19 22 27 34 35 29 22 23 27 25 23 24 26 24 20 19 20 17 18 16 18 21 21 16 15 18 23 26 29 32 29 33 
53 58 66 49 40 44 47 60 70 68 63 69 74 79 88 89 87 90 84 59 44 55 46 37 28 25 24 24 26 28 30 30 29 33 44 41 40 29 32 31 26 23 24 22 25 25 25 23 26 26 31 34 23 19 19 14 12 11 12 11 11 14 17 25 29 31 34 33 33 33 31 24 16 17 17 20 21 20 20 19 21 18 18 17 17 17 14 15 16 20 17 14 18 25 30 30 27 35 31 31 
61 62 69 60 57 58 61 61 65 72 80 86 80 75 81 78 85 86 80 64 43 58 51 40 34 40 36 32 32 29 27 33 35 37 46 38 34 24 25 21 21 19 21 20 21 21 26 25 23 28 32 34 26 20 19 16 17 16 15 13 11 13 15 18 23 22 23 23 20 17 17 15 16 17 15 16 15 16 17 17 19 18 19 17 15 16 17 21 21 24 21 16 20 29 36 31 34 36 27 30 
61 53 63 67 53 57 66 72 78 81 86 79 77 75 79 79 86 90 94 87 59 58 52 43 44 46 42 36 34 30 30 32 32 31 30 26 22 20 20 17 17 16 14 16 16 17 17 15 17 21 25 27 26 23 23 16 19 17 14 11 12 13 15 16 15 16 15 17 21 15 13 13 12 12 13 13 13 13 15 14 14 16 17 16 22 23 28 31 30 32 34 28 27 35 37 36 34 34 35 35 
65 58 74 79 82 83 89 102 109 118 112 96 100 100 108 108 111 121 129 109 101 69 53 51 43 42 37 37 35 32 33 34 29 24 22 22 22 18 17 17 16 14 13 14 15 15 15 14 16 15 19 19 21 21 20 20 21 17 15 14 11 11 12 13 14 16 16 17 20 16 13 15 13 14 13 11 13 14 16 16 14 14 18 22 30 34 34 28 26 26 31 37 37 34 33 35 39 49 66 92 
71 70 74 98 136 134 127 137 139 136 131 122 124 111 100 82 66 67 110 43 38 55 53 52 50 48 49 46 38 38 40 34 25 25 25 24 23 20 18 15 14 14 14 13 12 13 14 13 11 14 13 15 19 21 20 20 22 20 18 16 14 14 14 11 14 15 14 15 20 15 13 13 12 13 12 13 14 14 16 17 15 15 23 28 30 31 32 30 38 47 38 44 48 36 35 43 55 94 132 158 
74 70 74 93 136 144 144 141 136 130 120 114 106 97 78 58 48 54 104 34 32 38 54 59 56 55 56 50 41 44 44 35 27 26 25 22 19 18 14 13 11 12 14 13 13 13 12 14 13 13 14 14 14 17 17 16 17 19 21 20 16 12 13 11 10 11 11 10 12 12 10 10 9 10 10 13 13 14 15 17 16 18 29 33 35 37 36 41 49 49 38 37 40 35 35 54 92 151 176 185 
73 74 79 94 123 146 143 140 135 124 115 111 101 85 63 54 42 48 99 37 31 33 52 65 56 58 53 46 45 45 39 29 26 26 21 20 18 19 16 15 12 13 13 13 14 13 10 12 15 18 18 16 16 18 17 17 17 17 19 15 13 12 10 8 9 12 13 11 12 12 10 10 10 11 11 11 13 15 14 16 22 37 41 45 40 41 45 38 44 44 41 36 42 42 59 95 128 176 188 189 
67 70 83 97 133 147 140 136 131 117 109 103 90 71 58 48 35 38 98 38 38 39 48 66 54 57 59 53 50 47 36 29 26 26 23 21 21 21 20 17 13 14 14 16 15 15 13 14 16 19 16 14 16 17 19 17 18 15 15 13 11 11 11 11 9 11 11 11 11 12 11 11 12 12 12 12 13 15 20 28 44 53 39 39 40 41 42 35 37 40 44 37 43 56 97 132 166 184 184 186 
72 69 80 94 118 143 141 131 124 111 102 91 74 63 54 43 20 38 93 39 41 43 47 65 56 53 54 52 50 44 41 32 35 28 26 27 21 20 24 24 21 18 20 19 18 18 17 14 16 16 14 13 13 18 19 19 18 14 13 12 10 9 11 10 10 12 10 11 12 10 11 11 12 11 11 14 16 25 45 47 47 49 51 46 41 36 35 44 42 34 37 41 55 81 121 153 174 156 180 190 
71 61 77 91 119 143 140 128 116 104 95 80 67 58 47 25 19 40 97 41 42 38 43 58 60 53 42 42 43 37 37 32 34 30 30 36 27 29 25 23 22 17 15 18 18 15 13 12 14 15 14 16 14 14 15 14 15 14 12 12 10 11 13 13 14 12 12 12 15 16 14 15 14 13 15 19 36 55 51 52 46 46 46 45 42 45 34 40 42 38 38 44 71 105 135 157 168 172 178 177 
110 84 84 86 133 144 134 120 107 94 81 71 63 54 29 17 19 37 93 40 44 42 47 54 50 47 39 26 28 30 29 32 35 33 32 35 29 28 25 23 17 13 13 14 14 14 11 11 12 12 12 10 9 12 13 12 15 14 12 13 16 14 13 13 10 11 14 15 13 15 16 14 13 16 19 38 45 50 46 50 47 44 47 37 35 45 39 37 42 39 39 56 96 105 132 157 153 172 177 174 
86 91 105 123 142 139 128 111 99 84 72 65 58 38 20 18 20 36 82 38 42 41 51 47 43 36 29 23 21 21 20 25 26 25 27 26 21 22 15 13 13 11 9 10 11 12 12 10 9 8 9 8 8 8 10 10 11 10 8 12 14 13 13 14 15 15 15 18 15 12 15 18 19 24 27 36 37 32 34 36 37 36 40 35 38 42 41 36 46 44 48 53 74 104 125 137 135 149 167 168 
98 107 140 146 140 130 114 102 93 77 66 60 48 25 19 17 17 35 83 44 45 40 47 48 37 26 25 26 24 19 21 23 22 21 18 18 17 16 13 12 12 11 10 10 11 11 11 11 12 10 12 12 11 11 11 11 11 11 11 12 12 13 13 13 15 16 15 20 21 21 19 20 33 34 34 33 29 28 30 33 33 33 29 28 35 36 36 43 50 34 29 42 68 99 108 110 124 138 141 120 
123 143 147 145 132 120 108 96 85 72 62 50 26 22 18 17 18 32 79 41 44 44 48 47 26 22 21 22 22 19 22 23 24 25 17 18 16 14 11 11 12 11 11 10 11 11 11 12 13 12 14 15 11 10 11 9 11 15 26 16 13 13 14 12 12 13 16 19 23 21 23 29 34 32 31 28 25 24 32 35 33 29 26 25 25 27 29 33 32 30 22 32 47 71 84 84 103 103 74 43 
156 150 147 145 128 114 103 92 81 67 54 28 21 16 15 13 16 29 65 43 47 41 46 48 23 18 15 17 19 15 18 21 19 17 16 15 14 13 11 11 11 11 11 10 11 10 9 10 10 11 13 13 12 10 10 10 11 12 16 15 12 14 14 12 11 13 17 17 19 18 19 25 26 26 23 24 27 28 29 28 29 31 31 26 28 25 23 24 24 26 29 30 35 51 57 60 61 53 33 24 
154 151 145 134 117 108 99 85 76 56 31 24 20 17 14 13 13 21 55 43 45 43 46 51 26 17 13 18 17 17 17 18 16 14 15 14 15 13 13 12 11 13 12 11 11 11 10 11 11 11 12 12 13 13 12 13 14 11 11 14 14 14 12 12 11 13 17 18 18 17 20 22 20 23 23 25 26 30 29 33 34 32 31 30 30 26 21 19 19 20 21 25 29 35 39 43 43 33 17 17 
152 149 139 122 106 99 90 80 68 35 23 18 17 15 12 12 12 17 50 44 46 45 51 95 30 17 13 15 17 19 22 16 12 13 13 13 12 12 12 12 12 10 12 11 10 9 12 10 12 12 13 13 11 11 11 11 13 12 11 13 13 13 13 12 13 12 15 17 16 17 17 17 16 17 21 23 26 32 32 33 31 32 33 36 30 21 18 16 15 14 15 16 18 19 24 28 26 20 12 15 
150 142 131 114 103 96 85 74 46 23 19 25 19 15 15 13 14 16 47 44 48 46 51 108 41 22 14 12 15 19 19 14 12 13 15 12 10 11 12 11 10 11 12 11 11 10 9 10 13 13 13 12 12 10 13 11 12 12 11 12 13 13 10 11 14 13 14 15 16 14 15 17 18 20 28 32 26 26 28 27 27 32 32 29 26 24 20 17 16 19 17 17 16 16 19 21 17 13 13 14 
147 136 123 110 102 94 85 54 26 23 26 29 23 20 21 20 19 21 38 41 46 40 46 83 74 31 18 13 12 15 16 14 11 13 11 11 10 10 10 11 11 12 13 12 11 10 11 11 11 12 13 11 10 9 11 10 12 12 13 12 11 12 11 14 14 12 13 15 15 14 17 18 21 25 26 23 22 25 29 36 36 31 29 27 26 22 17 16 18 18 20 19 21 20 17 17 14 12 14 14 
141 131 118 108 100 89 67 32 30 34 28 27 25 26 25 23 20 21 34 40 43 41 43 80 109 38 20 15 13 13 14 15 12 12 13 11 11 11 11 12 12 12 13 12 12 10 11 12 12 12 12 12 11 11 11 11 11 10 11 14 10 11 12 16 15 11 12 15 16 16 18 19 16 20 20 20 23 30 32 35 33 32 33 28 24 20 18 20 25 22 19 19 19 17 14 14 12 11 14 14 
135 126 115 107 100 81 34 29 29 29 25 27 23 26 24 22 20 20 36 41 42 42 64 152 143 55 23 17 13 12 15 15 11 12 14 11 11 11 12 11 12 11 12 12 11 10 12 12 11 13 8 10 11 11 10 11 9 14 13 13 10 11 11 16 13 11 12 15 14 18 20 21 19 22 24 20 25 36 31 31 30 31 31 27 26 19 16 21 23 22 23 25 19 13 11 12 13 11 13 13 
130 120 113 105 93 44 28 28 29 25 25 27 20 23 24 25 20 20 35 38 40 41 111 157 141 77 27 17 14 14 15 14 14 13 13 11 8 11 12 14 14 12 15 13 13 12 10 11 12 12 11 13 13 13 11 12 11 12 12 13 11 10 12 14 13 13 15 14 15 17 19 23 23 25 26 27 30 33 32 35 35 30 26 22 20 18 18 19 22 20 22 25 20 16 12 14 13 12 14 14 
128 122 112 102 57 29 28 27 28 25 26 31 38 31 22 19 20 19 33 38 38 37 90 161 144 104 39 19 17 14 13 15 14 15 12 11 11 13 16 16 15 13 14 12 11 17 12 12 13 13 14 15 18 15 10 12 12 12 13 10 12 11 12 13 15 14 16 14 16 17 20 21 19 18 23 21 28 35 30 30 31 29 27 27 21 17 17 14 16 19 22 22 21 20 15 14 13 12 13 12 
125 116 107 72 33 30 28 26 27 26 27 30 33 35 21 18 20 19 29 34 33 30 69 158 149 129 61 22 17 15 14 14 13 15 15 15 14 14 14 16 15 14 14 14 12 16 13 14 13 15 15 15 15 14 13 13 14 11 10 8 10 10 12 12 13 14 16 15 16 16 17 16 22 27 27 26 33 35 35 32 30 29 30 25 23 15 14 16 17 18 20 22 22 20 19 16 13 12 12 12 
122 111 82 36 31 32 31 29 28 28 28 31 34 31 25 23 19 17 28 35 34 37 88 163 155 170 87 28 20 17 15 14 12 13 15 18 18 17 14 16 14 16 16 17 17 15 15 19 18 19 16 15 16 15 14 12 12 15 14 12 11 11 12 13 15 16 15 15 16 15 17 22 22 24 24 27 31 31 32 29 29 26 33 32 28 18 15 15 17 19 19 19 23 19 20 15 13 12 9 9 
119 98 41 34 34 32 30 31 30 29 30 29 32 31 31 24 21 21 32 36 38 42 94 173 183 192 155 40 23 18 16 12 12 14 16 16 14 18 16 14 12 16 18 17 19 14 16 19 18 15 15 13 14 16 17 13 13 15 14 12 10 10 11 12 16 18 16 14 13 15 20 21 23 24 23 27 32 35 33 30 26 23 24 25 24 22 19 15 15 17 22 21 21 19 17 17 15 12 10 10 
106 49 31 34 35 34 35 33 34 32 34 33 31 30 27 25 25 27 68 43 42 43 77 170 188 195 185 67 25 21 17 15 13 14 14 14 13 16 17 12 17 20 23 20 19 20 25 20 20 17 15 15 15 18 19 17 15 16 15 13 10 10 11 11 12 13 14 13 12 15 19 22 23 20 21 25 31 33 32 31 23 21 22 27 28 23 18 18 17 15 16 17 19 18 17 14 13 13 13 11 
55 35 34 34 33 58 65 58 53 50 48 53 69 73 80 83 87 79 95 51 50 52 58 157 195 208 201 117 31 22 18 18 15 17 18 15 17 20 19 18 22 20 29 26 21 31 27 21 22 21 17 18 16 19 20 19 16 16 15 13 12 11 12 11 11 13 14 15 16 12 18 26 25 24 28 29 30 26 32 31 24 21 22 24 27 27 27 21 19 20 18 18 19 21 17 16 12 11 11 11 
35 34 34 37 38 96 109 96 76 73 79 84 107 85 129 133 135 136 87 64 73 74 75 129 195 208 209 177 70 30 20 17 16 17 18 20 21 23 21 20 23 24 25 25 24 30 31 23 24 20 20 24 23 20 20 19 14 14 14 15 14 14 12 13 14 15 14 13 14 12 18 25 30 28 28 28 29 31 31 28 23 23 19 15 19 27 30 25 20 22 23 19 20 17 15 14 16 14 13 12 
36 35 35 40 42 100 123 105 106 119 111 99 115 137 137 137 139 138 79 35 37 39 41 83 199 204 209 204 138 50 28 19 17 17 19 25 23 23 25 19 22 26 25 27 36 24 27 25 25 24 23 22 22 19 20 20 19 15 15 14 13 14 16 12 14 15 14 14 14 15 19 23 26 25 31 29 28 28 30 27 24 19 20 20 21 22 24 25 23 26 24 19 18 16 17 15 15 14 12 12 
34 33 34 39 41 106 130 114 104 135 127 116 121 139 142 145 143 144 81 40 39 41 44 58 206 205 207 202 186 95 43 27 23 21 20 23 23 20 25 25 23 28 25 26 36 26 20 23 28 26 20 23 24 22 21 25 24 19 21 18 15 13 14 15 14 12 16 16 13 16 25 28 28 30 33 31 33 31 27 23 24 18 18 18 20 21 23 23 26 30 31 23 18 20 18 15 16 13 11 11 
37 37 37 39 44 109 133 118 101 135 129 117 127 147 147 144 147 149 86 39 39 41 45 54 203 201 212 193 203 141 67 39 30 26 24 20 18 20 24 26 28 25 29 27 27 28 23 27 30 27 23 22 23 29 31 26 25 21 22 19 16 16 12 16 15 14 15 16 19 21 30 31 31 33 37 34 36 32 29 21 20 18 19 18 17 18 21 20 22 28 30 24 19 22 21 17 16 16 16 13 
35 37 37 37 45 109 128 106 113 135 129 117 136 154 150 151 153 150 82 39 40 40 43 53 188 199 207 199 194 155 89 55 36 30 25 23 21 22 25 26 28 26 29 27 27 29 33 34 30 24 28 28 34 34 39 32 29 21 21 17 15 17 17 17 18 17 16 19 23 26 26 31 25 32 33 32 35 33 31 26 21 17 15 15 16 15 17 22 25 25 28 25 21 24 24 25 18 17 15 13 
39 38 39 41 47 112 117 97 108 124 121 107 134 157 152 153 156 149 85 39 43 41 43 50 190 203 210 201 200 152 103 73 44 31 25 25 25 28 32 28 35 35 31 35 34 35 37 39 32 33 34 33 37 37 38 35 31 26 26 24 19 19 20 21 22 20 19 20 21 28 31 32 27 30 30 31 30 32 31 27 23 19 14 14 14 15 16 19 26 28 30 25 26 27 20 21 22 20 16 14 
42 40 42 42 47 102 97 81 76 72 73 75 113 130 125 126 118 109 69 41 43 45 45 79 200 201 210 194 203 147 98 82 47 46 34 24 27 29 31 32 35 41 39 39 39 33 43 39 37 42 36 36 35 32 29 28 23 25 29 26 24 21 24 27 23 22 19 19 21 27 30 34 35 32 30 32 30 24 30 30 24 19 17 14 15 15 13 16 23 33 30 27 26 25 21 19 22 19 15 16 
42 42 40 40 42 40 38 41 39 39 40 38 40 38 39 39 38 35 39 42 45 46 45 121 193 196 210 196 207 114 101 54 39 50 46 34 31 31 35 35 35 37 38 33 32 30 35 44 45 38 40 36 36 31 33 33 29 30 34 36 36 31 33 35 32 26 25 27 33 35 35 33 34 37 34 28 26 25 23 24 27 21 19 15 13 14 13 16 24 35 36 36 29 24 20 22 23 20 19 17 
54 55 57 55 53 57 57 61 59 61 61 61 65 66 70 70 72 73 69 48 43 45 48 91 203 199 202 197 194 140 117 68 28 57 57 49 42 37 43 38 35 32 36 41 34 35 38 47 45 43 40 35 42 38 34 34 36 39 42 41 42 43 40 36 35 33 34 32 37 45 41 42 37 36 35 25 21 22 21 22 22 20 21 17 16 15 13 16 20 33 37 30 30 23 18 23 28 24 22 19 
115 117 120 123 126 130 127 132 134 135 135 132 138 145 147 142 145 145 99 44 40 43 48 56 192 200 197 193 188 156 120 105 33 60 95 81 54 42 38 38 35 36 32 36 35 37 42 41 52 46 45 41 41 46 38 34 34 43 47 42 46 44 45 45 38 37 38 30 33 45 42 38 41 40 33 27 20 17 16 16 19 22 19 14 14 12 14 13 20 34 34 31 29 27 24 19 25 23 21 19 
152 153 155 160 160 153 154 162 161 157 143 146 152 138 92 83 118 155 102 44 42 47 65 97 181 203 192 190 183 127 119 133 67 56 92 184 87 48 40 35 34 34 35 38 36 37 40 41 48 52 45 41 45 49 43 43 33 38 44 43 46 45 43 50 46 45 45 46 38 41 39 38 40 44 35 23 21 18 16 14 15 18 17 16 14 13 17 16 23 36 33 29 28 26 22 23 22 20 19 19 
156 157 155 158 162 153 160 162 162 148 133 145 136 74 73 82 117 162 105 44 43 84 52 107 177 203 189 197 161 93 130 139 141 71 105 205 196 102 49 42 41 38 36 34 40 34 42 39 42 49 48 46 43 45 44 41 34 33 35 39 42 44 44 45 43 47 47 44 37 38 43 40 37 35 30 21 20 17 14 14 14 14 14 14 12 13 15 16 24 34 29 30 30 30 25 23 22 21 16 16 
155 154 150 159 161 156 161 161 159 151 121 96 80 75 70 86 120 166 111 48 49 105 62 121 184 178 188 207 156 68 141 105 113 117 95 210 222 215 142 52 48 54 45 41 41 38 39 42 44 44 46 46 46 42 43 39 43 31 37 36 40 42 41 43 44 42 44 48 47 42 34 37 35 27 23 19 19 16 15 15 15 15 13 12 12 14 14 13 20 33 27 26 28 29 27 27 23 22 20 20 
150 144 153 161 156 143 130 111 91 89 90 106 105 94 72 73 122 168 117 47 50 89 57 115 163 147 195 206 119 55 124 120 87 95 110 220 222 226 229 161 70 60 58 54 51 46 45 48 41 45 50 42 50 51 44 34 37 37 34 38 34 33 34 34 41 42 41 46 43 42 47 36 33 27 19 18 17 15 14 13 12 13 14 12 14 13 15 14 18 31 31 27 34 30 23 22 21 20 18 17 
144 146 148 106 88 88 92 104 111 107 113 116 112 94 92 82 125 170 117 49 47 151 67 105 149 142 169 190 136 37 137 212 130 91 180 225 225 227 231 233 191 94 62 60 52 55 50 58 44 41 46 46 44 46 41 39 29 36 36 38 30 30 33 38 36 47 42 39 40 46 44 42 34 26 24 19 18 17 14 14 13 13 14 18 15 13 11 13 16 23 30 27 26 26 22 22 21 18 16 18 
144 159 152 100 90 110 118 112 120 122 124 107 90 97 107 108 123 165 121 53 63 186 74 99 120 128 147 180 136 74 189 186 141 178 219 221 226 224 228 233 234 224 159 62 58 52 59 53 48 44 45 44 41 43 39 32 33 34 35 34 31 28 25 30 31 40 44 39 40 42 45 41 34 27 22 20 19 20 17 13 16 16 17 19 18 16 11 14 14 17 21 26 21 21 22 21 20 21 23 34 
149 162 157 101 94 96 102 107 111 124 129 102 95 102 103 92 139 172 132 56 90 228 90 97 127 119 193 191 123 90 152 100 164 216 220 222 223 224 230 233 231 240 236 180 126 74 64 61 51 48 45 39 39 42 38 38 30 34 34 33 30 28 23 22 31 37 37 30 38 40 36 29 27 22 24 22 20 18 14 12 13 14 17 20 20 19 17 16 13 15 14 18 19 21 23 27 20 26 42 74 
156 161 148 108 106 95 96 111 110 133 116 98 83 72 71 79 138 172 134 63 120 241 129 102 128 108 182 176 121 79 162 149 214 220 220 221 223 225 229 233 232 239 235 237 239 191 130 82 64 53 50 47 43 40 36 34 32 33 36 39 31 25 22 25 30 29 30 30 36 37 36 31 26 22 22 19 18 14 14 15 14 13 16 20 20 19 19 19 20 16 13 13 15 16 17 18 21 51 121 155 
158 158 149 159 155 142 118 100 98 87 60 50 45 44 46 45 51 62 73 56 146 239 173 93 117 84 95 145 173 147 201 194 218 218 219 219 221 225 226 233 232 236 235 242 243 240 241 218 164 136 63 50 54 50 39 33 31 33 35 38 34 29 28 30 28 23 22 21 28 33 32 27 26 25 19 16 15 15 16 15 16 17 17 21 20 19 17 17 18 15 14 17 16 14 16 16 23 82 163 183 
136 96 91 143 153 122 103 66 49 47 46 50 45 46 44 48 49 50 51 57 128 211 154 89 104 72 106 161 178 154 201 211 216 216 216 220 222 226 230 233 231 237 238 243 243 240 245 248 249 248 217 147 151 122 58 40 37 34 35 34 30 27 27 29 28 24 24 23 23 27 29 27 22 24 22 17 14 17 15 16 17 17 19 20 19 17 16 15 16 15 14 14 16 16 17 17 26 126 170 177 
112 123 104 88 84 90 57 50 50 48 45 45 41 39 39 41 40 45 48 53 63 89 128 82 95 67 112 172 164 159 208 215 216 217 213 218 221 225 228 230 231 238 234 241 239 244 246 250 253 252 250 234 224 227 202 132 107 78 64 45 45 32 28 26 25 24 24 22 22 22 23 23 21 21 22 19 18 16 18 20 19 18 21 21 20 21 17 17 19 17 18 18 16 17 17 18 50 169 173 182 
128 133 129 98 111 67 53 53 50 49 45 43 39 37 36 37 34 33 40 45 49 61 71 70 83 60 83 128 163 154 212 216 217 214 215 222 222 223 227 229 233 238 239 238 239 246 248 249 253 253 251 241 226 228 226 225 212 218 206 196 179 148 106 60 88 67 58 52 36 29 29 26 23 24 26 25 21 26 28 22 19 19 21 21 21 20 18 18 18 16 16 17 15 18 18 18 62 163 175 177 
136 137 142 146 89 66 55 53 49 45 44 41 40 37 36 35 34 34 35 36 38 48 51 62 65 55 74 122 155 164 205 219 217 215 220 220 221 225 225 227 233 235 236 239 244 244 248 251 251 251 252 242 225 224 229 229 225 224 221 219 212 216 219 205 197 208 204 210 201 185 171 177 159 148 157 152 166 189 207 185 98 32 23 21 21 21 20 19 18 16 14 14 15 17 17 22 85 169 180 176 
99 102 99 100 88 68 56 51 47 43 44 40 39 38 39 36 36 33 30 31 32 34 37 41 44 53 74 112 153 161 207 221 215 214 220 220 219 225 224 230 231 236 236 239 240 245 245 247 250 249 251 239 226 223 226 228 225 222 229 228 220 213 209 215 214 209 209 206 214 218 209 206 209 206 201 197 192 196 213 221 207 179 88 23 19 16 15 14 15 16 16 13 13 14 20 39 136 181 180 179 
55 53 56 103 96 59 51 51 48 45 43 42 40 39 38 36 33 33 32 31 29 27 26 32 36 50 69 99 145 154 195 220 217 216 220 220 221 225 228 230 232 236 233 236 240 244 247 247 251 250 250 234 216 223 223 226 218 219 220 219 220 213 209 209 208 204 208 200 202 199 198 199 196 199 199 204 200 195 196 199 202 200 193 136 21 17 15 14 14 15 15 16 14 15 23 71 148 177 172 174 
41 45 58 124 81 59 53 50 49 45 41 40 39 36 36 31 29 28 30 33 32 26 24 28 33 48 68 90 143 146 189 223 217 217 217 217 221 223 227 225 229 234 234 237 238 243 247 251 247 240 235 233 218 224 224 224 224 222 212 204 177 188 185 182 182 181 190 193 188 182 179 170 165 161 178 181 181 186 189 188 179 200 196 200 85 15 14 15 15 14 14 13 15 16 22 74 154 172 164 162 
152 155 163 122 74 63 56 50 46 43 42 38 37 37 33 32 32 28 27 29 28 25 24 24 28 45 62 84 142 141 181 220 215 216 219 221 221 225 224 224 225 227 228 237 240 244 245 251 241 219 196 229 215 204 204 210 212 213 212 201 169 163 169 178 179 179 181 183 191 186 179 168 158 142 156 159 164 158 167 162 152 198 191 188 164 28 15 14 15 11 13 12 14 16 19 78 153 163 158 152 
170 167 173 113 80 65 51 50 45 45 41 38 37 38 31 33 31 29 29 26 24 24 22 21 23 41 57 83 136 148 183 219 216 215 218 219 219 223 225 222 226 226 231 233 241 241 247 243 236 218 187 180 210 213 202 181 188 201 190 192 185 171 158 150 144 145 145 135 137 143 145 139 135 139 132 129 128 125 126 122 122 191 188 188 190 82 15 16 14 13 14 14 14 14 18 57 126 134 154 148 
166 165 158 115 75 54 49 48 47 44 42 39 40 36 33 32 34 34 27 26 25 24 22 19 19 37 58 88 134 156 186 222 214 213 216 218 216 221 224 219 223 230 232 234 237 240 236 228 208 194 184 176 183 191 189 188 181 168 163 152 154 152 147 143 141 139 132 127 126 127 122 126 120 119 117 120 118 116 113 112 111 168 189 195 185 134 19 17 17 15 14 13 13 11 12 30 67 113 141 117 
87 78 87 117 65 55 50 48 49 45 42 40 41 36 34 34 30 29 29 31 28 25 23 20 17 33 51 82 136 159 154 221 215 213 216 216 217 221 223 220 225 229 230 235 233 230 215 199 189 182 183 182 181 182 174 164 159 158 154 149 142 146 136 131 130 130 127 123 120 120 120 120 118 118 113 115 108 108 106 107 107 107 185 178 178 148 50 15 14 14 13 14 14 11 9 14 22 35 46 48 
64 68 101 102 64 54 49 47 48 46 41 36 35 36 36 33 29 27 32 29 29 26 24 22 19 32 54 81 136 163 133 220 216 214 214 211 212 217 220 220 223 228 228 233 225 210 195 185 186 185 179 176 178 174 158 147 146 137 131 132 133 137 130 127 127 123 121 116 116 115 113 111 110 108 105 106 103 103 100 95 96 93 138 183 189 158 75 24 15 14 13 14 14 10 13 17 16 16 22 33 
163 167 168 90 68 55 47 44 44 40 39 39 38 37 36 36 33 33 32 27 25 27 25 21 18 29 53 85 127 147 124 220 217 216 214 215 214 220 221 218 220 227 227 221 208 193 186 182 185 184 184 180 177 152 139 139 136 129 126 126 123 121 120 118 118 114 112 111 111 111 109 105 101 103 102 103 97 94 92 93 93 90 85 162 177 161 91 32 14 13 13 12 14 11 11 15 15 13 17 21 
153 158 145 91 76 54 47 45 42 42 42 41 44 42 42 41 40 38 35 30 26 24 24 23 18 26 53 80 130 142 107 222 214 214 210 214 212 216 217 217 217 221 216 203 190 185 183 183 184 184 181 166 145 133 127 127 124 121 121 119 115 115 114 112 111 111 108 106 103 105 105 98 97 98 94 91 90 87 82 86 84 82 83 83 104 111 116 53 18 13 12 14 13 13 11 13 15 16 16 15 
140 144 134 97 65 50 46 45 42 42 45 47 50 47 46 47 44 41 40 37 31 28 24 25 20 24 49 77 137 143 109 217 213 212 210 213 213 214 217 218 217 208 196 186 184 184 184 185 184 182 165 136 126 123 120 119 113 113 112 110 112 109 106 107 107 104 102 101 100 97 97 94 93 93 90 86 85 85 82 81 80 77 76 74 70 67 66 52 27 16 15 15 16 14 15 14 17 19 17 15 
138 142 135 86 58 50 47 42 44 46 46 47 48 46 44 49 48 46 43 42 38 33 29 25 20 22 46 84 138 154 114 215 212 208 211 214 209 215 215 216 206 193 187 184 185 182 179 179 172 158 140 123 119 115 115 113 113 104 107 108 105 105 104 105 103 94 93 95 94 94 91 89 85 86 81 77 79 79 74 72 75 68 64 65 63 60 61 57 40 24 14 16 15 14 14 14 14 16 15 14 
134 137 136 73 56 45 45 47 46 46 46 47 46 45 43 48 45 41 41 44 41 38 33 30 23 22 46 85 151 175 103 207 207 209 210 209 211 213 211 202 190 181 181 180 182 179 180 164 141 125 122 118 116 109 108 105 106 103 100 100 101 99 95 97 91 90 89 93 86 86 83 82 78 76 74 70 69 70 73 68 63 59 58 56 56 54 57 51 50 39 23 15 14 12 15 13 11 13 15 15 
