12 12 12 12 12 12 12 12 12 12 12 12 12 12 12 12 12 12 12 12 12 12 12 12 12 12 12 12 12 12 12 12 12 12 12 12 12 12 12 12 12 12 12 12 12 12 12 12 12 12 12 12 12 12 12 12 12 12 12 12 12 12 12 12 12 12 12 12 12 12 12 12 12 12 12 12 12 12 12 12 12 12 12 12 12 12 12 12 12 12 12 12 12 12 12 12 12 12 12 12 
12 12 12 12 12 12 12 12 12 12 12 12 12 12 12 12 12 12 12 12 12 12 12 12 12 12 12 12 12 12 12 12 12 12 12 12 12 12 12 12 12 12 12 12 12 12 12 12 12 12 12 12 12 12 12 12 12 12 12 12 12 12 12 12 12 12 12 12 12 12 12 12 12 12 12 12 12 12 12 12 12 12 12 12 12 12 12 12 12 12 12 12 12 12 12 12 12 12 12 12 
12 12 12 12 12 12 12 12 12 12 12 12 12 12 12 12 12 12 12 12 12 12 12 12 12 12 12 12 12 12 12 12 12 12 12 12 12 12 12 12 12 12 12 12 12 12 12 12 12 12 12 12 12 12 12 12 12 12 12 12 12 12 12 12 12 12 12 12 12 12 12 12 12 12 12 12 12 12 12 12 12 12 12 12 12 12 12 12 12 12 12 12 12 12 12 12 12 12 12 12 
12 12 12 12 12 12 12 12 12 12 12 12 12 12 12 12 12 12 12 12 12 12 12 12 12 12 12 12 12 12 12 12 12 12 12 12 12 12 12 12 12 12 12 12 12 12 12 12 12 12 12 12 12 12 12 12 12 12 12 12 12 12 12 12 12 12 12 12 12 12 12 12 12 12 12 12 12 12 12 12 12 12 12 12 12 12 12 12 12 12 12 12 12 12 12 12 12 12 12 12 
12 13 11 12 12 12 13 11 12 13 11 13 12 14 12 12 13 13 12 13 13 13 12 14 14 12 13 13 13 12 12 12 12 14 14 13 13 12 12 12 13 13 13 13 14 13 12 12 13 14 13 13 13 13 13 14 14 14 14 13 13 12 11 11 12 12 12 11 11 12 13 13 13 13 13 13 12 13 13 13 13 13 13 13 13 13 13 13 13 12 12 12 12 12 12 12 12 12 12 12 
33 37 39 40 41 35 26 24 25 26 26 32 43 48 29 14 14 12 11 11 13 11 15 17 14 13 12 17 13 12 12 12 14 15 14 12 12 12 12 12 12 12 10 11 14 14 12 13 15 16 16 14 14 14 14 12 12 12 11 11 11 11 12 13 13 14 14 13 13 13 13 13 13 13 13 13 12 12 13 13 13 13 13 13 13 13 13 13 13 13 13 13 13 13 13 13 13 12 12 13 
28 29 27 25 27 25 25 27 29 28 35 48 33 28 33 37 37 37 39 43 47 55 67 62 42 38 35 36 58 121 134 124 103 87 84 86 88 87 91 94 90 91 79 55 41 40 41 44 44 44 43 40 36 27 24 31 37 36 29 17 15 14 13 14 17 19 17 13 12 11 11 12 11 11 12 11 12 12 12 11 12 12 11 11 11 12 11 13 12 12 12 13 12 12 12 12 12 12 12 12 
26 30 26 30 27 29 25 28 27 27 33 51 29 24 25 27 30 28 26 26 23 25 30 29 27 24 22 28 89 151 166 174 168 168 164 172 178 169 165 178 169 178 184 180 184 191 191 191 191 191 193 193 192 178 176 184 191 196 195 178 182 183 175 173 173 177 172 155 144 165 175 178 186 188 183 181 177 174 169 166 171 177 177 181 169 163 158 169 181 185 174 178 165 156 141 154 174 177 159 129 
22 26 21 25 23 23 23 23 24 26 31 41 25 23 23 25 25 24 23 25 22 23 26 25 24 22 21 30 97 150 161 174 180 184 183 185 187 186 171 179 181 198 201 191 191 194 194 194 195 195 197 198 197 197 197 201 198 204 211 208 209 209 194 175 168 169 171 181 198 200 198 205 208 212 207 205 207 207 206 192 192 199 201 206 204 209 200 197 203 209 211 216 211 205 203 202 205 205 198 189 
23 27 23 23 24 23 24 22 21 24 27 24 18 20 18 19 20 20 21 24 25 24 26 24 22 20 20 25 62 135 139 155 176 185 183 186 184 176 170 179 186 201 208 199 199 198 201 202 208 206 203 201 203 206 203 204 201 207 204 194 171 160 168 191 207 208 212 212 214 215 205 202 210 209 211 206 210 214 210 204 206 205 202 204 204 205 207 210 211 214 212 215 220 214 206 204 214 224 210 207 
22 27 25 24 23 23 22 20 21 22 23 20 17 18 17 18 20 19 19 19 19 19 21 20 20 19 21 31 106 157 146 135 156 189 198 200 196 189 180 170 183 197 201 196 195 194 195 197 199 196 201 203 202 205 203 193 179 151 145 155 177 195 185 178 189 198 205 206 207 203 202 202 203 205 205 204 207 205 203 203 201 202 205 205 208 210 213 216 216 219 217 216 218 210 206 213 224 224 225 223 
23 26 24 24 22 24 22 19 21 21 21 20 17 17 17 18 20 18 19 19 19 20 22 21 22 21 19 51 148 158 158 146 143 168 191 199 198 200 197 169 163 186 191 190 192 191 192 198 202 199 202 197 193 168 149 147 158 173 178 181 189 197 197 201 200 205 205 204 205 203 204 205 203 202 203 204 204 205 206 207 206 204 205 207 208 208 209 212 213 214 212 211 211 201 203 216 222 222 221 212 
20 24 25 26 23 23 22 22 23 23 23 22 20 18 18 19 20 19 20 20 19 20 22 20 22 20 24 103 162 165 157 159 160 150 175 196 199 197 204 191 165 176 189 191 193 188 193 193 184 170 151 139 152 175 201 197 190 189 200 202 204 205 206 203 202 208 208 206 204 203 203 204 204 203 204 208 214 216 220 220 216 222 218 218 222 219 214 217 219 217 212 210 207 208 212 208 215 211 204 200 
18 22 23 22 23 25 34 19 19 20 20 20 18 16 18 19 19 20 19 19 19 20 22 21 24 18 44 159 167 160 156 166 174 145 152 183 194 194 196 187 167 182 193 189 193 176 172 153 148 162 171 163 179 172 179 177 181 186 215 207 208 204 202 202 204 206 206 205 203 206 209 210 212 213 216 218 215 221 224 221 225 226 222 216 218 225 226 226 223 222 223 224 224 217 213 217 221 208 203 198 
19 23 23 21 22 22 20 22 21 21 20 20 18 16 18 19 20 21 18 18 20 19 21 24 23 20 67 160 160 147 151 153 169 159 136 163 186 183 188 185 174 182 187 188 175 159 148 175 192 196 172 164 176 182 179 186 201 189 175 187 203 203 204 201 206 208 210 211 213 215 215 215 215 215 216 211 207 205 213 217 219 220 222 216 209 218 224 224 223 222 228 219 199 201 199 217 219 209 197 181 
20 25 23 21 22 21 20 20 20 20 19 20 18 15 15 17 20 21 18 18 19 17 22 25 25 20 81 159 166 149 154 150 159 171 156 162 178 191 195 198 198 173 154 152 153 172 185 189 186 164 169 177 190 196 184 190 203 203 190 169 185 205 206 210 214 214 215 214 213 213 214 215 215 215 215 210 208 202 203 210 214 217 221 223 212 212 218 216 214 213 200 193 178 175 174 216 211 208 175 157 
20 23 18 21 22 21 17 17 18 20 22 21 18 16 17 18 20 20 19 19 19 19 23 27 23 20 80 163 169 170 153 164 170 180 185 189 198 202 199 198 199 200 201 197 167 149 151 148 152 147 185 190 200 202 193 189 201 204 199 197 173 182 210 217 220 216 211 206 205 207 207 208 211 214 217 215 212 211 200 201 206 209 215 214 211 204 209 199 199 196 156 185 177 149 174 207 212 195 169 159 
17 21 19 21 20 19 20 20 20 19 20 20 17 15 17 18 19 18 16 16 17 18 21 23 21 20 71 154 166 185 169 174 174 164 163 176 190 200 201 201 205 202 203 206 200 184 178 183 177 157 157 188 197 206 205 191 196 199 204 206 195 180 191 211 218 222 221 218 215 217 217 212 207 204 210 216 214 213 203 190 195 196 194 188 196 196 203 175 199 195 158 193 155 161 190 204 205 195 187 183 
21 21 19 20 18 18 19 18 17 18 22 20 15 14 15 17 20 17 17 16 16 14 15 15 16 17 72 151 162 189 185 177 199 198 182 165 170 193 200 202 201 198 196 196 198 202 199 196 189 191 177 173 191 197 201 197 191 202 202 205 200 188 184 191 213 216 217 221 219 221 222 221 218 213 209 209 201 191 182 182 181 181 177 190 184 206 211 158 188 195 187 194 183 188 169 164 178 197 198 201 
18 16 14 15 17 17 17 16 17 14 17 18 15 16 15 16 17 17 18 16 16 14 15 16 16 16 71 149 170 186 190 174 182 203 202 199 191 181 188 201 201 201 199 196 194 190 191 190 188 193 200 196 173 186 201 197 189 192 199 201 204 198 188 177 190 217 218 215 217 219 219 214 214 194 189 182 176 194 175 192 180 186 210 181 208 215 205 166 169 199 211 218 217 171 140 179 183 182 200 212 
16 16 18 16 17 18 16 15 18 16 17 17 16 14 18 19 17 16 18 18 18 15 17 19 18 18 62 145 174 188 191 185 161 180 199 206 201 197 192 186 196 203 203 203 203 205 203 198 194 198 195 203 203 172 159 182 190 191 198 205 204 200 195 182 174 189 214 214 208 209 202 190 178 172 180 194 214 217 201 210 161 196 207 202 212 213 209 197 208 215 227 230 226 208 186 198 206 186 206 207 
13 14 17 14 14 16 16 16 16 16 17 17 18 13 14 17 18 17 18 17 19 65 120 123 126 120 131 160 172 188 190 188 171 159 184 202 201 198 198 196 186 187 199 204 199 199 199 199 199 193 180 193 203 203 162 150 168 181 182 191 192 183 184 168 149 159 176 170 155 178 189 195 172 166 153 216 224 223 216 213 166 189 207 208 211 207 211 217 222 228 225 217 217 211 207 215 228 230 215 211 
13 14 16 14 15 16 15 16 17 17 17 17 18 13 14 14 18 19 19 17 17 48 137 160 159 160 161 175 174 193 186 182 180 157 161 188 195 197 196 198 195 192 182 185 193 187 182 181 174 176 166 164 175 173 168 136 148 136 136 135 145 157 161 163 162 193 197 191 152 154 193 190 156 136 111 166 213 218 220 218 207 201 198 202 202 204 209 206 194 202 204 195 203 195 205 218 229 237 235 214 
15 16 16 17 16 17 17 17 16 14 14 15 15 14 14 15 16 18 18 17 16 17 88 149 161 161 162 177 179 199 194 170 173 159 158 175 185 189 189 190 193 188 190 184 173 166 161 154 151 148 148 161 184 154 149 134 144 131 133 142 166 178 190 195 190 185 204 184 133 111 170 193 151 112 93 91 151 198 218 219 218 215 210 201 204 186 183 196 209 216 196 195 192 194 208 212 204 234 242 221 
16 18 17 18 17 17 17 17 16 14 16 16 16 16 14 15 16 15 16 17 17 21 111 157 152 163 168 175 180 189 201 188 166 157 165 171 176 174 171 172 167 161 153 159 156 153 165 163 159 152 147 150 151 160 180 189 181 169 176 178 178 201 195 183 183 186 174 175 131 111 114 179 171 124 90 75 75 106 163 198 214 219 222 219 218 217 208 201 207 220 191 190 181 166 207 214 230 243 249 230 
17 18 19 17 17 17 17 16 15 14 15 18 16 16 14 16 15 15 16 16 16 40 143 171 156 154 165 168 177 181 200 200 173 158 159 165 167 154 145 137 128 136 140 171 159 156 147 149 149 174 186 183 160 154 148 152 189 181 172 180 171 176 194 181 169 175 173 154 149 103 85 118 159 141 120 109 84 70 77 119 165 207 217 223 227 212 194 191 213 200 181 177 172 192 200 215 231 236 242 226 
15 16 17 18 17 16 16 17 16 17 16 18 16 16 12 15 14 14 15 15 15 82 157 165 162 147 157 173 177 172 192 201 196 172 151 148 146 138 130 136 136 145 150 149 120 121 123 142 157 165 183 193 196 192 175 152 151 167 194 189 185 178 182 187 179 155 165 138 159 144 89 71 114 138 138 152 157 129 93 80 88 146 174 188 212 220 183 165 172 166 159 170 188 200 198 180 189 198 221 229 
16 16 16 15 17 17 17 15 15 13 13 15 14 14 12 14 13 14 12 13 23 114 160 156 145 152 157 152 173 178 177 184 183 168 166 171 173 168 168 155 140 149 165 170 151 141 131 139 162 172 181 180 195 193 201 188 164 153 172 176 196 177 181 180 181 162 144 125 116 156 142 91 82 131 165 169 163 172 167 139 109 110 127 192 194 196 155 119 124 149 157 164 177 193 208 205 214 221 231 233 
18 17 15 14 15 14 17 18 17 17 15 15 14 14 16 15 16 15 16 42 149 174 171 152 150 169 170 158 143 166 176 163 158 168 182 176 172 174 175 174 175 159 175 211 210 206 180 164 174 171 168 157 169 166 202 212 196 174 162 130 175 203 188 190 176 170 157 138 110 117 165 143 109 100 143 167 164 169 167 177 166 172 205 214 161 126 139 124 129 155 169 188 199 210 218 221 221 227 231 232 
20 30 23 15 14 14 21 28 19 15 16 18 16 17 18 15 18 14 13 51 156 218 224 223 214 223 221 216 199 152 142 141 136 147 171 175 172 172 169 172 175 149 157 181 194 200 198 183 186 183 187 178 187 149 174 180 187 183 184 167 143 169 200 193 184 186 176 163 152 142 144 186 163 152 95 113 129 106 139 161 175 217 216 186 142 124 125 144 126 163 191 195 212 218 225 222 225 232 231 227 
20 34 27 14 13 12 18 27 17 15 15 20 18 18 17 13 13 13 12 60 98 168 213 220 226 227 222 224 224 192 169 156 162 147 135 142 153 150 162 163 160 146 124 145 156 155 162 179 185 203 191 187 181 163 173 163 176 190 190 193 163 138 157 195 206 189 195 191 182 177 165 172 203 189 169 106 122 120 138 157 203 201 157 151 150 144 136 156 176 176 203 213 217 224 226 225 228 232 231 227 
17 29 28 15 16 14 15 21 20 15 16 20 18 17 14 15 15 15 11 52 96 90 142 194 203 219 230 228 223 224 228 204 187 163 128 129 127 124 133 140 158 170 153 163 188 187 174 174 185 182 185 200 186 177 178 177 184 169 170 171 183 177 130 143 198 205 200 197 205 201 192 190 192 203 209 155 160 178 176 191 202 151 145 141 142 173 163 162 195 198 214 218 224 226 224 224 230 231 231 236 
15 19 26 15 10 12 14 20 20 15 14 17 17 16 16 17 14 14 14 27 101 93 92 127 176 176 190 197 211 215 215 212 210 165 133 125 120 128 140 150 166 196 200 156 188 170 142 190 181 193 192 174 188 204 218 205 194 203 167 172 169 182 178 138 157 202 212 208 214 197 197 188 179 192 210 210 193 173 177 206 193 170 169 178 167 154 178 195 203 211 216 219 224 227 227 228 228 228 230 235 
15 16 23 16 11 12 13 17 19 15 13 15 15 14 14 13 15 12 12 18 107 109 96 95 100 154 167 163 171 174 210 221 200 152 136 127 114 131 138 159 161 173 176 159 140 148 195 142 201 196 199 189 193 208 216 228 225 211 181 149 164 170 192 173 131 165 209 207 194 205 202 202 202 188 181 190 178 173 182 205 180 163 178 190 185 182 189 206 212 216 217 219 223 226 228 230 231 229 230 233 
13 14 15 18 13 13 13 13 15 14 14 14 15 14 14 13 14 10 13 13 84 113 88 75 69 75 103 149 145 126 136 161 143 130 122 119 111 114 143 164 141 124 143 160 101 86 194 151 173 228 211 178 191 192 203 191 214 227 207 152 171 178 169 174 136 148 196 212 207 209 214 212 205 208 198 182 175 173 203 172 134 120 131 165 186 188 191 211 219 220 221 220 223 225 229 230 231 230 230 231 
14 14 14 18 17 15 13 16 19 15 13 14 14 13 13 15 16 14 13 13 56 132 107 85 77 62 54 64 97 135 120 83 82 109 113 112 112 114 125 140 144 173 184 197 207 210 201 107 111 145 147 158 166 180 212 221 224 231 233 193 164 188 195 185 172 158 196 200 211 207 210 213 217 210 205 197 183 189 180 170 151 142 145 154 178 192 205 214 218 218 221 216 220 224 227 226 229 230 232 234 
15 13 14 17 19 19 19 16 15 16 14 14 13 13 14 14 13 11 14 15 37 105 137 108 97 82 76 76 85 69 73 74 70 77 91 100 105 110 106 107 119 123 124 126 121 195 186 151 148 134 153 152 154 163 157 169 189 198 208 233 186 165 191 188 176 182 195 206 222 204 205 215 212 194 185 199 194 200 168 144 157 155 156 140 132 143 192 216 215 219 221 215 219 223 228 228 227 229 231 230 
17 14 13 14 16 18 20 18 16 15 15 15 12 13 14 14 14 14 12 23 50 100 127 147 138 138 120 111 99 93 102 89 98 91 111 88 88 85 102 96 107 132 141 170 177 184 190 204 201 190 189 189 191 206 214 221 219 206 164 183 197 160 181 201 192 189 187 199 225 209 218 215 203 161 165 196 202 205 172 147 133 126 120 115 113 126 191 218 216 219 220 212 218 217 226 229 227 224 225 230 
24 17 14 14 14 15 16 19 19 14 13 16 13 14 14 14 14 13 12 12 34 80 105 117 133 143 143 148 147 133 119 117 112 95 87 82 87 94 99 97 104 110 119 124 145 163 179 182 186 181 179 196 211 223 230 232 234 225 202 149 189 169 180 196 205 184 167 198 214 215 221 213 194 177 205 206 205 195 153 158 157 150 161 165 169 178 202 215 219 215 220 210 216 220 224 228 227 224 222 224 
25 16 15 16 13 16 16 19 22 20 16 15 15 16 16 17 17 16 12 11 32 77 95 99 110 121 145 149 149 141 129 125 127 114 107 93 93 101 124 135 151 142 135 137 124 144 152 168 180 184 186 185 206 217 226 223 219 205 147 186 234 162 177 200 194 174 159 187 207 208 214 210 187 184 211 180 162 185 143 138 172 185 193 191 197 205 209 218 218 215 218 217 214 218 222 228 226 227 225 218 
16 17 16 15 14 16 16 16 16 16 17 16 14 14 14 15 15 14 12 13 37 79 87 97 110 113 140 143 146 147 142 143 126 115 99 106 110 111 114 100 112 129 126 127 125 153 159 182 173 176 184 192 195 176 177 172 175 196 220 238 219 151 167 183 191 188 151 197 220 219 219 199 167 179 204 129 96 152 149 135 134 141 177 191 199 206 210 219 221 218 220 219 214 216 224 227 229 226 230 224 
12 16 15 13 14 15 15 18 13 14 16 18 17 13 13 12 15 14 15 14 22 70 83 94 112 125 138 142 147 149 154 147 136 117 102 90 96 95 96 103 124 134 133 139 105 143 160 156 191 209 196 179 162 169 182 186 209 216 212 231 202 160 172 172 191 171 173 208 221 207 202 183 159 164 170 99 92 120 129 137 147 142 162 175 196 202 210 219 221 217 220 221 216 217 224 229 230 229 228 227 
15 12 13 15 14 13 13 15 12 14 13 16 16 15 15 12 13 15 16 14 20 64 73 86 115 118 135 141 147 147 152 140 135 116 101 92 94 106 108 107 112 110 127 134 156 155 150 198 165 98 113 168 199 189 190 194 197 187 222 229 199 188 165 185 189 168 165 215 214 203 191 182 158 127 146 112 87 110 154 150 167 167 154 168 185 184 208 216 218 218 217 220 218 216 220 225 229 229 230 231 
14 14 14 15 13 14 16 15 13 13 12 12 12 14 15 19 15 14 14 15 14 39 78 83 101 108 120 130 144 152 147 142 139 133 112 95 81 83 84 89 91 105 111 113 114 126 158 203 195 133 137 231 222 200 179 189 202 220 228 199 195 192 182 194 185 161 191 203 202 196 192 189 172 124 123 130 112 95 126 170 186 199 188 189 169 178 209 212 210 211 213 218 221 218 220 226 230 230 231 231 
14 15 15 15 16 15 16 16 14 15 15 16 13 14 16 19 16 13 12 15 15 17 61 85 88 101 111 124 135 148 147 133 123 109 97 92 103 96 108 96 111 117 127 171 184 188 199 102 138 192 133 225 202 193 179 170 192 185 186 202 193 194 198 190 180 179 205 203 191 196 183 200 159 140 109 136 153 119 96 123 175 195 209 209 185 185 211 208 208 207 206 208 215 217 219 223 227 226 229 232 
17 17 17 18 21 19 20 19 18 21 20 21 18 18 20 17 19 17 16 19 20 20 42 75 87 91 106 132 149 138 111 90 75 65 86 84 97 93 101 112 109 130 136 150 132 146 185 142 182 173 170 209 200 174 152 166 185 179 186 187 200 206 206 184 182 199 209 202 204 193 187 191 156 147 144 118 159 165 119 112 126 165 207 205 183 178 219 224 214 208 205 203 203 212 216 219 222 224 224 227 
25 24 23 26 24 27 26 25 25 26 23 24 23 22 25 24 26 24 22 22 24 27 37 59 75 104 141 143 134 94 74 69 92 105 103 98 115 114 110 111 123 130 141 136 146 183 192 185 178 168 205 185 185 166 162 191 192 169 169 178 193 209 201 182 200 208 199 197 206 197 188 190 161 136 157 143 140 180 167 140 127 146 169 162 138 177 211 226 228 220 213 212 209 208 213 214 214 219 219 218 
29 30 26 26 25 27 27 29 28 26 26 27 25 21 25 27 24 26 26 26 25 30 45 47 74 117 139 107 82 70 63 158 128 109 134 162 156 132 121 111 118 134 141 155 176 192 184 171 207 181 166 157 158 178 204 188 177 160 162 187 198 199 197 202 212 212 210 207 206 204 179 169 168 141 151 163 154 173 185 167 175 168 141 135 142 194 212 220 230 226 215 213 216 207 207 208 210 212 212 214 
28 28 26 27 29 29 27 28 28 27 29 26 26 25 24 25 26 25 28 31 29 51 50 49 56 116 118 85 67 56 125 167 174 184 207 214 196 174 130 119 118 133 139 163 158 157 141 138 165 155 160 166 168 186 182 166 162 179 181 197 197 174 195 212 209 206 197 204 205 207 189 189 189 176 162 178 203 196 201 196 188 179 143 122 168 206 207 219 228 222 214 220 223 221 216 223 225 219 219 221 
31 30 31 29 29 28 26 25 26 25 25 24 25 22 21 23 24 24 27 27 38 92 63 45 53 93 109 70 63 77 169 175 199 211 221 219 209 203 148 115 126 137 146 146 161 159 131 121 134 151 188 168 168 169 162 155 155 181 197 197 179 194 209 196 166 173 183 189 196 182 189 191 194 191 163 150 162 185 186 176 159 162 159 151 196 214 209 210 222 221 211 221 223 225 218 222 230 222 223 223 
26 26 29 28 28 30 26 25 25 26 28 26 26 26 27 26 24 21 26 28 67 140 71 52 56 77 118 83 84 108 178 185 217 231 217 217 203 183 163 154 141 165 152 135 139 130 124 123 117 153 141 151 153 145 149 149 173 188 182 178 189 195 164 141 148 162 163 167 170 159 149 147 155 154 143 133 133 139 146 142 132 158 195 205 206 211 211 215 219 214 207 215 223 220 219 227 227 226 227 231 
30 34 35 34 35 34 31 30 29 30 30 29 28 28 33 31 28 25 28 33 100 159 84 56 55 61 104 108 86 125 187 207 219 225 218 225 210 153 140 167 152 171 170 160 156 141 138 121 114 118 142 148 144 150 158 172 165 172 168 152 130 111 100 105 112 114 106 113 121 118 106 109 124 129 126 136 135 134 139 149 164 199 208 205 207 212 214 222 224 216 211 215 218 220 224 226 227 229 230 229 
31 36 35 34 36 33 33 33 30 31 29 32 30 28 30 27 26 24 26 48 138 164 91 53 51 60 67 91 89 149 194 216 226 224 228 221 203 125 140 143 112 99 113 112 111 83 81 82 100 101 108 112 112 113 101 105 87 80 75 69 88 105 117 116 119 108 117 108 120 130 127 144 163 152 147 174 177 167 161 157 178 202 213 208 209 211 219 228 223 213 217 216 217 224 223 224 228 224 224 228 
32 35 34 33 30 30 32 34 31 29 28 29 25 23 26 26 25 24 24 84 160 167 98 58 56 61 61 78 97 150 203 221 218 222 193 131 60 36 57 66 43 45 50 44 53 52 60 63 61 65 73 79 77 77 79 85 86 92 93 98 101 102 120 113 108 109 119 112 110 120 126 126 125 129 140 173 169 155 156 167 183 205 213 208 211 216 223 226 222 210 212 218 223 225 226 223 225 224 223 227 
34 35 32 33 32 31 32 31 30 29 29 29 27 29 28 28 28 24 37 132 164 158 97 53 62 60 59 77 107 151 217 218 194 96 39 31 40 67 98 97 80 81 81 71 84 83 81 82 86 79 86 92 93 113 111 107 115 117 118 123 122 124 130 114 96 82 98 106 118 116 118 110 112 128 142 134 145 145 166 171 186 205 213 209 212 216 222 227 229 216 216 221 223 225 226 225 228 228 227 226 
32 34 33 33 34 33 31 32 31 31 29 29 32 30 31 29 28 30 51 132 145 133 102 56 55 61 56 60 77 126 214 177 51 30 46 71 86 100 105 99 93 96 99 91 83 85 69 73 83 103 100 98 115 113 127 119 117 129 117 109 134 137 140 134 116 97 97 119 133 128 124 123 133 141 143 127 131 164 184 181 196 210 212 210 214 221 226 228 227 219 221 222 224 227 228 229 228 228 229 227 
32 30 30 31 33 34 31 32 34 35 34 34 35 31 32 31 33 32 46 113 142 143 123 59 58 56 61 69 61 66 95 41 29 38 82 102 96 95 97 102 109 100 105 99 93 93 94 95 91 101 113 103 108 102 106 114 116 124 119 125 126 134 125 136 136 132 125 122 121 123 125 139 145 148 142 154 180 187 185 188 203 210 213 211 215 222 226 226 227 225 228 228 229 227 228 229 229 230 233 232 
30 30 29 28 32 37 34 37 38 38 36 34 37 35 29 30 31 28 39 106 139 145 130 66 54 53 50 61 65 55 56 52 35 60 109 111 92 95 99 111 109 109 102 99 103 99 101 100 102 103 114 114 124 121 114 123 112 117 123 114 110 98 98 115 124 137 145 129 116 128 136 152 145 171 182 189 185 194 191 196 203 210 210 208 215 217 227 227 227 225 226 227 229 230 231 232 232 230 231 230 
34 34 32 28 28 31 29 33 33 33 31 27 29 27 23 23 25 25 28 97 145 137 136 88 50 57 52 58 69 67 60 65 71 88 101 116 114 103 101 112 105 102 111 115 121 113 111 111 107 109 118 112 104 99 102 116 134 140 137 142 149 142 111 95 102 124 145 152 153 160 187 201 197 186 176 182 177 188 188 200 206 203 202 204 212 217 225 226 227 224 223 226 228 228 224 223 224 226 226 228 
33 33 31 31 30 27 29 30 30 30 30 29 31 28 24 26 27 27 25 92 147 146 136 108 56 50 54 61 60 64 75 75 79 90 91 105 114 119 129 128 125 117 113 112 115 111 105 119 106 104 107 107 116 117 121 117 107 108 129 148 155 163 145 121 116 139 150 144 192 210 220 210 199 187 179 183 189 190 185 193 206 210 204 202 212 218 224 227 228 230 231 231 228 224 223 226 229 230 230 230 
32 32 33 32 28 30 29 27 25 23 23 24 28 26 26 31 28 26 29 103 148 154 148 126 80 49 55 55 64 59 54 69 85 94 95 87 90 99 111 130 131 126 109 107 120 138 129 126 124 131 119 112 111 114 124 121 127 140 127 126 146 161 153 130 137 145 153 145 200 215 218 200 183 189 185 184 194 202 201 190 192 213 212 201 212 214 220 227 228 232 232 229 226 228 230 232 232 231 230 229 
27 28 29 30 34 30 28 32 29 30 30 28 26 26 27 29 28 26 40 124 150 145 148 144 115 63 53 54 60 65 61 57 68 90 98 98 90 87 90 107 115 121 136 112 107 107 109 123 141 146 142 122 113 114 109 113 120 130 127 120 121 126 138 135 156 153 157 185 202 207 194 180 180 184 182 181 202 205 211 201 188 196 215 205 207 213 215 228 229 230 229 228 230 228 230 232 232 231 230 230 
31 31 29 31 34 33 33 34 31 30 28 27 21 20 21 24 24 21 52 132 139 146 150 148 149 101 53 54 57 65 66 62 67 82 98 104 107 110 121 112 115 113 120 121 132 125 115 107 114 124 121 120 126 114 115 120 124 127 140 129 126 118 120 128 147 155 173 202 198 181 173 179 181 183 184 196 207 211 216 205 194 194 200 199 201 214 215 220 226 232 232 230 230 229 231 230 230 229 230 231 
26 27 26 29 29 27 30 28 30 26 27 28 25 27 28 28 30 28 75 138 142 150 143 143 157 140 82 51 54 61 63 56 58 69 84 92 98 116 121 123 111 104 103 108 115 117 110 121 114 114 117 116 122 110 111 103 110 120 123 134 139 149 141 154 152 159 160 174 175 175 177 182 187 192 200 203 209 212 213 203 196 197 196 197 193 209 217 220 220 226 230 233 232 230 232 232 232 229 228 227 
27 30 28 25 28 26 28 27 26 27 29 29 28 27 24 23 22 22 87 134 149 157 145 149 163 144 108 80 56 54 56 66 64 57 69 81 93 99 105 112 125 117 107 101 101 95 96 97 105 115 120 117 105 97 91 94 96 108 119 124 131 144 139 134 143 141 150 161 167 172 163 180 188 196 200 205 213 209 207 200 194 191 186 203 197 205 222 226 224 219 224 230 233 233 234 232 232 232 229 228 
28 30 31 30 35 32 29 29 29 27 25 24 23 22 22 21 21 25 93 147 160 152 142 154 160 131 128 134 88 57 52 57 67 72 72 75 73 80 86 92 95 103 122 113 119 106 107 110 107 112 119 112 104 106 96 93 91 98 118 119 122 133 131 128 137 131 143 163 170 170 165 173 192 198 201 209 207 207 201 200 196 186 193 204 200 210 217 223 230 224 217 224 232 233 234 232 232 233 231 231 
31 29 28 28 30 31 30 30 30 29 27 26 24 23 20 23 22 39 121 156 160 148 140 157 156 127 149 150 138 87 57 54 58 61 73 79 78 85 86 92 87 88 94 103 111 108 121 115 108 103 108 103 94 90 83 83 86 94 96 103 109 126 131 135 143 150 158 174 173 166 162 169 192 196 200 209 207 199 195 195 188 186 199 205 209 211 212 218 224 229 227 215 225 234 232 231 231 231 232 233 
29 31 31 30 31 30 32 34 32 31 30 31 31 31 28 31 29 84 154 148 146 140 143 160 139 135 142 145 148 141 100 69 67 60 61 68 66 74 74 83 85 84 96 105 110 115 119 112 120 108 102 108 109 110 112 113 119 124 124 134 133 139 144 144 163 177 174 171 162 159 156 169 189 199 200 203 201 195 192 186 187 194 204 210 214 215 215 216 213 215 222 226 215 226 234 231 231 231 232 233 
29 29 33 32 32 34 34 32 32 32 32 33 31 31 31 28 38 102 125 138 148 140 148 157 127 141 149 157 158 158 142 93 83 75 70 69 67 72 70 70 68 72 84 101 108 115 119 119 114 114 113 117 114 120 121 125 128 140 148 161 161 166 167 174 188 199 178 177 154 157 158 171 182 202 201 200 194 194 190 187 196 205 208 212 214 213 214 218 216 211 210 217 216 215 229 229 230 230 232 233 
32 35 30 30 31 31 31 29 29 26 27 29 26 26 23 22 30 97 138 142 149 142 150 150 122 140 147 150 150 151 153 106 83 87 83 84 77 68 66 74 66 75 87 96 100 114 128 133 134 136 130 136 139 153 160 161 158 167 172 179 183 191 187 181 182 188 174 170 163 163 164 167 175 191 196 193 186 191 190 195 201 210 209 212 216 212 211 216 217 216 215 217 215 213 217 230 229 231 231 231 
28 28 24 25 25 25 24 22 22 19 21 24 22 19 20 18 25 102 152 145 143 141 156 144 125 134 136 145 152 156 151 146 102 78 85 90 91 75 69 67 61 64 71 83 87 99 102 114 114 123 125 129 139 147 158 158 167 180 184 178 173 169 171 170 174 199 183 162 156 169 168 172 176 183 191 188 188 195 196 204 204 209 210 212 210 210 211 215 216 212 212 222 223 219 218 217 228 230 231 232 
26 28 26 29 29 28 26 32 33 26 26 26 23 22 24 22 21 48 129 150 149 140 159 139 126 132 134 133 139 143 145 150 142 98 82 77 83 85 80 72 68 60 60 76 90 99 97 104 104 103 114 113 119 142 168 178 192 191 189 182 176 174 163 166 178 205 180 160 164 170 174 174 174 178 183 186 192 196 206 207 207 213 213 212 210 210 213 211 213 209 212 222 220 220 223 210 222 229 229 230 
33 28 31 28 28 26 24 23 27 23 20 20 20 21 22 19 15 19 45 120 147 146 160 137 143 144 146 149 148 148 151 153 148 140 120 94 92 107 121 134 105 81 62 68 73 81 90 103 96 93 97 112 125 143 160 151 166 168 162 155 175 184 169 162 178 203 164 153 170 185 180 176 174 169 173 175 186 193 210 208 208 211 210 214 210 210 214 211 208 211 214 218 216 220 217 211 204 221 227 228 
29 27 26 27 25 24 27 26 27 27 24 24 21 18 20 16 19 19 19 40 86 125 156 127 139 157 149 142 144 148 155 154 150 146 144 138 118 102 109 125 149 156 125 88 72 81 91 96 88 87 82 95 107 119 126 134 160 172 161 151 166 169 165 159 175 201 157 154 170 179 184 183 184 178 178 177 175 181 202 209 211 213 214 207 207 212 209 206 204 207 214 215 220 218 217 216 206 208 218 224 
32 31 28 26 25 24 25 27 22 18 19 18 18 19 17 17 19 19 20 17 20 67 140 115 127 162 163 157 151 141 135 147 153 147 143 142 144 130 114 131 155 157 159 148 108 70 74 73 74 75 81 85 86 97 103 103 113 125 130 141 145 151 152 159 170 184 154 158 176 175 176 177 186 191 184 186 190 181 188 201 208 209 208 207 208 208 203 200 202 202 208 215 218 218 218 212 208 204 205 215 
29 30 27 24 22 22 21 21 22 21 18 19 19 20 17 19 19 20 20 17 22 88 144 126 122 158 164 163 161 156 147 138 142 153 149 149 152 153 125 109 127 142 143 153 135 93 70 66 84 97 103 93 92 91 88 93 105 116 138 147 153 151 149 150 153 169 160 158 169 179 178 173 184 184 190 192 196 194 194 191 186 194 195 201 212 205 198 193 202 203 200 210 215 219 221 216 210 202 201 205 
26 27 25 24 19 21 25 23 22 21 20 21 21 21 20 20 20 19 17 20 43 120 133 146 134 140 159 161 164 162 159 155 143 140 144 152 157 155 152 132 127 128 131 144 152 143 89 73 77 76 71 75 85 104 111 119 126 145 147 139 151 146 140 141 140 155 171 164 160 169 181 179 178 178 199 199 202 200 198 203 196 196 189 195 208 204 198 196 197 201 195 199 210 219 224 218 206 203 204 202 
30 32 32 28 24 25 23 23 21 21 19 20 20 20 19 19 18 18 17 17 36 112 127 137 144 135 150 157 163 163 164 166 167 155 147 146 149 153 157 146 106 118 117 130 138 129 116 81 71 70 79 82 79 81 107 141 142 150 158 153 167 162 135 139 142 140 167 180 169 163 171 178 183 172 187 193 202 198 204 203 200 204 202 201 204 202 200 201 197 196 192 198 198 210 215 217 212 203 204 205 
30 31 31 26 22 22 20 19 20 21 19 20 19 18 17 19 18 18 17 18 22 73 121 130 138 144 147 148 156 158 158 157 162 165 162 163 159 157 151 153 131 106 115 131 124 124 139 135 104 81 78 82 97 104 117 133 120 103 103 117 118 103 112 146 161 141 162 185 179 176 165 168 177 181 170 175 192 201 201 199 200 205 207 208 204 199 200 198 199 201 194 194 196 199 206 209 213 201 200 203 
23 26 23 24 22 24 23 20 20 16 18 19 20 21 22 18 17 18 16 18 16 23 79 124 132 142 151 161 167 164 162 151 156 155 153 143 152 151 155 151 150 109 102 102 118 131 146 147 159 128 88 94 103 85 86 106 109 119 116 110 103 109 129 148 149 153 160 185 192 184 176 169 165 178 180 175 183 184 190 196 201 212 209 203 206 202 203 204 203 201 204 196 195 197 196 205 208 204 200 202 
23 23 23 22 22 21 18 21 20 18 19 19 20 20 20 18 16 15 15 16 17 14 17 57 108 136 138 151 159 156 169 167 160 160 149 140 152 155 153 155 147 118 97 113 97 93 113 130 141 132 113 108 103 103 113 120 125 136 134 145 156 152 146 148 133 133 145 182 193 193 189 177 169 169 181 179 186 180 180 190 197 202 205 202 205 204 204 207 204 207 207 201 200 198 199 203 198 203 199 195 
21 23 20 18 19 18 19 20 20 18 20 20 19 18 17 17 17 15 15 16 17 18 13 13 53 120 131 146 154 151 153 152 150 152 147 146 157 159 154 155 148 138 121 94 78 86 109 145 141 135 117 132 137 129 118 128 145 153 153 156 158 155 143 135 152 152 158 172 187 198 197 182 172 173 180 177 183 184 177 180 183 190 198 201 199 200 202 208 204 208 209 204 200 200 199 200 200 196 188 201 
22 21 20 20 20 20 21 21 20 19 20 20 19 17 16 17 17 16 17 16 15 15 14 15 67 123 114 126 141 148 142 136 139 150 143 153 158 158 149 157 148 142 123 74 85 94 112 134 141 141 132 137 138 143 135 135 129 130 138 141 149 150 141 141 154 164 191 176 180 196 195 185 182 181 176 177 180 186 181 177 177 184 189 196 197 200 198 202 206 208 204 200 199 198 197 197 201 194 199 211 
21 19 20 21 20 20 20 20 19 18 19 19 18 18 17 17 17 14 13 13 13 13 14 16 69 128 120 127 129 141 141 142 133 134 143 156 155 154 153 162 145 150 132 103 93 99 100 107 111 110 112 120 127 140 138 145 144 144 131 116 127 125 137 151 158 168 161 183 170 188 192 186 186 181 179 183 176 182 180 178 179 184 182 187 195 202 198 199 207 205 202 193 199 195 197 194 193 195 208 215 
25 21 20 21 20 19 20 19 18 17 17 16 16 15 17 18 17 15 13 12 13 13 17 17 78 136 129 136 134 133 126 122 125 132 142 145 143 146 153 161 144 158 139 118 85 75 75 80 103 120 116 107 126 131 137 139 140 136 140 141 120 116 144 161 157 156 146 188 169 175 191 191 187 180 182 181 180 186 183 185 179 181 181 183 188 194 198 201 205 203 193 200 194 192 188 189 194 205 212 217 
20 22 21 23 22 19 18 18 18 18 17 15 15 15 17 16 14 13 13 14 14 13 16 23 96 137 130 128 122 122 119 116 123 140 140 136 146 141 142 151 145 151 133 116 74 51 65 88 107 115 119 112 118 132 134 135 137 138 141 142 133 116 158 174 167 144 139 182 172 170 179 187 184 182 180 182 182 185 182 183 183 182 188 186 185 191 196 197 193 191 191 189 188 187 195 196 203 210 212 195 
28 25 24 21 20 19 17 19 18 16 16 15 14 14 16 13 12 14 14 12 12 14 15 43 117 136 145 138 119 118 117 129 143 143 129 129 138 135 139 132 124 123 123 118 75 66 80 95 101 99 107 101 112 130 131 133 142 145 149 150 137 126 172 173 170 124 146 178 172 165 166 178 186 176 175 178 183 185 183 187 189 185 187 186 186 183 188 187 186 186 189 180 183 193 197 204 211 198 191 207 
30 23 23 19 20 16 16 19 19 18 16 17 14 14 14 15 16 17 18 18 17 13 16 47 121 143 154 151 134 131 127 124 124 123 122 128 137 144 151 136 125 129 130 128 100 79 79 85 77 73 72 92 122 134 128 139 141 146 147 152 141 145 184 180 156 122 150 168 164 164 150 171 177 173 176 177 181 178 181 191 190 186 190 188 185 182 181 182 182 180 185 186 195 197 198 207 190 192 205 204 
25 21 20 20 19 20 18 18 18 18 16 17 14 14 15 16 16 17 15 16 16 15 11 60 130 145 155 147 137 122 120 119 119 111 130 142 136 143 131 122 132 139 138 131 111 83 62 54 62 79 62 66 124 135 125 130 136 147 151 146 144 166 192 174 142 134 152 156 158 167 132 158 169 170 166 177 177 180 189 186 186 186 183 182 184 180 174 180 183 182 182 192 201 206 194 185 193 194 194 196 
28 23 21 22 21 20 19 19 19 16 16 17 16 14 16 16 16 16 14 15 14 13 13 65 135 140 140 140 131 124 119 116 110 113 129 132 129 123 118 130 133 134 138 138 120 67 41 36 52 75 104 92 113 127 125 130 127 144 144 138 140 175 182 172 153 144 159 144 156 170 126 144 164 165 166 167 173 179 186 184 187 187 175 179 182 176 177 177 180 189 196 204 193 189 197 197 192 188 188 195 
28 24 23 23 22 20 19 20 20 17 15 14 14 16 14 15 16 17 15 15 14 13 16 72 136 137 139 143 126 129 126 119 120 109 113 119 122 121 119 121 130 136 138 140 122 50 40 68 83 97 121 115 100 124 125 138 140 144 137 127 128 131 169 149 161 145 153 135 153 177 128 125 153 164 165 161 158 171 182 183 184 180 172 177 183 179 175 181 195 195 183 181 188 198 197 190 184 181 190 197 
26 24 22 21 20 20 21 18 17 16 17 16 15 16 15 16 14 16 14 17 19 23 29 78 132 135 139 141 122 122 125 116 117 116 115 114 111 113 118 131 127 125 125 125 121 79 69 79 94 104 116 121 96 126 134 143 142 137 131 122 127 119 151 121 159 143 143 139 149 178 137 120 140 158 165 162 154 167 184 182 179 170 178 180 184 183 186 194 183 180 187 195 195 192 191 186 177 182 188 198 
26 25 23 20 18 18 19 18 18 17 18 18 21 25 39 49 63 75 88 99 90 80 80 93 118 131 142 134 124 119 118 123 114 115 111 108 109 118 126 118 119 115 126 142 143 89 82 77 82 88 95 96 101 132 138 142 136 135 131 118 125 121 141 117 161 141 142 133 144 172 150 121 133 149 159 161 151 160 181 176 175 179 179 181 186 185 187 189 191 193 193 194 189 190 186 180 176 186 196 205 
21 20 18 18 19 25 33 48 61 75 87 97 106 110 118 116 121 119 119 119 110 88 85 96 114 128 138 130 130 125 113 114 121 113 107 106 107 115 121 111 108 103 105 132 135 90 70 68 70 72 74 74 101 127 133 137 135 137 124 117 119 124 137 116 162 137 144 131 142 171 168 126 129 138 146 153 151 159 168 173 177 173 179 177 160 165 194 206 197 190 191 189 186 183 177 174 179 196 211 212 
61 75 86 98 106 112 114 115 114 113 117 120 120 120 120 120 118 120 120 121 121 118 123 123 118 125 132 125 134 135 121 110 110 110 108 105 104 107 106 109 111 112 110 132 141 77 51 52 63 63 67 66 100 122 125 137 139 143 124 115 114 133 127 122 158 142 143 129 138 169 193 144 134 138 142 149 152 153 167 182 176 175 163 159 161 164 187 196 191 187 185 178 179 175 175 176 193 210 202 184 
115 113 113 113 113 115 116 117 117 114 119 119 116 118 119 122 120 119 120 121 121 118 110 101 101 125 129 123 134 134 125 112 107 105 107 103 102 110 113 114 114 113 112 114 133 67 32 32 37 51 80 102 109 132 126 130 136 146 124 116 116 138 112 122 154 146 134 126 134 166 185 164 135 139 140 144 146 151 174 182 168 158 175 171 163 162 186 188 195 187 177 176 176 178 187 195 209 195 187 205 
117 114 113 112 113 113 114 115 115 114 114 115 115 112 111 104 91 80 64 55 43 35 30 26 53 120 129 126 127 127 123 113 106 103 102 102 101 105 110 113 115 113 114 114 124 62 43 48 60 70 86 107 124 142 131 143 147 131 120 115 121 135 123 123 157 133 111 115 127 149 174 179 150 142 140 144 147 168 176 154 145 178 180 167 158 159 177 184 192 182 168 180 186 192 198 199 187 195 200 197 
115 114 114 113 112 111 111 114 115 117 120 119 107 58 39 32 28 25 25 27 26 25 25 21 35 107 119 127 128 130 124 113 103 105 105 105 104 108 112 113 119 117 111 114 136 80 70 82 92 111 110 109 123 148 141 141 152 146 126 115 132 136 135 124 164 140 118 123 128 132 151 173 167 153 148 160 168 150 138 152 169 182 175 161 156 160 174 183 182 175 180 192 196 196 195 187 199 203 194 197 
111 112 114 110 111 110 112 109 113 110 94 90 57 25 27 24 21 23 24 25 25 24 25 23 22 68 115 125 124 124 121 112 103 102 102 102 100 103 104 106 112 115 108 119 137 109 86 74 87 97 115 105 111 148 141 126 146 152 124 116 134 138 137 120 170 136 121 123 126 144 129 140 166 158 162 133 128 139 154 159 171 173 165 155 158 160 175 182 178 186 191 199 203 189 184 201 198 193 185 198 
31 28 32 31 33 39 43 42 44 33 16 16 18 16 18 17 15 18 17 16 17 17 18 16 14 30 57 64 60 59 58 54 52 53 53 55 56 55 59 62 60 64 69 79 85 71 51 44 46 49 55 67 83 109 102 91 107 113 92 88 102 107 99 96 125 91 93 93 117 108 102 112 141 135 125 121 136 136 146 161 163 157 156 154 159 160 175 183 184 189 188 200 181 181 195 204 194 181 184 194 
