18 15 19 22 19 21 23 24 26 26 29 29 23 25 18 26 37 40 40 38 43 41 38 37 39 34 33 31 13 21 27 29 31 33 32 31 32 31 30 30 29 28 27 31 32 35 37 35 26 8 27 37 40 42 42 46 48 48 49 51 53 54 56 56 55 57 58 63 63 27 27 60 65 64 63 65 70 68 70 70 72 71 70 74 72 73 68 67 58 76 81 100 77 88 86 83 82 82 77 75 
16 12 14 14 18 25 20 20 22 18 20 21 18 26 15 22 42 46 49 49 48 49 49 49 51 60 62 61 28 32 67 70 73 77 79 81 82 84 83 83 84 86 85 87 82 83 86 85 76 13 69 81 82 86 85 87 85 89 88 88 86 86 88 87 81 82 83 81 77 39 41 76 80 79 76 77 80 77 79 77 77 77 79 81 80 73 71 70 66 76 78 107 78 87 85 82 82 85 82 77 
12 17 19 19 24 29 29 29 30 30 31 31 25 29 24 21 63 63 64 67 66 65 67 64 65 73 74 72 45 29 71 76 80 83 83 82 84 84 82 84 85 83 83 81 77 77 82 82 81 20 65 77 80 82 86 82 83 84 86 85 83 84 84 80 77 76 81 82 73 40 36 71 70 74 76 75 77 73 74 74 74 72 72 75 72 72 69 68 63 67 72 104 87 89 89 90 92 90 88 85 
14 20 22 23 28 28 27 29 28 28 32 35 26 29 21 16 54 66 64 67 69 70 65 64 65 70 73 71 56 22 68 72 79 79 78 78 79 81 78 78 78 76 77 76 74 74 78 78 75 21 58 76 77 80 83 83 81 84 83 83 81 83 84 82 78 80 84 81 77 41 36 71 77 75 78 78 77 77 77 75 77 76 77 77 78 73 69 67 64 65 73 96 94 91 95 98 96 97 91 89 
16 18 24 28 28 26 27 28 27 28 30 35 30 30 19 15 41 58 58 59 61 61 60 58 60 66 68 67 54 16 62 66 72 72 75 74 74 77 76 76 79 75 74 74 73 72 78 78 77 25 58 75 76 79 80 82 82 86 82 83 83 83 81 82 79 77 80 79 72 38 34 71 73 75 75 76 77 78 77 77 76 72 73 74 73 70 66 66 63 64 71 89 102 88 95 99 96 97 95 94 
21 22 27 31 26 25 27 29 27 29 30 30 28 30 21 16 36 56 54 58 57 58 60 58 58 64 69 67 61 15 57 66 72 76 77 75 75 76 75 76 78 77 74 75 72 71 75 75 70 29 47 73 73 77 75 74 75 79 79 78 79 78 77 75 73 71 76 74 69 41 35 69 71 71 71 72 73 75 74 72 71 71 72 72 73 70 69 67 62 67 70 83 107 85 96 99 99 99 97 98 
23 25 30 25 27 25 24 27 26 27 31 31 28 28 24 18 27 56 57 59 61 62 63 60 59 67 69 66 66 18 53 67 71 73 73 74 75 75 78 77 78 75 70 70 69 68 71 75 70 30 43 72 71 72 72 76 75 77 76 78 76 76 73 74 68 69 69 65 62 34 27 63 63 63 65 63 66 64 62 62 63 59 63 60 63 58 57 56 52 58 62 76 108 85 95 100 100 101 100 99 
22 25 20 17 19 20 22 23 28 24 28 28 27 27 26 21 19 46 50 50 49 50 49 50 48 48 49 49 43 16 29 43 45 46 45 44 46 44 43 44 41 39 37 35 33 32 32 29 29 11 12 27 26 27 25 26 27 26 26 24 23 25 24 25 26 25 25 30 25 11 10 27 31 30 31 30 33 29 33 31 31 29 30 33 34 32 31 30 28 46 54 65 110 88 97 101 101 102 101 101 
24 27 20 18 21 22 20 21 19 20 20 21 26 30 26 17 18 22 24 24 25 24 25 27 30 30 35 35 35 15 20 39 40 44 44 48 48 50 47 51 49 51 51 51 51 52 55 58 60 31 24 59 60 63 66 65 65 67 70 70 72 69 68 71 70 67 69 66 66 36 27 63 68 71 72 72 73 72 70 68 69 68 67 66 66 63 62 62 60 62 67 71 105 94 97 101 102 101 101 101 
26 25 23 25 23 26 26 25 28 27 23 26 25 28 33 21 20 40 51 53 55 54 59 58 55 58 62 65 63 40 28 64 66 70 70 71 69 70 70 68 68 67 68 67 60 62 64 65 63 40 25 61 61 63 65 67 61 67 64 67 66 67 67 64 61 64 64 65 61 37 31 63 64 67 68 65 67 67 69 67 69 68 69 67 63 62 60 59 56 64 68 71 98 100 92 100 102 99 98 97 
28 21 24 24 25 24 29 28 27 27 26 26 26 25 31 24 19 33 50 55 54 56 56 53 54 58 62 61 60 42 19 55 59 63 64 65 65 69 65 65 65 63 61 58 61 59 65 60 62 41 20 59 60 62 59 62 62 64 63 60 61 65 65 62 64 67 66 63 59 36 30 62 62 64 67 65 69 70 73 71 73 73 74 73 67 65 62 60 58 65 69 72 94 105 92 103 102 101 103 102 
22 21 24 25 26 25 24 27 27 26 26 25 24 26 32 22 17 28 46 50 50 51 49 50 50 52 54 58 59 44 16 52 56 60 63 64 64 62 64 63 63 61 62 63 60 58 60 62 63 43 17 60 57 61 63 66 69 65 65 66 65 68 67 65 66 66 64 66 61 37 28 63 61 65 64 68 67 68 70 67 69 70 67 65 62 56 53 52 54 61 64 69 90 114 91 102 105 105 104 103 
26 29 31 31 30 27 25 24 24 24 25 25 23 26 30 22 17 21 44 48 46 44 48 50 51 54 56 60 59 51 12 52 58 63 70 80 86 87 85 79 74 70 65 65 61 56 57 60 60 48 12 55 60 60 59 63 64 65 64 63 60 63 64 62 63 58 59 58 60 38 26 58 61 63 62 63 66 66 67 65 63 67 66 64 61 58 57 55 53 59 66 69 83 117 88 101 106 104 104 106 
29 28 30 33 35 37 32 25 26 23 27 26 24 24 32 28 17 18 41 47 48 48 50 49 51 52 56 61 59 53 14 46 55 61 92 88 85 86 86 81 82 84 89 83 76 68 60 58 57 47 10 53 56 52 54 56 53 58 59 58 54 55 56 54 54 54 54 49 47 30 23 44 49 49 49 53 55 56 56 56 56 53 53 53 50 49 43 44 44 52 59 59 72 118 89 101 104 105 104 105 
30 33 33 33 35 35 32 25 25 26 21 23 26 23 33 29 19 19 33 38 38 41 38 34 38 36 36 35 34 29 12 24 29 47 93 94 92 92 89 85 81 80 81 77 78 83 85 75 46 28 15 20 21 18 19 20 18 22 20 21 19 18 20 20 21 21 21 24 22 13 12 23 28 29 28 27 28 27 28 31 27 30 25 27 26 25 24 23 27 43 55 55 64 116 95 99 107 105 104 104 
28 29 32 33 32 31 27 22 21 17 18 15 16 21 29 20 13 16 19 22 22 27 25 24 26 29 30 33 32 33 15 19 37 43 81 86 89 93 90 93 97 94 83 77 78 82 72 74 82 81 89 85 78 57 47 49 50 50 52 53 53 55 52 50 49 53 54 52 50 37 22 53 55 56 57 60 56 58 59 60 60 59 59 56 56 51 51 48 49 54 61 64 68 110 102 94 105 109 107 106 
27 30 32 29 31 28 22 21 24 25 22 23 20 20 30 24 20 16 19 37 40 40 41 41 42 45 46 48 53 51 26 22 44 47 55 80 85 90 89 92 95 92 90 84 73 69 76 66 80 75 57 71 81 84 77 74 77 64 54 52 50 47 46 45 47 47 48 49 50 33 21 52 53 55 54 55 55 53 56 54 55 56 53 53 53 49 49 47 49 54 59 63 64 100 107 93 104 108 105 101 
26 31 29 27 24 21 21 23 25 23 25 23 18 20 30 23 18 17 16 39 41 44 41 42 43 45 47 48 49 48 32 18 45 47 57 57 78 81 83 86 90 90 84 85 79 69 68 67 59 58 49 47 61 59 78 85 86 84 80 71 58 50 45 45 48 47 45 54 46 35 32 53 52 55 59 57 56 55 57 60 55 55 54 56 52 49 47 45 51 55 61 64 70 94 111 90 105 108 106 105 
25 27 24 17 18 18 19 22 21 23 20 22 19 18 31 24 19 18 14 36 38 37 41 39 42 39 44 42 45 46 34 13 42 45 51 56 54 75 85 81 81 82 80 83 74 75 70 59 54 51 44 44 59 75 82 79 75 70 69 69 69 66 58 55 48 48 53 47 51 40 28 46 53 55 54 56 58 58 58 56 55 56 54 49 52 48 45 44 46 52 61 62 65 84 122 90 105 108 108 107 
23 20 18 17 16 17 17 22 20 22 21 20 19 19 32 25 22 18 11 27 37 35 40 40 41 42 42 47 49 47 40 12 45 48 55 57 57 54 69 77 75 76 74 76 71 71 73 72 75 75 63 66 76 79 79 64 54 59 66 66 65 65 69 68 63 61 59 51 54 37 27 52 50 55 55 55 53 54 55 55 53 53 51 52 47 45 44 43 44 54 58 60 63 81 124 87 105 108 110 110 
18 15 14 16 19 14 16 17 20 21 23 20 21 18 30 25 22 17 12 24 37 40 43 42 43 44 44 48 49 48 40 9 40 44 52 55 55 56 47 69 72 70 71 72 70 67 76 88 76 70 71 74 83 85 78 70 72 68 65 73 78 82 84 70 72 73 70 63 47 32 20 35 40 35 36 33 36 35 37 33 34 32 32 33 30 30 27 27 31 43 49 55 49 66 119 96 105 109 110 111 
19 15 15 18 15 15 16 15 15 18 20 20 17 19 29 21 16 15 12 15 17 16 17 17 15 14 17 18 16 18 15 7 11 16 16 20 20 19 23 36 68 72 72 72 68 71 67 70 67 68 68 75 91 78 48 51 77 90 62 71 70 74 85 73 81 84 80 90 59 30 29 40 34 32 29 28 29 31 30 27 30 31 30 31 30 31 31 28 32 45 53 57 55 61 112 101 103 110 111 111 
18 18 18 17 15 15 13 13 12 14 15 13 14 13 26 19 15 15 13 13 29 31 34 31 34 37 37 41 43 44 40 13 30 43 46 50 52 54 55 54 53 58 68 69 67 70 61 62 69 62 65 81 87 41 29 38 29 61 77 68 75 70 83 74 97 98 95 102 93 65 39 49 43 44 43 40 47 43 47 47 46 44 42 43 42 41 41 42 43 52 56 59 60 61 102 107 99 109 113 110 
18 18 20 20 21 19 16 19 17 14 16 22 20 19 32 24 21 22 15 11 33 34 36 33 36 39 39 43 44 44 41 19 25 41 44 49 50 51 53 52 48 42 37 55 59 64 62 64 67 79 91 95 95 27 19 38 42 33 81 69 76 80 83 90 105 107 109 104 104 94 61 46 43 39 39 38 43 38 42 44 41 41 43 40 38 40 40 39 40 49 56 58 61 61 96 115 92 107 110 108 
19 19 21 23 19 20 19 19 15 15 13 18 19 19 30 22 21 21 13 9 30 34 36 36 35 38 38 39 42 43 42 24 18 40 43 49 49 49 48 49 50 45 39 44 45 42 45 61 67 68 74 101 105 38 20 38 48 36 88 81 95 105 114 119 118 120 114 107 107 103 97 76 51 45 41 41 41 40 45 46 43 45 41 41 40 38 40 41 42 47 57 57 59 64 88 124 86 108 109 110 
18 17 20 22 19 20 20 19 19 17 13 15 17 16 30 24 21 21 17 10 25 32 35 35 35 37 39 41 42 45 45 28 14 38 43 47 52 53 53 49 52 46 43 42 50 53 52 75 88 96 97 112 121 101 48 41 42 49 87 94 109 123 131 125 122 121 118 112 108 108 108 101 73 46 41 38 44 41 43 44 42 43 42 39 38 35 34 39 39 50 53 57 61 61 81 125 91 104 110 113 
18 19 19 20 20 20 19 18 19 17 16 16 16 18 27 22 24 21 13 11 23 36 34 35 37 39 41 45 46 44 45 35 14 42 45 48 50 49 49 45 47 37 33 38 50 56 50 59 88 112 121 127 127 128 117 86 70 65 82 108 116 122 124 126 124 121 121 116 110 107 108 103 90 52 37 38 39 41 40 37 38 35 37 33 33 31 32 32 38 43 48 55 57 55 71 122 95 104 111 114 
17 18 19 22 20 20 17 17 17 20 20 17 13 18 26 20 18 18 13 10 13 21 23 20 20 21 20 24 22 24 21 18 7 19 20 20 19 23 21 20 31 29 37 44 57 69 78 95 108 119 124 130 132 128 124 120 108 102 101 107 107 104 99 114 126 126 123 118 109 105 104 103 97 65 44 55 43 45 39 28 22 21 21 17 15 15 13 13 25 38 47 50 52 50 66 116 103 99 112 113 
21 15 16 20 19 16 14 13 13 16 17 13 13 11 24 18 13 14 11 9 12 22 26 26 28 27 34 33 36 35 37 34 10 31 34 41 40 43 47 41 33 36 42 57 69 82 95 100 109 116 121 122 129 129 126 121 105 100 103 106 101 93 86 76 104 121 109 105 96 99 104 102 99 92 94 91 90 89 84 79 69 56 49 46 40 35 33 30 34 41 52 57 59 60 68 111 109 97 109 113 
17 17 18 19 22 18 20 16 18 18 21 19 14 14 25 23 20 21 18 12 11 27 32 29 31 33 34 38 38 40 40 38 13 35 39 44 46 48 48 42 29 28 36 42 52 60 70 91 110 118 121 120 119 118 115 107 94 93 94 98 95 90 88 83 74 84 89 85 87 102 106 101 97 93 98 101 104 104 103 100 99 94 78 65 60 56 47 34 32 40 49 51 62 63 68 107 118 94 108 112 
13 14 14 18 20 21 18 19 19 20 18 17 19 13 22 23 19 23 19 14 10 26 33 30 33 37 36 38 40 41 40 40 17 27 38 40 44 44 45 41 29 24 27 38 45 47 39 47 77 106 115 114 108 101 96 87 82 81 84 82 87 81 71 65 76 84 74 68 89 98 103 101 92 93 96 100 104 106 109 110 108 108 100 88 73 61 59 55 41 38 56 60 69 71 74 101 123 89 108 112 
13 15 15 17 19 19 19 17 17 18 18 17 19 15 19 23 22 21 19 15 10 21 34 32 33 35 37 38 40 42 41 40 22 24 38 43 47 49 48 44 26 26 28 35 37 38 50 64 78 86 100 108 104 101 94 84 80 71 78 83 79 67 67 94 108 99 93 83 89 98 101 95 91 95 99 103 105 107 109 113 113 112 110 104 93 72 61 57 51 44 59 64 66 69 74 97 126 89 106 113 
15 13 15 15 18 20 18 16 19 20 18 17 14 16 20 27 28 32 28 17 13 18 33 36 40 39 36 37 43 43 44 42 27 17 40 46 50 50 49 47 29 28 25 24 27 36 52 56 63 69 90 110 104 81 59 49 45 64 81 88 90 98 103 112 108 104 96 84 87 93 95 91 94 97 98 101 104 105 109 112 112 113 112 109 102 88 75 65 58 42 54 62 68 73 80 94 127 97 106 112 
20 15 16 17 19 27 28 32 32 32 23 19 16 19 53 87 92 87 92 85 77 63 54 49 45 32 25 23 24 21 23 23 19 10 20 20 23 26 24 24 33 37 36 32 38 42 41 50 59 78 94 83 41 28 33 31 55 61 66 92 101 103 106 109 107 108 98 86 83 87 85 88 90 95 101 103 103 106 107 112 112 114 115 111 104 95 86 66 62 42 58 67 69 71 78 92 122 102 103 112 
27 28 30 31 33 32 32 34 37 36 31 16 11 37 91 91 92 92 90 91 86 85 86 84 87 84 79 69 59 55 48 51 48 43 48 40 42 44 45 42 41 44 40 35 37 41 48 59 69 81 74 35 35 46 30 52 79 62 67 82 104 102 100 99 96 95 88 88 82 78 85 91 96 95 101 102 103 106 108 112 113 114 112 109 103 100 91 76 59 46 56 65 64 69 76 92 119 109 98 113 
32 33 33 33 33 32 33 38 37 35 32 17 12 41 87 88 94 92 97 98 92 95 96 92 91 87 84 76 71 80 81 85 100 109 118 103 83 75 72 71 60 48 41 36 35 34 37 35 49 67 52 28 25 24 39 66 68 58 65 80 92 88 79 90 88 81 80 81 81 84 90 93 95 100 103 102 104 105 108 110 113 112 112 110 105 103 94 82 58 45 51 60 60 69 75 90 114 117 95 111 
36 34 32 35 33 34 34 35 32 34 24 18 15 24 80 84 86 92 93 97 100 103 104 100 85 74 79 93 86 75 88 101 100 90 95 109 118 122 121 119 114 110 88 69 60 46 41 38 47 58 57 38 20 30 60 65 56 67 67 64 64 69 74 78 79 74 72 72 79 85 90 91 94 96 101 100 106 108 108 109 109 113 111 109 105 102 96 86 66 44 47 60 60 69 77 91 112 124 91 109 
34 35 39 35 34 35 31 33 33 31 20 21 16 13 43 81 78 78 82 88 98 103 104 105 94 88 100 87 75 76 72 84 86 69 72 82 92 108 118 120 119 119 122 122 123 120 108 97 76 66 72 44 32 69 71 49 69 67 59 50 58 66 64 63 67 69 66 74 82 88 93 91 96 101 102 103 105 108 109 111 110 109 110 107 103 98 93 88 77 57 49 61 59 69 79 93 106 130 91 108 
33 36 38 34 33 32 29 33 32 24 23 23 19 17 14 56 78 73 73 73 89 102 105 101 99 99 99 81 64 67 78 72 78 78 76 77 92 107 105 94 108 121 126 130 131 130 130 131 125 124 120 105 97 96 55 69 72 63 59 58 56 51 57 65 66 66 70 80 88 91 89 88 94 102 102 103 105 109 112 110 110 109 108 106 98 99 99 99 90 76 54 62 63 74 81 91 103 128 93 106 
34 35 35 33 32 30 29 30 24 23 21 20 17 17 14 14 56 73 70 72 75 89 98 94 94 97 91 84 75 76 85 89 89 96 98 96 98 87 62 100 119 129 130 131 132 133 132 135 135 134 132 133 130 119 111 101 83 66 59 44 45 57 56 61 61 51 68 79 88 87 82 91 94 100 99 103 105 106 107 107 106 107 107 103 105 109 112 114 112 107 93 80 71 78 88 93 106 128 98 106 
29 32 30 32 34 29 27 24 22 25 22 21 17 17 12 9 19 51 75 69 72 73 78 90 89 88 85 78 81 97 108 98 98 97 95 97 87 78 86 107 119 131 133 134 133 135 134 137 137 136 136 135 134 134 134 131 123 98 57 45 48 41 44 45 54 58 70 82 86 82 93 100 105 106 107 104 110 106 105 105 103 101 101 110 112 114 116 118 118 116 114 106 91 79 92 103 109 124 105 100 
30 24 30 28 30 28 22 21 24 22 21 20 19 15 11 8 19 24 44 72 66 68 66 76 75 78 74 82 91 98 102 99 95 102 104 100 61 56 60 62 101 124 132 138 138 139 138 133 135 135 135 133 133 133 135 135 134 126 108 72 37 36 39 41 56 69 82 95 105 112 114 118 120 122 122 119 123 120 118 115 113 109 107 111 110 114 116 120 118 117 116 112 105 87 99 105 108 124 108 100 
25 23 28 29 25 22 22 22 21 18 17 16 17 17 12 9 16 23 24 35 66 69 67 61 67 70 72 84 97 98 95 92 85 105 104 85 57 64 63 56 55 118 127 135 140 140 139 135 129 128 133 130 128 131 134 136 135 131 126 118 85 56 51 64 80 99 109 114 117 122 122 124 127 126 127 127 127 124 125 123 124 121 111 115 117 117 119 121 121 119 117 112 106 88 97 104 109 120 119 93 
23 24 29 33 23 22 20 21 21 23 18 18 16 14 14 14 20 23 25 24 30 62 72 69 70 67 79 90 96 93 96 98 100 114 116 87 28 19 39 43 56 95 123 127 133 133 132 130 127 127 133 131 128 130 131 136 135 131 128 127 124 113 106 110 111 114 118 118 122 126 127 127 129 130 131 131 131 129 127 126 124 125 117 115 116 118 117 119 119 121 117 114 111 92 97 108 111 119 127 89 
19 20 23 30 28 24 20 23 20 20 18 18 15 15 12 14 16 19 18 13 13 16 33 55 60 69 85 97 97 94 95 103 116 127 131 115 41 20 35 63 59 93 116 121 123 124 129 127 128 130 130 133 127 127 130 130 132 129 126 127 127 125 120 119 121 119 120 121 123 125 126 128 129 132 132 133 131 130 129 128 126 126 116 115 115 117 117 119 119 120 118 118 113 99 97 107 117 120 131 90 
16 15 16 23 29 24 23 23 22 19 17 16 12 12 11 15 13 19 19 23 21 20 13 29 44 79 93 95 90 85 91 112 121 132 138 137 112 66 61 59 57 75 108 115 117 118 118 121 130 135 135 135 130 124 125 123 127 128 127 126 126 126 125 122 123 123 122 123 123 124 126 126 130 132 132 131 131 131 132 131 125 126 122 116 117 118 121 122 122 121 121 118 115 100 97 107 119 117 134 94 
15 15 15 18 22 21 16 15 15 12 12 11 11 9 8 12 18 26 26 27 26 24 12 10 50 80 89 85 88 101 115 121 128 136 138 135 133 124 110 97 87 86 101 102 98 81 45 36 88 128 136 128 119 113 103 114 124 126 126 123 128 128 124 125 124 123 126 125 124 124 126 126 130 131 131 130 133 132 131 131 129 129 123 120 122 122 121 124 123 121 119 116 115 104 96 108 121 113 131 101 
14 15 20 15 17 22 16 13 16 12 12 13 11 10 8 11 16 26 26 25 31 29 15 11 47 77 85 86 92 109 116 121 130 133 131 127 127 125 119 113 102 91 84 79 71 60 22 25 23 43 86 105 101 88 93 121 129 128 126 126 125 126 124 124 127 128 128 127 126 125 125 126 128 128 128 133 132 132 130 130 127 128 125 121 125 125 126 125 123 122 119 117 115 104 89 105 119 110 127 109 
13 16 23 17 16 20 16 16 17 15 13 12 8 7 10 13 20 33 29 30 33 33 21 13 57 80 88 93 108 112 115 126 134 137 136 133 133 130 123 103 78 67 62 67 64 55 28 34 28 16 18 47 63 70 100 116 127 130 128 124 122 122 123 126 128 129 128 129 125 126 125 127 125 127 127 131 132 132 130 128 128 129 124 120 120 125 127 125 124 121 119 117 114 110 95 106 115 110 128 115 
17 18 18 15 15 18 15 13 14 13 9 11 10 7 6 9 22 34 30 28 27 26 17 13 56 78 76 82 99 111 116 120 129 131 132 131 131 132 127 105 78 62 62 68 62 49 20 23 16 24 59 86 91 75 96 114 123 125 124 121 118 120 123 127 127 130 130 129 125 125 126 127 128 128 128 129 131 133 131 127 127 127 125 126 121 125 126 124 122 123 120 119 116 107 91 105 106 110 125 129 
17 13 17 13 15 15 14 13 13 11 10 9 10 8 7 8 16 16 17 22 22 23 18 22 67 73 78 82 85 102 114 123 129 133 130 128 125 123 118 109 99 79 70 66 56 38 19 13 40 110 131 120 112 93 92 113 124 127 126 120 114 117 121 125 128 128 128 125 125 128 127 129 131 129 131 129 132 130 130 127 127 126 125 126 123 124 126 125 122 122 120 121 117 112 97 108 110 114 124 135 
19 19 17 15 12 14 12 12 13 11 10 8 8 5 9 6 14 31 28 28 30 31 26 30 72 80 74 80 91 107 101 113 125 124 117 119 118 119 118 112 106 99 81 62 54 42 42 52 112 135 133 131 121 114 95 113 123 121 123 118 113 117 120 125 127 127 126 126 127 126 130 130 130 131 131 129 132 129 129 128 126 126 126 125 122 119 122 123 121 120 120 121 118 118 100 109 111 115 121 137 
20 20 18 15 14 12 14 14 13 12 10 10 10 10 7 6 9 34 29 30 31 32 34 39 68 77 79 89 90 78 82 104 120 123 126 131 129 125 119 114 98 102 96 90 70 84 102 119 130 134 131 133 127 121 106 103 121 118 115 116 111 116 119 125 126 127 126 127 128 127 130 130 131 131 131 131 130 129 129 128 124 125 122 124 124 119 115 122 121 122 122 123 120 117 98 108 112 114 121 136 
24 23 18 14 16 13 14 14 12 11 15 12 10 7 5 6 13 34 40 33 35 36 36 34 68 80 83 83 76 76 93 112 121 131 139 136 131 118 89 61 61 92 109 117 118 122 126 128 130 128 129 132 124 121 118 109 117 118 118 119 115 113 119 124 126 127 129 128 129 131 130 129 130 131 132 132 130 129 127 128 126 125 124 121 121 121 112 116 120 122 120 120 117 113 98 106 108 114 119 135 
21 22 21 16 15 13 10 13 13 9 12 14 8 8 9 6 11 26 28 29 31 30 28 28 60 78 83 79 75 79 90 85 88 105 132 130 102 69 57 57 51 78 108 118 125 128 134 132 129 125 126 130 119 117 120 115 117 116 119 120 119 117 123 126 128 128 130 130 128 130 133 130 132 133 132 132 131 126 126 125 124 121 120 120 119 120 110 112 121 120 120 119 116 112 95 103 106 112 118 133 
15 16 20 19 14 12 11 10 12 10 12 9 9 7 7 7 9 22 16 17 15 20 21 20 54 84 86 87 87 81 76 72 88 112 125 104 50 49 61 67 57 99 119 121 134 132 138 136 132 123 126 128 116 119 117 116 119 120 121 123 120 118 123 125 130 131 130 129 130 131 131 131 134 133 132 132 129 125 125 127 125 123 123 123 121 119 107 103 112 114 116 113 112 112 98 102 107 109 113 131 
15 15 17 22 21 17 11 11 12 11 9 8 10 8 7 8 12 20 25 27 26 27 27 25 48 84 91 93 89 85 82 92 103 109 111 66 18 20 35 51 56 106 118 127 135 134 133 130 126 123 126 126 119 115 110 115 119 123 124 124 122 117 123 126 128 130 133 135 131 129 133 133 130 131 132 132 130 125 126 125 126 127 127 124 123 114 102 95 100 103 110 111 110 110 101 104 108 110 110 126 
13 14 18 17 19 21 18 13 12 12 9 11 11 9 10 7 11 20 30 26 31 29 29 24 44 80 92 94 94 86 85 83 87 101 99 59 25 24 37 41 55 113 125 133 136 132 130 122 122 117 117 117 116 117 113 117 123 125 126 125 120 121 127 131 133 134 131 133 134 130 129 131 132 132 133 132 131 128 127 126 125 127 124 124 118 110 109 104 99 98 102 107 111 105 96 96 105 108 106 122 
16 17 16 18 17 17 21 19 15 13 11 8 9 11 9 7 9 18 35 32 31 33 32 39 47 67 88 91 88 83 85 80 80 92 94 66 55 62 61 50 99 118 126 133 132 130 129 120 119 122 120 120 120 123 119 121 125 128 127 122 118 124 129 132 133 135 135 132 133 130 130 131 131 132 132 132 131 129 128 126 125 127 126 125 120 113 112 107 101 90 88 95 98 93 78 86 95 97 98 119 
20 20 21 23 19 15 15 19 22 15 10 9 9 8 9 5 11 12 24 29 23 36 59 72 60 58 76 89 90 88 84 83 82 89 91 84 51 49 61 96 119 125 128 130 128 128 126 121 122 123 123 122 122 120 125 125 128 125 125 120 120 124 128 132 133 134 136 130 133 132 133 131 132 133 132 130 130 128 125 127 125 127 128 122 118 116 114 107 99 73 77 84 81 72 44 69 85 89 95 115 
18 18 21 24 23 17 14 14 17 22 18 10 8 7 8 7 9 7 11 17 43 68 62 53 53 51 68 86 88 87 87 88 83 86 88 92 78 76 91 102 109 118 125 124 124 121 122 125 127 125 121 119 120 127 127 127 125 123 119 116 121 125 126 131 134 132 132 131 132 130 131 130 130 130 132 130 127 126 124 125 126 127 125 120 117 117 112 109 97 97 103 104 99 91 65 77 93 101 106 115 
18 20 21 22 21 21 17 15 13 14 13 16 13 9 7 9 11 9 23 52 64 56 48 46 52 51 62 81 87 93 94 87 87 83 86 86 87 64 75 88 92 110 114 117 119 122 125 126 126 123 120 121 123 128 130 124 123 122 116 119 121 127 127 132 132 131 130 130 130 133 132 130 132 128 127 126 127 127 125 127 128 126 121 120 116 113 111 110 104 110 112 112 108 104 90 84 100 105 108 117 
21 22 23 23 24 23 22 22 16 12 11 13 13 13 9 11 16 39 60 54 53 56 64 58 60 67 64 73 92 99 94 89 87 82 81 89 85 77 61 67 83 100 110 116 118 122 124 124 125 119 119 123 123 124 123 122 120 115 116 119 122 127 132 133 131 131 131 131 131 130 130 131 129 128 129 127 125 127 125 126 126 124 119 117 117 113 110 110 108 115 116 114 112 107 100 88 99 102 110 117 
22 25 23 22 23 23 24 23 21 16 12 11 10 12 15 28 60 61 54 56 63 70 72 75 71 69 68 69 79 91 89 92 87 84 83 92 98 95 90 80 86 87 108 117 122 121 119 119 118 118 120 119 120 120 120 118 114 115 115 117 122 125 130 130 129 127 129 127 128 127 126 126 124 126 127 127 125 126 125 127 123 123 119 119 118 116 115 106 113 118 117 117 115 110 102 88 100 105 111 116 
23 26 27 26 27 22 21 22 22 20 17 14 10 14 41 63 58 59 59 65 77 80 76 84 79 70 75 66 59 68 81 86 89 90 86 88 99 102 101 103 105 106 113 116 118 116 117 116 114 114 118 117 119 116 113 112 111 111 115 118 122 124 126 127 127 127 126 124 125 123 122 123 121 124 128 126 127 124 128 124 121 121 119 118 116 115 115 112 118 117 119 118 116 111 107 89 102 107 111 116 
30 27 30 30 26 25 23 25 24 21 18 12 14 48 59 56 57 62 73 74 82 87 85 82 83 77 78 66 60 52 58 56 65 72 65 75 94 103 106 108 110 111 112 109 112 114 112 111 112 112 109 109 114 109 106 109 109 112 114 117 115 121 121 121 123 123 122 120 119 119 121 122 121 123 124 125 125 124 125 122 121 118 121 117 115 113 111 112 118 119 117 116 115 114 106 80 94 106 111 116 
24 27 29 31 27 22 22 22 25 21 19 16 41 62 53 59 70 73 78 79 83 88 87 83 87 82 76 69 58 53 51 48 43 41 50 72 89 103 106 106 106 108 108 109 110 110 108 106 107 104 101 101 104 104 102 105 109 110 111 114 114 117 117 118 118 119 116 117 116 115 117 121 122 123 124 122 123 123 122 122 120 120 122 115 114 115 113 115 115 118 117 114 112 110 105 87 95 102 109 111 
24 27 28 26 28 26 25 25 25 23 21 20 65 61 68 73 72 74 80 84 82 84 83 78 84 82 77 63 68 71 67 60 53 57 65 73 83 99 103 104 107 107 106 102 99 99 96 95 95 95 95 96 99 97 97 102 106 111 110 115 113 113 113 115 113 114 113 116 115 114 119 121 122 123 121 121 120 119 122 122 122 122 119 117 116 115 114 118 119 114 116 110 106 102 98 75 90 97 103 109 
25 25 24 27 29 28 29 23 24 25 22 31 68 67 71 75 77 73 76 77 82 79 79 73 73 77 70 76 78 81 86 83 73 80 92 102 102 106 103 105 105 100 90 80 80 79 77 75 85 87 90 90 93 94 95 103 106 108 109 116 114 115 114 113 109 111 111 115 115 115 121 122 122 121 119 116 120 119 121 119 119 119 114 116 117 117 115 120 115 111 109 103 99 95 89 74 84 93 100 106 
22 23 26 27 32 27 25 26 27 23 18 21 66 68 75 76 77 74 75 74 72 75 70 69 72 81 82 76 72 78 81 88 92 100 103 104 99 91 79 81 77 68 59 52 51 50 48 50 67 78 84 87 93 92 97 101 104 107 106 112 115 115 114 113 110 112 112 114 114 115 117 117 115 116 114 110 114 118 120 119 121 116 113 112 112 115 115 116 111 106 103 97 92 88 84 67 76 87 94 101 
18 20 23 26 31 26 24 22 23 16 14 11 36 62 71 69 68 72 71 72 70 70 71 77 76 73 71 73 68 49 56 59 76 77 60 44 42 31 22 37 35 33 34 37 45 48 49 48 60 73 81 87 92 95 96 100 103 105 104 109 110 114 112 113 112 111 113 112 112 111 109 110 104 105 107 107 111 116 117 118 117 112 109 109 113 114 112 109 104 103 101 93 88 84 77 65 77 82 89 96 
10 13 16 16 18 16 16 13 14 12 9 10 7 13 25 37 46 53 52 50 51 50 58 47 45 39 28 32 35 36 32 34 36 33 29 29 31 29 30 33 29 29 32 37 48 51 49 47 55 69 77 82 87 89 95 95 99 99 97 105 106 109 108 110 107 108 106 108 104 107 102 101 97 97 96 99 104 111 115 115 115 108 108 112 112 113 110 105 101 96 90 88 83 78 72 56 73 77 87 94 
8 11 13 13 16 13 13 10 14 13 10 9 6 6 8 8 12 14 20 17 17 18 23 30 18 17 12 14 25 26 29 31 31 30 28 31 33 33 33 34 32 35 36 39 44 47 46 47 55 66 75 81 87 89 91 94 98 94 98 98 103 105 102 99 96 100 98 96 98 101 97 97 91 87 90 92 100 105 112 112 108 108 107 110 110 111 106 100 97 90 84 80 80 73 71 48 68 77 83 91 
10 11 13 10 13 13 11 12 12 12 11 10 9 10 6 9 11 26 28 28 27 26 25 31 33 20 16 15 27 27 30 32 34 34 32 33 36 38 36 36 36 38 42 44 43 42 47 48 58 66 74 82 87 90 94 95 98 98 98 100 99 98 95 95 92 93 96 98 97 96 93 90 87 84 87 87 95 102 107 104 106 104 105 107 107 106 101 96 89 83 80 75 75 75 71 49 64 77 84 89 
15 11 13 12 11 13 11 11 9 8 9 9 10 7 8 8 11 34 37 36 37 36 37 35 36 33 23 18 46 51 48 47 50 50 52 53 52 56 54 55 53 52 53 52 45 48 50 53 62 68 75 81 81 87 91 96 98 96 98 95 94 90 91 92 94 93 97 97 99 97 92 87 80 80 80 85 91 98 99 100 101 100 100 104 102 100 97 90 82 74 74 71 71 69 59 50 61 70 82 87 
15 11 13 10 11 11 10 11 12 10 9 8 6 6 7 8 12 32 34 35 37 37 39 38 38 37 31 19 79 80 76 74 81 81 80 80 76 80 77 77 75 74 70 54 46 50 54 57 64 69 75 78 80 84 89 95 96 94 95 94 94 93 89 88 92 93 95 97 98 95 90 83 81 84 77 77 91 94 95 96 95 93 97 99 96 94 90 83 77 72 69 68 67 63 50 34 53 64 78 83 
13 11 11 12 11 11 9 11 10 10 10 8 6 7 10 8 13 33 35 35 34 32 35 30 34 39 34 27 70 72 74 74 76 76 78 74 76 77 75 72 72 74 62 48 50 53 55 62 69 72 79 84 81 80 86 91 95 91 89 90 90 89 85 85 88 89 91 94 94 94 90 83 74 85 80 76 82 89 90 90 91 90 91 90 90 89 85 76 72 69 63 65 60 57 43 30 47 58 73 80 
12 12 13 10 12 12 11 12 12 11 11 10 11 11 10 9 15 30 30 29 33 32 35 34 37 39 35 25 66 73 77 80 77 75 76 73 76 73 70 70 72 70 55 48 52 54 58 60 66 73 79 84 82 82 83 86 93 90 90 90 88 85 87 83 80 85 86 88 90 86 87 80 77 78 78 73 72 82 86 82 84 84 85 87 81 84 78 70 63 62 57 59 57 45 28 23 38 53 67 79 
15 14 15 12 11 11 11 12 12 12 13 12 14 10 12 11 15 35 34 33 36 33 31 33 30 33 31 18 57 60 66 67 66 65 65 62 64 66 60 64 67 61 50 50 54 57 59 63 70 74 77 83 85 85 84 85 89 88 89 90 88 83 83 82 81 81 78 83 85 83 78 77 71 71 72 69 66 79 84 83 82 78 81 79 79 77 77 67 58 54 55 52 52 37 23 25 37 48 63 74 
13 17 17 14 15 11 14 13 12 12 13 13 12 12 11 11 19 41 33 37 43 44 38 39 37 38 26 27 64 65 68 65 63 62 64 62 62 64 64 66 63 60 56 56 60 60 62 66 66 70 74 78 83 80 83 86 88 89 90 87 86 81 76 76 78 75 73 76 77 77 73 70 70 68 62 62 59 75 82 80 77 74 73 76 74 74 72 62 49 50 48 48 45 31 20 24 35 45 59 72 
17 14 17 13 14 15 16 17 16 14 13 14 15 14 12 9 22 36 28 30 37 36 36 34 35 38 20 41 80 77 77 74 73 71 72 70 70 70 70 71 71 65 56 59 62 66 68 69 73 69 75 75 82 86 87 86 86 85 88 86 82 77 73 70 75 71 74 73 73 71 65 65 64 59 64 62 64 73 80 77 73 71 69 74 69 68 63 55 48 45 47 41 36 25 15 22 32 41 55 67 
12 16 18 14 16 17 14 15 14 13 14 15 14 15 15 12 18 25 21 21 22 22 25 25 21 25 11 43 61 62 60 61 64 62 64 63 63 67 62 64 66 58 53 59 64 68 69 70 71 70 72 78 82 86 89 90 88 85 81 82 76 71 69 69 69 72 73 78 79 81 80 80 86 89 88 82 89 92 91 89 90 86 83 78 78 69 54 48 40 38 33 28 21 20 14 19 30 40 48 60 
16 18 18 17 17 18 17 16 17 16 18 18 15 17 17 13 34 53 48 52 47 45 40 35 24 22 9 26 26 29 28 29 29 27 27 28 28 29 24 38 48 53 51 63 68 67 68 69 74 73 73 78 81 84 86 87 86 83 82 80 77 72 78 78 72 77 76 83 83 79 82 83 89 87 83 76 76 75 73 74 84 90 97 91 87 80 73 49 35 34 25 22 21 18 15 19 28 40 47 57 
18 21 18 17 21 22 21 19 19 19 17 20 19 18 13 16 49 70 74 75 79 77 80 75 47 59 31 115 113 113 111 111 110 105 102 99 95 73 41 81 71 56 56 61 65 69 70 71 78 76 73 74 73 81 82 84 84 83 81 84 81 82 82 82 76 79 75 81 82 82 78 78 84 86 83 81 79 78 77 74 71 61 63 84 89 81 76 73 45 32 25 24 22 16 14 20 28 36 46 57 
13 18 21 19 23 20 23 24 20 21 20 21 20 16 16 13 57 73 79 78 83 85 84 79 52 47 61 135 134 134 133 135 133 131 130 132 133 92 79 121 93 60 52 53 65 72 75 73 76 75 73 72 75 84 84 80 82 82 81 80 72 65 68 65 68 71 92 93 94 93 95 93 97 97 94 89 86 81 79 78 77 78 77 65 64 77 78 70 68 37 22 22 22 18 16 20 29 34 45 59 
15 18 22 21 20 24 20 23 21 19 20 22 21 22 19 12 64 71 79 81 82 85 80 76 55 32 88 135 135 135 136 138 134 134 136 135 134 78 102 126 92 60 55 56 64 73 75 74 76 78 77 81 73 71 78 78 76 81 73 66 61 58 62 62 67 70 86 87 89 88 88 84 88 91 98 93 92 92 91 90 86 80 77 76 74 61 65 73 64 55 28 25 21 18 17 20 27 36 45 58 
18 19 21 22 20 21 22 22 21 21 25 24 26 31 30 15 40 49 55 57 63 72 71 64 49 23 114 135 135 136 139 136 136 137 135 134 135 61 119 128 106 60 54 58 62 68 77 79 82 80 69 65 70 73 77 81 77 73 63 66 60 56 56 55 58 63 62 61 63 59 59 58 63 70 85 82 83 85 87 87 86 88 85 86 76 74 66 65 65 65 35 24 24 22 20 24 29 37 44 59 
19 20 23 26 34 35 34 36 37 35 37 36 38 41 32 15 63 63 63 59 58 52 51 31 25 20 76 83 83 83 87 86 85 92 92 97 90 37 95 105 96 65 55 59 65 71 74 73 79 64 57 68 69 73 71 75 76 71 60 55 49 44 47 54 58 68 79 88 88 88 86 87 87 84 88 86 78 74 68 69 71 78 81 82 81 83 76 74 65 63 49 26 24 26 24 24 27 36 44 56 
17 20 27 39 40 47 46 47 49 46 42 41 39 39 30 18 84 83 85 86 87 86 84 44 35 46 128 126 128 126 125 125 122 119 113 109 87 37 100 101 92 71 54 59 66 69 72 67 52 61 65 67 74 73 66 75 71 66 57 54 56 65 58 56 66 73 75 72 71 73 71 78 81 78 84 91 89 91 91 85 75 72 65 66 68 76 78 78 69 63 53 37 26 26 23 27 31 37 42 56 
17 21 26 39 41 46 45 46 43 44 40 38 31 31 21 21 91 90 93 91 90 92 87 47 26 75 141 139 141 140 142 143 141 141 142 141 103 76 140 138 125 83 56 59 66 66 69 63 61 64 70 70 62 62 62 70 76 64 52 64 63 63 66 76 74 74 66 70 72 70 71 72 72 67 68 78 72 69 70 72 76 86 87 83 70 61 67 71 72 69 61 50 29 28 24 25 31 34 43 56 
22 23 24 29 35 37 37 38 38 34 31 30 26 21 16 25 82 85 89 86 88 91 82 45 20 102 140 139 141 141 145 148 148 150 148 148 89 101 143 146 137 89 61 59 67 67 66 65 66 68 62 62 58 55 56 65 72 61 56 61 64 63 76 77 64 69 74 74 74 72 73 76 75 78 79 77 77 71 72 67 61 62 65 74 81 78 74 66 64 67 63 54 42 30 26 27 33 39 44 55 
22 21 24 19 19 24 23 24 26 20 18 20 20 23 18 18 41 47 50 54 62 67 65 27 19 107 124 124 127 129 134 143 147 147 145 148 63 117 139 139 139 98 66 64 66 68 63 63 68 60 59 53 51 52 53 66 69 58 61 58 66 72 66 61 61 69 72 76 79 77 82 84 82 81 76 79 83 75 77 79 76 74 69 67 61 65 75 75 73 65 61 56 52 39 22 27 32 35 41 52 
21 22 27 26 23 25 25 23 25 23 23 24 22 26 17 28 62 63 62 56 56 50 35 14 22 59 62 63 65 69 72 78 85 86 87 84 29 77 91 89 103 88 72 65 67 66 62 61 57 60 51 50 50 55 56 69 70 63 64 70 74 65 55 61 59 71 75 82 81 79 81 84 82 84 82 83 84 89 81 77 78 75 72 72 70 69 66 61 65 73 64 57 55 51 30 25 30 33 38 49 
21 21 24 29 30 29 27 28 29 26 27 23 25 29 15 34 71 74 71 74 75 73 55 13 46 96 96 97 100 102 109 118 121 120 121 107 34 106 102 99 105 101 81 71 68 63 61 59 62 56 48 52 57 55 61 80 69 74 75 67 58 52 58 53 66 80 69 77 78 78 79 80 81 83 80 78 76 86 83 81 80 81 80 72 72 67 64 66 64 60 68 69 58 54 49 28 28 33 35 50 
21 23 25 29 29 31 31 32 30 30 25 26 28 31 14 34 75 77 78 81 80 74 53 14 72 104 103 103 107 109 116 129 132 133 135 106 62 131 123 123 131 129 88 73 70 62 57 54 53 51 53 52 63 59 66 76 80 71 53 54 61 53 58 66 70 81 80 100 102 100 95 101 99 91 96 100 101 99 94 83 79 75 71 78 75 78 72 66 68 68 58 55 60 55 53 35 27 32 35 45 
21 23 28 28 30 32 28 33 32 30 27 27 30 34 14 41 75 80 81 81 83 79 41 18 93 105 106 108 108 113 119 131 138 137 138 87 85 136 127 128 136 131 105 76 66 60 56 51 53 53 55 56 58 64 74 85 70 60 59 54 58 71 80 73 63 65 65 76 67 72 77 74 76 75 74 76 81 84 89 89 93 97 92 86 79 69 72 79 69 66 62 59 54 56 56 48 30 31 32 43 
18 26 23 22 24 22 23 24 22 18 22 21 22 21 13 37 53 58 63 70 75 73 24 32 106 108 111 111 114 118 123 133 141 141 143 67 113 139 135 132 142 137 123 81 64 57 54 55 54 54 57 64 67 73 74 77 70 66 56 64 73 77 65 58 51 56 60 70 66 56 64 61 58 61 65 65 68 76 87 79 75 81 80 84 88 87 77 66 66 67 68 63 58 53 50 46 34 29 30 42 
17 25 29 29 31 26 23 25 30 28 25 25 29 26 12 46 57 60 58 50 47 34 14 32 65 62 65 69 73 76 81 91 101 109 109 39 105 121 118 118 128 130 120 91 57 53 56 57 63 66 64 66 75 68 63 81 68 67 71 77 71 59 52 55 77 89 92 64 58 51 55 56 62 62 60 59 58 57 74 71 62 67 70 75 76 76 76 85 75 68 67 62 57 53 50 46 39 26 26 37 
12 23 25 28 32 34 34 35 39 34 31 26 30 28 12 62 80 81 83 81 73 55 15 69 99 99 100 98 99 100 103 105 109 107 91 30 94 97 89 85 90 90 86 76 58 56 59 62 60 62 67 73 67 64 59 77 84 81 77 61 60 62 87 90 86 76 74 69 71 71 76 73 74 76 76 76 77 72 83 84 79 72 68 65 60 64 71 71 75 79 69 63 65 57 50 48 44 30 26 33 
10 18 25 28 31 31 32 37 37 32 29 25 26 28 16 64 83 86 85 82 71 50 18 97 113 113 113 115 116 120 121 130 140 144 114 69 143 144 137 131 139 140 139 80 64 63 60 62 63 71 72 66 65 63 70 85 89 81 66 56 59 107 102 62 59 56 67 62 76 73 75 77 77 79 76 79 79 80 83 87 77 70 74 79 78 69 61 62 65 71 76 73 61 57 51 47 43 29 19 28 
