44 47 45 49 49 49 54 55 52 51 53 56 55 56 58 59 61 65 66 66 68 71 70 69 53 29 30 19 15 55 51 57 63 70 58 32 57 56 57 58 57 60 56 45 53 52 57 58 56 54 52 55 54 53 54 55 55 56 55 55 55 54 54 52 52 53 52 52 52 57 75 71 51 51 48 45 42 43 44 45 46 47 55 60 60 56 49 54 63 56 59 65 43 37 33 35 56 74 72 22 
56 56 59 60 59 62 59 63 68 71 67 68 71 72 75 77 72 73 79 95 107 125 123 111 94 73 68 77 82 92 59 54 77 90 77 80 80 95 96 88 94 87 92 78 68 65 69 75 80 76 77 67 62 61 58 51 57 62 57 64 51 58 72 64 48 52 52 52 51 61 65 58 55 58 50 40 34 34 41 48 50 49 47 45 49 48 47 57 72 74 72 74 67 61 49 46 57 75 64 31 
72 74 82 91 103 133 139 133 141 147 153 158 163 165 168 171 168 158 152 170 175 187 187 182 164 159 148 138 136 123 59 60 129 129 120 117 100 115 114 115 112 94 79 67 54 56 57 67 59 47 49 45 45 43 52 53 59 61 68 64 66 72 63 52 51 56 55 59 57 66 74 91 117 93 76 56 59 53 67 77 74 68 67 67 68 64 58 58 60 65 63 59 57 58 59 58 62 64 61 65 
33 34 35 38 45 44 41 42 43 47 47 45 46 47 49 50 48 50 54 60 67 73 72 83 101 98 70 61 62 51 60 51 59 98 100 88 44 75 84 88 79 71 39 28 55 51 45 41 35 36 41 47 40 42 36 35 38 29 28 31 27 30 31 37 30 35 29 27 27 33 35 43 65 50 30 24 42 49 48 48 48 50 52 53 54 58 63 56 56 59 54 44 43 45 54 53 45 36 48 80 
29 33 28 32 35 35 40 40 40 41 44 46 53 54 55 59 56 56 64 67 72 75 73 88 131 123 73 80 70 48 68 66 62 69 71 65 58 62 63 63 63 62 54 39 56 55 58 55 55 50 51 54 55 56 54 54 52 53 53 52 52 54 52 52 51 50 50 49 48 51 52 58 82 49 29 17 51 99 103 106 108 108 105 97 88 92 84 74 67 19 58 87 86 87 96 99 76 74 93 108 
60 64 64 64 64 64 65 66 66 67 67 68 68 68 68 68 68 69 68 69 73 74 78 94 135 129 114 104 95 64 78 67 57 62 63 63 64 64 63 62 59 56 51 48 53 55 52 53 51 56 53 49 52 53 57 60 58 58 61 56 56 59 59 60 55 57 56 59 59 56 64 77 91 62 46 41 35 67 90 95 96 88 86 86 82 75 72 74 64 32 57 72 83 79 87 90 91 96 97 51 
58 63 67 74 79 77 79 81 85 90 89 91 88 93 98 102 101 104 112 117 120 131 159 183 196 173 147 139 130 116 106 81 85 133 129 88 102 127 110 103 86 77 80 95 75 87 94 96 94 106 118 63 65 108 100 95 90 83 76 82 79 72 70 59 56 57 51 56 69 76 84 93 83 74 85 68 60 74 76 74 72 64 64 59 64 66 69 71 67 73 74 70 66 63 72 83 91 91 92 61 
78 83 83 92 91 89 90 94 100 103 98 98 97 95 95 97 97 96 98 94 92 100 115 135 152 140 117 103 121 129 109 81 62 72 70 62 60 62 59 61 63 63 31 26 58 63 63 64 62 56 56 62 64 64 66 65 66 66 65 66 66 65 65 65 64 64 64 65 64 63 64 74 74 76 79 69 59 55 50 72 75 75 77 73 76 79 77 72 53 44 48 43 50 71 75 62 75 80 83 88 
68 71 72 73 73 73 73 73 73 73 73 73 73 72 72 72 72 75 74 74 75 77 78 83 126 133 120 86 100 115 81 80 74 75 71 66 62 61 60 60 62 63 41 38 64 66 67 66 63 56 57 66 67 67 67 66 64 64 64 64 64 64 64 64 63 63 63 63 63 63 67 95 106 105 99 74 73 50 43 82 117 120 117 114 107 113 116 113 105 74 45 42 65 75 45 72 89 95 95 100 
68 70 71 71 73 73 73 73 73 73 73 73 73 74 74 74 74 74 73 73 74 75 76 78 112 129 117 109 61 112 117 119 114 92 73 66 61 59 59 57 57 59 38 31 66 68 68 68 66 57 58 67 67 67 67 67 69 69 69 68 66 66 66 66 65 65 65 65 66 67 72 101 107 103 106 96 87 58 45 37 83 115 114 122 115 111 117 119 118 115 90 81 79 57 45 76 84 83 96 100 
71 73 75 75 75 75 75 75 76 77 77 77 77 77 77 79 79 78 79 79 80 80 80 80 96 124 117 101 55 101 140 136 114 86 79 70 62 60 62 61 60 59 43 32 66 72 70 69 63 54 56 65 67 65 64 65 66 64 64 66 66 65 65 65 64 63 63 64 63 64 73 99 103 101 105 106 86 79 35 38 44 90 108 111 110 109 116 119 120 121 121 108 93 76 62 56 68 76 103 103 
63 63 65 71 72 74 72 65 67 76 74 71 68 60 66 68 67 60 59 76 86 84 74 88 87 111 106 62 84 103 128 123 94 57 72 43 35 61 96 99 93 85 48 33 81 79 73 61 64 67 59 53 50 45 43 49 40 39 40 52 53 49 47 40 50 56 38 37 39 47 89 103 100 104 104 104 99 72 47 36 35 52 97 109 107 107 111 118 119 120 122 122 82 67 63 65 96 87 101 107 
54 58 59 61 58 67 64 67 65 69 66 67 65 62 65 66 64 66 66 68 69 71 72 73 65 65 47 35 48 39 83 95 111 76 73 69 62 60 59 58 59 59 45 30 60 67 66 66 64 54 57 65 66 66 66 66 66 64 65 66 65 65 65 64 64 63 65 65 64 64 73 100 99 102 104 106 109 93 68 39 43 37 54 100 108 109 107 107 107 107 107 109 106 87 84 98 103 107 103 108 
54 49 46 48 45 48 48 48 54 63 83 73 67 63 90 101 70 74 94 102 128 136 159 172 109 64 50 45 32 35 34 43 49 34 32 29 26 24 21 20 17 17 39 26 16 17 19 18 17 14 14 17 16 17 18 18 18 18 19 18 19 19 21 21 22 23 31 43 41 41 58 98 98 101 105 105 103 103 79 56 35 41 34 60 102 106 108 108 108 109 109 106 100 97 97 95 98 99 100 102 
64 47 41 40 50 46 61 65 59 74 93 90 76 53 81 58 48 50 52 55 56 57 61 64 51 41 36 35 34 33 31 33 42 31 30 29 25 22 19 18 11 9 34 27 10 8 10 11 9 8 7 9 9 8 8 9 9 8 9 9 10 10 10 12 16 39 58 69 80 78 83 95 96 102 104 104 101 99 91 65 46 39 38 41 71 105 108 106 108 112 116 110 113 115 122 122 114 104 100 103 
26 28 28 33 37 40 41 41 42 42 42 42 42 42 41 41 42 42 41 43 43 46 54 67 75 77 74 70 69 62 57 48 42 42 41 39 38 35 33 35 18 9 32 22 16 18 18 18 16 11 8 9 12 12 10 11 13 12 15 12 21 30 41 57 62 88 94 94 105 104 102 97 99 107 103 103 105 101 105 86 60 36 47 42 45 76 100 101 104 113 111 112 112 118 130 134 129 130 99 95 
41 43 43 43 45 45 45 46 47 47 47 48 48 48 49 50 51 51 51 54 59 90 110 114 115 116 115 116 120 117 114 109 102 87 72 62 55 51 50 50 27 11 35 29 19 18 16 19 16 14 14 16 16 13 11 14 21 24 28 45 66 77 81 91 92 102 103 109 110 115 112 99 106 110 109 107 109 106 103 103 75 53 31 46 42 64 89 90 88 90 91 97 101 114 117 128 132 132 132 106 
50 52 51 51 53 53 53 55 56 55 56 56 56 55 55 55 56 57 59 63 109 118 117 124 123 121 117 122 132 140 139 125 118 119 120 110 102 94 94 99 93 70 67 57 54 56 63 65 54 39 39 40 47 56 56 51 67 67 76 87 95 96 99 91 100 106 107 114 115 117 119 115 118 115 112 105 105 106 108 102 98 66 44 35 44 43 68 78 81 86 86 89 89 93 96 102 114 128 133 131 
58 61 60 60 59 57 61 55 63 68 60 59 62 62 60 66 68 69 68 77 125 120 118 126 126 122 123 122 133 132 134 129 132 130 130 131 123 113 111 113 114 113 108 98 96 102 105 114 113 102 94 98 96 92 94 87 97 92 94 97 97 103 100 100 105 114 114 116 118 121 122 121 123 122 119 115 110 107 107 101 102 87 56 39 42 35 47 72 80 82 82 84 85 88 90 94 99 106 125 136 
56 60 61 60 61 62 61 62 63 64 64 64 64 64 64 66 66 67 67 71 114 123 123 124 123 123 118 130 141 138 130 126 128 136 139 133 120 121 119 113 112 118 107 94 95 104 106 110 120 121 115 111 106 104 96 97 89 90 104 105 105 108 108 108 107 113 115 114 113 118 119 122 123 121 122 120 123 116 106 101 106 98 74 62 35 42 34 56 71 75 78 79 81 84 90 98 100 104 107 116 
65 67 67 67 68 69 69 69 69 70 70 72 72 71 71 72 72 71 72 74 90 124 123 120 121 125 127 135 135 127 137 142 133 140 139 127 127 114 120 117 115 123 113 100 99 101 104 115 126 123 123 114 112 110 113 107 89 86 105 97 102 112 116 113 117 109 109 110 113 119 121 122 120 122 123 124 123 116 113 110 102 101 96 61 47 33 36 31 57 72 83 84 84 79 81 90 96 98 104 106 
72 72 72 74 74 73 74 75 75 76 76 76 76 76 76 77 77 77 77 78 79 105 123 119 119 122 126 130 129 124 143 142 136 146 131 122 129 125 108 121 121 119 112 112 108 104 113 120 119 117 117 119 121 116 112 102 82 92 109 108 96 99 114 122 130 119 112 112 115 119 120 119 118 120 121 118 120 122 119 111 109 111 104 79 76 50 40 30 29 72 93 96 94 82 76 79 92 102 110 110 
74 75 75 76 77 77 77 78 78 79 79 79 79 79 79 80 80 81 80 80 80 83 99 114 116 117 120 127 125 131 137 130 139 139 128 131 130 114 111 115 117 116 111 108 108 113 120 119 126 129 124 128 123 101 91 91 110 121 123 121 114 92 100 114 124 124 118 116 118 124 119 116 118 119 115 115 122 123 122 122 116 116 110 104 78 101 31 41 24 62 98 102 98 85 73 75 83 92 105 110 
76 78 78 78 78 78 79 80 81 81 81 81 81 81 81 82 82 83 84 83 84 84 83 94 110 110 111 119 119 126 130 131 132 131 127 129 121 115 124 120 118 115 114 114 117 120 127 129 130 142 140 131 131 96 94 124 133 136 130 120 103 90 102 100 129 121 120 114 123 122 116 114 118 114 114 120 121 127 128 126 123 117 111 106 96 71 45 37 34 45 78 96 94 89 86 87 87 88 94 105 
80 79 78 77 78 77 76 76 75 75 73 74 73 76 75 72 75 75 78 79 76 78 82 88 90 103 107 110 109 117 121 125 125 117 117 121 116 107 122 121 117 118 116 122 118 121 121 127 126 139 141 131 112 107 123 130 131 135 132 114 90 104 116 101 127 122 115 123 133 114 120 117 117 115 121 120 124 127 128 127 130 123 112 106 98 81 62 44 46 31 54 96 103 98 92 93 98 99 94 92 
48 52 52 55 63 65 64 67 65 66 67 72 71 70 72 67 71 73 78 75 75 76 77 78 78 78 98 115 111 107 111 109 112 107 111 113 108 115 119 119 118 125 119 121 119 121 128 127 128 136 136 122 133 142 139 125 116 124 128 107 97 113 111 103 132 126 121 128 135 120 121 122 112 120 127 122 125 129 128 131 130 131 124 113 106 94 79 54 33 42 48 69 95 99 105 105 99 96 96 93 
79 79 79 80 79 79 80 80 80 80 80 82 82 81 81 82 82 83 83 84 84 84 84 84 84 84 87 98 118 114 106 103 104 104 109 111 113 119 119 119 122 121 116 117 118 124 127 130 131 137 137 137 146 144 142 131 119 123 120 111 104 122 117 119 131 129 123 136 136 128 127 116 114 125 130 126 132 133 136 134 132 129 130 126 115 105 97 74 52 40 44 53 74 105 104 102 101 109 102 89 
83 84 83 83 85 85 85 86 86 86 86 86 86 87 87 88 88 88 88 88 88 89 90 90 90 90 90 90 95 115 120 113 105 100 101 105 110 115 114 121 124 117 118 124 125 132 135 137 140 140 134 148 159 159 142 134 132 123 125 105 113 116 121 131 138 132 122 143 133 134 131 115 119 131 130 135 141 147 147 139 138 138 131 121 115 110 111 87 55 20 41 51 54 86 100 102 108 113 104 87 
85 86 86 86 86 86 86 86 87 87 88 88 88 89 89 89 90 88 88 90 90 91 91 91 91 91 91 91 91 93 105 120 117 101 91 92 103 108 117 127 121 119 123 123 129 137 137 144 151 145 128 150 166 170 153 128 132 141 140 115 123 100 115 130 147 130 117 143 127 141 133 115 135 127 129 141 150 155 153 149 147 138 131 124 116 112 111 108 72 31 24 45 53 53 91 109 111 110 100 90 
86 86 87 87 87 87 87 88 88 88 89 90 90 89 90 90 90 90 90 91 92 91 91 92 92 93 93 93 91 89 98 99 102 103 96 96 99 102 118 122 121 121 127 127 125 136 142 148 154 142 101 106 109 144 167 149 126 142 149 130 138 111 114 129 145 131 127 138 126 150 122 126 133 121 130 140 150 157 160 158 147 137 123 122 116 110 115 118 94 70 42 36 58 50 64 107 113 110 101 107 
79 77 78 77 76 78 79 74 70 74 72 70 72 74 74 75 73 70 67 66 71 74 67 71 73 81 82 78 89 92 87 103 95 88 92 105 108 108 124 119 124 120 121 122 120 128 137 144 154 136 81 89 109 121 115 157 130 131 145 142 135 116 125 126 138 133 135 130 131 144 117 139 121 119 129 132 138 148 157 153 146 134 125 123 116 111 116 116 109 92 76 56 47 40 28 74 113 110 104 107 
71 68 71 72 73 77 73 71 68 71 72 73 75 75 77 77 79 79 81 82 83 84 84 86 86 85 88 88 86 91 88 94 99 102 107 110 106 110 123 125 124 127 126 130 129 137 133 145 149 128 55 42 45 82 112 124 146 132 133 141 129 121 137 141 132 134 128 132 134 127 136 128 118 125 122 123 127 137 145 147 141 131 122 116 114 115 120 113 113 103 88 77 48 51 34 54 88 110 111 104 
86 85 87 86 86 86 87 87 88 89 89 89 89 91 91 91 91 91 91 92 92 92 92 92 92 92 93 93 94 79 91 103 105 120 114 106 104 112 122 122 122 127 129 138 142 144 145 149 155 131 92 66 51 61 115 98 151 138 124 138 141 138 149 146 138 136 136 140 140 121 126 117 128 119 116 122 122 123 127 126 124 123 121 114 110 110 105 109 114 110 92 90 85 54 55 34 55 98 110 103 
89 89 90 90 90 90 91 91 92 92 92 92 93 93 93 93 93 93 93 93 94 94 94 94 94 94 95 95 94 86 96 99 113 114 117 113 100 107 112 121 121 124 131 133 136 136 141 150 156 139 49 48 70 110 115 98 153 148 124 133 143 149 150 151 136 128 142 144 141 140 95 121 117 112 118 118 114 115 118 119 122 118 115 116 113 109 104 110 112 113 103 87 109 70 56 47 50 71 95 98 
90 90 91 91 91 91 92 92 92 92 92 93 93 93 93 95 95 94 94 94 94 95 95 95 95 96 97 97 92 80 88 99 114 116 118 117 115 121 127 123 119 117 112 111 110 106 109 122 140 147 93 111 119 97 77 108 159 160 135 135 144 153 149 143 137 129 145 154 147 133 123 98 102 115 113 113 113 115 116 117 120 120 118 113 116 106 105 108 111 112 107 95 94 82 46 55 46 48 75 91 
91 91 91 91 92 92 92 92 93 93 94 93 93 94 95 94 95 96 96 96 95 96 95 94 94 94 96 93 87 80 92 99 110 114 119 122 113 118 131 123 115 121 127 121 120 117 115 114 126 138 137 105 94 71 86 110 132 125 133 136 136 144 150 154 147 134 142 153 140 136 126 106 101 97 105 107 109 109 113 122 124 120 119 116 106 98 99 107 113 116 108 101 94 89 62 45 49 35 43 72 
72 74 72 73 72 75 73 71 70 71 68 68 68 67 67 72 70 64 66 64 61 69 70 70 78 75 68 72 85 92 91 96 106 114 120 120 129 133 120 110 125 139 148 154 151 149 148 136 130 135 156 167 143 118 109 113 105 93 105 114 124 134 149 163 155 147 148 148 140 143 135 119 108 92 91 104 107 109 116 121 121 121 119 112 105 103 109 115 120 115 113 107 95 98 82 48 53 31 27 44 
72 73 74 75 75 77 78 78 81 82 84 86 87 87 88 90 90 92 93 93 93 94 94 94 94 93 93 93 92 80 92 98 112 113 118 128 127 128 136 140 126 105 119 143 154 154 148 143 136 134 143 162 174 175 168 146 111 89 93 108 117 127 135 139 139 142 151 161 145 140 139 116 111 103 85 92 105 113 118 123 124 111 109 109 110 112 112 117 120 113 109 98 100 100 93 49 31 48 26 35 
93 94 94 94 93 95 95 95 95 96 96 97 97 98 97 98 98 98 98 98 98 99 99 99 99 99 100 100 99 99 80 93 106 107 114 124 132 130 132 138 136 130 118 112 119 132 143 146 144 141 139 141 153 158 167 175 158 127 124 127 113 102 110 110 126 146 156 159 147 151 142 119 112 110 83 93 114 119 117 118 116 107 106 107 110 120 119 119 119 116 107 100 103 91 84 64 45 52 37 35 
96 96 96 96 96 95 96 97 97 96 97 97 97 98 98 98 98 99 99 99 99 100 100 100 100 100 100 101 97 98 101 90 94 108 116 121 126 124 122 132 127 119 121 129 133 139 151 152 152 154 149 146 151 154 154 163 160 155 145 131 113 103 104 105 120 127 148 164 166 159 137 121 113 113 87 88 112 120 117 113 111 110 108 108 112 114 115 113 110 105 103 94 61 52 67 84 83 77 74 62 
96 96 95 96 96 97 97 97 98 99 100 99 100 99 99 99 99 101 101 101 101 101 101 101 101 100 100 100 98 96 100 108 110 101 112 111 116 118 129 131 119 124 121 117 122 137 149 149 154 155 154 157 157 158 160 166 162 157 152 138 126 120 122 123 135 131 121 159 169 155 127 119 115 118 85 88 115 119 118 108 105 111 110 111 114 116 116 115 112 103 102 76 46 87 116 165 192 191 138 86 
84 84 84 83 83 84 82 81 81 81 80 81 84 86 85 85 86 86 84 83 85 88 86 81 78 74 72 75 78 101 108 108 115 112 103 99 111 111 118 128 128 131 129 131 138 140 147 147 149 152 146 151 152 156 161 165 170 162 162 158 150 139 145 144 149 132 113 151 169 153 127 124 130 117 83 98 117 119 111 107 111 111 114 116 117 119 118 112 103 103 99 72 47 75 83 102 132 177 119 75 
67 67 68 71 74 79 78 79 80 79 80 82 84 85 85 84 83 82 84 85 86 87 88 90 91 91 92 93 91 102 111 95 91 103 104 106 113 105 101 109 114 112 113 107 124 133 143 151 152 149 145 144 146 146 147 150 150 151 154 156 156 154 153 148 137 123 117 116 111 125 124 127 130 103 82 102 112 112 110 104 109 113 117 119 116 119 119 104 103 97 91 90 58 68 95 97 113 138 107 72 
94 94 96 96 97 97 98 98 98 99 98 99 100 101 101 102 102 101 102 102 103 102 102 102 102 102 102 92 84 85 84 80 90 96 100 103 106 108 114 122 135 144 145 147 143 133 133 139 138 140 137 135 138 141 148 148 143 151 151 143 138 143 141 137 132 122 119 101 111 137 132 117 111 83 98 108 106 110 109 111 116 121 120 122 116 114 114 101 100 92 81 90 79 61 89 110 101 116 111 92 
99 99 99 99 99 99 100 101 101 101 101 102 101 103 103 104 104 104 104 104 103 103 103 103 103 103 98 77 75 73 99 110 88 87 93 100 104 107 110 117 117 122 130 142 141 139 131 125 125 130 134 133 141 142 143 142 124 121 125 126 128 140 142 147 137 114 113 142 153 132 117 98 83 93 105 110 110 110 111 120 120 123 123 121 115 119 115 97 94 82 75 80 83 100 52 108 108 107 113 114 
79 79 79 78 75 74 72 70 72 71 72 98 103 102 103 103 103 103 103 103 103 103 105 105 105 101 87 74 80 108 109 97 91 85 91 103 109 112 120 118 127 123 118 115 125 132 130 130 139 80 88 84 62 73 96 93 94 102 108 105 99 104 116 127 119 107 153 148 124 111 86 70 96 104 106 108 107 110 115 122 125 123 129 121 123 121 114 92 88 76 78 84 90 76 42 76 112 107 117 124 
14 13 14 14 15 17 18 20 22 26 29 84 87 88 86 89 85 85 85 87 82 81 80 76 86 86 77 91 115 111 107 106 104 100 106 105 108 108 110 117 129 127 128 130 130 127 128 112 66 51 41 75 87 79 126 122 105 105 104 99 98 98 95 101 117 130 126 123 114 87 66 85 101 108 107 108 112 120 119 125 121 124 125 123 125 117 96 82 79 75 76 88 97 77 48 38 102 112 115 119 
27 29 28 25 26 27 24 23 23 24 39 84 86 86 84 86 87 90 90 93 94 93 96 97 85 81 107 115 116 121 119 121 114 111 116 114 111 109 109 110 121 124 129 139 141 144 147 55 27 31 47 97 88 119 151 141 120 123 115 115 124 127 125 115 116 124 111 111 93 65 88 102 101 103 108 117 120 120 124 125 129 120 124 125 123 105 87 80 75 78 83 87 96 90 68 29 71 122 118 114 
4 4 4 4 4 6 6 6 7 8 58 104 103 104 104 104 104 104 104 105 105 106 104 93 87 112 119 122 122 129 126 125 124 120 119 122 114 112 109 112 112 111 110 128 138 142 111 88 99 104 119 103 114 145 128 121 112 111 116 115 106 103 98 104 119 116 104 93 79 86 102 102 106 112 110 115 117 115 114 121 119 125 128 127 116 94 87 85 86 88 90 91 94 95 77 47 33 98 106 110 
3 3 2 3 4 5 5 6 7 6 81 103 104 104 104 104 104 104 104 105 106 106 101 102 114 117 127 129 134 140 138 125 123 118 118 121 124 109 106 112 106 109 110 118 128 130 100 116 124 122 126 137 141 123 114 109 107 100 99 83 53 59 87 98 96 115 102 102 100 91 97 97 99 100 102 106 110 113 116 120 122 123 124 120 104 90 85 85 90 99 103 107 107 106 94 64 33 54 100 127 
3 3 3 3 3 5 6 6 7 15 97 101 101 100 100 98 97 95 94 92 92 96 112 117 117 121 136 130 134 127 143 132 111 101 105 110 116 111 113 129 124 115 110 109 117 117 105 110 140 148 142 135 118 112 108 107 95 82 46 36 39 58 84 89 83 103 95 104 85 78 76 75 79 86 95 104 111 111 116 119 120 122 119 114 90 88 88 87 88 96 100 110 118 111 106 80 49 27 92 130 
29 30 29 30 31 33 30 33 40 47 67 70 70 71 73 73 76 79 81 83 93 113 112 122 125 132 134 130 124 105 120 121 103 87 82 80 78 75 83 93 94 79 75 87 101 102 105 94 110 122 113 103 93 90 80 62 60 49 45 48 63 76 84 80 77 96 84 96 83 71 74 73 70 79 90 97 100 109 113 119 114 124 117 105 82 77 87 92 94 102 102 103 113 123 120 99 62 37 45 118 
21 21 23 22 6 5 5 5 6 52 103 104 106 105 106 106 106 106 106 108 121 109 118 125 125 125 118 121 117 101 96 97 85 82 82 84 87 88 94 101 99 55 40 45 52 59 66 73 68 71 65 60 50 52 56 57 64 70 74 74 73 71 81 77 75 88 80 80 83 76 74 77 70 73 86 92 96 100 104 110 112 115 110 104 76 75 78 87 97 103 107 111 115 117 119 112 81 55 30 81 
55 57 57 45 5 6 6 6 6 75 106 106 107 107 107 107 106 102 93 119 110 114 123 126 122 121 113 109 103 92 87 87 88 90 91 94 98 99 101 106 102 49 44 42 41 45 50 54 55 56 58 56 55 60 65 71 70 73 74 78 80 77 78 77 78 80 76 64 80 75 75 76 83 81 84 87 88 88 95 103 114 120 114 97 76 77 77 85 95 100 101 108 122 118 115 108 97 76 51 43 
56 56 56 32 4 5 5 4 9 97 106 106 108 105 105 105 106 105 103 109 112 113 113 112 111 107 105 104 98 94 93 93 94 95 95 97 98 95 97 99 93 46 44 43 45 43 47 51 53 57 57 58 57 61 64 67 65 70 71 74 83 78 81 80 79 77 79 66 67 74 75 74 72 76 83 83 86 84 97 105 118 122 110 88 87 87 81 87 94 103 108 109 108 108 102 95 113 105 73 54 
42 41 39 27 23 24 28 29 35 60 64 66 65 67 68 69 76 76 78 77 77 83 78 75 79 75 75 75 78 87 80 82 84 87 88 89 98 103 118 129 120 60 44 44 44 46 45 46 48 51 54 54 56 57 59 64 64 67 72 71 75 74 82 81 84 79 85 79 73 66 70 70 69 67 68 76 83 85 96 104 118 113 100 91 96 97 94 89 89 99 111 112 96 89 83 92 128 136 87 70 
12 12 12 6 6 6 6 7 45 104 103 104 105 104 104 105 105 105 106 107 107 107 107 107 107 108 109 109 108 108 108 108 107 108 109 109 108 108 108 108 105 59 43 46 47 47 50 51 49 52 59 63 60 59 61 63 63 65 70 68 71 70 79 76 80 83 86 86 83 73 74 70 69 67 75 85 87 91 98 106 106 105 90 100 104 96 100 97 92 92 105 109 95 83 75 105 121 118 84 72 
8 12 9 3 5 6 5 6 71 107 107 107 108 108 108 109 109 109 109 110 110 110 110 110 110 110 110 110 110 110 109 109 109 109 109 108 107 108 107 107 106 65 44 48 46 48 48 48 49 49 56 63 60 62 63 64 62 66 65 67 71 68 75 72 73 79 81 84 87 81 72 72 68 64 67 75 81 89 96 97 99 94 88 107 113 102 102 101 96 99 99 102 94 81 80 93 66 54 51 56 
31 35 20 5 5 6 5 7 93 106 107 107 107 107 108 108 106 106 107 106 105 105 103 103 101 99 98 96 97 97 95 95 94 96 94 95 101 111 115 110 105 76 44 50 46 44 44 44 48 48 48 52 55 60 64 67 65 64 60 61 64 66 65 68 72 73 74 82 83 80 78 76 70 69 67 66 70 77 84 88 98 85 87 106 110 107 100 106 105 94 87 89 84 80 72 55 54 56 57 55 
37 39 31 28 29 29 33 35 62 67 65 64 64 65 67 69 71 71 70 73 76 80 78 78 85 89 86 87 94 91 92 90 94 99 102 108 110 116 118 115 106 89 45 44 45 48 47 45 50 47 44 42 47 51 58 61 64 62 62 65 63 62 67 69 70 66 73 69 74 76 78 77 79 74 65 66 66 67 77 88 94 80 87 108 113 109 98 105 104 90 73 68 72 67 55 59 61 57 57 56 
30 27 6 5 5 4 6 40 108 106 106 106 107 109 109 108 108 108 110 110 110 109 110 110 109 110 110 110 111 110 110 110 110 110 109 109 109 109 108 109 110 107 56 39 44 49 55 54 54 51 45 40 48 45 54 59 57 62 66 65 61 65 65 67 68 64 65 66 68 73 74 79 82 78 72 68 66 64 73 86 88 78 84 102 111 109 98 95 95 90 83 70 66 54 57 62 68 81 89 94 
24 20 5 5 5 5 6 63 108 107 108 109 109 109 109 109 109 109 109 110 110 110 110 110 109 109 109 109 110 110 109 109 109 110 109 110 110 109 108 108 110 108 67 40 42 46 53 53 51 50 53 50 50 49 54 55 59 64 62 64 59 61 64 66 69 70 65 62 60 68 73 73 74 77 75 76 73 71 70 74 82 77 83 97 100 97 88 78 85 80 78 74 60 56 56 71 95 104 108 112 
18 11 7 7 8 8 9 76 96 96 96 95 95 94 93 94 92 92 95 94 92 91 93 93 92 90 90 88 87 88 93 82 83 84 86 88 88 99 128 141 137 124 94 45 42 47 52 47 47 49 52 51 57 56 55 57 62 68 68 67 68 69 69 69 69 69 68 69 71 71 71 72 70 76 76 76 77 76 78 75 77 79 76 83 89 91 84 70 65 65 77 83 54 54 68 95 107 111 117 120 
26 23 22 19 20 26 32 75 76 78 81 82 82 81 82 84 85 87 93 91 89 89 94 95 94 93 94 93 96 97 99 98 101 102 104 105 105 105 109 112 111 109 101 53 42 50 49 47 49 49 49 52 55 57 57 58 61 64 62 70 72 76 79 77 73 71 72 72 76 78 77 79 76 76 75 75 75 78 83 83 82 78 74 74 76 79 75 73 71 74 101 74 51 66 94 111 113 116 121 126 
20 5 5 5 6 5 25 106 106 107 108 108 108 109 109 109 109 109 109 109 110 111 111 110 110 111 111 110 110 110 111 111 112 113 111 112 110 110 110 111 111 111 109 71 43 48 46 50 48 49 50 53 53 58 60 61 60 63 64 68 68 76 80 86 84 83 81 79 82 82 84 85 82 86 80 79 81 78 82 79 84 85 81 78 80 76 77 80 81 100 104 55 61 87 108 116 123 124 129 133 
16 4 5 6 6 6 47 108 107 107 108 108 108 109 109 109 109 109 109 109 109 110 110 110 110 110 109 109 109 109 108 108 107 107 107 108 106 105 105 107 106 104 100 73 42 39 41 40 43 48 50 54 58 62 67 68 65 67 69 72 73 76 81 83 85 86 83 79 81 79 82 82 87 86 87 85 85 86 80 77 78 80 77 79 80 83 86 86 88 111 88 46 78 98 121 126 133 137 143 147 
29 22 23 24 26 25 52 69 68 69 67 67 68 70 71 66 65 65 65 66 68 70 71 72 75 75 69 71 82 83 80 81 92 89 86 94 96 107 123 136 135 125 112 80 46 37 38 40 43 44 50 52 57 63 68 68 70 74 74 79 81 83 84 83 84 88 85 77 77 78 80 78 82 83 84 84 84 85 82 79 76 73 71 73 77 87 91 94 104 111 68 53 82 104 130 137 141 149 156 161 
31 8 7 7 6 8 87 102 102 102 103 105 105 107 107 107 107 108 108 108 108 109 109 109 110 110 110 110 110 110 110 110 110 110 111 111 110 110 110 111 111 110 109 86 52 41 39 40 41 44 45 48 58 59 59 73 77 76 77 80 81 84 85 82 84 84 84 82 81 79 77 75 76 78 76 77 77 80 81 77 74 70 69 72 84 95 100 102 109 105 52 57 86 115 125 135 137 146 152 157 
11 6 5 5 5 16 103 106 105 106 107 108 108 108 108 109 109 110 110 109 109 109 110 110 110 110 110 110 110 110 111 111 110 110 111 111 111 111 111 111 111 111 110 87 51 57 41 41 46 44 43 49 54 56 57 71 79 78 77 76 79 80 78 81 82 82 79 81 83 78 76 75 77 80 77 76 78 74 75 72 65 65 68 71 86 98 101 105 108 94 48 66 93 114 121 127 128 134 140 141 
13 11 11 12 10 32 89 88 87 88 87 86 85 87 87 87 86 86 86 86 83 83 85 87 85 87 82 83 85 85 82 82 83 85 90 93 100 109 122 136 134 117 97 77 43 68 43 45 39 38 44 44 51 60 58 68 73 76 76 75 75 74 74 76 76 79 73 71 72 72 71 70 73 78 78 79 75 73 69 68 66 63 63 70 88 98 105 107 109 79 53 78 101 113 121 123 127 131 133 133 
22 13 17 15 15 51 81 80 82 82 83 84 85 88 90 92 92 94 96 97 98 99 100 101 101 103 102 103 103 103 104 104 105 106 107 107 108 109 109 111 110 111 111 90 48 73 66 43 38 35 42 43 50 56 62 65 67 74 76 75 74 75 75 74 71 72 68 69 67 69 66 65 68 73 79 78 79 76 73 69 66 63 65 70 86 101 109 115 105 66 52 90 114 120 125 128 134 136 139 139 
18 5 5 4 5 76 105 104 105 105 105 106 106 107 107 107 107 109 109 109 109 109 109 109 109 109 109 109 110 110 109 109 110 110 109 109 109 109 109 109 109 109 109 92 49 68 89 61 40 35 35 43 48 49 60 61 69 74 77 75 74 75 75 75 72 72 71 68 69 68 66 68 68 71 72 73 73 70 72 71 68 63 65 69 82 103 108 113 108 52 56 107 127 133 139 143 153 157 160 161 
30 9 8 9 11 85 92 92 92 93 93 93 94 94 95 95 93 91 93 92 92 93 92 91 92 93 89 92 86 87 88 88 88 88 92 93 93 98 109 119 124 122 108 85 42 72 78 74 50 34 32 41 47 48 54 62 73 72 74 70 68 70 75 77 75 74 73 71 70 67 67 67 63 65 67 69 70 65 64 65 72 69 65 66 85 103 109 109 103 41 67 128 152 160 163 173 180 185 190 191 
37 28 19 20 28 70 73 73 76 79 78 78 80 82 85 85 83 83 86 88 89 91 92 91 94 96 96 100 97 100 100 100 101 102 102 102 104 103 106 107 107 108 107 92 43 64 103 106 99 69 36 39 44 46 45 58 69 73 76 72 69 68 69 72 72 71 71 71 71 71 72 72 72 70 69 69 68 67 66 67 66 65 64 75 87 104 111 108 95 34 81 145 180 187 195 207 216 220 228 232 
23 31 6 6 36 105 105 104 104 104 104 105 106 107 107 107 107 106 106 107 107 107 108 108 108 108 108 108 108 108 108 108 108 109 109 109 110 110 110 108 110 108 108 97 51 61 104 107 107 104 69 37 38 46 44 48 64 66 68 71 74 73 68 71 70 68 70 72 73 71 72 74 74 72 72 69 70 70 68 71 70 70 61 77 94 104 110 106 88 34 87 138 161 169 177 189 200 207 218 220 
15 37 16 13 49 86 87 86 86 85 86 86 86 84 85 86 83 83 83 82 83 86 86 86 88 86 87 85 87 91 90 83 83 86 84 87 89 93 101 119 122 117 105 87 54 66 83 74 77 71 65 65 48 48 46 44 52 61 62 67 77 72 67 68 70 68 69 71 72 70 70 69 72 70 72 72 74 74 71 68 68 63 67 78 93 104 111 110 78 33 81 115 126 132 137 146 152 160 169 170 
15 23 32 15 61 76 78 79 80 82 84 87 89 88 90 91 92 93 96 95 97 98 99 100 99 100 101 102 102 104 104 104 105 105 106 107 108 109 109 110 110 110 108 101 55 67 108 109 108 107 107 105 97 67 43 40 44 51 55 61 70 70 68 69 70 67 70 68 67 65 68 69 68 69 72 73 72 68 69 71 65 62 68 89 95 102 109 111 74 39 77 101 104 109 110 117 121 124 129 134 
5 8 35 15 89 99 101 102 103 103 104 104 104 105 106 105 105 106 106 105 106 107 107 107 107 107 107 107 107 107 107 107 108 107 106 108 107 107 106 106 107 107 105 98 52 67 100 100 98 96 95 93 92 83 63 38 37 47 51 56 61 64 67 70 69 67 68 71 72 70 71 72 71 73 72 70 67 63 65 69 67 58 71 90 95 103 109 108 69 45 72 88 90 93 93 99 103 105 107 108 
13 13 23 31 65 68 67 67 67 66 66 67 69 71 70 71 70 68 70 70 69 74 73 76 79 80 81 82 81 81 87 83 85 85 83 89 86 87 94 111 113 136 126 101 54 71 87 87 88 87 88 87 88 86 86 86 70 46 46 50 53 56 60 64 67 66 69 73 75 75 74 73 73 71 71 72 70 66 64 65 61 63 77 91 95 101 107 107 63 51 69 79 82 84 84 88 89 92 91 93 
4 4 8 32 62 96 97 99 101 101 101 102 102 104 104 103 103 104 104 105 106 107 107 106 107 107 107 107 107 107 107 107 107 107 107 107 108 108 108 108 108 108 108 101 50 77 105 105 105 105 105 106 106 106 106 106 105 82 44 46 48 51 56 61 62 67 68 70 72 71 72 74 70 70 71 66 65 61 63 64 59 67 79 91 97 100 107 108 61 54 69 75 76 77 79 80 79 82 81 80 
4 4 5 27 47 93 98 99 99 100 100 100 100 99 99 99 98 98 97 97 97 98 99 98 99 97 98 97 97 96 95 94 93 94 94 94 97 99 103 105 112 114 103 96 54 81 94 95 93 93 90 85 84 76 78 73 70 68 56 45 42 50 52 54 59 62 65 63 66 68 69 66 67 69 65 67 66 65 59 53 54 68 80 89 96 102 108 107 59 61 71 74 73 75 74 76 81 78 78 78 
13 13 17 54 37 55 61 61 72 73 73 74 77 76 76 79 76 78 76 79 78 79 84 82 87 85 85 84 86 86 88 86 86 90 90 91 96 98 107 111 120 120 86 70 50 89 102 101 100 99 98 96 98 101 104 105 106 105 102 79 48 45 50 50 53 56 58 53 57 60 61 61 58 61 61 65 65 54 42 45 50 53 55 80 95 101 104 105 58 61 77 78 76 78 78 76 78 78 78 77 
5 5 10 89 55 54 48 51 98 101 101 99 100 99 99 97 97 99 99 98 98 96 96 96 96 95 94 94 93 91 91 92 89 88 89 89 91 93 94 95 112 100 69 56 50 82 89 85 85 80 76 76 74 74 70 64 61 61 58 58 57 44 42 42 41 43 50 52 50 49 48 48 53 55 57 56 48 39 40 48 51 54 50 60 95 98 104 102 59 69 80 80 80 81 84 87 78 73 71 70 
15 16 22 47 45 34 34 39 54 54 56 55 56 57 61 60 62 65 66 67 72 71 75 77 77 78 81 79 78 81 83 85 87 84 89 90 95 99 102 106 113 108 82 53 53 86 92 93 94 95 95 96 98 100 102 103 104 104 105 104 95 65 47 41 41 41 47 45 43 45 46 48 50 51 52 50 36 35 43 48 54 60 62 66 91 94 99 104 62 71 86 86 95 85 85 84 78 78 77 72 
3 4 42 96 96 65 39 57 99 98 98 98 98 99 101 101 102 102 103 103 103 103 104 103 104 104 103 105 105 105 104 104 104 104 104 104 104 104 104 104 104 103 84 48 87 98 100 101 101 102 102 102 102 102 102 103 103 102 102 102 101 80 62 51 47 49 49 46 45 44 45 44 45 52 47 43 39 46 45 48 57 65 63 65 91 99 99 103 70 79 96 89 91 92 86 89 87 86 89 80 
3 5 57 93 93 92 49 68 96 95 94 95 96 96 96 97 97 98 98 99 99 100 101 101 101 100 101 102 102 102 102 102 102 102 102 102 102 102 102 102 102 103 85 44 101 98 99 101 102 101 102 102 102 102 101 103 102 103 102 101 102 92 75 66 51 45 42 46 48 43 42 49 54 49 47 47 47 53 53 48 55 65 57 52 92 96 94 103 66 81 100 99 110 105 98 94 92 90 94 92 
3 5 73 95 96 92 38 81 95 95 96 96 96 97 97 98 98 98 98 99 99 100 101 101 101 101 101 101 101 101 101 101 101 100 100 100 100 100 101 102 101 101 83 39 93 92 90 89 85 94 86 79 79 79 76 76 76 70 67 67 68 70 78 77 67 49 42 38 39 40 43 54 59 56 54 53 50 51 58 61 60 58 58 54 88 93 91 100 65 86 114 114 123 111 106 103 100 95 99 91 
9 11 52 60 61 60 30 63 63 65 66 65 65 67 67 66 66 66 66 67 69 70 73 79 75 70 72 72 80 84 85 86 87 89 89 91 93 98 102 108 105 105 87 42 103 101 99 94 89 95 93 96 97 99 100 100 101 102 101 101 100 100 82 79 81 64 47 43 37 34 28 33 44 54 56 53 50 52 60 66 69 66 74 76 83 85 84 100 70 95 132 123 124 123 117 111 108 108 106 98 
3 21 91 92 90 74 35 93 94 94 95 95 95 96 96 97 97 97 98 98 99 99 99 100 99 100 101 101 102 102 102 102 102 103 102 101 102 103 103 103 103 103 90 36 96 97 98 102 101 102 102 102 102 103 103 103 103 103 102 101 101 101 87 79 80 78 61 46 41 35 29 28 24 25 29 32 40 60 73 73 68 70 84 85 90 83 82 91 73 96 143 137 132 137 131 124 122 116 118 115 
5 36 92 92 91 63 44 93 95 94 95 96 96 95 95 95 96 98 98 98 98 99 99 99 99 100 101 101 102 102 101 101 101 103 104 104 104 104 104 103 103 103 94 34 95 99 100 101 102 102 103 103 103 103 103 103 103 103 102 101 102 101 88 79 78 79 75 59 46 35 31 26 22 23 25 35 48 65 70 65 62 83 88 89 91 84 80 88 76 103 163 150 151 154 148 140 139 132 134 130 
5 55 91 92 92 53 57 95 95 94 94 95 95 95 95 97 97 97 97 98 97 97 98 98 97 97 99 99 99 96 96 95 95 95 96 96 94 96 98 101 105 106 95 33 88 99 96 85 80 78 77 72 71 75 69 69 65 63 63 64 65 65 71 76 77 78 78 74 54 35 31 24 23 20 37 43 50 66 64 55 73 87 86 82 80 86 87 79 77 101 185 175 174 174 166 158 156 149 147 147 
11 44 56 59 60 32 48 63 63 64 64 65 65 65 67 67 66 69 67 69 71 70 69 70 71 71 72 70 76 82 82 81 81 82 85 97 99 103 106 106 106 102 94 32 79 95 95 99 99 100 101 101 101 102 101 101 100 100 99 99 99 98 89 77 77 78 79 78 69 47 35 28 22 24 40 36 46 66 60 55 76 85 74 76 84 90 90 84 74 104 203 200 199 197 186 186 182 173 169 165 
9 83 89 89 86 35 78 93 93 92 93 93 93 94 94 95 95 95 95 96 96 96 97 97 97 98 98 98 99 99 101 101 102 102 101 102 102 102 102 102 102 102 101 32 80 100 100 101 101 101 101 101 101 101 101 101 101 101 100 100 100 98 90 75 78 79 80 78 73 65 41 28 22 32 45 34 41 61 58 50 74 77 64 74 84 88 88 87 77 104 231 229 224 222 214 212 206 201 193 193 
23 88 88 90 79 32 86 92 92 92 93 93 93 93 94 95 95 96 96 96 96 96 97 97 98 98 97 99 99 99 101 101 101 101 101 102 102 102 103 104 103 103 103 38 77 99 98 102 101 103 102 101 102 103 102 102 102 102 100 100 100 98 90 73 76 77 77 76 74 75 63 34 24 26 38 35 34 51 56 51 68 69 64 73 84 85 83 80 81 101 237 244 242 240 237 234 234 231 225 224 
39 88 89 90 71 36 90 92 91 92 92 93 93 93 94 94 94 96 95 96 95 96 96 96 96 96 95 96 95 95 95 94 93 92 92 91 92 95 98 106 108 112 99 42 64 96 94 87 85 79 82 69 65 65 65 65 64 65 64 64 65 68 68 74 76 77 75 75 74 77 76 50 27 26 35 39 30 26 39 50 53 67 64 71 80 78 77 77 74 97 237 252 252 253 251 250 251 250 248 246 
36 54 56 57 43 34 61 59 59 61 62 62 62 66 66 65 64 64 65 63 64 67 66 67 74 73 71 73 74 75 77 78 82 82 88 95 100 100 101 107 104 103 95 50 61 96 94 98 98 99 100 99 99 99 99 99 99 99 99 99 98 98 96 76 72 73 76 76 74 76 75 68 35 26 24 34 36 28 27 29 33 46 67 70 73 77 74 73 73 96 237 252 254 254 254 254 254 254 254 254 
64 85 86 85 43 52 88 88 88 90 90 91 92 92 92 92 93 93 92 93 93 95 95 95 96 96 95 95 97 97 98 98 98 98 100 100 100 100 100 100 99 98 97 53 59 99 96 96 97 99 100 99 99 100 100 99 99 98 98 98 97 97 96 85 71 71 73 74 75 74 76 74 62 33 23 22 28 28 29 28 31 31 58 76 70 74 74 74 74 93 230 253 254 253 254 254 254 254 254 254 
77 84 84 84 35 62 88 88 89 89 90 91 91 93 93 93 93 92 92 93 93 94 94 95 96 95 95 97 97 97 98 98 99 99 100 100 100 100 101 102 102 102 101 59 55 99 95 97 99 99 99 99 99 100 101 100 99 100 99 99 98 98 98 94 76 74 74 75 75 76 77 76 73 59 33 23 20 17 19 23 32 32 60 80 79 79 79 77 86 86 209 253 254 253 254 253 253 253 253 253 
82 83 82 79 28 73 87 87 88 89 90 91 91 92 92 92 92 92 92 93 93 93 94 94 94 95 96 97 97 97 98 98 99 101 99 99 100 100 100 100 99 99 99 64 48 97 91 89 89 87 86 85 86 83 77 72 67 64 61 59 60 60 57 56 59 73 74 74 73 74 74 74 73 71 54 34 23 19 19 24 33 55 72 78 84 88 89 92 94 84 182 253 252 251 249 246 243 243 243 239 
64 65 65 57 26 64 70 70 69 71 72 73 73 74 74 71 70 67 67 65 65 67 71 74 70 69 68 68 70 73 66 67 74 73 83 83 87 92 97 106 117 117 112 58 45 90 86 84 84 83 89 90 86 81 80 82 85 87 91 93 94 94 94 93 93 73 71 71 71 71 72 72 71 73 71 66 59 56 57 58 63 75 75 78 83 89 89 92 94 82 144 246 243 238 235 228 223 220 218 213 
