68 68 68 69 69 69 69 70 68 70 67 69 67 69 68 68 68 68 68 68 68 68 68 68 71 73 111 113 117 119 125 128 131 134 135 141 137 135 134 134 134 133 133 136 139 139 140 141 140 140 140 137 127 133 130 132 124 118 90 126 138 140 126 156 165 166 156 155 163 166 165 165 165 164 164 164 163 162 162 162 162 162 161 161 161 160 159 159 159 159 159 160 159 158 161 163 161 153 140 151 
69 69 69 69 69 69 69 70 68 70 67 69 67 70 69 69 69 69 69 69 68 67 67 67 70 84 118 116 120 122 127 129 132 136 138 142 143 138 136 136 136 137 136 137 138 138 141 143 142 143 143 142 143 141 141 138 139 119 97 135 137 137 132 159 168 166 166 164 166 166 165 165 165 164 164 164 163 162 163 163 163 163 162 162 162 161 161 161 161 161 161 162 162 162 164 167 169 166 151 132 
69 69 69 70 70 70 70 71 69 70 68 69 68 70 69 70 70 71 70 69 67 66 66 67 70 94 121 119 122 125 129 131 134 138 140 143 147 143 138 139 140 140 139 139 138 139 142 144 143 143 143 144 143 145 145 142 138 108 120 133 141 125 149 162 168 168 166 165 166 166 165 165 165 164 164 164 164 163 163 164 164 164 164 163 163 163 162 162 163 164 164 164 164 165 167 169 169 166 159 143 
71 71 71 71 71 71 71 71 71 70 70 70 70 69 68 69 71 74 69 68 69 68 68 68 73 104 120 120 123 127 130 133 136 140 141 144 148 150 144 140 142 142 142 142 141 142 143 144 143 143 143 145 146 146 144 144 139 96 131 135 142 131 161 166 167 167 167 166 166 167 166 166 166 165 165 165 165 165 165 165 165 165 165 165 165 164 164 164 164 166 165 165 166 167 170 171 169 166 162 135 
71 71 71 71 71 71 71 70 70 71 71 72 72 70 70 73 75 74 71 70 69 69 69 69 76 113 120 120 125 128 131 135 138 141 144 147 150 152 153 147 143 144 144 144 145 146 146 145 144 144 144 147 147 147 146 142 120 102 130 140 133 145 163 169 169 166 167 167 168 168 168 168 168 167 167 167 167 167 167 167 167 167 167 167 167 166 165 165 165 168 167 167 168 170 172 174 169 165 165 161 
70 72 71 70 71 71 71 72 71 71 72 73 73 74 74 75 91 75 72 70 68 68 68 71 83 118 118 121 125 129 132 136 139 142 143 146 149 151 153 157 146 146 145 147 146 147 148 149 148 147 147 147 146 146 146 144 96 114 134 140 131 155 165 168 168 167 167 167 167 168 167 167 168 168 168 167 167 167 167 166 166 166 167 167 167 167 166 166 167 169 167 167 169 169 171 172 167 167 163 165 
70 72 71 70 71 71 71 72 72 82 114 114 102 93 87 95 112 84 71 71 70 68 69 73 96 122 120 124 127 130 133 137 140 143 144 147 149 151 154 159 159 149 148 149 148 149 151 151 149 149 149 148 147 147 147 136 84 127 135 137 141 163 167 168 169 167 167 167 168 168 168 168 168 168 168 168 168 168 168 167 167 167 168 168 168 168 167 167 168 169 168 170 171 173 172 168 165 167 165 165 
69 70 70 70 70 70 70 69 71 76 115 139 142 139 132 129 129 96 74 72 70 71 71 75 108 120 124 125 128 130 135 138 141 144 145 147 151 153 156 159 162 160 150 149 150 151 153 153 149 150 149 148 147 149 147 114 105 132 137 132 153 164 168 168 169 168 168 167 168 169 169 169 168 168 168 169 169 169 168 168 168 168 169 168 169 168 168 168 168 168 168 171 172 174 171 166 166 167 166 166 
71 70 68 69 70 70 70 70 71 74 83 125 133 139 145 144 138 133 112 100 88 84 77 80 119 121 123 127 129 131 136 139 142 145 146 149 152 154 155 159 162 162 160 150 149 151 152 151 149 150 149 148 148 150 144 97 124 133 142 134 159 167 170 169 170 170 169 169 169 169 169 169 169 169 169 169 169 169 169 169 169 169 169 168 170 168 169 169 169 168 170 171 172 172 170 166 167 167 167 167 
70 70 69 69 70 70 70 69 73 72 76 88 132 130 131 136 137 135 128 130 135 129 105 93 122 120 122 127 131 132 137 140 143 146 148 150 154 156 157 162 164 163 164 162 154 154 153 152 150 152 150 150 151 149 129 93 132 136 137 149 163 169 170 169 169 170 170 170 170 169 169 169 169 169 169 170 170 170 170 170 170 170 170 170 171 170 170 170 170 169 171 172 174 172 167 165 167 167 167 167 
71 71 71 70 70 70 70 69 68 70 73 72 97 125 123 126 128 128 121 124 129 123 131 132 131 119 123 128 132 133 138 140 144 147 148 149 153 156 159 162 164 163 164 166 161 153 151 152 151 151 151 151 151 147 108 110 136 142 130 159 170 170 169 169 169 171 171 171 172 172 172 172 170 171 173 172 171 171 171 171 171 171 170 169 169 169 169 169 170 173 174 175 174 169 167 166 168 168 168 167 
71 71 71 70 70 70 70 69 67 70 72 72 77 106 122 119 118 114 117 122 125 116 120 134 141 140 134 128 132 138 140 142 144 147 149 151 155 157 160 163 165 164 165 166 168 159 152 151 152 152 152 152 151 146 93 130 137 137 135 164 171 171 169 169 169 171 171 171 172 172 172 172 170 171 173 172 171 171 171 171 171 171 171 171 171 171 171 171 171 174 175 176 173 167 167 167 168 168 168 168 
71 71 71 71 71 70 70 70 68 70 71 71 74 91 120 116 110 109 106 109 112 110 116 130 143 153 154 151 143 139 141 143 145 147 150 152 156 158 161 163 165 165 166 167 167 168 157 152 153 152 152 151 150 128 104 133 141 133 154 167 173 169 169 169 169 171 170 171 172 172 172 172 170 171 171 172 171 171 171 171 171 171 172 172 172 172 171 172 173 174 176 176 172 168 168 169 168 168 168 166 
72 72 72 72 71 71 70 70 70 70 72 73 74 84 124 102 101 95 91 90 79 78 88 104 127 134 144 148 149 146 140 144 148 150 152 154 156 158 160 163 164 166 167 168 168 167 167 158 152 153 152 151 150 103 120 137 143 136 164 173 174 171 170 170 170 171 171 168 170 172 172 172 171 171 171 172 172 172 172 172 172 172 172 172 172 172 172 172 175 174 176 172 170 168 168 169 168 168 168 167 
72 72 72 72 71 71 70 70 70 70 72 73 74 83 125 92 74 68 55 49 54 73 107 130 123 72 73 105 134 140 139 141 148 151 152 154 156 158 160 163 164 166 167 168 169 169 167 169 160 153 153 151 143 89 132 141 139 150 169 174 171 173 172 172 172 172 170 170 172 172 172 172 173 173 173 172 172 172 172 172 172 172 173 173 173 173 173 173 176 175 176 171 169 168 168 169 168 168 168 168 
71 71 71 73 71 69 72 70 70 71 73 73 75 81 93 61 47 33 30 50 80 109 123 130 113 78 55 76 129 139 137 134 147 150 153 155 155 159 161 163 165 166 166 166 166 167 167 167 167 159 153 152 121 110 137 145 129 159 174 174 171 170 171 171 171 173 172 171 170 170 171 172 172 172 172 172 172 172 172 173 173 173 175 174 173 172 171 173 178 177 177 172 170 170 169 168 169 169 169 169 
71 71 70 72 71 70 71 72 71 72 71 77 76 97 114 78 70 64 64 95 128 138 138 133 130 95 74 95 128 139 135 134 142 145 149 155 156 159 162 164 166 165 165 165 166 166 166 166 168 167 158 149 99 134 141 142 141 169 176 173 171 170 171 171 171 171 172 172 171 171 170 171 172 172 172 172 172 172 172 173 173 173 174 175 173 173 173 174 179 177 174 172 171 170 169 168 167 167 167 168 
71 72 71 72 72 71 71 72 72 73 77 76 81 133 158 144 137 132 128 133 141 146 147 147 142 133 123 121 126 142 139 136 138 133 143 153 156 159 162 163 164 165 165 165 165 166 165 166 169 165 163 138 98 137 143 138 159 170 177 173 170 171 171 171 171 171 172 173 173 172 171 170 172 172 172 172 172 172 172 173 173 173 174 175 174 173 174 175 179 178 173 171 171 170 169 168 169 169 168 167 
72 72 72 72 71 70 70 72 72 74 76 79 89 151 162 153 151 150 152 151 150 151 152 152 151 149 136 128 127 130 121 113 125 121 135 155 160 160 161 161 161 161 163 165 165 167 166 168 169 164 162 112 118 136 143 137 166 173 176 173 171 172 172 172 172 172 173 174 173 172 172 171 172 172 172 173 173 173 173 173 173 173 175 175 174 174 176 179 180 178 173 171 171 170 169 168 169 168 167 167 
72 72 72 72 72 71 70 72 73 74 77 78 94 150 150 135 127 128 144 146 148 148 145 143 140 138 134 132 128 124 112 102 98 104 124 148 158 161 163 162 161 161 162 163 162 164 164 167 167 165 157 101 132 139 137 150 168 176 174 173 172 172 172 172 172 172 173 174 173 172 172 171 172 172 172 174 174 174 174 173 173 173 176 176 175 175 178 178 175 175 171 171 171 170 169 168 169 168 167 167 
72 72 72 73 73 73 72 70 71 73 79 88 122 153 150 133 122 122 126 130 136 134 130 132 111 110 122 131 129 124 113 112 108 105 121 141 160 167 168 164 161 160 162 162 165 164 166 170 168 164 131 104 137 143 136 162 172 174 172 172 172 172 171 172 173 173 173 173 172 172 172 172 173 173 173 172 173 174 174 173 175 175 175 174 175 177 180 180 175 173 172 171 171 170 169 168 169 169 169 169 
72 72 72 72 72 74 75 74 77 91 108 132 140 134 124 123 114 121 121 120 124 131 132 96 68 68 115 135 141 145 137 130 121 118 128 136 148 157 159 159 158 154 154 155 155 155 156 160 158 154 103 120 140 144 143 168 173 173 172 172 172 172 173 173 174 173 173 173 172 172 172 172 173 173 173 172 173 174 174 174 175 175 176 175 176 178 180 178 173 173 172 171 171 170 169 168 169 169 169 169 
73 72 72 73 76 79 92 112 131 136 131 128 123 112 108 104 105 111 119 121 121 129 115 77 71 82 128 147 143 141 137 132 130 126 127 135 143 148 152 153 152 155 151 147 142 140 140 143 144 137 98 132 141 139 153 170 175 172 171 171 172 172 173 174 175 173 173 173 172 172 172 172 173 173 173 172 173 174 174 175 175 175 175 175 178 179 181 177 173 172 172 171 170 170 169 168 169 169 169 169 
73 73 73 76 87 119 141 138 130 124 125 125 120 107 97 97 107 113 118 125 127 132 121 102 106 127 143 146 138 134 133 132 130 136 132 137 142 146 146 148 149 150 145 146 144 140 138 138 137 117 115 139 145 131 164 174 174 170 171 171 171 172 172 172 173 172 172 172 172 172 172 172 172 172 172 172 173 174 175 176 176 176 175 176 180 180 178 175 172 172 171 170 169 170 169 167 169 169 169 169 
71 72 74 79 120 135 134 126 123 129 129 118 107 99 100 112 114 115 113 127 135 138 142 142 142 147 151 145 140 135 140 141 143 148 143 145 149 145 149 156 157 155 151 148 147 145 140 134 133 99 133 141 140 141 171 178 173 169 171 170 169 170 172 171 170 172 172 172 171 171 171 171 172 172 172 172 173 174 175 176 176 176 177 179 182 180 176 172 170 172 171 170 168 169 168 166 167 167 167 168 
72 73 73 75 104 130 128 125 125 122 113 101 96 96 93 107 103 99 115 134 140 142 144 141 139 146 170 167 157 153 162 161 159 157 148 141 131 151 172 168 164 162 157 145 142 141 139 133 121 98 137 142 135 158 175 179 168 168 170 169 169 169 171 172 170 171 171 171 171 172 172 171 170 169 171 173 173 173 173 175 176 177 175 179 182 179 174 171 171 172 171 170 170 169 168 167 167 167 167 167 
71 72 72 75 77 90 107 115 117 113 110 110 107 105 100 108 107 110 128 139 139 140 142 138 135 134 148 173 180 173 168 164 158 142 128 134 121 135 169 172 164 162 153 144 138 137 139 136 111 120 138 141 136 171 175 174 170 171 171 170 170 169 171 172 170 171 171 171 171 170 170 171 171 170 172 173 173 173 173 175 176 177 178 182 181 175 172 170 172 171 170 169 169 168 167 167 167 167 167 166 
70 71 71 72 73 71 73 77 84 87 87 89 95 102 107 114 115 120 124 125 124 128 133 133 134 133 135 147 167 176 174 167 160 147 137 145 146 143 162 166 163 164 164 162 152 141 139 134 106 131 138 135 151 171 178 173 171 170 171 170 170 170 171 171 170 171 171 171 170 169 169 169 169 169 171 173 173 173 174 174 176 178 180 184 180 172 171 171 172 171 170 168 168 167 167 166 166 167 167 168 
69 70 70 70 70 70 70 70 72 69 64 64 66 68 66 64 63 67 73 81 93 111 130 134 137 140 143 130 125 161 165 161 153 146 141 143 154 162 164 165 172 172 165 162 160 157 142 117 102 134 138 134 163 176 174 171 170 170 172 170 171 172 171 171 171 171 171 171 170 170 170 169 169 170 172 172 173 174 174 174 177 179 181 181 177 172 171 171 171 172 170 168 167 167 167 166 165 166 167 168 
70 69 68 68 68 68 68 68 69 67 63 61 61 65 69 55 53 60 64 67 84 103 125 137 138 142 158 81 94 127 143 146 144 137 136 140 146 158 159 160 166 167 162 159 157 155 147 94 116 134 137 137 169 176 172 169 171 171 171 169 169 171 171 171 171 169 169 169 169 168 168 169 169 170 172 172 172 174 174 174 179 182 182 178 174 171 170 170 171 170 169 167 167 167 167 167 164 162 167 170 
70 69 68 67 67 67 67 67 67 67 66 65 64 62 60 56 47 45 59 64 90 113 119 128 137 151 157 61 73 114 135 139 142 144 148 151 151 151 152 156 156 159 159 155 156 154 149 106 125 132 128 149 172 171 169 171 171 171 171 167 168 170 169 169 169 170 172 169 170 170 170 170 169 170 171 173 174 174 173 177 177 180 181 177 175 171 171 171 171 168 166 165 166 166 166 166 166 166 168 169 
68 67 66 66 66 66 66 66 66 66 65 67 66 63 60 57 55 50 45 53 89 102 98 104 139 160 166 80 34 86 142 138 147 160 161 159 159 162 163 156 154 149 152 155 157 154 154 146 136 132 122 163 174 170 169 171 171 171 170 169 169 170 169 169 169 170 169 168 170 170 170 170 169 170 171 173 173 174 175 178 180 182 179 175 172 170 170 170 169 166 165 164 165 166 166 166 166 167 168 169 
67 66 65 65 65 65 65 65 65 65 63 67 63 61 61 57 51 45 49 58 72 83 102 134 157 153 178 123 48 56 146 150 132 145 153 159 162 164 164 159 146 146 146 153 156 157 156 157 141 125 141 167 175 170 170 171 171 171 170 169 170 169 169 169 169 169 168 167 170 170 170 170 170 170 171 171 172 173 177 180 182 184 178 175 171 168 169 168 167 165 165 164 165 166 166 165 166 167 168 169 
66 65 64 64 64 64 65 64 64 64 64 63 63 67 78 71 70 70 73 94 115 128 162 183 169 166 184 165 101 70 133 165 152 141 147 162 166 166 164 159 152 143 145 149 151 156 157 155 147 124 145 169 172 168 172 172 170 170 170 169 170 169 168 168 168 168 168 168 169 169 168 168 169 169 169 168 170 172 177 180 182 177 174 170 171 168 167 166 165 165 165 165 165 165 165 164 164 166 168 169 
65 64 63 63 62 62 63 63 62 62 63 64 69 99 138 153 156 162 169 172 179 178 178 176 167 170 185 183 166 140 144 169 166 161 161 161 161 167 168 165 156 149 147 147 150 157 158 156 156 137 146 165 167 169 169 168 168 167 168 169 169 168 168 168 168 168 168 168 168 168 167 166 167 167 167 165 168 172 178 173 174 171 175 166 164 168 166 164 164 163 163 163 164 164 164 163 163 165 167 170 
66 64 64 63 64 64 64 64 63 62 64 81 143 173 177 177 175 175 177 174 174 177 178 175 160 159 183 181 182 175 167 173 177 174 170 170 169 169 162 161 157 154 156 152 149 154 156 154 158 149 153 153 158 167 166 165 167 164 167 168 167 166 166 168 168 167 167 167 167 167 167 166 165 165 165 164 168 176 173 170 172 170 169 167 159 164 166 166 164 165 165 165 165 165 166 167 166 165 168 170 
64 64 63 63 64 64 64 64 65 66 74 115 174 175 178 178 172 165 158 157 162 175 177 174 163 141 171 180 182 181 181 184 181 180 179 175 170 167 163 161 161 160 159 154 151 156 154 160 160 162 155 145 151 165 167 168 167 162 163 165 164 163 165 166 167 165 165 165 165 165 165 165 164 164 164 164 169 173 168 168 168 166 165 167 161 156 164 165 165 165 165 165 164 164 164 164 165 168 169 171 
64 63 62 63 64 64 64 63 62 62 68 87 155 178 172 160 148 145 143 144 148 165 174 175 166 143 142 174 182 183 182 183 183 185 183 180 177 174 171 167 166 161 157 159 163 161 158 159 160 165 162 161 162 171 177 182 183 179 178 169 162 160 161 162 163 164 164 164 164 164 163 163 163 162 163 164 170 170 164 165 166 162 159 165 165 154 162 165 164 162 161 161 160 162 166 169 165 159 169 174 
64 64 64 63 64 65 63 63 62 63 63 69 93 145 157 140 137 134 137 140 141 151 170 173 170 161 149 167 178 179 180 182 185 187 187 182 179 179 178 174 170 168 171 174 175 172 164 163 163 165 167 166 166 165 171 182 186 185 182 178 168 160 158 159 161 162 162 163 163 163 162 161 159 160 162 165 172 168 161 169 173 164 160 165 160 157 162 164 162 162 159 158 160 163 164 164 169 157 167 174 
64 64 64 63 64 65 63 62 61 61 61 61 61 70 89 108 122 129 133 133 132 137 150 160 170 169 166 170 178 181 183 183 184 187 187 188 185 183 182 183 182 180 179 179 175 170 168 168 163 162 165 166 168 166 166 172 180 180 180 179 176 171 162 155 154 156 158 160 160 159 158 157 157 161 161 165 167 170 173 176 175 169 165 161 152 159 161 162 161 163 163 160 157 151 163 170 173 167 163 176 
62 62 62 61 61 62 60 60 59 59 60 59 58 59 61 60 63 71 87 108 121 127 132 143 169 173 173 174 178 181 184 187 185 185 185 186 187 186 183 179 179 179 181 181 179 176 173 171 168 169 169 168 171 170 166 168 171 172 175 177 176 175 171 162 158 157 157 156 156 159 163 166 167 174 175 174 173 173 175 174 172 167 163 154 152 160 162 166 170 172 171 164 157 158 165 161 161 159 167 175 
60 60 60 59 60 61 59 59 59 59 59 58 57 57 58 58 58 59 57 57 64 82 109 135 167 176 181 177 176 178 182 185 188 183 181 181 181 183 186 183 181 182 184 184 181 179 175 169 172 174 173 172 174 174 172 170 169 172 172 172 172 173 173 172 170 165 164 163 164 165 168 172 169 170 168 165 164 166 168 169 166 161 166 171 172 174 173 175 177 179 177 174 166 159 156 165 170 161 164 174 
59 59 59 59 60 60 59 59 59 59 58 57 57 57 58 58 58 57 57 56 56 54 57 71 108 159 182 175 175 171 169 172 180 183 183 184 182 181 185 186 184 183 184 185 184 180 176 176 177 178 176 175 176 176 175 172 171 173 174 172 172 172 173 174 172 174 178 177 176 171 166 164 159 160 158 156 157 158 156 157 163 171 178 179 176 176 176 177 178 179 178 178 170 162 165 167 174 163 171 176 
60 60 60 59 59 59 59 58 58 58 58 58 58 58 59 59 59 58 58 57 56 55 54 60 89 132 167 172 170 167 162 159 162 172 181 183 182 184 184 187 185 186 184 185 186 183 179 178 181 180 176 176 177 176 173 173 174 176 175 174 173 173 174 174 174 174 176 177 179 180 183 175 172 170 167 170 166 169 177 182 186 185 182 179 176 175 176 178 180 179 178 180 176 172 171 169 161 167 175 174 
58 58 58 59 59 59 59 58 58 58 58 58 58 58 59 59 59 58 58 57 57 56 54 58 78 108 137 141 148 149 147 149 148 151 168 179 183 185 186 185 184 189 186 186 186 183 181 181 180 180 176 176 177 176 174 176 177 178 179 178 177 177 176 175 175 174 174 176 174 173 180 177 179 181 187 188 188 189 189 188 186 184 181 175 174 175 176 179 180 177 176 174 172 165 159 155 165 175 174 174 
59 59 58 58 58 57 57 57 57 57 57 57 57 56 58 58 57 57 56 55 54 56 54 56 57 67 80 82 99 119 130 131 133 129 145 162 173 180 186 186 186 187 187 184 183 182 182 180 179 177 176 176 177 178 178 176 178 180 181 181 178 178 180 178 176 175 174 173 177 173 177 178 179 182 185 184 181 179 181 182 181 178 176 174 173 174 171 173 173 169 164 152 146 152 159 166 171 174 176 174 
51 51 51 51 51 49 49 49 50 50 50 50 50 50 53 53 51 50 49 48 49 51 53 54 51 52 53 55 72 86 114 124 127 125 130 142 156 168 179 185 185 186 188 186 184 185 184 177 175 173 173 175 176 177 178 178 178 179 178 178 177 175 176 178 179 179 179 174 180 177 175 178 177 178 179 179 177 176 178 178 176 175 176 171 168 168 167 167 160 148 142 150 155 159 162 166 169 173 174 175 
52 52 52 53 53 52 52 52 52 52 54 55 55 54 54 55 54 52 51 50 51 48 52 52 46 47 45 51 55 64 88 111 122 130 132 136 143 154 168 180 183 186 188 188 186 183 180 176 174 173 174 177 177 178 179 178 177 176 176 177 177 175 175 175 176 177 180 177 179 182 177 176 177 175 173 174 173 174 175 172 171 170 167 163 162 155 143 139 140 145 149 156 159 159 160 165 168 172 174 174 
56 56 56 56 54 52 53 54 54 54 55 55 55 56 57 57 57 55 55 55 56 55 55 52 53 52 52 53 53 56 66 100 110 124 134 137 138 143 157 171 177 181 184 185 182 181 178 176 175 176 176 177 176 178 181 180 178 177 178 181 177 172 172 173 174 175 176 180 178 181 180 177 178 175 173 172 173 173 172 168 164 162 157 147 130 125 137 143 150 151 154 157 158 158 161 165 167 170 173 173 
57 57 57 57 55 54 55 54 55 55 54 54 54 55 56 56 56 56 56 56 56 60 53 47 49 50 51 51 52 53 56 78 106 118 130 136 137 141 152 163 170 177 180 181 180 179 178 177 179 179 178 179 177 176 178 177 177 177 178 180 177 172 171 172 173 175 173 178 178 183 183 176 175 174 173 172 171 169 166 162 156 148 129 120 129 143 148 148 152 152 155 158 158 158 161 165 167 168 169 172 
56 56 56 56 56 56 55 55 55 55 55 55 55 55 55 56 57 56 57 58 57 60 54 48 48 49 51 51 51 51 52 58 82 113 124 138 138 139 145 155 164 173 176 175 178 182 180 180 180 179 180 180 179 177 177 177 176 175 175 174 173 172 169 171 173 173 171 174 179 184 182 175 173 172 172 171 167 163 157 135 129 116 124 138 143 147 148 150 151 153 155 157 157 159 163 165 167 169 171 171 
56 56 56 56 56 56 56 55 55 55 55 55 55 55 55 56 57 58 58 59 59 62 61 51 48 49 49 49 49 49 49 51 60 88 114 135 138 138 135 127 154 163 169 172 176 180 180 180 178 177 179 180 179 178 177 176 173 170 172 171 169 169 167 168 168 167 168 171 176 180 180 175 173 169 164 159 145 135 120 111 124 133 143 145 144 147 148 150 152 152 153 156 157 160 164 166 167 170 172 175 
56 56 56 56 56 56 56 55 55 55 55 56 56 56 55 56 57 58 60 60 61 63 64 58 50 49 49 49 49 48 49 52 56 60 82 117 134 137 118 105 138 155 163 169 174 178 179 179 181 179 179 178 179 178 174 170 169 167 168 169 169 169 165 164 163 161 162 166 170 174 174 170 168 159 151 131 109 115 119 132 140 143 144 146 147 147 148 150 151 152 154 156 158 160 164 166 167 170 172 177 
55 55 55 55 55 55 55 55 55 55 55 56 57 57 55 56 57 59 60 60 61 65 66 63 53 49 50 50 50 49 48 49 53 54 58 76 114 128 88 101 118 139 153 163 170 178 179 181 182 181 177 175 175 172 168 163 165 166 167 168 166 165 166 166 167 165 164 165 168 168 168 170 162 150 140 110 115 128 136 139 143 144 144 145 146 148 149 150 150 151 153 156 158 161 165 165 167 170 172 175 
55 55 55 55 55 55 55 55 55 55 54 55 56 56 55 56 57 58 58 61 63 65 66 68 63 53 50 51 50 49 48 50 52 52 53 56 111 120 69 108 115 116 149 154 163 171 175 179 179 178 174 173 169 165 164 162 166 170 170 170 169 167 169 172 171 174 174 172 170 172 169 162 155 147 140 120 123 131 140 141 141 144 144 145 146 148 149 150 150 151 153 155 158 162 165 166 167 170 172 175 
54 54 54 55 54 54 54 54 54 55 55 55 55 55 55 55 55 58 57 60 62 64 65 67 68 60 51 49 48 48 50 53 53 52 54 59 120 100 82 111 116 124 154 153 161 162 168 173 176 175 171 170 167 165 167 170 174 177 177 179 177 174 174 175 175 174 173 171 169 172 170 163 158 148 142 127 121 132 137 140 141 144 145 146 147 147 147 148 149 152 155 158 161 163 166 167 166 168 169 175 
54 54 54 54 53 53 52 52 53 53 55 55 55 55 55 55 55 55 55 59 62 63 65 67 67 67 56 49 47 47 51 54 53 52 54 78 123 80 105 110 110 145 157 153 162 165 165 166 171 172 170 169 169 170 173 175 178 181 178 177 177 177 177 178 179 176 173 168 168 166 163 160 155 149 147 143 126 125 134 138 141 143 144 145 146 147 147 148 149 152 155 158 161 163 166 167 167 169 170 172 
54 55 54 53 53 52 52 52 52 52 54 55 55 55 55 55 55 53 55 59 60 60 63 66 65 67 66 56 49 49 53 54 52 51 51 104 108 72 109 110 113 155 155 150 158 166 170 170 172 171 168 169 170 174 176 177 177 178 177 173 171 171 171 171 172 171 170 168 168 167 164 158 156 153 153 149 141 129 128 136 140 143 145 146 147 147 147 148 149 152 155 158 161 163 167 168 168 169 171 171 
53 55 54 53 54 53 53 53 54 54 54 54 54 54 54 54 54 52 55 59 60 61 61 65 66 67 69 62 51 46 54 54 51 51 61 122 89 85 105 107 128 158 153 150 152 163 169 171 172 173 173 172 175 175 176 179 179 175 174 173 172 171 170 170 169 169 168 166 166 164 163 160 161 157 154 152 147 136 128 131 139 141 144 145 146 146 147 148 150 152 155 159 162 164 167 168 167 169 170 169 
53 55 54 52 52 52 52 53 54 54 53 53 53 53 53 53 52 52 55 59 59 61 61 61 67 68 67 69 58 49 53 53 48 53 83 111 75 103 103 105 144 157 147 148 147 158 165 168 170 172 174 175 176 178 178 179 178 175 173 172 171 171 171 169 168 168 167 165 163 162 164 164 165 161 158 155 152 144 136 125 139 142 144 146 146 146 147 148 150 153 156 160 162 164 167 168 167 169 170 169 
52 54 53 51 51 51 51 52 52 52 51 52 52 51 52 52 52 52 58 60 61 60 60 60 63 67 68 71 67 55 51 51 44 50 99 108 79 103 101 115 154 154 145 145 146 156 163 166 168 171 174 174 177 178 177 177 176 174 172 169 169 171 170 168 167 167 166 165 164 161 164 164 163 162 158 155 154 148 138 127 137 143 144 146 146 146 146 147 151 154 158 161 163 164 166 169 169 169 169 169 
52 54 53 51 51 51 51 51 51 51 51 51 51 51 52 52 52 53 58 59 60 60 60 60 62 68 69 69 70 61 48 45 42 56 117 89 95 99 102 134 156 147 142 142 145 155 162 164 167 170 173 172 173 174 174 175 173 172 170 169 169 170 168 164 162 164 163 161 159 158 162 159 160 158 156 153 151 149 139 127 134 143 145 145 147 147 147 146 150 154 160 161 163 164 167 168 168 167 167 167 
51 53 52 51 51 51 51 51 51 51 51 51 51 51 52 52 52 54 59 58 60 60 60 61 63 65 69 68 65 61 52 42 40 75 117 69 102 99 103 147 154 143 141 140 146 152 160 163 168 168 169 169 169 171 172 173 172 170 168 170 171 170 165 162 159 161 158 155 153 150 149 146 148 148 152 154 154 153 146 132 132 139 144 145 146 146 146 147 152 155 161 161 163 164 166 167 166 166 166 166 
51 51 51 51 50 50 50 50 50 50 50 50 50 51 52 52 51 53 60 58 59 59 60 61 62 62 66 67 61 55 46 36 35 98 102 76 101 99 115 155 151 141 141 143 147 147 156 162 165 166 167 167 168 170 172 174 173 170 169 172 171 168 163 162 161 155 150 145 137 130 115 119 118 125 131 131 143 150 148 136 129 136 141 144 146 145 145 147 151 155 160 161 164 165 165 166 164 164 164 165 
51 51 51 50 49 49 49 50 50 50 50 50 50 50 50 50 50 57 58 58 57 57 58 59 60 60 62 65 60 49 37 43 52 114 78 98 98 99 139 154 144 140 140 142 143 142 153 159 162 163 164 165 166 167 167 170 169 166 167 170 169 166 161 159 154 148 140 114 87 74 66 65 69 70 91 117 140 147 147 134 124 133 140 143 144 144 145 149 154 157 161 162 164 164 165 165 163 163 163 164 
50 50 50 50 49 49 49 49 49 49 49 49 49 50 49 50 52 58 59 59 57 57 58 59 59 59 59 63 70 63 52 55 81 109 68 102 97 103 150 149 140 140 140 140 140 143 149 156 160 162 163 166 166 166 166 165 165 165 166 164 164 163 161 155 137 123 102 77 51 47 50 56 56 62 78 101 130 144 141 123 123 134 139 138 140 141 144 148 152 156 162 162 163 164 164 162 162 163 164 165 
48 48 48 49 49 49 49 49 49 49 49 49 49 50 48 49 53 59 59 59 58 57 58 59 59 59 59 58 66 74 73 73 104 86 78 96 95 119 153 141 139 139 139 139 138 139 143 152 157 159 162 164 164 164 163 162 163 163 164 162 161 159 153 132 99 75 64 54 47 38 35 44 45 68 99 122 131 143 139 119 116 132 140 151 154 152 142 141 150 157 163 163 163 164 164 162 162 163 164 164 
48 48 47 49 49 49 49 49 49 49 49 49 49 50 49 48 54 59 59 59 57 57 58 59 59 59 59 62 64 72 74 84 105 67 96 94 98 139 149 136 137 137 137 137 136 135 138 148 153 156 160 162 162 162 161 159 160 160 160 159 158 153 141 90 64 51 48 42 28 26 32 36 43 70 107 128 143 146 138 125 128 141 146 144 145 154 158 147 145 159 165 164 164 164 164 162 164 165 166 164 
48 50 48 49 49 49 49 49 49 49 49 49 49 49 49 48 55 58 58 58 57 57 58 59 58 59 60 61 63 66 73 88 96 71 98 96 110 150 143 135 137 135 135 135 133 134 136 143 149 154 155 159 160 160 159 157 158 157 155 156 155 147 133 76 55 44 31 34 26 24 28 46 63 99 130 150 153 151 143 133 140 146 146 147 157 161 159 157 145 160 165 165 165 164 163 163 164 165 166 165 
49 52 51 48 49 49 49 49 49 49 49 49 49 50 48 48 55 57 57 57 56 57 58 59 58 59 59 62 63 61 67 100 77 94 97 95 128 148 137 134 135 134 133 133 132 132 131 135 141 149 154 157 158 158 158 158 158 156 155 154 156 152 127 77 53 46 39 37 42 59 74 99 125 144 151 157 157 150 134 133 147 143 144 148 143 145 152 141 148 162 164 164 165 164 163 163 164 165 166 165 
51 52 57 49 50 50 50 49 49 49 49 50 50 49 49 50 56 56 56 56 55 56 59 59 57 56 55 55 57 57 70 105 64 98 94 97 142 144 133 134 136 134 133 132 132 131 130 133 137 137 153 156 158 158 160 160 158 157 156 156 159 163 131 101 96 92 96 87 102 123 138 145 151 157 162 161 159 152 139 138 144 147 146 147 154 156 151 142 155 163 163 163 164 164 164 164 165 165 165 166 
49 48 52 48 48 48 49 49 49 49 49 48 48 49 47 53 55 56 56 56 56 57 51 37 26 26 28 29 28 27 74 97 68 96 94 104 148 138 131 134 134 133 132 131 131 129 129 130 133 129 139 153 156 156 159 159 159 155 155 160 164 166 158 155 151 145 149 144 144 152 153 159 162 162 163 162 158 153 145 142 146 150 150 151 156 149 141 149 163 163 163 163 164 164 164 164 165 165 165 166 
48 45 47 47 47 47 47 49 49 49 48 47 47 49 46 56 54 56 57 57 56 48 35 23 17 27 30 26 29 37 95 76 92 89 90 131 145 133 130 132 130 132 131 130 129 127 127 127 130 133 132 148 152 156 159 156 152 153 157 161 163 162 160 158 157 160 158 158 156 161 160 162 163 163 164 162 158 155 151 150 149 149 149 147 143 144 152 159 163 163 163 163 164 164 164 164 164 164 164 165 
47 47 47 47 47 47 47 48 48 48 48 49 49 49 47 57 54 56 58 57 52 32 22 22 28 41 44 44 43 61 102 68 98 93 96 141 139 131 130 129 129 130 130 129 128 127 125 125 123 127 129 135 146 151 155 155 154 155 155 156 157 156 158 157 157 157 159 160 163 164 164 164 164 163 162 160 159 154 152 153 151 150 148 139 144 153 155 160 163 163 163 163 163 163 163 163 163 163 163 163 
45 45 45 46 47 47 48 49 49 49 49 48 48 47 51 55 55 54 56 55 53 31 22 36 54 56 55 63 66 91 91 74 88 92 115 143 133 128 129 128 127 127 127 126 125 124 123 121 120 121 127 126 134 147 150 149 151 155 153 153 154 155 157 155 155 155 158 161 162 162 162 162 163 160 157 157 157 154 153 154 149 145 143 147 154 155 159 162 164 163 163 163 162 162 162 162 162 162 162 161 
46 46 46 46 46 46 46 47 46 46 47 48 48 46 52 55 56 55 55 55 54 33 21 40 57 59 63 76 77 97 71 91 87 95 135 140 127 127 127 126 126 127 128 125 123 122 121 120 120 121 123 126 128 142 147 148 148 154 153 153 156 156 156 155 153 156 157 160 159 158 157 157 157 157 156 156 154 153 154 153 146 142 148 152 155 158 161 163 163 164 164 164 162 162 162 162 162 162 162 162 
45 45 45 45 45 45 45 46 45 44 45 47 47 45 53 55 55 55 55 54 55 41 30 56 64 63 66 70 81 99 69 95 92 103 141 132 126 126 126 125 125 126 126 123 120 120 119 118 118 119 119 121 124 132 140 147 152 153 152 152 155 155 156 154 152 155 155 159 157 154 151 148 150 154 151 152 151 150 151 144 137 143 151 155 156 160 161 163 161 162 162 162 162 161 161 161 161 161 161 161 
44 44 44 44 44 44 44 45 44 43 43 45 45 45 54 54 53 54 54 54 55 52 57 68 63 62 62 64 86 84 84 89 90 122 142 125 125 126 125 124 123 124 124 121 119 118 117 115 116 117 118 119 122 121 127 135 148 151 149 148 151 151 151 150 148 149 148 153 149 148 146 147 150 149 148 150 143 141 140 139 144 149 152 156 159 162 162 163 161 161 161 161 160 160 160 160 160 160 160 160 
42 42 42 43 44 44 44 43 43 43 43 44 45 47 55 54 55 53 53 54 53 56 57 69 63 66 63 55 86 63 90 87 91 136 134 120 124 125 125 123 121 123 122 120 118 117 116 115 116 117 118 118 120 122 124 126 138 143 141 138 140 140 142 141 142 141 141 143 138 137 140 147 146 144 144 141 135 138 143 145 149 152 155 157 160 161 161 162 161 159 159 159 159 159 159 159 159 159 159 159 
45 45 45 45 44 44 44 44 44 44 45 45 46 48 55 54 54 54 55 55 55 54 55 61 68 64 67 64 90 62 92 86 108 139 124 120 123 123 123 122 120 119 118 116 114 114 115 115 115 116 116 118 120 122 124 130 138 138 135 124 117 113 122 113 115 108 101 94 89 102 112 126 132 135 136 136 139 146 148 150 153 154 156 157 159 160 160 160 160 158 158 158 158 158 158 158 158 158 158 158 
46 46 46 45 44 44 44 44 43 43 43 45 46 47 51 52 52 53 54 56 56 55 57 58 70 63 70 88 77 87 87 84 127 135 121 121 120 120 121 119 118 115 114 113 112 112 114 115 114 115 116 117 119 120 122 134 139 135 126 111 98 87 78 58 47 40 40 46 70 100 110 123 130 133 135 140 145 148 152 153 155 156 158 158 158 159 159 159 159 160 159 158 159 159 159 159 159 159 159 159 
44 44 44 43 42 42 41 41 41 41 41 43 45 45 48 50 49 50 52 54 54 53 56 58 62 73 64 95 66 97 88 92 138 126 120 119 119 119 118 117 117 113 112 111 111 112 113 114 114 115 116 117 119 120 125 135 137 130 117 98 87 84 63 39 31 36 46 55 90 109 123 135 137 140 142 144 148 150 153 154 155 157 157 157 157 157 157 157 157 159 159 158 158 159 159 158 158 158 158 158 
43 43 43 43 42 42 42 41 42 42 42 43 45 45 47 49 48 48 50 51 51 51 55 58 59 73 80 89 76 88 84 109 136 122 119 118 118 118 117 116 115 114 113 112 112 112 113 114 114 115 116 117 118 121 131 135 122 109 97 87 79 80 66 58 66 74 79 87 108 122 133 137 140 143 146 148 151 152 154 154 155 156 155 155 155 155 155 155 156 158 158 157 157 157 157 157 156 156 156 155 
43 43 43 42 42 42 41 42 42 42 42 43 44 44 46 52 51 49 50 50 51 51 54 56 55 67 88 71 82 86 85 127 128 118 120 118 118 118 116 115 115 114 113 112 113 113 113 113 113 114 115 116 118 121 130 119 100 89 82 78 72 77 81 85 89 91 98 111 122 133 137 139 140 144 148 148 150 153 154 153 153 153 155 155 155 154 154 154 155 156 157 157 157 157 157 156 156 156 156 156 
43 43 43 42 42 42 41 42 42 42 42 43 44 44 44 49 52 49 50 50 51 51 54 56 57 60 92 64 90 82 99 136 118 117 118 117 117 116 115 114 113 113 112 111 112 113 113 113 113 114 115 114 118 128 131 110 74 69 72 66 75 84 90 92 94 99 111 121 133 137 137 141 143 145 148 147 149 152 153 153 153 153 154 153 153 154 154 154 155 155 155 155 155 155 155 155 154 154 154 154 
42 42 42 42 43 43 43 42 43 43 44 44 45 44 46 48 52 49 48 49 51 51 54 56 59 74 86 75 84 82 113 132 114 119 117 116 115 115 115 114 113 113 113 113 112 112 113 113 113 114 115 116 119 134 114 76 62 59 56 66 78 83 92 93 99 107 119 128 134 137 137 141 145 148 150 150 151 152 154 154 154 154 154 154 153 152 153 153 154 155 155 155 155 155 155 155 154 154 154 154 
42 42 42 42 43 43 43 43 43 43 44 45 45 45 48 47 50 51 49 49 51 51 54 55 61 83 65 85 81 81 130 123 115 118 115 114 113 113 113 112 112 113 113 113 112 112 113 114 113 113 115 117 125 128 89 56 42 42 57 76 82 86 92 96 106 114 126 131 134 135 136 143 150 153 154 151 150 151 151 151 152 153 153 154 154 152 152 152 152 153 154 154 154 154 154 154 154 154 154 154 
42 42 42 42 43 43 43 43 43 43 45 45 45 45 49 47 49 52 50 49 51 51 53 56 62 80 59 85 78 102 131 115 115 115 116 114 112 112 112 111 110 112 113 113 112 112 113 114 113 113 115 121 133 100 60 37 27 43 65 81 86 90 96 104 110 118 129 131 133 135 137 145 147 150 150 150 149 149 149 148 150 152 153 156 157 154 151 150 151 152 152 152 152 152 152 152 152 152 152 152 
42 42 42 42 43 43 43 42 43 44 45 45 45 45 47 47 47 50 52 50 52 53 54 56 65 70 77 79 73 122 123 113 113 114 113 113 113 112 111 111 111 111 111 111 111 112 113 114 113 113 117 125 110 54 39 37 34 42 63 77 86 95 101 106 116 124 130 132 133 138 143 143 145 146 147 151 152 154 156 152 150 151 152 154 155 157 154 150 150 152 153 153 152 152 152 152 153 153 153 150 
42 42 42 42 43 43 43 42 43 44 45 45 45 45 47 47 47 49 53 51 50 52 53 55 73 61 91 78 85 134 114 112 111 111 111 111 112 112 111 111 111 111 111 111 111 112 113 114 113 114 120 117 58 26 28 32 32 40 59 70 89 99 103 110 121 128 131 132 137 141 148 157 163 169 175 173 171 166 161 157 152 151 149 152 152 156 156 153 150 151 152 152 152 152 152 152 152 152 152 148 
43 43 43 42 42 42 42 43 44 45 45 45 45 45 46 46 47 48 54 51 51 52 51 53 76 73 84 75 104 129 111 111 112 111 113 113 111 111 111 111 111 111 112 113 113 113 113 113 113 116 118 81 25 19 20 26 32 48 71 85 97 102 108 115 122 126 130 134 139 141 147 171 175 178 177 178 175 171 166 163 157 152 150 151 153 154 154 156 150 151 150 151 152 151 151 151 150 149 148 149 
42 42 42 42 42 42 42 43 44 45 46 46 46 45 45 46 47 48 51 53 52 52 50 61 71 80 79 77 129 117 108 110 110 111 111 110 110 110 110 110 110 111 112 113 113 113 113 112 111 118 113 45 17 14 15 22 45 73 91 96 101 107 114 119 123 126 130 135 139 139 144 151 176 181 185 182 178 175 170 167 164 159 154 150 150 152 153 153 154 152 150 150 150 150 150 150 150 148 147 149 
41 41 41 42 42 42 42 43 43 44 45 46 46 45 45 46 47 47 49 54 55 54 50 73 62 85 75 95 135 110 108 109 109 109 108 109 110 110 110 110 110 110 111 112 112 112 112 112 116 115 64 23 16 14 16 32 79 99 103 100 104 113 118 120 122 126 129 134 138 141 142 146 155 183 182 184 178 176 174 172 166 161 160 152 149 150 153 154 155 154 150 149 150 150 149 149 150 149 148 149 
42 42 42 42 42 43 44 44 44 44 44 44 45 46 46 46 46 46 48 51 56 53 56 76 75 82 76 119 129 110 109 109 108 108 108 109 110 110 109 109 109 110 110 110 111 111 112 112 110 92 29 15 15 17 31 72 109 111 108 106 112 117 118 119 123 125 129 133 136 139 142 145 145 159 181 185 176 179 178 174 171 168 162 158 152 148 150 154 155 155 155 150 148 149 149 149 149 149 149 148 
42 42 42 42 42 43 44 44 44 44 45 46 47 47 46 46 47 46 47 48 54 54 63 66 83 77 79 139 115 108 110 109 108 108 108 109 110 110 109 109 109 109 109 109 109 109 111 113 120 94 31 26 23 26 60 108 119 112 108 111 118 119 119 120 123 127 130 134 137 139 140 142 144 148 166 186 189 185 178 178 179 173 168 161 157 149 147 150 154 155 156 153 148 147 148 148 148 148 148 149 
42 42 42 42 43 43 44 45 45 45 44 45 46 46 43 44 45 46 48 48 50 54 74 58 80 72 99 135 107 107 108 108 108 109 108 108 108 109 109 109 109 109 109 110 109 110 110 116 141 89 45 44 46 52 86 115 119 114 109 116 123 123 120 121 124 129 132 136 136 137 138 140 142 143 148 164 186 183 184 181 182 179 172 165 162 154 147 146 150 152 154 152 152 147 145 146 146 146 146 146 
42 42 42 43 43 43 43 44 44 44 44 45 46 45 43 45 46 47 48 49 48 58 72 74 72 71 125 119 103 108 105 106 107 107 108 108 108 108 108 108 108 109 109 110 110 109 114 126 144 85 45 50 57 82 102 120 122 115 111 119 124 124 123 123 127 131 133 135 135 135 138 140 141 141 144 149 170 187 186 185 184 178 175 172 167 158 152 147 146 146 150 151 150 148 145 145 145 145 145 146 
41 42 42 43 43 43 43 43 43 44 44 45 46 45 43 45 46 47 48 49 48 64 64 85 68 85 139 107 104 106 105 105 106 106 108 108 108 108 107 107 107 108 108 109 109 110 113 141 130 85 42 43 65 101 117 124 123 117 115 123 127 126 125 126 129 132 133 134 135 135 138 139 139 139 141 144 150 175 186 183 183 178 177 174 172 167 161 152 145 144 148 152 149 148 147 144 144 144 144 144 
39 40 41 42 42 42 42 43 44 45 44 45 46 45 43 45 46 47 47 48 49 67 73 76 68 104 128 103 102 103 104 106 106 106 107 107 107 107 107 107 107 108 108 108 110 109 120 138 126 100 55 56 87 114 122 125 124 117 119 125 128 126 127 129 128 130 132 134 135 135 136 136 136 138 139 142 144 150 176 182 185 184 182 183 176 173 165 157 149 146 145 147 150 148 149 146 145 144 143 144 
39 40 41 42 41 41 41 41 42 43 43 43 44 44 43 45 46 45 46 47 49 65 74 71 74 123 108 103 102 103 104 105 105 105 106 106 106 106 106 106 106 108 108 108 109 113 121 127 123 114 93 100 115 123 124 124 124 122 124 126 127 126 128 130 130 132 132 133 133 134 135 135 135 137 138 140 144 145 155 177 185 189 188 185 180 175 168 163 155 148 144 143 146 149 148 148 145 144 143 143 
