128 129 129 130 133 133 133 130 133 134 133 133 133 133 132 132 131 135 133 135 132 130 129 129 130 132 134 131 131 131 129 129 131 132 134 133 133 133 134 133 133 134 134 135 138 135 137 137 138 137 137 135 135 135 136 137 138 138 138 138 138 137 135 135 135 135 136 136 135 135 135 134 134 133 134 135 136 135 135 136 130 130 134 120 102 108 130 131 116 121 122 132 124 120 126 134 131 130 127 126 
153 146 143 141 141 142 141 146 151 150 142 141 143 142 133 133 139 143 140 122 124 140 132 131 130 130 129 127 125 127 131 131 138 140 131 130 129 129 128 127 127 128 127 126 128 125 125 124 122 122 122 120 122 122 120 118 124 125 119 119 119 119 119 118 115 114 113 112 113 113 114 115 114 115 114 114 113 112 114 111 105 107 112 116 115 114 107 105 107 116 114 112 115 111 105 118 119 122 120 118 
152 151 154 155 155 157 156 150 150 161 157 151 149 153 156 157 152 154 144 151 152 149 147 147 146 145 145 145 146 144 146 148 147 155 159 153 151 150 149 148 148 149 148 148 149 147 147 146 149 146 147 147 148 147 149 154 163 161 147 144 146 145 143 143 142 139 139 138 137 137 136 134 134 134 135 135 134 131 132 137 125 125 127 124 122 120 121 121 120 118 118 119 118 117 116 116 118 118 118 117 
144 144 148 147 143 147 153 152 144 151 152 154 145 152 147 152 143 151 150 150 148 150 148 149 150 150 149 149 151 150 149 150 150 150 158 153 161 155 155 154 150 147 147 148 147 148 148 147 147 147 149 149 149 153 159 158 140 152 153 149 148 146 145 145 148 146 145 143 143 151 155 143 141 142 142 143 144 140 138 141 150 143 137 134 134 133 132 131 131 131 130 128 128 128 128 128 128 127 128 126 
139 142 141 142 137 139 144 143 144 142 139 149 144 149 148 150 148 148 144 145 146 146 149 149 153 150 148 148 147 148 149 149 148 147 155 148 143 142 141 139 150 151 142 144 147 149 152 151 151 151 149 149 153 158 156 147 144 148 152 149 149 147 148 148 149 148 147 146 147 147 155 151 147 147 147 146 145 145 144 144 143 152 142 142 140 137 137 135 135 134 134 132 131 131 132 132 132 132 131 132 
119 122 122 122 120 124 123 119 119 126 127 126 128 128 129 128 130 132 130 133 132 133 135 136 132 131 131 132 128 128 129 133 134 136 136 131 131 134 140 142 133 140 142 136 140 136 129 131 135 140 145 141 145 138 137 142 149 152 149 146 148 148 148 148 147 147 146 145 144 146 148 155 147 145 146 147 145 145 145 145 144 151 145 144 143 143 141 140 141 141 139 137 137 137 139 138 137 138 137 135 
105 101 103 102 104 103 101 101 104 105 102 98 99 99 98 97 96 96 95 96 92 91 94 96 95 93 92 96 96 97 96 98 98 98 97 103 106 109 111 111 111 112 115 119 119 120 123 123 125 123 118 114 126 131 131 136 138 137 138 139 140 141 140 140 140 141 140 142 142 142 141 147 145 144 143 143 143 144 144 143 143 150 150 147 146 145 144 144 143 142 141 140 140 140 139 141 140 141 139 131 
159 159 160 159 160 161 161 160 161 161 160 159 158 159 159 158 158 156 155 156 149 143 152 151 152 152 150 153 153 150 149 146 146 143 141 141 139 131 127 124 120 118 117 115 114 110 106 105 101 99 97 95 96 95 90 92 93 92 90 90 91 92 92 95 97 97 95 99 105 111 115 119 125 126 129 128 128 132 134 133 134 137 138 138 141 144 139 139 139 137 138 138 141 142 140 139 137 135 136 135 
163 163 163 163 164 164 165 165 165 165 164 164 166 166 166 165 165 165 164 165 159 152 165 165 166 166 165 165 165 165 165 165 165 165 164 164 165 165 165 165 165 165 165 166 166 165 162 162 159 160 158 157 157 156 144 140 145 141 140 139 136 132 128 123 113 62 36 34 35 38 39 41 44 49 54 60 64 68 72 74 77 82 91 97 104 109 113 114 119 124 126 127 127 128 129 130 131 131 131 131 
164 164 165 165 166 166 166 166 166 166 166 166 167 167 167 166 166 166 166 166 163 152 166 167 167 167 166 166 166 166 166 166 166 166 166 166 165 165 165 165 164 164 165 166 166 165 165 164 164 163 163 163 163 163 156 149 164 161 161 160 159 158 159 151 87 39 37 36 37 38 38 38 39 40 39 43 41 42 46 48 49 50 48 47 45 44 45 46 46 48 52 57 61 67 73 79 83 91 97 104 
164 164 166 166 166 166 166 166 166 167 167 166 166 167 167 167 167 166 166 166 163 149 165 167 167 166 166 166 166 166 166 166 166 166 165 165 166 166 166 166 166 166 166 167 167 166 166 165 165 163 163 163 163 163 157 145 162 161 160 158 159 157 149 87 41 38 37 36 38 39 36 38 39 43 43 46 44 45 50 54 53 52 51 51 50 50 51 51 51 50 46 46 46 47 44 45 44 45 44 47 
165 164 165 166 166 166 165 166 167 167 167 168 168 168 168 168 168 167 167 166 164 149 164 166 166 166 167 167 167 167 167 167 167 167 167 167 167 167 167 166 166 166 167 167 167 167 165 165 165 165 165 164 163 163 161 144 162 162 160 158 158 150 85 39 38 36 35 36 40 38 36 37 38 43 44 46 46 48 52 51 52 51 53 51 51 50 50 50 52 50 46 46 47 50 50 49 49 50 52 51 
167 166 165 166 167 168 168 168 167 167 168 168 168 168 168 168 168 167 167 168 166 152 162 168 167 167 167 167 167 167 167 167 167 167 167 167 167 167 167 167 167 167 166 167 166 165 164 165 165 165 165 164 163 163 162 149 159 162 160 159 150 83 39 35 34 35 36 38 40 36 36 37 40 44 46 44 47 48 49 49 51 50 51 50 52 48 46 47 51 48 46 47 46 50 52 51 51 52 51 53 
166 166 167 167 166 166 167 168 168 168 168 168 168 169 169 168 168 170 170 170 168 153 161 167 166 167 167 167 167 167 167 167 167 167 168 167 167 167 167 167 167 166 166 166 166 165 165 165 165 165 165 163 163 163 162 148 156 161 159 153 80 39 36 35 36 36 35 38 41 38 38 40 42 44 47 44 47 47 48 48 50 48 48 50 50 48 44 45 46 46 47 48 48 49 52 54 51 52 53 57 
167 167 167 167 168 168 168 169 169 169 168 168 169 169 169 169 169 169 169 169 168 155 158 167 166 167 167 167 167 167 167 167 167 167 167 167 167 168 167 167 167 166 166 166 166 166 166 165 165 165 165 163 163 163 162 149 152 161 150 84 42 36 36 35 37 36 36 41 41 38 39 41 43 44 46 44 46 45 46 51 47 46 48 49 47 48 45 44 44 44 46 47 46 47 49 49 52 54 55 57 
167 167 167 167 168 168 169 169 169 169 169 169 170 169 169 169 169 169 169 169 168 158 155 167 166 167 167 167 167 167 167 167 167 167 168 167 167 166 167 167 167 166 166 166 166 166 166 164 164 165 165 163 163 162 162 153 149 149 81 42 38 36 37 37 40 41 40 42 43 40 42 44 44 42 47 46 45 46 48 50 46 46 47 47 44 44 44 43 43 44 45 45 45 45 47 49 49 52 54 55 
167 169 169 169 168 168 169 169 169 169 169 169 169 171 171 170 170 168 168 169 168 161 156 166 166 167 168 168 168 168 167 165 167 167 166 166 166 166 166 166 166 166 167 167 166 165 165 163 164 164 164 163 163 163 162 153 131 73 42 41 39 39 39 42 42 43 43 46 44 44 45 45 42 44 46 45 46 46 46 44 43 44 43 43 43 42 41 43 42 44 43 44 46 46 46 49 50 51 53 54 
168 169 169 169 168 168 169 170 170 169 169 169 170 170 170 169 169 169 169 169 168 162 154 167 167 168 169 169 169 169 169 168 169 169 168 168 168 168 168 168 168 168 168 168 168 167 167 166 166 167 164 164 164 164 161 143 69 41 39 39 40 40 40 44 47 46 44 48 46 45 46 44 43 43 46 46 44 46 45 42 42 41 38 39 40 40 38 39 43 44 43 42 43 47 48 50 50 52 54 57 
168 170 169 169 169 169 170 171 171 170 170 170 170 171 171 171 171 170 170 170 170 165 156 169 169 169 170 170 170 170 169 169 168 166 166 165 164 164 165 165 164 163 163 163 163 162 160 158 158 156 157 158 157 153 128 67 47 41 40 39 40 44 45 47 46 45 45 48 47 44 46 45 45 44 45 46 46 46 46 45 41 43 39 38 38 40 37 38 40 43 46 47 45 49 51 53 55 55 55 58 
168 169 170 170 167 167 166 166 166 166 165 164 164 163 162 163 163 163 161 160 161 160 158 161 161 162 163 163 163 164 164 165 165 165 165 165 166 166 167 167 167 167 168 168 168 168 160 157 168 166 164 165 159 123 63 48 44 44 43 43 43 47 46 45 47 47 46 46 46 43 45 45 44 44 46 46 46 45 45 47 44 41 40 39 40 40 39 39 41 43 45 48 48 50 50 51 51 50 54 63 
162 163 164 163 164 164 166 166 166 168 169 168 168 168 170 170 170 170 170 170 170 170 170 170 170 171 172 172 171 170 170 169 171 171 171 171 170 170 169 168 168 168 168 168 168 167 161 153 165 165 163 159 108 54 47 46 45 45 46 45 44 46 46 47 49 49 47 45 47 46 45 48 45 43 46 46 43 44 45 45 42 42 40 40 40 42 41 42 45 45 45 48 50 51 51 51 50 55 62 76 
169 171 170 169 171 171 171 171 171 172 172 172 172 172 172 170 170 170 170 170 170 170 170 170 170 170 170 170 170 170 168 168 170 170 168 168 168 168 168 167 167 167 167 167 167 168 163 157 166 166 159 105 52 47 46 44 48 46 45 46 43 47 46 45 47 45 43 45 47 45 44 46 44 43 44 45 48 46 45 44 45 43 39 37 39 41 41 41 43 44 45 48 51 54 56 55 53 58 72 93 
169 171 170 170 170 170 170 170 171 171 171 171 171 171 171 170 170 170 170 170 170 170 170 170 169 170 170 170 170 170 169 169 168 168 168 168 168 167 167 168 167 167 167 166 166 167 164 159 164 153 99 53 46 45 46 45 44 44 47 45 46 46 46 43 43 42 42 45 47 46 45 42 41 41 42 43 46 46 45 45 49 44 41 38 37 39 38 38 39 39 42 46 50 54 54 55 58 67 88 115 
168 172 171 171 171 171 171 171 171 171 171 171 171 171 171 171 171 170 170 170 170 170 170 170 170 170 170 170 170 170 170 170 168 168 168 168 168 169 168 168 168 167 167 166 166 167 165 157 148 82 50 48 43 43 42 44 44 45 45 45 44 43 44 41 43 44 45 43 44 45 44 45 43 44 44 44 45 43 43 42 44 42 41 42 39 36 36 37 39 40 43 48 52 57 57 59 65 91 115 127 
170 173 170 170 171 172 172 172 172 171 171 171 171 172 172 172 172 170 170 170 170 170 170 170 170 170 170 170 169 170 170 170 170 170 170 170 169 168 168 168 168 167 166 166 165 166 164 138 73 49 47 46 43 39 41 44 40 42 43 45 41 39 39 38 39 39 39 41 42 45 43 43 44 44 43 44 45 45 46 42 41 41 40 41 39 39 40 38 40 41 44 52 54 56 59 65 84 113 132 144 
169 172 171 171 172 172 172 172 172 171 171 172 172 172 172 172 172 171 171 171 170 170 170 170 169 169 169 170 169 169 170 169 169 169 169 169 169 168 168 168 168 167 167 166 164 162 138 66 47 44 43 42 38 38 38 39 38 41 42 41 41 38 38 35 37 40 36 39 40 43 44 45 46 45 43 45 44 47 43 43 41 39 39 42 42 43 41 39 42 44 49 55 57 59 64 87 116 134 148 153 
168 171 171 171 171 172 172 172 172 172 172 172 172 172 172 172 172 172 172 171 171 171 171 170 170 170 170 170 170 170 170 168 170 170 170 170 170 170 170 170 168 168 168 165 151 123 62 46 42 41 39 36 34 37 36 37 39 40 42 40 41 41 37 36 36 37 38 39 39 40 42 44 46 43 42 44 42 43 41 43 41 38 40 43 41 42 40 40 44 49 55 58 60 67 83 108 129 143 148 152 
168 172 172 172 173 173 173 173 173 173 174 174 174 173 174 173 173 173 174 173 173 173 173 173 172 172 172 171 171 171 172 172 171 171 172 171 171 171 170 169 168 168 166 148 89 52 42 40 38 39 37 34 37 39 38 38 37 40 40 41 41 37 35 37 37 38 38 39 40 40 42 42 41 42 42 41 39 39 37 39 40 41 41 41 40 39 41 45 50 54 56 59 71 93 111 129 134 141 143 143 
171 183 177 177 177 177 177 177 177 176 176 176 176 176 176 174 174 175 173 173 173 173 173 172 171 171 170 169 169 169 169 168 168 167 168 167 166 166 165 164 162 163 147 77 48 40 38 38 40 36 36 38 40 41 44 40 40 41 41 39 38 36 35 37 36 36 36 38 38 38 39 40 41 39 41 39 37 36 35 35 39 40 40 40 39 40 46 49 53 56 59 73 95 114 121 130 131 132 134 134 
163 176 174 174 174 174 173 173 172 171 171 171 171 171 171 169 170 168 166 166 166 166 166 165 165 163 164 163 163 163 162 161 160 159 158 156 156 155 155 153 151 146 86 53 45 42 40 39 39 40 39 41 41 42 43 41 40 39 36 34 35 36 38 39 36 35 36 38 37 35 36 37 39 39 40 41 37 35 35 36 39 39 39 41 44 45 51 55 54 58 67 97 122 133 137 140 142 142 143 145 
156 167 167 166 167 167 167 167 166 164 164 163 163 162 161 161 160 158 158 157 157 156 156 156 154 153 153 151 150 150 149 147 146 144 142 141 138 135 132 129 126 95 58 51 50 46 43 45 43 44 46 44 41 40 41 42 38 36 34 35 36 37 38 39 38 35 34 36 36 34 40 41 42 40 39 39 36 37 37 38 40 42 43 42 45 49 51 55 61 76 101 121 134 143 145 148 149 149 149 149 
149 160 160 158 158 158 158 158 157 155 154 154 153 152 150 150 150 150 148 147 145 143 144 144 143 142 142 141 141 141 141 141 142 143 141 139 138 136 133 127 96 63 56 50 46 46 44 45 47 48 48 43 41 41 42 42 40 39 38 38 38 38 39 41 38 39 40 39 38 37 38 38 39 38 38 38 36 37 38 37 42 47 46 44 44 48 52 60 74 103 127 139 143 145 148 149 147 147 147 147 
144 150 151 150 150 151 150 151 152 151 151 152 154 152 152 153 156 156 157 155 154 155 156 159 159 159 157 157 158 155 154 156 158 158 157 156 154 132 97 73 58 57 49 46 44 43 46 47 49 50 49 45 46 45 45 43 46 43 41 40 39 39 40 41 42 42 43 42 42 42 40 38 37 37 37 39 38 39 40 44 47 50 47 47 51 52 57 76 105 127 138 143 144 145 146 144 145 146 146 146 
158 158 159 160 158 156 157 158 158 160 161 163 165 162 162 162 164 163 163 162 161 160 159 161 161 160 159 160 161 159 158 159 157 156 154 144 95 58 54 54 49 46 48 46 43 44 47 48 49 49 49 45 47 46 47 45 46 46 45 46 45 45 44 45 46 46 45 42 42 41 41 40 38 36 36 37 40 40 41 47 53 53 51 54 54 54 74 107 131 140 145 145 146 147 146 145 145 146 147 147 
160 160 160 159 160 159 160 159 158 157 158 159 159 160 160 159 159 159 157 157 155 156 157 157 157 157 156 157 157 157 156 156 155 146 123 75 54 52 52 49 46 46 45 48 47 47 47 48 50 51 51 49 47 47 45 43 43 43 44 46 44 46 46 48 45 47 47 44 42 41 41 39 37 37 39 38 39 41 46 52 56 55 54 55 52 62 87 116 133 140 145 145 145 145 145 145 145 145 147 147 
158 158 156 157 158 159 159 159 159 159 158 158 158 158 158 158 158 156 142 115 99 102 110 127 147 154 154 155 156 156 155 152 136 89 58 49 47 49 51 44 45 45 45 47 48 50 48 51 48 49 51 50 50 48 47 46 45 45 45 43 43 43 45 46 45 44 46 48 45 42 39 40 38 36 38 39 38 39 46 49 57 58 53 52 61 84 116 133 141 142 145 145 145 146 146 146 145 145 147 146 
157 157 157 158 159 159 158 157 157 157 157 157 157 158 158 157 157 146 80 53 58 60 57 56 67 93 126 145 153 153 152 137 73 49 45 44 46 49 47 40 38 38 38 37 38 41 44 45 44 45 47 51 48 48 49 48 49 45 46 46 46 46 43 40 39 39 44 43 43 45 44 44 41 37 36 35 35 37 43 49 54 52 48 52 57 70 100 128 139 143 145 146 146 146 147 147 147 147 148 147 
159 159 159 159 158 158 158 158 158 158 158 158 158 158 158 158 158 129 59 53 59 62 63 64 60 62 61 58 80 103 132 96 49 45 43 43 49 50 46 39 35 36 35 35 33 36 40 40 41 44 47 48 47 50 47 49 50 50 45 45 48 46 43 40 38 36 36 36 39 43 47 50 43 39 35 35 35 38 42 48 52 48 43 46 52 59 62 73 99 123 129 141 146 146 147 147 145 147 147 147 
159 159 159 158 157 158 158 157 157 158 158 158 158 158 156 158 157 141 59 48 47 50 60 74 75 75 73 56 50 49 64 68 60 52 49 51 53 48 47 42 38 35 35 35 32 33 36 38 39 40 39 43 44 45 49 52 54 54 52 46 45 47 45 42 38 37 36 36 34 36 40 50 48 42 38 37 36 37 42 46 50 43 38 38 37 40 43 47 50 52 57 86 116 141 146 146 146 147 148 148 
157 157 157 158 158 157 158 157 157 158 157 158 157 158 156 158 157 154 83 44 40 44 58 66 70 68 67 52 48 46 50 53 66 70 69 59 51 47 41 40 39 35 34 34 30 31 36 35 34 35 36 38 40 41 42 43 52 55 56 51 49 47 45 43 41 42 39 36 38 37 36 38 42 44 45 41 37 35 38 45 49 41 35 35 35 33 34 36 36 38 42 55 69 94 132 145 148 149 145 149 
156 158 157 157 158 158 157 157 158 158 158 158 158 158 158 155 156 157 129 48 40 41 49 53 63 56 50 53 55 51 52 45 51 60 70 71 60 50 44 40 39 35 33 34 35 34 36 35 33 35 35 36 36 37 40 40 47 54 55 54 51 45 43 44 43 46 48 44 43 40 40 39 37 42 45 44 45 44 42 40 46 43 37 39 39 38 38 40 38 37 38 51 65 64 92 158 169 167 133 149 
157 158 158 158 158 158 158 158 158 158 157 157 157 157 157 158 157 156 151 86 41 40 42 42 44 48 54 57 46 48 41 37 48 59 69 67 58 56 52 49 46 40 33 33 34 37 36 35 34 34 33 33 34 35 36 41 43 48 56 57 56 50 47 50 48 53 53 50 47 46 46 43 44 42 44 46 46 47 49 50 44 43 42 49 49 47 44 44 45 42 41 42 46 44 55 112 164 167 131 146 
158 158 158 158 159 157 157 157 157 157 158 158 158 158 158 158 157 155 156 138 59 39 37 36 43 51 48 44 40 39 41 39 49 58 62 60 59 54 52 50 49 51 46 36 35 37 35 35 34 33 33 30 33 34 35 40 42 47 50 54 55 53 54 54 56 57 56 56 54 57 52 50 49 44 49 57 51 48 50 54 50 44 48 58 62 63 63 62 55 49 50 48 44 42 47 65 127 167 144 155 
158 158 158 158 158 157 157 158 158 158 158 158 158 158 158 158 158 157 157 156 114 51 40 37 37 38 41 41 37 41 42 46 48 51 55 56 55 55 51 52 51 49 53 48 38 34 33 33 34 36 34 31 32 32 34 38 41 44 45 46 46 48 50 50 54 55 51 48 51 56 58 54 50 48 53 54 51 51 55 57 56 51 48 67 98 107 95 69 69 58 48 48 45 44 48 54 80 154 154 156 
157 157 158 158 157 157 157 157 158 158 158 158 158 158 158 158 158 158 157 153 129 67 58 43 35 36 39 39 43 47 48 48 52 54 57 51 50 52 55 60 56 58 49 53 48 37 32 33 33 35 33 32 32 33 35 37 40 42 44 44 44 42 45 47 47 46 43 43 50 54 55 52 52 54 51 47 45 46 49 54 55 55 53 53 90 124 135 121 89 65 56 47 48 44 47 54 69 127 159 152 
158 158 157 157 158 158 158 157 157 157 158 158 157 156 157 156 157 155 154 151 98 58 64 54 39 37 37 42 47 46 48 47 50 51 63 71 64 56 56 62 61 58 49 53 51 40 33 33 32 35 35 33 32 33 35 35 38 40 41 43 45 41 43 44 43 43 41 46 48 50 49 49 46 44 38 36 43 43 43 44 49 53 51 50 53 89 132 140 121 67 59 53 49 46 50 53 74 112 166 147 
158 158 158 158 158 158 157 158 158 157 157 158 158 157 157 158 156 157 155 129 65 58 58 54 45 40 39 48 47 47 45 48 43 59 65 58 72 63 54 54 62 60 50 52 52 45 36 34 34 32 36 37 33 33 35 37 38 41 40 40 39 39 40 40 40 39 42 44 45 45 46 41 36 37 40 41 43 40 36 40 45 48 46 48 49 56 94 132 130 75 61 54 50 55 59 67 96 149 168 147 
158 158 158 158 158 158 158 158 158 158 158 158 157 156 156 157 155 157 144 84 51 56 63 52 47 45 46 53 52 50 44 44 69 93 93 85 59 70 59 52 56 63 56 49 54 47 41 37 36 37 35 35 36 35 35 38 40 40 41 40 40 40 39 39 41 40 41 44 45 40 34 33 38 42 46 47 42 38 34 39 41 39 41 45 48 53 55 90 119 81 62 64 57 61 64 77 147 167 170 149 
157 158 157 158 157 157 158 158 158 158 158 158 158 158 157 156 155 154 111 59 48 52 61 56 49 45 51 53 52 46 45 47 79 108 98 90 62 66 61 56 58 69 58 48 51 48 43 41 42 43 43 41 41 40 36 38 40 41 42 40 42 41 39 39 40 39 41 42 41 36 32 36 40 44 45 45 41 39 36 39 37 36 39 45 46 47 47 53 74 87 73 77 79 66 76 108 170 172 172 150 
157 158 157 157 158 158 158 157 158 158 158 158 158 158 158 156 156 155 110 56 53 55 64 59 52 47 50 54 58 51 46 54 64 85 84 67 58 66 65 65 66 67 58 48 51 53 51 50 48 49 52 50 45 44 42 44 45 47 46 47 48 44 45 44 44 43 45 46 46 41 39 43 47 46 47 48 43 42 43 39 34 35 41 46 43 39 43 46 53 69 92 87 88 96 104 122 166 172 172 153 
156 158 158 157 159 157 157 157 158 158 157 158 158 158 156 157 156 139 81 60 59 64 63 61 52 51 56 53 52 56 59 62 68 58 44 45 61 75 74 77 72 62 64 55 58 58 62 62 60 61 59 56 53 49 47 48 49 53 53 51 54 56 57 58 59 57 61 59 62 54 52 53 52 52 52 51 49 49 44 38 33 37 42 40 38 36 38 44 50 54 72 112 113 111 129 129 157 170 170 163 
157 159 158 158 158 158 158 158 159 157 156 156 156 157 156 154 133 79 57 53 58 54 57 55 50 52 52 55 57 61 63 62 66 76 76 60 59 67 78 88 79 69 70 66 57 62 68 67 68 70 65 65 59 57 54 58 61 68 67 75 83 88 97 104 110 98 105 102 120 102 107 94 85 75 65 63 62 54 48 41 37 40 42 42 39 37 42 42 46 51 53 75 102 111 130 131 148 171 171 169 
157 158 158 158 158 158 158 158 158 157 156 158 157 148 125 91 63 58 59 59 50 47 48 49 51 50 51 55 59 63 66 65 67 68 69 67 60 54 63 76 84 76 74 73 64 70 70 72 74 75 79 78 79 79 79 77 83 88 95 107 117 126 130 130 132 128 128 130 131 128 129 124 124 117 107 100 83 68 55 48 46 45 42 39 39 40 41 41 45 47 49 54 71 99 122 131 143 172 170 170 
158 158 158 158 159 159 159 158 157 155 158 148 113 70 47 41 39 39 39 41 43 45 44 49 57 59 57 54 54 58 61 60 68 68 62 66 69 61 57 54 68 84 80 68 65 82 94 105 113 107 105 107 110 114 114 122 121 125 129 133 136 138 138 137 140 140 139 139 140 141 142 141 141 140 137 134 123 102 82 69 58 52 48 40 39 38 40 43 46 47 49 54 57 81 111 129 136 172 171 172 
157 157 158 158 157 157 157 156 154 144 105 64 46 44 45 47 43 46 44 44 44 44 47 52 55 53 55 52 54 61 63 67 67 62 63 69 69 69 66 44 57 77 70 58 78 107 125 139 144 145 144 145 148 151 152 151 153 155 156 157 155 156 156 155 155 154 153 151 152 149 148 145 143 139 137 135 133 126 115 99 82 68 54 46 44 40 42 42 45 47 47 52 60 69 89 118 125 166 174 172 
154 152 152 151 149 149 147 143 118 70 52 47 48 48 56 60 55 50 60 52 49 46 48 53 56 56 55 57 60 76 80 70 64 70 66 72 72 66 60 38 40 58 57 63 92 133 149 160 161 160 161 159 158 158 158 158 156 157 156 155 157 157 155 156 154 153 157 154 146 147 147 148 148 143 141 141 148 136 120 129 120 98 75 59 49 45 43 43 45 43 43 48 58 64 67 90 122 164 173 174 
132 133 135 135 135 137 132 106 69 58 59 62 61 60 65 69 62 58 68 56 52 47 50 54 54 57 59 53 92 159 122 74 54 72 75 71 76 72 60 72 81 66 56 76 107 128 143 155 159 164 161 157 156 158 161 161 159 157 156 154 157 162 161 160 157 157 159 158 157 160 159 149 146 153 145 142 138 131 116 147 137 115 106 84 63 55 49 48 43 42 46 51 58 62 64 69 95 141 172 172 
158 159 160 162 162 162 156 123 79 65 66 69 71 63 62 63 65 71 64 62 61 56 50 54 53 57 57 51 84 88 92 64 70 78 66 70 76 75 79 86 83 69 72 78 95 137 151 152 156 158 160 159 154 155 158 156 155 156 154 151 154 159 158 162 159 156 157 154 151 152 150 153 148 153 145 143 137 127 117 149 143 130 121 129 101 73 59 51 49 50 51 51 54 56 62 67 78 101 154 169 
163 168 167 159 160 161 162 165 160 128 106 92 83 81 76 74 68 66 56 63 60 60 52 51 56 55 62 63 60 53 53 62 74 62 58 67 71 69 69 72 75 77 84 109 137 152 155 153 158 160 161 158 158 157 158 158 157 158 155 154 157 157 158 161 161 157 157 155 154 148 156 158 153 150 147 145 144 138 121 147 147 143 114 127 130 114 82 63 60 56 50 50 52 56 59 64 70 78 99 144 
159 164 166 157 154 155 159 164 165 160 155 155 158 158 151 147 136 131 110 86 74 77 79 82 79 65 61 64 70 65 64 61 52 52 61 69 71 74 73 87 89 99 132 151 157 159 158 154 159 164 162 164 161 156 157 159 157 158 158 154 156 160 156 163 164 159 157 156 159 154 157 157 151 146 150 146 146 143 131 145 152 153 113 126 127 135 124 87 68 59 53 52 50 51 53 54 60 69 76 93 
162 164 164 159 155 156 164 166 163 163 159 159 165 167 163 161 155 158 161 161 150 150 146 147 134 117 96 81 79 77 74 78 79 88 95 101 120 123 126 136 140 140 145 155 155 160 159 156 157 163 164 164 158 156 156 159 160 158 158 154 155 157 157 162 164 159 157 157 161 158 155 154 154 153 156 149 147 142 138 140 154 156 115 125 128 141 143 118 98 74 61 53 49 50 49 50 54 62 69 78 
164 165 163 162 157 156 163 169 168 167 161 156 162 166 166 166 159 158 160 164 162 166 163 159 160 161 157 148 147 142 142 146 148 153 154 147 143 144 146 151 150 148 145 148 155 164 161 157 157 160 162 163 159 156 157 159 163 159 159 153 155 160 160 164 165 158 158 157 164 159 157 155 155 154 161 153 149 144 140 136 157 154 118 125 131 140 149 130 120 108 77 63 52 48 48 45 49 56 67 71 
162 164 163 162 159 159 163 166 168 167 163 156 158 164 166 165 160 158 156 162 163 168 165 159 159 163 163 163 161 160 156 157 156 163 161 153 144 148 150 156 151 148 152 150 151 159 158 156 154 155 160 165 160 156 154 157 161 161 160 156 156 161 160 164 166 161 159 158 159 161 157 152 150 150 162 157 150 145 142 132 156 147 121 117 119 129 147 136 116 127 111 81 62 52 47 49 50 48 54 59 
159 165 164 164 158 157 159 163 165 168 163 156 157 162 164 165 161 159 154 160 162 166 165 158 156 160 161 165 161 160 158 157 160 162 159 153 148 149 154 160 156 147 148 151 157 161 159 153 152 153 159 168 163 158 155 156 156 163 161 159 157 161 159 164 166 160 153 145 141 146 148 145 149 151 163 161 156 153 145 127 122 118 112 106 105 104 105 109 108 120 124 102 76 58 50 50 47 43 47 55 
155 161 163 165 158 154 155 160 164 169 164 156 155 161 164 167 161 157 151 156 161 167 166 157 155 158 160 163 160 157 155 157 161 162 162 153 153 149 154 162 158 155 150 153 155 162 163 159 156 155 159 165 166 159 156 155 158 165 159 159 158 160 160 159 147 130 119 117 120 129 136 127 118 126 135 142 132 127 122 123 117 113 107 100 104 104 106 106 107 103 101 100 87 71 57 51 46 42 46 51 
155 161 163 165 158 154 154 158 163 170 166 158 157 162 165 168 158 154 151 154 159 165 166 158 156 160 160 166 163 158 154 156 159 163 162 157 152 155 156 161 161 158 156 156 157 160 165 161 158 155 158 163 169 160 155 155 158 139 128 126 127 127 124 123 123 124 121 122 121 128 135 127 121 128 126 125 124 118 122 125 115 108 106 107 104 105 106 105 104 103 106 99 91 79 64 52 46 45 48 53 
155 161 163 166 158 154 155 159 164 170 168 160 160 164 168 169 160 156 154 161 164 162 167 159 156 158 161 165 166 159 156 156 158 161 166 162 155 155 155 159 165 159 157 154 155 159 167 162 160 156 158 162 169 164 158 158 162 138 127 123 121 122 124 125 126 125 121 120 119 110 124 125 115 114 120 101 113 124 126 123 108 108 100 102 101 103 96 103 105 104 102 99 92 79 64 55 49 44 48 56 
155 161 163 167 158 155 155 158 163 168 170 160 157 160 164 166 165 158 155 161 162 157 169 162 155 158 159 164 169 161 158 155 157 162 165 164 156 156 158 158 165 159 155 155 158 161 170 165 159 157 159 162 170 166 160 160 164 138 127 124 126 126 127 128 129 120 118 119 107 111 124 128 122 126 132 115 109 125 127 121 105 108 99 96 99 102 101 105 102 104 104 103 96 86 71 59 54 43 51 57 
154 160 163 166 161 155 154 158 162 166 170 163 155 156 160 163 168 161 155 157 160 163 170 164 156 158 157 161 173 164 158 154 158 161 169 166 159 157 159 161 169 163 159 158 160 162 171 166 159 155 154 154 160 153 141 137 134 117 119 121 126 130 129 128 133 128 123 116 122 135 125 127 117 126 126 131 121 120 131 123 107 106 102 94 97 99 98 101 103 101 98 107 101 97 86 77 65 49 58 78 
153 159 162 164 164 157 154 158 165 167 171 163 155 156 161 160 167 161 157 158 161 162 170 166 157 157 159 162 171 166 158 156 157 159 170 168 160 156 159 161 170 165 161 159 160 158 168 163 117 100 94 85 76 69 70 65 59 69 105 118 121 129 130 127 134 133 126 123 122 128 118 118 124 119 111 111 86 110 127 123 113 108 109 106 107 107 109 104 110 106 102 107 102 99 92 90 84 73 72 87 
156 158 163 164 168 160 158 158 161 163 172 165 156 156 161 162 168 162 156 156 160 162 171 168 160 159 161 164 172 169 162 156 159 162 170 171 162 159 160 164 170 168 162 158 158 159 168 176 116 90 82 87 93 98 108 114 116 121 130 119 122 126 130 128 132 133 128 127 127 137 121 111 116 109 109 107 113 121 131 127 120 116 110 113 107 112 113 112 116 112 109 107 109 106 104 100 99 95 95 121 
154 158 161 164 170 164 160 159 161 163 173 167 155 156 160 163 169 164 160 157 159 161 172 170 161 157 160 162 167 167 163 159 159 165 171 173 165 161 161 162 168 170 162 160 156 160 169 197 180 193 160 134 145 144 137 150 131 135 159 118 121 127 129 130 136 137 135 130 135 137 137 137 137 130 128 133 145 145 137 129 119 118 114 117 124 120 121 124 131 134 124 119 114 113 110 117 116 106 124 141 
155 158 161 165 171 165 160 158 161 164 173 169 157 154 160 159 168 165 160 158 158 161 168 172 162 157 160 163 170 167 163 160 159 165 168 174 167 161 161 160 168 172 163 160 160 161 168 192 180 170 134 118 120 100 97 102 89 99 132 118 123 131 136 137 141 145 139 133 132 133 139 143 143 144 140 135 143 146 139 131 128 125 125 123 123 123 120 121 123 124 127 140 128 124 125 121 117 105 131 140 
155 156 159 163 171 166 156 156 161 163 170 173 160 154 160 160 166 165 160 156 159 162 167 174 164 159 160 164 169 172 165 161 160 162 164 175 166 161 161 163 166 173 165 162 159 163 168 195 147 91 82 83 82 83 77 76 79 84 113 119 125 131 135 134 136 138 131 129 134 140 144 148 146 144 137 133 143 156 141 142 134 131 124 120 122 121 113 115 121 126 123 125 124 126 124 117 102 115 136 140 
157 157 160 164 170 166 157 158 161 163 171 175 162 157 160 165 168 168 162 159 161 162 165 174 166 160 161 164 167 173 166 161 161 162 163 177 170 162 159 163 165 175 168 164 162 164 167 183 155 128 123 128 133 138 138 134 135 137 133 137 134 135 138 129 131 138 131 130 137 143 148 152 151 150 144 140 143 147 143 144 136 130 124 121 120 121 118 121 122 127 127 124 122 122 122 116 105 129 139 144 
159 157 160 163 168 165 158 157 160 165 172 176 163 156 159 162 166 170 165 160 159 162 163 174 167 160 160 164 166 174 166 161 161 162 166 174 169 164 162 164 164 175 170 163 162 163 162 175 169 160 158 158 162 173 168 168 163 170 149 149 139 137 134 134 140 144 136 134 136 141 146 149 147 146 143 140 145 152 144 144 138 131 127 129 132 132 128 130 128 130 127 128 127 124 128 130 135 142 149 150 
159 157 159 165 168 170 161 155 159 162 167 177 165 157 158 162 166 171 165 159 161 165 163 174 168 160 157 163 166 174 168 162 161 166 167 173 171 165 163 161 162 172 170 164 159 163 162 171 173 169 167 165 165 177 172 169 167 171 163 148 140 137 135 135 136 142 137 139 139 139 139 148 148 143 140 136 142 150 145 145 147 139 142 153 153 130 134 133 138 138 132 132 135 135 142 155 168 160 158 159 
158 156 156 161 167 171 161 154 157 160 165 176 167 160 159 163 165 174 164 159 160 162 161 173 169 162 161 165 167 173 168 162 162 163 164 172 170 164 162 162 163 172 173 165 161 162 164 169 174 168 164 164 166 177 175 170 166 169 174 147 143 141 137 140 136 145 145 148 157 161 166 173 169 167 155 144 140 149 146 144 147 157 156 167 165 139 152 146 151 159 143 150 161 166 165 163 171 173 169 172 
159 155 155 160 164 172 164 157 158 160 165 176 170 162 159 162 162 173 167 161 159 160 161 170 171 162 162 166 168 174 170 165 163 162 164 170 173 167 164 165 165 169 173 167 160 159 161 166 173 168 164 163 166 174 177 173 169 170 174 173 156 146 138 135 138 160 173 174 168 168 169 176 174 172 168 163 162 176 175 165 159 152 146 161 167 143 155 155 156 164 147 155 168 170 165 162 169 176 172 175 
159 154 154 161 163 171 165 158 157 159 164 174 170 162 159 161 165 173 167 164 159 160 161 169 173 165 164 166 166 171 170 166 162 160 163 167 175 170 165 164 164 168 176 168 161 160 161 163 174 169 165 161 163 173 179 173 172 170 166 174 180 172 169 165 166 175 179 170 168 167 168 169 173 173 167 161 163 181 177 161 158 155 139 156 158 144 140 157 158 167 151 152 166 171 169 164 168 172 170 174 
157 155 158 159 161 170 164 158 156 160 163 174 171 162 158 161 162 169 167 163 159 160 160 166 173 168 166 165 167 172 175 167 160 160 161 165 178 171 163 163 167 169 176 168 162 161 159 166 176 167 163 162 160 169 179 169 168 168 168 172 181 170 170 171 168 172 180 169 166 165 164 163 175 167 160 159 160 174 179 165 156 157 138 156 157 148 136 160 160 159 148 149 167 174 172 163 166 172 170 175 
157 157 157 157 158 168 165 159 157 160 161 169 173 164 157 158 160 167 169 162 157 158 162 169 173 167 162 162 165 168 175 166 160 160 162 163 181 176 165 163 168 169 177 169 162 161 160 167 176 165 158 159 160 163 175 171 161 160 165 168 176 167 162 167 165 163 171 159 155 150 148 150 160 163 168 164 160 160 165 159 151 152 141 156 155 161 142 163 156 111 148 147 165 173 173 165 165 171 172 174 
159 155 155 158 161 169 163 156 155 159 160 167 169 160 155 158 163 165 169 161 155 157 160 168 172 164 161 162 165 170 175 163 155 157 162 163 175 174 164 164 165 165 176 173 162 160 154 162 165 160 155 152 154 156 162 162 158 160 159 158 163 174 179 170 157 156 163 173 174 174 164 164 177 186 175 164 156 161 172 158 150 153 154 152 157 165 151 163 161 156 159 148 165 176 176 167 162 172 176 174 
157 151 152 156 161 171 165 155 153 158 163 168 170 157 153 157 166 168 173 160 154 157 162 169 175 161 156 161 158 162 168 160 151 154 158 158 166 166 166 163 152 157 161 162 161 160 157 156 161 170 170 167 164 163 170 180 175 162 157 158 168 171 163 159 156 159 171 175 170 164 166 169 174 167 166 163 159 163 177 166 152 151 156 150 163 166 155 166 163 162 159 147 165 176 178 170 167 172 175 174 
157 151 153 158 165 174 167 154 153 157 162 167 172 157 154 160 158 158 164 156 156 160 153 158 161 157 160 167 159 158 165 162 160 164 163 167 176 169 158 149 151 156 167 173 159 153 155 158 167 177 172 163 165 168 172 174 162 156 157 158 163 172 165 162 159 159 167 181 175 167 165 165 171 171 169 165 162 163 178 171 157 152 160 150 167 167 155 170 165 165 157 146 163 177 179 172 165 170 175 175 
157 151 153 149 156 160 158 158 156 158 155 159 161 161 160 163 163 168 174 170 161 158 159 164 173 168 159 159 163 166 175 174 160 155 161 166 175 171 161 155 153 157 165 173 165 157 155 158 166 182 175 169 168 170 171 176 167 163 161 158 162 171 169 165 163 161 167 180 174 166 162 163 166 173 172 166 163 162 175 172 160 153 157 150 167 168 157 172 168 166 163 150 161 175 180 174 166 170 175 174 
164 158 157 160 165 170 175 163 154 155 161 163 175 163 155 155 163 165 176 165 157 155 157 164 173 176 165 160 160 165 174 176 161 155 155 159 166 174 165 158 156 157 163 178 169 159 157 156 164 180 174 164 164 163 163 174 171 164 158 157 161 175 174 170 165 165 165 177 171 162 159 159 158 173 172 167 164 159 169 176 164 155 152 154 163 165 159 169 169 168 171 158 158 174 179 177 168 169 177 174 
168 157 153 156 159 170 178 165 155 158 162 166 178 166 158 156 160 163 173 168 158 155 158 159 170 179 168 161 161 162 169 174 163 158 158 160 163 176 170 161 158 158 168 183 171 164 162 165 172 178 171 164 160 158 161 174 173 167 161 161 160 172 175 170 166 166 166 176 173 167 159 156 159 173 174 167 163 160 165 181 168 154 153 156 160 165 164 165 170 169 172 158 157 171 179 179 170 168 174 170 
170 155 152 154 159 165 175 165 157 158 160 164 173 165 158 157 160 163 169 171 161 157 159 160 164 178 169 160 160 161 166 175 166 160 161 161 162 177 171 161 157 162 176 181 173 165 161 168 174 177 172 164 161 159 163 173 174 169 161 159 160 171 173 168 164 162 164 174 177 170 163 157 154 167 175 170 166 161 163 183 170 156 151 157 157 165 168 161 171 169 172 155 154 172 180 180 173 169 174 173 
170 159 153 153 156 162 173 165 157 155 160 163 170 166 159 155 158 159 166 171 164 158 160 160 163 176 168 159 157 160 164 176 167 161 158 160 163 177 172 163 158 160 170 180 172 165 161 164 175 180 172 164 160 161 163 171 174 168 161 158 159 168 174 170 162 160 160 170 177 168 161 156 155 166 174 170 165 162 161 182 173 157 148 157 149 166 169 157 171 170 175 162 153 172 180 180 176 170 173 176 
169 159 154 155 156 160 171 165 155 151 155 159 167 167 159 152 155 159 164 174 163 160 158 159 161 175 167 160 156 158 162 174 170 159 156 160 165 177 174 165 159 159 170 178 170 164 160 159 170 179 173 166 155 160 163 166 175 168 161 158 158 164 178 174 166 162 161 168 178 170 163 159 157 166 174 169 161 156 156 179 176 159 149 157 154 165 169 158 172 172 174 170 153 168 178 182 178 169 171 177 
171 161 154 152 156 158 168 166 156 150 157 158 162 167 163 158 157 159 161 174 166 160 156 157 159 173 167 160 156 157 159 172 167 158 156 159 163 174 176 170 164 162 163 172 175 165 159 157 162 168 173 167 160 160 159 163 177 169 161 159 158 162 177 174 168 163 159 165 176 170 163 160 158 163 174 171 163 161 160 177 177 163 153 158 157 164 168 160 174 175 174 176 152 167 178 184 181 170 171 176 
169 165 154 153 154 160 168 169 159 157 158 158 162 170 166 161 156 157 160 176 170 160 155 156 158 173 168 159 155 156 160 171 168 162 157 158 159 168 175 168 163 162 162 167 180 170 161 158 161 166 174 167 161 161 162 166 175 168 163 160 158 160 175 171 167 161 157 162 177 170 164 162 159 160 175 172 162 159 159 176 181 167 154 157 160 162 168 161 175 177 177 180 154 166 177 183 180 170 171 176 
170 165 154 151 153 160 166 169 160 155 155 159 162 174 167 160 155 155 160 174 170 160 155 156 157 169 170 165 158 159 158 169 172 164 158 158 161 167 173 168 164 162 164 166 179 169 160 158 160 167 178 168 164 163 164 165 175 172 167 165 160 159 175 171 165 159 159 164 176 172 165 159 158 161 174 173 163 159 157 165 185 169 153 157 161 161 165 163 172 177 178 182 155 163 176 181 179 172 170 175 
166 168 155 152 154 158 162 170 163 156 155 158 159 174 169 158 154 155 158 171 170 161 156 157 156 165 174 167 162 160 159 163 173 163 156 154 159 165 175 171 166 162 162 164 177 170 159 157 161 162 174 168 162 161 161 164 174 174 169 163 157 158 171 173 166 161 160 161 175 173 166 160 158 159 167 172 164 160 159 162 186 170 153 154 168 162 164 166 166 177 179 184 161 163 174 181 181 174 168 173 
163 168 156 151 153 157 160 170 164 157 155 159 159 169 166 158 156 156 159 170 171 162 156 159 158 163 176 169 161 160 160 164 174 165 160 157 159 164 176 176 168 163 162 163 175 173 162 158 163 166 171 169 162 161 159 158 168 173 166 161 156 156 167 174 167 162 159 160 172 175 167 159 156 156 167 172 164 160 159 158 184 173 155 156 170 163 166 169 163 176 179 185 169 160 175 182 182 176 166 170 
160 170 159 151 152 157 159 170 164 157 155 158 159 169 169 161 156 156 158 167 173 163 157 157 158 161 173 167 158 158 156 162 175 166 161 158 157 161 174 176 169 163 163 165 175 176 166 158 161 162 171 172 164 158 159 161 169 172 167 160 155 157 164 175 169 161 160 160 169 177 169 163 158 157 166 172 165 159 156 155 184 176 159 153 161 162 166 170 160 177 179 186 171 157 171 179 182 176 166 169 
158 169 161 150 149 153 159 171 166 157 153 157 158 168 171 162 154 155 157 164 176 165 157 156 158 162 176 170 158 156 155 158 174 169 160 155 157 159 170 177 171 163 161 162 172 178 167 161 160 159 168 173 164 159 162 165 169 175 165 159 156 156 167 179 169 161 158 161 169 183 171 164 161 156 161 176 169 161 156 155 177 180 163 158 162 161 163 169 161 180 181 187 177 154 170 178 182 179 166 166 
155 169 159 151 153 154 156 168 169 157 155 157 158 165 173 163 155 156 158 161 175 168 158 157 159 161 177 172 158 156 156 160 171 170 162 156 156 158 168 176 168 161 160 162 174 183 171 164 160 160 161 174 166 159 163 163 167 177 168 158 157 159 167 179 171 162 160 162 168 182 174 167 163 156 158 175 171 164 157 156 170 182 165 158 160 163 162 167 163 182 182 187 181 155 170 177 182 178 164 163 
152 167 158 150 149 151 156 163 169 158 153 155 156 161 173 165 155 155 156 159 174 169 159 156 158 160 173 171 160 156 155 160 175 173 165 160 157 159 167 172 165 159 157 159 172 182 170 162 156 155 160 175 168 158 160 158 159 176 170 160 155 155 166 180 172 164 159 160 165 180 174 165 162 155 154 171 172 165 157 154 162 182 166 157 156 168 161 163 164 181 183 188 185 162 168 175 181 180 167 161 
