119 104 104 104 105 105 110 118 120 124 150 172 174 170 173 174 175 177 182 185 182 187 184 184 183 179 176 181 183 184 182 170 168 191 203 214 216 219 219 221 220 220 221 219 213 207 188 164 152 139 151 167 163 171 169 175 171 163 152 143 140 142 135 134 135 139 149 166 187 191 191 188 188 190 189 183 179 178 181 182 171 158 151 146 136 120 101 96 104 107 110 113 106 105 99 89 81 88 142 158 
94 76 76 71 73 79 83 91 97 103 121 157 156 146 153 158 153 156 165 169 172 172 172 175 165 159 158 165 166 164 171 169 180 194 202 208 210 211 210 214 214 212 213 210 205 202 180 151 140 126 149 164 159 163 164 171 169 150 136 115 112 114 118 118 118 117 124 124 145 170 174 174 174 171 166 159 158 159 158 154 138 121 113 98 81 70 65 65 73 83 85 80 79 74 65 54 51 65 122 137 
91 72 73 74 82 82 82 87 94 100 118 157 152 147 157 159 154 152 167 167 169 173 171 176 167 163 159 162 165 171 188 196 193 202 209 212 213 214 213 216 216 215 215 215 212 208 190 165 161 142 164 175 176 175 172 184 179 163 142 131 117 115 123 130 127 124 125 131 130 145 172 177 171 161 150 142 145 145 141 120 102 89 80 74 66 66 67 71 79 74 76 81 75 65 53 45 47 67 123 133 
92 72 77 82 84 84 85 88 91 96 118 155 152 149 158 158 156 154 164 165 170 171 170 176 168 167 157 162 178 197 201 201 205 208 211 213 214 215 215 217 217 216 216 217 216 213 200 182 181 172 174 194 181 188 183 193 193 185 168 149 137 136 135 146 154 146 149 155 149 136 135 138 142 120 92 91 95 96 88 75 72 74 69 65 62 60 61 63 71 75 79 72 66 54 51 43 42 64 122 129 
91 76 82 82 85 87 86 85 91 94 119 156 155 153 158 158 156 154 158 170 171 168 168 175 167 169 163 175 194 207 208 208 213 210 212 214 215 217 218 219 218 217 217 218 219 215 207 199 199 199 189 207 196 203 199 203 204 197 194 184 160 165 169 164 176 173 174 173 170 157 150 142 132 106 68 71 70 70 69 70 71 69 65 57 55 55 57 62 73 85 84 79 70 54 50 50 48 68 120 124 
93 80 82 84 86 86 87 86 92 93 116 155 155 152 161 161 160 160 158 163 170 166 180 182 167 170 174 192 204 209 210 212 215 212 212 215 214 218 222 222 220 219 219 218 220 218 213 210 210 209 203 211 212 211 210 211 209 208 205 203 195 193 196 183 184 189 190 188 184 179 176 168 151 122 99 82 75 70 68 72 71 68 58 54 54 57 57 71 115 159 157 108 84 66 57 53 53 62 119 124 
95 78 83 83 85 87 89 91 93 95 119 159 157 155 158 160 160 160 154 161 167 167 178 173 171 171 185 201 210 210 215 214 216 214 216 216 216 220 222 224 223 220 219 218 220 221 218 215 213 214 213 213 220 217 215 215 213 212 211 209 206 203 204 201 198 200 196 194 189 188 184 179 167 150 139 123 105 88 83 77 69 59 55 54 54 54 58 103 176 178 182 158 105 67 57 59 53 74 116 126 
96 81 84 85 88 91 90 93 95 98 121 159 161 160 158 156 156 159 157 159 165 171 179 166 169 171 199 209 212 214 215 215 215 217 217 217 216 220 221 223 223 220 220 220 220 220 220 219 215 216 218 215 220 220 218 216 216 217 215 214 212 210 211 210 206 205 201 198 195 192 189 185 180 172 163 156 142 109 95 82 67 59 57 53 51 54 66 155 180 200 205 195 146 88 73 67 73 87 115 122 
96 81 85 87 88 88 89 95 95 97 131 155 164 156 155 156 156 159 162 162 164 173 170 163 169 180 205 214 215 215 216 217 219 217 219 219 217 220 219 218 222 221 221 222 222 222 220 220 217 216 219 216 218 222 222 219 218 218 216 216 216 215 214 212 211 210 206 204 201 196 192 187 183 177 171 173 162 129 97 74 67 58 51 53 52 56 92 174 196 206 208 204 167 132 102 85 97 101 115 121 
96 80 83 85 86 88 90 95 98 98 138 152 163 149 157 158 156 152 158 159 161 174 170 163 175 189 210 216 219 220 219 218 221 219 219 219 219 222 220 219 220 221 221 222 223 224 221 221 218 216 222 219 217 220 224 222 220 216 218 218 218 216 215 212 211 213 210 210 204 198 193 187 183 178 170 176 162 124 89 71 62 54 50 50 58 59 115 188 203 201 205 204 197 187 155 119 146 129 118 128 
91 78 83 82 87 91 93 98 101 98 143 155 160 147 160 157 155 157 159 158 161 173 173 171 184 200 211 216 220 220 220 220 220 220 220 220 220 220 219 220 218 220 221 221 223 224 221 221 220 218 219 219 219 219 225 224 220 218 219 220 220 216 214 214 211 211 211 209 203 200 194 191 182 179 180 174 154 121 79 69 62 50 51 59 58 65 140 200 197 190 201 212 211 212 203 166 144 123 123 131 
75 69 79 89 92 92 96 101 102 102 148 157 158 151 159 161 155 163 161 158 160 172 175 185 189 208 214 216 222 219 220 223 221 222 222 220 220 220 219 219 220 221 222 222 223 223 222 222 221 220 218 220 222 218 221 224 221 216 218 218 217 216 215 215 212 210 210 208 205 200 196 190 185 181 178 170 149 100 70 66 55 53 58 53 59 73 162 205 205 201 208 214 213 214 211 194 143 116 122 135 
83 70 81 88 94 96 98 100 103 110 152 158 154 153 156 161 158 159 160 163 172 180 185 193 197 209 214 218 222 220 220 222 221 222 223 219 219 218 218 218 218 219 221 222 222 221 222 222 222 221 216 217 221 221 218 219 220 215 215 217 216 215 216 216 214 210 210 209 206 202 196 190 187 181 173 161 130 79 64 55 52 53 53 58 57 90 183 204 210 208 214 214 214 215 213 201 157 110 121 139 
89 76 88 90 95 100 98 102 105 118 155 157 154 159 155 162 164 171 167 176 187 187 199 202 203 212 216 218 221 220 219 221 222 223 222 217 218 217 218 219 218 220 220 223 222 222 222 221 222 223 219 213 217 219 218 212 217 214 215 217 219 217 216 216 215 210 208 208 206 204 200 196 188 178 164 147 98 66 57 54 50 54 56 51 65 137 188 201 207 209 211 214 214 214 211 199 172 121 118 138 
107 87 96 98 99 110 99 101 104 135 155 156 151 158 155 161 174 186 188 186 197 199 205 205 210 214 218 219 220 219 219 221 224 223 222 217 216 218 220 221 219 221 219 222 224 224 224 224 223 223 221 215 213 218 218 213 215 215 214 217 220 217 216 216 215 210 209 208 206 205 202 197 179 165 161 127 79 64 58 54 54 59 54 52 82 173 194 199 202 209 212 215 213 214 209 196 177 114 117 135 
165 137 136 129 126 123 110 109 108 143 149 151 138 146 150 159 173 187 196 197 198 204 206 206 211 215 218 220 220 218 222 221 222 221 219 219 216 218 220 222 222 222 221 221 222 224 224 225 224 222 224 219 213 215 216 215 218 216 216 216 217 218 218 216 213 210 208 209 207 204 197 183 177 182 160 106 75 61 55 52 57 54 56 57 113 186 199 202 203 208 211 212 213 212 203 185 173 116 118 133 
186 163 159 146 149 138 129 122 124 133 124 130 110 118 127 140 153 178 192 199 200 204 207 208 212 215 217 219 218 221 222 221 220 218 219 218 217 218 220 221 221 221 222 221 221 222 225 224 223 222 223 222 216 214 213 216 216 217 217 216 217 218 217 215 214 211 209 209 206 201 191 189 195 186 149 91 68 58 53 58 53 54 59 62 148 190 201 199 204 206 209 212 211 208 191 167 177 155 129 137 
185 168 162 158 154 151 144 139 130 125 112 113 94 98 114 120 123 154 182 197 202 204 208 210 214 215 216 218 219 223 223 220 221 220 218 217 218 219 220 221 220 219 221 222 221 222 221 222 222 222 220 221 218 215 214 219 215 220 216 215 217 219 217 214 216 212 209 211 209 204 199 198 196 185 136 83 61 57 58 55 52 60 56 71 171 200 201 200 204 205 207 210 210 203 176 171 187 161 129 136 
181 164 161 161 158 158 149 142 127 122 107 118 92 95 126 141 118 128 165 190 205 206 208 214 215 215 217 218 220 224 223 220 221 221 220 217 217 219 221 221 222 221 221 222 222 224 222 224 224 221 219 221 215 215 217 217 216 218 218 215 216 218 217 213 214 212 210 213 211 210 207 203 195 175 123 79 62 57 54 52 56 62 56 90 185 203 198 201 205 206 209 211 206 196 197 198 200 184 136 138 
180 160 157 161 166 163 148 137 131 110 112 107 86 94 118 144 131 107 137 179 202 206 210 211 216 215 217 221 221 223 222 221 221 221 219 220 215 218 221 220 222 222 222 224 223 223 222 226 222 219 219 221 218 219 218 214 216 218 217 214 215 217 217 214 213 213 211 211 210 210 209 206 202 177 117 74 64 57 53 52 64 61 67 101 183 196 197 202 207 209 210 208 192 196 202 203 201 187 140 136 
182 158 161 168 172 160 141 131 126 119 105 103 113 107 101 118 134 105 114 160 194 208 213 210 214 213 217 222 223 223 221 222 222 219 221 220 217 219 221 220 222 222 223 223 221 223 222 226 224 221 221 219 222 221 218 217 216 215 215 214 213 215 216 216 216 214 212 209 208 210 209 206 203 181 110 74 61 53 52 60 63 60 63 89 172 192 197 202 210 210 208 201 191 198 199 197 197 184 138 136 
178 159 161 170 174 153 147 138 133 113 93 129 145 111 97 123 142 99 111 151 184 206 211 213 211 211 217 220 221 222 221 222 223 221 220 219 218 221 222 221 221 222 223 224 223 222 220 224 225 223 220 219 222 221 220 219 217 215 215 214 213 213 215 215 215 215 210 207 208 211 210 205 201 165 94 70 56 56 56 56 69 58 64 58 140 185 193 200 208 208 207 199 195 196 197 196 192 174 132 137 
174 162 168 171 164 151 159 159 131 95 95 139 138 111 106 121 146 102 114 148 171 201 211 216 213 209 217 219 220 220 222 222 220 222 222 220 219 221 220 221 219 223 222 221 221 221 219 224 223 221 219 219 222 223 223 222 219 216 215 214 212 211 212 213 215 215 210 209 209 210 207 205 199 147 86 66 58 55 55 59 67 60 58 53 100 176 189 199 207 207 204 198 198 197 195 190 187 167 125 137 
184 172 173 169 161 160 161 161 125 95 103 130 120 137 143 119 132 114 114 148 161 196 211 216 217 210 215 218 218 219 222 221 221 223 222 221 220 221 221 220 217 220 222 221 222 221 220 225 221 220 222 221 223 224 223 223 221 217 215 213 212 211 212 212 214 213 212 211 212 210 209 205 189 133 79 62 58 56 55 66 59 63 55 56 82 162 183 192 198 201 199 197 199 199 196 191 188 158 124 136 
197 181 172 163 160 167 161 158 118 96 117 119 111 140 162 133 116 136 117 152 155 191 209 212 220 211 211 216 217 219 222 219 223 224 222 221 220 219 219 221 219 220 221 221 223 220 220 226 223 222 222 221 224 225 225 226 224 217 216 214 212 213 213 211 213 212 214 214 210 211 212 208 189 116 78 61 62 56 55 64 59 59 57 55 77 145 174 186 193 195 191 197 202 203 197 192 186 162 130 141 
186 176 173 166 166 161 159 154 108 108 141 136 118 133 153 159 125 134 118 141 161 187 202 210 217 213 212 213 216 220 218 222 221 224 221 220 219 218 217 220 222 223 223 222 224 221 221 226 221 221 220 218 220 224 226 226 224 221 217 215 213 211 213 214 214 213 214 212 209 211 212 208 182 103 78 65 63 53 63 59 57 59 62 59 70 117 165 177 188 189 190 198 204 205 200 192 188 172 133 141 
189 175 172 169 164 163 161 156 110 142 158 152 127 125 138 155 138 116 110 125 156 183 196 206 210 212 212 211 216 218 219 221 220 221 220 219 219 218 220 222 220 224 220 224 221 220 223 223 220 221 220 220 217 219 224 226 225 221 217 214 214 213 213 212 213 213 214 210 212 213 212 208 172 99 77 66 62 53 66 59 60 60 60 64 69 89 143 167 179 186 189 201 205 206 200 197 194 180 128 141 
183 173 172 171 167 162 162 160 124 166 175 165 144 124 136 144 140 116 107 122 164 192 196 206 207 210 212 209 213 215 219 220 219 221 219 217 218 218 217 221 219 224 222 222 219 219 223 223 221 220 218 221 219 220 222 225 225 223 218 217 216 213 213 211 214 214 213 210 213 213 215 209 163 104 76 72 65 56 58 62 59 68 66 58 69 70 109 151 168 182 186 199 201 202 199 199 193 175 132 140 
177 170 171 169 167 167 166 163 151 178 186 182 160 132 127 138 137 123 109 120 184 196 199 205 206 207 209 210 209 214 218 218 219 221 218 219 217 215 216 218 218 223 220 219 222 222 223 221 219 222 218 218 217 212 223 228 226 223 219 217 216 214 214 213 214 216 215 212 213 210 215 208 162 107 88 83 67 59 55 68 61 66 63 60 69 65 95 137 154 166 179 188 192 194 193 195 186 169 126 135 
180 166 168 170 172 171 170 160 151 161 173 183 184 151 125 136 143 134 117 143 192 203 201 206 205 204 205 209 207 214 215 218 218 218 219 220 220 218 218 217 221 225 221 222 224 223 222 220 219 223 219 218 222 210 215 224 228 225 222 218 217 216 216 214 215 212 217 216 213 211 214 205 171 113 102 89 67 59 59 71 64 69 64 62 67 63 87 127 141 152 167 181 186 188 187 189 179 152 127 134 
176 174 168 172 175 177 173 141 107 93 96 113 155 179 150 138 156 146 135 171 200 209 207 214 208 206 203 204 207 211 213 218 217 217 218 219 220 218 221 220 218 224 221 219 222 222 223 222 220 221 219 221 221 222 218 223 226 224 222 221 218 217 215 214 213 210 217 219 217 216 213 205 174 128 117 98 72 62 64 72 71 77 66 64 65 58 79 107 134 139 151 158 169 169 173 173 161 129 123 135 
174 169 172 170 176 183 178 122 87 103 110 100 98 152 168 143 158 161 154 185 205 211 212 215 212 211 206 202 206 206 210 216 218 218 217 218 217 217 219 221 220 222 221 222 224 222 223 220 220 220 220 218 221 223 222 223 224 224 224 221 219 218 217 215 214 205 217 217 217 216 215 207 177 144 127 107 75 70 70 78 80 80 69 67 61 56 81 95 109 127 135 140 139 143 148 141 131 108 123 139 
176 164 166 175 177 179 177 111 98 92 115 109 110 100 163 154 157 168 182 197 210 221 220 220 214 212 210 201 203 206 206 215 218 219 217 216 214 217 218 220 221 221 222 223 222 222 225 220 221 221 219 218 222 222 222 220 221 222 223 219 219 220 220 216 215 212 215 215 215 216 215 208 181 152 136 112 87 79 80 90 88 89 75 74 64 58 79 91 86 117 130 126 120 119 120 118 117 107 126 139 
174 167 165 171 172 177 180 115 92 69 75 72 106 94 127 169 159 178 199 208 218 227 220 220 212 215 209 204 200 205 204 210 215 217 216 216 215 214 219 219 220 222 222 223 221 221 222 219 220 222 216 219 221 223 223 221 212 216 220 219 221 222 223 220 217 215 214 218 218 215 215 205 184 156 136 115 102 88 89 98 96 100 84 82 67 65 72 87 85 135 136 130 126 120 119 121 113 108 124 137 
178 168 164 157 161 171 179 124 71 43 53 45 81 100 97 179 158 180 205 219 226 228 225 219 215 213 209 206 201 200 202 206 213 215 216 218 215 215 216 218 219 221 224 223 224 223 222 220 220 219 215 217 219 223 223 222 219 212 222 222 222 221 221 223 221 216 216 217 217 216 213 205 187 159 136 112 104 94 96 107 102 102 96 90 77 76 70 77 84 139 145 147 140 137 142 147 138 109 127 138 
174 164 159 165 145 157 177 132 55 38 83 41 74 107 85 180 185 185 211 225 228 227 224 214 214 211 209 206 203 198 202 205 210 213 215 215 214 215 218 216 218 220 221 220 221 222 220 220 215 210 214 217 219 221 222 221 221 220 219 222 222 220 222 225 223 220 216 216 215 215 211 206 190 162 134 108 103 95 96 111 106 104 107 105 93 87 76 76 74 132 153 152 152 151 153 157 148 105 126 138 
170 157 160 170 164 155 177 152 63 43 38 50 96 107 79 179 201 198 215 226 229 227 220 205 210 207 214 208 206 195 202 202 205 211 215 215 214 215 218 218 218 217 219 219 221 221 221 218 216 213 214 219 219 220 225 223 221 222 220 221 221 223 223 224 224 222 221 219 215 213 213 207 194 159 129 105 102 97 95 105 106 103 107 115 101 104 85 95 86 96 150 157 158 156 158 159 137 110 124 140 
168 158 162 173 177 174 181 176 86 67 64 81 117 93 83 182 197 193 208 223 228 227 218 203 209 207 210 206 200 188 199 199 201 209 213 214 218 216 217 218 218 218 222 220 221 221 221 219 217 214 215 218 219 221 223 223 222 222 223 223 221 223 221 222 224 223 223 223 220 217 211 208 194 157 128 99 100 96 90 97 101 103 104 123 110 117 94 100 95 89 144 157 158 160 151 148 118 114 124 142 
163 153 164 175 178 182 185 186 129 94 106 119 102 64 93 169 175 165 183 217 227 225 216 201 206 213 210 206 199 184 198 201 198 205 212 215 215 216 215 216 217 221 222 219 219 219 220 214 214 212 212 217 219 222 224 224 223 223 223 223 222 222 222 224 223 224 224 222 219 217 213 208 194 157 124 99 93 84 82 90 92 95 97 115 115 120 102 96 96 85 133 146 136 131 126 125 104 119 127 143 
156 148 153 164 166 171 177 186 175 101 92 83 65 73 108 150 154 145 177 215 219 219 215 195 203 216 212 208 195 181 191 199 195 201 210 214 215 214 214 216 216 222 222 218 218 219 210 213 215 215 215 219 223 224 224 225 223 222 222 221 222 222 222 222 224 220 218 221 217 213 212 208 194 158 118 91 83 77 79 74 81 85 86 97 111 118 105 97 93 79 108 122 98 90 98 101 112 123 130 145 
151 139 141 139 139 140 144 160 181 178 134 100 96 107 131 157 141 140 185 203 210 210 207 171 183 208 210 205 191 178 185 200 197 195 207 213 214 212 215 215 219 221 218 216 218 214 210 218 214 216 216 219 222 223 224 225 223 223 224 224 223 224 224 224 220 222 222 221 218 214 213 207 193 158 114 83 81 75 79 66 76 78 82 84 101 107 103 98 88 78 77 81 72 79 88 111 115 124 133 146 
149 126 131 126 130 137 146 158 183 190 194 184 174 167 169 161 160 176 206 211 209 201 188 168 143 190 205 201 182 175 180 195 194 187 202 208 210 212 217 216 220 220 218 217 217 213 222 218 213 215 218 221 223 224 223 223 223 223 224 224 222 223 225 225 219 222 221 221 217 212 210 206 194 155 107 81 76 68 74 62 69 81 75 72 92 95 108 94 85 84 70 69 85 93 95 126 120 124 133 145 
148 128 124 131 152 165 173 184 191 199 201 201 202 201 199 200 201 209 210 211 208 195 184 163 124 166 188 194 175 167 181 195 191 182 196 208 211 211 215 215 220 216 215 219 219 214 221 215 209 215 218 221 224 226 225 224 223 223 224 224 222 223 225 224 222 221 217 221 217 212 211 205 193 155 101 84 73 65 70 59 65 83 76 66 83 85 105 87 85 83 86 96 99 99 108 136 124 124 133 143 
131 107 125 149 170 177 181 178 183 194 201 204 201 204 209 204 201 209 208 211 208 200 185 161 141 144 152 168 169 156 174 186 188 176 189 205 209 210 213 218 216 218 220 220 214 216 222 214 212 215 216 219 223 223 224 224 223 223 224 224 223 224 225 223 223 221 219 221 215 214 208 203 194 159 101 86 74 67 72 57 65 81 76 65 74 78 95 93 91 100 112 112 100 105 114 139 128 126 134 140 
105 90 119 145 151 152 159 164 174 179 189 197 197 200 201 201 205 210 211 216 210 201 188 177 154 148 124 118 144 155 172 188 189 175 185 202 208 208 209 213 216 220 219 216 214 220 221 216 217 213 211 218 221 223 224 224 222 223 223 224 225 223 222 223 223 219 221 219 214 213 204 201 195 166 104 89 76 67 70 57 63 79 74 65 66 75 77 87 105 113 119 108 97 106 118 139 128 126 135 137 
97 81 83 89 94 103 110 129 161 179 181 193 197 202 203 211 212 211 211 209 201 193 187 179 141 120 104 128 172 169 172 182 190 170 177 197 205 210 213 214 216 216 215 211 216 216 218 215 212 213 212 219 218 220 221 222 221 220 221 223 223 222 221 225 224 221 222 218 214 213 200 201 195 170 108 89 76 69 71 59 64 80 72 71 63 73 68 77 106 119 113 102 101 100 129 140 133 130 138 138 
113 102 85 77 76 80 90 126 168 184 196 203 204 213 217 220 218 208 205 203 199 193 184 179 144 118 104 161 185 176 170 179 182 166 173 193 204 211 211 214 215 213 210 212 215 216 216 216 213 215 215 220 219 218 217 219 221 221 220 222 222 223 222 223 221 223 222 218 214 212 200 200 195 172 112 89 80 70 68 66 64 76 72 72 66 68 67 73 95 114 111 100 105 104 134 141 132 133 141 141 
143 115 124 128 131 102 112 158 171 186 198 202 212 221 220 219 214 198 196 195 195 192 181 176 150 117 147 193 188 175 173 171 172 156 171 188 200 208 206 209 212 213 210 212 213 215 215 215 211 215 214 217 221 218 215 217 218 219 220 221 221 223 220 221 219 221 220 216 214 211 201 201 195 180 118 93 83 75 69 72 65 76 72 68 65 63 73 70 84 108 113 101 107 115 135 140 133 136 143 144 
113 86 95 112 109 117 134 148 175 187 199 209 218 217 216 209 200 192 192 191 182 184 180 171 148 126 184 199 193 182 174 169 168 155 170 185 195 201 203 207 208 209 209 210 213 214 216 213 212 218 215 216 219 219 217 216 215 217 220 222 221 222 220 222 220 221 220 217 212 210 201 201 192 186 125 98 87 80 71 74 69 73 75 72 70 64 69 73 77 102 103 102 118 127 138 140 136 139 147 145 
136 113 102 111 101 99 115 131 167 187 191 199 197 195 194 184 183 182 181 182 181 171 163 156 141 133 200 201 195 188 180 167 157 152 165 183 192 198 199 204 206 205 207 208 212 214 216 210 215 218 213 210 217 222 224 220 214 215 218 220 219 221 219 219 219 220 220 217 211 207 201 203 196 188 135 107 96 88 79 75 73 74 79 75 74 67 66 76 76 89 89 110 123 133 141 140 138 139 144 146 
129 109 101 101 100 103 104 139 161 172 179 180 177 171 161 158 160 167 168 162 167 160 156 155 157 186 202 194 195 187 185 166 149 151 163 176 186 193 197 203 203 202 204 207 212 214 215 212 218 217 213 212 218 222 225 221 216 214 216 218 217 217 216 218 216 219 219 215 211 205 202 203 200 191 147 117 103 95 90 78 76 76 83 81 76 76 71 77 82 81 90 117 128 136 138 142 137 141 144 145 
125 114 100 94 100 98 116 135 155 170 165 157 149 154 159 166 169 164 147 156 166 170 172 179 187 197 196 191 197 195 191 171 145 158 172 173 181 189 191 201 200 199 203 208 214 214 213 212 218 215 214 218 218 221 223 221 218 215 216 216 214 215 215 214 213 216 216 215 209 207 203 203 203 192 159 129 113 105 100 84 80 80 86 93 84 83 77 81 82 81 99 124 131 138 140 141 137 139 143 143 
130 92 90 103 119 101 90 100 119 137 138 142 163 168 179 176 162 133 119 128 156 178 188 193 193 191 199 197 201 195 186 166 142 154 174 165 169 177 177 191 192 194 203 207 213 214 212 212 217 215 215 217 217 220 221 220 218 217 216 215 212 213 214 213 212 215 214 214 207 208 203 203 201 196 168 141 127 111 107 99 85 87 89 98 98 84 86 81 86 84 105 128 132 136 141 139 137 137 144 143 
116 112 119 106 84 71 69 83 102 130 144 163 173 168 150 111 102 114 127 136 147 178 202 202 195 194 200 197 200 192 178 154 146 154 172 168 167 161 154 173 181 184 199 209 212 213 211 212 215 215 216 217 216 219 223 225 221 218 216 215 213 211 213 213 213 213 211 211 205 205 201 202 200 195 172 145 135 116 110 108 93 95 97 101 97 91 82 85 78 92 99 124 135 136 140 140 138 140 144 142 
143 129 107 85 72 87 107 126 140 155 162 172 161 98 59 44 59 119 139 143 155 169 190 202 197 200 207 195 197 187 174 144 138 157 166 165 157 148 137 154 162 176 189 209 213 212 210 213 214 216 215 215 215 217 222 221 219 218 216 215 214 211 211 212 213 210 208 207 201 199 199 199 197 193 177 148 134 120 112 105 106 91 96 90 89 91 84 80 82 91 103 114 129 133 134 139 138 135 138 139 
137 91 73 78 101 128 147 158 161 161 169 168 114 78 87 81 59 108 169 172 173 179 194 203 202 199 201 193 192 180 163 144 140 159 165 164 153 143 129 150 151 172 174 200 211 211 208 213 215 213 215 214 214 216 219 220 220 219 217 214 213 209 209 209 209 207 204 200 198 193 194 196 195 188 178 157 128 121 111 104 108 86 86 94 86 88 89 94 105 115 116 111 116 126 134 139 137 134 135 136 
96 89 78 84 116 123 133 139 143 143 161 165 68 73 78 90 75 85 184 181 168 179 188 198 196 192 194 185 188 169 161 134 131 167 162 158 155 139 103 130 140 172 168 188 207 209 205 212 215 213 215 213 215 216 217 219 220 218 215 214 213 209 207 204 206 205 202 194 194 187 190 191 188 184 180 170 142 142 140 130 115 108 92 105 104 99 124 167 177 180 171 158 147 130 129 133 134 131 131 134 
90 86 96 102 107 107 112 120 121 127 164 139 50 58 52 71 89 73 169 178 157 171 178 185 184 181 178 178 173 155 155 149 130 157 168 160 149 125 98 107 141 168 161 185 200 202 202 210 216 213 215 214 216 219 222 219 217 214 210 209 211 209 206 201 203 202 202 197 195 192 190 187 185 188 191 186 184 185 182 175 164 155 141 139 143 165 194 202 206 207 205 202 195 177 146 127 131 130 130 134 
108 107 111 109 114 115 121 125 133 154 169 104 33 77 48 50 89 81 156 169 146 149 160 169 174 170 159 156 155 137 147 136 149 142 162 155 146 112 94 107 141 159 154 171 190 193 197 209 214 213 215 216 217 219 223 219 216 213 208 205 205 206 204 201 202 202 203 203 200 198 196 194 197 201 200 200 201 202 199 195 197 194 192 190 197 206 208 211 213 213 210 207 203 199 187 142 128 130 128 133 
126 117 115 113 120 128 136 144 159 173 175 78 36 40 39 47 92 81 158 159 144 138 141 154 158 146 142 139 154 146 151 134 121 148 151 142 123 111 100 115 138 152 140 159 179 178 192 208 210 213 215 216 219 218 221 223 222 215 206 204 205 203 202 204 207 207 206 204 203 203 202 202 208 209 211 209 209 212 210 205 208 206 207 210 215 217 216 216 216 213 210 207 207 206 203 176 139 139 124 127 
130 118 116 121 120 132 153 162 167 172 171 76 40 36 36 53 94 86 165 152 143 135 115 129 130 128 147 121 150 160 136 118 131 127 135 120 98 96 112 130 138 139 132 141 165 171 187 206 209 210 217 219 220 218 220 222 223 217 210 208 209 206 208 210 210 210 209 208 207 207 209 212 214 215 216 217 218 217 217 214 214 215 218 218 219 219 219 219 219 216 214 210 208 205 206 202 193 170 138 129 
133 126 124 123 126 135 148 155 149 160 170 83 64 47 50 74 88 107 170 144 137 126 102 100 106 125 142 119 151 162 130 125 105 120 115 113 89 97 107 124 128 131 133 129 148 156 179 203 206 211 215 218 219 220 219 220 222 217 215 215 212 212 213 215 215 215 212 211 213 213 214 216 218 219 219 220 222 222 222 221 221 222 222 221 219 219 220 221 220 218 214 211 211 209 208 205 203 199 179 138 
147 133 124 127 135 130 141 144 128 146 169 105 81 79 79 90 86 140 168 139 129 125 102 94 98 118 138 118 147 147 142 119 133 109 99 107 105 101 113 131 118 113 121 119 119 140 169 196 203 209 212 217 218 221 222 221 220 218 217 215 212 214 217 218 217 216 217 216 215 216 216 217 220 220 220 221 222 223 223 223 223 224 222 223 221 219 220 223 222 218 215 215 219 219 214 214 213 211 200 165 
142 139 130 131 132 133 131 134 122 140 168 133 66 79 79 82 131 172 159 125 125 122 106 82 99 107 126 121 136 135 150 119 124 121 124 82 112 122 116 124 113 114 120 111 108 124 161 186 200 208 211 216 218 220 221 220 218 219 217 213 214 216 219 221 220 218 218 217 217 218 220 220 222 223 222 222 224 224 224 224 223 223 221 221 219 219 222 222 222 219 217 219 223 222 220 221 215 212 208 184 
136 138 131 125 125 133 136 131 135 138 159 156 96 108 122 148 176 177 138 113 117 103 111 79 90 102 114 123 132 138 139 129 123 134 105 130 90 129 137 129 112 114 112 105 99 114 164 181 197 208 210 216 218 218 219 217 216 216 215 212 214 220 222 220 220 219 218 218 219 222 222 222 223 224 224 224 225 225 225 224 223 223 221 218 218 219 224 222 221 218 217 221 224 222 221 221 215 211 205 186 
134 129 142 120 127 128 134 132 134 132 150 157 129 138 155 174 173 155 123 103 105 99 95 83 86 92 103 117 124 140 123 146 118 128 144 90 134 109 126 129 117 111 108 105 97 112 154 176 191 207 212 215 216 214 215 213 213 215 213 212 214 217 219 219 218 217 217 216 220 221 222 224 224 225 223 225 226 225 223 223 222 222 220 220 218 222 224 222 221 216 215 219 221 223 222 220 215 210 207 196 
132 120 149 131 124 127 130 131 130 136 144 147 143 143 129 154 156 133 109 91 95 94 98 93 84 88 101 119 119 132 133 135 136 133 142 134 96 132 111 107 111 101 111 111 103 125 148 173 189 205 211 212 214 212 212 211 211 212 211 211 214 217 218 218 218 217 217 216 223 222 222 224 224 224 224 223 225 225 223 221 222 223 219 219 220 220 222 221 219 216 215 218 219 218 218 216 216 213 208 199 
129 121 144 141 132 121 118 129 125 137 132 139 137 139 111 125 137 118 90 78 94 82 96 95 77 78 97 118 117 120 136 122 148 146 153 156 108 114 134 95 83 95 101 97 102 133 151 170 186 205 210 210 212 210 211 210 208 210 210 211 213 215 217 217 218 217 217 217 220 224 223 224 224 223 224 223 223 224 223 221 222 222 219 218 221 221 222 220 217 216 216 216 217 216 214 213 211 209 205 194 
125 118 135 149 133 118 119 126 125 126 127 132 133 140 115 90 102 100 86 72 74 77 84 83 75 72 102 115 115 112 133 126 139 161 155 158 150 103 112 123 91 84 77 93 103 130 151 166 177 203 204 209 210 208 209 210 207 208 209 210 210 212 215 215 218 216 216 218 220 223 223 224 225 223 223 223 222 223 223 222 221 221 219 219 219 219 218 216 214 213 212 212 212 214 213 213 209 204 199 189 
127 109 117 135 132 129 139 120 122 119 123 130 126 137 119 85 76 78 86 83 74 83 83 88 83 82 107 111 121 105 114 132 137 159 160 156 153 128 98 107 120 107 75 82 95 132 156 163 172 198 204 209 210 207 208 209 205 207 207 207 209 212 214 214 216 215 216 218 219 221 222 221 223 223 221 223 222 223 223 222 221 221 220 220 218 219 218 216 214 212 218 215 213 209 208 198 191 192 179 174 
137 121 124 123 123 137 149 126 129 118 112 116 124 132 121 99 82 70 76 78 74 84 78 83 101 102 111 119 126 108 106 137 137 157 170 162 153 124 115 100 100 105 93 94 110 126 153 150 170 194 203 208 209 205 207 209 203 202 206 205 206 208 210 213 213 213 214 218 219 218 219 219 220 221 220 221 220 221 221 221 223 222 221 218 218 218 217 216 216 215 215 215 211 207 206 203 201 198 180 152 
145 129 131 119 111 140 154 136 130 125 126 108 102 113 112 101 89 69 66 68 66 75 90 96 112 116 117 121 123 112 118 142 145 159 170 167 163 147 109 110 99 89 87 87 119 136 150 149 166 193 202 209 209 204 206 207 201 201 203 203 202 205 207 210 209 210 213 216 217 217 217 218 218 219 219 219 218 219 220 221 221 221 219 217 217 216 216 214 211 215 214 211 210 209 207 204 203 198 182 142 
151 137 143 122 125 135 145 133 142 131 122 118 102 96 88 82 78 71 77 82 72 84 100 108 113 116 120 119 121 117 125 140 165 162 164 167 165 159 140 114 98 103 78 90 109 131 146 154 158 192 199 208 206 202 203 204 201 200 202 202 202 201 203 206 206 208 212 216 217 218 218 217 218 217 218 217 217 218 218 220 219 220 218 216 216 215 213 210 208 210 211 209 209 209 203 203 201 195 182 138 
152 141 150 122 126 131 133 127 154 139 124 117 117 111 99 94 88 87 91 95 90 103 114 111 109 115 120 119 117 130 134 154 166 160 168 166 171 167 161 141 90 82 93 81 98 126 131 138 159 188 196 205 203 200 200 204 203 201 201 202 201 203 202 204 204 206 211 215 217 216 216 215 216 216 217 215 216 215 214 218 218 217 215 213 213 212 211 209 209 207 207 209 206 205 203 199 195 192 177 133 
159 144 151 133 133 136 132 136 159 149 136 124 120 124 111 101 107 108 108 110 105 110 115 111 110 114 117 121 132 142 150 165 167 165 168 173 171 169 167 163 120 82 75 76 88 112 117 120 157 182 192 204 202 198 201 203 203 203 201 200 200 201 201 203 206 206 209 210 215 212 213 214 213 214 215 213 215 214 212 213 213 213 211 210 211 209 210 207 206 205 204 203 202 197 195 193 193 188 166 114 
165 147 151 140 149 145 146 149 161 151 133 124 128 125 115 112 118 115 112 104 108 111 115 112 112 114 115 123 141 159 162 168 163 166 172 170 174 162 159 168 156 117 80 75 81 102 116 115 145 169 188 202 201 199 200 201 201 202 203 200 200 199 202 204 207 207 210 210 208 209 209 214 212 213 214 215 214 213 210 208 208 208 207 211 211 210 211 206 202 196 193 187 187 188 190 188 185 181 141 98 
167 151 152 149 160 151 155 157 165 152 127 109 109 98 82 99 119 113 109 105 108 110 109 106 107 114 117 128 135 147 159 163 156 167 175 168 175 165 163 161 164 152 94 79 79 91 101 106 133 160 189 199 198 197 197 198 199 200 201 199 202 202 202 203 206 208 208 206 206 206 208 209 208 208 210 210 210 209 207 204 204 202 202 206 207 205 208 203 199 197 192 190 183 171 172 176 172 154 109 89 
168 152 159 157 158 156 162 159 160 148 95 73 69 62 60 62 107 120 120 118 117 110 111 106 112 118 126 143 150 147 152 150 158 166 163 169 167 159 164 160 166 155 114 73 73 85 97 104 127 157 187 198 197 194 194 196 196 198 200 200 203 204 204 205 207 207 207 204 202 200 200 200 202 204 202 203 203 203 202 201 202 200 196 195 197 202 200 198 194 195 194 195 191 155 127 141 118 102 90 98 
168 151 163 156 153 156 159 158 149 104 71 62 59 59 59 57 65 108 116 119 119 123 115 115 122 126 142 155 153 154 162 153 144 159 159 168 163 163 167 163 165 165 140 79 75 85 96 114 130 161 190 197 196 196 195 195 195 197 198 200 203 205 204 203 206 205 204 200 197 190 186 191 191 193 194 195 192 193 193 196 193 197 192 187 187 190 194 187 186 187 187 185 174 131 93 114 87 91 92 108 
162 154 167 155 136 135 144 138 97 63 63 62 59 59 59 60 59 62 102 122 118 124 123 130 134 136 141 150 146 146 149 153 142 144 150 163 170 168 170 164 166 166 157 108 78 86 103 127 133 160 189 193 195 196 195 194 195 196 196 197 202 205 205 202 202 198 196 192 186 176 172 171 173 174 180 179 182 174 173 173 178 182 184 181 175 177 182 183 178 178 180 171 145 100 89 101 99 111 109 114 
167 156 159 145 123 102 86 73 69 64 62 60 60 59 59 58 59 59 60 90 129 139 142 150 153 152 153 160 157 153 159 160 155 152 148 145 154 169 167 158 168 164 161 149 100 86 108 127 127 155 183 189 191 196 194 194 194 194 194 197 197 201 200 201 198 192 186 178 173 164 157 143 142 143 145 156 158 153 128 130 128 123 135 126 133 137 149 151 145 135 124 114 94 83 95 114 120 122 121 124 
167 153 147 99 72 71 71 70 70 67 62 59 60 59 59 58 59 59 59 62 102 135 149 157 160 156 158 161 154 157 162 159 161 162 153 154 151 147 164 166 163 161 165 168 134 86 99 109 123 137 177 186 189 195 194 194 194 192 194 195 195 196 196 197 193 188 180 173 163 154 148 138 133 120 112 119 114 107 113 102 99 94 96 87 80 86 87 92 98 82 67 72 82 95 113 122 125 126 127 129 
161 142 90 66 65 70 71 70 70 68 63 60 59 59 59 59 59 58 59 61 106 119 132 143 152 150 157 156 157 156 161 161 162 160 154 154 156 148 142 150 164 159 164 170 156 118 86 93 113 134 166 172 185 191 192 193 193 191 194 193 194 191 193 193 189 186 177 170 160 154 155 152 142 125 129 107 94 89 98 90 91 88 84 73 75 74 71 67 70 73 75 91 105 117 125 126 128 127 127 129 
143 78 64 63 66 71 71 70 69 68 65 61 59 59 58 59 59 59 60 65 110 118 117 97 114 133 148 153 157 158 156 159 166 165 157 160 159 158 160 146 142 154 162 162 163 153 109 81 103 124 153 160 178 183 187 189 190 188 192 192 193 191 189 189 184 179 175 170 167 165 162 158 139 126 135 107 86 79 86 89 89 82 78 71 75 78 74 74 77 84 87 100 114 122 126 130 128 128 126 127 
95 65 62 64 66 67 67 66 65 65 65 62 60 60 58 59 59 58 59 69 114 118 111 92 95 95 102 121 137 147 147 157 160 162 154 154 156 159 157 150 147 146 144 158 160 163 149 98 94 117 138 153 167 174 178 180 187 186 189 191 192 193 191 184 182 177 172 170 170 166 161 148 135 128 122 102 79 76 83 84 89 76 77 75 76 77 78 80 82 91 97 106 116 123 126 127 130 127 127 126 
85 64 63 62 62 61 60 60 58 59 61 61 60 59 59 60 61 59 59 71 115 118 106 91 95 94 90 77 112 133 139 138 139 142 144 148 151 155 158 157 160 166 149 144 142 155 154 144 117 108 122 133 145 153 162 168 181 181 182 184 186 187 188 182 182 179 175 171 172 162 159 148 135 127 112 106 78 80 86 82 89 81 80 79 82 81 83 85 85 92 98 111 117 122 123 123 123 125 127 128 
92 68 67 66 63 62 62 60 59 59 59 58 58 60 60 60 60 60 59 78 116 119 101 91 96 92 89 73 80 102 134 145 146 145 149 152 156 158 160 158 160 160 159 153 152 143 143 149 139 103 107 120 120 128 140 149 164 169 174 175 177 178 181 173 174 174 173 167 162 148 151 148 135 127 110 88 80 78 85 85 79 81 86 82 87 86 89 88 88 93 94 112 119 122 118 122 126 126 127 128 
134 115 112 108 103 100 97 93 90 87 85 82 80 80 78 76 74 71 69 89 116 121 97 91 96 93 85 72 79 80 93 124 141 149 150 153 157 155 154 158 156 152 160 151 159 161 140 136 141 123 105 110 105 108 114 128 147 144 159 164 166 167 167 164 165 167 166 162 149 141 148 145 140 132 105 86 78 75 82 87 84 84 89 87 92 88 90 89 88 94 95 108 116 122 119 122 127 125 125 127 
157 145 144 144 143 142 142 141 139 138 137 136 134 133 131 130 127 125 124 125 118 121 95 91 95 92 82 73 78 80 82 86 112 136 146 150 151 154 156 160 158 151 155 159 161 157 152 154 145 131 119 104 104 100 97 103 120 120 133 151 156 154 154 153 159 167 152 149 130 135 152 140 133 135 97 79 79 78 80 85 91 93 92 92 90 87 87 89 87 86 92 106 115 121 125 123 124 123 125 125 
157 144 143 144 145 145 145 144 145 145 145 146 146 147 148 150 151 153 154 146 119 120 93 91 96 91 80 72 79 80 81 80 81 104 131 143 149 155 152 154 160 157 156 161 159 151 154 155 152 151 130 107 94 84 86 90 94 102 103 130 133 126 140 141 144 146 125 131 122 139 147 132 124 122 89 75 80 80 81 86 97 99 102 99 93 89 84 87 88 82 90 110 116 119 124 123 121 123 125 122 
158 144 145 145 145 145 145 145 145 145 145 145 145 146 146 145 146 152 155 142 117 118 92 91 94 92 76 75 79 80 81 79 81 80 96 134 142 151 156 157 155 155 151 153 148 149 155 156 156 159 154 133 105 96 92 90 86 93 94 108 118 114 118 121 125 120 118 128 124 142 133 117 121 100 88 75 81 81 79 86 98 104 115 101 97 92 82 87 88 76 93 110 118 124 126 128 125 127 126 124 
147 134 135 137 138 139 140 140 139 139 139 140 142 143 145 145 147 150 153 139 116 114 90 93 93 90 75 77 81 81 82 81 81 81 79 94 128 140 148 154 153 153 155 155 150 157 157 158 154 160 156 146 121 114 110 103 97 97 100 103 108 111 119 124 117 123 128 133 125 145 122 109 111 96 92 77 79 82 79 85 96 109 115 107 98 92 83 88 87 83 89 109 116 120 124 123 126 128 125 122 
137 122 121 123 121 120 121 119 118 117 116 118 120 121 124 127 129 130 132 127 115 110 89 95 93 90 74 78 81 82 82 82 82 81 81 79 89 126 139 147 152 152 155 154 153 160 162 161 154 153 159 151 134 129 122 116 109 106 108 109 105 113 132 124 127 126 129 130 134 137 113 110 108 110 96 80 77 77 82 86 97 110 119 116 107 96 87 93 84 92 89 109 118 121 123 122 125 126 125 118 
144 131 131 133 131 131 131 131 130 129 128 127 126 125 126 126 127 125 126 123 118 107 89 96 93 88 72 78 81 81 81 81 81 81 80 79 80 99 118 136 144 149 144 153 156 157 158 159 146 154 157 151 145 150 135 128 114 112 108 107 108 116 128 122 132 127 126 129 135 126 109 100 105 123 96 79 70 79 85 88 100 107 117 125 120 112 99 97 83 91 83 108 115 121 121 123 123 122 120 119 
136 121 124 125 125 127 127 127 127 127 127 127 127 127 129 132 131 132 132 124 118 102 89 96 92 85 71 78 81 81 80 80 80 79 78 78 79 96 98 106 131 140 144 151 148 149 156 155 154 155 156 151 152 162 142 132 117 121 110 114 110 120 114 129 131 126 124 125 126 110 110 102 98 111 100 79 72 83 84 94 103 113 121 121 124 124 112 105 96 92 84 108 112 121 121 120 121 121 121 120 
127 110 110 110 109 109 109 108 106 106 107 107 108 109 109 110 113 115 117 109 115 99 89 96 93 83 73 80 81 81 80 80 82 82 81 77 77 93 94 93 98 129 139 145 147 147 149 151 152 153 155 151 161 163 142 135 127 125 121 122 119 125 115 127 122 127 122 119 119 100 107 113 96 95 101 73 71 80 87 89 102 108 122 124 119 121 114 111 102 107 88 106 113 118 119 118 121 120 120 118 
140 125 125 125 124 122 121 120 118 116 114 113 112 111 111 110 111 112 112 109 117 95 90 94 90 79 72 80 81 81 80 80 81 80 79 76 75 88 90 89 96 122 120 138 147 146 150 152 151 151 150 154 162 158 141 146 141 132 136 128 124 134 127 127 116 123 123 112 110 99 105 113 90 82 93 72 71 72 82 89 102 109 126 131 132 133 118 107 99 102 91 102 113 117 119 118 118 118 117 116 
143 128 129 129 128 126 127 127 126 125 125 125 125 124 125 126 127 127 128 127 119 92 91 94 90 76 72 79 79 78 79 79 80 79 77 75 74 88 91 89 104 118 98 102 130 141 144 142 151 152 154 160 164 159 145 156 152 149 149 131 129 135 126 120 114 114 117 111 104 97 96 106 83 79 79 77 76 76 80 87 101 118 132 128 126 121 108 99 92 92 92 98 112 118 119 120 118 115 117 115 
132 116 118 118 119 117 117 117 116 117 117 117 119 118 120 121 123 124 124 126 115 90 91 92 89 73 74 78 79 79 79 79 80 78 77 74 73 87 91 88 109 114 92 81 87 123 137 143 147 151 154 158 160 155 151 157 154 152 149 142 137 135 118 106 101 99 104 115 98 89 85 94 81 77 77 77 77 87 83 85 104 120 132 118 111 101 102 88 84 90 93 94 111 118 120 120 119 118 115 114 
121 103 104 104 105 104 104 104 104 104 104 106 107 107 108 109 111 111 111 113 106 91 94 94 90 73 76 80 81 80 80 81 82 80 78 75 72 84 88 87 118 112 93 87 78 84 119 141 149 150 158 165 153 154 158 154 160 157 159 147 143 140 113 97 97 98 98 115 97 83 79 84 83 86 82 87 78 85 87 100 103 121 122 122 102 93 90 91 88 90 101 91 111 116 122 121 119 119 119 116 
