126 172 139 118 118 116 101 89 94 117 145 120 91 118 122 120 119 119 122 142 158 118 115 110 113 115 66 75 92 102 101 96 91 92 94 94 106 157 170 100 56 60 52 49 55 61 64 61 66 126 51 54 56 54 81 119 55 52 46 41 49 112 42 51 54 56 56 55 61 112 85 56 107 54 36 46 52 55 55 57 57 89 79 76 69 123 79 42 52 65 66 64 66 90 62 63 64 66 95 100 
154 159 121 120 120 108 90 98 110 120 127 148 86 110 120 120 120 120 127 166 125 118 116 105 89 138 72 78 104 100 94 78 58 74 84 92 146 109 136 72 51 51 48 51 60 62 65 65 67 103 83 53 58 65 132 63 54 49 42 47 48 98 63 49 55 57 57 57 87 117 59 50 58 90 39 53 53 55 58 58 58 63 124 115 118 113 56 43 62 67 69 65 62 103 57 65 63 74 122 48 
180 127 122 122 113 96 97 112 119 120 121 146 115 94 117 119 119 124 158 133 119 118 112 91 88 131 109 76 106 88 69 58 50 63 73 130 119 86 95 113 45 42 50 59 63 63 65 65 67 62 133 92 72 114 92 52 51 42 45 50 49 64 105 46 56 56 58 68 130 62 54 42 51 110 43 53 54 54 58 60 61 63 119 133 138 56 41 58 63 67 68 65 62 82 98 75 69 123 70 42 
133 119 122 120 101 96 118 124 123 122 120 128 159 91 110 122 122 150 147 120 119 117 97 84 100 119 141 83 100 88 63 47 47 61 102 135 71 73 73 129 47 39 59 65 60 60 64 64 63 61 111 135 131 136 58 52 48 44 49 51 51 55 115 51 57 57 63 129 79 58 43 48 55 107 53 55 53 54 58 60 64 109 88 38 105 37 45 63 64 67 67 67 62 62 129 104 115 100 40 59 
145 107 105 95 85 101 120 121 123 128 124 126 150 122 97 123 137 168 121 120 117 104 80 78 111 118 137 109 87 65 56 46 48 80 154 78 68 73 65 81 91 40 64 73 64 60 64 66 62 70 127 110 149 66 58 53 47 50 52 53 54 55 80 98 61 61 96 117 57 49 43 57 57 75 89 53 56 57 61 61 94 107 56 38 107 48 61 65 65 66 65 67 65 66 108 130 108 45 51 63 
166 98 101 95 101 121 120 118 118 116 116 116 122 163 128 143 173 131 119 116 112 91 93 110 118 116 119 148 72 41 52 52 57 143 98 67 65 64 48 39 135 51 65 76 72 61 66 67 67 118 92 57 124 65 52 49 51 55 56 55 55 56 60 134 121 74 148 65 56 42 53 59 62 61 113 49 59 57 60 72 124 66 40 52 84 76 60 63 64 67 69 68 66 91 107 75 85 47 62 66 
146 103 89 99 125 136 137 135 128 126 123 120 121 141 166 187 134 90 86 96 91 88 110 119 117 115 114 147 87 32 54 57 97 136 68 63 62 51 41 41 113 84 62 73 73 72 67 68 90 123 64 61 77 106 50 52 59 56 60 58 55 58 62 113 158 170 86 59 46 51 57 59 61 59 102 59 60 61 63 122 77 50 46 61 63 102 60 65 63 67 67 68 75 124 56 53 108 64 65 64 
184 150 116 123 134 145 158 152 143 133 131 124 128 163 131 153 124 94 92 79 68 84 97 101 103 105 109 114 139 38 52 64 145 71 60 63 54 47 44 42 65 132 68 75 70 72 70 75 131 73 65 62 55 130 57 58 61 60 63 59 54 61 84 121 82 102 48 53 47 57 58 59 59 59 69 98 67 68 101 105 60 41 59 64 60 108 54 67 64 65 67 67 122 74 43 64 101 66 68 63 
213 182 239 236 216 222 234 209 185 151 153 137 167 140 119 120 161 90 87 81 81 97 96 99 101 93 97 92 137 123 88 128 94 58 61 56 45 50 43 42 60 123 87 75 73 69 72 122 94 69 63 59 59 101 90 58 62 60 63 62 60 70 128 68 59 119 44 46 56 61 59 60 61 61 59 121 110 81 139 67 45 57 63 61 60 88 83 64 65 65 65 101 104 42 57 68 76 90 70 62 
206 210 214 243 247 252 250 249 249 233 247 204 187 151 134 120 169 87 77 78 95 101 100 98 111 102 105 100 110 164 169 140 77 68 63 49 36 41 35 40 65 85 128 76 79 77 97 129 69 70 62 58 66 71 126 59 58 64 64 65 65 110 93 62 51 103 65 51 62 61 62 62 61 61 62 112 144 155 79 50 48 62 62 58 64 64 106 58 65 65 73 126 53 45 65 70 66 108 64 65 
224 236 195 240 252 253 253 253 253 249 247 229 230 230 221 211 190 156 125 108 104 102 101 103 107 104 104 102 152 114 128 101 82 81 74 59 67 83 76 50 72 78 131 97 88 84 144 83 72 71 65 69 73 70 107 82 60 64 64 66 80 127 68 59 48 74 113 57 62 63 61 61 63 63 97 101 66 96 48 42 61 66 65 62 63 64 103 63 70 68 125 78 40 62 67 68 68 93 76 67 
233 219 207 227 248 252 254 254 253 245 237 251 233 232 225 228 225 187 222 211 202 182 168 143 122 107 104 135 138 98 101 148 65 71 64 63 71 84 86 63 85 90 97 162 116 138 118 78 77 71 71 73 76 74 73 124 60 67 67 68 127 81 67 54 53 61 129 57 59 63 61 62 65 72 126 66 45 122 40 53 64 66 66 63 63 63 76 125 91 98 111 44 58 65 67 65 62 67 100 69 
204 217 245 210 241 254 253 254 253 229 251 252 232 228 221 224 224 197 208 213 211 207 211 209 206 197 182 181 154 136 121 168 69 64 65 79 76 87 90 80 101 100 104 147 179 148 85 82 79 76 80 81 79 77 73 117 84 72 70 98 119 68 61 52 60 60 97 92 60 61 62 66 68 121 84 56 44 100 78 60 64 68 63 63 63 64 65 120 147 147 61 43 63 63 66 67 66 63 97 89 
210 240 242 222 223 254 253 254 242 237 253 253 229 227 222 224 224 217 184 211 211 208 208 208 200 196 188 198 198 195 190 171 168 163 141 122 100 94 88 108 112 107 139 104 125 119 91 91 82 85 89 85 82 80 77 83 140 114 81 138 74 68 57 62 64 62 67 124 59 65 66 67 93 115 63 44 55 68 111 54 64 68 65 63 64 66 106 83 110 51 40 59 66 65 68 67 66 64 66 127 
235 241 232 243 216 249 251 251 230 247 254 252 227 224 220 222 222 224 190 193 208 205 206 204 191 176 195 198 196 192 192 186 169 191 180 185 181 175 154 143 134 136 134 115 114 151 100 99 95 97 94 91 89 87 82 84 127 164 163 110 73 63 61 69 67 65 68 111 80 67 67 73 134 74 53 47 61 63 107 60 67 68 64 65 65 84 109 55 75 73 57 64 63 66 69 68 67 68 66 117 
237 227 236 250 233 209 230 234 245 250 254 251 230 226 221 221 220 224 211 177 196 167 200 196 173 184 196 195 195 194 190 190 179 180 180 185 186 175 186 164 152 165 138 135 130 142 125 113 111 112 104 103 95 88 90 105 137 119 124 70 70 60 67 69 69 66 68 75 129 83 72 113 95 63 46 60 61 60 74 96 63 64 66 65 69 115 64 41 61 114 63 67 66 71 68 69 66 66 93 100 
215 231 247 243 224 223 235 235 250 251 254 251 230 226 223 219 220 221 216 184 155 161 198 182 180 173 187 192 192 191 186 187 183 167 172 188 192 180 178 169 162 162 152 152 144 136 151 126 125 120 117 117 101 98 103 141 101 97 147 66 67 65 73 72 70 65 70 69 119 122 100 147 67 51 51 63 62 61 62 115 58 67 64 68 106 85 43 53 65 109 76 70 66 69 70 68 67 73 121 47 
216 244 244 228 217 251 252 235 244 250 254 251 230 224 222 220 218 218 213 188 184 156 178 185 179 142 187 177 182 176 172 173 170 155 147 171 182 180 183 164 170 166 156 155 153 154 159 146 133 130 130 124 113 107 131 121 100 87 133 75 67 77 76 75 73 70 73 76 119 139 153 74 62 49 63 65 63 63 64 83 93 68 68 86 107 57 44 62 64 68 126 69 70 66 70 72 70 118 71 46 
233 245 233 206 244 254 252 236 238 251 254 249 230 226 222 218 219 216 209 197 182 178 169 182 151 193 208 185 155 161 179 178 171 161 147 117 149 155 163 169 171 163 153 153 158 160 159 161 146 146 136 135 122 121 145 111 101 85 102 113 70 82 79 80 78 72 74 103 108 96 104 57 50 57 62 64 60 62 61 64 133 105 80 129 69 42 60 65 65 65 93 107 70 69 69 71 92 110 44 65 
245 230 209 239 251 253 253 250 225 252 254 247 237 230 224 218 218 213 204 192 190 154 163 134 162 216 210 220 193 171 176 175 178 172 169 137 142 156 166 161 153 132 128 150 157 159 168 154 148 150 147 141 128 149 115 118 101 90 83 139 73 83 83 81 79 76 87 131 79 71 125 51 57 64 62 63 62 66 64 67 111 150 162 93 50 51 63 64 67 65 64 118 88 71 72 76 121 57 54 66 
223 213 231 248 250 254 254 254 234 248 254 248 242 234 226 219 217 210 196 188 173 148 173 155 206 218 219 226 224 199 160 176 179 175 182 172 146 170 175 155 151 139 145 147 140 139 156 152 157 144 146 147 149 135 121 127 105 98 94 123 94 84 87 88 84 81 133 92 74 60 108 81 60 66 63 62 63 63 64 88 124 62 121 52 45 68 64 66 68 67 66 67 138 85 82 109 94 45 63 66 
209 213 247 242 254 254 254 254 242 233 254 250 241 233 225 221 219 206 189 186 145 196 214 170 187 218 222 223 223 199 130 174 183 184 181 165 171 169 167 152 178 175 158 155 150 141 134 135 173 144 146 147 155 128 123 124 111 109 97 96 130 85 91 97 80 106 120 80 67 66 79 119 62 64 64 62 63 64 70 130 75 48 126 48 59 70 64 67 66 66 65 69 84 141 148 132 53 62 64 67 
204 243 243 243 254 254 254 254 251 237 250 250 240 233 224 219 219 194 189 157 179 215 219 196 159 215 215 224 224 200 152 184 190 192 165 179 136 149 142 191 201 200 184 172 170 163 156 154 170 153 136 170 138 127 122 120 115 111 100 93 130 104 130 140 97 139 72 69 62 73 73 124 70 64 63 64 61 64 123 93 56 50 82 89 62 69 68 67 66 67 68 70 110 96 116 52 51 65 65 68 
229 236 243 249 253 254 254 254 248 252 239 248 236 231 223 217 211 194 179 167 210 217 219 218 158 197 221 224 228 201 197 209 209 182 170 158 180 167 162 209 211 213 206 196 197 194 189 181 167 154 167 149 116 126 125 124 115 113 109 106 128 141 139 128 132 91 62 55 69 71 71 83 112 64 66 66 64 95 119 64 46 61 64 111 61 71 68 68 66 66 68 102 113 49 94 80 68 66 67 68 
225 237 246 251 251 254 254 254 250 253 234 240 236 230 223 221 195 192 167 205 215 218 218 213 195 166 219 222 228 194 219 225 210 179 166 186 210 189 157 211 215 218 215 206 205 211 211 203 172 160 125 112 147 175 152 134 130 134 138 143 164 174 132 146 164 69 54 53 72 70 72 69 125 62 67 66 73 139 71 49 57 63 65 102 71 67 68 67 65 68 86 124 57 50 84 111 68 69 68 69 
224 243 249 244 252 254 254 254 250 253 250 214 236 230 221 209 194 176 198 218 217 219 219 223 217 157 204 223 198 216 226 229 186 190 185 215 215 205 165 197 219 221 221 217 205 208 215 191 191 159 168 129 178 193 193 174 145 146 165 174 185 152 145 166 105 72 43 59 67 67 71 69 85 111 72 68 126 95 55 49 63 62 63 71 111 69 68 67 67 72 133 70 46 65 64 111 64 70 70 67 
232 250 245 247 252 254 254 254 250 253 254 227 223 197 210 190 185 184 217 218 211 216 219 225 220 191 171 188 194 226 227 195 199 182 221 219 212 203 183 173 222 223 221 228 214 204 195 194 177 182 206 162 160 203 197 196 187 153 149 176 186 153 125 119 70 39 46 61 65 65 68 65 62 133 112 113 135 68 43 62 64 63 64 65 118 69 70 69 68 125 86 47 61 67 65 94 85 71 66 66 
246 240 246 251 254 254 254 254 250 253 254 240 195 190 189 184 168 202 210 213 209 219 218 222 222 203 167 178 210 223 209 189 183 223 227 226 217 201 196 157 215 225 224 227 226 208 179 183 173 210 212 194 148 201 203 198 194 185 158 153 166 149 137 102 109 38 56 57 63 64 64 64 64 121 136 141 69 50 50 63 63 64 66 67 80 112 74 71 100 116 51 58 64 68 68 69 112 72 64 69 
235 237 249 252 253 254 254 254 252 252 252 234 207 201 179 154 187 202 209 206 210 220 219 199 115 106 188 181 188 194 183 181 207 234 232 229 221 207 192 175 179 226 228 227 225 184 191 162 199 215 218 213 165 177 212 209 198 198 187 160 155 130 135 102 119 40 57 59 65 62 63 63 94 111 68 105 48 45 58 64 62 68 65 69 67 131 119 89 142 63 49 65 65 68 68 65 109 78 66 70 
229 242 251 248 253 254 254 254 252 252 249 219 230 239 189 172 191 193 203 201 209 197 156 69 44 106 212 184 179 176 175 174 227 232 236 231 223 211 189 185 159 220 225 225 202 189 180 197 202 214 222 220 200 160 212 212 205 200 198 174 163 121 136 112 131 53 54 61 64 63 64 69 134 69 46 116 44 59 61 62 64 68 66 67 66 97 128 157 81 44 68 68 68 68 68 65 68 121 75 70 
213 251 246 248 254 254 253 253 247 252 233 242 237 234 204 184 173 179 188 182 167 120 59 39 32 92 213 189 164 172 150 212 226 230 238 233 225 215 199 185 181 163 217 218 184 191 197 221 205 210 220 219 222 166 193 216 212 198 181 177 147 167 167 182 169 100 64 66 67 66 67 115 90 58 44 92 81 62 62 62 65 68 65 63 80 119 54 111 48 58 69 66 66 67 66 67 68 89 125 93 
213 233 245 250 255 254 253 253 244 244 249 250 251 234 219 194 174 176 162 121 96 74 55 38 34 83 197 190 154 174 174 226 226 230 234 233 228 219 209 195 176 154 178 196 196 184 223 231 214 206 214 220 221 202 168 218 215 199 176 161 165 191 189 172 193 145 147 117 77 70 81 124 67 46 55 64 116 55 67 60 66 69 62 64 125 73 45 107 67 69 69 67 68 70 67 67 69 69 129 142 
228 208 250 251 254 254 254 254 238 250 253 250 253 245 216 199 178 144 98 71 78 73 60 42 43 135 195 167 223 234 190 211 234 231 227 234 228 221 209 206 167 169 186 181 172 202 222 229 222 217 207 219 225 229 186 158 212 181 185 170 193 192 199 196 188 177 147 191 149 103 130 83 59 50 61 62 100 74 66 61 63 67 62 104 98 49 60 75 105 72 73 70 69 70 71 69 72 113 92 68 
235 209 239 247 254 254 253 250 242 254 254 252 253 250 197 173 157 106 55 59 73 78 71 48 72 196 164 224 245 245 221 185 239 233 228 231 233 225 210 201 166 132 172 144 188 210 215 227 229 224 209 216 225 228 192 166 183 196 177 202 201 199 205 207 203 192 152 195 192 166 153 81 54 63 65 65 71 109 63 66 64 66 83 124 61 49 68 65 120 69 74 70 71 68 70 71 98 109 45 65 
238 244 206 248 254 254 253 235 249 254 254 248 251 248 144 83 71 151 59 56 62 71 75 63 162 162 200 247 249 250 248 185 231 237 231 231 232 225 213 177 167 155 175 170 206 209 205 211 226 222 214 215 221 207 196 161 154 169 200 208 202 198 204 204 213 208 193 151 197 179 163 115 100 81 75 71 69 107 72 68 69 71 132 77 45 63 69 65 84 101 73 67 72 73 70 78 131 55 62 74 
249 244 220 239 252 252 246 243 253 254 253 243 253 236 135 55 58 118 100 53 56 64 72 134 143 165 246 250 251 250 248 222 193 239 231 233 231 226 204 177 163 190 176 175 184 210 209 202 213 217 216 207 208 187 197 188 177 179 214 211 203 199 202 206 211 219 207 155 176 187 141 160 171 144 116 85 77 78 137 81 70 107 108 50 55 70 68 70 71 120 73 71 69 69 72 127 73 55 71 73 
241 244 247 226 230 244 247 253 254 254 254 244 252 226 154 70 72 62 146 59 52 63 95 157 98 241 251 252 251 248 244 246 182 223 237 232 231 226 180 173 184 200 176 182 166 209 208 198 202 205 207 203 179 196 174 217 198 166 208 210 206 204 202 203 205 224 184 178 162 164 155 199 192 187 181 161 115 84 124 138 102 142 66 47 69 71 73 72 71 93 103 72 70 70 105 95 47 70 72 74 
242 246 251 224 214 224 251 252 254 254 254 250 252 226 180 106 93 65 113 121 76 77 163 68 183 249 251 252 251 247 241 243 217 188 234 236 234 213 185 181 194 208 198 188 168 189 205 207 204 207 203 189 186 163 190 216 211 162 196 208 202 202 203 199 197 199 193 174 172 137 207 216 210 203 196 186 168 139 134 152 163 101 58 69 77 75 78 90 123 147 144 76 73 84 127 53 65 73 74 73 
243 251 236 219 252 247 249 251 254 254 254 251 253 221 217 172 123 85 92 156 164 151 114 70 180 246 250 252 250 251 239 236 237 185 218 235 238 190 181 201 199 197 201 196 185 168 203 204 208 206 199 183 176 180 195 204 210 177 174 203 195 198 203 194 186 176 184 168 197 160 212 218 220 214 209 201 188 161 161 125 145 108 144 149 126 128 159 183 201 193 152 138 98 135 71 54 71 73 72 76 
251 249 216 243 253 252 238 252 254 254 254 251 251 216 233 220 144 109 115 164 162 158 41 76 153 235 250 250 250 251 243 233 226 209 161 184 225 187 184 209 205 198 197 199 205 177 188 203 203 206 187 174 178 199 193 196 205 193 159 197 195 195 203 190 174 193 156 189 198 165 184 216 217 217 215 213 207 171 162 126 174 142 187 199 190 186 204 198 183 185 157 136 159 91 48 72 72 73 76 72 
241 220 227 253 253 251 233 242 254 253 254 252 239 218 233 227 177 153 166 125 108 149 80 101 134 228 250 248 249 249 241 231 219 202 173 166 199 191 205 202 204 200 197 213 208 198 179 198 204 194 185 169 198 197 192 193 197 205 165 189 197 194 200 178 180 165 170 204 200 185 159 198 208 210 213 214 201 184 152 180 202 164 191 208 212 217 217 193 177 185 161 147 119 47 66 72 76 74 77 77 
231 218 250 252 254 252 250 231 253 253 254 250 227 219 234 232 217 190 183 125 158 107 121 125 130 233 246 252 249 248 239 230 218 183 147 181 173 190 222 201 208 215 197 218 205 198 187 169 156 200 173 196 207 202 193 191 195 207 188 171 198 192 194 175 160 134 193 205 200 198 162 179 194 200 202 208 181 190 161 210 210 193 175 216 222 226 227 191 186 168 158 121 155 67 73 74 79 75 71 71 
221 248 250 251 253 253 252 234 250 252 254 249 225 217 235 230 223 198 166 214 173 67 148 97 136 238 240 248 247 240 238 231 194 122 80 162 159 212 231 211 211 216 202 215 206 187 193 162 186 167 174 208 216 208 195 193 199 211 211 169 171 186 183 167 120 132 156 160 164 166 163 150 178 180 184 186 186 151 203 209 206 212 170 207 222 226 224 196 174 164 131 126 152 100 75 73 73 72 72 75 
215 226 226 229 235 247 248 245 242 251 254 249 220 217 234 231 202 189 202 234 200 75 133 117 153 245 245 247 241 239 238 217 167 74 128 102 156 180 234 220 218 220 207 217 216 162 179 168 149 154 200 211 218 212 192 189 192 202 209 189 132 163 178 139 94 81 77 73 73 71 78 137 82 87 104 160 162 158 205 201 198 212 196 180 224 228 227 190 174 155 145 169 141 121 70 73 76 73 74 74 
241 242 241 249 251 249 249 250 248 244 253 246 212 221 232 215 197 191 233 238 226 110 91 157 184 248 246 244 244 242 239 191 123 117 181 138 105 161 221 224 228 220 211 220 210 171 190 163 191 168 198 213 217 215 193 190 194 205 211 178 167 174 158 110 84 81 76 77 81 81 77 115 139 101 117 114 67 136 182 181 197 207 214 176 209 228 223 184 175 144 178 177 102 104 82 76 74 75 75 73 
240 244 244 251 253 253 252 253 252 228 251 247 213 225 223 201 187 232 242 234 235 158 101 134 186 243 247 246 247 247 221 157 171 162 165 171 95 141 198 223 227 222 211 220 211 176 136 185 212 188 181 213 218 212 198 196 194 212 200 177 145 147 132 123 86 72 61 69 74 76 75 79 159 161 160 74 54 65 97 133 172 186 207 200 177 181 203 184 150 166 171 159 88 76 112 76 74 74 78 74 
241 250 252 252 251 251 252 253 253 246 238 248 210 228 201 188 213 247 248 248 244 195 97 116 184 218 244 244 244 243 188 165 218 186 192 163 127 126 156 213 225 219 209 211 193 123 92 215 216 210 166 206 216 216 201 189 198 205 182 182 168 165 147 142 108 62 54 62 70 71 73 120 112 129 67 60 58 70 69 69 69 91 174 219 163 179 188 166 168 197 149 110 75 71 113 77 78 81 80 107 
187 204 220 227 231 235 241 249 249 248 225 223 186 206 204 182 244 252 249 252 248 222 167 189 211 187 237 242 245 214 167 220 226 195 196 175 171 142 148 196 219 214 206 201 174 78 115 210 214 218 181 184 216 221 196 194 205 184 188 179 197 176 156 147 106 59 52 56 64 65 89 137 77 77 91 51 64 66 70 70 71 73 88 168 144 104 135 137 201 204 154 104 75 76 81 116 78 81 94 132 
177 182 188 190 188 198 203 210 200 200 185 181 170 192 185 218 245 251 253 252 250 240 213 212 232 201 203 214 236 181 202 237 223 205 171 193 167 148 143 159 211 210 200 187 144 121 117 202 217 214 202 169 210 215 204 195 199 182 178 205 209 184 160 127 87 57 51 57 59 71 144 83 60 55 119 56 64 68 69 71 71 68 76 136 75 55 119 89 162 179 107 74 74 76 74 124 109 128 152 62 
155 161 173 176 184 182 186 190 190 190 185 184 167 169 193 238 244 250 252 253 246 243 234 218 226 216 173 162 196 159 241 238 221 209 172 181 193 114 114 140 184 198 186 160 144 121 123 195 221 213 210 179 186 213 201 201 176 183 182 215 207 198 173 132 86 79 53 57 58 114 103 64 48 59 103 75 66 69 69 69 67 70 132 88 48 64 114 65 79 106 83 73 72 74 78 79 147 135 118 62 
157 172 187 178 184 186 181 189 186 176 193 176 162 181 208 244 241 251 252 251 242 238 238 240 233 207 168 176 151 211 241 236 230 215 195 176 157 101 78 165 150 157 171 146 169 117 127 203 217 216 207 196 171 214 202 191 181 165 209 217 201 193 185 157 114 83 58 57 80 134 65 48 58 66 73 111 61 68 67 69 70 102 119 56 58 65 82 96 73 75 78 71 72 71 74 125 87 40 117 74 
68 112 140 146 149 145 142 151 169 190 166 174 203 183 192 243 242 249 252 248 241 229 226 235 228 188 165 212 184 235 233 241 237 226 213 164 172 159 97 110 171 181 133 191 207 150 137 214 216 213 209 207 186 175 160 173 177 182 213 207 201 195 188 146 147 70 67 61 141 77 57 51 65 70 69 110 72 69 78 78 79 143 68 61 80 74 71 117 64 76 76 73 74 74 113 109 52 71 102 94 
56 80 95 80 71 73 81 87 169 119 96 157 204 193 174 232 243 249 253 247 239 228 220 229 201 150 221 234 195 211 231 237 238 230 214 163 164 170 109 157 73 153 150 205 212 171 148 215 216 209 202 204 202 169 175 177 160 204 211 204 196 203 191 173 165 143 141 144 149 90 70 72 71 71 73 77 125 143 167 157 152 141 120 190 156 120 99 106 83 77 75 74 76 96 128 51 68 74 75 113 
90 50 60 59 60 60 66 127 142 68 73 122 197 197 183 195 235 247 252 247 237 226 216 204 158 186 233 236 215 189 239 241 240 236 215 169 172 155 151 89 52 109 159 163 111 102 154 214 209 201 198 207 193 167 159 155 183 205 209 210 200 206 191 185 169 163 173 190 166 149 177 171 155 147 146 171 171 162 172 180 177 149 182 213 201 178 172 147 129 118 84 77 84 140 60 62 73 73 74 111 
163 79 85 92 94 93 100 179 77 67 62 79 167 201 180 180 214 242 253 247 237 217 210 177 137 217 228 232 233 181 226 240 236 228 215 171 182 172 142 82 95 69 147 112 105 83 162 204 195 197 206 202 187 159 171 175 197 204 212 206 205 210 199 188 173 168 167 161 155 196 203 196 190 192 200 203 195 167 153 181 184 155 204 215 220 214 201 191 177 155 119 80 137 81 58 73 73 70 76 87 
145 127 77 93 101 111 173 125 101 102 90 82 117 176 188 175 181 234 240 239 219 211 191 123 186 203 220 218 210 195 191 236 230 230 217 168 184 176 95 148 118 53 125 153 123 98 178 201 201 209 208 190 186 182 216 195 186 211 219 210 206 211 201 183 174 156 165 135 181 198 198 203 207 209 207 207 202 169 168 159 153 200 217 222 225 221 201 197 192 169 122 124 107 54 71 75 72 71 72 74 
112 166 92 92 101 135 155 101 99 92 78 82 101 108 166 175 177 198 230 217 187 179 155 144 183 199 210 184 144 141 168 205 217 219 199 154 180 119 136 172 160 71 95 158 113 80 189 205 213 213 197 203 181 225 230 220 174 211 222 215 211 209 200 176 189 166 200 162 199 213 215 219 217 219 217 213 181 188 152 138 189 218 226 226 231 225 199 195 197 163 160 123 54 69 73 74 74 71 70 68 
119 138 168 114 120 176 118 106 71 62 76 93 104 82 92 134 163 176 211 101 116 177 136 171 178 178 178 153 82 70 137 164 194 201 183 160 157 119 165 165 181 174 96 153 136 66 164 212 218 209 195 188 214 233 232 229 190 193 219 216 215 213 191 186 174 202 219 190 180 215 221 222 220 220 218 195 186 150 190 158 196 218 224 225 230 225 198 194 178 150 89 94 58 74 76 73 75 73 69 69 
119 123 164 169 181 147 120 107 67 60 86 116 119 105 73 87 132 176 169 94 144 104 172 172 176 157 126 96 46 56 71 157 146 150 153 173 104 166 173 162 165 186 158 136 161 72 93 202 221 195 197 186 233 234 229 226 210 175 213 215 216 216 183 189 181 218 222 209 163 209 216 217 220 216 207 177 160 148 187 175 159 205 214 222 229 217 185 185 169 152 110 132 68 71 71 74 72 71 70 69 
118 127 171 153 177 118 112 99 62 45 73 93 118 119 80 67 82 146 169 171 138 81 229 179 158 142 104 59 45 47 47 109 165 121 133 140 138 184 170 168 167 174 180 147 188 126 87 121 197 199 172 221 233 231 226 225 223 182 188 211 216 203 190 166 208 220 220 220 175 180 207 207 207 206 183 161 110 149 166 158 143 175 195 209 224 215 185 171 176 140 163 133 76 76 72 76 73 68 68 71 
121 171 147 115 124 149 93 83 71 68 58 85 121 120 107 64 68 155 141 141 96 146 229 207 153 130 115 54 50 53 55 88 156 166 175 84 171 180 181 173 171 170 172 153 215 188 137 118 159 140 193 232 233 227 226 226 221 203 168 172 211 184 191 170 216 221 214 209 188 150 182 190 184 173 160 97 72 83 98 102 131 110 131 149 194 204 181 169 149 163 179 102 112 79 77 73 77 70 69 70 
149 163 120 118 108 152 84 76 59 63 96 102 114 105 106 90 114 131 74 135 147 138 162 177 163 133 124 51 60 55 47 120 124 89 137 119 153 170 174 176 171 166 158 140 213 188 170 184 91 53 104 154 175 203 214 219 211 205 174 150 175 183 148 198 215 206 198 178 164 157 122 105 91 149 70 47 61 62 64 61 95 94 71 77 144 198 172 169 144 164 163 95 120 72 77 74 75 72 70 91 
178 122 119 116 101 112 125 72 100 104 111 105 107 99 101 118 164 45 42 98 133 87 59 93 137 149 119 50 87 48 68 153 63 88 147 157 173 163 173 168 173 172 162 151 198 187 151 146 91 61 73 72 70 77 84 98 119 154 150 171 180 148 141 196 191 179 142 101 70 85 146 111 126 117 64 56 68 64 66 61 68 129 74 73 76 160 174 140 178 156 158 131 94 96 76 70 73 70 82 134 
128 116 115 104 90 98 154 93 93 116 113 101 109 102 104 167 110 67 46 51 93 136 36 45 84 141 103 47 69 49 147 67 59 98 161 152 198 168 177 170 166 167 160 145 181 182 173 207 158 151 97 67 69 66 71 68 63 140 59 56 125 113 145 126 101 75 57 61 63 71 141 171 149 74 52 65 65 64 66 62 64 86 130 95 77 145 159 154 179 180 169 108 79 119 73 71 71 71 134 62 
121 118 113 93 92 109 129 136 81 105 114 108 107 105 147 139 101 92 68 41 60 132 72 57 75 99 104 48 58 111 113 44 55 102 174 166 175 182 190 175 165 160 138 148 187 157 209 220 190 165 204 168 138 115 110 115 129 148 60 63 107 89 57 59 66 67 67 69 60 104 116 102 73 55 57 70 66 65 66 60 66 69 124 152 155 98 90 174 150 154 110 84 76 105 96 74 72 121 82 55 
119 117 101 90 107 119 121 148 108 99 117 116 116 134 170 116 114 111 83 66 48 72 141 55 83 101 110 47 73 150 45 58 123 117 161 184 162 207 153 145 142 120 124 178 163 182 212 213 198 152 184 194 190 180 172 158 168 106 55 50 56 117 59 72 70 69 69 69 78 142 72 60 107 51 68 70 66 66 66 66 67 83 135 103 116 51 55 96 111 103 77 71 73 74 142 106 109 110 49 73 
119 108 91 99 117 121 119 124 154 92 110 117 121 171 111 114 115 88 58 88 81 42 108 86 70 97 95 57 144 60 47 104 173 121 137 179 161 181 191 171 144 144 171 150 127 179 187 184 181 163 148 171 159 154 144 160 100 55 52 60 64 123 64 69 68 71 70 70 135 84 61 55 116 58 72 73 68 70 69 68 73 142 82 47 117 53 69 71 71 73 73 71 72 76 103 153 137 50 67 69 
112 93 95 112 120 121 119 119 144 134 107 118 147 147 109 116 106 76 63 87 110 77 44 138 38 62 64 98 117 56 109 165 124 71 117 142 157 152 154 160 144 147 142 86 107 122 133 146 144 142 126 102 95 90 94 136 60 59 57 66 72 90 97 62 69 70 71 102 113 65 51 67 91 89 70 72 70 71 65 68 126 102 50 63 111 72 71 72 73 71 76 75 72 78 138 54 117 62 67 68 
97 88 108 118 121 121 119 118 122 168 159 148 173 119 117 112 91 68 87 114 116 108 55 93 113 93 103 158 78 78 76 74 59 43 81 86 106 157 97 112 96 157 74 63 71 82 91 94 82 77 132 65 60 63 140 78 67 56 61 68 69 71 122 58 69 68 80 141 72 55 61 71 74 116 59 69 69 68 65 94 132 62 54 70 81 105 68 71 73 72 74 76 75 135 81 52 120 75 70 72 
86 101 118 118 120 121 120 118 120 169 172 182 129 116 116 102 85 85 95 90 98 110 80 63 149 150 159 113 89 85 60 53 51 35 34 38 61 93 148 115 127 108 65 65 62 66 74 70 64 64 99 119 87 107 120 67 62 57 67 68 69 69 106 82 67 67 129 94 64 53 69 69 74 107 68 68 69 68 70 146 73 47 67 71 74 114 68 73 72 73 75 73 109 112 46 68 87 103 72 73 
92 112 114 118 117 118 120 118 156 151 119 148 126 99 106 88 89 85 72 81 107 84 74 75 159 146 142 93 92 102 65 79 73 49 29 31 38 44 140 171 141 65 67 59 62 67 70 69 65 68 66 140 156 155 71 64 53 63 66 67 67 67 73 135 102 102 127 73 55 65 72 73 73 79 108 65 68 69 129 97 49 61 71 72 72 82 102 71 70 73 71 82 134 54 65 71 69 121 70 76 
106 113 115 118 117 115 114 141 168 119 116 111 154 77 89 89 107 102 97 113 114 78 82 148 140 109 154 88 81 85 53 93 95 65 34 38 39 90 123 95 110 61 60 57 63 66 68 67 65 67 73 142 120 99 64 56 55 64 67 67 67 67 66 114 166 167 73 59 58 71 72 72 73 71 122 76 119 107 142 61 50 69 70 72 73 70 114 72 73 72 75 135 71 59 72 70 71 98 92 75 
115 116 116 117 117 118 122 177 116 118 116 100 140 96 71 98 114 113 101 113 110 95 108 161 109 110 120 122 55 77 76 95 97 67 35 41 51 153 56 59 142 60 58 59 65 65 64 66 66 64 134 97 71 129 56 55 61 64 66 67 68 67 67 141 90 135 53 54 67 70 73 73 73 72 77 148 148 172 75 46 64 67 69 70 72 72 92 98 74 76 114 109 51 73 74 71 72 71 119 74 
111 114 115 117 116 118 170 130 109 117 109 91 106 157 77 101 116 116 112 116 110 118 168 112 108 105 89 150 77 70 107 103 101 56 32 43 129 85 48 55 105 95 53 61 64 63 62 64 66 91 134 66 63 120 66 59 65 64 65 65 66 67 112 119 68 105 68 56 69 69 72 71 71 68 79 134 122 149 54 56 67 68 69 71 68 70 73 135 122 113 139 53 67 72 72 74 72 70 113 82 
97 114 115 117 117 148 156 114 116 112 93 92 113 154 112 88 114 116 114 114 115 159 134 102 107 90 80 123 127 79 104 97 100 58 31 82 130 47 44 50 61 138 54 61 64 64 61 64 74 156 70 64 55 74 114 58 63 65 65 64 66 84 144 67 57 63 113 59 67 66 71 71 68 69 133 87 42 82 88 62 66 69 66 70 72 70 70 103 168 167 69 55 72 74 71 70 74 75 81 119 
85 110 117 118 127 177 113 105 114 100 91 106 119 126 162 86 105 115 107 115 135 154 111 79 91 81 91 113 155 92 99 104 87 56 41 150 57 43 43 46 54 113 89 57 61 62 59 64 134 97 64 57 54 61 132 61 63 64 65 64 65 148 81 62 51 61 123 61 64 63 68 67 66 94 122 61 50 65 121 55 64 70 71 71 73 73 78 146 62 124 58 71 72 72 73 71 71 73 75 125 
109 95 116 121 167 136 117 114 103 88 99 115 116 120 148 127 88 107 84 99 170 114 84 70 77 78 107 115 129 134 90 106 97 53 109 97 45 42 43 49 56 66 135 56 61 60 57 90 146 65 57 51 57 62 87 105 58 63 63 65 112 118 64 50 57 63 79 105 60 62 63 66 73 144 73 44 63 67 91 82 64 70 69 69 74 72 136 82 48 82 99 73 72 70 77 74 72 73 74 87 
168 93 108 135 166 118 112 111 89 89 114 119 117 117 122 164 91 88 63 133 109 105 79 91 73 100 113 112 112 154 94 97 100 77 144 46 41 42 43 52 55 58 107 92 59 60 62 152 74 59 53 54 61 63 63 128 57 62 62 76 150 69 56 48 61 64 64 118 57 65 63 64 123 102 55 52 69 70 67 110 62 66 69 71 71 123 104 46 61 69 121 71 74 76 76 76 77 74 85 145 
147 154 150 175 126 117 113 97 89 107 117 116 116 116 116 130 151 107 90 155 84 95 85 60 57 110 115 112 113 124 144 91 90 138 70 41 42 42 45 52 54 56 60 141 83 63 107 117 63 57 49 58 59 59 59 86 109 72 61 136 89 62 48 58 60 62 63 83 97 63 64 85 134 67 48 65 69 68 68 114 70 67 67 72 97 128 58 60 68 71 109 84 73 74 72 74 76 77 137 71 
122 169 178 153 117 114 106 89 102 117 117 117 116 115 108 116 154 165 166 72 50 73 73 53 74 103 109 112 114 102 138 143 135 130 37 34 38 39 48 51 54 53 55 92 153 121 155 68 63 50 53 58 59 59 61 63 135 123 106 128 65 52 53 59 59 63 66 63 131 75 78 145 81 48 61 68 73 68 67 79 109 67 69 78 144 69 53 74 70 72 75 119 74 73 71 73 75 127 88 56 
153 147 111 164 109 101 95 92 116 118 118 119 117 118 114 119 166 107 132 42 45 57 41 50 76 103 86 116 114 111 135 157 157 52 32 36 36 42 49 47 52 51 54 109 125 166 77 62 55 49 58 58 58 58 61 63 130 156 152 66 56 49 59 59 58 63 64 63 86 158 155 125 59 48 67 70 74 68 67 64 134 83 79 136 97 48 68 71 71 72 68 119 81 73 73 74 105 114 53 75 
176 119 114 126 133 80 86 107 120 118 119 120 115 108 116 166 113 51 96 81 48 55 41 54 78 71 71 113 112 121 163 109 115 78 34 37 38 43 47 47 53 52 70 148 59 96 89 52 48 52 56 58 58 57 59 96 124 73 110 50 47 55 60 59 57 63 65 65 97 123 131 60 46 66 70 69 72 66 66 64 83 156 151 131 52 61 69 71 71 72 74 85 113 77 77 89 134 51 72 73 
127 119 118 94 157 87 76 115 119 119 120 120 118 114 145 156 87 77 45 133 50 42 40 58 54 55 65 107 111 155 122 104 82 124 35 35 42 45 46 48 48 51 138 80 56 54 130 50 47 55 57 58 58 56 64 143 70 61 114 53 53 60 59 59 59 62 62 74 150 66 84 70 50 67 74 71 72 72 66 67 90 130 152 55 50 66 71 70 72 71 71 72 128 89 92 139 62 66 71 75 
120 115 110 91 117 147 82 113 119 119 120 119 117 123 180 114 93 46 50 106 93 40 48 69 85 55 67 58 125 144 111 105 76 92 74 37 42 43 45 48 50 82 125 52 53 47 95 87 48 56 58 56 57 55 112 93 64 48 76 102 55 61 58 59 61 60 63 138 87 51 51 110 54 66 69 71 72 76 64 75 140 66 94 72 65 68 67 70 71 70 69 68 84 150 163 94 59 74 72 73 
118 112 94 92 116 160 108 97 118 118 118 118 118 167 138 114 75 40 36 81 137 61 62 55 51 44 78 98 154 106 108 104 68 41 126 41 39 43 44 48 53 145 61 49 48 46 56 132 48 54 57 56 56 73 134 58 55 47 58 119 56 59 57 59 61 61 107 114 59 42 59 109 59 66 68 70 72 70 68 135 86 45 66 110 63 67 65 68 70 70 72 74 117 100 119 74 74 72 75 75 
118 103 90 107 118 131 154 91 109 118 118 119 143 162 116 114 77 39 50 97 127 99 40 54 43 46 51 150 96 82 102 92 63 34 102 77 37 41 44 46 96 112 52 46 45 50 52 92 92 51 57 56 57 130 79 53 45 55 56 79 95 55 58 59 59 80 138 71 45 52 58 74 95 62 67 67 71 65 109 114 49 54 65 114 65 69 66 69 72 71 73 104 120 49 80 109 71 74 72 78 
112 93 99 116 115 119 151 123 97 112 119 122 174 124 108 112 70 38 55 98 117 146 44 43 63 54 84 130 59 79 97 82 65 34 44 129 37 40 46 50 149 57 48 38 41 49 51 56 127 52 56 55 76 124 60 50 50 60 55 57 115 57 59 59 64 138 78 53 49 58 63 64 113 56 68 65 66 84 140 61 46 62 68 85 101 67 67 69 70 72 82 141 54 65 74 122 68 77 73 73 
96 91 113 114 117 119 120 167 98 107 122 158 141 115 107 101 78 43 48 64 80 118 121 37 71 109 165 72 64 84 81 83 69 33 36 102 78 38 43 101 101 52 48 39 46 48 50 55 83 112 69 62 137 71 54 44 54 56 56 57 75 112 60 62 110 109 59 45 60 60 61 64 83 88 65 63 66 140 81 43 58 66 71 68 123 64 74 68 68 71 137 74 56 74 72 99 92 79 78 75 
87 104 120 114 110 112 114 138 159 127 131 160 114 114 109 91 70 50 48 48 62 76 149 105 106 129 136 76 98 92 73 65 67 32 30 44 148 99 73 146 53 49 42 42 49 47 51 50 55 140 135 130 122 60 48 44 52 53 55 55 57 127 130 97 140 67 45 52 63 64 61 67 67 126 60 78 109 114 53 53 62 63 65 65 91 99 69 70 68 105 107 47 68 74 76 76 117 74 79 71 
94 116 119 113 110 108 108 112 162 168 174 124 113 111 86 83 92 49 68 43 97 115 121 169 159 151 99 102 98 82 95 83 63 31 30 37 94 163 167 89 49 45 40 46 48 46 45 47 53 91 154 159 57 54 44 53 54 54 54 55 60 100 150 155 67 53 46 59 63 62 61 64 66 94 138 133 150 62 45 65 62 63 65 65 69 122 67 66 82 133 48 66 69 69 73 70 109 81 78 75 
108 115 118 115 115 114 109 121 168 128 154 106 104 100 62 74 112 76 94 57 107 114 141 135 124 100 56 62 57 81 104 67 61 30 29 41 128 97 141 56 43 40 42 49 52 48 45 45 59 144 60 96 87 43 46 52 55 53 54 55 66 138 67 123 50 43 56 60 61 63 62 63 61 66 140 158 78 46 57 66 62 64 67 68 67 98 114 105 133 77 54 72 69 69 73 70 77 118 76 75 
117 117 119 115 113 116 119 172 132 108 130 122 80 84 61 70 110 118 116 114 109 120 174 86 51 133 52 74 67 87 105 73 70 33 30 86 121 45 71 106 35 38 46 48 49 46 50 47 121 100 54 44 126 40 52 52 55 53 53 56 116 90 54 79 80 49 60 62 60 62 61 62 62 129 94 64 104 52 63 66 63 66 68 68 68 67 132 153 104 49 71 72 70 69 70 75 74 129 84 75 
119 117 119 116 118 120 151 158 119 117 100 149 77 77 109 116 117 116 115 116 117 162 131 111 93 117 103 69 87 111 98 76 63 31 44 147 48 41 39 119 44 40 49 49 47 49 48 75 136 48 45 40 105 66 48 54 54 53 51 72 135 58 43 53 121 48 61 61 61 64 63 65 108 117 58 47 125 53 62 65 64 67 67 67 66 96 125 79 90 62 67 73 74 70 72 77 76 92 126 107 
95 95 99 96 100 117 169 108 105 104 86 109 126 71 106 111 113 114 115 113 141 153 115 91 93 85 147 76 92 117 119 86 57 31 121 77 39 38 34 64 109 38 47 48 45 48 53 146 65 45 37 42 61 114 43 49 52 56 52 130 76 51 42 56 92 79 57 61 61 62 63 81 146 67 46 59 92 83 64 63 64 65 66 65 74 144 65 56 121 64 68 70 73 72 69 76 74 73 133 151 
88 86 88 86 93 169 103 89 86 75 66 79 151 73 72 81 80 79 71 91 163 84 72 73 63 61 110 110 63 78 78 64 43 71 127 33 31 32 34 40 121 58 43 46 47 47 103 116 52 40 31 42 45 121 49 47 52 53 89 116 58 41 50 54 61 121 53 61 61 61 66 147 80 46 55 62 65 116 59 67 66 65 67 68 140 77 48 69 116 73 70 72 71 71 73 74 75 95 126 60 
86 88 90 89 137 136 89 88 79 70 74 85 108 137 63 77 76 71 71 153 95 66 69 53 45 58 64 140 49 51 58 55 50 147 40 27 21 30 37 42 63 124 37 46 46 59 151 63 50 37 35 39 43 71 91 40 48 53 143 64 47 45 59 55 58 85 92 58 62 62 117 107 54 48 62 64 63 102 80 66 64 67 67 122 104 45 64 71 80 111 70 69 71 71 74 79 91 141 54 69 
79 86 86 105 162 90 87 83 69 70 80 83 83 139 91 68 73 66 109 137 73 74 68 50 55 63 61 86 120 43 45 47 112 93 23 25 18 25 39 41 44 109 82 48 48 122 86 52 42 40 39 38 39 42 124 41 42 98 102 56 41 53 58 59 58 61 121 59 61 81 138 62 41 58 62 63 62 67 116 60 66 68 93 127 52 58 68 71 69 122 68 71 73 74 70 80 142 61 68 72 
69 82 90 160 103 84 83 71 68 77 81 79 81 88 154 59 64 72 159 73 66 66 56 56 64 62 62 60 134 79 62 63 151 47 28 23 18 21 34 39 43 51 146 117 92 139 53 46 39 46 44 39 39 41 88 127 92 143 55 43 43 57 58 59 56 59 75 130 113 145 76 43 54 60 62 63 63 65 106 81 70 74 139 61 49 65 69 69 70 89 100 72 70 69 71 134 78 60 76 75 
111 104 126 139 87 83 74 65 73 79 80 78 77 79 118 141 129 131 114 69 62 55 51 61 64 64 64 64 78 154 132 140 77 42 30 21 21 23 26 38 42 44 103 163 174 66 49 40 42 48 47 44 38 42 43 137 172 80 48 35 48 54 56 56 57 59 61 120 152 94 53 45 60 59 61 63 64 64 70 140 125 138 88 44 61 71 70 67 70 72 122 72 69 67 109 102 57 74 73 76 
161 156 164 88 81 77 63 66 78 78 80 77 77 72 72 152 169 146 67 66 61 50 54 58 60 61 63 62 64 138 155 124 48 45 34 25 24 24 26 35 41 54 144 65 115 64 41 37 47 48 48 49 40 38 67 126 83 77 32 41 49 51 55 56 59 60 73 134 60 96 38 56 59 61 62 63 61 62 67 117 147 111 47 59 69 74 69 69 73 69 92 108 77 89 130 52 72 72 76 74 
