34 32 29 26 23 20 39 45 43 46 44 25 13 7 8 13 12 9 8 12 22 24 29 39 45 50 54 60 59 65 63 73 72 77 81 91 90 87 87 89 92 100 103 105 100 110 111 102 98 111 101 112 112 108 107 118 114 108 115 115 112 110 104 115 109 104 106 110 110 112 111 120 121 111 123 126 126 125 125 126 126 116 113 112 121 118 127 124 134 130 129 132 136 131 126 116 118 121 119 121 
34 32 29 26 22 19 38 44 45 43 43 31 12 7 15 14 11 9 7 19 24 26 31 40 44 52 54 59 65 69 65 72 73 78 82 91 93 87 83 90 102 103 101 105 99 108 105 95 111 117 102 107 112 112 109 118 105 100 115 117 113 115 118 119 115 106 115 113 120 119 114 120 113 112 119 129 127 132 126 124 116 109 111 116 126 121 128 132 137 129 123 130 133 130 136 127 115 125 123 121 
35 33 29 27 23 20 40 47 43 44 46 38 14 8 19 16 9 7 8 27 25 31 36 41 49 51 54 60 67 72 69 69 77 82 83 91 91 87 90 94 106 106 99 99 100 100 96 106 116 112 108 104 113 114 117 106 101 102 114 117 114 116 119 117 115 107 110 125 129 122 120 116 113 115 115 131 131 130 120 110 112 118 118 117 122 126 125 131 135 132 128 127 129 134 138 127 111 121 122 124 
35 33 30 27 23 21 26 45 42 41 44 39 15 10 17 14 7 9 12 30 29 36 36 38 53 48 53 62 69 72 74 70 78 81 87 85 87 87 94 98 102 102 107 103 96 95 105 108 109 105 110 102 113 113 107 110 103 104 114 118 115 118 113 117 114 108 119 123 125 121 115 113 116 117 107 126 127 119 114 114 116 118 123 121 128 132 129 127 130 133 130 129 131 132 123 132 121 129 129 126 
34 32 28 26 22 21 10 15 14 17 21 23 18 15 16 9 5 7 20 29 32 36 35 42 49 47 55 65 72 75 73 74 79 85 95 86 90 89 91 97 99 110 103 100 97 102 108 112 110 106 109 99 105 113 115 114 109 109 105 115 122 122 118 110 112 114 120 120 120 121 117 114 111 114 116 115 117 116 116 116 118 115 130 128 127 131 130 130 127 127 124 130 122 116 127 134 130 120 128 129 
35 32 29 24 20 18 7 14 16 17 16 15 14 14 20 8 4 7 27 29 35 38 38 44 49 53 63 64 70 70 73 73 79 88 97 86 90 91 95 102 96 108 105 98 108 107 105 108 104 108 114 106 107 118 118 111 111 110 105 116 124 117 112 121 119 118 121 120 122 123 112 113 112 118 116 115 117 123 116 116 116 124 127 129 129 132 132 128 128 131 121 117 120 127 135 132 132 120 125 126 
34 31 28 24 22 18 7 15 20 20 21 23 23 21 21 17 17 13 27 34 38 38 36 46 50 56 66 69 68 72 77 73 81 91 94 86 88 94 98 101 101 104 97 108 114 113 105 110 102 105 106 106 107 123 120 108 107 115 112 115 119 110 125 121 122 121 121 122 121 107 102 106 115 115 114 112 117 121 117 122 123 128 131 128 131 131 128 126 127 118 122 129 134 136 137 132 133 121 121 124 
34 33 31 25 22 17 8 14 14 17 17 16 17 20 27 25 19 14 17 30 39 37 35 53 56 62 67 69 70 76 75 78 80 88 93 94 89 94 100 103 99 94 103 111 113 112 106 106 104 102 107 112 105 118 119 109 108 109 114 106 118 125 124 127 126 124 131 141 138 130 87 93 112 118 133 118 111 126 123 118 124 128 133 134 134 134 128 124 122 128 124 127 132 141 137 135 136 129 117 124 
34 32 30 25 22 22 22 13 13 12 12 10 12 13 28 29 22 24 22 19 27 32 42 51 55 61 65 70 72 77 74 80 80 94 101 97 88 101 106 96 97 101 105 107 111 116 108 113 109 105 104 107 108 105 108 106 110 110 112 102 125 123 123 121 127 131 156 156 152 132 101 89 125 133 136 128 116 123 120 125 130 130 138 140 137 132 122 122 129 129 125 132 135 135 135 132 137 134 121 122 
35 32 30 25 21 25 34 46 42 40 25 18 18 18 10 19 28 29 30 27 22 20 30 47 53 61 64 62 67 73 75 80 91 96 98 98 89 102 101 92 110 106 107 111 113 117 115 106 106 105 109 119 108 103 114 111 112 112 108 106 116 127 123 120 134 149 150 148 140 128 91 93 128 135 133 135 118 122 121 130 127 132 136 140 133 124 123 123 127 127 132 138 136 134 134 135 134 138 127 119 
33 32 30 26 21 20 36 44 42 32 19 15 17 15 12 11 13 31 31 29 27 28 23 21 37 46 46 43 50 53 69 81 93 95 99 105 93 98 95 106 115 109 110 113 114 113 106 103 100 105 115 116 108 105 112 108 108 111 115 110 112 126 129 126 148 156 145 150 141 130 120 105 129 136 135 136 121 121 124 129 123 124 134 125 126 132 129 122 129 135 138 138 139 137 132 138 138 136 134 116 
32 32 28 24 20 22 34 38 35 22 16 11 14 14 13 13 13 29 31 31 24 24 43 23 19 35 44 42 32 22 57 83 96 101 102 106 99 98 109 108 112 111 110 112 111 106 110 108 107 106 113 116 104 104 114 109 108 112 120 125 115 124 130 135 159 154 146 145 130 125 111 116 129 130 129 128 124 120 133 133 127 126 122 124 125 124 125 121 131 135 136 136 136 137 131 137 137 136 139 121 
33 30 25 25 20 22 34 30 23 17 14 12 19 17 15 12 18 32 27 29 32 23 21 17 16 29 36 38 34 48 65 88 94 105 102 99 95 98 108 111 109 109 106 100 96 104 109 104 107 108 109 118 113 108 115 112 115 119 121 123 120 122 125 142 151 147 150 142 132 102 100 127 135 131 123 125 126 114 124 129 122 126 128 126 127 123 122 119 130 135 132 133 133 135 130 137 137 138 136 127 
23 21 21 21 23 26 33 24 15 12 11 8 20 19 17 17 19 29 28 31 32 34 29 28 34 34 37 27 25 29 71 91 96 102 97 96 104 96 102 106 108 106 58 35 55 83 94 107 100 103 110 120 112 109 113 118 115 127 130 127 121 119 127 148 145 146 139 135 127 93 115 129 133 130 121 126 130 118 123 121 126 134 130 131 124 119 122 123 123 132 130 132 135 133 131 138 141 134 126 135 
18 18 19 17 33 32 30 19 11 12 11 8 20 21 19 19 20 31 33 36 36 33 31 37 47 47 53 55 52 64 79 87 94 94 96 107 107 94 101 109 107 96 52 52 32 39 83 95 96 104 107 110 113 118 108 117 118 125 129 126 124 118 123 146 142 141 125 117 104 99 120 126 125 123 121 121 126 123 121 126 128 131 132 127 127 127 124 123 119 131 129 131 131 134 135 132 129 135 138 140 
11 12 30 54 75 37 34 32 36 28 21 17 19 22 20 20 22 35 36 36 36 37 32 38 51 50 54 58 66 73 89 90 91 95 103 105 101 101 103 109 123 98 87 62 68 80 62 87 92 110 107 112 112 118 112 121 122 125 131 127 126 119 123 138 139 134 131 108 92 103 126 127 122 119 118 118 122 130 115 131 135 129 129 129 127 127 129 129 124 129 131 133 134 130 126 133 137 135 138 136 
12 25 63 79 78 56 53 39 48 39 31 19 18 26 20 19 27 37 41 40 36 38 35 43 55 52 64 67 74 79 92 90 91 96 100 103 99 98 100 120 114 111 122 129 128 110 97 85 89 112 126 120 117 111 110 118 120 125 126 123 112 116 139 139 137 141 141 110 112 108 115 122 126 121 117 121 122 121 115 126 135 131 129 131 129 126 124 126 131 127 132 131 128 131 135 132 139 137 142 139 
21 18 40 79 78 66 60 41 49 43 37 39 22 26 21 22 29 39 46 40 43 40 39 43 55 60 65 71 79 85 91 90 100 97 99 101 100 105 103 128 123 134 135 145 140 123 115 101 88 120 126 117 117 109 107 106 105 101 101 111 111 139 146 140 140 146 109 110 125 120 117 120 124 123 122 123 119 128 122 123 138 137 135 134 128 123 120 122 131 124 126 127 137 138 142 142 147 144 146 146 
21 21 57 83 79 45 46 43 47 49 41 40 21 26 20 21 34 42 43 40 44 43 44 49 60 66 68 77 82 87 87 94 101 97 96 100 99 102 130 130 140 148 152 154 146 133 123 104 92 119 116 115 112 112 113 110 109 108 110 115 128 149 148 144 150 132 98 113 132 137 120 125 123 123 124 120 125 122 119 119 138 138 134 131 128 124 126 124 130 130 134 137 138 136 141 140 141 140 140 144 
19 36 83 84 79 53 46 46 44 51 44 42 21 30 21 21 36 43 49 45 47 48 48 55 64 69 68 82 82 91 92 95 100 104 101 101 93 117 145 135 143 151 154 157 154 141 131 104 103 116 110 116 122 119 102 98 107 115 112 129 148 143 138 143 140 107 106 122 134 129 116 122 126 122 123 123 123 124 120 115 129 129 126 126 125 125 129 126 127 131 130 143 143 141 144 141 143 142 142 146 
22 60 89 86 81 60 40 47 46 53 46 44 17 28 24 24 38 48 50 47 47 46 48 55 66 77 76 81 88 101 96 101 105 107 100 97 117 150 141 138 142 149 152 154 160 143 135 105 102 103 115 130 126 87 54 92 111 112 116 143 144 135 133 133 122 92 107 127 121 130 128 127 128 121 121 123 129 137 132 120 121 128 126 127 125 125 130 130 136 138 127 139 137 144 141 142 143 137 135 137 
45 81 84 81 77 68 31 50 49 55 47 41 19 29 22 24 41 50 53 46 46 48 52 58 71 79 81 89 95 102 98 104 115 113 111 140 160 156 138 138 141 146 151 154 159 151 135 97 101 113 117 107 109 62 55 101 108 117 132 146 141 128 127 134 93 103 112 119 130 136 129 119 125 122 120 120 129 132 140 128 116 131 132 126 123 122 126 132 133 132 124 138 138 135 140 141 142 139 138 135 
77 82 87 80 73 67 33 54 43 55 46 42 20 31 21 23 41 50 49 47 49 54 57 62 73 73 79 90 101 101 105 134 164 160 159 163 150 126 135 145 147 147 151 156 162 149 118 97 116 117 111 75 55 66 71 111 108 120 152 146 139 136 138 112 91 103 117 130 135 134 131 118 123 121 122 124 127 135 135 132 116 124 129 129 130 126 126 128 130 132 128 127 140 138 139 144 150 141 138 136 
83 81 80 83 86 82 47 53 47 57 49 44 22 33 21 23 47 54 49 47 49 58 60 66 70 78 88 89 96 106 144 157 154 141 147 140 75 63 109 158 157 153 156 156 158 140 101 116 112 103 130 49 44 49 94 119 110 143 152 146 143 146 138 88 97 120 120 128 134 135 136 127 121 120 123 125 127 130 136 128 115 122 135 131 129 128 128 131 136 137 135 127 140 146 147 144 142 139 141 137 
93 90 89 87 88 85 54 45 52 59 54 48 23 33 22 24 24 23 22 27 41 60 66 63 70 81 86 87 103 141 147 153 151 121 133 116 60 81 72 145 148 153 159 161 160 121 110 107 97 134 70 36 58 85 112 121 133 157 150 147 147 151 130 93 104 116 122 128 129 129 132 134 116 122 122 128 123 127 126 118 122 118 136 136 134 129 129 127 131 139 137 130 135 144 147 141 142 144 143 131 
93 92 89 88 90 86 65 39 58 58 56 48 28 30 23 24 33 32 31 36 38 62 67 69 74 79 81 89 131 140 137 152 153 136 141 131 115 110 94 150 142 143 161 164 158 107 98 100 136 83 36 68 99 109 112 125 162 158 154 151 152 149 107 97 107 119 127 127 126 127 130 135 118 117 114 121 117 121 130 129 126 118 126 130 135 130 118 131 134 136 138 136 133 147 143 142 144 136 129 131 
93 92 93 92 90 88 78 35 63 60 57 49 46 32 30 29 38 29 27 22 42 60 68 74 76 80 85 103 149 137 136 139 143 140 138 133 134 114 139 150 141 144 160 165 152 82 127 155 80 38 66 111 108 115 117 155 165 157 152 155 155 141 87 99 109 126 125 126 130 128 129 133 118 115 114 117 130 132 132 131 130 131 144 161 150 141 115 117 139 140 139 140 132 150 141 135 132 127 129 138 
95 95 95 92 91 88 82 35 62 62 58 52 51 54 54 54 50 42 33 56 80 69 74 81 75 73 97 131 144 131 131 130 133 133 137 146 155 151 146 153 150 150 159 165 161 87 101 66 41 80 123 102 118 116 137 170 165 159 159 158 153 126 82 101 109 126 122 123 126 126 131 132 124 114 124 127 128 128 128 132 153 152 156 148 160 155 110 113 139 139 139 141 133 138 129 131 135 133 135 145 
96 96 95 93 92 89 87 38 60 64 62 59 55 55 55 56 60 63 65 77 109 112 105 93 84 85 108 133 134 107 110 120 133 137 141 148 155 159 152 163 164 161 159 162 172 125 64 70 107 140 116 108 116 122 167 171 167 164 165 160 146 104 99 106 113 119 118 123 125 127 131 124 122 127 124 127 125 125 131 146 150 154 147 155 157 130 105 121 138 137 137 133 131 128 133 139 147 134 138 151 
73 74 75 78 83 72 63 37 53 56 64 60 57 60 64 59 65 66 67 81 97 98 101 98 87 81 95 107 92 82 89 98 125 134 137 141 146 151 154 171 174 175 168 166 172 164 154 149 149 146 129 114 124 154 175 177 172 163 164 157 129 96 101 106 118 116 125 122 125 122 125 128 128 121 123 127 128 128 145 146 151 150 153 145 133 123 94 122 132 127 128 129 137 138 137 138 141 136 138 147 
99 112 104 116 111 117 119 105 96 101 97 105 107 100 104 102 100 108 94 88 90 93 90 90 95 100 86 87 84 85 86 77 86 115 128 134 138 145 159 175 179 181 177 178 178 161 165 164 158 146 135 135 142 158 165 171 169 153 161 147 106 101 104 105 113 117 120 115 120 122 128 129 129 124 129 129 127 139 147 153 153 151 156 151 146 133 116 120 125 131 132 142 140 136 136 134 135 136 139 136 
111 118 111 111 111 114 126 122 118 113 109 113 107 99 103 108 101 103 100 94 91 92 89 97 98 96 75 69 73 81 86 86 83 105 119 126 120 128 147 169 179 180 183 183 179 167 163 162 157 149 144 151 155 143 146 154 156 146 149 128 97 98 103 105 108 109 109 116 128 133 132 132 132 124 128 130 133 148 147 150 157 151 149 141 140 125 111 127 139 141 142 142 138 135 136 135 136 131 133 134 
119 111 116 111 112 117 124 130 132 126 117 113 107 103 112 109 106 101 98 89 83 81 76 93 93 91 70 64 71 79 83 92 95 119 134 137 116 119 131 156 175 181 183 185 174 167 160 161 155 152 157 158 166 151 143 143 142 133 130 94 87 92 100 107 107 110 115 123 125 128 127 130 133 119 126 131 141 147 151 149 152 151 138 135 116 105 127 145 146 139 135 138 133 132 131 135 134 137 137 132 
118 120 119 117 114 112 115 122 133 130 128 120 109 104 107 108 106 109 109 105 102 100 103 111 103 94 69 72 79 89 95 114 125 124 121 106 84 99 128 147 158 175 182 182 169 161 159 156 156 152 157 163 162 148 142 154 152 127 95 79 91 91 98 103 106 113 109 122 127 128 130 131 130 121 119 132 142 150 151 150 145 140 134 112 110 136 140 141 142 139 137 135 136 133 132 137 138 136 133 131 
113 119 125 120 118 115 118 117 124 133 135 128 113 100 110 111 109 107 107 103 104 101 99 106 112 109 77 84 87 88 89 97 106 85 80 77 79 107 135 154 158 168 176 176 173 166 164 157 158 157 151 153 153 143 138 147 157 148 109 84 85 90 96 92 103 104 103 120 125 126 125 123 122 119 130 134 141 147 149 152 141 129 118 113 119 138 141 145 146 146 142 141 136 136 131 136 136 136 135 133 
112 113 122 128 123 123 116 121 118 127 138 134 122 112 110 107 104 97 103 105 101 103 101 98 101 119 110 86 87 100 104 100 79 64 70 66 81 108 130 149 156 161 169 172 166 162 166 165 158 153 150 146 145 135 140 151 160 167 162 134 87 90 96 94 99 104 103 110 119 126 129 125 123 131 142 146 150 152 150 147 131 109 114 124 122 138 146 142 144 145 144 141 134 138 137 137 134 139 141 139 
120 100 119 129 124 119 105 121 123 134 137 125 122 122 112 102 95 93 103 109 102 100 96 98 102 113 122 113 93 85 73 65 54 54 53 58 77 100 116 129 138 148 154 156 155 158 162 155 146 132 134 138 135 142 144 149 158 165 168 158 125 91 99 94 98 107 106 109 126 127 125 125 129 141 149 153 158 161 155 135 111 120 122 127 126 133 143 140 144 146 145 142 137 140 137 139 140 138 138 138 
116 114 109 129 128 121 99 108 118 129 119 103 128 126 113 107 102 92 101 107 101 97 94 95 101 114 121 120 104 84 89 85 82 76 66 69 86 100 108 112 116 130 139 141 139 135 138 133 119 126 142 142 142 147 152 155 157 165 168 158 136 86 92 94 100 102 110 107 120 121 121 125 140 151 153 152 155 156 147 118 111 118 122 128 128 128 139 146 144 148 147 143 147 139 138 140 139 140 134 130 
120 123 105 118 130 121 98 98 116 106 90 89 121 127 107 105 110 95 98 105 106 99 94 96 105 118 120 116 111 84 87 87 93 94 97 96 97 108 123 128 121 115 122 129 131 128 125 118 120 140 143 139 141 143 149 156 158 156 158 151 139 117 85 92 102 107 108 106 125 122 128 130 143 153 150 145 150 139 133 120 119 124 128 126 130 125 142 146 140 145 142 148 143 138 134 136 129 132 138 141 
129 128 119 114 122 114 100 85 108 103 84 90 115 122 99 98 112 102 96 106 101 96 96 101 109 118 117 117 119 118 80 84 88 93 97 100 102 109 117 123 125 125 117 118 121 119 110 107 113 126 136 143 152 153 148 150 156 153 148 142 134 139 91 100 101 105 108 111 125 132 134 144 148 149 153 145 132 106 110 120 122 125 126 130 132 128 136 145 143 146 144 145 143 134 134 143 135 150 148 143 
111 115 121 122 119 113 102 84 96 104 81 99 107 114 93 90 106 101 100 100 97 100 107 137 132 100 107 123 119 93 81 77 79 88 85 94 99 101 104 104 109 114 112 112 109 104 108 116 128 137 140 148 156 164 163 158 154 150 146 141 131 134 91 103 104 100 105 124 140 141 142 149 153 150 149 129 108 109 118 125 124 128 134 129 132 130 132 141 142 143 145 141 129 135 149 158 143 145 153 149 
93 95 106 116 113 105 102 92 88 85 78 98 105 104 89 86 100 97 103 103 104 109 103 90 83 141 138 77 92 93 80 84 79 80 71 78 82 84 88 92 95 100 104 110 114 120 124 132 137 141 144 156 158 159 157 153 151 148 147 146 139 126 96 90 96 92 129 143 145 149 149 148 151 152 128 106 102 112 129 133 130 131 136 136 129 128 130 145 145 135 131 136 148 145 151 157 152 135 147 152 
103 103 101 103 107 101 99 91 86 77 89 98 101 96 92 92 101 104 106 102 96 88 84 95 82 90 98 68 92 88 77 85 90 83 74 79 76 78 78 81 100 107 119 125 128 130 132 139 143 149 151 151 149 149 147 150 153 152 152 154 147 140 132 101 101 141 151 145 147 154 156 154 150 131 110 104 109 117 133 140 133 130 131 129 131 128 129 130 136 144 147 147 154 153 153 155 152 136 147 153 
95 98 96 98 100 102 102 99 92 91 96 105 97 95 95 95 101 102 97 83 78 84 84 88 87 110 98 84 89 88 78 85 94 98 95 101 97 98 100 97 102 119 125 130 132 136 137 135 140 142 142 135 137 142 147 153 156 155 156 157 151 151 157 159 156 154 147 149 153 159 162 154 130 121 107 110 112 115 134 137 134 136 131 130 132 136 129 131 145 146 148 147 154 155 149 150 153 142 143 151 
100 95 94 98 103 102 103 102 94 94 103 103 99 100 92 88 87 82 87 91 84 87 95 88 82 86 86 81 86 83 77 83 99 104 102 99 99 105 113 110 118 132 141 144 140 143 138 132 132 131 122 129 136 142 154 162 162 159 161 162 165 160 162 165 155 151 148 153 162 165 155 132 115 104 109 113 115 120 129 135 137 137 134 128 131 137 135 128 144 145 147 155 156 145 150 150 150 150 140 144 
91 94 93 98 104 106 105 104 100 94 101 103 99 92 86 85 87 88 94 99 97 90 85 84 84 89 91 85 83 84 77 68 87 92 94 98 104 114 112 115 120 131 137 143 145 143 136 124 116 112 117 128 140 154 166 169 167 164 166 165 166 162 160 156 149 149 152 155 158 153 131 109 104 108 112 113 116 122 124 134 134 137 139 128 133 140 141 128 143 147 150 152 149 144 145 151 145 148 136 142 
89 93 88 99 101 102 105 108 111 100 94 91 88 88 89 91 95 100 98 93 99 100 101 106 104 108 109 108 103 99 82 58 65 80 90 95 96 101 112 124 125 132 135 137 139 134 122 110 112 114 116 124 143 156 165 166 167 167 165 162 161 158 154 147 133 136 149 151 144 127 108 104 102 112 114 115 118 118 120 126 133 136 138 129 135 141 144 131 132 141 147 150 145 149 149 148 145 150 134 148 
140 140 141 139 138 138 139 136 122 94 84 82 85 88 94 101 101 100 93 97 102 98 97 97 93 87 83 79 79 77 80 65 61 73 77 84 87 92 108 124 124 120 120 119 120 111 109 105 103 100 103 108 126 141 148 149 150 148 148 144 144 143 141 136 133 133 141 136 122 105 102 102 112 112 113 114 121 126 124 131 134 137 141 133 130 145 144 140 130 143 142 144 153 153 149 144 141 145 140 139 
144 144 141 143 142 140 120 97 86 85 87 81 76 76 77 84 85 82 81 76 76 74 71 69 69 69 72 80 86 82 79 78 75 66 61 64 66 76 80 89 90 95 97 96 101 100 101 99 103 104 102 106 116 125 127 129 130 130 130 133 135 134 134 129 123 123 124 119 105 103 105 106 109 112 120 126 131 132 132 132 138 136 138 137 139 141 143 143 130 142 145 144 144 147 146 148 142 140 138 131 
117 117 116 114 108 92 86 85 76 70 62 65 71 75 68 71 72 71 71 67 70 67 69 72 70 68 75 86 90 87 85 77 77 80 76 71 68 66 69 75 82 87 91 97 102 107 108 112 115 111 104 106 108 112 115 114 111 110 111 117 119 124 126 122 114 110 108 99 92 102 106 109 121 118 120 127 132 129 134 128 142 137 137 134 136 146 145 141 130 140 146 142 144 143 143 143 143 136 136 129 
78 77 80 88 87 85 78 70 65 68 67 65 70 73 67 70 71 70 71 59 76 74 75 74 78 80 84 94 86 86 80 81 83 84 92 90 84 79 81 82 88 91 97 106 103 106 112 108 107 109 107 106 109 108 111 111 110 106 101 100 105 107 108 112 109 107 96 84 96 111 119 112 122 116 122 130 132 128 128 130 135 135 133 132 138 151 145 149 139 133 145 143 141 144 145 142 146 141 142 134 
85 89 97 92 89 92 89 85 71 75 74 73 83 83 71 78 78 86 86 84 88 76 78 78 78 76 77 91 83 85 79 87 80 83 103 104 102 100 95 97 93 94 91 100 100 100 104 103 108 113 117 115 116 117 121 120 119 114 112 113 111 109 107 107 107 108 103 103 114 121 119 109 116 118 118 127 134 131 132 126 139 135 130 127 140 148 148 147 142 132 142 141 136 142 142 143 143 143 144 143 
96 93 103 112 108 103 110 107 103 106 95 91 95 93 94 95 92 92 89 81 89 72 69 72 81 84 80 82 82 83 79 89 90 78 82 102 110 120 120 116 107 94 95 100 105 102 111 113 124 125 130 131 130 128 126 123 125 123 122 117 120 126 103 94 100 110 111 115 120 122 121 111 111 116 123 129 131 137 138 131 132 134 136 139 136 141 146 146 143 129 138 139 136 144 141 144 142 142 146 146 
77 95 91 93 109 95 97 98 99 99 96 94 91 88 93 100 98 91 89 81 82 71 69 79 84 85 83 83 79 81 71 81 83 72 83 89 99 115 123 125 126 115 118 113 115 115 123 130 135 135 136 132 129 127 127 128 130 128 123 124 133 131 101 101 102 118 122 120 120 124 126 115 109 111 118 123 128 133 139 136 129 141 140 140 138 136 140 136 130 130 133 133 135 139 141 142 140 141 149 151 
87 87 98 104 114 108 99 98 103 98 94 94 93 89 87 90 93 93 92 84 83 77 73 87 92 92 92 94 93 87 75 66 69 77 83 83 88 98 105 115 122 131 131 130 128 128 129 134 130 128 127 124 125 128 130 126 122 121 132 140 141 126 100 108 105 120 120 119 120 123 127 115 112 113 118 125 127 132 133 139 130 142 141 131 128 125 129 133 140 140 131 131 135 143 146 141 141 142 151 151 
87 89 91 104 107 113 107 97 97 102 96 93 93 90 91 94 94 95 89 83 85 79 74 94 99 97 96 97 96 90 78 80 72 74 78 82 88 93 91 96 105 107 113 115 118 121 118 121 117 115 121 123 128 129 127 123 124 132 146 148 139 111 101 110 108 119 120 125 124 125 127 117 113 86 100 118 123 127 126 133 132 133 126 122 128 138 139 139 138 140 128 130 134 137 144 142 142 142 142 146 
87 93 94 102 104 109 110 106 99 100 101 96 93 91 91 97 96 92 90 85 82 80 75 87 96 99 100 100 98 90 85 85 91 89 94 94 94 97 96 93 97 96 103 105 106 106 107 107 112 119 121 124 125 128 122 123 135 147 151 145 135 105 114 121 115 117 120 121 123 123 129 127 117 64 71 91 119 125 120 121 116 120 122 125 135 136 139 141 141 142 132 131 134 133 135 138 134 138 140 140 
89 93 99 104 106 106 107 111 107 101 98 100 101 97 96 95 92 96 97 88 83 80 76 82 93 95 96 97 97 90 84 87 92 96 102 100 102 104 103 101 105 104 105 107 108 114 112 113 119 127 126 129 128 125 125 135 149 152 151 146 129 97 111 122 118 109 118 119 122 128 132 95 84 69 72 73 103 109 118 125 124 129 125 130 135 134 139 141 139 143 138 125 132 134 132 136 133 140 138 134 
96 97 99 106 112 112 110 109 107 96 95 102 106 104 99 91 97 100 95 86 85 80 76 76 85 93 94 95 101 90 83 88 90 99 105 106 104 105 107 107 109 108 109 110 114 115 118 117 120 127 128 131 128 130 140 149 153 152 151 149 138 114 107 118 119 107 112 116 119 130 128 84 74 76 89 84 104 119 125 131 127 126 127 130 131 134 142 144 142 141 140 123 132 133 132 138 133 140 142 135 
110 102 103 109 112 110 112 112 108 96 93 97 95 95 96 99 103 98 92 82 85 84 79 79 85 94 97 98 99 90 81 88 92 101 105 102 101 104 109 111 111 110 113 114 113 118 118 120 123 123 122 123 126 127 132 143 146 144 148 147 143 142 118 113 118 108 109 114 127 129 114 72 63 78 80 86 108 115 119 123 122 124 131 131 129 136 139 139 139 140 142 133 128 130 130 132 133 131 134 135 
118 110 101 111 115 115 119 118 113 102 92 93 99 101 103 104 104 97 92 92 89 85 80 78 81 87 96 100 102 91 79 89 95 101 98 99 101 103 106 109 112 113 112 113 116 118 120 123 121 121 130 134 136 134 132 130 130 127 118 129 139 147 144 113 114 112 107 116 128 125 107 79 62 60 73 94 112 118 121 120 122 127 125 129 129 135 140 139 137 145 148 138 128 135 131 140 135 131 132 137 
121 116 110 111 113 114 113 104 103 104 92 91 98 102 104 102 100 98 96 96 89 87 82 78 78 89 102 103 99 96 84 93 94 96 99 102 104 103 109 108 111 113 113 118 121 121 122 118 125 140 148 152 150 149 149 146 141 135 117 118 131 142 153 140 102 108 108 121 127 119 104 80 77 84 96 109 118 117 117 121 123 123 122 124 130 129 134 141 143 146 145 140 129 134 129 136 137 133 134 138 
122 119 113 110 110 109 100 91 100 103 103 92 107 105 103 99 93 93 94 94 92 90 87 85 82 88 103 101 101 99 91 97 101 101 96 100 102 105 109 109 113 115 117 118 119 120 114 126 146 148 152 155 154 152 151 155 153 147 139 120 116 136 148 149 111 111 104 121 131 125 103 82 79 97 100 115 123 120 116 114 114 121 125 126 127 130 129 138 143 142 148 148 128 129 129 125 129 126 127 131 
95 90 92 101 103 101 92 95 103 98 99 96 99 94 93 89 90 90 90 90 91 90 88 86 85 85 98 96 98 99 94 96 100 101 97 97 101 102 105 107 111 113 116 116 112 117 124 145 152 151 150 152 153 153 152 155 157 156 150 140 126 120 136 144 131 100 102 125 139 132 111 87 87 109 110 112 133 139 137 134 101 107 122 126 131 136 132 136 143 146 143 137 124 127 126 125 129 129 138 139 
112 107 104 103 104 97 92 98 104 99 94 92 84 90 89 89 88 90 85 85 92 94 95 96 94 89 93 96 94 99 94 93 102 105 104 97 99 96 104 105 112 114 112 107 119 134 143 148 150 150 147 141 138 140 141 145 155 160 163 159 150 133 121 129 140 132 114 129 139 130 110 91 95 111 116 134 144 148 152 152 92 98 117 125 132 135 132 132 130 128 120 123 126 131 135 142 143 141 140 139 
130 130 127 128 125 110 125 125 126 124 124 117 67 92 87 83 85 80 85 88 92 95 93 91 90 88 93 97 92 96 93 93 106 106 102 102 104 104 110 112 110 99 100 128 142 145 144 144 141 136 129 128 119 118 117 120 133 144 158 164 165 157 140 121 125 133 128 131 133 116 93 87 100 111 130 147 147 128 102 101 80 92 119 123 125 120 121 122 122 126 127 128 132 128 135 143 143 144 143 136 
126 127 127 123 118 122 128 128 127 126 125 123 70 88 90 83 89 86 90 91 92 91 88 88 90 89 92 95 87 90 95 95 106 111 109 106 112 113 112 107 96 101 129 141 144 138 137 132 126 117 117 115 110 108 108 106 105 111 130 150 161 161 161 141 120 126 121 126 125 112 81 91 106 123 141 146 152 143 102 68 86 93 109 117 121 125 129 132 130 129 132 131 130 129 129 143 148 148 144 136 
127 127 126 123 119 128 127 126 126 124 124 123 68 86 89 84 88 81 87 86 92 94 90 86 88 86 88 88 87 94 101 92 99 104 109 112 111 114 106 95 89 126 139 139 138 138 135 123 115 116 116 114 111 109 105 102 94 91 92 104 125 148 161 164 149 123 123 131 124 110 92 101 106 124 139 139 139 131 91 83 95 108 121 124 121 129 133 127 124 126 130 129 129 132 125 140 147 145 141 133 
126 126 120 119 124 128 127 126 126 124 123 122 70 84 91 86 87 82 82 83 91 93 90 88 86 88 93 90 86 95 97 95 92 100 108 108 109 105 100 86 97 129 139 139 134 136 126 118 115 115 117 120 115 107 101 95 95 90 82 83 89 103 131 155 169 155 135 131 128 110 95 91 114 122 129 125 117 119 95 102 111 123 126 129 122 127 131 130 132 129 127 126 129 127 125 131 144 145 141 136 
125 120 123 128 126 127 126 126 126 124 122 120 74 83 90 88 87 83 84 84 85 85 86 84 85 88 92 89 85 93 93 96 92 96 102 105 101 100 98 88 100 127 138 139 132 124 116 112 113 119 120 121 118 112 106 98 95 89 85 80 71 75 94 117 149 163 156 139 120 111 90 108 116 119 107 95 93 96 91 113 116 125 128 126 125 127 126 129 134 133 131 130 128 128 125 125 139 143 139 140 
126 125 127 127 126 126 126 127 126 125 123 119 76 87 90 88 86 82 77 75 84 88 86 84 90 92 94 91 88 92 95 96 91 92 98 97 98 97 99 95 101 116 131 134 122 112 107 108 114 120 120 120 112 113 117 112 107 103 98 88 78 69 73 91 120 148 155 149 142 125 107 127 128 123 99 94 85 92 104 119 122 124 130 132 131 124 127 130 130 129 131 128 130 129 125 126 134 143 143 143 
125 129 127 127 127 127 127 127 127 126 123 119 77 93 92 90 88 87 83 79 84 90 87 83 86 93 87 88 86 94 96 97 91 88 92 95 100 102 100 96 100 111 123 122 119 110 106 110 116 119 116 111 110 116 120 119 120 122 121 118 107 91 77 73 102 125 148 156 157 146 126 130 134 119 99 95 88 103 111 119 123 123 125 133 128 121 132 137 132 133 135 136 125 128 128 123 132 137 142 140 
130 127 127 127 127 127 127 127 126 124 122 109 84 98 90 92 86 87 84 80 81 90 90 79 84 93 87 85 89 89 93 93 97 97 93 91 99 102 104 100 102 106 109 113 115 111 111 109 117 119 114 109 110 117 121 123 129 133 135 135 132 123 109 85 73 92 134 148 154 140 129 133 135 118 102 94 104 108 113 120 123 122 123 127 125 121 131 136 135 135 134 135 135 129 126 121 129 139 138 139 
128 129 127 127 127 127 126 125 125 124 123 83 108 103 90 92 89 89 80 77 81 89 88 82 84 87 85 86 90 94 100 99 98 98 95 90 89 96 100 103 108 105 107 110 112 111 111 110 116 115 115 110 114 119 123 129 132 137 142 143 143 140 134 118 94 78 101 132 136 131 125 127 121 107 96 95 107 115 114 116 118 120 122 121 123 121 130 140 137 129 133 138 135 132 126 122 127 139 139 140 
125 129 129 127 126 126 127 126 124 123 119 79 119 112 84 87 90 84 83 77 81 88 85 83 86 86 86 89 86 92 102 100 101 100 98 95 88 92 101 103 103 109 110 110 115 111 111 108 109 112 112 111 115 123 131 134 138 144 147 145 141 139 138 137 123 96 93 104 126 130 118 106 95 91 93 102 110 119 116 115 118 120 119 114 120 127 126 136 135 132 135 137 134 131 125 125 127 129 126 128 
125 129 127 127 126 126 126 124 120 120 86 111 120 111 76 84 91 84 86 73 78 84 87 84 92 90 87 89 89 95 96 100 97 98 102 97 95 92 95 104 103 109 105 104 110 110 102 100 102 105 106 109 112 121 130 137 141 142 147 143 141 142 141 137 126 111 100 111 105 98 100 93 96 89 106 110 117 115 114 113 116 121 117 114 115 121 120 129 131 131 132 134 137 131 135 131 125 137 147 147 
127 127 127 127 126 126 125 123 122 98 93 121 120 111 82 88 92 89 87 73 77 85 91 87 89 89 87 89 93 96 98 105 98 96 103 96 100 88 89 96 98 104 109 105 108 104 104 100 95 95 103 109 113 124 131 135 139 144 145 145 141 135 133 128 112 95 73 92 120 108 107 105 90 103 113 113 122 119 119 118 119 116 117 114 113 117 118 124 130 132 134 136 138 133 137 138 129 128 140 142 
124 129 126 126 127 127 125 124 93 97 124 122 119 119 96 90 90 90 90 79 82 85 91 91 90 88 88 90 97 96 96 100 95 90 90 87 86 83 84 86 93 99 105 108 106 103 99 103 91 89 100 108 116 125 133 136 138 141 144 144 141 138 131 115 101 103 109 100 106 115 110 94 93 103 108 114 122 120 115 116 115 111 114 117 120 121 124 118 125 130 133 136 135 132 141 138 136 128 139 138 
125 130 128 128 129 127 118 83 107 126 123 123 123 118 97 90 90 90 91 83 87 86 94 91 88 85 84 88 98 91 92 89 88 88 86 88 94 92 89 90 86 89 95 103 103 99 96 100 96 93 100 106 115 125 133 136 139 139 140 143 137 130 119 117 126 128 121 125 126 129 129 125 118 110 102 99 108 118 117 124 126 124 129 131 128 126 129 123 126 130 132 136 133 136 135 137 137 127 132 139 
126 131 127 129 113 89 95 123 125 125 123 124 123 120 104 88 91 90 91 87 88 86 92 91 88 83 84 81 84 82 88 86 94 97 89 92 97 93 86 93 83 84 81 84 88 92 94 98 97 94 99 112 121 126 131 135 136 137 135 127 121 119 123 123 113 108 110 115 121 122 120 123 123 118 113 103 102 123 119 123 128 120 125 126 133 125 128 126 126 131 132 135 139 140 134 140 139 128 126 140 
125 125 96 85 98 124 127 127 127 124 122 122 122 118 111 89 90 90 92 87 88 82 84 81 81 83 86 85 94 92 96 89 95 99 90 93 91 89 85 91 86 82 84 81 80 82 83 83 83 80 84 97 106 120 133 136 138 136 124 114 110 115 110 103 93 86 93 96 101 101 106 109 114 114 113 109 101 101 114 116 124 122 123 130 133 132 125 124 124 133 136 138 136 143 139 137 136 131 124 135 
80 83 113 126 129 127 128 128 127 123 121 120 110 115 115 85 83 84 87 82 73 75 76 89 89 86 92 86 90 94 96 88 91 93 91 92 89 87 83 88 87 84 84 81 83 80 80 83 77 73 68 64 65 80 97 105 109 104 101 99 89 83 82 77 78 73 76 85 90 90 90 97 100 107 112 110 111 105 98 105 120 124 123 125 133 133 128 130 122 132 136 137 132 135 138 140 136 133 125 134 
117 122 119 122 121 117 114 110 105 99 92 87 75 83 82 77 79 81 81 81 81 82 69 88 90 86 87 88 84 91 94 89 95 94 91 89 86 89 81 84 84 85 86 82 84 81 82 83 90 88 83 76 79 80 84 89 95 92 82 80 75 80 70 57 67 75 62 66 70 71 79 82 92 95 98 103 111 109 105 99 109 118 122 127 131 127 127 132 123 135 136 134 131 136 141 141 132 133 123 125 
68 78 88 89 89 88 82 79 78 79 80 81 81 82 83 85 86 85 85 86 86 84 66 87 88 86 87 87 83 90 91 91 94 97 95 91 87 85 88 84 83 79 80 79 83 80 82 85 86 92 93 90 83 82 88 86 85 81 74 72 69 75 79 86 90 101 93 92 82 69 63 65 78 83 88 92 101 108 110 107 101 109 118 121 123 125 131 130 121 131 134 128 132 140 139 141 133 139 130 123 
72 34 71 83 68 79 84 83 84 84 84 85 85 84 84 86 86 86 86 86 86 84 67 88 89 85 83 86 82 90 91 91 93 93 92 86 88 83 85 85 89 87 93 85 88 87 88 88 87 92 94 91 91 88 96 99 96 95 90 88 92 95 102 101 106 102 108 110 105 102 97 85 69 77 88 89 94 98 102 105 101 98 113 116 114 115 122 128 126 123 136 138 137 138 133 135 135 133 132 124 
82 42 61 87 72 77 83 84 83 84 83 82 78 79 85 85 85 86 86 86 86 84 71 81 87 88 84 82 84 84 85 81 84 85 86 85 85 81 84 82 92 92 92 87 85 86 91 90 88 94 95 97 94 87 95 97 95 95 95 92 96 101 104 106 109 101 114 109 112 116 112 107 95 89 70 75 83 84 95 99 102 97 96 109 106 108 110 114 119 117 125 123 130 135 133 131 132 129 128 118 
91 96 93 93 90 86 94 94 89 87 86 85 68 63 87 85 86 85 85 84 84 85 77 70 82 82 81 79 83 89 86 80 87 88 89 89 83 83 85 82 90 91 90 90 86 88 93 92 90 96 94 98 98 92 97 97 100 103 103 98 102 100 102 106 111 101 112 113 119 119 114 114 103 104 103 75 65 74 72 79 84 91 90 103 121 118 118 116 120 113 109 107 110 121 122 119 123 119 116 116 
89 92 93 91 94 100 102 103 103 99 95 94 92 96 93 93 88 85 80 78 83 85 79 64 83 84 78 76 81 88 89 84 84 90 89 87 83 86 93 90 87 89 89 89 85 88 89 97 91 97 94 100 98 93 94 99 101 104 101 97 104 101 101 103 104 109 113 112 115 115 115 113 108 101 107 112 91 66 70 67 72 80 85 91 114 111 109 116 115 112 112 111 112 113 125 128 127 127 128 128 
86 90 96 90 93 93 94 102 102 98 96 102 102 97 102 94 86 100 96 81 78 75 77 59 76 79 78 81 92 82 88 80 82 91 94 90 82 85 87 91 85 86 89 91 87 91 89 96 93 93 101 99 94 95 88 96 102 106 105 102 103 105 108 102 103 112 107 110 105 104 103 104 101 101 108 113 108 91 74 66 62 68 72 72 87 107 111 119 120 116 120 115 116 120 133 126 131 127 128 129 
104 94 85 85 84 94 95 95 99 97 91 101 102 102 92 84 87 108 105 90 92 75 82 65 66 82 77 80 88 83 81 80 85 90 96 92 80 80 89 91 81 85 90 89 86 89 92 90 92 94 99 94 96 95 85 96 98 96 98 103 94 93 96 93 95 97 92 95 99 106 107 108 115 107 112 115 118 116 88 82 68 67 72 73 76 104 112 119 123 120 119 117 118 126 129 128 129 126 130 130 
103 106 100 68 56 91 99 92 97 98 92 99 98 91 79 77 95 106 102 94 102 77 94 78 68 79 78 74 90 88 86 84 87 89 94 88 82 81 86 88 81 85 83 83 85 86 89 82 85 83 85 84 89 90 88 92 97 101 99 101 93 94 97 98 103 103 102 99 105 114 112 111 111 106 110 123 122 111 112 75 60 55 54 58 65 92 112 111 110 109 114 118 117 120 125 128 131 126 126 129 
101 99 103 98 48 43 93 91 89 95 93 95 92 80 73 81 96 102 95 98 100 88 98 86 72 71 80 74 85 84 82 84 84 87 87 85 82 83 81 82 79 84 86 87 86 77 82 83 89 86 83 92 95 92 86 94 104 100 102 101 96 89 95 94 101 102 100 101 104 108 111 112 112 110 107 119 121 119 109 106 58 44 43 46 52 89 109 108 108 114 115 116 116 114 120 130 132 132 130 129 
83 97 99 102 94 44 40 64 84 89 97 88 75 65 70 90 96 101 95 94 98 90 101 100 68 81 71 78 79 81 82 78 84 87 96 89 85 89 92 84 85 87 93 87 89 79 81 82 87 84 86 91 94 93 93 86 103 105 99 103 101 95 99 99 96 95 99 101 101 104 113 116 113 114 104 116 118 121 119 108 100 49 33 37 39 59 100 104 113 113 118 110 113 114 118 128 129 130 130 126 
97 83 99 100 98 94 45 26 41 72 90 68 59 64 79 85 95 99 85 96 96 95 104 87 72 94 71 80 86 83 81 80 78 78 92 89 84 85 86 82 86 82 94 87 88 84 86 87 82 83 85 88 99 98 95 88 95 104 103 97 102 95 103 99 94 95 99 100 102 105 113 117 114 112 102 116 116 117 119 108 111 104 57 19 26 38 86 104 108 111 114 113 110 118 118 125 126 127 125 129 
95 100 81 93 99 95 93 62 23 22 38 49 66 74 81 86 92 95 80 92 95 89 81 67 84 104 87 68 82 82 79 82 87 84 90 87 87 84 82 82 81 78 87 91 82 87 86 88 82 85 85 90 100 97 95 85 94 97 99 101 103 94 102 102 98 94 98 101 98 104 109 113 114 120 111 107 115 118 113 118 112 112 109 64 20 27 39 91 110 111 115 112 109 113 117 116 120 127 129 129 
93 93 94 80 85 95 95 91 85 51 24 28 58 70 81 86 85 84 74 88 85 67 65 85 98 93 89 75 83 78 78 89 86 87 83 91 89 84 83 79 78 78 87 86 88 87 88 91 89 84 84 88 93 96 100 93 97 104 99 103 101 99 106 110 107 96 100 101 98 101 101 106 111 117 112 111 120 119 114 113 114 116 115 105 57 33 46 80 102 116 110 111 112 116 118 115 118 124 127 126 
92 92 91 92 87 78 89 90 90 89 82 54 29 22 35 56 70 70 64 79 59 46 69 96 100 99 99 82 72 76 76 86 87 86 86 92 85 84 80 76 77 78 90 88 86 87 88 94 93 85 86 88 92 95 100 96 94 100 98 97 99 98 105 111 108 97 102 100 100 107 106 106 111 113 112 105 123 117 112 114 113 113 113 102 105 94 82 97 101 112 119 110 111 110 114 120 121 127 129 126 
91 91 90 92 90 86 55 68 87 86 88 84 80 62 35 18 18 31 43 49 42 59 83 97 88 91 95 93 60 72 74 81 84 87 84 88 85 84 75 76 76 77 87 89 85 85 81 96 86 85 91 93 94 97 100 99 89 99 94 96 96 95 98 108 98 93 103 104 104 108 104 107 112 108 109 99 116 118 115 110 109 112 111 103 112 111 106 100 101 109 116 115 109 106 108 109 117 120 126 121 
90 89 89 89 89 88 82 48 31 55 78 82 85 86 81 69 44 24 17 15 33 60 74 82 82 80 85 81 66 66 73 73 76 75 75 74 73 76 72 73 71 73 77 76 75 74 74 76 76 80 82 82 82 83 84 83 85 86 85 87 87 85 88 89 89 88 92 92 94 95 95 94 92 94 93 95 100 99 101 100 101 100 99 100 100 101 101 101 102 103 103 103 99 101 107 106 108 108 105 106 
92 93 89 87 87 87 88 89 59 22 25 50 75 87 79 82 90 81 66 34 16 44 63 75 71 32 24 56 63 62 80 77 82 80 81 77 85 83 77 82 78 77 77 87 84 81 85 84 87 95 93 86 92 89 86 86 85 96 93 97 96 101 97 98 97 106 108 109 103 101 106 106 99 99 101 99 102 115 113 112 117 108 111 113 110 110 109 110 115 117 119 118 108 103 116 118 124 119 112 110 
