148 148 148 149 150 151 151 154 153 153 153 153 155 156 154 155 154 153 153 154 155 154 152 151 151 152 154 154 152 150 151 152 151 151 153 151 151 152 153 152 151 151 151 150 152 154 146 139 152 147 147 151 151 150 151 154 153 153 154 157 157 156 157 156 156 155 154 156 156 160 158 154 152 153 151 157 154 155 150 151 153 154 152 147 150 151 149 145 148 147 150 147 145 150 148 145 146 147 146 147 
149 149 149 148 149 150 151 154 153 154 154 154 155 155 155 155 154 153 154 153 153 153 154 154 152 153 154 152 151 152 150 150 152 153 155 153 154 154 151 152 146 148 149 151 152 143 143 147 153 149 149 151 151 151 157 156 153 156 154 156 155 156 157 156 156 154 154 157 156 157 153 157 158 154 157 156 157 155 151 149 155 152 148 149 149 148 145 143 144 145 147 145 145 146 148 142 147 147 146 146 
150 150 151 151 151 152 152 153 153 155 155 156 155 153 154 154 152 154 155 154 153 151 152 152 151 151 152 152 154 151 154 154 151 152 155 153 153 156 151 153 155 152 153 143 142 148 150 154 151 150 152 153 153 153 152 154 152 153 153 156 153 154 155 155 155 156 156 154 153 155 156 156 155 156 158 158 157 154 152 147 153 152 147 148 147 146 146 140 144 144 142 142 140 143 142 138 146 146 141 143 
149 150 151 152 150 152 153 153 153 153 154 155 154 154 153 154 151 150 153 151 151 152 152 152 152 152 152 154 153 149 152 150 151 151 153 153 151 153 150 154 152 149 140 140 152 153 151 152 151 152 151 152 153 154 154 153 153 151 154 158 153 154 153 151 157 155 154 154 157 157 154 154 154 157 159 154 151 152 152 145 152 151 148 146 147 145 142 142 141 139 141 138 140 147 140 138 139 145 141 144 
149 150 151 152 150 152 153 153 153 154 155 156 153 154 155 154 155 152 154 152 152 152 152 152 153 154 154 152 153 150 152 152 157 153 152 154 151 152 153 154 146 145 149 152 153 150 153 150 150 154 151 152 153 155 156 154 152 154 156 156 152 155 150 151 155 156 155 154 145 155 158 155 157 158 154 155 155 152 147 144 150 145 146 146 144 143 143 142 140 133 133 134 135 144 132 136 136 140 142 138 
151 151 151 152 152 151 153 154 155 155 155 155 152 153 155 153 153 155 155 155 155 153 151 154 154 154 154 153 154 154 153 153 155 151 153 151 149 151 151 143 147 152 151 149 151 150 150 148 151 153 154 152 153 155 152 154 155 154 154 156 156 148 152 152 154 153 153 154 152 152 153 155 157 157 158 153 147 145 141 136 142 140 146 134 140 141 134 111 56 36 47 38 40 56 88 114 127 126 130 127 
150 151 153 152 153 154 153 154 155 155 155 155 152 154 154 154 154 153 155 155 155 154 152 155 156 154 153 153 154 154 153 153 155 152 153 151 149 150 142 152 153 155 151 146 150 153 153 152 153 153 153 153 154 154 150 151 158 155 155 155 155 155 153 155 158 154 153 158 152 151 154 155 154 156 156 158 153 147 139 135 141 143 143 135 111 61 38 23 16 14 18 20 26 27 22 50 98 111 111 115 
147 150 153 153 153 153 153 154 155 155 155 155 155 158 156 156 155 153 155 156 155 156 158 155 158 156 155 155 153 151 152 153 156 153 155 152 145 150 153 153 152 152 154 149 149 150 154 152 154 156 156 153 153 153 151 149 156 157 150 144 153 154 153 153 145 120 93 76 73 82 99 123 138 148 152 151 151 148 141 141 145 143 130 73 27 21 23 26 19 17 16 15 18 22 24 23 67 103 105 107 
149 150 150 151 153 154 153 154 154 154 154 155 158 156 160 159 157 155 156 157 155 154 156 157 157 156 156 154 151 153 152 155 153 151 146 144 150 154 151 153 151 151 154 149 152 151 154 154 154 153 151 155 153 154 154 152 155 155 154 152 151 152 132 82 29 13 10 11 13 13 11 18 44 75 94 99 101 93 85 80 81 74 27 19 16 16 20 21 22 35 9 19 24 21 20 22 53 101 109 109 
151 151 151 151 153 154 155 154 153 155 155 155 160 160 162 160 159 156 157 158 157 156 155 157 157 156 155 155 154 154 150 152 150 144 147 153 153 153 153 153 151 151 154 149 152 153 155 152 154 154 154 150 153 153 154 154 156 154 155 154 125 76 27 16 15 14 14 19 24 19 15 6 5 9 10 11 12 11 13 14 14 16 18 13 14 16 18 22 21 28 14 9 18 18 17 20 32 92 105 105 
150 152 152 153 154 156 152 152 155 155 155 155 160 161 162 158 158 156 156 157 157 155 155 156 154 153 155 154 156 152 152 147 143 151 156 153 154 153 153 154 154 154 153 148 150 153 153 150 152 151 155 150 155 153 150 156 155 155 152 124 42 24 16 14 12 16 23 29 42 23 11 22 17 13 13 14 11 11 15 15 15 18 11 11 11 14 17 24 24 19 18 20 18 14 11 14 15 74 104 104 
150 152 152 151 153 155 152 148 152 154 155 156 159 160 160 156 157 157 156 157 157 154 151 150 152 152 156 154 155 151 147 147 151 156 156 153 151 153 154 154 154 153 153 148 151 154 151 151 154 152 154 154 153 154 154 155 154 146 94 37 18 14 13 15 16 17 20 23 16 11 10 8 15 15 16 18 18 15 16 18 17 9 9 6 6 9 12 15 20 22 19 18 13 11 11 12 14 47 93 104 
152 152 153 150 149 142 141 142 149 152 155 157 158 159 161 159 158 156 156 157 157 154 152 153 151 153 156 154 149 146 152 153 153 154 153 150 150 152 154 152 152 151 153 150 150 151 152 153 154 155 153 153 154 154 154 155 150 86 20 15 14 15 19 18 19 18 18 13 9 7 8 7 9 13 14 19 18 18 18 12 8 8 8 7 6 9 12 9 14 15 11 7 8 9 11 12 16 35 90 103 
152 153 153 146 128 100 114 140 140 143 153 157 157 157 160 159 159 156 156 157 157 154 153 155 151 150 152 144 149 153 155 154 152 152 151 150 152 152 156 153 153 152 152 149 148 153 151 155 155 158 153 154 154 153 154 146 100 30 18 19 21 22 20 16 17 12 11 9 7 7 7 8 12 14 15 21 19 12 10 8 7 9 10 10 10 11 14 9 8 7 7 6 7 6 9 12 16 27 89 105 
152 153 153 140 100 48 78 131 128 130 150 158 158 157 160 157 157 154 156 157 156 153 151 154 152 144 143 150 156 151 152 156 152 151 150 149 151 152 156 152 151 153 151 149 152 153 153 153 155 155 155 155 155 154 152 116 39 19 24 27 26 22 17 13 13 10 8 8 9 11 14 16 19 18 18 23 16 7 7 7 8 10 11 12 15 15 16 11 7 6 6 6 7 6 8 13 15 37 92 105 
152 154 151 143 86 28 32 114 123 121 143 157 153 125 110 143 145 143 151 160 155 151 151 149 144 143 153 153 153 152 151 154 150 149 148 148 149 151 152 150 154 153 154 153 150 155 152 153 151 155 154 155 155 155 147 92 24 19 30 26 23 14 15 12 9 10 8 12 17 19 22 23 24 22 15 16 14 10 9 9 10 10 12 12 15 17 17 15 9 8 5 4 7 9 10 15 12 56 97 109 
150 154 153 144 72 17 11 70 115 119 133 133 78 42 33 83 111 120 134 150 152 151 143 139 148 155 152 151 149 152 152 148 149 149 148 147 146 149 149 146 152 152 151 150 149 154 154 156 156 153 150 152 155 156 153 66 17 23 26 23 19 18 15 11 6 6 7 10 14 15 18 20 19 14 12 10 9 8 9 10 10 11 14 15 19 23 22 21 14 9 6 7 8 10 13 15 13 78 99 109 
151 154 153 135 53 12 8 30 97 120 98 46 16 39 66 50 72 106 130 144 139 130 139 151 151 150 150 151 152 150 152 150 150 150 150 148 147 148 150 146 148 154 149 152 151 154 153 156 156 152 154 154 155 153 123 25 14 22 30 25 22 18 9 5 4 5 10 18 21 8 8 9 12 9 12 10 9 8 9 11 11 12 16 17 22 26 24 21 16 9 9 9 11 13 15 12 30 83 98 113 
153 153 152 124 42 10 7 14 82 109 47 25 24 52 67 58 61 100 122 130 128 132 136 145 148 149 149 152 152 153 151 148 150 150 151 148 145 145 148 148 147 153 148 154 150 155 155 156 154 153 156 155 160 121 30 18 11 24 27 30 22 9 5 3 3 5 8 28 33 10 6 12 13 15 15 16 14 11 11 12 12 14 17 19 21 20 17 15 17 15 16 15 14 15 14 12 59 90 106 119 
153 154 152 116 33 10 5 11 80 104 39 30 36 63 61 66 65 83 107 127 135 134 130 138 145 149 148 151 151 151 151 149 149 150 151 148 145 147 150 150 151 155 155 155 150 152 153 155 152 153 156 157 125 35 20 17 16 26 28 22 12 5 3 2 2 2 3 13 18 6 12 16 22 26 25 21 17 14 13 12 12 16 19 20 21 18 17 13 12 14 25 24 23 14 11 38 87 99 115 121 
153 152 150 101 22 11 7 9 70 107 43 27 19 31 62 72 72 66 101 126 132 129 128 134 144 150 148 147 148 150 150 148 150 149 149 147 145 145 149 150 149 151 154 154 152 150 156 156 155 153 154 139 52 20 16 16 20 26 20 11 8 4 3 3 3 3 3 3 3 5 8 9 19 26 22 19 21 22 23 15 10 14 23 20 21 17 20 16 17 22 22 21 11 11 20 79 99 109 117 125 
153 152 149 88 22 13 6 7 57 98 33 18 16 33 71 80 76 67 91 118 128 127 126 132 141 149 146 147 148 149 147 148 149 149 149 147 147 146 149 150 150 150 154 154 151 153 153 155 154 155 157 102 26 17 15 15 21 25 15 9 6 4 4 3 3 3 4 5 4 4 9 8 11 9 21 15 18 19 19 17 11 16 19 19 20 21 18 25 32 29 22 17 9 9 60 92 104 115 115 125 
153 153 151 87 19 8 7 8 52 106 41 16 16 31 70 81 74 64 86 112 123 125 125 130 136 145 144 145 145 147 148 148 148 149 148 147 145 147 147 149 151 149 152 152 150 153 152 155 154 147 132 58 20 15 12 15 19 22 10 7 4 4 3 3 3 3 5 7 6 5 10 10 13 15 23 14 15 18 14 12 14 17 20 15 22 26 28 30 31 30 25 16 10 13 71 95 106 118 121 125 
154 154 152 87 16 9 8 7 35 104 85 21 17 23 50 73 75 62 78 102 118 120 122 126 131 140 142 143 145 146 148 149 149 147 146 145 142 146 146 147 149 149 152 152 150 147 152 146 133 82 35 27 14 13 12 18 24 18 7 5 3 3 3 2 2 3 4 7 8 7 9 9 14 36 19 15 15 15 14 13 14 17 18 16 18 18 36 33 31 31 19 13 14 24 85 106 111 122 121 126 
152 152 150 84 14 10 7 6 21 96 117 51 18 23 37 56 70 62 77 92 107 115 116 121 126 132 136 137 142 142 146 146 145 146 145 144 141 147 148 146 146 147 150 150 148 148 142 90 43 20 20 21 16 13 15 20 24 10 4 2 2 2 2 2 2 3 4 7 8 11 17 21 38 21 19 19 16 19 17 17 19 19 14 13 14 19 45 43 32 25 14 10 17 60 97 107 116 121 121 127 
150 154 150 77 12 9 3 3 11 84 123 88 23 19 22 44 71 69 80 92 98 104 105 111 121 128 132 134 137 139 141 141 141 143 143 144 145 149 147 148 147 150 149 147 146 131 69 28 15 15 21 16 14 13 14 24 19 6 2 2 2 2 2 2 2 2 5 8 9 17 21 16 15 20 21 20 20 16 16 15 14 17 16 11 12 34 54 49 33 25 14 15 49 92 109 111 118 119 123 129 
149 153 152 79 11 8 4 5 8 75 124 111 30 14 14 35 71 76 75 66 59 56 59 68 77 73 74 88 108 122 128 129 130 137 140 145 145 146 144 146 148 149 152 147 124 65 25 14 12 16 19 13 13 12 14 21 20 6 1 2 2 2 2 2 2 2 5 10 16 22 22 15 15 19 17 15 17 16 15 12 10 13 12 11 20 45 63 52 39 26 21 60 94 103 115 118 116 123 131 130 
149 152 151 88 12 7 5 6 7 53 118 119 41 16 14 17 24 30 25 15 15 15 13 13 12 10 11 14 22 33 44 76 106 121 131 134 141 143 141 144 146 147 132 90 40 14 11 12 11 13 17 13 12 12 13 17 20 8 2 2 2 2 2 2 3 4 4 9 16 19 20 12 8 15 17 17 19 19 13 10 10 8 9 13 42 65 75 56 41 25 65 95 103 107 113 121 122 124 131 134 
150 151 150 96 16 9 6 7 7 27 108 124 55 14 11 10 11 14 15 16 16 16 15 12 10 11 13 13 11 9 11 11 51 104 121 126 132 137 140 139 129 94 43 25 13 10 13 13 12 13 16 14 13 13 14 15 20 10 2 1 2 2 2 2 4 4 3 6 10 14 18 8 10 20 21 21 20 18 13 10 6 7 8 21 59 87 77 53 34 57 95 102 107 106 113 124 125 127 134 137 
150 151 150 106 21 9 6 7 7 13 94 128 74 14 10 10 12 12 16 16 17 19 17 16 15 13 12 9 7 10 11 10 15 74 107 119 127 132 121 77 29 12 21 30 10 13 13 11 13 12 16 15 14 13 13 12 15 5 3 3 3 3 2 2 4 4 4 7 9 11 17 7 7 21 20 21 22 18 12 8 5 7 10 34 91 88 63 26 57 94 98 106 108 112 119 125 126 132 135 139 
148 150 150 127 27 9 7 6 4 6 75 126 86 14 11 12 12 13 13 16 18 17 17 15 13 12 11 10 10 10 8 10 10 29 88 112 118 98 43 13 11 14 31 18 14 16 18 18 17 12 15 20 17 15 16 18 12 11 12 10 4 3 6 5 2 1 4 6 6 12 21 9 8 15 24 25 28 19 11 7 5 7 18 73 82 49 26 54 95 92 102 109 106 115 121 129 128 133 133 137 
147 149 149 136 37 8 7 6 5 5 49 123 88 15 11 9 11 14 13 16 18 18 17 15 13 12 11 11 11 11 10 9 9 9 35 93 74 28 10 9 10 14 24 9 14 19 21 21 21 16 18 22 21 20 19 22 13 19 18 11 8 7 7 7 6 6 4 5 9 14 18 18 19 21 24 27 32 25 12 7 8 7 42 49 34 33 36 93 98 95 103 112 110 116 124 128 129 132 131 137 
149 150 151 143 47 9 7 6 5 5 26 113 83 14 11 9 9 13 13 15 17 18 17 15 13 11 10 10 10 10 10 9 8 6 11 34 19 9 9 7 10 17 15 10 19 23 24 22 22 21 23 24 26 26 24 16 14 19 19 12 11 9 7 7 7 6 7 7 8 11 13 18 19 18 17 24 46 48 20 6 7 16 34 40 48 37 83 98 102 102 100 115 113 115 125 132 132 131 137 136 
146 146 151 146 67 10 8 7 6 5 11 91 94 18 12 10 11 13 10 16 18 18 17 15 12 11 10 9 9 9 8 8 9 8 14 16 13 10 9 8 13 15 11 9 17 21 22 22 23 23 21 20 24 26 20 8 8 10 12 9 10 10 8 7 6 6 6 7 8 9 11 14 16 16 13 10 24 30 14 9 13 24 39 34 41 81 96 98 104 106 111 114 116 118 127 130 128 133 135 134 
144 146 152 148 85 11 9 8 7 6 5 57 116 76 40 40 60 63 19 13 16 17 17 15 10 9 9 9 9 8 7 7 7 15 18 10 11 11 8 10 18 19 8 8 13 20 18 19 17 15 15 14 18 23 21 7 5 5 7 6 8 10 8 7 6 6 6 7 8 8 8 7 8 10 14 16 17 9 9 13 24 36 29 29 88 94 99 102 107 104 115 117 121 120 123 132 131 133 132 136 
149 150 150 150 101 16 8 8 7 5 4 19 104 121 117 130 150 148 86 15 16 17 16 12 12 10 10 10 9 7 8 9 17 19 13 9 9 9 11 21 29 25 7 7 11 15 16 14 13 12 11 12 16 15 23 11 4 4 4 5 7 8 8 7 6 5 6 7 8 8 8 9 9 11 11 13 15 18 15 13 23 22 18 76 94 101 102 108 110 111 115 116 123 125 120 131 133 132 136 135 
148 145 146 149 132 33 10 9 7 6 7 5 64 121 119 122 146 151 128 26 17 17 14 13 13 12 11 10 9 8 8 15 19 14 10 8 9 11 17 25 28 29 6 6 9 11 11 8 9 9 9 8 11 8 15 11 4 4 4 4 4 5 5 5 5 6 7 8 8 9 11 11 12 13 14 13 11 12 17 18 16 15 19 36 88 103 104 109 112 114 121 119 123 126 127 129 134 134 138 137 
147 145 150 152 146 67 12 10 8 8 8 6 19 105 120 118 134 149 142 70 16 16 14 14 14 12 11 10 9 8 13 18 14 12 10 8 9 12 20 28 26 33 7 6 9 11 12 8 7 9 8 8 9 8 7 10 6 4 4 3 3 3 4 4 5 5 6 6 7 9 11 12 13 14 14 14 14 14 15 16 20 15 20 24 46 101 104 107 116 116 116 122 124 129 123 132 139 140 143 139 
147 145 148 151 150 111 16 13 11 9 9 9 7 56 116 120 122 140 148 98 18 17 16 15 14 12 10 9 8 10 17 14 12 11 10 9 12 18 28 29 20 34 11 6 6 14 20 8 8 5 7 7 7 7 6 9 8 4 2 3 3 3 4 4 4 5 6 6 6 7 9 11 13 14 14 16 18 18 18 19 20 14 18 26 33 93 107 109 118 114 122 125 124 131 133 130 136 138 140 142 
149 148 147 150 151 143 41 15 11 10 9 9 7 10 71 118 116 127 144 62 17 17 15 13 13 10 9 10 9 14 15 10 13 11 10 9 17 23 30 22 13 24 27 6 5 25 65 44 8 5 5 6 6 6 6 7 13 6 2 3 3 3 4 4 4 5 6 6 6 7 10 11 13 14 14 15 15 16 16 17 14 9 22 30 40 98 113 114 118 119 125 123 128 126 128 133 138 141 139 142 
149 148 149 150 150 149 87 15 12 13 10 6 7 4 17 84 117 118 116 31 14 13 12 11 9 7 9 9 15 16 13 11 13 13 11 11 20 27 26 19 9 13 42 15 6 59 60 62 56 43 12 6 6 5 4 3 14 10 6 5 3 3 5 6 6 5 5 6 6 7 9 13 14 14 12 12 12 12 10 10 13 21 31 52 91 110 113 117 118 116 118 124 123 132 136 144 142 142 144 141 
148 148 151 150 150 150 138 38 15 14 11 8 6 7 4 24 106 116 63 14 15 14 12 11 9 8 11 15 19 16 12 10 11 11 12 14 27 28 19 13 10 12 29 16 14 55 49 28 10 37 89 24 29 12 5 2 8 12 9 6 6 6 7 8 8 8 9 10 12 13 14 14 13 11 10 10 10 10 12 22 35 47 75 103 113 115 117 120 127 126 124 120 125 132 136 142 143 144 144 144 
147 148 152 151 150 149 150 102 17 14 11 10 9 6 6 6 58 85 24 14 13 13 12 11 10 13 15 19 18 13 11 10 11 11 12 16 25 24 18 16 10 9 11 30 47 49 50 31 6 39 63 46 42 47 35 15 10 9 10 10 10 10 11 10 11 12 11 12 16 16 15 14 13 11 10 9 7 12 16 39 82 100 101 107 114 117 118 123 130 126 127 123 129 134 136 142 143 149 141 149 
149 149 151 149 150 151 150 142 46 11 12 11 11 9 7 8 11 21 17 13 13 11 11 11 15 16 20 19 15 12 11 11 11 11 11 15 23 26 19 18 17 23 43 46 44 49 56 30 8 31 55 57 46 32 25 26 23 17 13 14 13 11 11 9 10 10 12 15 14 14 15 15 15 12 10 4 3 13 35 92 109 107 108 111 119 121 120 126 131 131 129 128 132 132 134 142 144 146 142 148 
150 152 150 150 150 150 149 149 104 17 12 14 13 12 11 13 19 18 17 14 12 12 14 15 20 25 21 16 13 10 10 11 11 10 11 14 20 23 31 35 47 49 42 40 40 36 54 94 17 33 33 24 24 23 24 25 28 27 23 14 10 10 10 7 6 8 9 12 13 14 16 14 11 6 4 5 8 38 78 102 109 110 110 113 122 121 123 126 133 135 132 132 131 134 135 141 143 147 145 148 
150 151 150 154 150 149 149 149 140 32 15 13 14 16 14 16 20 18 15 12 12 14 16 20 26 23 17 16 13 10 9 10 12 9 8 17 31 40 43 35 42 38 37 29 16 15 53 76 39 38 32 28 24 25 30 29 28 31 27 16 9 11 8 6 5 5 8 12 14 17 14 15 10 6 10 11 31 92 99 107 112 114 105 112 121 128 124 125 136 139 131 133 136 134 137 141 143 147 148 149 
150 153 153 154 151 150 151 148 147 76 15 15 16 15 16 20 18 16 17 16 18 18 18 24 23 17 15 13 12 12 9 11 10 12 30 35 33 42 40 36 46 40 22 6 4 8 14 42 53 37 30 27 25 24 27 24 27 24 24 20 10 8 8 9 10 10 12 17 20 22 24 32 34 33 32 21 33 94 97 105 112 116 122 116 121 131 133 129 136 141 133 133 138 142 136 144 142 148 149 149 
149 153 153 150 149 148 149 151 151 132 34 16 17 15 17 19 19 20 19 19 21 21 21 25 20 16 14 13 13 11 13 25 42 47 58 28 27 39 46 50 24 12 9 6 4 4 4 8 22 39 44 43 34 30 27 28 26 24 21 25 25 19 15 15 10 8 19 35 45 54 66 75 72 58 33 24 31 88 101 105 111 118 121 120 126 129 135 131 133 142 136 137 146 143 140 144 145 149 150 150 
148 151 151 148 150 148 150 150 150 149 93 21 16 16 19 19 21 22 21 19 22 24 25 25 20 15 11 11 20 40 47 52 48 50 43 39 56 71 51 16 10 13 10 6 4 4 3 5 8 9 17 43 67 72 67 71 72 76 72 55 48 40 26 10 7 6 44 84 82 81 80 78 61 37 31 24 36 80 103 104 112 117 119 120 127 130 133 135 136 134 137 139 141 137 141 144 148 151 152 152 
149 150 148 148 150 148 150 150 150 147 143 74 21 18 18 19 20 22 21 20 22 26 25 24 17 19 34 51 50 54 47 44 39 28 35 83 57 27 9 8 15 19 17 12 8 7 4 2 3 3 5 8 8 18 32 40 48 50 48 37 32 21 17 15 10 8 55 89 85 82 81 73 54 36 36 31 37 74 98 102 117 118 121 121 130 131 134 136 135 135 138 145 140 138 144 147 149 151 150 151 
148 148 148 148 151 150 149 150 150 150 150 138 55 22 19 17 20 21 21 22 27 23 29 35 46 53 55 46 42 40 33 25 12 8 8 10 8 8 7 9 11 18 20 19 11 5 4 3 1 2 2 2 2 2 3 3 3 4 5 6 8 12 16 22 17 10 63 90 81 77 75 64 47 33 34 38 49 59 102 107 115 122 122 118 128 131 134 136 142 139 139 139 142 144 146 148 151 150 152 149 
149 149 149 149 150 148 152 151 150 150 149 149 131 48 21 19 19 22 20 27 39 45 55 49 49 45 40 35 22 14 9 13 14 10 8 7 8 8 8 10 10 12 14 20 16 8 5 3 3 3 3 2 2 2 3 3 2 2 3 3 3 2 4 7 10 10 51 79 74 72 63 52 36 25 25 34 42 49 94 105 114 121 125 120 127 135 131 138 139 143 144 141 143 142 147 148 151 150 155 156 
150 150 150 144 147 149 152 150 150 146 151 149 152 137 60 20 22 36 48 54 52 50 45 41 36 27 17 12 13 10 9 13 15 11 8 8 7 9 8 9 9 10 10 17 22 14 9 5 4 5 3 3 3 3 3 3 2 3 3 3 3 3 3 4 7 12 27 49 72 69 55 39 34 29 23 27 35 38 73 108 118 119 121 122 130 136 132 138 141 143 145 140 144 142 143 149 152 148 153 154 
150 150 150 146 146 149 152 151 151 148 148 148 151 140 90 49 49 51 48 44 43 42 32 26 17 11 13 13 13 9 10 13 14 13 10 9 13 7 9 9 9 9 9 15 22 19 18 13 6 5 5 5 4 3 3 3 3 3 3 3 3 3 3 4 7 11 20 46 78 75 66 51 22 14 12 15 28 35 51 103 112 122 127 126 133 138 142 144 142 143 143 144 146 145 145 153 147 139 138 140 
150 150 150 149 147 149 150 152 149 149 146 118 80 56 56 50 49 47 40 29 22 23 21 21 16 13 13 15 14 10 11 12 13 14 12 10 11 8 8 9 9 9 10 12 13 14 19 20 17 15 10 8 7 5 4 4 3 3 3 3 3 3 3 4 7 9 19 72 90 87 76 59 37 22 22 28 36 60 41 91 112 121 129 128 135 138 145 144 141 140 138 145 144 141 132 139 142 149 152 146 
150 150 150 148 148 145 149 146 117 88 57 51 47 47 51 60 47 20 17 16 16 21 19 20 17 14 13 13 18 15 10 9 12 14 14 11 10 9 9 9 8 8 10 10 10 10 12 15 22 22 21 14 11 8 5 6 4 4 3 2 2 2 2 3 5 4 18 82 91 85 79 74 70 67 63 67 73 73 56 73 108 120 130 131 138 143 146 144 145 144 135 130 134 140 146 153 154 154 155 152 
150 150 150 147 140 116 83 62 55 48 49 51 66 98 134 151 94 21 17 17 16 20 19 18 18 14 13 13 19 16 10 9 12 13 13 13 12 11 10 10 9 9 9 9 9 9 10 10 16 22 25 22 18 18 11 8 6 5 4 3 2 2 2 2 3 5 6 69 90 84 81 82 69 63 64 69 68 72 66 48 102 118 126 132 133 148 137 132 131 136 145 146 148 145 146 146 149 150 158 156 
149 138 112 85 59 56 55 54 48 62 98 131 149 151 150 149 125 34 18 16 15 18 20 17 17 15 14 13 15 14 12 10 12 11 11 13 12 12 11 10 9 9 8 8 9 10 11 10 11 15 18 19 19 22 18 12 8 7 6 4 2 2 2 2 3 5 4 50 86 77 74 73 59 52 52 60 65 60 36 29 87 113 129 130 115 126 135 142 148 149 148 140 146 151 147 149 151 149 156 158 
83 65 56 51 51 49 61 100 133 148 150 147 150 145 140 134 114 34 18 15 15 17 20 18 17 15 14 13 13 13 13 11 11 10 10 11 11 11 11 10 10 10 10 10 10 9 10 10 10 11 11 10 10 13 17 19 17 12 8 6 3 2 2 4 4 5 4 37 57 52 47 68 64 53 43 36 55 54 17 17 58 103 115 127 127 143 143 142 149 149 149 147 150 149 146 148 150 154 154 155 
59 53 47 64 99 127 148 149 147 147 146 141 139 132 125 121 86 17 18 15 15 17 20 18 17 15 14 13 13 13 13 13 9 11 11 9 9 9 9 9 9 9 9 9 9 9 8 8 10 11 11 8 8 10 10 15 20 14 7 6 4 3 3 4 7 8 6 31 37 28 17 50 70 61 45 23 33 51 24 14 54 106 120 132 126 142 141 143 149 141 149 152 149 148 149 151 148 155 150 151 
67 101 141 148 149 148 144 145 142 137 134 128 126 122 124 127 67 14 19 16 13 16 20 18 16 16 13 13 12 11 12 13 10 10 11 14 10 10 10 11 8 9 9 9 9 9 8 7 8 10 11 10 9 7 9 13 19 17 9 7 7 4 6 9 15 13 4 30 51 36 9 32 63 53 32 23 16 30 25 9 55 103 117 129 129 143 134 143 147 143 150 149 148 142 146 153 150 152 161 158 
146 148 150 149 146 143 141 139 133 129 125 124 127 132 135 124 34 12 17 20 15 12 18 18 16 15 15 14 13 12 12 11 11 10 11 17 18 12 9 12 10 10 11 11 11 10 8 8 9 9 11 11 10 8 9 13 19 17 11 11 10 9 15 18 19 13 11 43 52 42 12 25 43 37 26 19 10 21 29 16 55 105 116 130 125 136 139 141 146 151 151 151 152 152 154 153 154 158 161 156 
147 145 144 144 142 132 127 127 125 126 129 133 140 143 143 88 15 12 13 20 16 14 19 17 17 14 15 14 13 13 12 11 12 13 12 14 19 16 12 13 11 12 14 13 12 12 10 9 10 9 10 12 12 8 11 16 20 15 13 14 14 17 24 24 16 16 8 36 55 36 23 31 56 35 17 15 15 15 21 21 63 107 113 130 124 140 147 145 150 153 151 152 151 151 154 159 155 155 153 154 
141 134 132 128 126 123 124 128 132 137 141 145 146 145 139 46 20 13 12 19 15 13 18 17 17 15 14 14 13 12 12 12 12 13 12 12 15 18 17 15 12 13 14 14 14 13 12 10 10 9 9 12 13 11 15 17 17 18 17 20 24 30 27 33 25 12 4 10 24 21 28 41 70 30 13 21 33 11 22 33 96 109 112 131 133 144 149 144 150 154 152 152 154 154 158 149 153 155 156 156 
132 125 121 119 121 128 133 138 142 145 148 150 149 148 115 26 19 16 12 19 15 13 13 17 17 16 13 14 13 12 12 12 12 11 9 11 12 15 16 19 14 14 13 10 11 11 11 11 10 9 8 11 14 12 14 18 19 19 20 19 23 23 23 28 15 5 4 9 11 51 52 55 72 58 21 19 39 18 43 49 100 106 114 129 135 142 146 149 150 150 153 153 151 152 152 155 157 155 158 157 
122 118 122 127 132 140 143 147 148 147 147 147 149 141 59 19 25 24 15 22 16 13 10 16 17 14 13 13 13 13 12 12 11 11 11 10 9 11 13 16 13 12 11 8 10 10 9 11 12 11 9 9 12 12 13 14 16 17 16 13 10 12 11 10 4 6 5 9 19 79 69 60 72 79 45 25 46 31 56 64 104 111 119 130 140 135 145 146 151 151 151 153 156 154 155 157 158 158 157 154 
127 131 136 139 141 146 149 148 148 147 147 147 143 81 24 21 35 61 31 20 18 12 10 12 16 16 14 13 13 12 10 10 10 11 11 10 8 9 9 13 12 9 9 9 8 8 6 7 10 12 12 12 12 11 11 14 16 17 12 7 6 4 2 3 2 6 7 8 32 83 86 68 42 35 29 54 51 37 59 100 106 117 122 136 139 139 143 148 148 153 152 153 155 153 154 151 157 157 156 154 
138 141 144 144 145 147 148 148 150 147 147 142 87 23 21 30 57 79 75 23 21 14 12 12 14 18 15 13 12 12 9 9 9 11 11 10 8 8 8 9 8 8 8 8 7 6 6 5 5 8 13 13 13 11 12 15 18 10 6 3 3 2 2 2 2 4 8 11 47 86 85 88 84 86 87 91 84 97 101 110 109 116 124 129 137 138 147 146 146 150 150 153 152 152 159 156 155 157 155 156 
141 143 145 143 145 146 146 147 148 148 146 107 24 17 20 45 79 84 69 25 21 15 12 11 9 16 18 14 11 11 9 9 9 9 9 9 8 8 8 8 8 7 7 7 7 6 6 5 5 5 11 13 13 12 14 18 13 8 6 3 2 2 2 3 3 3 7 9 19 34 39 48 54 67 77 77 84 96 102 103 117 115 125 137 138 137 147 148 149 152 151 150 151 155 153 152 154 156 157 156 
143 143 142 143 144 145 146 147 148 148 146 73 20 16 33 77 92 82 70 32 21 17 12 10 9 8 19 17 12 11 9 9 9 8 8 8 8 8 8 8 8 8 9 9 8 8 8 6 8 8 11 13 13 14 18 16 13 14 5 2 2 2 3 4 2 2 3 5 4 4 3 6 6 12 35 56 49 48 89 102 108 114 125 132 137 137 145 141 151 148 151 152 152 156 154 152 155 154 155 157 
142 143 144 143 144 143 147 148 147 148 137 52 22 15 34 86 90 85 73 48 22 24 15 9 10 9 10 18 16 12 11 9 9 8 8 9 9 9 9 9 9 9 9 9 12 12 12 13 14 16 16 13 12 14 15 12 13 16 8 4 5 5 4 3 2 2 2 2 3 4 4 2 4 6 9 26 56 61 47 96 104 113 118 127 136 131 145 148 150 147 149 154 155 155 155 152 157 156 157 154 
142 140 143 144 142 144 149 150 145 146 127 38 30 33 51 73 80 76 67 81 33 24 17 11 10 9 8 10 19 16 14 10 10 9 9 9 9 9 9 9 9 9 10 12 12 12 12 11 12 11 13 14 12 11 11 10 13 18 15 13 12 10 8 5 4 4 3 3 4 4 4 3 4 5 7 10 34 61 67 67 91 111 118 126 133 128 144 146 146 150 149 154 156 156 156 158 158 156 157 157 
141 138 143 143 142 145 147 147 147 147 136 51 25 42 76 63 68 65 80 111 72 24 18 14 11 10 8 7 9 17 17 14 13 11 10 10 10 10 9 9 10 11 12 13 11 11 10 9 10 12 17 19 12 11 11 13 11 15 16 18 18 16 11 8 6 5 4 5 7 8 9 7 6 6 8 13 16 35 58 80 66 101 113 125 133 129 140 141 147 152 148 153 157 156 157 156 156 156 155 152 
143 140 142 144 143 144 148 147 147 146 146 106 34 27 63 58 49 77 103 119 119 54 20 16 14 11 8 8 8 8 15 20 17 15 13 13 12 12 12 13 12 12 12 12 11 12 15 14 16 24 40 68 27 10 11 14 11 13 12 16 18 20 17 15 11 8 8 11 13 17 17 14 12 10 11 14 19 27 52 70 67 96 109 123 134 129 142 146 143 148 148 149 156 155 155 156 157 157 157 157 
146 144 142 143 141 146 148 147 147 146 146 145 122 72 46 55 102 115 118 128 131 125 59 20 16 11 8 9 8 7 6 10 21 21 17 15 12 12 12 12 12 13 13 14 16 17 29 46 60 84 96 107 91 30 13 13 11 13 12 15 12 14 16 20 19 17 20 21 22 21 23 24 20 14 14 18 25 29 47 68 75 82 113 121 133 131 140 147 142 148 150 150 157 158 154 155 155 155 155 155 
144 143 142 140 142 144 143 144 145 145 146 144 145 141 109 120 141 127 129 136 139 137 130 72 22 16 12 8 8 7 5 7 6 22 33 36 24 19 17 16 15 20 26 31 44 77 104 118 122 120 118 119 121 108 48 14 13 11 14 14 13 12 12 13 16 19 19 17 21 28 35 39 37 33 25 21 23 35 40 59 72 75 115 120 137 136 137 145 151 151 148 151 155 155 158 156 155 154 155 153 
141 142 142 142 141 144 142 143 144 144 144 142 145 143 144 144 144 136 135 135 138 140 140 142 111 47 22 13 8 8 7 8 22 37 55 112 106 108 110 109 107 110 113 121 130 134 134 132 131 127 126 127 130 131 127 81 22 10 13 14 15 13 13 13 13 13 12 15 18 21 37 54 54 49 36 30 21 36 42 57 71 74 114 123 138 136 133 143 150 152 150 150 154 154 157 157 155 153 153 152 
141 141 141 143 140 143 142 142 144 143 145 147 144 143 140 138 133 135 137 143 146 147 146 146 147 142 119 77 31 15 18 49 97 60 64 117 126 131 138 141 138 141 143 142 139 141 139 136 135 131 133 133 136 133 135 135 116 72 18 17 18 18 16 16 18 18 17 15 18 16 25 58 73 73 48 34 33 35 37 54 69 75 112 125 136 136 135 143 147 150 152 152 153 156 156 153 155 155 151 152 
141 141 138 138 142 139 141 141 143 144 145 142 138 137 136 140 139 142 143 144 145 145 143 145 145 146 143 142 133 121 122 129 127 74 71 69 73 78 88 96 96 100 108 141 143 142 139 139 138 132 135 131 137 133 137 136 141 137 95 26 18 20 21 19 29 43 35 31 44 40 25 58 85 85 69 53 37 34 35 46 65 83 118 126 136 141 132 142 147 147 150 153 154 155 156 156 154 153 150 152 
139 140 137 139 140 139 140 140 137 134 137 140 142 142 141 144 142 143 145 143 142 145 143 145 146 145 143 145 145 142 143 141 134 79 74 68 70 69 71 70 69 71 77 137 143 144 145 147 142 134 136 141 135 138 140 139 145 140 136 119 81 58 49 68 109 131 128 121 112 100 76 63 81 87 78 48 39 34 33 44 57 100 120 124 134 138 128 142 145 146 153 156 154 154 155 151 150 151 146 151 
140 141 139 137 136 137 135 133 139 141 142 143 142 139 141 144 143 142 144 143 139 143 143 147 147 144 142 144 147 144 146 138 140 85 76 69 74 69 71 67 70 71 69 103 144 145 147 146 142 133 141 145 142 142 141 144 143 139 142 143 143 141 138 139 144 146 139 137 141 140 128 81 92 95 84 60 36 31 43 48 68 103 115 127 136 141 133 141 146 144 149 155 155 154 154 152 153 145 153 154 
139 136 134 132 133 137 141 143 143 143 143 143 143 140 142 144 144 144 143 142 143 145 144 147 148 147 146 146 148 148 147 143 143 92 84 74 79 74 71 69 65 66 70 75 126 144 146 145 142 134 144 149 144 144 145 145 143 141 139 141 145 142 145 146 144 149 144 143 145 146 108 94 99 97 83 63 37 30 41 36 76 102 114 128 137 140 136 145 148 151 153 155 155 158 158 154 155 154 157 155 
134 135 138 137 136 139 142 142 143 140 141 143 143 139 141 143 144 144 142 140 144 146 143 146 144 144 145 146 146 148 148 145 147 126 98 112 127 128 109 95 79 72 67 69 82 138 145 144 144 140 146 149 145 144 144 141 145 142 144 146 143 147 145 144 148 150 143 145 147 144 103 97 96 91 82 64 41 39 44 33 85 107 116 122 133 141 137 143 147 149 148 156 154 154 159 157 153 154 153 154 
140 139 139 137 137 140 141 143 143 143 141 142 142 140 142 144 144 144 142 142 143 144 142 145 144 144 145 149 147 147 149 145 147 148 143 133 148 152 146 144 143 138 103 70 64 109 146 144 146 140 141 146 146 142 144 142 146 148 147 146 149 145 148 147 147 146 146 147 149 128 85 98 93 85 75 67 51 40 31 33 94 108 114 125 132 143 136 144 149 149 148 151 154 150 154 156 152 153 155 154 
139 138 137 134 136 141 141 143 143 143 138 139 139 140 141 142 142 142 142 143 142 143 142 143 144 146 149 148 147 144 146 145 148 149 146 138 148 145 148 146 147 149 144 88 66 74 137 144 144 139 146 145 135 137 141 146 147 148 148 147 145 144 146 149 147 150 145 147 152 115 87 98 94 88 70 51 30 29 22 38 103 109 118 132 136 142 135 146 154 151 154 151 154 153 153 154 155 152 153 153 
137 139 137 136 138 140 140 142 144 144 141 140 140 141 142 142 147 142 142 146 142 142 146 146 146 146 146 146 143 146 150 148 146 146 147 140 146 148 147 145 145 145 150 137 71 67 97 147 142 142 144 146 142 142 145 146 146 146 149 149 142 148 148 148 148 148 149 150 154 99 95 96 85 81 62 41 29 23 27 55 105 113 123 132 135 140 141 143 152 151 151 153 155 155 155 154 154 153 151 151 
137 139 137 138 139 139 139 141 143 142 138 141 138 142 143 139 143 143 144 144 143 142 142 146 148 148 148 147 146 146 147 146 145 148 151 146 144 148 148 146 141 148 148 149 102 61 67 127 146 143 147 146 147 147 150 143 147 147 148 150 149 150 151 153 148 147 149 151 150 75 94 86 82 67 47 30 30 32 47 70 104 111 126 131 134 136 141 134 147 152 156 153 153 154 155 153 154 154 152 156 
139 141 140 139 139 139 138 140 140 140 140 139 139 143 143 141 141 142 144 144 145 143 140 144 146 147 147 144 151 146 148 148 148 151 150 149 147 147 148 148 149 147 145 146 130 65 65 83 144 147 148 149 147 147 149 149 145 146 145 149 152 149 150 152 151 145 148 151 143 56 76 68 65 70 42 29 48 65 60 83 106 111 125 133 140 141 140 137 151 151 150 151 153 156 153 151 151 152 154 155 
136 141 137 137 139 139 139 138 139 137 139 140 139 139 138 141 138 138 142 144 144 142 142 145 147 147 147 147 147 147 147 148 148 150 148 148 148 146 149 152 148 150 151 149 147 96 64 65 115 147 147 148 147 147 150 149 149 149 146 142 149 148 151 149 148 147 151 152 152 110 70 75 60 62 44 35 58 68 55 92 108 113 127 135 141 141 145 139 151 152 154 153 150 151 152 155 156 156 155 155 
139 141 137 137 139 139 141 141 140 136 138 139 140 139 141 141 140 140 141 143 143 142 143 141 149 148 147 145 151 147 145 147 148 148 147 148 150 149 151 146 146 149 147 149 147 136 71 66 75 137 148 149 148 150 154 148 149 148 148 145 146 151 148 142 144 150 152 151 154 142 88 60 34 40 41 33 62 70 52 95 113 120 128 134 137 146 147 140 154 153 153 153 151 150 152 149 155 151 150 152 
138 139 138 137 140 142 141 143 141 139 139 139 137 139 140 140 144 139 140 141 142 142 143 142 144 145 147 150 150 147 146 145 147 148 148 147 145 145 144 147 150 149 148 149 149 147 102 68 65 89 144 151 149 148 148 148 148 151 148 152 152 150 150 151 147 152 155 151 151 137 78 39 28 34 30 22 39 71 49 98 115 121 129 138 135 139 146 138 151 153 151 153 152 147 148 145 150 154 154 154 
136 138 136 137 140 142 141 140 141 139 139 139 137 139 140 139 142 141 140 142 142 141 141 138 142 146 147 148 146 147 150 146 150 144 146 146 146 140 147 147 149 151 148 148 149 149 136 72 66 69 130 152 154 148 149 149 148 150 144 150 150 150 151 152 150 150 155 155 150 149 65 33 24 28 28 22 31 69 47 99 110 125 134 131 137 144 146 139 151 150 153 153 154 151 151 154 157 156 155 155 
136 138 136 141 139 138 140 140 141 139 140 139 139 138 140 139 142 142 139 142 144 142 142 139 143 143 147 145 144 144 148 147 148 137 145 143 144 147 143 147 150 148 149 147 151 147 146 107 66 69 102 144 151 150 147 147 148 149 149 147 151 143 144 151 151 149 151 152 152 153 90 40 30 30 34 17 34 50 45 101 115 124 127 138 143 144 150 144 150 149 152 152 155 155 153 154 158 155 155 154 
137 138 137 139 138 136 139 141 141 139 139 141 142 139 140 139 142 142 142 142 143 139 142 142 144 140 148 146 147 145 146 148 146 142 147 143 143 143 146 147 148 150 147 151 153 148 149 130 66 69 74 146 152 150 149 148 148 149 149 146 149 149 148 149 151 151 150 153 151 155 149 64 32 35 31 13 22 23 63 113 126 131 136 141 144 147 152 148 152 151 150 153 153 153 153 154 157 153 153 153 
134 133 134 135 139 135 137 140 140 142 137 139 140 140 138 138 141 141 140 140 141 141 142 141 141 142 146 144 146 146 146 148 147 145 147 146 143 136 144 146 148 147 146 145 150 148 151 97 63 69 97 149 149 151 150 149 148 149 149 148 149 151 145 147 148 147 149 149 152 153 152 135 56 42 38 39 34 17 94 119 130 138 143 146 147 151 154 147 151 155 153 154 155 156 161 155 153 153 155 154 
134 136 135 136 137 135 137 139 141 141 140 141 139 137 139 137 138 140 140 140 141 140 140 136 142 143 147 144 143 146 146 145 147 147 147 147 147 147 143 146 145 146 145 147 154 148 138 72 64 71 125 144 149 149 150 148 147 147 150 149 151 151 152 150 148 147 152 152 151 151 152 154 139 85 65 71 80 86 125 134 138 145 148 151 151 152 160 150 147 154 156 155 155 156 157 156 151 153 153 151 
136 134 134 136 137 136 138 140 142 141 142 140 139 137 139 139 138 140 140 139 139 139 139 136 141 143 141 145 145 144 142 146 146 144 145 144 146 147 145 144 146 146 143 147 145 146 107 68 64 80 139 146 149 146 147 150 151 145 153 147 144 148 154 152 151 150 149 152 151 148 151 154 150 155 147 150 144 144 143 145 146 149 149 150 152 149 154 153 146 154 154 155 154 154 153 154 152 150 144 150 
132 134 137 137 138 138 139 140 142 141 143 139 140 139 139 138 138 138 140 141 142 140 141 138 139 142 140 142 144 145 144 146 146 144 142 146 146 147 147 144 146 146 147 146 148 141 76 71 66 109 142 148 149 148 149 150 152 144 148 150 149 149 152 150 149 151 151 151 152 144 150 154 149 147 149 151 149 147 151 149 148 148 150 149 151 150 152 153 147 155 153 155 157 151 152 149 150 151 148 151 
132 135 139 138 138 140 141 141 143 138 141 141 143 141 141 140 140 141 143 141 140 143 144 141 141 142 142 145 148 146 146 145 147 144 143 145 144 144 145 146 146 146 147 147 146 119 66 69 72 136 144 148 147 145 148 148 147 145 147 149 146 150 150 149 150 150 151 152 152 153 152 151 150 152 154 152 152 151 152 151 151 153 152 150 151 150 153 160 148 152 153 155 157 152 149 150 151 153 150 149 
132 135 137 137 136 139 140 140 142 137 138 141 142 141 140 140 138 140 142 141 141 141 142 139 143 143 141 147 150 150 147 146 148 145 142 147 145 145 146 146 146 144 145 147 144 81 64 66 85 148 142 145 148 149 146 147 147 145 145 146 144 148 153 150 149 147 150 152 154 150 153 151 147 153 152 153 151 153 150 151 148 149 153 153 154 153 154 156 147 153 155 152 154 152 148 151 152 152 151 151 
