52 53 54 53 51 49 49 48 48 47 44 44 42 38 36 35 31 29 27 24 21 17 15 13 12 10 6 4 6 3 3 12 24 21 48 86 103 113 120 122 125 128 126 122 120 121 118 121 121 121 125 126 124 126 123 120 122 122 116 121 120 120 116 114 111 110 113 108 107 103 101 100 101 102 99 98 102 119 134 138 140 137 143 141 139 136 131 124 125 123 120 114 128 126 125 130 136 138 138 137 
54 54 54 54 53 52 48 49 48 47 48 45 43 41 38 37 33 29 27 25 24 21 17 15 13 11 9 6 5 4 5 12 25 21 36 78 99 112 119 121 125 128 127 126 127 127 126 125 126 124 131 128 126 130 126 126 126 122 123 120 122 119 119 117 113 110 106 109 113 115 112 107 105 105 101 101 106 118 141 142 140 141 142 143 144 138 132 130 131 125 124 127 126 128 134 133 136 141 137 135 
57 57 56 55 55 53 51 49 48 48 47 45 43 41 39 37 35 30 28 27 24 22 20 18 15 12 9 6 8 7 6 13 27 26 52 89 108 116 123 129 133 134 131 131 133 136 131 133 136 135 135 132 133 133 129 127 124 125 121 122 124 124 121 113 114 116 116 114 111 110 112 113 111 109 101 99 102 119 146 143 143 143 145 146 143 120 133 131 129 124 128 125 131 132 136 139 140 140 139 137 
56 56 58 56 56 51 51 50 48 48 47 46 42 40 38 37 37 34 29 27 23 23 20 16 14 12 10 8 7 4 5 13 25 23 34 75 101 112 122 127 132 134 136 135 137 138 138 138 138 140 137 134 133 131 131 127 123 123 119 119 125 126 117 115 118 118 120 116 115 113 115 113 111 108 107 103 101 110 136 141 136 138 140 142 140 133 120 130 133 131 132 128 128 132 137 137 137 139 135 136 
58 58 57 56 58 53 53 52 50 50 49 47 44 41 40 39 38 35 31 28 25 23 20 17 15 13 11 8 7 4 4 12 25 27 35 80 107 116 124 129 133 133 135 137 140 141 141 139 139 139 136 135 134 132 131 128 126 121 116 118 117 115 112 115 114 114 118 117 115 112 110 107 112 112 111 111 106 108 126 134 140 142 140 140 137 137 130 129 124 124 126 124 127 127 135 136 134 134 134 134 
60 58 59 59 58 56 52 53 51 50 49 48 47 44 42 40 38 35 32 30 26 22 22 17 15 13 11 8 6 5 7 13 27 30 36 76 100 114 122 129 136 142 141 141 142 143 143 141 140 137 135 135 134 131 129 125 121 116 117 112 114 109 108 109 108 114 115 114 119 117 114 113 112 110 113 114 107 107 124 140 149 149 149 144 143 141 135 128 127 132 134 134 132 133 139 132 132 135 139 138 
61 60 60 58 56 55 54 52 51 52 52 50 47 45 42 40 39 36 33 29 25 21 19 17 15 14 11 8 7 7 6 11 28 30 25 66 95 113 126 133 138 142 142 143 144 145 142 141 140 138 135 133 132 130 129 122 113 115 112 108 105 93 91 96 102 105 96 92 104 114 116 109 105 105 110 115 108 106 125 143 144 146 145 143 143 135 132 133 139 139 134 135 135 135 134 135 141 142 144 146 
62 61 60 59 57 57 55 52 53 53 51 50 46 44 43 40 38 36 33 29 27 24 20 18 16 14 11 8 7 6 7 12 28 31 24 58 93 108 122 133 138 143 143 146 147 146 146 142 139 136 136 133 131 129 132 127 112 118 113 114 110 90 82 90 94 95 86 90 103 111 113 107 103 103 107 110 106 107 117 129 141 147 142 142 140 136 139 141 145 138 138 138 141 140 141 150 149 143 141 139 
61 61 60 59 57 56 56 55 52 53 50 46 45 45 43 40 38 36 34 30 26 24 21 18 16 13 12 9 8 5 6 11 23 28 21 52 93 100 120 134 141 144 143 147 149 146 144 143 141 143 139 133 132 134 133 131 121 123 119 113 118 95 77 92 90 86 91 101 110 113 108 106 111 108 108 108 111 110 113 126 145 150 145 143 141 141 146 150 146 144 141 146 149 148 149 145 141 141 142 143 
63 63 61 60 57 55 56 53 53 50 50 49 47 45 42 40 37 36 34 30 26 25 20 18 17 13 12 10 8 6 6 11 21 26 18 49 90 95 115 127 136 141 142 144 147 148 144 140 140 142 141 138 135 133 133 129 129 119 116 111 110 85 67 66 74 82 95 104 114 120 124 123 117 110 107 109 110 106 114 132 147 152 144 147 143 146 146 143 141 137 135 140 142 142 139 138 141 142 143 146 
61 61 62 60 57 56 56 54 51 51 48 49 47 44 43 41 40 36 33 32 28 27 22 19 16 14 13 11 10 7 8 13 25 32 19 49 91 83 109 128 139 145 146 146 150 151 146 146 145 144 140 139 135 135 132 121 127 118 109 102 97 69 61 68 75 70 83 100 105 101 105 106 107 107 109 111 111 111 114 129 143 144 144 139 131 131 131 134 137 141 145 143 142 139 143 146 145 145 146 145 
64 62 61 58 56 56 56 55 54 52 48 49 47 44 43 42 40 37 35 33 30 26 22 21 17 14 13 11 9 7 7 11 25 34 19 46 94 82 103 126 138 141 145 147 150 149 145 144 140 137 139 138 133 128 132 125 120 117 106 98 87 71 61 69 55 65 76 91 98 99 103 103 102 108 107 108 107 106 113 127 141 143 142 132 137 137 135 141 138 141 146 146 145 148 146 146 146 147 146 144 
61 62 59 59 58 55 55 55 54 53 52 50 48 42 41 40 38 37 36 33 30 28 24 23 19 15 13 11 10 9 8 10 23 34 19 45 97 78 81 115 130 138 143 149 151 151 147 139 139 130 131 131 130 128 136 129 125 125 111 101 94 67 57 70 71 80 94 109 122 125 121 112 108 110 111 107 104 106 116 128 141 143 138 135 129 138 147 147 152 146 146 141 146 147 149 146 145 145 143 143 
63 61 60 59 58 55 55 54 52 52 51 49 46 45 41 41 39 35 33 32 32 28 25 22 19 16 14 12 10 9 9 11 26 35 19 38 97 83 77 117 130 134 139 145 149 154 153 146 137 130 129 136 138 134 133 131 131 128 121 121 109 105 95 96 93 94 96 108 119 119 119 113 112 117 113 102 100 111 129 136 143 138 132 128 141 154 156 153 154 151 147 146 147 148 148 143 147 145 146 144 
63 63 63 61 58 58 57 55 54 54 50 50 47 44 41 41 39 38 36 34 30 27 24 21 21 20 16 13 12 11 13 13 25 37 22 39 98 88 82 115 124 131 137 142 143 145 145 143 139 135 141 140 137 135 137 136 133 135 134 129 126 122 117 115 116 112 111 119 121 120 116 117 125 125 120 111 102 111 124 127 129 130 133 147 154 155 156 155 150 150 146 150 149 145 145 147 148 147 145 149 
64 64 63 62 61 57 56 56 54 51 54 50 51 43 43 43 40 37 33 32 31 29 26 21 19 17 16 15 14 14 14 14 28 41 25 37 95 95 72 98 110 125 132 138 144 147 143 145 146 143 147 147 145 142 139 139 141 138 134 135 136 135 131 130 128 116 114 123 120 122 130 135 132 126 117 105 105 118 120 128 128 135 147 150 156 151 148 149 144 143 143 145 148 149 147 147 147 145 148 146 
67 65 65 61 60 60 58 55 56 54 51 49 49 45 43 40 38 36 35 33 31 27 24 22 20 19 14 14 12 14 14 17 29 42 32 40 93 104 39 51 96 125 134 134 136 141 147 148 149 149 150 152 151 149 148 143 143 140 138 137 135 134 138 135 131 122 124 127 127 132 132 124 118 115 107 103 107 114 119 126 137 150 154 157 156 151 144 140 137 140 142 144 143 145 147 150 150 145 145 151 
66 65 64 62 61 62 57 57 56 56 54 51 47 45 43 42 43 39 35 33 31 29 26 24 22 20 17 14 13 12 12 16 32 45 34 37 90 110 34 40 64 84 105 120 126 124 141 143 145 148 150 152 152 151 147 142 138 136 134 133 135 134 134 135 129 120 122 127 121 119 120 115 111 111 108 111 114 116 129 142 153 150 149 149 150 148 142 142 141 142 141 138 138 141 141 143 143 145 146 150 
67 68 66 63 63 61 56 57 57 54 54 55 50 46 43 42 41 39 37 37 34 30 25 22 21 19 18 17 18 15 11 14 30 47 39 36 85 119 37 18 25 49 84 103 108 117 124 133 142 145 148 151 152 151 148 145 139 132 127 128 128 129 130 134 129 112 127 123 115 121 123 122 116 105 95 106 116 128 143 149 149 153 155 155 153 152 152 146 144 141 140 141 145 142 142 144 145 146 148 150 
71 69 67 66 66 63 59 59 59 58 57 54 51 49 47 44 42 38 37 34 33 31 28 25 21 19 16 14 12 15 17 20 28 46 43 35 79 123 41 13 8 22 66 100 101 101 113 129 139 145 151 152 150 146 145 143 140 133 124 122 123 122 120 131 75 84 138 121 113 126 122 112 111 104 96 106 127 139 144 148 157 160 160 157 160 157 157 156 155 149 140 138 139 138 137 137 141 139 140 135 
70 70 69 66 65 64 64 61 59 58 56 55 52 48 48 47 46 40 37 36 33 30 27 24 21 22 18 16 14 11 12 14 28 47 47 35 77 129 49 15 10 18 50 85 94 92 98 105 134 142 150 151 148 147 144 143 138 133 124 118 111 114 100 47 24 103 133 119 95 100 110 112 114 110 101 116 134 148 157 164 170 166 161 160 154 150 148 147 144 141 143 143 130 101 80 74 65 65 55 53 
69 68 69 67 64 63 61 62 61 58 55 53 50 47 44 43 44 42 42 38 34 33 29 27 22 21 17 16 14 17 17 15 24 43 48 36 75 136 62 19 11 13 25 57 66 67 86 97 120 129 140 149 146 143 141 139 135 128 125 114 100 95 99 90 106 133 141 125 92 89 116 119 114 110 105 116 135 150 159 168 165 159 154 148 147 149 153 151 152 154 156 154 146 125 85 65 28 24 24 34 
67 69 66 66 65 65 60 59 56 54 53 52 53 51 48 46 45 41 39 37 35 34 32 28 24 24 20 17 15 13 14 18 29 45 47 31 73 143 65 22 16 17 23 43 44 58 72 83 105 109 113 124 133 140 139 134 129 127 103 96 122 122 118 123 129 139 145 137 119 86 107 105 113 123 123 119 136 148 153 136 122 129 137 138 144 149 151 153 153 154 151 149 149 147 123 25 10 25 21 29 
68 64 65 64 67 66 61 57 53 52 50 49 49 47 46 48 45 45 44 42 39 34 30 30 25 23 21 20 18 16 16 14 26 43 52 36 68 135 74 26 21 22 25 38 48 55 62 66 87 105 108 107 109 118 121 120 114 85 86 114 136 140 124 116 120 134 145 145 135 95 118 113 113 118 112 124 131 133 74 9 9 30 31 50 43 43 97 55 57 116 108 93 77 95 57 28 7 13 10 24 
67 64 64 63 62 63 59 55 51 52 52 49 48 47 47 46 44 41 39 40 41 40 35 30 27 21 20 19 18 17 18 22 28 44 51 37 65 141 81 31 25 25 19 34 46 53 57 57 65 77 84 95 105 114 111 105 108 108 106 105 114 144 143 122 98 115 110 111 119 104 125 115 109 123 106 129 110 29 6 6 22 15 11 61 8 30 97 54 14 83 106 126 108 114 74 42 25 53 65 13 
66 65 62 61 60 60 56 53 53 50 50 53 53 48 45 46 44 44 41 40 38 37 34 32 31 29 26 22 20 16 17 18 26 45 57 46 61 133 88 33 26 28 20 36 45 54 58 58 57 56 62 69 82 95 84 112 137 134 125 105 105 130 147 132 83 58 53 19 84 145 135 119 103 124 127 129 53 14 4 2 22 6 16 42 2 32 105 64 8 36 84 115 120 120 112 85 11 25 64 45 
65 63 62 58 59 56 54 54 51 51 51 50 51 49 46 47 46 44 43 42 39 37 33 31 28 25 25 26 28 24 22 21 27 45 57 39 57 128 93 36 27 27 19 34 43 48 57 59 60 57 61 65 66 67 69 112 145 140 130 122 115 132 144 128 60 36 26 39 134 164 153 123 117 133 126 70 35 5 1 2 4 7 4 26 3 24 95 29 7 19 5 9 32 21 86 46 4 6 18 35 
67 62 62 59 57 53 54 53 53 54 55 60 53 48 46 46 44 44 46 45 43 41 38 34 29 28 27 25 23 22 24 23 31 46 54 41 53 122 106 37 29 28 18 30 42 53 63 62 60 56 58 59 60 67 69 91 135 140 131 116 115 129 157 163 138 96 112 156 160 154 145 124 98 72 51 52 43 5 1 2 4 17 4 26 7 3 34 14 19 6 8 9 4 23 50 45 20 33 40 44 
65 64 64 62 58 57 55 55 56 54 54 55 55 55 52 49 48 49 47 46 45 39 37 36 31 31 29 28 26 24 24 22 30 46 61 47 49 120 118 39 31 31 20 29 41 55 59 56 53 58 59 56 61 67 67 94 140 139 131 122 124 131 159 167 165 167 156 151 141 125 89 51 51 48 47 57 58 18 2 3 10 31 37 44 3 4 41 68 23 17 17 15 28 26 28 40 46 49 53 52 
67 64 64 61 57 57 56 54 54 55 55 55 54 47 50 53 51 49 49 48 45 43 40 37 32 34 34 32 31 29 27 24 28 44 58 45 46 112 124 44 33 31 24 28 41 50 56 61 53 62 65 66 62 67 66 95 141 139 135 127 123 135 161 160 151 142 129 104 69 54 57 56 55 65 68 60 59 45 9 5 6 2 26 34 2 5 20 69 27 16 24 30 37 36 45 48 51 54 62 59 
69 65 65 62 59 58 56 56 58 57 58 59 59 58 55 51 49 49 49 47 46 43 40 38 34 34 34 34 34 35 33 31 29 45 59 49 42 106 133 48 34 31 23 30 41 50 56 53 59 65 62 70 66 68 66 85 130 126 133 122 110 136 143 123 95 72 62 52 54 56 58 59 67 75 72 70 71 65 53 24 6 4 4 7 7 4 6 38 53 37 39 36 42 45 49 60 59 57 48 61 
68 66 66 66 65 60 60 60 62 61 58 56 53 53 52 53 51 49 47 47 45 44 41 38 35 33 33 33 32 31 29 28 33 45 60 57 43 99 138 54 36 32 25 31 43 47 56 58 62 63 67 72 72 68 71 73 84 123 129 101 106 83 61 56 53 55 56 50 55 63 64 63 67 73 72 74 75 74 71 69 60 54 55 46 38 39 44 45 48 45 46 45 49 51 54 62 57 57 55 57 
70 68 67 64 62 60 57 64 57 61 60 66 64 63 59 58 53 51 49 47 46 44 41 39 37 36 36 36 37 35 32 27 26 41 56 54 38 95 140 57 34 32 27 27 40 50 56 59 60 64 64 74 76 73 71 73 73 70 71 65 57 55 58 53 55 58 59 54 59 65 63 71 73 73 78 72 78 77 77 75 72 62 68 68 62 62 56 58 55 52 65 57 56 57 55 58 57 58 56 52 
68 67 65 63 61 60 61 58 57 58 58 59 59 61 66 62 58 56 53 50 49 47 45 42 40 40 39 38 37 35 35 32 32 40 56 57 42 94 149 63 37 33 27 26 41 52 60 58 59 65 66 71 75 75 74 72 72 70 67 69 68 63 66 60 58 62 62 63 65 67 70 79 75 82 80 78 74 80 80 82 74 66 71 76 72 73 68 68 65 68 69 65 60 57 51 53 51 59 56 60 
68 66 61 61 62 62 62 57 58 61 65 64 63 63 61 57 59 58 56 55 53 51 48 44 42 41 40 39 39 36 35 30 29 44 61 60 41 89 141 67 39 36 30 29 43 50 63 63 64 67 68 69 74 76 70 67 72 72 73 72 69 62 66 65 66 66 69 72 66 67 76 74 78 81 77 75 76 79 80 80 77 73 72 81 76 74 70 72 73 73 69 60 57 59 52 55 64 66 62 60 
66 66 62 62 63 62 60 60 60 60 61 62 63 60 59 61 61 57 55 52 50 49 49 47 44 42 43 42 39 38 36 30 29 40 58 60 40 84 145 75 40 38 32 25 40 51 65 69 66 60 63 70 68 68 68 67 71 74 75 76 74 67 63 67 65 61 68 68 65 64 74 77 77 78 70 75 74 77 77 76 76 79 80 79 77 76 75 73 76 70 69 65 61 57 67 69 70 67 60 59 
62 64 61 61 61 60 58 61 60 58 56 59 59 57 62 62 58 55 56 54 54 52 48 45 44 42 43 45 44 43 39 32 31 40 56 59 37 80 142 82 42 38 33 26 42 54 65 68 68 63 63 62 64 69 67 69 72 72 73 73 70 60 61 68 65 68 69 72 67 73 78 74 75 81 79 79 76 78 74 77 78 82 83 80 80 75 74 77 75 72 75 74 73 65 68 70 73 69 68 61 
63 61 58 63 66 64 65 65 63 61 58 56 55 54 58 60 56 55 55 52 51 49 48 45 44 42 43 44 44 44 41 36 35 40 55 55 40 74 149 90 41 38 35 24 40 55 64 64 66 60 58 59 66 66 57 70 71 75 73 78 76 70 67 71 68 71 70 71 68 67 79 77 77 77 73 74 78 85 81 86 82 78 79 77 74 73 82 74 73 77 75 74 78 75 71 70 72 68 64 60 
67 65 59 59 56 60 59 57 55 57 54 53 52 50 56 55 54 52 50 49 49 48 47 45 43 43 44 43 42 41 41 39 37 41 54 58 43 65 137 99 43 39 36 24 39 50 66 65 67 60 62 64 69 69 69 69 72 71 76 78 76 75 68 67 72 66 72 77 79 78 81 79 76 74 81 81 82 83 81 79 81 75 69 73 73 78 79 80 78 81 77 77 77 73 69 70 72 66 59 63 
59 57 56 57 54 57 62 57 56 55 56 56 52 54 55 55 55 51 48 49 47 47 46 45 45 44 44 43 41 42 40 38 33 36 51 58 40 66 134 108 43 39 36 27 44 60 62 64 67 64 69 69 61 70 70 66 66 75 77 77 77 74 71 72 68 67 76 82 78 76 80 83 79 80 82 81 79 83 86 83 84 82 81 80 75 79 76 83 83 81 80 74 73 75 70 66 65 65 59 59 
56 55 55 59 57 58 58 59 61 55 55 54 50 51 53 51 50 48 48 46 47 45 46 45 46 45 45 43 40 39 39 35 36 40 55 60 45 61 135 122 45 39 37 26 45 56 65 69 69 65 69 72 60 65 74 70 69 73 77 76 79 76 74 71 75 74 78 80 80 81 82 80 78 76 83 86 82 77 78 78 83 79 84 86 82 82 79 86 76 74 76 78 72 73 70 65 66 57 65 60 
56 55 54 55 55 54 54 52 52 50 51 51 49 48 49 49 49 48 48 47 47 45 46 45 46 45 45 43 43 42 41 37 34 37 52 63 45 59 131 135 49 39 39 24 37 49 60 67 73 71 68 72 69 67 75 76 68 72 73 76 77 79 69 76 80 84 83 83 80 83 84 82 84 84 82 82 80 82 85 82 75 78 81 83 80 80 81 82 79 75 76 78 75 72 72 64 63 60 63 62 
53 52 50 50 51 50 49 50 50 49 51 53 51 51 52 51 49 50 49 48 46 44 45 45 46 46 45 44 43 43 42 39 36 41 53 67 48 55 129 147 51 42 39 25 33 48 65 67 70 69 68 68 72 72 62 75 74 78 80 81 80 78 81 82 81 85 86 85 80 78 75 85 86 84 76 77 77 77 80 73 70 78 81 81 77 81 80 79 80 81 75 75 68 63 66 71 71 61 60 64 
54 54 55 53 52 49 49 51 50 49 50 52 50 51 55 53 53 50 48 47 46 45 46 44 45 45 44 42 41 40 40 39 36 42 56 71 54 53 124 155 51 39 42 29 35 53 60 67 65 61 68 67 68 69 67 76 73 78 79 79 81 79 84 85 85 88 84 83 86 81 75 79 83 81 75 74 80 82 79 79 82 78 76 72 79 86 81 75 78 77 75 68 73 73 67 73 69 63 58 61 
52 52 52 53 52 51 48 49 50 50 51 51 50 49 50 50 53 52 50 49 47 45 46 45 46 45 45 44 43 42 41 39 37 41 56 72 59 50 121 161 57 39 39 27 37 46 54 67 71 77 88 82 66 63 70 77 89 85 78 73 79 78 78 77 86 86 76 83 90 85 83 85 81 77 78 84 85 79 77 81 74 72 72 77 81 84 82 77 75 76 78 69 70 74 69 66 68 68 63 62 
50 50 50 50 52 51 50 51 50 50 51 51 49 50 49 49 49 49 50 49 47 48 46 46 46 46 44 43 43 42 42 41 41 42 56 72 61 45 115 164 59 41 40 33 40 51 59 64 63 66 72 113 112 94 87 84 97 94 87 80 69 75 85 83 84 84 83 87 86 86 85 84 78 77 78 77 81 81 76 82 83 83 83 83 79 77 84 81 76 75 78 73 76 69 69 70 66 66 60 57 
54 53 51 51 51 51 51 51 53 54 53 52 51 51 50 50 49 49 49 49 49 49 48 47 48 47 44 43 43 41 40 37 37 39 53 71 67 44 113 168 66 42 41 31 34 46 67 75 80 82 80 97 128 118 117 117 118 108 107 91 83 82 79 72 79 87 86 84 85 85 83 83 79 80 79 82 81 81 79 84 83 78 77 81 82 84 85 86 79 73 73 77 69 74 74 66 60 60 62 67 
56 56 54 52 51 52 52 51 52 54 53 52 51 50 50 50 50 50 50 50 50 49 49 49 48 47 44 44 44 40 40 41 38 38 53 71 68 44 111 168 74 38 37 36 38 60 74 86 97 118 132 137 140 140 138 143 142 138 128 118 100 89 80 78 76 86 80 81 84 85 89 85 82 83 81 84 82 79 79 84 81 68 75 79 71 77 78 83 83 77 71 72 71 75 74 67 56 56 68 67 
57 58 53 53 54 55 54 52 53 54 55 54 54 54 51 51 54 53 53 53 53 52 53 51 49 47 44 42 41 38 36 34 34 39 50 71 68 46 105 172 83 33 35 36 49 74 99 120 135 149 155 156 158 155 158 152 157 145 143 138 125 110 92 86 84 84 86 85 82 86 87 86 79 78 84 84 83 82 87 83 78 83 82 80 82 86 80 75 77 78 79 79 77 77 72 66 64 64 63 60 
53 53 51 53 54 54 53 53 52 54 54 54 54 54 52 52 54 54 55 55 56 54 55 52 51 49 45 42 38 36 34 32 32 36 48 68 67 44 99 166 89 29 29 40 56 85 113 136 150 161 167 168 165 160 160 165 166 152 151 143 140 132 120 105 90 88 87 85 85 84 84 87 85 86 86 77 76 75 80 82 83 79 79 78 81 79 79 76 77 76 74 72 77 75 67 64 66 61 54 56 
54 55 56 55 54 52 53 56 55 55 53 54 54 54 53 53 54 55 57 56 58 57 58 55 52 50 46 42 38 35 34 34 35 38 50 67 67 44 92 162 107 31 29 34 63 109 134 150 161 167 168 166 164 160 160 166 166 163 160 151 144 135 128 118 98 88 87 83 78 81 87 82 82 84 83 76 78 73 77 83 82 78 76 74 75 79 77 71 76 72 68 72 72 75 72 67 63 59 56 53 
54 55 58 56 56 53 54 55 57 57 57 57 56 56 55 55 58 60 61 61 62 60 61 58 54 51 46 43 40 36 33 31 33 36 51 73 74 55 91 162 126 33 31 52 74 84 116 145 158 160 158 157 139 131 150 159 164 157 156 145 130 122 118 108 98 98 106 84 82 78 79 83 82 81 79 80 81 78 76 78 73 77 75 75 77 77 76 72 72 71 75 74 70 71 71 65 55 58 56 53 
56 57 58 59 57 55 56 58 56 56 57 57 58 58 56 56 59 61 63 64 65 65 64 62 59 55 51 47 42 38 36 32 34 37 49 72 79 55 80 153 142 32 32 49 51 87 126 133 141 153 161 147 133 110 128 146 145 143 137 134 136 132 120 119 114 103 89 80 81 73 77 80 80 76 79 77 73 74 81 74 74 76 75 72 76 72 65 65 72 76 71 66 67 71 72 66 62 57 50 54 
60 59 58 59 57 57 57 58 58 58 59 60 59 59 57 57 60 63 65 65 67 69 68 67 64 61 56 51 45 40 37 33 34 39 49 72 83 60 71 151 152 39 30 41 50 90 101 102 125 140 139 142 145 140 141 139 140 140 141 149 146 140 140 130 121 108 94 74 64 73 90 113 120 107 70 69 72 72 73 77 70 73 76 73 74 74 74 74 71 69 66 64 64 66 65 64 61 59 54 50 
64 59 60 60 58 57 59 60 59 59 61 60 59 62 62 60 64 65 66 68 67 68 70 70 68 65 60 55 51 45 40 37 37 40 49 72 83 60 65 146 158 42 35 46 55 60 76 93 105 129 142 152 155 159 152 152 144 142 138 142 146 149 143 137 136 131 125 110 104 119 144 147 136 114 113 80 61 65 64 74 73 72 73 69 67 73 74 76 70 67 65 65 61 50 62 55 55 52 48 50 
59 61 60 60 62 61 62 64 63 62 62 63 62 63 63 62 64 66 67 66 66 68 67 67 67 64 59 55 52 46 41 37 38 40 49 72 84 69 62 144 173 44 35 41 48 61 80 107 120 125 131 134 140 137 137 135 133 136 134 131 130 127 125 123 124 124 119 110 103 102 115 121 134 134 109 87 59 63 64 72 74 70 73 76 70 75 72 77 59 56 50 53 60 60 60 59 52 54 52 51 
62 60 64 62 63 65 63 64 64 63 63 63 65 65 64 65 64 65 67 66 65 66 66 65 65 60 56 53 51 48 43 41 38 42 49 74 89 70 60 144 184 58 43 64 94 108 122 125 124 121 120 119 118 119 122 124 126 133 137 139 134 132 133 135 124 116 108 101 96 96 104 93 121 122 105 86 55 65 67 71 75 72 78 77 78 72 62 57 47 51 49 46 62 62 54 59 60 52 50 54 
62 63 66 67 67 67 69 68 68 68 68 67 68 68 65 64 65 66 67 66 65 63 62 62 60 57 56 52 50 48 44 40 39 41 48 71 90 75 51 137 179 94 110 131 144 149 149 151 144 142 142 145 151 152 150 143 137 139 144 146 145 153 158 156 153 143 129 114 110 112 113 79 76 95 77 63 71 60 71 75 75 68 72 67 71 68 50 48 49 49 48 44 60 59 61 59 54 46 51 55 
65 67 67 68 70 69 69 71 71 70 71 68 70 70 66 63 65 66 66 64 63 63 61 60 58 56 55 53 51 47 45 40 38 36 37 55 77 77 64 128 149 150 159 160 167 172 173 175 171 166 170 172 171 165 162 156 148 144 140 141 144 144 145 146 150 151 145 141 135 129 115 96 72 59 74 60 84 76 55 68 73 71 72 71 74 62 49 52 52 58 51 54 62 63 58 57 55 51 52 51 
68 69 69 69 71 70 70 71 71 70 69 68 69 69 68 65 65 66 66 65 64 63 61 60 57 55 54 53 51 48 45 41 36 32 27 38 71 115 126 152 170 173 176 176 179 181 182 173 174 174 177 172 167 162 160 152 141 139 136 133 132 133 134 135 134 138 139 140 140 140 128 125 121 92 85 78 99 101 84 59 65 65 66 69 69 59 53 53 56 57 47 58 65 61 55 60 55 49 48 54 
70 69 71 72 70 71 71 71 71 70 69 69 69 69 66 66 66 66 66 65 64 63 62 59 57 58 57 53 50 48 44 42 37 30 31 60 126 156 164 170 181 180 182 180 178 169 167 163 163 163 162 160 158 154 148 150 145 144 147 147 147 152 153 152 150 137 131 127 127 130 129 130 122 105 94 91 106 111 106 62 61 53 63 70 65 58 53 56 56 56 52 56 65 60 58 54 59 53 53 53 
74 75 73 72 70 71 71 70 70 70 69 68 70 69 67 67 68 68 68 65 65 64 63 61 58 61 59 53 50 48 46 41 36 38 91 136 165 175 175 173 179 178 175 170 168 164 165 160 159 161 163 159 160 154 155 154 155 156 152 153 159 167 169 170 171 166 159 144 129 122 118 126 139 127 109 96 89 100 109 91 64 65 64 63 64 67 50 59 60 53 51 57 59 62 61 57 57 54 51 59 
77 75 74 73 72 72 72 70 71 72 71 71 71 70 67 68 68 68 68 67 66 64 63 63 60 59 55 53 49 45 43 44 69 88 137 159 173 179 180 179 176 172 166 169 165 161 163 162 159 158 155 151 147 148 154 158 156 155 155 150 159 166 171 174 178 181 180 170 159 147 131 122 122 121 121 106 94 104 114 103 95 104 105 103 100 95 87 83 67 53 56 61 61 66 62 56 50 54 59 61 
80 79 78 77 75 73 74 72 73 74 73 73 71 71 68 68 68 68 68 66 65 65 63 62 61 59 57 51 49 45 41 53 111 156 167 176 169 174 173 168 166 166 171 166 161 164 165 161 161 152 152 148 141 145 151 155 154 157 154 152 149 154 160 163 169 175 173 175 174 165 156 138 126 118 111 99 108 107 108 109 111 110 119 128 130 136 145 149 134 96 62 70 65 56 53 56 55 59 59 61 
83 80 79 79 74 74 74 74 74 73 73 73 72 71 70 69 69 70 67 66 64 64 64 64 61 58 56 52 49 45 43 62 126 168 178 172 170 172 169 166 164 168 174 168 168 169 170 160 157 147 143 145 149 154 155 154 159 156 153 151 151 154 160 160 161 164 173 174 170 170 165 158 152 139 117 102 104 102 111 116 102 100 117 128 136 148 156 153 142 123 79 63 62 56 54 57 51 51 53 57 
82 80 79 79 76 75 75 75 75 74 73 71 71 72 70 69 69 70 69 67 66 66 65 63 61 58 55 53 50 47 48 78 131 171 170 166 164 165 165 168 167 163 165 168 164 160 157 146 150 142 133 148 164 158 155 162 166 162 158 152 151 154 157 157 157 153 155 158 160 163 167 168 148 121 99 69 49 55 58 60 59 66 79 97 123 154 151 143 140 135 128 77 59 61 56 57 51 51 53 48 
81 81 79 78 77 76 74 76 76 74 71 69 70 72 70 69 69 69 68 67 66 66 64 63 61 58 57 54 50 49 52 89 142 162 161 159 161 159 161 162 162 156 155 156 153 144 143 156 173 168 131 139 153 153 159 169 172 174 174 164 158 149 150 152 151 155 155 150 154 162 166 171 152 120 83 41 37 39 41 48 48 54 52 56 73 116 146 132 133 125 93 65 56 61 63 60 53 51 55 58 
83 82 80 78 77 76 74 75 73 72 72 70 72 73 71 69 68 68 68 69 68 65 64 63 62 60 59 57 52 50 50 70 125 156 154 154 156 154 153 158 159 164 151 153 150 146 163 184 193 195 164 138 147 159 178 187 177 178 185 182 169 159 154 153 153 152 147 143 145 150 156 161 157 132 87 62 75 71 63 56 55 50 48 55 61 65 70 78 78 80 65 55 60 54 58 55 49 50 49 49 
81 80 79 78 77 76 75 74 73 72 72 72 72 70 68 67 67 67 68 68 67 66 64 62 60 59 59 57 54 63 65 83 135 152 146 144 141 138 142 147 151 153 146 169 164 172 184 193 197 207 200 190 177 163 179 185 183 171 182 176 166 164 164 163 156 151 145 138 138 140 148 147 140 130 94 66 69 64 58 56 54 54 51 54 59 68 64 71 72 70 62 67 66 62 60 57 53 51 50 52 
80 79 80 78 76 76 76 74 73 71 71 71 71 69 67 67 67 67 68 68 66 66 66 64 62 60 60 56 55 64 94 127 148 145 147 146 150 145 138 137 132 135 144 165 171 189 189 190 192 208 214 214 204 192 189 187 185 192 201 190 175 170 166 163 159 159 155 142 133 135 144 137 134 122 92 65 67 66 64 64 60 56 54 59 58 60 58 67 69 72 65 64 63 57 53 56 53 51 49 48 
79 79 79 77 76 75 74 73 71 72 72 71 71 69 67 69 67 66 66 65 64 63 64 64 64 60 59 57 57 80 114 134 139 144 149 152 165 179 177 171 168 161 153 158 182 191 189 192 193 215 227 225 219 210 203 196 187 192 216 211 197 186 177 174 171 171 161 150 134 124 133 142 133 115 95 57 43 54 58 63 60 58 57 53 62 66 67 69 67 67 61 62 64 61 60 55 55 51 48 48 
80 76 75 75 75 73 72 73 70 71 70 69 70 69 67 68 66 65 64 63 62 61 61 63 63 59 56 54 51 52 66 111 139 146 149 157 176 187 190 183 177 173 184 185 193 200 202 198 195 217 224 222 210 204 199 195 187 173 201 215 208 193 177 174 179 170 164 157 151 127 127 137 143 137 109 83 62 40 40 49 55 53 54 59 59 64 52 57 60 60 56 57 63 60 57 58 53 53 52 48 
78 75 74 74 73 72 71 70 69 70 70 69 65 66 65 65 65 66 64 61 60 60 60 60 58 56 54 51 47 45 56 94 130 160 156 163 192 208 207 198 194 201 209 209 209 214 203 189 186 192 205 206 200 201 194 195 198 172 187 215 211 202 187 170 167 166 166 163 154 137 119 130 137 130 121 99 76 73 62 45 43 46 46 51 56 58 66 67 60 58 60 54 47 59 63 59 51 55 48 45 
75 74 73 73 73 72 71 70 69 68 66 65 64 65 62 62 62 61 60 59 58 58 58 58 54 52 48 46 43 41 44 75 136 158 165 180 205 215 215 208 204 211 213 212 212 208 200 188 181 184 182 199 205 203 197 184 172 167 169 199 214 206 194 189 180 177 183 177 162 143 114 119 132 129 123 109 77 78 77 71 65 55 53 49 49 56 59 61 66 65 65 66 55 59 59 64 60 56 54 45 
74 72 71 71 71 69 69 67 65 64 64 64 61 61 60 60 59 59 59 58 57 56 55 53 51 48 45 43 40 39 42 77 138 165 171 178 196 210 210 204 206 214 214 214 212 209 203 201 195 192 184 187 211 211 212 207 191 163 149 165 204 205 206 190 179 181 179 171 154 136 119 115 124 119 117 113 96 80 73 74 73 65 59 54 54 61 64 65 66 64 61 63 62 51 52 56 58 58 57 52 
71 70 70 69 67 65 64 66 64 64 63 60 60 60 57 56 56 56 56 55 55 54 53 50 48 45 41 38 38 37 42 64 124 156 158 173 189 204 203 197 205 215 217 216 215 214 212 212 212 212 214 204 217 225 220 214 213 194 150 144 165 183 207 194 185 180 175 161 139 111 116 121 122 112 109 106 92 74 59 57 52 51 51 54 60 60 63 57 56 64 63 63 66 66 61 59 58 57 58 54 
69 68 71 68 64 64 62 63 61 60 59 57 56 57 53 55 55 53 54 53 53 51 50 46 44 41 38 35 33 32 34 39 79 146 153 183 189 190 185 186 202 213 219 221 220 219 221 222 225 225 221 213 195 208 219 224 219 214 196 146 69 55 68 117 160 163 165 164 150 107 99 101 99 109 114 111 77 47 45 51 50 52 54 53 57 59 62 58 63 67 64 59 63 64 61 60 63 61 56 47 
66 65 65 66 66 65 62 60 57 56 55 55 54 54 53 54 54 52 51 51 49 49 48 42 40 36 36 32 28 29 32 43 75 126 153 186 185 173 176 188 205 213 217 220 220 222 224 220 226 227 222 164 59 48 91 185 219 219 209 203 184 137 80 28 38 79 120 134 138 107 47 25 64 109 105 82 68 46 36 47 49 52 55 53 54 48 64 66 62 60 67 66 67 61 60 65 66 61 61 56 
63 64 62 63 61 60 59 56 55 53 54 52 53 53 50 50 50 49 48 46 43 42 40 37 36 32 26 25 22 23 24 31 57 111 146 183 171 171 188 196 206 215 221 224 224 225 224 225 225 227 227 138 61 58 27 106 207 221 220 219 212 202 190 157 80 17 29 73 67 57 37 33 46 60 61 53 36 25 28 38 70 84 65 56 57 58 62 65 64 59 63 64 63 53 63 66 67 61 54 51 
59 59 59 57 56 57 58 56 56 51 52 49 48 49 47 47 46 44 43 41 38 35 32 31 26 25 22 23 21 20 20 22 37 97 139 171 166 177 190 198 209 215 219 221 223 221 223 226 221 218 220 178 73 60 58 94 209 212 201 222 218 212 213 209 196 155 81 45 55 55 69 82 107 98 82 58 33 23 24 17 33 117 125 119 115 104 87 67 62 61 66 71 69 67 61 58 64 63 57 49 
54 53 57 54 51 52 55 53 50 51 49 46 47 47 45 44 42 40 38 37 34 31 28 25 22 21 19 19 17 18 17 18 25 60 116 168 169 179 187 197 208 213 216 222 223 223 224 223 220 214 204 200 177 111 101 115 166 205 216 219 218 215 215 214 205 191 173 119 77 113 124 126 129 127 125 119 108 65 29 18 23 114 130 139 145 141 131 101 59 60 60 70 68 66 62 58 55 58 59 57 
53 51 53 50 49 50 48 49 49 49 46 46 45 44 40 41 39 37 34 32 31 28 25 22 20 19 20 18 15 16 14 13 15 27 103 172 169 182 188 196 201 211 217 222 224 225 225 224 223 219 217 214 214 205 205 195 213 217 218 216 220 222 219 218 210 196 174 155 129 75 121 125 120 114 106 105 96 90 47 13 28 94 128 148 144 138 138 119 87 56 62 64 69 69 65 54 62 63 63 54 
48 49 48 47 47 48 48 48 47 46 44 45 41 40 38 40 37 36 32 31 29 25 24 21 20 19 17 15 16 14 12 13 13 17 61 155 162 182 196 195 202 208 214 220 223 226 225 225 224 224 224 225 228 228 229 226 221 220 219 216 216 223 217 201 178 99 51 56 82 103 84 119 115 107 100 99 101 109 59 18 43 67 99 140 149 149 138 134 103 48 57 49 52 69 66 65 63 62 52 50 
48 49 48 46 45 44 44 45 46 42 44 44 44 40 38 39 38 35 31 30 28 24 24 20 19 18 16 15 16 15 14 14 13 16 41 119 153 175 189 196 203 205 212 222 222 224 226 225 225 226 227 227 229 231 231 225 220 217 214 210 209 207 199 161 96 35 58 62 31 54 75 116 110 105 104 110 112 109 75 59 62 62 56 66 88 93 105 96 60 51 62 61 53 66 58 44 52 55 51 48 
49 50 47 48 46 47 43 44 44 41 45 42 43 39 40 38 36 33 31 30 28 26 25 20 19 19 16 15 16 16 16 15 13 13 16 52 130 168 184 191 201 202 208 219 223 225 229 229 227 226 227 228 227 225 227 222 218 215 212 203 195 185 148 107 58 45 75 79 30 24 66 97 106 115 116 119 108 81 69 67 52 54 61 55 59 48 60 63 54 68 65 59 63 60 50 41 43 47 49 42 
46 51 48 45 45 45 45 43 46 43 44 41 41 37 36 35 34 33 31 31 29 27 26 23 22 21 18 15 16 16 15 14 13 10 11 26 98 153 182 187 196 198 201 210 219 223 228 229 229 226 223 220 219 216 220 222 213 206 203 198 197 189 178 155 95 59 90 87 40 29 61 61 67 75 71 71 69 63 67 64 62 61 64 61 60 56 54 57 60 67 57 47 43 46 51 49 51 44 49 48 
44 49 45 43 44 43 44 47 48 45 41 41 37 37 36 34 34 34 31 31 30 28 28 24 23 23 19 17 17 16 15 14 12 10 11 19 88 157 171 181 191 193 198 198 205 214 222 226 225 221 212 204 170 98 97 140 192 198 189 179 179 187 203 189 129 46 57 52 30 63 60 62 62 62 64 61 61 62 67 64 64 64 58 62 52 52 57 54 51 53 55 44 49 52 47 48 49 47 52 53 
42 47 42 40 40 42 43 46 48 45 41 39 39 37 35 36 36 32 30 31 30 29 28 25 25 24 22 19 18 17 16 15 14 12 13 22 89 169 188 179 185 191 199 203 200 200 200 203 208 206 213 185 62 37 16 82 180 183 175 161 156 150 154 158 141 108 69 49 55 59 55 56 57 56 60 60 58 56 62 60 61 61 58 57 55 49 46 50 49 49 46 45 47 49 46 42 47 43 47 41 
44 43 43 41 41 41 43 44 41 40 38 36 37 37 36 35 32 30 30 32 31 29 28 27 25 24 22 21 19 18 18 16 16 13 17 66 131 176 199 186 181 190 192 202 201 199 189 184 183 188 208 153 55 55 75 138 161 158 138 131 120 111 95 75 60 54 52 49 51 51 48 53 48 44 46 50 54 49 52 52 47 48 44 42 44 40 37 35 37 41 46 45 43 44 36 38 37 36 38 36 
41 41 41 40 39 41 41 40 40 35 35 35 36 33 32 31 31 31 32 31 31 30 29 29 27 26 25 23 23 20 19 18 18 19 48 112 160 179 199 194 186 186 186 185 183 181 180 181 180 173 156 136 138 160 157 141 129 136 130 142 120 101 79 79 60 62 60 52 53 53 61 62 61 48 46 46 47 41 43 45 43 40 36 46 43 41 40 40 37 40 45 40 44 39 32 37 34 37 40 33 
40 42 38 37 38 43 43 38 39 36 36 35 34 34 34 34 31 31 31 31 31 28 28 27 25 24 24 25 24 23 21 21 20 23 36 100 150 184 200 210 199 188 179 172 168 160 151 143 136 136 127 151 157 151 146 141 129 132 110 107 88 79 72 61 57 57 49 49 52 64 57 54 58 55 63 59 49 52 59 54 64 65 61 65 53 53 47 45 49 49 58 52 56 59 50 57 48 54 62 53 
37 37 37 35 37 38 40 37 38 35 33 34 34 33 34 33 31 29 30 29 29 28 28 27 26 26 26 26 25 23 22 24 24 21 24 86 150 168 191 198 185 180 178 167 151 152 153 155 150 147 133 129 130 113 131 107 103 95 86 79 69 58 53 47 46 45 47 47 45 42 44 44 42 40 39 38 37 40 44 45 41 42 35 41 31 30 35 35 36 30 28 28 26 32 32 38 33 32 42 35 
37 37 35 39 36 37 37 38 34 32 31 33 30 33 33 31 31 29 28 29 29 28 28 29 27 26 26 26 25 26 25 27 26 24 28 73 120 145 158 150 139 143 152 144 107 136 133 144 117 107 92 107 80 60 74 58 70 70 58 55 51 47 44 42 43 39 43 51 55 56 53 46 52 50 45 48 47 43 43 42 43 44 42 40 39 43 41 39 41 40 34 28 29 29 27 25 23 25 30 29 
40 39 37 39 39 40 38 34 33 30 31 32 31 30 33 31 28 29 29 30 28 28 28 28 25 26 26 28 28 26 26 26 27 27 26 27 29 37 48 59 66 61 82 110 53 61 57 48 54 74 90 87 72 62 60 46 59 56 47 46 48 43 45 42 44 39 32 34 44 52 50 44 45 49 46 46 44 43 45 42 42 43 38 39 36 37 33 34 37 40 39 35 34 33 32 29 28 29 31 31 
36 38 36 37 38 40 38 36 33 31 31 30 29 30 30 33 31 31 30 29 29 28 28 28 28 27 27 29 30 27 27 27 27 27 26 26 24 26 34 49 50 27 60 109 52 34 34 19 31 41 56 67 64 57 54 49 53 49 46 45 41 43 44 39 42 35 36 33 34 37 37 40 41 45 49 46 44 41 41 42 46 43 37 38 36 36 34 32 33 37 42 42 41 40 37 33 33 33 36 36 
36 37 35 35 35 36 34 34 34 33 32 30 30 30 32 32 30 30 29 29 29 28 28 27 25 27 27 28 28 27 28 27 27 27 27 25 23 22 28 45 52 29 49 109 53 31 32 17 22 31 43 51 54 51 46 48 56 55 52 46 41 41 39 40 43 41 42 43 41 41 42 35 39 44 44 43 37 37 41 45 47 46 47 44 42 43 42 42 39 46 48 46 46 45 42 32 34 41 45 43 
34 33 34 34 33 33 32 34 31 31 31 32 32 32 31 31 32 31 29 31 29 28 30 28 27 28 26 27 29 27 28 28 28 29 27 26 24 22 26 44 52 34 41 105 59 35 32 19 17 25 43 51 52 48 47 55 49 51 52 51 48 50 44 43 43 41 45 48 44 46 47 47 48 48 50 51 51 51 50 52 48 49 49 48 50 45 43 44 43 42 45 46 47 43 38 35 37 43 45 42 
32 33 33 34 32 33 34 36 33 33 33 32 32 31 34 34 32 30 29 32 30 28 30 29 29 28 26 28 28 27 28 28 28 29 27 26 24 22 26 43 51 38 36 99 63 34 31 23 13 28 48 49 46 50 51 54 54 55 56 54 51 48 52 49 48 47 49 52 53 54 52 51 53 51 49 49 51 52 52 53 48 43 45 48 48 47 43 44 42 39 40 40 41 42 34 41 36 40 41 43 
33 35 34 32 31 32 35 35 35 35 34 32 33 31 35 34 32 31 32 34 32 29 29 29 28 27 29 30 29 27 29 28 27 28 28 27 23 21 22 42 48 32 28 92 69 36 33 25 12 28 48 52 53 54 55 54 54 57 54 53 54 49 49 46 46 44 48 55 57 56 53 52 51 51 47 47 49 51 50 45 42 43 42 42 43 43 42 39 41 38 36 39 38 40 36 38 38 38 33 34 
36 34 32 32 31 31 32 32 36 38 37 35 33 32 33 35 34 35 36 35 32 31 30 32 30 30 33 34 32 29 30 28 28 31 30 28 23 19 20 32 38 24 26 79 70 33 33 26 12 31 45 52 55 53 54 55 55 57 56 56 56 53 52 52 51 52 50 50 52 55 50 49 43 46 45 49 51 51 49 49 43 41 41 41 41 43 44 42 42 44 38 38 37 36 40 41 39 38 34 34 
