10 22 12 10 10 10 10 10 10 10 10 10 10 10 10 10 10 10 10 10 10 10 10 10 10 10 10 10 10 10 10 10 10 10 10 10 10 10 10 10 10 10 10 10 10 10 10 10 10 11 9 10 10 11 11 10 8 10 11 12 7 7 6 6 8 8 9 9 6 6 15 8 10 10 9 9 13 11 15 14 13 12 12 14 12 8 8 8 8 10 10 10 10 8 8 10 9 8 22 12 
71 231 242 242 242 242 242 242 242 242 242 242 242 242 242 242 242 242 242 242 242 242 242 242 242 242 242 242 242 242 242 242 242 242 242 242 242 242 242 242 242 242 242 242 242 242 242 242 242 242 241 237 219 204 207 222 226 223 233 233 231 231 235 236 238 239 239 237 228 220 217 219 227 227 225 225 232 229 219 234 234 221 226 235 238 239 239 239 239 241 242 242 242 240 239 239 236 228 208 51 
64 246 253 252 252 252 252 252 252 252 252 252 252 252 252 252 252 252 252 252 252 252 252 252 252 252 252 252 252 252 252 252 252 252 252 252 252 252 252 252 252 252 252 252 252 252 252 252 252 251 251 237 225 224 239 247 238 231 241 240 236 235 237 239 244 246 245 243 234 235 221 233 240 239 236 238 228 234 220 238 239 228 235 242 247 249 249 249 250 252 252 252 252 250 249 247 243 235 220 58 
54 251 253 253 253 253 253 253 253 253 253 253 253 253 253 253 253 253 253 253 253 253 253 253 253 253 253 253 253 253 253 253 253 253 253 253 253 253 253 253 253 253 253 253 253 253 253 253 253 252 240 238 224 232 249 249 243 239 239 246 248 244 239 246 245 242 240 234 233 239 228 249 250 249 245 242 236 231 243 232 232 231 236 246 247 250 250 250 251 253 253 253 253 251 250 248 245 242 219 49 
54 251 253 253 253 253 253 253 253 253 253 253 253 253 253 253 253 253 253 253 253 253 253 253 253 253 253 253 253 253 253 253 253 253 253 253 253 253 253 253 253 253 253 253 253 253 253 253 252 248 247 224 214 242 249 251 250 243 236 244 245 242 239 246 249 249 249 219 232 244 242 250 250 251 247 243 226 231 249 248 242 225 238 249 246 250 250 250 251 253 253 253 253 251 250 248 245 241 218 48 
54 251 253 253 253 253 253 253 253 253 253 253 253 253 253 253 253 253 253 253 253 253 253 253 253 253 253 253 253 253 253 253 253 253 253 253 253 253 253 253 253 253 253 253 252 252 252 250 250 250 227 187 221 242 250 249 245 240 236 244 251 249 243 246 247 246 243 222 230 248 250 250 250 247 240 236 223 239 248 247 238 230 246 248 246 250 250 250 251 252 252 252 252 251 250 248 245 242 220 49 
54 251 253 253 253 253 253 253 253 253 253 253 253 253 253 253 253 253 253 253 253 253 253 253 253 253 253 253 253 253 253 253 253 253 253 253 253 253 253 253 253 253 253 253 251 250 251 251 248 240 189 202 204 237 247 241 238 240 247 251 251 251 246 245 245 244 236 236 235 248 248 246 246 245 237 233 236 236 247 248 242 242 249 249 248 250 250 250 250 250 250 250 250 250 250 248 245 244 223 50 
54 251 253 253 253 253 253 253 253 253 253 253 253 253 253 253 253 253 253 253 253 253 253 253 253 253 253 253 253 253 253 253 253 253 253 253 253 253 253 253 253 253 253 253 251 250 250 250 240 217 196 203 233 234 232 240 235 229 241 247 247 247 245 245 243 234 218 225 214 239 239 236 236 240 237 234 226 239 245 241 243 238 251 249 248 250 250 250 250 250 250 250 250 250 250 248 245 244 223 50 
54 251 253 253 253 253 253 253 253 253 253 253 253 253 253 253 254 253 251 249 250 252 252 253 253 253 253 253 253 253 253 253 253 253 253 253 253 253 253 253 253 253 253 253 251 250 249 242 221 214 236 237 233 223 225 243 235 227 238 245 239 235 236 237 235 237 218 236 225 238 238 236 235 240 234 232 219 237 241 231 241 236 245 241 244 250 249 247 247 250 250 250 250 250 250 249 248 246 223 50 
54 251 253 253 253 253 253 253 253 253 253 253 253 253 253 254 253 250 246 251 246 250 253 253 253 253 253 253 253 253 253 253 253 253 253 253 253 253 253 253 253 253 253 253 251 250 249 228 232 220 249 251 246 237 239 237 244 247 245 246 247 244 245 245 243 225 229 236 233 244 244 246 246 247 238 227 239 232 231 233 231 247 250 245 246 250 248 245 246 250 250 250 250 250 250 250 250 247 223 50 
54 251 253 253 253 253 253 253 253 253 253 253 253 253 253 251 242 153 123 174 237 251 250 253 253 253 253 253 253 253 253 253 253 253 253 253 253 253 253 253 253 253 253 253 251 251 248 242 200 234 251 252 251 247 230 239 236 243 249 240 248 251 251 251 246 219 239 247 250 249 249 248 248 245 235 226 245 245 242 237 229 250 250 247 247 250 248 245 246 250 250 250 250 250 250 250 250 247 223 50 
54 251 253 253 253 253 253 253 253 253 253 253 253 252 249 247 172 70 67 76 123 221 247 250 250 250 251 253 253 253 253 253 253 253 253 253 253 253 253 253 253 253 253 253 252 252 249 205 189 211 234 245 244 236 236 236 246 250 251 249 243 247 248 242 231 230 236 249 248 249 249 249 246 241 231 233 247 247 247 236 243 251 250 249 245 250 248 245 246 250 250 250 250 250 250 250 250 248 229 48 
54 251 253 253 253 253 253 253 253 253 253 253 253 250 248 207 75 60 59 65 61 106 211 247 248 249 251 253 253 253 253 253 253 253 253 253 253 253 253 253 253 253 253 253 253 246 230 174 189 216 238 234 240 237 235 241 248 250 250 250 249 242 243 233 217 227 223 248 250 250 250 247 237 242 233 236 245 242 246 238 244 251 250 249 245 250 248 245 246 250 250 250 250 250 250 250 250 248 230 48 
54 251 253 253 253 253 253 253 253 253 253 253 253 250 235 101 54 51 51 57 59 67 85 167 229 245 251 253 253 253 253 253 253 253 253 253 253 253 253 253 253 253 253 253 250 228 205 205 228 238 230 222 234 232 222 236 241 245 244 244 242 246 244 231 204 225 209 236 240 231 232 230 234 235 241 222 240 240 228 238 244 250 249 249 245 250 248 245 246 250 250 250 250 250 250 250 250 248 230 48 
54 251 253 253 253 253 253 253 253 253 253 253 253 247 151 52 47 48 55 61 67 72 75 85 103 167 249 253 253 253 253 253 253 253 253 253 253 253 253 253 253 254 254 253 235 211 205 240 250 245 229 234 240 244 247 244 241 232 237 237 231 231 233 227 223 231 219 232 232 232 232 236 237 229 231 213 225 229 229 235 240 240 237 244 244 250 248 245 246 250 250 250 250 250 250 248 245 244 230 48 
54 251 253 253 253 253 253 253 253 253 253 253 253 215 71 52 52 53 60 65 71 77 79 91 114 209 250 253 253 253 253 253 253 253 253 253 253 253 253 253 254 249 250 252 231 209 202 247 251 248 250 223 240 245 248 242 239 246 246 246 244 244 237 205 221 240 238 241 241 246 246 250 250 232 219 247 231 229 230 233 249 249 249 250 245 250 248 245 246 250 250 250 250 250 250 248 245 244 230 48 
54 251 253 253 253 253 253 253 252 252 253 252 249 136 57 58 56 58 64 68 64 66 96 160 226 249 250 253 253 253 253 253 253 253 253 253 253 253 253 253 252 244 248 250 226 156 208 246 250 250 247 228 243 232 242 250 243 245 251 251 248 248 239 189 226 244 246 249 249 248 248 247 247 223 217 246 249 247 224 241 248 248 249 247 242 250 248 245 246 250 250 250 250 250 250 248 246 245 231 47 
54 251 253 253 253 253 253 253 252 250 252 252 240 92 64 53 55 61 64 73 78 149 225 251 251 253 253 253 253 253 253 253 253 253 253 253 253 253 253 253 253 249 247 238 173 170 200 231 247 244 236 234 242 243 250 250 250 245 242 242 246 246 233 210 231 251 250 250 250 249 249 245 233 217 232 242 247 246 237 248 250 250 248 248 242 250 248 245 246 250 250 250 250 250 250 250 250 250 235 47 
54 251 253 253 253 253 253 253 252 250 252 251 222 87 68 57 71 88 104 107 115 203 246 250 253 253 253 253 253 253 253 253 253 253 253 253 253 253 253 253 253 250 242 201 148 183 210 221 227 233 217 223 235 235 245 246 245 248 249 249 236 236 220 224 212 241 240 245 244 239 239 234 224 222 231 242 243 241 237 248 250 250 248 248 242 250 248 245 246 250 250 250 250 250 250 250 250 250 235 47 
54 251 253 253 253 253 253 253 252 250 252 249 205 97 73 72 98 110 114 98 95 180 245 253 253 253 253 253 253 253 253 253 253 253 253 253 253 253 253 253 252 244 211 176 190 218 228 214 197 224 219 221 234 221 218 229 230 236 236 236 234 223 220 212 219 234 233 234 229 218 218 220 233 216 213 241 239 228 237 242 242 241 243 244 241 250 248 245 246 250 250 250 250 250 250 250 250 248 235 47 
54 251 253 253 253 253 253 253 252 250 252 251 197 104 85 88 87 93 96 81 86 157 250 253 253 253 253 253 253 253 253 253 253 253 253 253 253 253 253 253 253 228 216 183 233 249 244 219 223 225 235 246 247 231 216 219 225 229 230 230 235 204 226 210 230 243 243 244 245 243 243 240 234 201 221 221 226 217 235 244 243 243 245 245 243 250 248 245 246 250 250 250 250 250 250 250 250 246 235 47 
54 251 253 253 253 253 253 253 252 251 252 251 186 117 98 93 63 72 76 69 93 141 249 253 253 253 253 253 253 253 253 253 253 253 253 253 253 253 253 253 247 235 199 176 242 250 249 246 212 224 227 226 234 241 236 228 244 248 247 247 229 185 227 244 248 248 248 248 249 252 252 247 225 198 239 234 233 215 238 250 252 252 250 249 245 250 248 245 246 250 250 250 250 250 250 250 250 246 235 47 
54 251 253 253 253 253 253 253 252 250 251 248 176 118 92 89 50 64 72 66 95 112 192 247 252 253 252 252 251 251 251 252 253 253 253 253 253 253 253 253 249 228 165 209 248 250 249 233 221 238 207 241 249 248 249 240 239 247 248 247 214 189 238 251 250 251 249 246 244 244 247 237 226 215 245 246 244 223 244 249 251 251 248 248 238 249 247 246 247 250 250 250 250 250 250 250 250 248 237 48 
54 251 253 253 253 253 253 253 252 250 251 249 170 128 88 74 47 58 61 59 54 58 79 161 220 240 249 250 248 250 250 252 253 253 253 253 253 253 253 252 243 181 155 228 241 246 239 224 225 228 236 249 250 251 251 250 245 236 239 243 205 214 238 251 252 251 250 250 249 246 240 235 226 237 247 248 242 238 247 250 251 251 249 248 235 248 246 246 247 250 250 250 250 250 250 250 250 249 238 49 
54 251 253 253 253 253 253 253 252 250 251 248 153 101 75 57 47 51 43 47 49 53 68 139 170 189 204 215 237 248 249 252 253 253 253 253 253 253 253 252 213 153 170 199 215 224 229 208 213 217 225 244 245 246 246 241 238 243 239 223 182 192 190 224 231 237 242 240 239 229 215 225 222 232 242 244 242 234 241 244 246 246 247 248 235 248 246 246 247 250 250 250 250 250 250 250 250 249 238 49 
54 251 253 253 253 253 253 253 252 250 251 248 145 57 48 50 52 50 47 61 99 113 126 159 167 166 166 170 180 226 245 252 253 253 253 253 253 253 250 233 188 160 173 207 211 218 226 190 187 217 210 219 228 229 227 221 222 225 222 200 204 186 215 227 209 208 213 209 200 203 203 213 222 218 234 231 237 227 240 240 242 241 243 244 234 248 245 244 249 250 250 250 250 247 245 247 250 249 240 50 
54 251 253 253 253 253 253 253 252 250 251 249 171 71 55 50 58 71 76 121 140 106 109 136 157 160 167 175 175 189 235 252 253 253 253 253 253 251 249 213 202 177 210 232 231 228 216 209 200 221 211 187 213 221 217 213 217 210 210 207 206 191 218 217 206 224 223 222 208 203 203 196 210 199 211 209 213 210 215 216 222 221 219 231 232 249 243 239 245 250 250 250 250 247 245 247 250 249 240 50 
54 251 253 253 253 253 253 253 252 251 251 246 178 103 70 55 66 71 92 128 119 61 92 108 134 144 154 167 182 185 216 246 251 252 253 253 252 251 243 225 195 228 249 250 249 245 239 236 244 243 231 224 222 221 222 214 212 215 191 190 208 196 217 213 212 216 233 241 244 242 241 197 205 238 238 236 209 237 241 241 242 242 240 242 235 249 242 235 241 250 249 250 250 247 246 247 249 248 241 50 
54 251 253 253 253 253 253 253 253 253 251 238 142 98 66 62 60 72 124 109 102 65 71 89 109 126 146 169 162 168 192 212 230 246 251 252 251 251 250 250 237 249 252 252 250 250 250 250 249 241 232 223 230 247 250 253 253 246 187 190 232 246 251 253 253 253 251 243 246 248 229 182 215 250 250 232 203 247 251 253 251 250 250 248 236 251 243 235 241 245 245 249 250 250 250 248 245 246 242 51 
54 251 253 253 253 253 253 253 253 253 251 201 110 77 64 65 71 108 132 103 85 62 67 80 91 119 147 159 156 156 188 217 229 241 245 248 250 250 251 251 247 246 248 249 246 244 244 244 243 244 250 247 228 242 251 253 252 245 201 205 243 247 250 252 252 252 251 248 240 236 216 185 223 248 250 220 214 247 251 253 251 250 250 248 233 246 239 233 240 245 245 249 250 250 250 248 245 246 242 51 
54 251 253 253 253 253 253 253 253 252 249 153 93 80 70 67 87 135 133 110 85 77 72 90 105 135 158 164 194 224 236 240 243 238 241 241 245 246 244 244 240 242 243 243 241 240 240 240 238 238 238 242 242 229 235 244 246 236 207 200 246 247 248 250 251 251 249 242 224 206 233 207 226 237 243 214 230 245 251 252 249 249 249 248 230 242 233 223 226 245 245 249 250 250 250 248 245 246 243 51 
54 251 253 253 253 253 253 253 253 246 232 118 87 72 68 67 72 122 141 125 91 79 84 81 99 127 154 199 234 237 235 238 233 229 223 223 235 239 236 236 236 236 236 236 236 236 237 237 232 231 231 236 236 238 236 232 227 214 189 172 193 218 220 217 215 216 218 227 235 220 228 193 211 223 221 212 226 237 239 240 233 232 235 236 231 239 219 203 208 245 245 249 250 250 250 248 245 246 242 51 
54 251 253 253 253 253 253 253 253 251 205 97 78 71 63 57 56 77 100 105 95 82 70 83 110 140 176 225 213 158 153 206 221 207 176 208 229 233 230 230 231 231 231 231 230 230 232 232 226 226 226 230 231 232 235 234 211 189 183 146 217 244 238 234 227 223 225 228 225 219 201 187 202 205 200 208 221 226 235 236 240 240 244 245 244 237 207 190 205 245 245 249 250 250 250 248 245 246 243 51 
54 251 253 253 253 253 253 253 253 253 178 89 80 71 64 48 49 46 55 70 64 62 71 83 105 151 202 225 160 110 89 107 145 145 138 200 227 224 226 229 230 226 225 225 226 227 227 225 224 225 225 226 223 220 225 226 222 227 232 227 236 240 237 239 241 241 243 247 247 241 233 239 236 240 240 241 242 245 247 248 246 246 245 244 243 234 216 207 208 246 246 248 250 250 250 249 248 248 244 51 
54 251 253 253 253 253 253 253 253 253 161 96 83 90 87 50 40 34 47 55 65 63 66 83 122 195 221 221 129 91 54 68 85 113 120 189 224 220 222 228 230 227 224 223 223 223 224 223 221 223 223 222 216 213 215 215 217 224 232 231 231 231 232 232 232 232 236 242 242 245 245 245 245 245 245 240 235 236 240 240 245 246 245 245 238 229 215 210 208 246 246 247 249 250 250 250 250 251 246 52 
54 251 253 253 253 253 253 253 253 252 144 88 84 116 145 106 81 61 85 105 111 109 129 164 193 225 233 225 126 80 73 66 70 102 110 179 218 219 217 223 225 230 225 223 227 230 230 225 216 218 218 217 211 208 205 204 212 218 222 222 222 222 219 219 219 219 221 224 225 232 232 232 232 232 232 229 225 226 230 230 239 239 233 232 226 227 200 196 202 246 246 247 249 250 250 250 250 251 246 52 
54 251 253 253 253 253 253 253 253 248 130 96 80 74 76 67 78 110 157 166 168 184 203 225 224 229 235 228 129 73 60 63 67 92 102 167 211 215 210 218 224 230 227 229 235 237 237 228 216 207 212 215 209 202 198 203 213 214 216 217 216 210 203 201 202 204 206 209 209 209 215 214 213 211 214 217 221 224 223 223 228 228 221 219 221 216 198 184 193 246 246 246 247 249 250 250 250 251 246 52 
54 251 253 253 253 253 253 253 253 243 118 87 72 62 55 51 47 57 85 84 82 111 163 206 223 228 231 220 117 68 42 56 76 96 108 173 212 210 205 213 220 226 228 233 236 236 235 234 233 214 215 215 209 203 205 213 220 218 208 198 201 200 195 199 199 197 196 195 195 198 199 202 203 200 203 209 214 218 215 215 217 218 218 215 213 207 197 190 179 246 246 246 246 249 250 250 250 251 246 52 
54 251 253 253 253 253 253 253 253 243 119 87 72 62 60 58 58 80 97 99 79 56 88 141 197 214 218 222 144 86 71 89 106 103 117 184 213 205 200 208 215 220 219 223 230 233 235 237 229 227 220 215 209 205 214 225 228 227 216 190 182 189 190 200 209 209 207 204 203 201 194 192 192 190 193 199 205 209 206 206 208 208 209 198 190 189 187 177 183 245 246 246 246 249 250 250 250 250 245 52 
54 251 253 253 253 253 253 253 253 244 116 84 76 67 63 63 85 119 132 119 98 69 64 80 144 208 213 215 198 133 116 138 153 162 148 205 197 198 199 205 214 214 215 220 227 229 230 227 209 208 224 211 209 213 214 219 226 229 228 223 207 182 169 186 191 195 199 197 197 198 191 192 185 187 179 188 186 189 200 202 203 201 198 198 178 166 196 167 208 244 244 244 244 242 245 250 250 250 241 49 
54 251 253 253 253 253 253 253 252 244 124 88 74 66 64 65 94 130 122 101 86 61 55 57 82 161 212 218 215 210 191 165 180 190 186 205 194 196 199 205 209 210 210 216 220 220 220 221 208 205 212 214 214 218 219 220 224 227 228 223 225 215 191 169 172 177 183 184 183 181 181 178 187 182 199 210 201 187 191 208 228 226 223 207 202 219 210 171 223 244 244 244 244 245 245 247 250 250 241 48 
54 251 253 253 253 253 253 253 252 248 148 111 73 55 52 53 82 124 112 86 62 64 63 71 92 122 183 220 223 220 216 202 202 202 208 200 195 194 199 205 206 205 206 210 213 212 212 215 208 207 210 209 209 212 213 215 220 224 227 224 225 224 212 192 160 149 155 162 158 176 184 193 216 210 239 242 239 239 241 243 251 251 248 221 232 237 210 175 232 243 243 243 244 248 245 244 249 249 241 49 
54 251 253 253 253 253 253 253 252 246 172 80 77 52 42 46 64 109 110 89 64 53 58 69 103 123 146 189 218 214 222 216 216 213 218 197 198 190 199 205 206 207 204 203 209 213 214 213 208 211 211 211 211 211 211 213 216 218 224 224 224 224 218 216 205 133 91 85 79 157 184 185 209 219 221 220 213 215 217 217 222 227 233 212 223 235 209 189 237 239 239 240 245 249 245 243 245 246 243 51 
54 251 253 253 253 253 253 253 252 219 104 52 70 57 42 46 48 77 114 107 48 53 58 66 98 117 130 132 148 166 187 207 217 220 214 190 189 189 199 205 206 215 212 210 214 218 217 213 208 211 211 211 211 211 211 213 216 217 219 219 219 219 216 219 216 194 105 57 56 123 183 187 211 225 224 228 236 239 242 241 242 240 205 160 161 229 200 198 240 239 239 240 245 249 245 243 245 246 242 51 
54 251 253 253 253 253 253 252 238 108 72 47 48 46 43 47 46 60 110 110 60 52 61 79 100 115 131 127 128 134 153 184 203 210 197 195 184 188 199 205 210 218 221 221 220 219 217 212 209 211 211 211 211 211 211 212 214 214 216 216 216 216 217 214 211 211 186 99 71 93 155 176 203 219 220 221 233 249 252 250 243 217 195 145 134 169 200 205 242 240 238 241 244 246 245 245 245 246 243 51 
54 251 253 253 253 253 253 252 195 67 81 59 46 45 43 42 45 47 83 117 73 62 68 98 104 117 134 134 132 148 174 192 199 201 198 192 186 188 199 205 214 214 217 219 216 214 213 211 211 211 211 211 211 211 211 211 211 212 216 216 216 216 216 216 213 211 211 174 106 95 129 152 179 197 206 210 219 244 253 253 241 206 184 154 135 141 198 207 243 242 236 243 244 242 245 248 245 246 242 51 
54 251 253 253 253 253 253 251 166 61 50 70 85 84 63 43 34 31 42 81 78 80 97 116 116 128 144 148 154 169 196 208 207 203 193 186 186 188 199 205 208 208 212 213 211 208 209 211 211 211 211 211 211 211 211 211 211 212 216 216 216 216 216 216 213 211 207 203 156 113 119 129 150 178 187 194 198 224 248 252 232 192 157 152 130 116 194 207 243 242 236 243 244 242 245 248 245 246 243 51 
54 251 253 253 253 253 251 250 169 64 48 45 43 51 62 73 74 63 48 42 53 94 113 130 130 142 153 147 149 161 199 207 206 206 195 184 186 192 200 202 203 203 209 211 210 209 211 212 209 211 211 211 211 211 211 211 211 213 217 214 214 214 215 216 213 211 211 205 191 135 123 127 130 157 171 184 189 202 225 222 205 166 143 141 126 94 189 202 243 242 236 243 244 243 245 247 248 248 242 51 
54 251 253 253 253 253 251 251 178 65 46 42 41 40 40 39 44 54 66 69 44 91 134 149 153 152 147 149 158 181 209 210 204 204 207 202 193 196 201 201 201 201 209 211 211 211 213 213 208 211 211 211 211 211 211 211 211 212 215 209 212 212 212 213 212 211 211 205 191 144 115 130 132 137 155 167 173 182 209 230 224 152 147 151 126 99 186 196 243 242 236 243 244 245 245 247 250 250 243 51 
54 251 253 253 253 253 253 250 188 66 47 42 42 40 38 42 47 49 54 58 87 86 141 161 164 162 160 153 172 206 208 209 204 204 209 210 204 199 201 201 201 201 209 211 211 211 213 213 208 211 211 211 211 211 211 211 211 211 210 204 199 199 206 208 209 211 211 205 191 144 106 125 141 141 148 155 160 169 186 230 238 167 180 145 133 99 174 192 241 242 236 243 244 245 245 247 250 250 243 51 
54 251 253 253 253 253 252 250 200 70 51 42 43 42 41 43 46 45 49 62 110 132 153 154 149 152 163 185 205 208 205 205 204 202 201 204 208 206 202 202 200 204 214 216 215 215 215 210 211 217 217 214 214 209 207 209 214 217 211 192 174 175 183 200 208 205 203 203 196 157 109 129 143 149 142 144 160 162 172 198 232 184 177 139 124 90 169 191 239 241 230 237 246 245 246 246 247 247 242 51 
54 251 253 253 253 253 251 251 225 71 55 43 43 42 41 43 46 48 59 94 196 243 239 230 225 216 194 198 215 215 213 209 209 206 204 206 208 207 203 203 200 205 212 213 212 211 213 209 212 214 214 214 214 208 206 206 210 215 213 197 144 119 128 177 200 205 205 203 197 186 140 131 138 150 148 145 152 158 165 182 223 170 154 138 121 100 177 187 236 240 228 236 246 245 246 246 246 246 242 51 
54 251 253 253 253 253 252 251 244 93 54 44 43 42 41 43 46 47 99 224 249 247 250 250 249 251 243 227 227 225 223 216 215 212 211 209 208 207 203 203 199 205 209 209 208 207 209 209 211 208 208 211 212 208 206 204 206 210 214 206 155 110 96 131 183 195 202 203 198 201 162 137 158 159 166 162 143 156 160 169 195 166 137 141 120 111 187 182 233 240 228 235 246 245 246 246 246 246 242 51 
54 251 253 253 253 253 253 253 253 146 59 53 47 44 47 51 58 93 213 245 250 250 252 252 252 252 250 246 236 229 230 229 223 221 213 211 208 205 207 207 198 205 205 205 201 198 196 196 196 199 199 199 199 204 206 205 203 202 208 211 188 123 94 117 171 195 194 195 195 197 184 176 185 184 177 174 156 155 153 162 173 174 140 136 131 123 195 180 232 235 226 232 241 246 246 248 249 249 242 51 
54 251 253 253 253 253 253 253 252 213 71 57 52 48 52 58 80 196 249 246 250 250 252 252 252 252 250 248 202 212 216 221 223 223 205 204 203 198 202 202 198 197 196 189 176 169 171 178 178 183 183 183 183 189 197 203 204 204 206 212 220 196 114 93 156 185 190 190 190 192 179 186 179 179 177 169 175 163 156 157 160 166 141 136 131 133 195 182 224 225 234 237 245 246 246 248 249 249 242 51 
54 251 253 253 253 253 253 253 253 246 118 61 54 51 56 70 144 236 249 251 251 251 249 249 249 249 250 250 210 141 178 183 187 188 176 149 144 165 197 198 195 189 172 153 137 133 140 157 160 160 160 159 158 161 173 184 190 191 189 197 212 210 184 113 128 170 182 187 186 188 174 179 182 182 176 172 178 178 163 154 149 158 143 136 131 144 204 224 236 228 228 236 247 247 246 247 248 248 242 50 
54 251 253 253 253 253 253 253 252 250 182 62 53 50 64 133 186 240 253 253 253 253 253 253 253 253 253 253 248 159 111 115 110 128 102 78 59 79 135 181 177 165 118 96 92 98 109 127 141 142 141 138 131 131 133 126 125 129 141 146 177 200 221 211 163 151 170 174 184 188 177 179 186 188 178 172 180 191 197 186 166 149 151 165 176 204 239 242 236 219 215 225 246 249 245 243 245 245 240 50 
54 251 253 253 253 253 253 253 252 248 228 86 78 107 132 171 233 245 253 253 253 253 253 253 253 253 253 253 253 240 144 92 70 66 70 52 47 47 61 135 127 103 68 63 61 70 89 99 119 124 115 111 96 92 90 81 66 70 82 88 113 145 200 224 223 220 210 207 199 200 197 199 204 206 204 203 218 237 239 239 233 228 233 236 238 242 237 238 233 225 221 225 246 249 245 243 245 245 240 50 
54 251 253 253 253 253 253 253 253 251 246 175 157 206 233 245 247 249 253 253 253 253 253 253 253 253 253 253 253 251 242 170 89 71 62 55 57 57 50 68 80 65 62 60 58 68 85 81 100 108 95 90 76 65 64 65 55 55 63 66 71 74 101 197 223 225 225 222 221 226 227 226 231 237 239 238 236 236 236 233 231 228 235 236 236 238 236 232 227 220 215 224 242 249 247 245 245 245 237 48 
54 251 253 253 253 253 253 253 253 252 251 244 239 249 252 252 252 252 253 253 253 253 253 253 253 253 253 253 253 253 253 244 181 106 78 76 72 70 71 71 76 76 72 70 64 67 75 70 80 88 80 78 72 66 60 56 52 47 49 49 55 56 70 147 214 220 219 218 219 223 224 221 226 230 231 230 229 229 229 229 224 224 229 231 230 230 230 227 222 216 211 206 240 247 250 248 245 245 233 46 
54 251 253 253 253 253 253 253 253 252 251 247 244 250 254 254 254 253 253 253 253 253 253 253 253 253 253 253 253 253 253 248 245 197 140 91 87 77 75 75 82 77 82 73 65 62 63 65 69 72 73 71 64 61 56 51 47 43 45 45 51 51 66 119 201 215 214 213 214 218 219 217 222 223 222 224 226 226 226 226 221 221 223 223 221 219 222 226 220 217 212 203 241 249 250 248 245 245 233 46 
54 251 253 253 253 253 253 253 253 253 252 250 251 251 253 253 253 253 253 253 253 253 253 253 253 253 253 253 253 253 253 249 244 185 194 151 87 70 65 65 78 73 75 67 59 57 58 65 71 67 68 66 60 58 57 55 52 46 48 52 46 50 68 137 199 213 215 212 212 214 214 216 219 219 218 220 221 221 220 220 219 219 219 219 218 217 219 223 222 225 219 214 241 247 248 247 246 246 235 46 
54 251 253 253 253 253 253 253 253 253 253 253 253 253 253 253 253 253 253 253 253 253 253 253 253 253 253 253 253 253 253 249 243 195 203 207 90 71 64 64 66 75 75 73 69 67 66 71 70 66 66 65 59 58 59 59 55 49 48 54 46 52 66 137 201 213 216 213 213 213 213 217 218 218 218 218 219 218 215 215 219 219 219 219 218 218 220 223 224 227 220 218 234 243 246 246 246 246 240 50 
54 251 253 253 253 253 253 253 253 253 253 253 253 253 253 253 253 253 253 253 253 253 253 253 253 253 253 253 253 253 253 250 230 189 194 229 173 83 69 69 71 63 64 70 74 73 72 82 68 66 66 65 59 58 59 59 55 49 48 54 60 65 67 127 201 213 216 213 213 213 213 217 218 218 218 218 219 217 210 210 219 219 219 219 218 218 220 223 224 227 220 209 232 244 246 246 246 246 245 56 
54 251 253 253 253 253 253 253 253 253 253 253 253 253 253 253 253 253 253 253 253 253 253 253 253 253 253 253 253 253 253 247 224 208 208 244 240 154 78 70 71 65 60 61 64 69 73 78 79 64 64 62 62 61 57 57 59 54 59 65 66 70 80 127 205 213 219 214 214 215 216 215 215 217 217 217 219 219 216 219 222 217 219 222 207 202 211 215 222 220 206 210 237 246 246 246 246 246 244 50 
54 251 253 253 253 253 253 253 253 253 253 253 253 253 253 253 253 253 253 253 253 253 253 253 253 253 253 253 253 253 253 248 225 205 209 249 248 237 142 78 70 64 60 60 57 54 57 64 70 69 69 66 66 68 69 68 66 67 75 75 81 92 113 175 216 217 216 215 214 209 203 195 194 192 196 200 201 200 194 208 204 198 199 161 121 160 180 196 234 217 198 234 238 244 246 246 246 246 244 49 
54 251 253 253 253 253 253 253 253 253 253 253 253 253 253 253 253 253 253 253 253 253 253 253 253 253 253 253 253 253 253 246 237 194 210 249 246 244 232 149 82 73 62 59 64 61 54 53 58 62 62 68 69 72 78 79 78 83 84 78 80 96 109 115 106 107 119 129 129 130 118 122 124 126 135 151 161 162 158 162 163 159 138 74 81 152 165 184 233 214 215 239 239 242 246 246 246 246 244 49 
54 251 253 253 253 253 253 253 253 253 253 253 253 253 253 253 253 253 253 253 253 253 253 253 253 253 253 253 253 253 253 251 234 166 221 240 244 243 240 236 150 80 72 64 65 61 56 55 54 45 45 49 50 49 49 51 46 36 36 36 36 35 36 36 36 44 62 96 108 112 111 118 124 131 132 138 148 153 154 153 151 153 134 85 92 148 161 179 219 210 227 245 245 245 245 245 245 246 247 51 
54 251 253 253 253 253 253 253 253 253 253 253 253 253 253 253 253 253 253 253 253 253 253 253 253 253 253 253 253 253 253 250 223 186 218 232 230 230 224 231 224 153 79 73 65 60 56 55 54 45 45 41 41 43 44 43 40 36 35 35 35 35 36 36 36 40 47 68 101 107 114 118 124 130 132 136 145 151 154 154 157 150 134 93 85 143 163 177 210 207 232 245 245 246 245 245 245 246 248 51 
54 251 253 253 253 253 253 253 253 253 253 253 253 253 253 253 253 253 253 253 253 253 253 253 253 253 253 253 253 253 253 249 217 192 207 244 227 236 223 241 246 230 166 80 70 58 55 55 54 45 45 43 42 41 40 38 35 36 35 35 37 37 36 36 37 36 38 43 67 93 108 121 125 130 132 138 150 156 155 156 158 145 132 96 77 141 162 175 200 203 235 245 246 246 245 243 246 246 248 52 
54 251 253 253 253 253 253 253 253 253 253 253 253 253 253 253 253 253 253 253 253 253 253 253 253 253 253 253 253 253 253 248 228 201 218 248 240 240 226 246 249 241 225 159 77 67 61 57 55 47 47 43 42 41 40 39 37 37 37 37 40 40 39 38 37 36 38 37 49 86 112 124 125 127 128 138 152 157 159 157 145 133 115 71 61 142 156 169 191 193 235 245 245 246 245 246 242 236 234 49 
54 251 253 253 253 253 253 253 253 253 253 253 253 253 253 253 253 253 253 253 253 253 253 253 253 253 253 253 253 253 253 246 235 202 225 249 250 242 231 242 240 247 245 238 158 83 74 65 56 52 52 48 47 42 40 41 42 42 42 42 40 40 43 43 39 36 38 37 48 82 116 120 120 124 133 145 149 148 148 139 131 119 101 48 47 138 147 155 182 184 234 245 246 246 245 240 213 222 245 60 
54 251 253 253 253 253 253 253 253 253 253 253 253 253 253 253 253 253 253 253 253 253 253 253 253 253 253 253 253 253 253 247 235 194 224 247 248 243 240 226 243 250 251 248 243 166 86 69 63 56 58 55 52 47 45 45 45 45 44 45 43 43 45 43 38 36 37 35 47 82 120 122 121 133 141 141 135 134 138 132 123 108 105 49 56 129 143 147 175 180 233 244 246 245 235 229 231 241 242 53 
54 251 253 253 253 253 253 253 253 253 253 253 253 253 253 253 253 253 253 253 253 253 253 253 253 253 253 253 253 253 253 249 228 174 226 247 246 243 238 237 250 246 245 245 239 236 170 101 74 71 63 61 56 51 50 49 48 48 46 43 45 45 45 40 36 36 37 37 54 100 127 124 124 123 117 118 138 157 159 148 127 121 144 107 82 154 173 163 165 177 231 244 246 243 238 240 247 247 234 52 
54 251 253 253 253 253 253 253 253 253 253 253 253 253 253 253 253 253 253 253 253 253 253 253 253 253 253 253 253 253 253 250 220 190 219 231 234 235 231 240 240 238 229 232 237 244 238 200 129 91 73 68 61 53 50 51 53 53 49 39 45 45 45 40 36 36 33 39 84 116 123 123 122 123 141 161 162 159 156 149 146 137 163 161 166 195 178 163 145 171 228 245 246 247 247 248 246 235 233 48 
54 251 253 253 253 253 253 253 253 253 253 253 253 253 253 253 253 253 253 253 253 253 253 253 253 253 253 253 253 253 253 251 213 205 202 228 223 237 231 244 235 244 244 239 240 240 243 249 248 207 124 71 69 60 50 53 54 53 52 53 49 45 44 39 30 32 34 83 113 104 108 118 124 135 146 147 142 145 156 151 134 117 150 160 177 172 151 153 144 163 230 242 242 247 240 247 244 210 231 45 
54 251 253 253 253 253 253 253 253 253 253 253 253 253 253 253 253 253 253 253 253 253 253 253 253 253 253 253 253 253 253 250 221 208 200 229 233 244 232 248 238 236 241 241 245 249 249 250 249 245 242 160 79 59 55 46 51 52 54 56 53 47 42 36 29 36 76 95 98 99 116 126 128 128 132 132 127 128 134 126 113 111 143 176 190 204 202 183 165 208 240 244 242 229 228 244 231 217 227 42 
54 251 253 253 253 253 253 253 253 253 253 253 253 253 253 253 253 253 253 253 253 253 253 253 253 253 253 253 253 253 253 248 232 209 215 244 247 248 232 248 244 239 236 241 248 251 251 250 249 248 250 227 184 129 71 64 60 60 58 51 44 38 36 31 37 75 104 116 116 112 120 125 119 113 116 122 123 124 130 121 103 95 145 190 189 202 194 157 208 238 236 243 200 221 228 245 227 220 186 33 
54 251 253 253 253 253 253 253 253 253 253 253 253 253 253 253 253 253 253 253 253 253 253 253 253 253 253 253 253 253 253 249 238 205 216 250 250 250 228 243 237 247 249 240 233 235 234 231 231 231 221 218 199 184 152 95 71 68 55 42 37 30 22 30 54 85 121 136 133 130 130 128 121 117 125 135 137 138 138 126 108 95 160 198 172 172 187 191 240 221 201 242 233 218 242 235 214 213 184 39 
54 251 253 253 253 253 253 253 253 253 253 253 253 253 253 253 253 253 253 253 253 253 253 253 253 253 253 253 253 253 253 248 236 192 222 249 250 250 237 239 248 251 251 250 249 246 240 233 228 223 229 213 205 197 192 182 143 74 46 33 27 28 29 39 69 98 128 147 151 144 143 134 126 130 136 143 147 146 143 138 126 108 154 199 192 203 212 240 220 181 230 246 227 207 242 217 211 209 193 45 
54 251 253 253 253 253 253 253 253 253 253 253 253 253 253 253 253 253 253 253 253 253 253 253 253 253 253 253 253 253 253 247 230 186 229 245 246 244 234 245 247 247 245 239 232 236 239 237 232 226 230 212 194 214 238 243 244 123 38 26 30 36 37 46 75 101 127 148 158 156 155 139 130 127 126 121 115 113 109 110 114 118 140 191 202 209 233 242 235 239 242 240 205 236 232 215 210 204 205 43 
54 251 253 253 253 253 253 253 253 253 253 253 253 253 253 253 253 253 253 253 253 253 253 253 253 253 253 253 253 253 253 249 217 213 223 227 222 231 237 241 236 231 230 246 244 243 238 238 239 250 250 226 189 212 247 250 247 117 40 36 38 38 38 49 67 101 130 146 151 148 148 137 117 98 81 59 47 42 44 44 61 91 113 148 184 208 242 247 244 246 246 225 185 240 229 218 196 193 206 44 
54 251 253 253 253 253 253 253 253 253 253 253 253 253 253 253 253 253 253 253 253 253 253 253 253 253 253 253 253 253 253 249 216 211 204 225 224 233 243 238 244 246 248 241 237 244 246 251 250 250 250 234 192 206 247 247 247 136 47 41 42 43 47 58 67 91 118 132 135 126 125 104 83 56 50 49 47 41 37 37 40 65 79 114 203 244 240 242 246 246 245 177 214 225 232 200 206 182 202 43 
54 251 253 253 253 253 253 253 253 253 253 253 253 253 253 253 253 253 253 253 253 253 253 253 253 253 253 253 253 253 253 248 218 217 200 228 234 245 242 249 245 246 234 234 247 250 250 252 251 250 248 238 191 198 234 229 217 176 68 46 44 44 53 66 74 83 93 90 77 79 82 74 61 51 46 41 39 37 36 40 44 48 108 206 241 242 242 243 244 240 234 161 232 229 214 191 206 198 210 45 
54 251 253 253 253 253 253 253 253 253 253 253 253 253 253 253 253 253 253 253 253 253 253 253 253 253 253 253 253 253 253 247 229 215 210 241 243 245 241 249 248 243 239 244 249 251 251 248 243 245 246 235 196 191 168 186 196 208 169 85 56 54 53 62 67 70 71 61 52 55 59 60 54 45 37 35 37 36 43 37 48 99 208 245 232 243 229 222 235 238 185 211 210 210 194 215 191 190 207 43 
54 251 253 253 253 253 253 253 253 253 253 253 253 253 253 253 253 253 253 253 253 253 253 253 253 253 253 253 253 253 253 249 243 211 216 251 249 245 241 249 243 247 250 247 243 241 243 244 236 228 216 227 209 210 187 204 220 225 226 212 147 74 57 60 62 60 59 62 60 57 53 50 44 45 42 40 43 45 45 56 65 126 247 219 180 229 230 234 245 236 184 218 223 195 200 210 177 202 200 38 
54 251 253 253 253 253 253 253 253 253 253 253 253 253 253 253 253 253 253 253 253 253 253 253 253 253 253 253 253 253 253 249 245 204 211 245 249 243 242 244 243 250 249 250 250 246 241 236 234 234 237 231 204 220 201 234 245 249 249 250 249 225 155 104 71 66 53 58 55 49 46 52 50 48 48 50 61 100 161 138 61 197 235 202 226 246 236 234 242 221 204 216 205 189 221 229 197 198 194 45 
54 251 253 253 253 253 253 253 253 253 253 253 253 253 253 253 253 253 253 253 253 253 253 253 253 253 253 253 253 253 253 249 243 191 203 247 249 237 240 236 251 248 245 235 230 237 241 240 240 235 241 239 198 231 241 253 252 252 250 250 250 250 246 236 200 175 97 62 63 70 62 74 101 124 146 175 218 237 215 157 103 236 246 244 245 243 229 236 236 217 218 205 203 209 227 204 191 206 196 49 
54 251 253 253 253 253 253 253 253 253 253 253 253 253 253 253 253 253 253 253 253 253 253 253 253 253 253 253 253 253 253 249 243 198 201 247 241 241 239 238 239 237 240 233 236 243 243 244 245 250 250 243 215 229 235 251 253 253 250 250 250 250 247 241 244 241 206 169 135 156 169 181 219 246 246 242 227 186 151 175 228 243 243 240 244 242 223 242 226 221 225 196 213 205 198 174 195 206 202 46 
54 251 253 253 253 253 253 253 253 253 253 253 253 253 253 253 253 253 253 253 253 253 253 253 253 253 253 253 253 253 253 252 242 208 209 225 224 225 243 247 237 241 251 251 241 243 250 252 252 250 249 245 213 231 237 250 249 251 251 251 246 246 241 240 241 244 226 215 202 249 248 227 226 246 234 191 175 173 167 232 240 234 239 238 234 229 212 239 222 224 205 208 220 196 195 186 214 203 207 45 
54 251 253 253 253 253 253 253 253 253 253 253 253 253 253 253 253 253 253 253 253 253 253 253 253 253 253 253 253 253 253 253 242 215 201 202 223 225 241 248 247 248 248 248 250 254 254 253 252 250 250 247 213 219 223 235 235 243 241 242 246 246 248 248 249 241 233 231 207 250 250 241 208 235 226 174 196 192 226 242 241 230 227 235 241 193 213 222 221 205 202 220 203 196 144 213 212 202 210 43 
54 251 253 253 253 253 253 253 253 253 253 253 253 253 253 253 253 253 253 253 253 253 253 253 253 253 253 253 253 253 253 253 242 219 202 198 223 227 238 246 254 250 244 245 249 255 254 253 252 250 250 247 230 217 185 194 215 237 251 251 251 251 249 247 246 233 243 243 223 250 250 241 191 236 230 210 206 224 238 220 233 210 222 236 234 192 223 211 191 201 223 218 202 198 211 222 204 206 187 42 
54 251 253 253 253 253 253 253 253 253 253 253 253 253 253 253 253 253 253 253 253 253 253 253 253 253 253 253 253 253 253 253 244 227 200 222 235 245 239 243 243 244 253 253 252 252 250 247 246 248 247 245 230 219 205 203 220 248 253 253 253 253 252 249 243 233 242 241 202 246 248 244 187 227 233 225 230 236 217 177 244 240 233 238 225 209 220 209 187 205 212 214 199 205 214 227 207 209 200 42 
54 251 253 253 253 253 253 253 253 253 253 253 253 253 253 253 253 253 253 253 253 253 253 253 253 253 253 253 253 253 253 254 251 230 200 222 247 249 240 239 237 250 253 253 254 255 254 251 250 248 248 242 229 208 221 243 248 251 253 253 253 253 252 249 242 238 227 228 194 242 234 244 200 223 238 239 233 231 214 233 240 242 227 243 215 204 216 194 205 219 217 224 197 208 216 226 205 209 204 46 
54 251 253 253 253 253 253 253 253 253 253 253 253 253 253 253 253 253 253 253 253 253 253 253 253 253 253 253 253 253 253 252 253 230 199 220 248 246 241 227 250 252 252 253 250 248 249 247 246 242 242 246 236 228 220 245 249 252 252 252 250 250 250 247 242 213 225 226 188 227 237 243 213 213 233 240 240 231 229 240 240 233 234 234 221 201 197 207 223 219 212 207 193 193 233 216 201 207 195 40 
54 251 253 253 253 253 253 253 253 253 253 253 253 253 253 253 253 253 253 253 253 253 253 253 253 253 253 253 253 253 253 253 252 229 184 214 247 248 246 241 253 253 253 246 240 245 250 253 253 253 253 252 243 218 227 246 250 249 247 250 244 244 232 223 224 208 235 220 196 212 237 242 230 201 234 245 237 230 229 240 240 220 242 224 217 201 205 218 228 215 214 202 203 216 239 201 202 211 196 39 
54 251 253 253 253 253 253 253 253 253 253 253 253 253 253 253 253 253 253 253 253 253 253 253 253 253 253 253 253 253 253 253 252 230 177 216 242 238 243 238 240 241 239 247 252 252 251 253 253 253 253 252 250 232 233 236 244 242 234 228 218 224 227 225 233 245 245 223 213 210 235 245 238 202 236 238 237 233 238 241 240 208 233 220 204 196 215 230 217 212 209 198 216 237 231 189 220 217 220 47 
59 248 253 253 253 253 253 253 253 253 253 253 253 253 253 253 253 253 253 253 253 253 253 253 253 253 253 253 253 253 253 253 251 224 202 214 229 229 233 226 248 248 251 253 252 248 248 253 253 250 250 252 253 232 224 185 191 220 228 239 234 238 233 228 237 242 246 225 226 211 243 246 234 200 236 243 236 222 230 231 227 210 214 166 191 200 221 228 190 211 189 189 216 221 210 206 205 223 225 55 
63 242 252 251 251 251 251 251 251 251 251 251 251 251 251 251 251 251 251 251 251 251 251 251 251 251 251 251 251 251 251 251 250 226 207 195 209 240 236 230 252 252 248 247 250 252 252 250 250 252 252 251 251 224 215 180 230 237 239 244 244 242 238 237 236 243 244 237 230 205 247 246 240 233 240 237 211 222 231 234 216 219 220 174 190 219 224 224 210 217 195 207 225 217 200 214 196 213 223 52 
37 93 88 86 86 86 86 86 86 86 86 86 86 86 86 86 86 86 86 86 86 86 86 86 86 86 86 86 86 86 86 86 85 84 77 72 77 85 82 84 92 93 90 89 91 93 91 89 89 93 93 87 86 83 84 77 84 88 83 89 89 87 84 82 80 83 85 90 79 71 85 89 84 86 84 77 90 83 82 80 78 81 80 75 76 81 83 80 74 83 71 87 89 89 74 86 79 74 72 23 
