128 130 120 143 146 140 131 130 128 126 123 126 125 125 126 129 128 132 137 133 131 133 128 122 109 96 96 94 87 85 84 82 82 83 83 83 70 85 89 87 87 84 81 87 82 82 84 81 77 78 83 79 82 81 79 78 79 76 78 103 145 224 249 235 218 219 220 220 220 223 220 223 220 192 159 197 195 186 162 98 110 124 124 133 134 134 126 123 128 121 118 121 123 124 133 135 120 122 116 118 
128 130 118 139 140 132 131 130 128 126 129 126 129 128 129 132 136 135 136 132 135 133 127 126 116 96 98 94 89 86 85 82 82 83 87 88 70 87 88 88 87 83 84 84 85 84 82 80 80 79 79 77 82 80 77 82 80 82 106 153 234 247 231 218 218 220 221 222 222 222 227 221 181 165 196 188 192 136 103 111 125 131 136 137 133 124 123 127 124 123 121 127 125 126 170 146 121 117 120 115 
75 78 85 95 103 108 111 113 121 125 125 124 128 128 135 135 137 137 139 134 133 129 126 127 118 94 98 93 87 84 86 86 85 85 88 86 74 87 90 90 84 80 81 84 84 84 85 83 79 78 79 80 80 78 80 82 89 111 170 242 249 229 220 220 219 219 222 224 226 227 217 160 166 183 190 189 113 102 114 123 128 137 135 137 131 127 123 129 126 126 123 122 128 122 124 123 120 123 118 119 
136 119 110 96 83 71 62 52 47 48 56 65 73 82 91 100 112 117 122 124 128 125 122 122 117 96 101 92 83 85 88 85 83 86 86 90 76 84 90 88 83 79 77 83 85 84 84 83 81 78 77 83 80 81 82 85 117 179 243 246 225 218 219 221 220 223 223 228 225 212 161 181 185 198 168 106 109 116 122 123 132 135 134 139 130 127 126 131 127 130 126 122 125 118 117 125 124 123 123 121 
177 177 174 170 170 168 171 171 166 156 142 127 117 107 91 79 66 58 55 55 54 57 60 69 78 74 81 78 81 87 84 81 87 85 84 88 78 80 89 88 84 80 79 83 85 82 80 78 78 76 76 82 84 81 89 127 198 246 239 224 221 221 223 223 224 226 229 227 195 161 194 185 196 152 101 121 128 125 126 132 135 137 134 132 127 129 127 128 132 132 126 124 125 123 126 121 124 120 118 116 
240 233 232 228 222 216 207 200 192 184 178 172 162 156 157 159 159 159 155 147 142 134 124 112 98 88 76 67 60 52 42 44 52 56 61 68 72 78 86 87 84 82 80 80 85 83 79 79 82 80 79 82 87 94 130 206 242 239 220 218 223 223 222 223 226 227 227 185 178 192 193 195 139 110 127 134 127 134 131 141 139 139 137 134 134 135 132 129 133 132 128 125 126 129 127 122 121 119 117 118 
240 245 241 239 240 242 243 245 243 243 242 238 239 238 231 220 212 206 196 187 178 171 163 158 159 156 149 150 149 147 147 139 125 115 103 91 79 65 55 53 55 56 57 59 63 68 70 74 79 84 94 90 101 140 221 246 233 222 227 224 221 223 224 227 227 219 174 189 189 191 185 127 127 146 139 136 137 133 140 146 140 138 137 133 135 133 131 128 126 128 128 125 127 130 129 128 124 122 122 122 
217 211 208 212 213 221 228 228 232 234 236 238 237 234 233 235 237 235 234 237 237 237 237 231 223 217 214 207 196 187 178 171 165 155 142 132 141 145 145 142 138 132 125 118 109 98 85 82 73 64 64 68 136 227 248 228 224 223 225 225 224 223 225 226 213 180 189 189 190 172 136 144 153 153 146 141 139 141 144 141 139 139 138 133 132 130 131 130 130 129 125 123 127 129 130 126 127 125 121 119 
242 243 244 242 241 234 228 227 222 217 214 211 212 211 210 214 217 220 222 222 226 228 225 228 232 229 227 225 225 224 223 222 220 163 104 157 205 202 192 188 176 170 161 156 151 149 151 145 141 141 147 142 203 241 225 225 221 225 224 224 224 224 223 195 177 189 187 188 153 130 154 156 157 152 151 153 146 147 145 143 145 142 138 133 131 126 130 132 130 126 119 122 129 131 132 127 129 121 118 115 
230 243 247 246 246 247 245 244 243 243 241 241 241 240 237 235 233 232 226 221 216 217 211 208 205 207 205 205 210 210 215 216 180 55 31 36 88 190 218 216 221 217 215 217 214 209 202 200 196 187 173 169 169 208 213 217 220 225 224 221 223 222 184 181 195 187 188 141 136 152 157 165 152 153 152 149 149 147 142 141 143 141 137 133 128 125 129 131 128 124 124 124 128 126 123 127 130 123 118 116 
148 142 138 155 161 167 172 183 190 199 207 216 226 231 232 237 235 239 239 240 239 238 233 237 234 231 229 229 228 222 214 180 65 40 45 44 63 87 174 205 203 204 206 206 209 207 209 210 208 208 211 211 210 214 217 216 211 209 210 213 203 172 182 186 186 176 125 142 154 158 160 163 157 154 154 148 150 147 145 145 141 141 138 136 132 131 131 127 129 128 134 133 133 124 122 128 125 125 123 120 
141 141 131 143 142 136 133 135 135 134 134 132 133 139 145 151 156 158 170 178 187 194 199 210 213 223 233 237 239 236 207 81 50 53 61 64 69 79 152 213 212 207 201 196 187 188 192 191 187 178 183 200 203 211 212 215 219 219 219 207 181 188 185 188 155 112 141 157 160 164 161 159 161 154 154 152 150 149 147 148 147 143 139 136 136 133 130 124 129 128 132 133 133 124 122 127 123 121 121 118 
143 142 128 142 140 136 135 132 136 136 136 133 134 137 138 137 134 130 139 138 137 135 130 133 131 124 107 105 118 129 88 47 54 66 71 54 63 67 118 176 189 221 225 224 221 221 220 219 219 217 209 205 203 201 195 193 197 186 162 172 192 183 171 128 123 131 147 155 159 161 151 164 160 157 154 155 150 154 151 147 148 146 142 138 138 130 125 122 131 128 132 130 131 125 118 126 126 127 120 117 
142 142 127 145 140 135 137 136 138 137 136 132 137 140 139 140 136 129 139 141 140 135 129 132 130 128 104 90 88 83 50 49 55 61 75 65 66 77 79 84 58 127 148 164 184 218 226 225 219 222 222 223 223 223 230 229 211 157 166 184 189 161 113 112 136 143 153 159 158 157 155 162 159 160 156 158 153 152 154 150 148 142 140 139 135 131 126 126 128 129 131 129 122 118 117 123 126 122 118 118 
140 142 127 144 143 138 139 137 136 133 135 137 138 136 136 134 118 91 132 143 137 134 132 127 106 91 74 73 72 61 41 45 52 57 68 74 70 81 67 103 51 64 114 142 193 248 236 232 234 232 233 234 235 236 233 200 157 176 182 195 150 111 117 134 146 150 156 159 159 160 158 158 162 162 158 160 154 154 156 153 153 145 141 141 136 133 130 129 130 131 130 126 117 112 113 124 126 118 115 116 
138 142 127 142 146 140 141 138 137 137 139 137 135 136 134 109 80 102 139 138 137 120 80 56 39 46 46 45 36 27 39 57 67 72 72 81 89 74 38 39 43 69 134 197 245 241 235 238 236 238 240 242 243 240 193 171 192 184 186 137 114 113 137 146 154 154 159 159 159 159 159 157 161 157 155 160 157 155 155 153 154 149 143 138 136 136 131 130 129 129 125 122 113 109 114 123 125 119 117 116 
141 141 128 137 149 141 140 138 138 137 137 138 143 137 108 88 78 116 129 127 103 56 27 15 16 20 26 46 52 31 27 66 67 81 78 88 73 54 32 38 55 120 212 249 244 238 239 239 239 241 243 244 236 177 186 199 195 179 139 117 121 136 148 150 159 163 154 158 155 153 160 159 153 154 154 153 152 153 153 154 152 150 146 140 135 132 131 129 127 126 124 120 112 113 117 123 126 120 116 116 
138 142 133 135 152 140 139 139 142 141 137 136 135 142 112 112 79 79 90 76 52 25 17 13 16 15 17 38 52 26 51 59 56 81 82 73 41 32 31 52 106 218 249 243 237 239 240 241 241 246 244 229 165 194 202 200 176 129 124 126 140 146 148 154 161 161 154 153 153 154 157 155 153 153 153 147 149 150 150 151 151 148 145 142 135 131 131 128 129 125 125 122 116 119 120 122 123 116 114 113 
139 144 137 129 149 139 138 136 140 140 137 142 139 139 119 100 88 75 71 55 28 26 21 20 25 30 29 27 32 34 51 49 50 77 94 52 29 32 52 69 202 249 245 241 243 242 244 245 246 248 219 161 201 201 199 155 127 118 130 143 146 144 153 154 153 154 150 144 150 152 152 152 151 149 156 142 148 152 151 151 148 146 144 139 134 132 131 128 130 124 124 123 119 123 120 120 121 117 115 114 
140 138 135 126 146 139 135 136 140 137 141 142 142 141 129 97 86 83 45 32 24 24 35 26 32 34 40 42 50 53 66 63 67 76 89 43 29 53 79 104 226 242 240 241 242 241 243 245 245 202 173 202 197 189 116 129 120 130 140 147 154 154 154 149 150 150 152 147 145 148 152 152 150 150 156 146 146 151 150 148 147 144 141 137 134 130 127 128 129 126 123 123 122 122 120 119 118 117 115 114 
138 138 135 121 145 141 135 137 140 136 139 139 141 139 137 110 84 63 35 34 35 24 39 29 43 49 59 56 38 23 59 76 75 70 79 63 42 63 89 96 184 236 240 242 243 243 247 241 180 178 203 198 178 131 120 125 139 145 147 149 155 152 152 149 149 148 149 146 146 148 150 151 149 152 154 149 143 138 146 147 144 143 140 135 132 129 126 127 124 122 122 122 125 124 122 119 120 116 116 115 
132 136 137 124 149 146 136 134 138 137 137 139 142 142 143 131 90 54 56 34 31 34 49 40 41 63 35 23 20 15 49 70 74 79 82 72 66 70 76 95 133 229 244 246 244 249 235 161 189 205 195 162 124 128 133 149 154 153 149 149 153 146 149 150 151 148 152 150 144 147 151 151 149 150 152 148 145 143 147 146 146 144 140 133 129 130 127 129 124 124 123 122 125 122 125 128 125 115 110 111 
135 138 137 121 145 147 139 139 138 140 138 139 146 150 150 141 87 74 55 41 36 46 43 41 33 55 21 18 23 22 46 68 70 75 74 69 73 64 73 94 112 205 240 246 248 224 154 199 194 193 159 122 125 148 155 156 156 150 150 146 152 151 155 151 147 147 148 141 137 142 145 144 147 147 146 140 138 146 147 143 145 142 142 135 129 131 124 125 124 124 123 122 125 121 124 122 119 117 116 114 
144 150 149 132 151 148 139 140 141 143 141 139 145 147 152 136 91 77 60 40 46 50 29 46 37 57 31 41 25 17 39 60 55 51 55 67 71 68 69 84 97 174 242 239 209 161 203 197 194 100 120 125 152 158 161 159 148 147 150 143 154 155 150 148 146 141 143 142 139 138 142 141 143 141 139 143 141 143 146 144 147 144 144 140 131 131 124 123 124 122 119 121 126 124 123 121 123 117 121 117 
144 150 149 137 153 149 141 140 142 144 146 140 144 146 145 137 94 93 78 45 45 56 32 34 34 38 50 38 32 24 37 49 42 45 51 55 58 63 68 84 96 172 236 192 169 209 208 191 154 134 130 154 159 161 156 154 155 149 153 151 159 151 141 144 148 145 145 143 137 134 143 142 139 136 137 144 142 143 147 147 151 148 147 142 132 131 128 127 126 126 124 124 123 121 123 125 124 118 120 116 
141 146 144 134 142 143 137 134 137 145 146 139 144 139 144 141 98 101 78 45 46 51 46 42 36 36 36 32 27 27 34 36 35 39 34 27 46 60 67 78 99 187 167 173 203 206 175 123 125 140 155 166 155 154 151 147 147 145 152 154 156 150 146 144 145 146 142 140 137 137 147 141 139 140 137 139 140 143 146 145 146 146 147 138 131 131 128 127 123 126 124 125 125 126 123 127 122 119 118 115 
144 146 145 132 136 141 135 138 140 146 151 146 146 146 146 149 113 102 83 65 66 62 46 49 47 38 33 27 24 24 23 27 33 35 38 32 45 55 55 69 144 139 129 157 176 160 125 123 135 150 159 159 155 148 148 142 143 150 148 148 149 142 142 144 146 140 141 140 139 140 145 141 139 144 143 139 141 145 141 143 145 145 144 138 136 135 131 128 126 124 125 121 124 127 122 122 120 118 118 113 
145 146 147 129 132 143 136 139 144 148 151 147 145 147 146 148 131 103 80 79 71 70 59 49 46 36 33 34 39 39 37 35 35 33 29 42 54 46 35 52 80 72 84 89 87 107 121 139 146 152 160 158 154 150 152 148 150 153 150 144 144 142 147 139 143 144 140 132 135 138 140 141 141 139 140 141 141 144 139 139 146 147 147 141 137 136 133 127 129 121 123 125 128 128 119 121 115 118 118 113 
146 146 149 126 126 143 138 143 147 149 151 148 149 147 150 150 143 107 77 54 71 65 66 58 46 41 44 47 46 44 43 35 31 39 40 56 67 44 27 26 53 59 66 59 59 52 81 110 144 151 158 155 151 151 152 147 149 150 155 151 148 146 146 141 131 123 128 126 127 135 138 139 138 137 141 139 139 143 143 141 143 145 145 142 137 136 134 124 124 124 128 134 132 121 117 118 115 116 120 117 
142 148 150 122 123 143 140 144 147 150 151 151 151 148 150 148 146 125 67 25 42 42 62 49 52 56 48 50 52 47 43 34 38 51 58 59 40 34 29 38 60 68 56 44 52 64 76 87 93 125 146 144 143 144 145 146 150 150 150 149 146 142 147 140 136 127 129 132 126 137 141 143 140 141 143 138 140 139 143 143 143 148 146 141 136 134 133 129 125 130 130 131 128 115 110 116 115 117 120 123 
135 137 138 123 123 146 147 143 145 148 151 152 146 151 153 152 150 139 79 38 28 39 36 54 62 70 64 56 54 50 46 48 54 68 64 40 30 33 43 65 77 77 75 80 74 79 71 72 74 82 100 108 131 138 139 134 143 146 150 146 148 145 140 141 141 138 132 131 128 133 141 143 139 140 145 144 143 140 144 146 144 145 145 140 135 133 130 128 125 124 126 130 125 114 112 112 112 121 128 131 
131 129 132 128 118 139 147 143 149 150 150 147 145 152 148 152 150 143 117 60 32 43 57 60 90 80 68 64 67 58 40 47 58 54 42 33 33 42 52 53 43 41 49 49 59 67 65 72 58 47 46 56 78 100 120 133 133 140 148 151 147 140 139 139 137 140 139 130 132 135 139 144 142 138 144 143 144 143 144 144 145 145 144 139 134 131 125 126 127 124 128 126 117 111 109 113 118 126 127 131 
136 135 134 133 119 134 138 140 141 139 138 139 137 134 134 135 137 141 133 89 47 67 81 85 103 81 62 54 69 73 67 54 46 40 40 34 45 57 62 54 52 66 69 62 53 40 37 43 52 55 54 59 64 70 87 103 119 130 140 144 146 140 141 138 135 139 140 122 134 132 130 136 137 132 136 140 143 146 146 143 142 144 141 137 133 128 120 122 126 124 126 121 112 107 105 109 120 127 128 129 
96 99 103 106 104 113 118 121 126 129 130 128 128 122 120 121 125 122 123 112 91 80 76 66 66 71 70 77 72 73 75 48 35 35 50 54 61 63 61 65 67 62 56 57 47 54 60 60 58 52 50 60 63 75 78 90 95 106 123 137 138 140 142 135 138 135 141 132 140 137 131 135 137 139 135 141 144 142 142 142 143 141 136 132 130 127 125 124 127 129 127 116 110 105 106 112 125 130 130 130 
145 139 131 125 123 116 111 104 100 98 93 89 86 83 84 82 87 90 93 99 101 86 40 39 48 55 58 96 71 53 56 85 51 67 58 59 56 55 59 45 46 44 46 55 49 39 44 40 52 52 52 52 56 72 81 85 94 98 96 113 130 135 135 139 135 135 137 134 138 139 133 139 137 138 132 141 141 145 142 144 144 139 138 133 129 123 120 126 128 132 128 111 108 104 106 114 128 132 133 133 
220 217 213 212 206 203 204 197 193 189 186 185 180 177 174 170 167 157 152 144 111 57 28 24 31 37 108 66 47 50 50 73 68 51 40 28 30 42 53 49 39 42 45 52 47 37 28 27 23 31 43 57 63 69 78 78 85 85 84 89 102 124 132 139 134 139 137 135 138 139 134 143 139 137 132 141 142 148 144 144 142 140 137 131 125 120 119 127 130 132 123 106 103 102 106 117 128 132 132 129 
218 219 222 225 233 235 240 242 242 243 241 237 238 236 234 236 234 231 230 218 146 67 40 22 27 43 132 60 49 52 72 67 45 34 28 30 40 45 43 44 48 50 44 46 47 47 48 34 23 29 36 30 38 54 67 76 73 70 72 72 66 87 126 133 138 136 132 133 134 135 135 135 132 132 135 142 143 149 143 142 144 145 138 129 124 121 120 126 126 117 93 94 98 97 108 122 127 136 132 129 
239 240 240 239 233 232 227 225 221 221 221 220 219 218 218 217 213 212 210 213 198 160 58 42 48 38 58 131 81 104 59 36 29 34 28 25 25 31 29 28 37 36 36 48 44 48 50 42 47 50 42 27 24 33 54 62 59 65 63 64 59 58 68 110 123 133 127 133 132 135 136 129 132 135 141 142 146 146 140 141 141 141 136 125 119 117 117 117 93 76 73 65 84 99 113 123 126 136 132 130 
132 134 136 136 141 147 152 159 163 166 172 179 185 191 197 201 204 210 216 221 207 99 56 52 51 52 44 51 56 39 37 29 25 24 18 20 22 21 17 21 31 35 45 43 44 36 38 47 49 50 41 34 45 53 62 68 54 51 72 67 63 59 49 57 92 113 117 121 124 125 123 118 125 129 131 129 129 128 128 130 129 130 127 117 110 108 103 94 89 81 66 63 75 101 118 122 126 130 130 130 
52 54 57 59 62 65 68 71 75 78 83 86 89 95 100 101 107 104 105 104 120 60 56 66 76 128 63 40 47 41 32 25 21 17 18 20 21 19 20 25 30 40 41 49 46 46 50 51 50 54 57 53 51 55 55 61 65 57 67 72 75 70 64 47 47 55 65 64 69 74 78 75 78 86 84 84 81 84 82 81 80 80 81 84 84 86 84 87 90 66 68 58 91 112 120 119 117 122 130 130 
86 82 75 70 70 68 63 60 55 52 48 46 45 43 46 46 46 46 68 139 142 129 108 120 178 101 70 48 41 35 30 23 18 18 28 35 24 23 21 19 18 40 49 51 52 48 45 57 55 61 52 43 54 47 39 58 68 66 61 65 75 64 59 54 37 45 57 60 57 56 63 67 64 67 72 81 77 80 85 89 87 84 83 80 88 95 91 87 86 81 82 91 114 121 118 115 119 123 127 127 
137 138 140 141 138 138 138 139 139 137 138 138 133 131 128 116 113 109 124 150 187 203 216 210 133 69 50 54 47 35 28 25 23 32 36 32 29 22 20 20 21 28 43 35 29 27 23 34 47 50 58 57 63 69 67 63 66 70 75 70 61 49 50 55 55 59 66 66 60 59 55 59 64 64 69 79 80 86 87 85 83 80 82 84 89 92 96 92 88 108 116 115 118 120 114 115 119 118 121 121 
214 211 207 204 199 195 192 186 181 183 179 175 173 166 151 149 154 124 147 185 210 232 230 169 154 141 132 146 91 43 30 29 40 36 27 30 29 25 22 21 20 21 28 20 22 22 20 22 26 30 30 39 56 67 78 75 68 67 74 72 61 54 51 59 63 67 68 65 65 67 64 59 58 64 67 64 68 78 89 88 94 94 99 116 134 139 139 131 121 128 126 122 124 119 116 114 119 118 123 122 
173 179 187 193 196 192 181 190 194 195 198 200 216 204 137 158 208 173 236 232 240 213 162 156 179 187 180 171 161 69 36 40 43 43 32 28 23 24 19 18 20 18 21 20 21 18 20 20 17 17 21 16 22 32 55 68 77 80 80 79 68 62 60 53 54 62 63 62 67 65 63 57 55 57 65 80 103 125 136 127 117 92 89 97 114 127 132 132 134 130 127 125 125 123 120 118 121 122 121 121 
148 154 162 167 169 153 144 155 156 157 159 174 145 98 113 135 167 223 236 232 203 163 166 175 185 181 178 174 172 105 37 41 41 56 36 26 21 19 19 19 20 21 20 20 19 18 21 21 18 17 17 20 22 22 29 50 67 82 77 79 73 69 60 39 44 66 70 55 57 57 55 55 71 93 117 136 139 141 102 79 69 61 69 94 118 125 130 130 131 130 129 127 122 120 120 119 120 123 123 125 
137 135 135 138 138 130 140 150 157 160 150 79 59 113 169 206 229 236 233 184 166 160 175 180 179 176 169 167 172 110 42 49 68 57 39 25 21 17 16 15 15 17 17 18 19 34 31 20 18 18 19 19 20 25 29 29 48 69 80 75 75 72 57 37 39 49 52 57 56 70 80 93 101 119 132 130 131 126 84 85 81 82 69 100 126 128 130 132 129 130 132 131 123 121 126 126 119 119 123 124 
139 133 133 139 140 132 140 151 157 111 54 44 103 186 213 232 234 224 181 166 175 171 178 178 172 173 171 170 175 117 41 60 64 33 28 21 19 21 21 22 24 31 25 25 27 39 34 19 20 23 29 30 37 43 50 45 33 46 56 65 69 74 49 37 38 57 74 80 87 92 103 89 88 85 93 95 100 95 89 88 85 78 84 115 128 133 132 131 128 132 133 130 124 122 122 116 115 120 121 120 
145 148 150 151 151 138 145 131 73 45 72 155 198 219 234 235 219 174 175 180 177 182 176 175 168 172 171 171 176 113 42 67 58 25 20 17 17 20 23 27 29 31 28 27 26 31 41 39 39 36 43 57 61 61 57 58 34 36 62 73 84 87 88 72 88 102 104 103 98 100 100 96 92 95 92 91 100 96 74 74 78 70 106 132 131 132 129 131 128 129 131 125 122 123 122 114 114 115 120 114 
189 190 186 181 176 158 106 53 59 121 182 207 228 232 236 208 175 184 187 182 179 170 168 172 168 170 169 167 168 106 64 39 34 22 19 19 18 18 19 20 24 30 32 36 34 40 45 39 42 50 53 49 52 65 59 65 58 45 53 79 85 89 99 130 156 159 157 149 136 125 108 108 103 114 96 100 122 119 114 132 103 118 131 132 132 132 125 131 129 127 129 125 124 121 116 112 115 115 117 109 
170 171 172 169 155 81 63 108 164 193 211 233 231 236 200 181 183 187 181 176 171 170 170 173 170 163 164 166 165 114 64 29 30 23 20 22 20 21 20 23 32 36 47 51 50 47 37 43 40 31 29 23 22 40 49 55 65 66 60 72 86 86 105 139 154 161 173 171 179 166 153 145 137 122 96 152 155 154 149 137 140 141 139 139 134 137 132 133 129 126 129 127 127 120 116 110 112 114 114 107 
165 172 166 140 73 117 161 169 196 215 234 234 227 203 184 185 185 187 179 173 166 168 168 170 169 165 164 169 170 111 53 31 26 23 21 23 24 32 33 30 39 50 53 45 55 50 53 49 53 48 36 27 35 47 63 58 61 57 64 72 87 90 106 133 137 141 142 137 145 146 144 143 144 139 139 136 138 139 131 144 139 145 140 140 134 134 134 133 127 128 131 127 127 123 120 117 117 115 111 109 
167 166 118 117 183 172 175 202 221 234 237 221 178 185 188 181 183 179 175 171 169 166 169 172 169 164 165 166 171 119 60 36 30 24 25 27 31 35 46 51 50 50 49 55 63 57 55 50 57 51 64 59 54 72 65 61 65 68 62 73 85 90 107 132 134 138 141 140 134 138 138 135 138 146 144 142 139 137 133 139 142 144 139 138 136 134 133 132 128 129 131 125 126 125 122 120 121 112 112 112 
147 126 174 195 172 174 205 222 235 231 220 189 180 184 181 179 171 170 170 170 168 167 169 168 164 163 168 165 165 143 87 58 32 30 30 28 29 31 41 54 49 46 38 31 43 45 55 47 54 70 65 61 34 61 63 47 59 61 52 77 83 94 113 133 134 135 137 133 134 137 140 141 145 145 140 135 137 137 140 143 143 140 135 132 127 128 129 129 128 128 127 125 122 119 123 120 118 118 119 122 
160 187 194 169 186 210 228 239 232 199 188 191 182 176 173 167 159 167 169 169 168 167 166 163 162 161 167 163 162 165 129 94 40 40 40 27 28 38 49 46 32 24 20 22 21 23 44 66 61 76 60 65 42 53 72 68 60 64 42 75 86 100 123 134 134 136 138 134 138 145 142 133 141 143 140 138 139 138 144 144 145 139 138 136 129 128 129 128 130 127 127 129 125 121 121 121 118 123 123 126 
190 190 161 186 210 234 237 222 195 191 196 190 180 170 168 166 158 166 166 162 163 165 163 163 165 162 160 160 162 160 143 104 54 35 36 45 47 54 53 31 23 17 19 18 20 26 32 47 53 81 78 57 61 65 75 75 65 64 67 82 90 106 126 135 135 134 136 133 137 140 140 134 141 138 135 138 139 135 142 143 144 137 137 133 129 127 125 125 126 123 123 128 126 124 120 124 123 123 126 127 
193 162 195 213 232 232 213 175 180 194 191 185 177 169 167 162 157 161 164 162 160 163 163 161 162 162 158 159 163 158 140 96 76 58 55 40 43 64 53 25 17 18 18 19 20 25 23 38 65 77 73 50 48 52 75 63 57 60 82 89 94 111 126 135 135 138 133 131 135 137 142 137 144 141 139 138 138 140 140 142 141 137 132 131 131 126 127 128 126 124 121 127 124 123 116 122 120 126 126 124 
174 199 217 232 235 209 162 178 183 187 184 180 175 169 167 163 161 158 163 164 160 162 159 158 158 159 160 158 163 166 121 70 40 43 34 21 29 48 39 24 18 18 18 18 19 22 24 28 47 61 61 72 65 59 80 48 48 53 84 90 96 114 133 135 138 142 137 137 139 135 137 137 143 142 141 140 139 141 139 142 146 139 128 135 133 129 129 126 124 124 121 127 124 124 123 124 119 125 124 122 
205 223 233 234 203 184 156 175 180 181 182 176 171 168 164 161 161 160 162 163 161 160 157 156 157 158 158 160 165 166 121 42 36 30 22 21 34 39 23 18 20 18 17 18 19 19 21 23 24 30 54 76 72 55 69 59 66 79 85 89 98 120 139 137 141 141 141 140 140 142 140 142 144 146 139 140 139 136 139 144 145 140 135 138 132 130 129 124 121 121 119 119 118 123 121 121 117 125 125 123 
228 233 231 202 179 181 156 169 173 174 174 171 169 169 166 163 161 160 163 163 160 160 160 157 154 158 157 158 164 163 108 37 34 29 21 27 37 29 21 18 19 21 24 24 17 18 18 20 20 24 57 74 84 64 63 64 72 82 79 84 102 126 137 139 142 143 140 141 133 142 143 145 147 149 138 141 142 142 144 143 144 145 142 137 134 134 132 127 122 119 120 123 124 124 122 124 122 127 127 127 
232 222 187 181 177 178 156 165 169 171 172 170 169 170 168 167 163 162 161 166 162 161 159 155 154 158 155 156 163 162 98 35 41 46 34 25 24 23 19 18 18 20 23 23 18 19 18 18 25 56 64 60 82 79 73 64 78 82 72 84 110 132 136 135 141 146 142 140 134 141 145 149 149 149 143 140 147 148 147 143 146 147 141 141 139 130 127 128 124 119 123 125 128 125 127 127 123 129 131 131 
219 187 180 172 168 177 151 161 168 170 171 171 169 172 170 170 165 164 159 168 164 164 162 157 154 159 160 156 160 158 105 50 37 44 36 24 19 19 19 18 19 18 17 20 20 19 19 19 35 84 60 42 62 77 63 58 79 83 75 91 117 134 138 136 140 143 142 144 144 144 147 150 146 143 146 142 149 145 143 145 148 149 147 141 134 132 127 128 126 124 127 122 127 125 123 131 127 128 130 131 
182 177 166 167 169 176 149 164 166 167 174 170 170 172 171 166 162 161 163 167 168 159 161 159 159 161 161 159 158 158 115 70 49 41 28 22 21 19 19 19 18 15 19 35 41 31 36 38 43 73 78 63 72 76 61 48 54 49 66 100 124 137 141 138 142 146 143 145 146 146 149 151 148 143 140 147 147 148 146 144 144 144 146 137 133 131 131 128 127 128 127 124 126 126 126 129 132 129 132 133 
176 171 164 167 166 174 152 158 169 169 173 169 170 172 171 166 163 164 167 168 165 162 163 161 162 160 160 161 160 159 136 93 53 33 25 21 20 19 19 19 19 19 20 23 26 48 54 62 46 71 61 71 64 54 47 42 38 40 76 112 138 144 141 142 143 144 142 144 149 151 149 147 148 145 148 147 145 149 146 144 145 144 144 144 140 135 131 124 128 128 124 126 129 133 131 134 133 138 137 136 
171 166 163 166 171 173 156 157 169 169 173 173 171 172 171 166 166 165 163 167 168 163 167 163 161 158 156 156 160 160 149 76 28 24 26 22 20 19 19 19 20 22 28 25 27 54 65 72 43 47 40 56 67 41 50 47 43 65 102 130 142 148 146 145 142 145 148 150 150 150 152 154 152 146 152 145 145 145 145 145 146 148 143 145 141 136 132 134 131 130 129 130 128 134 134 136 136 133 138 138 
168 163 163 167 171 171 158 155 167 169 172 174 172 172 169 166 167 166 164 168 170 163 166 163 163 158 156 156 157 158 146 57 29 23 23 22 19 20 20 18 26 39 57 63 51 49 68 54 44 26 20 26 36 26 34 39 57 91 125 140 145 147 146 144 140 145 147 150 152 150 151 154 151 151 148 147 150 147 144 142 145 138 138 143 140 137 136 135 132 132 130 132 132 136 137 136 139 136 137 138 
166 165 165 166 170 174 168 153 171 172 170 171 172 169 171 168 166 167 167 169 171 167 171 166 159 162 160 154 157 154 152 79 36 28 25 21 20 20 17 24 38 37 42 54 72 49 34 27 27 19 19 19 20 23 35 45 76 110 132 140 141 145 144 143 140 147 146 142 147 154 154 156 152 154 149 147 148 147 144 145 145 134 146 145 140 138 136 134 133 133 133 138 138 135 138 138 139 139 139 137 
165 164 165 168 171 170 167 141 174 173 169 172 173 171 173 170 165 165 167 167 166 173 172 169 165 165 160 156 159 156 156 103 45 32 27 23 23 22 22 23 23 20 20 21 30 47 29 23 16 20 20 20 18 27 37 52 78 103 116 129 135 147 147 146 146 151 142 148 156 158 154 155 153 154 150 148 149 149 146 144 151 146 143 144 140 140 138 135 136 139 136 138 140 135 137 139 138 140 143 138 
167 163 164 171 172 170 167 142 173 173 170 173 174 174 174 170 166 165 167 166 163 171 170 167 170 166 161 164 159 160 154 110 54 31 29 25 25 18 18 19 20 19 18 17 16 18 23 19 20 19 17 19 19 27 44 67 78 88 101 123 139 150 146 144 147 150 153 156 158 158 157 155 154 154 152 149 151 150 148 144 148 148 146 147 144 138 136 132 133 140 139 137 139 138 137 139 138 140 139 135 
168 165 167 171 173 173 170 145 170 175 172 173 176 174 173 169 166 163 167 166 163 165 170 166 169 166 164 167 155 158 157 117 81 39 34 29 25 19 18 17 18 18 18 17 16 14 19 17 16 15 19 19 25 45 48 67 72 81 94 116 140 146 148 142 144 149 156 157 157 156 158 154 153 153 151 150 151 151 147 147 149 148 151 145 145 137 133 133 132 139 143 142 139 134 137 139 139 140 137 136 
171 173 175 174 174 175 173 147 164 171 168 169 174 174 170 168 168 165 169 164 164 162 168 166 168 166 166 167 157 156 155 109 80 40 34 27 20 19 18 17 18 19 19 17 18 19 21 18 19 16 17 20 47 56 44 60 72 77 88 109 136 147 152 147 147 151 156 155 155 155 157 158 155 157 153 152 144 150 148 151 151 141 145 146 137 133 129 132 131 137 140 141 144 138 138 141 141 139 136 132 
169 173 177 174 172 174 172 146 163 173 169 172 174 173 167 168 168 164 166 156 153 148 149 146 153 157 156 157 155 153 155 107 67 37 37 27 23 19 18 18 19 20 19 18 18 19 19 16 17 21 26 26 39 41 49 62 74 81 91 111 137 147 147 149 151 151 155 154 154 149 149 157 154 155 153 154 147 156 154 154 153 149 151 142 136 128 126 128 130 139 143 140 144 142 140 144 144 139 136 130 
176 172 176 174 174 174 167 144 161 173 170 173 173 173 167 168 165 166 160 144 122 104 95 87 91 93 102 122 131 148 155 102 68 32 34 25 21 19 20 19 19 19 19 19 18 18 17 16 15 19 20 22 35 50 58 61 75 84 89 103 127 140 145 149 151 151 153 155 156 156 155 157 157 158 156 150 153 155 158 160 154 148 145 139 130 121 120 127 133 142 144 143 142 143 141 143 143 135 139 132 
175 172 176 179 178 172 177 150 158 172 172 171 173 173 166 167 165 161 145 115 95 77 64 56 46 43 54 71 84 110 134 108 63 32 30 26 24 23 23 19 17 18 18 18 18 17 15 15 18 24 36 48 47 40 40 50 52 51 57 76 99 128 139 143 146 144 155 153 157 157 157 156 156 159 160 155 153 155 159 159 156 154 143 131 123 117 120 130 138 146 146 146 146 145 146 147 144 141 141 135 
175 177 176 176 178 174 175 167 160 167 167 170 171 171 167 169 165 154 127 94 79 78 70 67 53 45 52 66 63 77 109 75 45 28 28 27 23 28 22 17 18 18 18 18 17 16 15 19 25 34 41 41 39 38 41 48 44 43 34 36 50 81 116 129 140 140 154 152 157 155 157 155 158 161 159 154 152 157 156 159 150 136 135 121 111 117 124 136 142 148 149 151 151 148 149 149 144 144 138 132 
175 177 170 176 177 175 172 166 147 164 167 172 169 166 169 174 172 155 115 85 68 63 70 72 67 55 41 64 66 50 50 47 40 28 28 27 27 25 20 18 18 16 16 15 15 16 17 20 24 31 26 27 28 28 33 39 41 45 40 34 34 49 92 110 113 127 143 148 154 157 156 157 158 157 156 157 155 156 157 144 119 100 107 103 106 118 131 142 149 151 151 152 152 147 149 147 145 143 138 131 
171 174 174 177 175 175 172 170 142 170 168 170 169 165 169 181 180 155 122 97 78 68 64 52 61 57 65 83 66 40 35 35 37 27 26 24 22 20 21 20 17 17 16 16 17 18 23 28 33 37 27 27 30 33 34 37 39 39 33 47 53 53 65 79 83 88 97 119 141 147 151 158 160 157 158 158 151 151 117 80 76 85 92 92 109 129 142 150 152 150 153 156 154 149 145 149 147 139 138 128 
174 176 179 177 178 177 171 171 144 171 171 174 169 167 176 189 189 168 139 120 100 81 86 63 58 121 130 107 73 41 28 37 39 28 27 23 22 22 22 20 18 19 19 19 19 22 28 33 35 37 31 32 31 29 34 38 35 38 40 61 75 62 38 44 50 64 76 83 97 115 137 150 155 157 158 162 154 144 97 79 66 68 84 93 118 138 149 150 152 154 154 154 150 153 147 150 147 141 135 123 
177 183 182 176 178 177 173 171 146 168 172 172 167 166 173 194 197 184 159 134 121 111 90 87 60 94 154 133 83 47 31 59 50 25 22 27 25 23 23 23 19 21 21 20 21 24 28 28 31 34 32 28 30 29 30 39 53 60 66 62 53 50 43 38 54 68 72 67 75 89 94 114 139 157 160 162 152 134 98 85 76 60 79 102 133 144 148 150 154 152 150 147 152 151 151 146 145 140 131 118 
186 185 179 178 179 178 173 168 150 167 172 168 166 163 173 188 205 192 171 146 123 121 105 93 67 56 102 155 137 66 40 65 34 28 23 26 35 28 32 24 19 20 21 20 23 27 28 26 27 28 30 28 25 26 24 34 45 38 41 34 31 34 34 38 63 76 75 61 58 66 75 76 85 107 145 150 146 96 89 86 81 64 87 125 147 154 154 151 155 155 149 148 152 146 147 149 144 134 127 115 
186 186 179 178 178 181 176 170 153 164 173 168 171 172 189 205 207 200 181 160 146 129 118 108 98 92 78 73 101 120 64 51 46 43 38 47 39 29 26 22 18 21 24 24 26 26 29 30 33 30 29 31 30 27 30 33 41 37 29 29 31 30 32 40 57 76 76 75 74 67 68 64 67 62 72 101 81 91 87 84 71 95 127 151 151 156 157 155 157 153 151 152 153 142 146 150 141 129 119 111 
184 183 182 179 178 180 176 172 154 163 174 173 172 173 185 206 211 202 185 167 152 137 127 118 112 103 95 70 40 25 26 45 55 49 34 34 27 30 28 35 30 24 27 26 30 26 32 33 35 33 32 33 32 33 35 40 35 41 46 41 38 34 43 58 66 77 71 67 78 70 66 64 61 54 66 62 75 75 83 89 116 149 150 154 155 153 159 156 153 148 155 149 155 151 151 147 136 119 108 105 
182 182 182 177 178 178 176 173 159 161 173 172 172 173 180 200 215 214 199 182 166 150 137 129 119 110 97 87 64 35 31 36 58 62 52 39 37 36 28 26 35 41 45 45 46 32 33 38 33 33 36 36 34 33 40 51 61 75 68 53 52 41 48 72 77 74 69 66 70 64 65 70 61 60 55 66 58 75 97 146 157 153 150 154 155 154 158 154 153 144 150 151 153 155 142 114 112 101 99 101 
181 183 184 176 178 177 179 175 160 155 174 175 171 169 172 184 197 207 206 196 181 164 151 138 122 115 106 97 81 56 54 49 67 67 60 58 61 56 47 33 30 30 35 42 52 44 35 36 36 33 34 36 36 41 50 76 76 80 83 75 71 64 61 71 78 72 65 60 61 63 62 66 62 59 70 57 70 71 87 137 152 154 153 153 156 154 152 152 152 145 156 154 151 106 98 86 88 92 94 101 
184 183 186 176 178 176 180 176 167 153 173 174 171 171 171 175 182 197 205 202 192 183 171 160 149 139 128 114 98 90 78 68 72 74 68 65 69 70 64 39 34 40 43 41 44 45 49 48 41 41 35 40 47 53 70 80 74 76 80 80 79 76 74 71 67 67 66 55 44 45 54 67 68 63 61 54 68 67 77 96 140 154 153 152 151 148 148 153 149 145 155 155 124 85 73 70 87 87 95 109 
181 177 178 177 179 179 180 177 170 148 176 178 171 171 173 172 170 176 182 192 192 190 183 174 167 160 156 146 133 119 108 103 96 92 89 90 89 89 86 69 49 50 67 74 70 59 61 75 74 71 58 66 77 81 74 72 85 87 86 80 77 79 79 77 75 79 74 62 49 43 49 54 58 56 59 55 57 64 69 85 92 123 140 150 151 150 153 154 144 146 154 150 111 86 70 59 75 86 91 119 
181 176 177 181 181 181 179 180 176 147 175 173 168 171 175 171 167 170 170 172 170 173 175 177 176 173 170 163 157 154 149 142 136 125 122 122 122 127 120 124 105 103 100 93 101 114 118 107 101 95 79 80 83 83 83 83 88 84 91 92 88 89 90 87 83 85 81 71 60 58 60 56 57 54 55 58 54 50 60 72 86 89 96 108 127 146 155 158 153 150 154 141 87 76 60 67 64 83 98 130 
182 174 179 177 181 182 177 179 176 150 174 175 171 169 171 170 167 167 166 167 165 162 157 158 162 164 165 168 169 163 161 160 154 150 150 156 159 150 147 145 145 155 167 160 176 176 170 158 138 126 88 71 78 83 92 100 102 97 97 104 103 98 100 99 100 98 97 97 94 90 90 90 90 86 76 74 69 57 47 59 76 87 87 81 80 86 104 111 120 127 117 101 71 67 65 67 65 83 118 140 
179 175 177 178 177 182 177 178 178 154 172 174 171 172 171 175 169 166 167 168 167 160 157 160 161 157 162 161 164 163 164 157 154 157 161 162 161 155 156 160 159 159 171 182 202 204 198 188 176 158 122 82 87 94 100 107 110 111 114 114 114 116 119 118 121 124 125 131 133 136 136 145 147 140 137 135 125 99 68 58 57 68 80 80 67 62 70 68 70 73 76 74 74 72 69 70 72 112 141 148 
172 177 178 178 176 182 179 182 180 160 171 172 172 178 170 172 170 166 166 167 167 158 157 161 159 161 160 158 164 163 162 153 156 158 157 160 162 158 160 163 162 162 166 168 179 191 203 212 205 188 160 109 122 128 128 122 124 131 136 139 142 143 141 149 149 147 146 152 158 163 160 163 166 168 166 168 169 164 132 91 73 56 60 59 56 58 63 65 68 70 72 71 72 74 72 106 135 145 148 148 
177 181 179 182 177 181 178 180 178 162 171 173 174 175 170 171 167 167 170 166 164 162 159 157 157 153 159 159 160 158 159 157 157 158 159 161 162 163 163 163 159 160 165 167 168 164 168 180 188 187 175 148 153 159 167 155 147 148 161 158 156 156 160 160 164 157 160 164 163 166 168 169 169 171 168 173 166 166 170 146 109 80 70 70 70 80 83 78 85 94 95 106 118 129 139 155 154 155 150 147 
178 181 183 183 178 179 181 177 176 163 165 174 173 171 169 167 168 168 167 166 165 162 158 158 159 157 157 161 165 165 158 161 161 155 159 159 159 162 163 166 166 167 162 170 170 165 169 168 167 164 149 158 164 162 171 167 159 156 162 161 157 160 161 160 166 168 166 165 169 171 171 171 170 171 171 171 167 171 167 166 156 153 163 156 161 162 160 160 158 157 159 162 164 160 155 155 155 152 149 147 
182 177 179 183 181 179 180 180 178 169 164 172 170 168 167 168 168 171 162 171 165 164 161 160 159 163 159 156 163 163 159 162 160 156 157 157 160 161 167 170 168 169 166 169 168 166 173 175 168 169 147 165 168 164 161 166 162 160 159 160 160 160 165 167 171 169 170 171 172 175 175 173 173 172 170 174 170 172 169 168 158 158 163 164 165 164 165 163 162 161 163 166 168 163 160 154 156 157 152 149 
182 175 180 180 178 179 180 177 179 171 159 176 174 170 166 168 169 170 169 166 165 164 161 161 160 160 160 159 159 161 159 162 159 156 160 157 161 164 165 168 168 168 170 170 172 171 171 175 167 171 148 163 174 165 166 163 162 165 163 166 160 164 167 167 173 173 172 171 173 178 176 173 175 176 173 176 169 168 172 169 160 164 167 167 164 165 166 165 162 161 164 167 169 164 162 156 158 158 153 151 
182 179 179 177 177 181 181 176 178 174 152 174 174 169 165 169 169 167 172 171 167 164 162 163 161 161 161 163 164 159 158 162 159 157 160 159 160 163 163 168 167 166 168 168 172 174 172 174 165 165 156 163 170 171 165 164 165 166 166 168 162 163 170 171 173 174 166 166 175 178 176 176 176 173 170 174 173 171 174 174 168 168 171 170 166 168 167 166 166 165 165 169 168 165 160 159 157 155 151 151 
185 179 179 184 185 187 177 180 181 174 150 174 171 170 169 171 171 172 173 173 171 167 165 164 162 163 162 164 165 165 162 158 161 161 159 160 163 164 165 170 167 168 171 172 175 174 174 176 172 177 168 151 171 170 172 167 172 171 171 171 168 168 174 176 173 173 178 176 178 176 178 179 181 179 176 177 178 175 176 176 173 173 172 168 170 173 170 169 168 167 165 168 167 163 160 163 161 157 151 149 
185 181 181 183 180 182 183 183 180 177 157 180 172 170 171 173 170 174 175 176 173 168 167 168 166 165 163 164 165 166 165 162 160 163 163 161 166 167 165 170 172 173 174 171 173 175 173 172 172 184 172 151 172 172 174 171 172 168 170 170 172 172 172 176 176 178 177 180 175 181 179 178 178 179 172 171 178 179 182 181 181 180 175 172 172 172 173 172 171 169 168 169 167 161 157 162 161 156 156 151 
188 178 176 183 186 184 190 185 180 183 161 176 174 171 172 174 173 174 173 174 175 171 166 168 165 164 164 164 166 164 166 167 161 167 170 165 166 168 162 167 172 172 173 173 177 180 178 174 172 168 174 146 174 174 176 174 172 176 176 173 173 174 171 175 179 175 180 174 158 179 178 182 183 176 169 172 179 180 180 176 177 176 174 176 175 172 172 172 170 168 169 167 166 159 157 159 159 157 154 149 
182 179 179 182 183 187 190 187 178 180 164 168 177 174 175 175 173 173 171 173 174 171 168 173 168 165 165 165 165 164 166 167 163 166 167 166 169 167 165 169 168 172 175 175 178 181 183 179 172 168 175 150 173 179 180 176 175 178 177 174 173 176 177 176 177 177 178 178 174 181 179 182 184 179 175 179 181 180 181 176 177 177 177 175 172 171 174 173 166 169 174 167 165 160 160 157 162 156 153 150 
186 185 184 186 180 188 189 189 180 179 170 167 181 177 177 176 176 177 175 175 175 174 172 175 170 166 164 166 168 169 172 173 169 167 170 170 171 166 172 172 173 171 177 178 180 184 184 180 176 172 175 157 171 180 181 177 179 179 178 174 175 177 180 179 179 182 181 183 184 181 182 184 183 178 174 177 182 184 185 180 181 179 178 176 174 172 177 177 171 173 174 167 165 159 156 152 160 158 155 151 
187 185 182 182 180 186 186 191 182 181 174 170 181 179 177 176 175 174 172 173 177 177 174 175 169 167 167 167 170 170 171 173 169 168 172 171 173 176 178 173 177 172 177 180 182 186 182 179 179 178 173 166 167 178 176 177 182 181 180 176 178 179 178 181 184 184 185 184 183 181 184 185 180 178 177 177 180 182 183 180 179 179 178 181 179 176 175 176 177 175 175 174 172 164 164 161 159 160 158 151 
