77 72 79 69 60 50 53 57 48 55 68 66 58 60 58 81 90 74 58 66 64 67 72 74 78 59 63 64 53 48 92 64 53 52 62 82 81 77 65 86 54 56 50 52 131 97 44 49 59 53 49 95 71 55 27 33 43 44 51 52 38 37 58 45 53 76 48 52 48 53 80 69 77 106 85 62 70 83 80 60 55 86 55 37 42 49 52 73 78 57 66 57 55 55 49 41 42 51 68 91 
62 68 77 64 54 46 57 70 54 61 53 61 61 68 54 56 72 82 51 53 69 68 65 65 63 54 63 67 58 52 111 71 58 67 74 76 64 56 75 64 37 50 56 43 131 78 53 74 82 67 68 118 80 60 69 67 66 54 50 46 41 46 46 48 45 57 65 45 52 51 68 53 44 64 56 67 105 78 61 57 90 75 80 74 84 95 88 34 40 48 68 61 37 39 41 46 49 41 38 34 
65 72 65 71 82 68 56 67 67 61 65 62 57 54 81 100 66 55 55 50 57 76 77 67 68 62 51 50 47 53 76 66 68 73 69 66 54 59 66 54 43 48 85 86 134 70 54 72 87 91 94 97 72 80 88 82 92 79 50 57 40 33 31 32 37 36 50 80 72 57 42 48 48 69 60 60 69 90 81 52 81 90 69 92 83 94 62 53 42 68 61 45 58 45 40 45 38 49 47 33 
70 71 66 58 55 52 65 64 69 65 57 57 54 63 70 71 94 72 52 49 51 62 67 64 64 66 57 51 47 48 56 65 57 60 59 60 63 53 49 54 49 61 67 87 147 65 59 74 61 116 77 82 79 75 75 70 66 61 88 89 69 37 33 36 42 41 40 72 80 91 49 43 40 54 48 41 68 73 57 71 69 73 38 121 64 59 68 85 92 78 66 59 74 43 58 49 40 37 35 58 
66 64 60 70 59 58 55 63 74 70 73 75 74 74 71 78 80 71 74 79 70 61 61 74 72 63 62 54 55 64 67 57 52 45 48 46 44 44 43 48 50 51 90 83 84 59 55 78 57 88 99 100 53 72 67 67 38 30 35 48 83 116 79 34 31 59 46 26 63 76 67 37 24 33 62 28 36 48 59 71 51 63 91 60 33 72 78 83 71 67 51 50 58 55 57 56 42 48 48 51 
57 59 64 81 69 58 71 84 66 68 70 67 68 65 68 103 113 79 63 69 60 50 60 71 79 68 67 57 50 51 49 50 53 53 48 49 47 45 45 52 47 43 57 86 77 50 57 97 93 81 137 102 105 86 68 101 41 34 27 29 29 47 108 111 114 81 90 54 70 109 90 49 37 50 79 33 39 28 54 70 44 103 71 53 56 70 71 61 83 68 67 59 75 80 88 75 82 91 99 90 
57 67 79 79 73 72 65 67 69 67 70 66 67 65 70 85 89 70 64 87 61 63 57 69 73 68 68 54 46 51 50 48 50 53 45 43 45 44 46 45 49 56 50 57 89 81 52 92 74 96 143 114 69 67 73 119 40 64 37 23 30 61 55 64 73 128 144 125 72 73 104 60 52 81 73 65 36 42 59 115 129 75 66 68 63 69 65 64 53 46 49 85 100 98 91 79 75 109 75 66 
69 76 80 82 82 74 68 57 51 52 52 57 58 55 57 69 63 58 75 93 141 115 88 70 76 66 61 58 47 54 60 54 47 49 42 41 41 40 45 47 44 48 52 68 78 71 47 65 61 77 95 128 71 53 48 97 72 96 61 49 43 51 84 95 78 117 150 107 104 103 124 85 78 87 76 99 78 80 76 118 46 76 79 51 48 42 37 38 64 93 89 69 65 118 112 128 102 93 89 79 
52 86 75 61 70 69 66 58 59 61 56 56 53 46 52 54 52 49 54 105 164 109 59 75 73 68 62 56 56 65 65 58 51 57 54 50 50 68 78 79 90 91 84 69 67 67 64 61 68 65 38 63 130 38 43 80 76 66 55 51 39 33 48 117 125 135 188 141 125 66 71 72 65 79 64 136 117 90 135 83 86 56 51 71 58 39 64 108 87 69 72 65 85 87 99 76 73 56 33 33 
51 49 55 58 56 63 64 59 64 53 52 53 64 58 65 58 47 53 69 94 90 50 53 63 65 51 49 57 62 67 69 55 43 44 40 47 47 117 104 104 94 65 72 72 67 64 81 71 68 44 37 52 121 84 51 68 83 55 44 40 33 28 31 64 95 106 109 130 92 73 72 60 68 84 97 73 89 107 88 98 78 68 85 90 95 102 65 78 73 74 69 82 90 126 62 67 87 74 54 42 
84 65 55 66 50 55 63 67 76 60 58 76 57 51 55 55 54 60 51 54 53 50 47 68 57 53 58 65 68 64 46 52 49 40 47 48 78 122 98 115 122 120 93 85 79 83 90 65 70 62 56 71 84 121 52 71 79 67 51 42 39 41 36 47 58 76 80 61 63 72 78 83 82 73 74 92 113 109 100 97 91 76 108 91 80 84 85 97 76 53 79 113 93 102 79 99 76 83 78 79 
82 82 89 73 60 57 63 75 94 64 57 58 54 55 56 57 68 60 57 57 49 51 45 52 54 53 52 72 58 62 51 40 44 55 51 61 72 84 84 115 133 106 101 82 82 74 91 61 58 55 51 59 56 86 86 68 94 78 79 51 50 62 58 54 57 57 80 82 63 66 73 84 72 67 99 93 63 67 60 48 55 54 69 86 106 140 110 75 66 60 96 117 92 75 51 44 50 71 98 88 
66 77 74 63 55 64 65 66 71 59 75 98 83 71 67 76 98 74 70 57 48 45 50 61 42 44 45 65 55 63 66 49 58 64 73 75 84 79 63 107 114 103 91 95 104 79 90 78 67 70 65 53 52 47 78 60 92 45 104 56 35 67 59 46 59 62 69 83 88 85 78 93 96 115 79 73 74 60 78 90 99 93 88 80 76 71 66 62 56 69 97 101 73 67 50 44 47 83 107 85 
59 71 64 58 61 54 56 54 54 56 87 167 116 71 88 97 84 73 65 52 49 42 53 53 54 59 64 65 56 72 89 73 70 70 64 75 94 86 69 77 106 81 86 120 88 99 79 57 88 103 84 67 67 71 73 85 99 53 73 93 58 58 81 75 65 56 55 69 62 99 102 126 92 63 66 75 85 91 85 71 62 82 86 95 79 51 71 69 68 50 79 67 43 54 78 103 80 88 86 89 
85 77 83 71 76 65 67 66 74 69 64 100 94 82 87 73 66 64 54 40 46 42 49 51 54 48 47 47 61 88 102 73 71 89 72 57 71 83 64 53 154 90 108 122 93 87 78 60 99 133 114 67 60 72 71 76 90 80 71 83 89 80 69 67 64 76 109 142 151 98 104 117 81 86 76 61 60 57 49 62 147 138 113 87 89 92 81 96 52 86 87 82 80 77 76 88 92 71 57 65 
90 77 108 77 46 76 85 70 80 67 70 88 130 123 93 73 76 94 74 51 59 59 57 50 46 48 41 41 65 93 102 90 63 67 60 49 57 80 74 63 80 119 124 81 82 67 90 110 80 65 51 57 59 80 74 56 82 73 79 95 86 81 82 71 90 114 106 91 91 99 82 81 59 42 46 45 47 52 52 67 146 127 128 128 127 97 87 101 140 74 70 64 89 61 78 72 50 55 55 51 
84 81 98 82 66 83 72 67 57 69 83 92 142 119 113 87 113 108 91 81 89 74 67 59 53 51 50 54 84 110 99 77 68 75 73 53 41 55 62 67 73 131 139 72 66 98 125 145 132 103 86 70 98 97 91 83 127 145 123 120 104 81 70 65 82 65 69 89 63 76 82 93 70 79 67 53 64 60 43 63 110 82 102 95 71 47 63 133 116 89 83 66 115 72 48 54 71 78 60 47 
74 102 91 82 74 79 65 65 76 86 54 58 108 99 100 117 118 104 88 67 74 78 73 72 70 57 61 53 55 112 91 78 47 56 67 67 56 66 67 66 78 97 91 79 75 104 148 172 173 140 136 117 111 134 164 134 107 142 92 107 103 85 70 65 54 64 74 48 51 73 74 74 68 67 56 48 52 52 47 93 56 43 31 22 20 35 114 64 58 55 64 65 89 126 55 53 48 48 38 34 
57 70 66 74 78 79 65 77 82 71 56 51 74 81 85 96 90 81 83 70 53 57 66 78 61 52 52 50 61 88 68 84 55 39 61 75 61 77 82 83 106 123 112 97 76 74 119 109 137 134 136 154 106 47 42 56 95 94 81 100 107 118 98 90 85 90 64 57 44 52 66 62 60 57 62 48 57 66 58 99 60 57 33 24 72 110 41 47 55 41 51 59 77 121 67 50 40 41 32 29 
61 58 47 57 69 70 57 62 67 60 61 57 66 75 85 84 72 85 90 84 67 76 79 70 61 64 85 78 52 33 31 38 46 45 82 97 73 88 84 116 122 109 121 132 94 78 125 128 124 119 74 49 44 30 39 45 49 63 59 49 82 91 85 117 100 83 67 72 65 54 76 50 48 55 69 74 75 77 71 74 70 65 50 97 101 39 41 62 42 46 49 53 64 67 142 71 65 58 47 44 
95 59 50 62 60 74 62 57 62 69 71 71 64 60 56 61 68 69 77 80 87 84 86 86 82 112 145 118 85 40 34 39 33 44 52 99 98 78 78 69 62 106 127 92 96 95 81 110 115 99 82 77 71 65 56 53 56 52 55 46 50 82 89 99 88 77 57 39 72 58 74 48 49 53 73 76 74 79 81 81 84 81 103 114 75 68 78 51 30 53 39 38 63 62 117 68 51 45 43 52 
64 49 46 62 60 58 80 62 71 66 61 62 66 90 82 78 84 80 87 92 97 85 73 76 97 139 163 114 76 42 33 36 30 37 50 63 98 86 67 76 117 86 57 60 76 80 92 126 119 126 71 72 74 69 64 62 57 53 64 47 50 107 82 77 88 79 72 59 55 93 73 64 54 45 61 60 59 58 59 59 49 86 104 59 61 91 52 56 53 63 52 59 76 76 113 67 54 59 58 61 
64 62 57 66 72 65 80 67 55 55 47 56 71 132 111 91 100 95 152 103 124 89 73 70 139 162 169 127 84 62 47 31 35 46 51 58 70 87 104 129 80 48 56 54 53 47 83 94 135 78 59 56 67 71 67 75 72 73 49 38 58 73 82 92 101 78 93 77 71 64 46 106 61 55 63 56 53 51 39 60 98 63 48 45 62 32 56 29 26 55 47 50 74 79 112 64 88 83 81 86 
58 56 51 57 59 76 70 70 65 62 65 64 68 100 111 97 105 113 124 94 99 93 82 60 194 176 163 149 126 120 60 36 53 58 71 79 87 104 101 102 101 82 68 55 42 36 61 138 111 87 97 68 47 53 66 74 68 93 61 65 61 67 120 133 111 79 92 84 85 63 66 92 62 92 55 30 35 43 71 82 71 57 71 98 50 35 65 29 73 47 40 40 64 54 111 69 67 64 66 82 
60 67 70 67 61 75 87 81 66 59 62 66 69 70 76 67 80 81 74 89 84 75 77 74 226 185 173 157 125 167 149 135 131 116 123 131 134 143 131 126 120 109 79 62 49 42 53 131 125 106 63 62 67 82 73 68 85 97 85 93 87 108 189 112 145 110 81 68 60 73 143 64 90 76 62 46 68 83 55 37 40 42 117 96 62 69 73 107 85 40 41 58 65 59 113 38 54 59 58 55 
63 58 66 64 62 66 85 83 78 61 63 66 70 66 70 59 58 70 67 83 78 70 65 84 236 212 189 192 165 198 201 177 132 106 115 145 123 121 129 118 107 109 89 65 57 55 85 73 76 97 80 68 68 85 89 81 83 109 116 167 186 147 144 151 143 92 65 92 65 49 112 107 93 77 98 93 78 61 55 44 49 84 161 170 85 132 100 94 66 55 58 77 43 40 113 58 55 62 72 90 
49 57 60 55 61 73 85 66 58 61 62 64 74 66 63 66 61 62 63 75 81 73 72 113 248 245 216 215 211 198 211 184 184 168 165 176 153 136 142 149 115 119 112 81 66 64 70 72 67 70 73 74 68 61 68 76 167 208 212 223 129 103 109 99 83 75 90 154 56 46 53 117 91 115 125 85 77 69 64 64 65 96 174 201 156 118 91 37 53 100 141 124 58 66 121 74 66 79 73 90 
51 66 67 50 59 89 90 78 53 43 45 61 75 71 68 61 70 68 59 75 79 66 64 128 249 251 241 235 233 125 157 189 186 193 186 173 166 153 158 160 141 139 127 96 69 63 67 69 65 67 69 61 54 56 56 96 224 203 193 147 103 86 109 81 79 96 122 84 100 75 58 83 111 118 100 100 121 81 65 54 49 48 65 108 156 161 122 70 50 67 193 149 77 58 117 68 75 67 95 100 
62 68 79 77 66 95 101 110 47 55 58 63 59 52 54 57 55 69 83 88 76 70 60 138 251 251 250 248 232 162 125 186 204 209 185 185 159 158 145 153 145 146 147 130 85 79 82 77 81 82 70 63 55 49 49 147 211 212 171 98 98 80 135 74 48 55 87 92 91 108 156 132 124 92 78 96 191 98 80 84 80 59 60 65 118 88 86 112 103 110 172 162 85 79 124 54 99 138 97 88 
59 58 94 69 63 78 126 127 65 79 61 53 56 64 61 59 56 79 98 83 80 64 65 156 252 253 251 247 232 182 179 219 226 225 205 192 185 185 171 175 156 160 165 166 128 81 77 84 77 64 69 68 61 57 66 150 232 195 102 96 109 139 111 51 38 46 69 99 124 129 125 116 127 189 108 103 90 96 78 88 101 99 89 95 104 80 72 58 52 64 96 158 131 64 119 86 89 106 111 81 
80 105 128 137 66 65 111 133 93 91 93 91 49 50 59 73 71 103 82 71 77 84 74 178 250 252 249 251 250 230 204 222 242 239 220 196 176 179 161 174 153 153 150 153 156 94 80 71 56 50 51 60 52 53 59 142 179 107 95 94 102 128 131 56 43 49 54 78 120 105 74 67 77 163 157 78 72 83 92 85 91 110 117 97 112 52 62 63 52 78 74 85 148 117 132 101 87 72 103 115 
51 60 77 97 64 52 69 123 112 90 97 113 84 61 56 71 92 97 77 66 73 78 101 166 251 253 252 252 247 234 228 212 218 235 232 217 175 151 155 169 164 172 172 167 168 133 70 51 48 55 60 72 59 60 66 119 104 105 87 95 100 93 82 48 38 42 59 74 124 104 123 92 77 78 158 66 65 61 86 79 112 97 68 107 139 65 65 66 68 88 98 117 135 89 116 65 70 50 53 53 
62 61 82 99 72 65 54 52 72 85 76 119 100 90 78 98 103 104 70 63 60 83 85 174 252 252 253 244 229 226 214 195 193 210 233 245 211 174 131 166 173 170 163 151 159 133 69 66 60 66 70 76 85 76 74 95 102 95 87 92 97 58 34 43 36 41 54 83 125 105 73 61 64 58 99 100 61 66 80 80 119 72 81 116 125 127 109 85 78 99 123 88 95 109 103 94 71 48 50 52 
66 60 55 105 88 69 70 71 65 67 78 92 85 86 81 80 85 95 68 63 66 72 84 180 251 252 252 245 237 209 195 181 183 196 232 245 245 228 185 163 195 183 175 164 160 149 82 69 72 69 65 55 52 55 90 98 93 91 94 93 100 48 45 39 34 41 64 104 130 106 67 64 72 67 75 73 76 75 76 77 79 77 93 133 101 85 95 109 128 105 74 73 92 114 109 115 80 87 80 70 
76 76 61 75 116 88 63 65 60 67 86 96 93 62 53 54 62 89 79 68 59 68 77 163 251 252 252 247 245 223 195 185 185 198 233 246 250 243 240 212 179 174 156 164 175 169 122 84 69 70 72 75 74 88 97 94 90 92 95 97 69 40 42 39 33 43 86 116 140 100 75 99 120 110 90 69 80 83 79 89 91 126 117 99 81 88 100 84 79 77 71 73 83 118 126 105 102 128 101 113 
100 66 76 84 115 106 81 71 58 67 68 60 50 55 51 43 41 60 93 88 70 78 100 155 251 252 252 247 241 219 195 184 191 209 229 244 249 250 247 234 200 183 173 170 172 157 124 51 41 37 37 49 85 97 97 93 94 95 103 86 40 38 42 41 37 43 103 140 140 75 65 113 113 95 102 97 73 82 83 128 118 89 76 67 54 56 61 57 58 60 65 60 43 120 81 68 76 122 126 89 
140 97 86 95 81 97 70 62 63 58 53 51 40 39 46 57 63 65 65 75 88 94 91 162 251 253 251 246 234 228 227 209 204 222 231 245 250 251 243 231 216 185 170 168 172 157 133 60 40 31 44 80 90 92 94 95 99 96 73 56 46 41 41 36 39 62 120 148 131 100 112 104 79 67 75 112 87 102 141 103 95 96 93 85 81 91 72 68 54 59 59 65 57 127 58 65 68 67 77 142 
172 110 97 82 88 124 92 83 69 52 51 52 54 55 61 69 82 78 78 82 87 95 92 176 253 253 251 247 236 238 225 185 160 174 207 220 230 241 233 233 218 196 181 175 164 162 138 81 57 48 72 77 90 90 91 97 98 70 53 73 59 40 40 32 48 87 139 150 125 118 92 55 55 55 67 83 132 88 75 70 71 72 58 62 57 67 79 77 58 48 46 55 61 131 48 57 43 49 46 60 
136 105 93 73 80 78 75 79 75 62 65 72 71 78 67 63 58 67 79 81 87 89 87 209 252 251 252 249 236 213 166 114 102 106 118 161 226 229 223 224 222 209 183 177 167 158 140 67 53 66 71 86 88 93 94 92 60 73 128 106 84 57 44 48 78 105 139 150 120 97 96 77 68 57 85 112 49 47 52 61 68 59 61 62 65 56 54 86 64 45 50 61 60 129 41 54 51 51 46 53 
119 102 97 69 64 69 67 64 58 53 53 71 49 51 58 58 54 51 53 73 89 91 124 248 251 251 242 220 173 140 136 111 113 109 119 130 162 202 205 212 215 207 192 173 169 165 153 85 67 71 81 84 89 98 92 61 44 45 96 107 97 52 42 61 88 104 140 148 126 86 67 60 90 140 72 54 52 47 65 75 63 60 61 53 70 66 53 51 50 47 41 47 62 130 65 71 59 47 55 48 
134 110 108 102 88 84 53 48 50 54 51 56 52 49 42 42 50 52 49 59 59 68 201 250 251 228 157 127 124 141 145 124 119 102 101 127 153 202 225 208 211 217 208 183 175 170 164 117 78 73 80 87 92 89 57 48 71 87 103 104 106 63 39 70 90 116 146 140 123 90 69 114 102 61 42 38 39 44 68 67 68 58 54 66 83 71 62 57 52 40 38 43 58 128 40 36 57 48 55 52 
97 80 68 58 68 58 54 63 68 60 63 53 49 54 45 44 41 34 37 50 55 132 245 250 237 154 111 111 112 118 120 125 131 114 98 96 110 164 238 235 235 230 228 203 192 180 160 125 85 73 80 89 81 49 41 48 121 127 113 100 117 68 37 85 103 132 158 121 97 111 90 71 54 43 36 36 42 39 54 54 72 50 65 66 66 71 71 61 64 56 51 52 55 111 53 41 47 59 50 49 
71 53 43 56 69 69 56 35 53 41 62 90 62 117 94 71 57 51 45 54 101 239 245 215 133 107 92 80 53 103 99 107 118 132 108 84 64 86 181 243 232 229 230 226 198 191 177 139 84 73 81 79 49 37 83 91 96 106 115 100 127 70 40 96 126 143 150 115 69 44 67 74 57 70 62 51 43 34 27 39 74 68 60 44 43 59 70 83 80 73 68 60 75 81 49 49 44 53 50 57 
71 68 69 87 71 62 48 66 85 42 65 81 83 156 94 86 64 74 73 103 193 179 125 81 70 69 59 65 45 74 105 91 78 135 110 78 66 57 73 182 238 236 227 207 205 200 192 173 106 76 78 53 66 90 124 141 122 120 103 110 133 59 51 112 133 158 131 74 52 50 77 58 69 82 114 76 65 73 71 66 86 58 45 48 40 38 83 83 76 70 73 66 84 69 47 38 39 50 57 58 
58 79 69 70 78 65 62 63 84 90 85 147 77 152 134 96 95 110 150 199 140 90 82 81 64 52 78 82 68 76 74 72 53 70 95 69 62 58 56 83 145 210 223 229 217 194 199 194 179 123 75 46 87 120 130 133 123 111 108 123 121 46 52 127 148 159 85 70 64 33 57 57 59 64 56 57 59 63 45 50 78 59 59 56 52 54 56 108 74 65 88 79 92 65 51 44 43 46 71 49 
67 78 96 103 101 81 114 112 88 65 84 161 147 110 98 102 154 212 230 136 82 69 66 61 51 48 64 68 47 47 48 42 39 49 57 58 53 53 52 60 89 113 166 192 208 210 200 200 187 177 105 56 47 80 102 107 103 87 128 131 97 42 69 132 155 158 66 45 52 67 52 45 40 51 45 57 67 61 48 43 64 77 59 64 63 68 59 79 120 69 62 63 95 67 86 61 48 44 54 85 
62 74 85 111 121 134 148 132 76 75 65 61 122 99 120 173 236 249 204 113 77 60 51 47 36 36 49 62 74 66 57 41 34 39 58 56 55 45 41 46 53 57 83 105 133 173 207 209 195 188 180 138 81 106 100 98 80 96 135 127 65 41 90 140 158 157 67 55 51 56 46 40 40 48 56 61 66 62 55 67 42 39 35 52 46 53 97 88 85 91 55 81 106 101 90 75 54 83 67 75 
57 58 81 94 88 90 83 100 75 80 72 72 73 142 196 245 251 238 157 114 76 62 52 47 36 40 55 70 71 75 64 57 44 46 44 44 44 41 37 41 42 44 56 64 56 63 101 158 188 182 180 175 156 121 96 91 107 132 124 103 47 46 113 149 164 170 100 38 22 43 62 57 58 62 60 51 55 56 37 45 57 47 55 70 81 85 81 63 54 65 81 106 91 86 86 105 79 90 66 111 
45 44 53 62 66 69 79 85 68 65 63 67 113 217 249 252 250 222 138 114 100 79 89 92 83 78 65 69 62 68 55 38 40 45 44 35 37 38 39 36 38 43 48 52 59 51 44 53 108 164 180 180 179 171 141 130 125 116 106 50 42 64 135 154 164 173 154 142 110 85 55 52 40 61 51 41 70 63 55 53 63 60 55 76 70 71 57 53 59 69 86 128 126 123 123 103 90 111 78 104 
56 59 67 82 66 68 76 77 66 65 85 111 204 250 251 251 251 212 136 101 99 118 114 125 129 114 111 105 104 94 79 68 69 65 53 45 42 37 36 35 35 36 49 52 54 54 42 40 54 97 149 174 179 177 171 144 113 99 58 45 42 108 143 162 169 176 172 167 161 121 91 92 79 81 66 66 83 86 56 53 44 58 63 53 47 53 48 59 93 152 176 156 136 86 69 71 71 94 87 108 
61 65 61 57 52 70 83 79 79 74 75 132 240 251 253 252 251 231 171 116 126 129 124 136 111 129 145 150 137 139 133 125 104 84 61 54 48 48 48 46 38 34 36 45 54 56 53 45 49 57 88 126 160 179 179 177 161 114 86 84 109 142 152 162 170 174 178 170 165 157 116 81 72 82 53 36 40 77 43 45 52 59 38 47 44 41 52 59 122 130 87 58 63 59 70 79 74 67 89 115 
67 68 72 63 68 81 74 74 76 83 91 171 249 253 254 254 252 250 201 157 126 125 127 125 121 137 155 154 146 144 138 129 108 100 87 69 54 53 52 51 42 40 39 39 46 51 69 68 62 64 67 87 115 152 175 181 180 173 157 149 141 151 149 166 167 171 177 175 173 169 140 84 108 119 60 52 46 49 84 78 51 35 46 47 46 58 55 58 48 47 52 38 29 35 70 71 82 67 88 106 
64 70 98 89 73 61 66 66 56 59 113 202 253 253 253 254 253 252 233 186 139 141 141 120 139 145 167 169 148 103 92 102 106 104 96 78 83 82 65 53 58 68 65 44 39 49 59 64 66 64 65 70 86 113 143 170 181 182 179 170 163 161 160 165 170 173 174 174 174 174 163 119 106 61 52 54 48 45 54 60 66 54 48 55 54 46 38 33 35 27 33 86 59 46 51 58 58 61 74 73 
59 65 61 68 71 92 75 67 68 66 113 217 251 253 253 253 253 253 248 224 189 141 135 150 126 141 142 152 133 86 87 116 132 120 99 76 72 60 56 58 59 65 60 55 39 38 51 65 68 69 65 61 73 81 103 137 164 175 178 180 174 169 169 170 167 172 176 175 173 174 170 151 87 48 44 66 63 58 59 68 63 68 67 48 50 41 58 51 43 43 44 52 57 62 54 52 63 53 77 56 
52 74 75 80 84 84 70 73 71 85 125 238 251 253 253 253 253 253 249 235 208 177 132 111 124 143 128 114 94 96 110 114 106 98 82 63 67 65 57 54 60 66 70 56 44 41 45 58 75 80 75 64 58 70 85 126 157 167 171 176 173 169 170 173 173 174 173 173 172 169 167 170 153 77 41 57 82 68 72 68 69 70 66 69 77 66 71 65 57 57 46 55 52 75 55 60 64 71 63 70 
67 75 68 62 61 73 62 61 64 79 103 236 252 253 253 253 253 253 252 249 227 187 153 119 102 81 98 115 114 87 79 83 101 87 69 60 67 67 55 45 52 59 65 68 62 58 62 52 67 72 84 90 68 66 84 118 151 166 169 164 163 160 160 164 159 161 160 160 158 159 159 163 165 151 82 43 60 55 57 52 50 52 65 53 65 72 60 55 58 57 58 56 57 62 64 64 64 116 102 100 
61 65 65 79 74 64 71 62 63 65 92 237 252 253 253 253 253 253 253 250 238 167 118 84 92 88 108 109 91 80 87 95 89 75 59 54 61 65 51 42 50 58 57 65 72 69 63 59 54 49 63 82 94 83 75 84 112 153 161 158 155 154 151 145 139 142 144 149 155 159 162 165 165 166 155 92 65 59 57 55 53 48 57 63 62 59 87 66 40 46 48 55 71 63 66 54 69 84 58 43 
65 58 49 47 55 55 61 65 63 66 116 234 252 253 253 253 253 253 251 247 224 156 104 72 106 112 86 82 77 96 100 83 107 84 56 50 56 67 66 44 59 61 52 54 58 64 57 65 66 57 50 57 69 88 85 79 81 117 151 150 150 146 141 148 146 152 143 143 148 160 164 168 169 169 169 164 146 112 72 81 85 63 63 68 55 74 107 108 80 83 97 101 85 61 62 53 62 50 54 66 
60 62 63 59 56 70 66 69 69 68 113 239 252 253 253 253 253 253 250 248 211 128 141 127 80 83 82 90 115 128 98 100 95 69 53 71 77 63 71 56 78 62 52 38 49 43 50 60 61 59 53 48 55 66 82 86 77 90 135 154 152 150 153 154 152 157 150 145 149 158 165 167 166 167 167 168 168 166 162 116 67 73 85 63 74 57 43 76 124 129 133 133 136 136 64 65 68 81 64 62 
84 81 77 79 82 92 74 74 72 69 105 238 252 253 253 253 254 254 250 246 208 144 124 98 91 108 93 121 131 110 109 91 66 78 80 89 68 59 63 57 64 62 59 51 40 38 53 64 64 63 50 48 58 62 69 80 77 76 113 152 158 154 156 157 160 155 155 152 155 159 162 164 165 164 162 160 160 162 164 162 123 48 34 43 74 89 99 126 121 118 130 129 132 143 138 61 70 71 56 54 
76 67 83 69 68 89 68 66 68 76 117 240 252 253 253 253 253 253 249 229 171 180 128 98 87 121 136 94 101 94 119 83 79 84 97 70 65 58 67 48 55 52 53 35 24 38 43 44 41 44 54 56 55 62 71 80 73 67 76 122 160 157 160 163 166 165 162 161 155 157 161 163 166 162 160 158 156 153 156 156 158 142 71 29 30 37 50 131 138 119 127 128 132 137 136 98 59 68 73 64 
63 74 73 74 69 79 63 52 53 58 93 197 251 253 253 252 252 252 241 201 181 168 152 138 116 79 104 149 136 127 111 78 79 99 81 62 57 62 64 44 44 47 43 31 51 48 34 48 46 43 49 50 53 65 81 90 82 65 73 112 160 165 165 166 167 165 165 165 166 161 163 165 168 161 160 159 156 153 153 154 152 153 143 99 49 30 67 170 124 101 116 131 133 136 141 107 61 51 61 65 
62 70 74 63 69 75 63 47 54 63 68 144 240 251 253 254 252 247 230 191 155 139 136 127 128 97 90 119 148 127 93 86 76 73 54 55 49 62 54 37 36 50 51 62 75 56 55 49 37 44 55 54 43 53 68 86 98 75 80 113 152 160 164 169 168 169 165 165 166 164 165 162 162 151 154 158 156 154 151 151 150 145 147 133 92 71 159 173 55 40 87 122 142 146 148 79 73 56 39 39 
62 74 69 66 60 87 73 53 68 68 76 92 203 252 252 254 251 252 242 203 140 137 115 105 128 109 86 105 117 104 114 104 78 64 52 72 50 55 36 30 54 82 61 78 72 60 50 45 36 29 40 56 57 59 49 68 96 86 88 114 143 156 162 162 165 165 160 163 164 161 163 160 160 152 151 157 161 157 155 151 150 147 144 137 64 113 175 174 52 35 47 93 129 145 98 72 81 78 70 46 
74 81 77 73 71 88 76 70 79 69 66 77 168 249 250 253 253 252 247 208 159 145 125 107 127 113 97 99 85 111 113 92 72 63 80 89 57 47 25 45 141 112 90 94 61 43 38 31 28 26 32 42 46 56 61 73 84 93 103 119 141 153 162 160 164 161 159 160 161 158 160 159 156 156 156 155 160 157 156 151 147 149 145 143 107 107 155 152 48 35 37 43 99 94 70 55 64 82 105 64 
98 89 73 74 68 68 77 89 87 86 73 91 132 236 250 252 253 253 248 231 180 144 146 128 112 102 111 87 81 76 63 59 59 84 98 92 57 42 42 146 148 105 101 63 38 28 25 26 30 32 31 37 48 59 74 79 83 88 109 135 147 152 160 161 159 159 156 159 155 159 158 156 148 147 154 146 153 155 152 152 146 146 149 141 121 100 115 124 40 36 35 39 62 178 165 148 162 159 190 175 
100 82 78 72 73 70 69 70 71 77 73 82 90 196 229 232 250 251 250 228 197 153 151 158 117 128 105 114 105 99 75 56 59 61 65 59 49 64 112 140 104 78 52 54 51 48 38 27 23 24 30 39 53 66 81 78 85 94 113 139 151 154 153 157 155 151 152 148 148 144 142 142 143 148 152 148 150 150 145 150 146 146 149 132 103 82 108 126 30 35 36 37 44 118 159 167 181 189 201 206 
94 97 75 60 69 61 52 58 61 67 73 72 94 168 201 200 233 251 249 222 208 172 147 120 135 145 138 109 112 99 83 76 64 67 55 45 64 78 64 64 61 65 74 76 56 62 90 57 38 27 28 32 41 64 87 96 99 109 126 138 146 147 148 145 146 145 143 145 141 148 149 148 148 150 151 143 147 146 146 151 144 142 142 125 94 59 122 115 29 35 36 37 41 82 151 150 152 153 155 157 
89 91 78 79 68 65 69 75 59 56 62 62 75 127 179 182 203 232 239 215 211 200 140 100 78 162 152 120 111 95 95 90 101 84 68 61 47 36 43 46 44 45 41 37 31 24 22 22 23 24 25 28 33 41 73 99 112 114 121 121 126 129 134 138 140 141 143 150 157 163 159 160 164 163 162 164 164 165 159 156 159 156 142 128 102 51 129 141 50 33 37 38 40 86 149 150 153 152 148 146 
72 56 43 49 58 53 68 67 76 65 65 74 84 117 146 168 189 207 217 208 193 188 160 103 63 98 157 146 88 103 88 72 83 65 60 58 62 68 69 58 50 45 43 40 36 32 27 24 25 24 24 27 31 31 42 55 65 79 97 109 111 114 118 121 128 134 141 148 152 155 158 161 164 165 167 165 163 161 162 162 155 147 138 114 61 31 65 141 101 38 34 37 45 121 144 149 152 152 152 150 
74 76 82 74 69 75 77 78 77 83 86 85 81 106 126 168 179 199 221 198 184 188 168 110 79 69 71 124 131 87 116 101 113 79 55 55 75 99 85 85 76 63 50 48 47 48 48 42 32 25 22 23 26 26 23 24 30 31 34 46 56 59 75 95 111 125 133 139 144 140 130 137 155 160 161 160 166 167 166 160 150 140 122 63 36 31 27 80 115 96 36 39 90 141 145 149 155 156 153 151 
43 42 61 85 77 67 62 65 56 60 61 63 81 75 97 138 160 196 202 193 181 171 155 109 103 86 67 78 123 110 91 110 98 109 92 94 91 84 93 88 90 68 51 44 37 33 35 39 31 23 22 19 20 23 26 30 29 29 28 28 28 27 30 33 34 42 67 98 127 124 121 145 154 157 159 163 163 160 163 156 146 127 61 36 34 33 30 28 81 120 102 72 125 136 143 145 151 153 153 153 
65 46 49 61 79 94 98 85 77 63 53 64 68 56 68 108 167 192 216 197 185 179 157 125 139 122 78 63 86 105 90 92 93 107 123 133 138 98 79 63 68 68 62 63 63 58 60 63 55 48 40 39 33 32 29 26 25 24 24 24 24 25 24 22 22 24 25 25 42 82 133 153 153 157 159 157 156 159 156 144 122 55 36 34 34 32 29 31 31 86 112 116 134 140 143 145 148 152 153 152 
47 54 57 51 45 58 61 72 74 62 84 64 61 63 68 100 131 178 219 209 197 187 163 152 149 136 96 89 80 73 89 86 98 101 99 121 131 90 62 82 94 96 88 81 78 81 92 92 83 75 66 49 41 33 31 30 32 29 30 28 26 26 24 22 24 25 25 26 26 34 69 128 144 153 154 153 157 156 147 108 49 35 33 33 34 33 35 37 39 82 114 132 144 143 144 146 148 150 151 151 
56 32 43 45 43 42 38 49 77 64 74 77 64 73 73 82 105 154 197 216 208 190 182 174 148 133 125 105 102 78 92 100 102 94 89 101 140 138 99 87 75 79 96 116 124 116 94 75 63 60 45 38 32 34 35 36 32 32 32 30 28 25 24 23 22 23 24 31 45 41 35 42 86 142 149 151 150 145 93 40 35 34 34 34 35 37 37 44 98 136 145 152 153 151 152 151 149 148 150 150 
46 46 48 46 42 39 38 81 67 49 50 55 82 58 87 86 85 128 173 200 213 213 208 195 178 153 150 132 109 105 110 100 105 89 93 99 122 131 124 114 107 95 83 85 95 89 82 71 66 50 36 33 30 30 29 28 29 28 28 27 26 21 20 19 19 20 20 28 37 43 42 35 33 80 137 143 126 74 38 36 34 32 33 34 37 37 39 99 141 144 147 149 151 151 153 155 152 150 146 145 
57 54 57 56 54 54 46 42 43 55 59 75 56 54 52 57 75 83 99 147 169 181 162 178 188 199 206 196 174 160 148 137 134 121 113 123 133 126 104 81 92 96 88 98 92 93 98 94 64 43 29 31 32 30 26 27 27 23 24 22 21 20 21 21 20 21 19 17 19 21 24 26 25 69 127 100 49 34 37 33 31 31 33 33 39 44 95 140 146 148 150 152 153 153 153 155 155 156 153 143 
69 55 58 48 54 53 42 46 58 66 71 66 65 56 65 57 57 57 72 80 86 73 76 106 82 92 145 172 174 141 140 156 183 170 142 146 160 159 155 134 104 103 85 73 72 62 52 40 38 36 35 38 37 40 39 36 34 32 23 21 20 20 22 24 25 24 21 19 18 18 20 27 62 100 64 38 34 33 35 32 32 34 33 37 43 97 137 149 152 152 152 151 151 151 152 153 154 154 149 143 
38 41 49 38 40 43 39 46 61 79 74 70 55 62 77 79 71 71 58 67 61 65 61 66 56 68 78 62 62 48 52 70 205 227 196 176 170 172 168 163 150 141 120 110 89 67 55 38 34 38 35 29 26 24 22 23 22 24 21 20 21 24 24 26 25 23 21 20 19 21 29 62 70 41 35 35 34 33 33 31 31 34 37 49 110 141 149 154 155 156 155 154 155 153 151 153 151 153 142 134 
51 47 53 39 41 44 48 54 60 86 89 85 68 67 64 67 75 68 60 67 68 58 61 63 65 62 56 64 61 61 58 74 116 217 248 238 211 199 188 179 173 164 146 118 96 80 66 48 38 35 35 29 28 27 26 28 22 21 22 24 24 26 26 25 22 22 22 26 48 75 83 52 35 35 33 32 31 31 31 32 34 37 60 117 141 148 154 157 157 154 152 153 153 154 156 152 150 150 149 143 
51 49 47 40 43 84 55 47 53 60 66 83 83 69 61 56 73 77 74 78 71 61 73 66 63 65 64 65 69 79 76 77 105 122 195 249 251 244 229 209 192 182 166 156 142 125 86 62 56 59 70 71 65 55 49 46 30 27 25 24 24 26 24 23 27 44 84 111 95 65 38 33 34 34 34 33 31 31 32 35 38 71 124 142 151 151 152 154 156 155 156 157 156 154 151 151 151 152 152 152 
37 46 39 61 83 53 38 36 36 42 51 54 68 66 69 59 44 62 78 71 76 79 84 81 79 79 73 72 69 70 75 71 85 102 101 186 250 251 251 249 237 213 194 180 167 169 156 144 134 122 84 59 58 61 60 44 31 26 23 24 23 24 30 57 101 126 107 58 31 35 35 36 35 34 34 33 32 33 32 48 94 131 144 147 153 153 154 155 156 157 157 156 153 155 153 152 150 151 155 153 
45 42 51 71 41 41 33 33 30 27 34 39 49 57 71 79 76 68 70 64 51 43 55 58 71 73 72 62 57 51 60 66 71 84 69 69 159 245 247 249 251 240 218 210 205 191 179 173 161 159 147 97 76 85 102 67 45 28 21 24 39 73 110 111 79 48 32 33 35 34 36 35 33 33 32 31 32 37 66 113 135 137 140 145 150 154 157 160 154 154 156 156 155 155 155 153 152 151 150 148 
33 55 79 43 37 44 36 35 38 43 40 42 35 29 36 46 50 49 58 55 51 51 62 52 57 59 81 60 64 68 48 59 62 68 77 74 74 126 235 249 251 250 248 242 222 233 212 197 181 168 161 152 140 136 139 108 53 33 45 86 110 103 71 40 32 33 34 33 33 34 34 34 33 33 35 35 56 100 127 137 140 145 153 157 159 159 156 157 155 156 156 154 153 151 150 148 150 150 148 146 
60 64 39 39 38 34 32 31 34 37 36 48 38 31 26 48 45 43 52 57 56 60 55 49 49 48 57 56 58 58 48 54 54 56 67 71 68 69 103 187 243 252 250 250 243 222 217 207 207 188 168 164 156 157 163 121 74 74 94 78 46 31 28 31 30 32 32 31 32 33 32 31 33 36 55 99 132 141 145 147 151 151 153 154 153 153 155 157 155 154 153 150 149 150 149 148 148 147 146 145 
42 36 34 36 44 35 33 35 33 37 37 36 37 31 34 42 41 42 44 44 46 54 52 52 51 55 52 55 53 55 49 59 61 65 80 84 69 68 66 71 197 250 247 247 248 234 222 205 196 175 170 167 158 145 135 119 110 69 39 34 32 32 31 31 32 32 31 31 29 30 31 33 55 96 127 137 142 147 149 149 151 152 153 154 154 154 153 154 154 153 153 152 151 151 151 150 150 148 145 145 
46 38 29 36 41 36 33 33 37 38 38 38 39 34 31 41 39 44 42 35 41 39 52 52 52 49 51 48 55 56 60 57 57 56 58 66 61 59 66 68 179 249 236 183 192 214 217 220 187 155 153 141 124 95 66 47 45 40 32 35 34 32 33 31 31 31 31 31 30 38 56 103 130 135 140 145 146 148 147 146 148 147 148 149 150 150 152 152 150 148 149 148 148 148 147 147 145 144 144 143 
45 39 37 44 41 40 32 36 41 43 44 42 36 38 34 39 45 44 44 45 40 43 48 43 55 46 45 46 51 55 53 61 60 55 54 61 58 64 63 75 175 249 251 226 122 94 109 132 127 86 74 59 46 42 38 35 34 34 33 33 33 30 29 28 29 31 32 42 70 103 124 135 140 139 140 142 142 143 146 149 149 148 149 147 151 150 147 148 149 146 147 146 143 142 140 139 142 145 145 142 
65 48 46 42 37 35 40 41 45 44 43 39 31 36 42 43 43 39 39 38 39 45 44 40 47 51 47 48 56 52 52 53 57 55 54 55 64 50 71 62 112 241 251 252 228 138 87 71 74 77 84 79 65 59 47 38 35 33 32 32 32 29 32 35 42 63 100 124 135 138 142 144 145 144 142 141 143 146 148 146 142 143 146 147 148 153 149 146 148 147 147 144 144 143 142 140 139 138 140 140 
50 63 42 36 45 47 49 40 43 44 50 47 45 50 49 43 39 33 30 42 38 42 46 42 46 55 45 46 50 55 53 50 44 47 55 56 62 64 54 80 70 202 249 252 254 235 177 112 82 61 55 52 51 49 47 39 35 34 34 36 40 52 70 96 118 130 137 140 139 143 147 148 148 148 148 146 146 145 141 138 137 135 139 145 147 148 151 149 146 145 144 143 140 142 141 139 138 138 138 139 
54 48 51 40 53 42 39 41 45 47 44 44 42 51 42 42 43 43 41 46 39 46 48 47 46 56 54 48 38 43 50 53 49 43 43 57 55 55 63 72 98 153 249 252 253 253 250 236 199 162 118 90 71 60 56 58 64 73 84 97 114 124 130 133 129 129 135 141 144 147 145 145 145 146 149 148 145 143 142 142 143 144 144 146 147 148 148 145 141 135 134 138 140 140 142 141 140 140 139 139 
52 41 55 56 45 36 43 44 42 44 42 43 47 47 44 45 50 47 46 49 45 52 48 45 46 48 45 48 44 40 43 47 48 49 51 46 48 57 52 57 67 119 209 249 250 252 252 251 251 251 248 238 221 199 180 169 157 145 144 141 143 139 140 146 142 134 130 135 148 147 149 147 147 145 146 145 143 142 144 143 144 147 143 146 149 147 145 146 141 136 131 132 139 141 140 141 141 141 141 138 
54 49 66 74 63 51 49 43 41 44 46 45 44 45 45 43 45 44 44 43 47 47 47 46 46 47 48 44 42 42 42 41 49 60 60 56 55 54 45 48 81 115 110 198 248 249 253 252 251 252 252 252 248 234 218 209 212 193 182 164 156 154 149 148 148 146 144 147 156 146 147 147 149 150 149 143 140 132 136 141 145 148 146 146 145 144 141 142 138 136 136 135 137 140 142 141 140 138 138 139 
41 44 47 51 59 65 76 74 52 47 53 60 54 50 45 42 39 42 44 41 41 55 44 43 51 51 41 47 46 46 49 51 52 55 59 56 65 50 52 75 112 83 79 98 206 250 253 253 253 253 253 253 249 237 220 207 215 205 191 180 163 158 156 152 152 148 141 137 136 139 144 145 151 153 152 148 143 130 115 128 141 148 144 142 139 136 138 139 139 136 136 138 137 136 138 138 139 139 137 134 
34 37 53 42 46 52 56 69 52 40 47 62 53 49 47 45 50 50 47 46 49 54 59 51 54 51 41 43 44 36 34 42 44 37 43 48 54 60 63 71 81 90 85 106 132 215 251 252 253 253 253 253 250 242 230 219 214 200 191 181 173 169 163 156 151 149 143 134 130 137 144 150 152 152 152 148 138 135 132 128 140 146 147 143 142 136 133 135 138 140 141 139 137 135 134 134 136 138 138 136 
35 34 35 38 41 37 43 50 65 42 36 51 78 100 87 100 56 47 44 44 38 40 47 64 64 60 44 43 40 41 43 42 38 49 55 43 48 49 57 66 64 68 68 91 119 171 234 251 253 253 253 253 253 246 231 211 208 206 191 178 175 168 165 159 158 159 150 142 140 142 149 154 154 152 155 151 142 128 129 139 144 144 145 143 142 139 138 138 139 141 141 139 138 134 132 134 137 137 139 139 
38 34 29 30 29 28 32 72 41 44 41 42 41 54 79 119 124 65 56 42 44 39 43 60 47 48 48 43 42 39 41 40 41 49 75 74 51 37 35 36 43 62 67 83 107 146 202 208 240 245 250 250 251 248 225 200 189 190 191 177 171 162 158 158 154 159 155 153 156 159 154 157 155 155 158 154 151 143 133 135 139 149 147 143 143 141 138 139 139 141 139 139 139 135 131 132 133 135 136 138 
49 41 43 35 33 31 32 42 39 48 51 50 47 46 48 44 87 47 51 39 36 45 46 54 53 65 51 42 37 37 45 63 62 59 69 90 88 81 51 49 58 64 60 80 96 113 187 175 190 203 226 230 222 214 219 207 197 179 166 172 182 161 158 151 150 152 152 155 156 166 159 155 149 151 155 153 153 153 146 147 148 148 146 143 141 139 138 138 135 135 136 135 136 134 128 129 132 131 134 135 
48 50 44 38 36 37 31 34 34 39 49 49 49 53 58 43 72 43 48 45 46 44 47 46 49 79 53 44 42 46 55 61 53 51 73 73 89 86 72 40 42 41 47 67 88 106 155 189 170 188 188 179 184 184 183 173 172 159 137 130 144 153 149 152 144 143 149 157 162 174 178 160 147 149 153 150 150 150 147 146 146 147 144 143 142 135 136 137 133 131 131 131 132 129 126 126 130 128 131 130 
35 53 44 44 46 37 35 33 30 34 55 58 52 59 72 55 72 49 54 52 48 41 43 44 46 67 45 47 44 36 32 25 37 56 44 46 74 43 37 35 35 37 40 71 82 100 108 144 144 137 144 158 163 181 182 150 152 146 137 139 146 140 150 107 116 144 161 194 188 191 216 175 155 152 152 146 148 150 148 145 145 146 142 143 141 134 135 132 129 128 129 130 132 127 125 124 127 127 130 127 
