178 177 178 161 205 215 212 207 203 204 180 196 200 195 197 198 200 198 197 202 192 191 195 173 194 192 192 196 198 198 203 197 202 197 193 197 193 200 208 203 202 208 198 202 190 195 188 197 200 204 217 207 196 199 200 202 205 207 210 210 209 213 204 207 211 217 220 219 216 210 204 208 218 223 217 216 214 216 215 213 213 210 211 212 213 214 231 220 220 219 221 232 221 222 227 233 229 224 228 219 
174 177 179 166 192 211 206 210 205 188 188 214 209 200 195 202 204 204 195 197 190 189 195 177 191 190 188 194 193 193 197 197 196 193 192 194 197 199 205 199 208 196 203 200 195 193 195 201 203 203 217 206 200 199 200 200 204 208 210 212 209 212 208 209 212 214 218 215 215 210 211 209 216 221 216 220 216 221 215 213 214 209 215 217 215 211 229 224 221 225 231 217 222 228 229 231 227 227 221 217 
175 177 177 171 177 209 203 210 199 184 210 214 204 203 193 206 205 208 200 200 192 193 195 183 189 188 188 192 193 189 190 188 193 190 191 191 196 204 204 205 200 203 201 194 201 196 202 203 204 207 216 208 201 200 204 200 207 211 212 218 212 212 211 213 215 217 217 208 211 211 215 219 217 221 213 217 215 220 216 214 214 215 214 217 213 216 219 230 225 232 217 221 231 228 227 231 229 226 222 223 
170 177 174 176 168 206 205 207 184 203 209 213 203 202 195 203 203 205 200 201 194 196 195 192 188 186 190 195 192 188 189 188 189 190 192 189 195 198 210 202 195 204 198 200 199 201 207 202 210 213 211 210 198 199 203 205 211 211 216 216 215 217 220 214 216 214 216 208 209 209 216 216 217 218 214 215 216 222 218 217 216 220 216 214 214 210 221 233 233 215 222 230 232 228 225 228 227 227 225 227 
172 180 175 173 163 202 200 189 197 213 205 207 202 201 193 200 199 201 197 199 193 199 201 200 183 191 189 195 191 189 189 191 189 188 188 189 193 200 202 199 197 196 201 203 196 209 210 205 205 211 209 220 205 201 207 213 210 215 220 218 216 218 219 213 210 210 212 212 206 209 215 215 216 221 218 220 220 222 220 222 223 218 220 214 214 214 231 233 229 220 223 234 231 230 227 227 223 229 225 227 
169 183 172 170 166 189 189 187 211 212 199 204 201 201 198 202 196 197 192 195 198 206 202 201 179 191 189 189 194 198 195 189 186 189 186 187 191 202 193 199 196 201 199 203 193 205 203 199 201 207 208 223 209 200 208 214 214 219 223 219 219 217 217 215 208 213 215 210 210 209 213 218 219 219 218 222 223 221 218 221 224 223 220 214 220 227 227 219 235 221 219 230 228 228 228 233 229 230 227 226 
169 180 171 171 174 177 181 202 211 206 200 202 199 202 204 204 198 191 188 192 198 209 206 197 185 185 189 189 190 200 194 187 185 188 187 192 198 191 196 201 202 206 202 210 197 203 205 203 202 206 208 219 212 204 208 214 214 222 220 222 219 212 214 215 209 212 216 214 215 211 214 218 220 220 219 218 223 219 218 220 223 220 219 219 230 218 212 222 233 225 220 228 228 228 229 233 232 231 226 227 
171 175 174 173 174 168 194 204 210 208 198 202 202 202 202 205 197 190 191 194 200 208 208 196 194 180 187 193 191 193 193 190 185 187 191 206 190 195 191 205 211 210 210 210 207 206 206 208 208 203 207 211 221 207 210 213 216 225 220 219 223 215 219 214 209 211 218 218 220 220 219 220 216 219 218 221 218 215 217 221 222 221 228 225 216 218 217 216 226 231 219 230 234 234 231 236 235 231 227 228 
177 174 178 174 167 169 205 200 206 204 198 206 203 199 201 208 200 192 196 203 199 211 205 198 193 178 188 191 193 190 189 186 188 189 204 192 199 193 200 214 213 215 218 212 208 204 207 209 206 206 204 206 225 213 206 211 218 225 219 215 219 212 211 211 210 216 214 221 214 217 221 218 218 218 218 221 216 216 215 216 221 229 228 216 215 221 219 217 221 237 221 224 237 235 233 234 230 231 229 230 
183 173 178 167 169 170 200 202 204 202 202 208 201 199 202 206 205 196 200 202 201 211 199 196 194 180 190 194 193 187 187 186 188 205 196 196 194 197 206 219 215 217 218 215 209 207 213 210 208 208 206 209 219 213 209 209 219 221 216 210 213 212 212 217 215 219 212 214 210 216 220 216 215 216 214 220 216 211 217 219 224 228 220 220 223 217 216 216 217 229 230 222 229 233 235 232 231 231 228 229 
175 171 173 165 186 173 196 209 211 203 206 201 198 195 203 208 207 201 204 200 204 212 200 192 196 187 185 191 188 187 186 185 200 194 199 196 193 200 208 215 212 213 212 212 207 204 209 207 208 209 207 206 208 218 209 211 218 217 211 208 211 209 213 218 217 222 214 208 220 218 215 215 217 213 214 217 213 212 220 229 227 219 225 219 213 215 220 216 217 223 236 221 234 233 232 236 231 227 227 227 
166 169 168 184 194 182 185 208 205 198 202 202 197 198 201 208 210 204 197 200 201 211 206 193 191 190 180 189 185 184 184 189 195 194 197 194 197 201 206 213 210 204 209 207 207 201 205 204 209 210 206 206 209 219 210 203 213 213 207 207 214 209 214 217 223 220 222 216 222 222 217 217 216 217 213 215 211 215 223 230 220 226 226 213 213 214 218 217 217 222 236 228 233 231 230 233 230 224 226 225 
166 165 174 197 190 191 180 201 197 190 194 199 199 200 200 202 200 196 198 199 206 205 204 196 189 187 177 187 183 186 190 188 188 197 194 196 200 201 209 207 208 201 204 207 210 206 208 205 212 209 206 206 203 220 215 208 209 205 204 215 218 215 214 218 222 221 229 223 226 228 224 219 215 212 209 215 215 224 234 220 224 228 221 214 213 215 222 221 219 222 229 235 225 233 231 234 228 228 225 224 
168 165 184 189 182 192 176 196 193 186 193 194 192 194 197 198 195 199 199 199 203 201 195 192 192 186 185 183 185 184 193 188 193 195 194 195 203 202 208 205 212 206 207 204 210 204 210 208 217 213 208 208 203 215 217 210 203 201 203 213 213 211 211 218 219 222 228 224 225 227 223 221 213 211 214 216 226 237 217 219 222 220 218 216 218 218 223 222 219 221 225 235 225 236 232 232 227 229 226 224 
163 173 179 182 182 193 178 193 192 187 192 195 192 190 197 194 197 199 198 197 197 201 197 194 191 185 183 184 186 197 186 199 191 194 194 202 206 206 207 207 216 211 207 207 215 210 215 215 220 216 209 209 204 205 223 207 199 201 213 214 209 210 214 216 217 222 223 220 225 231 221 216 213 212 215 226 236 222 215 212 215 220 216 219 217 219 218 223 219 221 223 230 228 228 230 232 230 231 228 226 
162 177 176 182 186 193 176 187 192 189 191 193 192 189 196 197 197 201 193 189 197 197 202 195 187 188 186 190 195 187 193 200 195 197 202 206 210 208 206 207 209 212 209 211 212 209 215 220 219 220 211 210 204 201 220 210 204 204 211 212 211 211 215 219 222 218 215 220 226 223 218 215 215 214 226 235 217 215 214 202 213 220 221 223 216 219 219 221 221 222 222 226 236 226 230 231 230 228 230 225 
167 173 171 181 185 189 180 177 188 193 195 190 189 188 189 197 198 202 195 192 199 199 199 192 189 189 188 201 188 187 194 200 199 199 202 205 205 208 209 206 206 210 210 205 213 212 216 217 217 217 218 214 202 201 210 218 205 211 204 207 210 213 212 218 223 213 214 222 221 219 215 212 215 228 236 217 217 216 216 213 215 220 224 220 216 216 221 217 219 222 224 228 235 228 231 230 231 234 229 227 
164 173 168 173 175 183 183 168 186 196 196 189 184 188 186 193 198 203 203 201 201 193 193 190 189 190 197 200 186 192 191 198 197 199 197 199 204 206 208 203 205 210 204 202 210 214 214 214 214 207 217 216 205 201 205 225 209 210 206 206 209 216 211 214 217 212 220 222 216 216 215 216 236 233 219 219 216 212 199 199 196 212 221 225 218 222 223 221 224 224 228 229 231 232 227 229 227 231 227 226 
163 165 166 168 171 177 184 168 181 198 198 192 188 185 185 192 197 202 202 195 198 195 192 191 189 195 190 188 190 189 193 197 195 203 198 200 206 209 207 204 206 214 207 201 212 213 215 212 206 205 210 205 205 202 205 224 209 211 214 208 213 217 209 209 213 214 214 216 214 214 215 235 230 218 217 219 180 115 89 86 100 185 215 219 223 223 221 220 225 222 224 230 229 234 225 230 226 229 228 227 
166 160 165 170 174 174 187 170 182 193 197 193 189 187 185 197 201 200 198 195 194 195 196 192 190 184 184 191 191 190 192 195 198 207 197 198 204 200 205 204 211 214 205 200 161 142 186 212 203 200 204 202 202 201 200 214 212 216 218 209 211 211 208 213 213 210 212 212 217 218 232 224 216 220 213 163 93 71 67 65 62 82 141 213 224 219 217 222 227 229 229 231 232 236 231 225 221 229 234 236 
163 156 165 171 175 182 183 174 183 193 195 194 188 195 190 197 197 200 201 194 193 194 199 193 183 183 190 191 195 186 190 191 192 190 144 159 159 195 202 206 212 214 203 181 83 67 89 128 143 152 186 198 200 198 198 202 219 212 214 208 203 186 172 155 150 184 206 212 216 231 222 214 217 216 142 79 71 47 39 37 46 78 172 213 220 217 217 220 226 234 231 233 232 231 237 222 218 226 235 236 
157 158 169 173 174 180 177 173 173 191 191 193 187 189 192 192 193 200 202 198 191 193 192 181 180 188 187 191 198 187 189 191 179 113 109 127 144 169 195 206 208 210 201 153 54 44 55 56 61 69 101 136 184 197 199 209 220 208 215 196 129 89 74 64 58 64 81 123 168 198 190 193 155 110 86 75 50 40 37 38 52 71 107 195 215 214 218 216 222 236 235 233 229 227 238 230 227 226 233 233 
154 157 165 172 170 173 176 170 165 190 187 189 184 183 189 187 188 193 195 197 192 193 180 183 195 185 185 190 192 190 187 190 129 73 90 92 137 167 184 200 202 208 198 135 47 45 41 38 37 39 45 52 98 146 147 183 214 211 185 107 69 66 56 64 59 45 44 49 52 66 74 63 58 70 64 48 40 37 34 41 43 75 202 211 211 216 222 217 224 236 229 228 224 226 232 238 225 228 230 231 
150 157 163 170 168 168 167 167 160 184 190 185 182 179 183 185 190 187 189 192 193 181 172 198 190 184 178 188 190 186 188 183 96 60 66 109 155 177 182 198 203 209 199 119 55 52 41 38 35 33 35 36 53 65 64 80 129 156 107 74 59 61 53 34 44 50 59 60 61 49 46 59 76 62 45 40 35 36 35 36 60 92 209 211 214 212 224 226 225 229 228 225 223 222 229 241 227 232 232 232 
147 156 163 165 168 168 167 162 159 184 191 184 180 179 179 181 189 188 187 191 187 168 191 191 192 184 179 187 194 188 188 152 70 44 46 112 165 176 185 194 204 202 174 84 50 54 42 40 34 32 33 35 36 39 40 47 52 59 63 58 52 64 60 33 25 26 31 42 56 67 70 69 52 39 35 33 33 33 43 49 110 190 220 216 214 213 227 227 224 220 225 229 227 227 226 238 231 232 232 230 
148 150 163 164 164 165 167 159 162 176 185 186 180 180 177 180 186 187 191 189 176 187 194 191 190 187 188 190 197 191 182 100 41 34 38 87 173 172 181 186 200 199 124 54 51 53 49 44 33 30 31 45 45 46 40 40 42 45 57 55 53 61 64 38 27 25 24 27 31 39 52 41 35 34 37 33 38 48 69 93 188 215 222 218 216 217 223 229 229 223 227 228 228 230 229 230 236 228 233 232 
147 150 157 164 159 156 163 159 164 166 178 180 180 178 175 180 183 190 192 181 188 187 191 190 185 190 196 196 202 194 139 60 34 33 32 92 171 174 175 185 194 194 102 45 59 50 46 46 37 36 41 65 66 91 68 37 40 50 46 51 52 59 57 46 32 39 49 48 41 33 37 38 47 51 55 38 82 164 197 211 216 221 218 221 224 222 223 229 225 224 226 229 228 228 230 227 242 229 235 235 
146 153 157 162 161 161 159 159 161 159 176 171 172 176 176 180 180 184 183 184 194 190 195 187 185 189 193 189 194 162 74 53 57 50 47 106 160 170 180 193 182 135 75 51 58 46 42 44 54 76 59 70 139 161 97 39 35 42 47 44 47 47 47 47 34 38 64 102 177 154 115 127 150 189 208 198 213 216 218 214 212 215 213 225 222 220 223 229 228 226 232 230 230 227 229 226 235 234 228 233 
149 152 160 163 166 164 158 155 159 160 165 167 168 178 177 177 180 178 179 188 191 198 196 194 193 190 189 185 159 94 59 62 48 42 44 56 145 172 178 143 98 76 67 59 53 44 46 52 93 87 50 45 97 86 92 41 34 37 39 43 42 50 52 55 36 66 178 202 199 207 201 204 197 202 215 217 218 218 213 213 214 215 213 217 220 219 223 228 232 227 231 230 226 230 232 230 230 241 226 230 
152 155 160 163 163 159 157 158 157 157 161 167 169 174 177 175 179 172 185 182 196 201 200 198 193 191 191 155 96 64 57 48 34 32 34 43 95 160 103 77 67 68 62 65 51 41 45 65 90 51 32 31 56 76 68 70 63 47 49 57 60 66 102 100 53 48 187 201 201 200 209 203 196 205 214 215 207 215 212 212 215 214 212 215 218 217 221 226 227 230 229 231 227 227 228 225 229 241 232 230 
149 156 156 157 161 160 156 158 155 159 157 164 166 176 179 177 170 181 179 180 198 199 202 198 192 188 179 95 67 68 58 56 52 49 43 41 56 72 72 66 66 63 61 65 47 39 43 87 69 42 30 30 32 46 59 68 55 66 74 78 71 93 150 94 80 50 148 202 201 204 217 208 211 211 214 215 217 214 210 209 212 215 213 215 219 217 220 221 224 228 231 232 233 233 231 227 229 238 240 230 
147 157 153 152 154 157 153 157 157 162 157 164 167 173 178 167 174 172 178 185 196 198 197 196 188 188 132 66 56 47 45 40 36 35 31 37 54 67 66 58 67 63 65 60 42 40 50 98 67 44 33 32 37 47 72 61 62 73 70 64 52 66 123 123 144 147 172 201 204 207 213 208 210 211 211 214 217 215 212 214 209 214 215 217 219 219 218 218 220 224 233 233 234 236 235 228 226 232 243 227 
146 157 155 151 156 154 156 158 158 166 162 167 173 174 170 171 173 169 178 183 193 195 190 192 185 182 104 59 51 44 41 37 33 33 35 54 64 62 57 61 64 61 64 52 40 41 68 94 77 48 46 52 62 71 81 72 63 66 80 54 65 60 90 150 171 168 166 158 201 209 213 211 208 209 206 216 220 213 208 217 209 213 215 214 222 222 215 216 219 220 231 234 236 237 235 231 226 225 238 233 
144 154 151 150 156 153 159 158 156 165 162 167 172 164 167 172 171 174 180 180 192 189 186 185 185 138 79 59 50 45 43 40 39 44 54 62 58 52 56 61 61 60 62 53 42 40 64 78 55 40 40 55 73 78 81 70 51 65 67 52 91 52 64 140 178 174 152 106 176 207 208 202 202 207 211 214 220 215 213 211 212 213 215 217 219 219 217 223 224 224 227 233 236 231 229 228 227 223 231 241 
144 154 150 149 153 150 154 156 157 164 168 165 164 165 167 163 171 180 182 182 189 191 189 186 164 94 71 65 54 47 46 47 53 57 62 62 50 49 55 55 54 61 56 57 43 40 63 67 37 29 28 33 47 58 75 77 69 65 61 56 83 47 62 132 176 174 163 119 112 197 207 201 201 208 216 214 215 215 218 211 214 209 209 216 217 220 221 221 221 219 223 230 233 228 227 231 227 227 225 242 
149 155 151 147 152 152 154 154 160 164 173 155 160 172 165 163 175 182 183 183 185 191 192 183 119 79 77 73 60 55 52 54 59 62 61 53 49 50 52 51 53 54 52 56 46 40 64 69 37 25 26 28 34 38 67 68 70 65 69 49 49 69 75 143 183 181 171 118 83 172 211 211 209 208 209 206 211 214 213 214 217 214 217 215 215 218 220 222 223 217 222 226 226 229 230 234 231 227 228 238 
147 158 154 150 154 157 155 159 159 169 169 158 165 162 165 166 175 178 182 182 180 187 193 160 86 75 77 74 65 57 55 60 60 60 54 49 50 48 49 49 51 54 50 52 45 43 61 79 55 33 26 32 45 54 63 62 75 58 61 58 54 73 116 146 182 172 166 104 88 175 215 209 206 202 208 204 208 210 212 217 216 220 220 216 215 216 220 223 219 220 222 228 228 227 231 230 232 228 225 232 
145 155 154 153 152 157 152 157 159 163 153 166 162 159 165 166 171 177 180 178 179 184 187 129 75 72 71 71 66 64 64 65 60 54 49 50 50 44 43 48 54 53 49 47 47 46 52 76 78 51 29 60 69 62 76 88 77 75 69 80 110 134 148 149 170 183 143 123 100 198 217 212 207 198 203 196 205 212 213 217 217 223 224 218 219 216 219 222 225 223 218 224 226 227 228 232 226 227 227 230 
143 146 151 152 148 151 151 156 161 145 157 164 158 159 161 172 172 177 182 180 179 181 180 98 71 69 66 66 61 63 60 59 56 49 52 51 51 47 41 42 54 49 51 44 44 41 46 49 65 64 47 93 114 81 52 62 69 50 57 81 112 145 116 141 143 114 86 106 143 211 212 214 207 199 205 203 210 212 215 215 222 221 225 227 219 216 219 216 224 221 222 221 224 227 231 231 221 231 232 235 
144 146 155 149 144 146 152 159 149 161 160 162 155 160 161 172 173 178 182 177 176 182 161 77 66 65 63 63 55 58 54 54 52 45 46 47 45 45 38 36 45 47 47 39 39 38 39 36 34 42 73 85 125 86 34 35 44 34 40 51 82 97 57 56 39 35 40 86 193 216 212 209 211 206 210 205 210 218 218 216 226 222 222 221 221 216 222 216 222 218 219 222 223 224 226 227 226 232 233 237 
149 154 157 152 146 143 153 150 153 160 155 160 157 154 161 169 167 176 176 173 177 186 130 68 58 58 56 56 55 52 54 52 48 45 50 46 42 41 35 33 39 44 44 38 38 35 32 34 30 33 59 50 85 56 37 31 32 36 39 41 44 68 59 40 35 28 33 72 207 219 217 204 210 214 211 207 213 217 225 225 227 222 220 217 219 216 217 217 220 222 222 222 225 223 222 224 230 231 234 237 
153 157 160 152 143 150 144 148 158 153 150 154 162 156 162 167 164 170 168 167 178 186 100 58 53 49 51 52 52 54 53 49 46 44 49 49 49 39 30 30 37 41 48 36 41 32 32 30 30 31 46 35 39 34 32 33 38 43 50 47 45 48 34 38 33 28 31 75 210 217 208 198 206 211 214 203 204 210 217 221 224 227 222 217 216 216 216 219 220 222 225 226 229 225 219 226 230 233 235 235 
151 152 156 147 149 140 136 150 150 148 147 152 163 158 162 165 164 173 172 172 174 177 76 51 51 45 47 49 47 48 49 46 44 38 40 40 39 36 28 28 32 36 47 39 41 34 27 28 28 28 34 38 36 36 32 34 41 48 53 44 50 46 35 36 28 28 32 89 211 212 206 200 215 213 205 199 198 214 219 216 220 228 223 216 218 217 222 218 224 227 226 229 226 226 222 231 228 234 236 235 
141 149 149 148 148 131 143 150 152 145 147 147 161 159 159 161 163 169 170 177 179 168 61 48 42 43 45 49 47 48 50 46 40 34 34 37 36 34 28 27 28 29 44 40 42 40 28 26 28 30 36 39 32 32 35 38 38 40 40 33 41 43 35 29 27 33 33 118 209 210 209 196 207 212 205 204 203 217 221 224 226 223 219 216 216 222 221 223 220 223 225 224 229 227 226 231 229 231 234 234 
139 144 144 148 136 140 143 146 151 146 146 146 166 159 159 158 161 167 167 175 178 154 54 44 40 39 41 42 41 43 45 43 38 32 31 33 35 34 28 27 25 28 36 45 52 64 46 42 50 40 41 41 37 35 33 38 49 42 44 36 49 47 32 29 36 37 31 129 214 211 210 199 198 201 201 201 201 211 218 214 222 223 218 214 216 227 225 224 226 225 223 222 226 223 224 230 233 237 232 238 
138 145 145 138 141 147 143 142 147 151 148 153 164 161 158 159 158 164 170 174 174 142 50 44 38 37 36 39 36 38 40 38 35 30 31 31 32 31 27 25 25 28 35 52 74 57 52 34 51 63 35 35 37 32 33 47 62 50 48 35 44 45 35 34 42 35 34 163 219 177 157 166 145 160 139 90 112 151 161 170 219 222 219 215 217 222 218 221 224 223 225 224 220 221 226 232 230 231 229 237 
140 146 139 142 147 149 142 140 146 151 150 152 157 163 157 157 158 160 163 172 170 141 43 39 35 33 33 36 38 37 37 36 32 30 28 28 30 29 28 24 25 27 34 52 63 42 50 30 42 47 38 39 38 39 40 59 51 40 32 32 37 41 34 38 35 29 53 182 122 43 49 45 42 43 39 34 38 39 56 72 131 176 213 217 213 221 217 225 221 225 223 226 223 220 228 232 234 228 229 231 
146 141 139 148 147 153 142 140 146 149 147 122 106 159 151 155 159 161 161 165 168 144 44 39 34 32 32 34 39 35 32 33 30 29 27 26 26 27 28 26 26 27 29 40 48 39 59 45 38 39 46 44 43 38 38 40 38 32 31 33 48 46 40 42 33 31 30 41 32 42 59 46 36 34 31 29 28 28 33 44 60 110 221 217 217 217 219 225 220 227 223 224 226 224 228 232 229 231 228 229 
139 134 138 145 149 151 146 144 147 149 142 83 73 124 147 154 160 160 160 165 164 108 45 39 36 32 32 35 37 30 28 30 27 26 27 26 25 27 27 27 27 28 29 34 36 36 47 34 31 40 46 42 43 41 35 39 39 35 33 38 49 49 48 37 35 26 27 32 45 60 71 70 50 38 34 32 28 28 31 45 53 80 182 208 220 216 218 219 222 229 223 223 224 225 226 227 231 231 227 229 
131 139 131 138 148 153 147 151 152 148 144 67 55 81 137 150 158 163 162 163 133 70 41 38 38 31 29 30 32 28 29 30 26 27 28 27 27 26 27 27 25 26 27 28 33 34 35 34 35 36 44 40 38 44 51 47 39 41 43 45 51 55 51 54 32 24 30 60 71 71 63 72 79 62 46 38 31 28 30 40 55 70 98 198 218 216 217 215 219 225 221 221 219 222 222 225 233 232 229 230 
133 136 133 136 149 153 146 151 156 151 147 58 41 49 83 146 157 160 162 123 74 51 41 38 33 28 27 28 27 27 27 28 27 27 26 27 27 26 27 27 25 25 27 28 31 32 31 29 32 37 43 39 37 39 42 52 44 48 49 53 54 48 60 47 26 26 49 60 51 44 41 39 46 62 70 58 40 34 33 40 51 66 112 206 219 217 221 220 215 221 221 213 214 223 227 230 230 230 231 233 
135 134 137 134 148 153 149 152 156 155 150 54 37 40 45 95 145 145 108 72 57 40 38 39 33 28 27 28 27 26 26 27 28 27 27 28 28 29 28 27 28 27 28 29 32 34 38 35 34 36 38 39 40 41 43 48 46 46 39 38 38 44 61 42 25 39 51 48 42 41 55 85 120 91 56 71 59 43 42 62 66 79 197 214 218 220 221 221 215 219 222 215 214 227 229 226 228 232 231 231 
134 136 141 137 147 151 148 148 150 153 147 55 38 37 38 47 66 73 65 60 49 34 35 36 33 28 26 27 26 26 26 27 29 30 30 30 30 31 31 30 30 30 29 29 31 34 37 37 42 43 44 47 49 42 45 54 65 73 43 37 36 51 60 40 39 56 57 50 75 131 172 203 217 212 172 80 61 53 51 57 74 174 218 216 220 218 220 221 217 219 220 211 218 229 228 226 229 231 227 227 
136 142 142 144 148 150 146 147 144 147 151 71 33 36 40 42 51 57 55 52 45 33 30 36 33 29 26 26 26 27 26 27 29 33 32 31 31 32 32 33 33 32 32 30 29 31 31 33 37 40 44 46 46 71 116 137 156 167 100 36 35 41 56 44 53 60 62 122 188 193 199 203 211 216 216 204 135 90 79 114 150 193 217 216 218 225 224 223 223 225 224 216 223 226 226 226 226 231 224 230 
139 144 141 140 142 150 149 144 145 146 147 97 34 34 37 39 43 43 44 40 34 32 30 33 33 30 28 26 26 27 26 26 26 27 27 28 30 33 36 36 36 36 35 35 35 35 35 36 38 46 85 124 142 167 176 183 187 187 182 104 41 44 57 53 52 81 181 207 197 196 210 209 220 221 209 210 208 209 206 213 214 214 207 216 221 222 219 223 225 228 225 219 226 230 228 225 226 226 237 234 
138 141 139 136 143 150 146 144 142 146 144 133 48 31 38 36 40 38 37 32 29 28 28 52 35 30 29 27 26 26 26 25 25 25 27 27 29 32 34 37 41 42 45 61 63 72 78 89 105 150 182 175 181 184 181 184 193 186 196 191 143 95 88 116 158 189 217 214 203 206 213 216 218 218 207 208 208 207 209 212 214 213 209 216 219 220 226 225 223 227 228 227 226 226 230 225 230 238 225 219 
140 136 142 145 146 145 145 146 143 143 145 150 101 34 32 32 32 32 30 27 26 26 31 113 78 31 29 27 27 26 26 26 26 28 29 29 32 30 32 38 60 93 123 155 160 164 174 177 177 183 187 183 183 187 186 184 188 182 187 193 198 206 211 202 212 196 205 227 201 198 206 208 216 216 207 210 211 209 212 214 213 210 212 214 214 219 221 227 222 226 229 228 219 227 226 230 231 218 223 224 
138 143 143 142 141 139 143 147 148 143 145 150 146 88 40 28 27 26 25 25 29 53 92 141 145 47 33 28 27 26 26 26 28 31 36 47 52 50 48 100 150 163 156 166 169 175 181 180 181 181 186 184 185 187 185 184 182 182 183 186 190 199 208 195 207 199 196 230 210 203 204 203 211 219 209 210 211 208 211 211 217 213 215 215 215 217 222 225 223 226 230 223 222 227 233 223 213 222 222 223 
135 144 147 143 136 137 145 151 144 142 147 151 152 144 105 71 48 40 44 74 110 125 140 151 160 118 35 30 28 29 31 33 35 42 53 46 42 46 73 163 151 158 165 175 172 176 176 176 184 182 187 185 187 193 193 184 178 187 188 185 181 196 198 197 204 197 195 221 222 207 208 209 208 204 207 214 216 213 216 215 215 209 214 217 217 216 220 225 224 230 231 220 231 232 214 211 216 219 221 223 
134 140 150 142 139 140 147 152 145 138 144 151 151 152 150 147 139 132 145 160 146 142 144 154 157 157 87 36 33 39 54 48 46 45 38 31 30 45 94 155 163 160 169 179 174 179 181 177 180 183 188 187 192 194 191 188 184 185 189 188 184 200 195 196 200 200 205 210 230 209 209 211 211 201 206 214 219 217 216 214 209 207 212 213 213 218 221 221 220 227 229 239 233 218 209 216 215 218 221 222 
138 144 152 140 145 141 152 152 143 139 149 150 148 152 154 163 157 157 157 161 156 153 149 151 156 164 160 44 32 40 43 38 37 30 28 31 37 52 144 167 161 161 166 179 183 179 178 177 184 184 191 190 194 197 187 190 188 186 191 195 189 194 201 195 199 204 206 206 230 209 209 211 209 215 213 211 211 212 213 213 209 207 213 208 211 215 214 220 224 233 238 226 219 216 218 216 213 221 218 219 
137 147 150 148 145 137 149 152 142 143 149 149 147 153 157 166 166 155 152 150 161 150 150 145 161 180 117 47 37 33 32 35 41 39 38 41 43 79 173 184 159 163 167 182 192 180 176 185 186 188 196 195 193 195 189 192 187 188 189 191 192 193 196 198 207 201 201 205 221 218 206 208 207 213 211 206 208 213 213 214 207 205 209 209 208 212 217 225 234 235 222 217 221 224 223 216 214 219 217 219 
131 149 152 145 144 138 145 150 144 146 152 157 150 158 168 172 169 158 157 151 163 155 153 152 181 162 146 51 41 35 31 31 31 32 33 44 48 109 175 199 167 165 178 186 190 178 176 191 193 188 193 198 197 195 188 190 184 189 190 190 192 191 193 195 204 203 206 211 211 224 204 208 210 211 210 210 211 210 204 210 209 207 210 211 214 215 224 235 225 219 225 219 219 219 222 222 215 218 221 224 
132 146 151 144 137 135 142 144 146 147 153 155 158 162 168 174 170 158 166 162 165 162 157 167 158 173 165 97 41 38 37 34 34 31 32 40 58 145 177 207 169 168 182 182 191 179 188 196 187 179 186 197 190 199 194 188 188 194 191 194 199 194 190 188 192 203 204 212 208 228 206 208 216 211 213 212 212 207 203 210 210 210 206 211 219 227 234 220 220 223 221 213 207 206 214 223 220 215 220 225 
134 138 144 145 140 138 142 148 146 145 151 153 156 162 168 175 170 158 169 171 167 159 162 153 164 170 175 166 106 52 46 46 34 32 31 33 43 155 179 200 180 162 176 187 190 183 182 190 183 177 191 197 193 201 198 187 190 198 191 198 202 201 197 190 187 198 207 212 214 218 215 204 212 212 207 206 210 207 201 208 208 208 208 222 232 224 214 221 224 222 221 211 209 210 212 221 221 216 218 221 
135 133 135 142 139 137 141 152 146 143 150 153 153 167 169 166 169 168 167 169 163 163 153 161 159 172 178 175 176 168 118 55 37 27 27 27 35 116 180 184 196 167 177 188 188 187 182 187 178 179 188 197 195 198 190 191 194 191 195 202 199 198 197 197 198 203 217 215 215 213 223 201 207 208 198 203 208 203 201 204 208 217 226 236 218 214 221 217 220 221 223 217 209 207 218 220 220 218 218 218 
131 131 134 139 143 141 139 147 149 143 146 154 156 163 168 162 166 171 167 168 168 153 165 166 165 167 176 183 186 177 175 149 77 39 33 30 38 78 176 176 209 163 176 183 191 189 186 183 177 174 182 188 198 197 194 189 192 196 192 201 197 194 202 191 201 207 215 216 218 217 230 202 208 209 204 205 206 208 197 203 217 233 234 216 220 223 221 216 221 222 219 218 221 215 210 219 221 218 219 220 
131 129 128 141 145 146 139 145 149 140 144 148 150 160 169 165 166 167 172 172 155 159 165 162 167 168 173 185 192 179 174 179 175 84 44 43 52 56 164 173 205 175 171 177 184 186 187 184 179 178 185 194 195 197 195 196 191 194 192 196 200 198 197 192 204 217 222 219 224 208 230 215 209 209 207 203 209 209 208 219 233 221 215 220 221 218 220 217 223 222 223 209 208 218 221 218 218 217 220 222 
132 128 124 137 140 146 140 143 141 139 141 147 147 162 168 169 164 168 182 159 158 158 161 161 168 168 170 183 187 182 176 181 180 155 53 62 78 90 158 178 192 189 166 173 180 181 189 180 182 182 183 190 190 200 197 192 192 196 197 195 202 201 200 198 207 216 214 215 217 214 223 224 211 209 204 204 214 213 229 232 209 211 217 215 217 220 220 228 222 223 226 217 221 224 224 217 215 219 220 222 
122 127 127 138 138 140 144 140 136 141 143 148 149 163 169 162 164 169 170 158 155 157 163 156 165 171 171 181 185 180 181 177 177 187 107 82 89 111 138 180 187 203 168 172 175 171 182 189 176 188 186 188 192 199 200 195 198 200 198 200 206 201 200 200 210 213 213 214 216 213 217 233 209 209 212 207 221 233 218 209 218 215 215 217 214 222 222 225 224 224 228 231 215 212 221 224 220 218 221 223 
118 130 127 137 136 135 136 139 136 144 147 154 151 159 158 165 163 158 169 154 153 155 169 166 165 174 175 178 181 176 179 178 173 179 180 142 107 162 151 178 188 212 169 171 175 171 177 191 186 190 189 178 194 192 199 195 195 198 197 202 204 203 202 202 206 211 210 214 216 216 208 229 214 207 214 226 235 215 210 213 222 223 217 217 217 217 219 225 225 230 233 222 216 216 225 227 220 220 225 225 
116 128 126 135 136 135 133 138 135 144 150 161 151 156 167 162 151 156 165 160 155 157 171 173 170 178 174 182 180 178 177 173 175 174 179 180 176 183 181 186 186 208 177 169 171 171 181 193 192 197 194 188 191 194 197 195 192 195 195 199 198 201 196 197 205 211 207 212 218 218 209 218 223 219 236 229 209 204 216 214 218 218 215 214 218 215 220 226 229 228 234 219 213 208 219 226 223 220 225 225 
117 128 123 132 140 142 136 139 138 142 151 159 149 156 152 150 147 147 160 168 158 158 166 170 169 173 171 178 183 182 181 175 173 176 178 182 186 193 185 187 182 200 186 172 174 169 180 185 191 199 202 192 196 189 198 188 191 193 197 200 202 201 194 203 208 207 205 213 218 214 212 212 235 234 216 212 212 207 212 215 216 217 217 220 221 212 216 219 223 231 230 211 218 212 216 224 224 223 220 227 
118 126 124 131 136 141 136 140 140 143 147 158 153 154 147 149 147 146 157 170 158 163 159 163 171 171 173 178 185 184 178 174 172 179 181 181 182 194 192 191 185 191 199 174 173 169 181 190 186 190 202 197 195 193 199 187 193 194 196 200 202 199 199 208 209 213 212 214 206 208 217 232 236 213 205 214 212 206 204 213 214 214 212 217 218 214 213 214 219 227 231 222 205 208 217 228 226 228 224 228 
119 123 129 130 138 134 135 133 138 137 146 163 149 146 146 142 141 150 153 172 161 165 163 168 170 174 177 176 181 183 173 173 176 175 178 178 182 190 201 202 187 181 209 176 173 179 187 189 186 186 188 198 191 189 189 190 194 199 200 207 207 194 204 207 214 212 213 208 207 224 228 209 216 220 201 207 207 200 203 209 220 219 212 215 219 221 215 216 218 226 223 215 210 214 212 229 222 222 219 225 
118 118 138 131 135 133 131 131 135 141 150 151 144 143 142 138 140 149 148 169 167 162 166 173 174 173 170 175 179 177 176 176 178 172 172 178 183 188 203 194 188 176 207 187 175 182 184 187 187 185 184 191 188 193 187 188 196 200 200 208 205 195 208 210 209 205 207 211 228 219 198 198 209 230 203 208 203 202 204 209 221 219 216 216 216 220 215 219 220 225 222 217 203 208 213 220 221 220 216 219 
118 116 138 129 132 132 128 133 140 156 148 142 141 145 143 140 141 147 144 155 168 166 163 173 177 177 172 168 171 177 176 184 181 173 173 180 184 185 195 187 188 181 200 198 178 177 181 191 186 186 187 194 193 190 186 187 194 198 204 202 207 206 205 209 209 204 221 229 213 199 199 201 205 231 212 209 205 204 206 209 220 224 218 218 215 218 214 218 221 226 218 219 220 215 215 222 220 218 215 214 
120 118 135 122 128 129 128 131 153 150 147 137 139 145 147 145 144 145 144 148 169 163 163 171 182 175 175 171 169 177 178 185 182 174 173 180 179 184 185 187 193 185 196 208 181 182 182 190 193 189 188 186 193 191 187 190 195 192 201 205 207 209 201 202 207 225 224 203 197 202 200 205 206 226 219 206 207 211 207 213 218 227 218 217 217 217 209 217 218 223 221 219 217 216 222 219 219 218 219 216 
121 116 132 124 126 129 130 144 141 150 146 134 137 145 148 149 156 145 143 146 172 161 165 170 185 170 170 178 170 181 183 186 179 182 174 178 181 183 181 184 189 189 193 214 185 181 174 186 195 203 191 191 189 190 191 191 190 190 201 204 205 199 199 211 227 213 211 208 201 199 202 202 205 216 228 210 211 210 213 213 216 221 217 216 215 216 204 212 211 219 215 217 220 221 218 222 220 219 219 218 
122 114 127 131 127 128 141 140 142 151 148 138 139 144 150 147 152 149 147 146 167 157 163 172 179 170 171 179 173 179 187 189 178 177 177 184 182 182 181 183 193 189 190 211 195 182 180 191 193 191 192 187 188 188 190 185 187 194 199 197 202 205 222 222 204 199 215 211 200 200 198 197 202 206 231 210 209 209 215 217 207 215 214 220 214 214 214 214 212 220 216 216 220 212 207 227 219 219 220 218 
120 116 120 134 127 139 133 145 147 148 149 144 141 145 150 150 145 150 153 146 163 162 159 173 177 170 177 176 167 179 187 186 179 173 179 184 184 181 179 182 190 191 195 204 205 185 184 189 184 184 188 186 187 187 188 188 191 196 195 198 216 230 216 202 206 205 205 203 206 201 195 196 201 200 223 219 210 207 218 219 207 212 212 217 216 216 219 222 218 220 221 210 210 213 210 221 216 219 220 218 
122 118 117 142 132 129 146 151 143 142 145 141 142 143 149 145 147 150 153 145 159 175 156 173 178 171 167 171 170 179 183 182 185 179 184 182 183 186 184 182 183 196 195 203 212 188 190 193 190 189 191 192 186 188 186 189 193 195 201 219 218 205 202 205 203 199 199 200 210 197 194 200 198 201 213 225 206 215 210 217 213 216 223 217 217 221 224 223 221 221 217 209 206 211 215 217 220 219 222 220 
120 116 121 147 129 141 145 149 143 139 139 138 141 143 154 152 150 150 151 145 152 178 157 171 178 168 164 165 171 175 178 185 179 180 187 182 189 190 189 183 183 194 195 204 213 189 191 195 191 187 187 190 187 187 188 192 193 206 229 211 195 198 198 198 198 198 200 202 203 204 200 202 204 208 209 231 205 219 210 209 217 224 229 219 218 221 214 213 215 221 224 207 206 210 210 210 219 219 223 220 
117 122 132 141 136 140 143 147 140 140 141 140 138 141 152 154 154 147 150 148 151 176 154 163 168 164 168 163 166 173 176 187 183 182 188 186 190 188 189 187 190 192 203 209 212 201 187 195 189 185 183 187 190 183 189 201 217 228 206 197 193 194 195 201 205 201 196 202 199 204 206 205 204 206 209 227 216 223 214 213 212 220 225 223 223 226 219 215 214 217 218 209 200 204 209 219 215 224 225 226 
120 130 125 139 140 141 141 148 143 139 143 140 145 145 148 150 156 153 153 149 147 172 161 159 160 158 167 164 169 171 176 184 183 184 182 183 189 188 188 187 197 200 204 206 207 212 185 194 189 187 181 183 189 188 207 228 210 196 195 190 189 194 198 205 213 196 198 195 196 209 209 209 208 208 216 218 225 218 215 207 208 211 223 227 225 223 220 219 213 212 209 208 203 205 213 221 225 227 226 224 
119 133 140 136 143 147 146 148 142 138 142 144 149 152 149 146 151 153 152 150 147 163 170 155 157 154 167 164 172 168 173 183 185 181 178 185 183 188 187 188 195 203 204 210 203 218 187 189 188 184 181 186 191 211 222 200 195 189 186 188 194 196 211 208 201 201 203 201 198 202 213 209 207 208 217 211 230 209 216 211 213 209 224 231 228 223 219 222 220 214 214 201 208 210 211 223 224 228 228 224 
127 144 144 143 144 148 152 148 141 138 142 144 144 157 148 148 149 152 152 148 148 154 177 150 149 154 166 171 174 173 167 180 187 184 182 183 188 187 190 190 200 203 200 201 205 216 191 190 192 186 187 199 219 208 195 191 191 187 182 186 194 203 212 203 206 210 208 209 197 203 204 202 198 203 212 212 224 211 218 215 213 216 221 228 230 224 215 219 222 222 218 208 203 206 216 224 223 226 224 225 
128 139 140 140 144 145 147 146 142 141 145 147 146 152 150 146 147 149 154 148 150 144 176 153 151 155 168 170 179 180 172 174 182 177 179 177 186 185 190 194 199 198 204 198 203 204 201 190 194 193 206 220 204 193 190 185 189 191 185 191 193 209 210 208 209 213 211 209 206 206 205 201 196 203 205 210 222 222 218 217 211 222 223 228 228 223 215 218 221 225 222 210 205 209 220 226 228 228 222 223 
129 139 137 138 150 140 142 142 142 142 144 147 145 151 152 146 147 149 154 151 157 144 176 156 150 149 163 167 177 181 176 174 184 174 175 180 181 186 185 188 198 204 200 204 203 195 209 191 199 215 210 193 194 188 185 183 194 190 184 190 193 205 206 210 210 214 212 205 208 206 202 203 206 203 205 209 215 233 213 220 213 221 224 225 225 221 214 219 223 227 221 205 209 211 214 231 228 226 219 226 
128 136 141 144 147 144 141 138 141 140 142 144 144 155 156 150 147 150 151 155 170 153 168 167 149 158 170 165 170 175 182 178 185 170 171 179 176 185 182 190 200 204 202 206 202 198 217 201 217 201 190 191 187 183 186 187 194 189 181 195 193 199 206 206 210 209 209 211 207 204 204 206 209 209 205 204 215 236 216 215 214 222 230 226 227 224 217 223 225 219 214 214 213 223 229 229 225 229 223 222 
128 131 140 141 141 145 135 139 138 138 140 141 145 151 153 150 146 152 151 158 168 159 159 175 149 156 171 165 169 168 174 172 174 170 175 177 184 183 184 196 197 205 204 202 196 195 223 214 189 191 187 191 186 187 186 190 197 189 192 192 197 205 207 200 201 208 205 204 203 205 208 211 212 208 207 203 214 227 223 213 216 220 230 228 224 225 214 216 222 216 211 214 221 229 230 223 224 228 226 224 
121 126 135 135 140 148 137 134 136 138 137 141 147 148 157 151 145 152 152 155 161 160 154 177 147 155 170 164 166 170 166 172 170 169 174 182 192 185 181 194 200 203 195 195 209 209 200 203 182 181 182 192 185 188 188 192 197 197 195 191 193 199 193 195 194 202 206 201 201 202 210 212 210 207 206 207 205 220 228 212 217 216 228 231 224 219 220 214 219 218 210 214 220 225 230 231 230 230 225 224 
121 123 131 132 137 150 133 134 135 141 139 141 147 148 150 148 146 147 144 155 162 162 153 176 154 156 165 166 169 169 163 168 170 168 169 182 187 191 189 197 197 198 200 215 196 180 183 212 181 179 183 189 186 191 188 196 197 198 201 198 197 193 193 202 195 200 206 199 202 199 201 212 209 209 212 213 210 214 232 208 214 215 221 229 222 223 223 222 219 215 208 213 216 219 222 220 227 229 223 219 
118 125 127 126 136 148 132 135 139 141 139 138 141 145 145 144 145 145 145 162 168 157 153 169 168 157 160 165 180 173 166 165 167 165 169 179 186 192 185 194 190 202 212 186 176 173 177 213 186 186 185 187 185 189 188 192 199 195 207 202 196 196 193 202 196 197 200 200 203 200 202 213 204 208 212 214 215 215 227 213 208 206 213 223 218 216 221 222 218 213 210 212 215 218 213 219 228 229 223 221 
122 128 128 128 125 140 139 140 149 144 141 137 141 145 141 143 146 145 146 157 163 151 148 157 172 157 164 168 174 174 166 165 166 165 169 180 188 191 179 192 211 195 175 169 169 173 177 206 193 186 185 184 186 187 191 187 192 194 198 199 192 191 193 202 200 197 194 196 203 200 207 207 202 207 212 213 213 208 216 223 205 207 213 217 215 214 220 225 216 212 212 216 221 220 221 221 225 224 222 222 
123 130 131 130 132 143 145 142 153 148 138 135 138 142 138 141 149 146 145 155 160 151 147 156 181 159 161 161 163 170 165 166 164 164 167 172 182 189 197 212 181 182 186 171 170 173 177 190 206 181 183 182 183 188 199 187 189 191 197 193 195 191 189 197 206 200 190 195 202 199 204 206 205 211 215 213 215 202 207 229 206 209 211 216 218 212 219 225 220 215 218 219 220 217 220 220 220 229 225 220 
120 128 134 130 138 143 150 138 148 149 140 135 138 139 134 140 147 147 149 152 153 149 146 153 178 158 162 161 163 169 164 162 165 165 167 171 182 210 195 173 180 177 171 167 172 170 177 180 211 183 185 182 183 189 201 185 188 196 200 195 197 190 188 196 199 198 196 201 205 203 210 213 209 214 218 215 209 203 206 222 213 209 207 212 216 214 214 217 221 217 214 222 218 220 216 223 222 227 225 221 
121 125 131 126 132 135 146 141 144 146 143 139 138 137 137 140 148 149 145 148 151 145 148 150 172 169 162 160 158 162 157 157 164 166 171 189 206 176 173 172 177 171 170 179 169 166 172 178 208 189 186 182 185 189 197 187 188 195 205 200 198 193 190 198 197 200 195 198 202 200 209 215 215 216 221 213 208 203 205 213 224 204 206 207 211 208 214 212 219 220 216 219 215 219 215 217 220 220 224 224 
120 126 132 126 129 132 141 140 143 148 145 141 137 137 141 142 146 144 138 145 152 145 147 148 162 180 157 157 158 161 156 157 164 176 199 196 169 169 172 171 175 172 173 181 168 168 168 186 196 198 179 179 187 192 193 187 186 201 207 194 195 190 195 198 204 200 196 201 203 212 215 218 220 218 220 213 207 205 204 208 233 209 211 205 211 207 213 214 222 223 221 219 219 216 215 217 221 217 221 221 
117 127 128 130 130 127 133 139 144 148 150 143 138 136 140 143 150 147 144 147 149 154 150 146 154 180 154 158 160 162 158 162 192 203 178 167 165 165 170 175 183 172 176 171 179 181 178 185 189 210 179 179 189 192 192 186 188 197 193 198 194 191 196 204 205 204 198 202 205 215 213 214 216 218 221 216 203 208 206 209 228 216 216 210 211 206 210 218 219 222 219 225 225 212 217 215 216 219 222 223 
