186 220 222 240 209 153 162 164 181 202 208 208 216 222 214 197 183 203 201 195 199 188 192 197 212 221 205 197 177 168 169 143 146 180 171 187 168 148 152 100 129 107 88 118 158 175 101 61 70 83 91 101 91 102 115 130 159 115 59 118 111 113 53 52 49 49 84 158 116 59 64 67 58 62 79 190 150 148 141 147 151 131 150 161 193 178 205 195 168 168 151 161 132 110 132 126 148 139 96 108 
199 241 245 230 201 159 177 163 174 165 158 178 227 227 229 221 215 220 220 216 208 199 194 192 204 212 217 218 203 189 179 197 203 176 167 176 166 171 113 111 115 113 129 172 191 150 83 87 97 95 131 121 114 160 175 167 207 200 171 176 180 195 159 141 122 62 156 118 211 71 67 76 70 58 57 160 151 178 94 110 108 104 106 151 153 156 185 193 171 191 124 131 125 132 141 138 148 98 86 95 
212 227 238 215 182 161 168 175 183 176 165 196 205 222 211 213 205 216 220 226 221 206 181 187 209 200 195 201 201 210 195 182 186 179 178 203 188 180 116 117 96 141 170 142 185 148 75 46 82 93 172 180 148 180 138 182 218 219 227 205 219 172 209 207 95 90 93 160 192 83 105 90 114 50 57 113 160 147 103 85 75 122 144 151 130 168 182 170 178 167 143 145 146 126 116 117 111 91 67 89 
193 209 202 185 171 155 172 154 187 182 189 203 202 210 231 232 227 222 212 213 216 219 233 216 217 213 209 219 217 193 194 207 189 152 176 163 176 169 163 128 137 135 192 178 186 164 82 66 133 129 171 140 114 139 178 188 213 224 215 204 228 217 215 193 83 92 93 201 136 56 144 127 142 69 55 64 175 137 106 112 116 127 154 163 147 173 180 182 195 164 186 161 155 160 159 159 95 88 117 108 
213 204 203 195 175 201 199 151 197 183 145 195 208 203 211 221 228 220 221 226 223 201 201 207 212 217 217 217 229 220 212 204 193 195 178 165 184 175 123 136 142 156 186 214 138 154 159 203 196 138 140 139 95 138 196 182 206 200 205 184 236 224 206 147 71 69 98 90 68 54 132 145 150 67 55 55 94 110 113 110 119 153 207 204 160 137 170 194 202 188 175 180 149 130 155 122 102 93 150 140 
167 186 160 152 110 206 205 186 192 156 151 215 217 227 228 225 212 206 208 217 211 190 185 190 191 218 209 230 220 193 211 225 196 191 208 162 144 184 149 178 133 133 172 161 98 147 210 210 173 188 204 158 170 195 183 205 201 185 176 222 187 207 173 94 67 58 79 64 70 69 123 131 109 92 54 56 88 108 110 135 126 174 216 199 174 164 161 177 192 181 158 138 116 112 129 95 85 93 163 135 
183 179 172 135 131 210 188 174 166 180 202 204 217 214 219 211 213 215 216 194 215 226 222 204 195 172 207 225 224 213 199 210 197 195 195 180 173 168 193 192 159 162 196 91 99 165 194 191 156 165 171 156 193 206 149 159 187 153 159 196 207 174 109 102 68 52 80 69 66 47 130 91 77 117 59 57 61 111 117 114 91 128 183 186 159 158 160 173 160 192 180 164 138 102 73 61 89 126 132 146 
188 148 137 135 170 206 205 194 159 164 155 164 207 219 219 228 236 233 226 223 208 208 203 188 202 213 214 218 219 227 203 213 213 199 212 207 189 161 150 199 190 188 135 67 145 195 220 202 214 199 186 204 213 203 203 186 189 184 166 182 199 89 131 105 71 66 63 62 57 100 156 84 65 87 66 59 57 71 107 104 125 141 144 164 158 165 133 146 192 166 169 168 154 120 80 90 170 176 175 161 
162 154 160 153 169 213 197 188 154 140 142 138 198 218 225 221 230 230 218 220 211 208 210 216 224 225 222 220 228 226 215 210 214 213 202 191 196 193 169 163 192 159 70 76 172 196 203 209 193 162 190 218 173 187 192 167 152 203 183 208 139 71 109 102 188 116 73 61 73 145 151 74 63 78 88 56 60 86 120 109 95 115 176 190 205 173 174 158 178 164 160 178 142 95 83 97 184 150 148 161 
131 106 129 145 193 198 197 149 122 156 136 167 210 210 202 205 214 227 232 233 235 218 230 226 225 235 229 238 220 222 212 198 209 202 187 201 190 196 177 174 185 83 59 154 162 193 197 188 205 171 195 198 146 174 195 194 160 194 186 193 71 61 58 134 189 180 72 68 58 147 141 60 84 82 84 58 58 61 130 120 118 123 151 187 195 168 155 170 181 152 174 187 135 69 69 92 160 142 135 158 
109 100 115 183 197 174 162 130 135 137 176 190 192 192 200 181 182 208 209 194 205 222 231 233 235 238 228 227 228 227 220 203 200 192 191 179 176 182 205 189 116 53 123 178 160 122 195 175 171 205 184 195 188 167 183 192 212 198 212 136 73 49 119 136 206 193 100 66 50 143 88 61 90 98 86 61 58 61 155 173 135 144 114 181 181 167 167 181 157 166 180 201 109 121 148 141 184 184 134 161 
135 133 97 167 187 193 152 165 195 178 174 216 222 216 177 190 171 178 177 179 175 182 169 191 188 222 236 229 226 222 210 206 203 184 210 217 205 187 185 152 74 111 198 160 164 130 128 151 193 166 204 173 150 143 194 190 186 193 197 95 71 75 122 116 221 191 125 83 133 93 101 43 171 95 86 74 59 62 116 179 191 164 155 206 148 164 117 160 175 183 150 170 101 100 157 187 158 158 191 166 
153 152 160 142 189 204 195 197 180 206 219 210 213 216 213 199 203 182 188 201 197 178 156 149 151 165 179 194 215 232 232 220 198 210 200 223 210 192 197 86 88 188 166 145 102 157 161 157 215 188 188 152 143 118 184 178 191 209 131 133 56 58 108 79 208 112 127 99 94 96 79 93 112 111 108 83 69 63 73 153 159 133 136 177 179 194 184 193 175 204 159 113 68 162 159 159 154 150 145 188 
132 136 167 152 166 191 193 157 160 187 191 215 224 226 214 217 211 185 187 185 165 161 135 114 98 115 129 151 159 210 212 224 213 177 186 199 214 203 85 89 194 191 164 162 117 133 179 188 214 207 168 140 130 123 168 182 211 219 96 101 66 53 143 75 92 87 99 135 77 94 108 64 59 145 179 80 75 63 66 156 183 133 149 146 139 139 159 172 165 193 200 107 92 190 174 156 112 150 125 173 
134 152 165 183 192 186 202 189 180 201 216 204 201 222 223 217 220 190 197 174 138 152 120 102 98 102 134 118 124 121 150 205 205 171 189 172 204 93 79 165 213 175 166 150 153 110 136 147 193 197 136 125 134 138 114 170 205 180 100 71 69 64 155 49 113 70 94 175 59 69 184 109 82 108 136 93 75 59 62 101 156 107 134 141 99 145 153 166 140 160 177 95 105 167 160 154 157 177 146 155 
108 105 147 186 198 189 196 196 197 189 165 179 172 209 222 233 225 198 206 189 134 126 127 113 102 97 132 95 71 71 76 90 100 129 175 181 122 55 132 181 208 208 162 121 137 119 119 159 160 158 113 131 150 163 128 133 150 130 88 94 65 79 116 45 161 46 87 95 71 51 166 155 120 66 77 72 101 62 62 70 151 132 161 144 149 177 175 165 148 142 108 75 119 150 168 162 132 167 133 157 
80 82 143 160 207 204 213 211 188 194 161 158 199 201 230 229 233 222 216 191 172 137 120 110 111 81 59 53 54 50 47 51 55 61 70 89 48 104 178 174 199 188 160 140 167 158 103 137 142 168 131 124 113 104 49 46 49 45 53 107 46 55 62 100 105 108 36 65 119 72 158 177 121 69 68 61 105 63 58 60 138 162 143 110 127 111 177 166 146 99 114 107 147 139 158 156 124 137 166 158 
119 115 117 143 179 180 201 214 198 186 186 175 172 201 207 215 225 223 223 202 191 135 120 129 71 46 50 44 34 46 86 119 100 56 56 59 48 78 154 165 167 155 177 155 168 139 121 138 137 117 158 89 53 46 45 43 40 34 74 90 113 58 68 151 75 44 57 92 113 91 78 110 121 60 48 197 111 76 56 62 113 196 155 188 190 153 174 169 136 139 154 126 137 98 118 161 123 109 115 150 
121 126 109 191 169 178 184 193 198 172 174 168 158 166 194 213 211 218 205 189 173 150 108 56 49 50 40 31 44 95 111 163 171 82 52 51 55 58 61 83 128 118 142 159 136 113 142 145 121 84 56 47 46 39 44 49 42 34 99 110 143 150 79 106 49 46 88 131 86 152 98 143 88 56 91 205 111 105 67 61 66 187 189 161 190 183 187 118 144 167 188 176 142 120 137 127 134 157 146 131 
113 94 128 169 205 195 188 200 199 207 185 169 159 176 187 208 209 203 205 202 167 144 54 51 43 29 55 75 97 120 135 121 98 43 45 50 52 52 53 56 59 65 84 90 109 94 73 59 52 52 45 45 51 69 89 40 35 33 66 123 82 51 144 48 54 72 97 68 82 120 115 131 65 60 55 122 103 114 73 64 68 166 189 172 178 161 122 99 128 183 184 173 153 176 182 149 119 159 151 141 
120 86 83 139 203 194 176 189 185 193 187 171 196 187 211 186 191 208 203 175 138 57 51 46 32 66 84 64 129 135 146 133 81 47 46 48 45 39 58 83 67 52 51 53 53 52 46 40 43 51 58 63 97 80 118 32 24 34 73 144 47 46 136 51 58 71 84 41 58 107 105 125 65 57 65 54 57 120 73 60 66 99 166 137 167 147 106 90 124 163 144 173 162 158 174 171 181 165 131 119 
113 103 128 140 180 200 198 175 158 179 187 166 170 196 209 190 179 177 228 163 54 55 47 30 97 134 80 47 118 166 153 190 118 49 47 47 46 90 203 168 147 41 48 63 78 43 37 50 65 95 143 151 140 59 42 34 29 35 71 55 41 85 93 69 72 41 46 40 50 49 159 127 47 59 59 117 58 84 66 61 63 70 120 145 145 159 118 133 161 172 174 172 174 138 151 141 161 147 132 163 
99 127 160 116 181 199 171 184 166 187 187 157 154 177 219 189 187 197 170 65 57 46 38 126 134 41 39 42 88 198 196 191 66 47 51 71 52 152 218 223 118 79 160 149 99 86 151 169 183 209 212 179 140 48 45 42 33 35 48 42 56 111 93 92 96 53 55 67 54 70 147 138 45 137 140 94 52 68 68 58 63 69 56 63 82 99 92 149 164 176 183 169 201 172 143 153 161 171 162 162 
137 154 146 123 115 192 188 199 192 187 190 187 170 178 200 199 190 175 73 52 52 39 128 128 60 44 42 46 47 63 95 77 45 76 173 150 58 86 230 227 129 54 130 138 49 126 178 196 170 208 221 210 123 48 47 44 33 36 39 92 71 72 45 137 92 60 69 125 70 88 131 42 43 151 115 62 64 67 65 61 58 65 60 55 35 57 172 171 165 193 193 196 190 177 177 188 180 185 175 165 
155 153 88 113 148 176 197 175 173 205 192 187 191 195 202 189 200 79 56 53 39 109 124 57 57 53 50 48 45 54 58 91 136 205 180 200 191 86 211 209 189 48 55 51 55 164 176 142 116 105 103 102 81 48 45 42 34 29 39 63 71 70 59 161 58 70 67 106 99 85 110 65 57 154 57 68 66 46 61 68 62 66 65 130 93 92 117 183 177 198 165 188 190 186 186 181 177 183 177 165 
112 112 95 66 94 142 204 208 195 199 201 185 195 188 210 200 132 52 52 39 93 187 189 140 126 187 68 57 72 108 105 158 179 205 194 194 198 147 57 57 70 49 50 44 48 64 51 94 142 134 169 187 142 47 45 41 35 35 50 40 54 50 103 84 50 58 56 98 65 73 147 53 87 187 65 50 53 110 127 63 58 62 66 108 149 144 141 128 187 185 169 179 193 191 185 177 151 178 162 166 
88 113 128 134 121 179 199 164 189 198 195 199 215 215 215 180 57 55 45 63 172 175 162 144 143 135 175 80 55 94 67 63 81 173 214 197 196 199 200 113 94 54 53 50 45 50 92 173 158 168 208 190 160 48 46 44 37 34 46 47 49 52 56 70 58 57 44 49 82 96 102 74 176 192 74 63 63 132 117 70 60 59 65 92 188 167 142 84 144 187 156 182 174 185 176 174 165 181 132 173 
72 72 69 95 137 155 186 206 194 196 195 205 214 194 202 87 60 56 57 175 182 176 168 156 160 147 130 84 50 43 52 51 104 169 176 197 207 217 222 205 196 62 109 72 51 51 67 112 108 111 184 207 146 47 48 45 38 37 40 44 47 50 54 56 51 55 60 93 94 90 55 95 128 148 71 62 51 81 166 90 62 58 66 63 118 122 127 82 105 177 145 179 186 176 158 130 149 129 147 177 
71 72 84 98 88 135 125 148 200 210 200 214 232 226 146 57 64 53 59 180 193 163 164 146 122 118 108 59 54 94 102 86 119 111 171 198 222 216 218 229 95 119 194 84 66 50 48 45 59 83 122 108 77 45 48 45 38 37 38 46 87 178 83 65 132 54 131 69 92 92 55 119 151 90 84 58 59 46 85 61 64 55 61 64 124 126 116 88 94 148 120 184 173 151 146 138 139 137 136 124 
67 74 85 83 81 114 134 182 207 211 213 217 209 222 77 57 63 55 58 159 184 192 173 137 93 87 59 101 54 47 47 50 49 52 53 64 69 53 136 145 118 203 173 149 168 138 46 46 50 47 45 44 76 60 47 44 40 37 41 45 189 167 97 45 72 54 116 153 189 76 50 114 110 60 50 92 51 58 64 61 57 60 63 65 106 174 161 153 86 119 107 151 170 155 148 146 142 163 134 167 
68 92 74 78 103 102 131 152 162 194 194 208 225 158 56 62 59 57 54 74 125 158 60 48 49 51 49 53 54 47 53 52 51 63 46 49 53 50 58 57 56 169 186 172 160 100 50 52 53 51 45 99 153 53 52 45 42 36 39 105 195 88 120 52 53 66 104 199 185 107 68 168 76 70 41 128 64 47 57 44 69 68 62 66 66 175 172 163 146 120 106 115 146 143 160 156 162 166 162 149 
107 90 92 99 145 156 140 147 156 180 188 194 213 88 56 63 57 63 61 56 54 59 57 55 52 53 54 83 81 151 108 120 94 159 136 57 55 52 50 53 54 48 80 55 45 59 62 111 106 56 62 113 62 42 48 46 46 41 39 58 56 95 128 109 78 138 60 208 191 69 97 111 69 53 42 181 167 54 54 40 153 67 57 67 62 125 167 141 210 149 138 151 144 160 165 145 115 139 165 149 
97 90 106 182 187 150 134 125 146 173 162 178 194 55 56 61 64 59 61 54 58 63 115 92 58 57 56 129 114 138 179 191 161 166 186 69 52 55 56 56 52 66 84 47 151 121 109 113 105 94 116 206 89 41 48 47 44 42 34 36 84 88 115 77 154 151 79 71 60 61 96 49 99 52 51 138 128 49 50 42 155 60 56 68 62 86 164 171 199 192 130 162 187 177 171 159 128 121 117 135 
143 118 144 164 138 139 147 144 174 168 163 194 158 53 59 61 58 58 61 59 79 192 232 232 195 154 77 82 100 123 174 199 196 116 83 51 48 50 53 58 55 122 177 131 147 114 86 99 91 63 49 72 47 44 45 46 46 46 37 42 127 71 173 47 198 197 68 55 56 53 46 65 151 49 53 96 58 45 52 49 169 50 58 74 64 64 159 151 182 193 137 152 118 119 155 151 162 173 134 86 
173 148 164 148 150 165 113 122 189 204 209 210 133 55 55 63 59 184 147 170 214 227 227 219 219 216 144 58 54 56 71 175 193 66 55 54 51 69 190 183 156 50 109 137 102 70 36 44 48 45 46 51 45 48 44 50 46 43 38 38 43 80 199 64 93 148 58 94 52 50 79 55 174 47 51 47 51 37 52 50 210 61 55 55 67 66 107 165 166 187 172 128 116 126 182 161 161 166 132 96 
155 143 133 124 135 165 136 130 155 219 183 187 72 55 57 59 68 161 214 215 234 226 229 229 220 195 134 56 55 56 53 55 53 54 56 57 51 102 216 204 208 82 53 44 42 40 84 66 51 60 83 54 47 49 46 52 48 43 41 34 38 104 195 109 78 108 133 127 69 46 154 46 102 46 50 48 40 60 57 85 196 78 50 52 64 68 91 174 176 164 188 146 165 148 177 180 184 188 181 144 
167 179 143 168 104 133 134 144 150 200 195 171 65 54 60 64 61 65 105 50 84 111 139 172 198 141 87 58 56 52 50 54 54 57 61 56 51 60 177 179 143 50 48 44 40 42 105 138 123 129 116 49 55 76 44 51 48 46 42 34 36 181 222 120 120 80 157 122 63 52 57 45 50 50 45 42 69 170 49 50 69 41 50 60 56 68 62 134 187 191 167 121 140 172 164 189 186 193 164 158 
175 185 211 140 145 181 136 137 166 192 200 204 107 53 62 50 43 105 62 58 55 59 62 59 133 205 172 56 56 53 53 57 54 57 56 57 55 53 91 54 52 55 53 51 46 77 140 127 149 161 52 175 165 185 150 60 48 44 40 40 49 135 121 78 68 75 145 137 57 80 55 45 57 51 41 40 63 129 46 54 52 50 46 56 50 63 69 106 159 159 152 164 152 152 111 161 158 174 190 168 
181 228 210 199 196 188 166 119 135 154 196 178 57 59 63 46 160 161 131 134 70 58 58 58 75 108 65 54 50 53 62 58 61 86 101 70 80 175 221 190 94 60 65 110 152 47 66 130 161 84 69 84 198 179 163 82 59 61 61 56 36 30 28 31 31 34 37 57 38 105 86 57 42 46 36 38 47 108 55 64 76 46 47 46 49 59 67 80 158 144 173 159 125 137 100 146 152 150 185 161 
190 212 216 207 201 200 166 100 139 154 146 99 55 65 60 92 183 151 136 184 226 138 74 158 155 144 75 55 53 65 147 163 178 169 146 152 123 196 191 184 89 48 149 158 141 67 60 121 52 50 49 70 179 203 192 76 51 49 47 39 28 18 16 23 28 33 36 33 25 27 45 34 35 69 34 29 38 56 42 58 44 39 37 45 42 59 65 62 169 158 171 151 164 159 104 131 140 147 161 140 
148 133 160 178 204 184 159 130 135 146 133 56 58 65 58 63 198 187 190 182 209 208 238 236 147 97 56 52 62 141 122 112 119 121 154 99 56 66 52 44 107 121 63 116 157 111 53 70 48 48 48 81 210 202 110 47 37 34 28 21 20 13 12 20 24 33 32 35 27 24 24 20 18 17 13 12 20 29 38 40 37 48 97 83 33 51 64 63 139 182 159 181 156 164 136 144 184 172 145 104 
147 112 82 138 162 177 158 109 99 101 87 54 65 60 58 67 97 81 156 162 178 171 202 158 51 61 59 54 57 49 43 109 88 98 71 64 52 49 116 197 227 228 165 83 59 58 44 47 44 45 62 120 110 59 50 45 30 21 15 12 11 12 14 18 24 36 38 55 39 15 16 16 35 42 17 16 18 21 24 31 135 42 104 147 33 42 62 62 96 191 159 169 123 143 132 135 185 146 119 133 
157 154 119 142 169 160 153 117 129 105 60 54 62 57 49 52 56 55 53 59 57 58 58 53 55 157 61 84 46 96 103 101 94 132 53 135 129 66 83 195 213 215 201 220 177 76 46 45 51 57 55 53 54 52 53 48 45 32 21 13 9 11 15 19 27 37 38 45 58 37 34 40 39 37 39 50 40 34 33 33 60 32 125 193 65 34 58 63 61 171 196 149 138 123 148 150 188 153 129 115 
122 181 142 160 130 152 133 104 126 93 52 61 58 59 53 51 55 53 50 89 147 70 129 131 162 171 209 212 145 101 130 76 54 56 75 99 114 150 147 69 51 113 196 196 179 99 53 55 52 48 43 42 42 44 42 40 39 35 36 31 22 12 11 20 30 38 27 26 34 49 64 55 25 23 38 44 41 49 56 55 29 29 178 137 36 34 50 64 62 120 149 142 145 164 152 197 171 172 158 131 
143 140 95 113 145 132 136 119 161 70 52 65 58 61 59 48 57 57 55 150 191 177 202 190 173 143 194 212 118 54 42 50 49 49 59 108 118 150 194 175 146 53 65 100 101 55 47 45 40 36 35 36 36 36 33 31 31 30 29 26 25 23 15 14 19 20 21 13 14 23 37 31 15 29 26 35 44 34 27 43 52 92 194 113 38 42 43 63 60 97 142 118 143 169 183 207 167 151 159 109 
170 143 125 97 121 169 120 146 146 50 57 64 58 52 77 150 92 153 71 52 155 188 151 186 192 128 149 167 151 52 49 48 50 51 74 92 119 131 111 200 174 62 55 49 48 47 45 43 42 38 36 34 30 28 28 27 27 25 23 23 22 20 21 19 20 20 22 25 21 10 7 6 9 92 34 26 27 58 83 127 116 39 95 86 51 42 39 58 61 61 147 114 144 159 185 168 130 108 171 164 
149 115 135 159 175 152 170 186 121 52 63 49 58 140 114 103 97 97 172 115 69 72 72 103 182 137 122 84 55 89 111 93 110 45 72 45 60 65 58 102 91 50 45 47 49 49 50 50 50 46 44 43 42 42 39 36 32 26 22 20 19 21 21 22 21 21 20 29 43 34 9 7 8 26 19 29 34 55 109 143 75 38 33 45 45 74 40 49 63 60 122 137 141 133 149 160 148 161 172 155 
151 121 93 135 158 191 192 203 102 55 66 44 112 150 147 117 130 99 101 64 54 57 45 39 49 104 115 96 56 115 134 94 85 99 121 104 138 156 99 50 50 51 48 47 47 47 47 48 50 47 46 48 50 53 47 42 42 41 38 33 32 29 29 20 20 21 20 15 32 47 8 7 9 5 9 38 48 74 172 175 125 83 53 56 104 137 46 48 61 61 93 164 160 145 127 101 123 130 151 154 
136 128 109 169 163 175 190 205 81 55 62 49 68 61 60 124 151 131 122 65 38 30 32 37 45 53 64 68 47 50 121 116 122 119 106 106 118 74 53 56 56 52 50 50 44 41 42 41 45 43 41 44 41 42 42 42 34 29 31 35 35 36 35 33 32 28 28 30 33 47 19 9 7 5 7 10 17 15 26 81 126 61 27 29 112 133 129 90 59 63 64 181 176 174 115 151 132 145 135 158 
152 166 172 185 183 186 172 181 64 55 61 58 56 54 65 134 140 129 97 39 34 31 30 28 31 109 101 103 70 54 102 142 133 123 119 125 139 146 141 135 134 135 135 131 131 121 106 93 75 57 39 36 33 35 31 32 30 24 26 27 25 26 29 30 31 28 28 34 44 69 75 68 61 58 52 52 32 35 36 71 124 76 39 28 61 81 125 110 50 65 64 130 183 168 107 96 102 125 127 172 
177 154 170 208 174 208 210 204 64 54 62 60 72 146 67 64 47 87 73 34 34 30 14 11 32 129 130 109 92 103 125 115 109 103 109 98 89 84 116 132 131 128 128 126 127 126 126 122 123 119 106 77 49 37 29 25 23 19 21 21 22 24 29 24 22 22 24 30 31 43 64 75 77 75 74 72 76 78 74 71 63 57 65 57 43 35 151 91 47 67 62 95 174 167 167 135 136 105 126 183 
147 148 159 121 153 190 220 191 61 55 60 45 96 169 176 66 46 122 89 50 36 10 9 9 26 44 60 80 90 93 77 61 73 73 91 107 123 120 99 107 129 138 131 119 123 119 119 118 120 118 116 115 110 83 59 43 21 17 16 20 21 20 23 22 20 22 22 23 25 30 39 57 70 65 65 63 62 62 62 57 52 47 136 71 35 24 140 69 49 60 62 64 179 178 124 160 131 144 158 148 
164 173 158 127 73 180 217 191 60 54 61 41 133 82 90 85 49 134 148 82 26 15 23 33 36 41 45 47 63 71 82 72 33 16 35 82 121 130 131 98 86 107 122 131 120 116 114 113 115 116 115 114 112 114 105 69 24 18 9 14 20 14 15 17 22 30 37 37 32 31 30 37 52 54 55 59 57 59 61 55 53 79 54 29 30 23 102 41 39 59 66 61 132 149 163 160 101 128 111 107 
119 171 171 135 209 184 203 201 65 53 63 67 120 54 77 85 47 141 132 63 32 37 38 37 35 38 41 42 40 40 45 54 85 65 40 39 67 101 114 124 106 95 116 117 118 126 118 108 111 112 113 111 112 111 107 110 84 32 11 17 13 8 8 12 9 11 14 33 41 47 66 51 54 60 63 62 62 66 70 61 52 119 165 80 47 61 67 42 50 101 64 64 97 154 121 143 115 121 129 117 
114 128 165 179 211 192 208 215 72 54 67 51 57 141 116 81 55 127 153 81 43 35 37 36 27 47 49 39 36 39 39 44 49 77 94 79 48 25 71 113 120 116 84 100 127 106 115 126 114 106 111 113 109 112 111 108 109 103 62 29 15 10 11 10 11 13 18 22 17 28 31 49 33 159 120 63 95 74 53 70 46 80 106 80 77 80 107 48 98 148 62 63 67 173 140 165 162 153 146 163 
119 104 142 168 178 160 218 215 92 54 65 55 65 93 54 50 59 142 138 106 65 40 50 68 35 34 45 36 31 38 49 63 79 81 69 73 79 65 21 75 114 119 110 93 120 106 111 106 115 125 112 105 107 106 111 109 107 107 105 90 32 15 13 12 15 12 17 22 27 16 80 83 46 91 78 78 145 47 141 143 88 44 44 46 78 73 38 35 119 127 78 62 61 140 177 129 149 155 128 113 
120 115 162 191 198 200 231 206 124 53 59 61 61 58 59 52 83 136 144 121 103 78 40 34 31 25 31 29 32 40 65 57 65 63 52 48 51 55 84 81 105 114 112 102 87 117 123 110 107 107 111 122 103 104 107 105 107 103 104 105 62 26 15 9 11 22 95 19 24 29 116 107 53 128 50 114 173 129 100 77 31 25 153 105 51 47 39 74 95 147 79 60 59 89 163 143 114 157 145 166 
148 148 170 164 165 201 221 213 156 54 55 63 38 104 54 55 148 175 132 122 120 91 53 32 33 33 36 50 49 42 45 52 62 52 56 50 51 61 113 160 148 113 111 107 85 102 101 119 107 109 108 106 113 103 105 104 105 108 106 106 102 74 16 15 26 83 60 18 22 51 158 211 95 122 48 134 151 62 92 126 46 37 80 113 49 42 46 63 134 118 79 57 61 66 155 157 86 140 171 164 
169 184 188 199 189 189 218 194 178 67 53 62 57 135 120 122 164 189 173 121 90 69 63 40 30 33 50 117 118 111 119 85 57 25 46 57 59 104 152 167 168 158 120 108 91 101 111 122 121 101 108 114 105 105 103 104 106 104 102 106 63 22 23 33 26 44 60 24 24 42 112 127 83 80 69 120 96 53 194 177 61 42 82 46 46 57 56 84 167 100 86 59 63 61 101 159 141 157 171 161 
178 152 176 174 186 195 200 208 196 105 52 57 58 99 135 133 159 197 171 125 94 65 57 41 35 46 89 85 84 101 93 165 54 33 31 51 67 111 165 159 164 137 156 118 98 164 113 108 121 109 114 112 107 105 108 108 103 109 116 71 24 29 26 16 20 41 37 26 29 33 18 28 113 41 106 78 47 89 171 162 72 68 79 51 62 131 46 73 176 95 41 41 66 63 96 125 133 104 150 157 
146 152 149 161 182 198 192 212 210 155 58 48 61 54 78 91 163 163 121 132 96 91 135 75 45 63 85 137 130 106 104 235 107 69 73 72 75 115 213 167 125 72 152 126 154 181 104 110 105 114 111 110 109 111 111 105 108 115 69 32 42 55 54 51 39 38 58 23 33 33 18 36 146 45 67 46 42 98 178 63 43 47 47 54 63 84 71 49 169 97 49 38 64 63 66 180 162 138 192 179 
145 148 130 178 194 188 197 208 195 195 90 49 56 57 62 71 169 136 78 128 157 124 85 56 56 60 124 141 193 203 171 163 188 191 134 112 85 151 203 116 75 99 180 145 219 149 120 115 121 113 111 133 159 125 111 115 109 64 16 26 53 64 65 65 66 63 67 55 48 54 45 46 115 60 43 107 45 130 155 44 38 39 49 46 163 128 158 137 180 119 55 37 53 64 62 119 99 123 89 81 
179 161 128 161 150 151 187 203 203 201 148 58 49 65 54 85 116 138 90 75 166 172 142 119 97 95 106 132 169 153 140 159 204 226 217 213 160 54 55 74 150 219 165 174 207 188 225 200 141 133 160 163 159 162 157 128 70 30 19 25 39 57 64 64 62 66 60 64 66 62 57 58 58 55 48 96 45 82 127 42 35 47 54 72 183 153 70 186 158 104 58 69 64 61 57 54 56 57 59 55 
157 150 155 156 121 115 116 184 178 184 190 92 48 57 60 64 129 112 110 33 38 121 181 187 172 179 196 190 197 167 132 132 157 196 226 212 161 151 160 171 154 149 191 229 242 249 246 241 202 187 183 198 203 159 114 124 76 28 29 33 50 39 39 44 54 54 59 61 57 57 53 59 63 59 55 47 53 62 50 27 62 71 68 74 213 177 59 186 168 140 151 131 95 59 60 55 45 53 54 52 
142 158 155 131 109 132 126 150 200 178 176 151 64 52 60 56 78 109 118 97 40 22 60 167 165 189 202 187 138 110 62 58 87 113 145 191 212 199 195 196 218 247 249 251 250 250 251 243 220 226 207 147 163 184 155 101 72 125 127 175 66 38 33 38 47 96 97 50 62 62 66 66 72 76 70 67 50 47 39 31 127 203 126 77 146 159 128 58 159 162 155 114 108 56 55 54 45 47 53 50 
123 160 124 124 91 110 124 161 200 190 179 179 124 53 51 59 54 101 128 149 157 77 32 74 91 119 158 175 159 159 57 48 71 125 139 97 102 178 215 191 147 200 223 229 165 157 145 115 115 91 42 59 176 153 187 178 110 105 69 74 24 24 19 14 11 17 30 50 120 55 86 148 187 176 124 67 61 46 47 49 166 176 159 153 168 172 112 86 149 125 127 128 116 55 53 49 41 52 49 51 
171 162 138 104 123 118 107 144 187 192 195 173 165 86 49 58 57 57 135 179 171 167 143 123 67 57 64 113 106 121 46 49 49 50 67 52 54 52 56 60 58 57 105 116 52 55 52 48 45 37 38 110 185 157 130 145 134 66 24 23 20 23 19 15 11 10 21 27 36 39 153 201 180 116 74 70 55 58 43 45 46 142 138 128 114 142 125 153 153 153 98 121 114 52 47 43 40 45 45 44 
119 149 131 125 117 113 132 133 187 164 168 172 183 156 62 50 60 57 144 151 196 180 171 82 56 51 54 46 64 100 129 53 52 47 45 47 46 53 52 50 47 43 47 45 103 123 108 41 37 36 34 36 93 123 83 31 32 28 22 25 21 24 19 16 14 14 18 29 73 167 189 207 209 129 128 56 43 43 36 39 72 159 134 158 106 156 150 147 86 113 112 126 92 51 48 41 41 44 90 157 
143 107 148 162 131 115 113 137 173 183 168 161 163 168 125 54 49 61 91 164 196 167 62 57 49 52 48 47 155 177 191 71 48 49 44 41 46 43 41 42 45 45 46 67 185 172 224 130 41 37 43 36 66 92 62 32 27 27 27 24 24 23 24 20 20 18 17 26 54 177 107 164 147 133 85 63 51 61 69 46 80 123 122 118 103 167 170 100 118 177 124 120 59 47 51 49 40 43 97 123 
161 117 145 145 102 84 96 118 167 202 164 137 125 160 165 71 50 56 62 71 103 106 53 50 58 56 53 60 116 122 117 54 48 45 46 43 41 41 47 44 42 37 39 79 182 142 181 117 37 85 185 176 112 86 40 34 97 34 32 37 56 31 25 20 21 21 15 25 31 44 41 120 132 122 81 113 107 46 92 96 107 89 55 116 137 134 120 119 136 164 131 73 49 44 47 46 47 45 41 42 
120 160 149 128 105 90 72 77 134 187 180 167 148 140 156 58 55 56 54 61 58 41 57 53 68 123 153 200 192 144 170 165 50 49 47 46 43 74 117 49 40 41 39 40 166 157 203 61 41 202 218 215 184 148 119 129 151 123 42 128 194 31 25 22 20 20 17 22 28 33 34 106 127 121 44 115 104 42 58 114 128 115 93 125 89 118 93 136 169 153 118 53 50 45 44 37 44 74 119 61 
139 126 133 86 80 85 96 117 125 198 189 168 170 164 173 76 52 54 63 59 45 58 159 151 165 136 158 197 187 165 129 148 57 45 47 42 72 96 136 94 42 43 39 41 40 40 37 41 103 227 125 168 191 180 173 142 155 110 59 148 121 31 22 24 21 19 17 18 25 30 34 44 129 89 52 108 62 34 67 84 120 63 156 157 73 100 86 138 142 163 92 53 43 41 38 38 45 125 170 104 
118 119 129 102 92 86 124 111 125 176 181 176 167 183 198 187 114 50 55 43 58 141 138 143 153 177 149 194 171 156 176 119 48 51 97 86 120 116 113 83 121 136 43 35 39 39 34 35 47 35 37 49 171 185 167 177 113 67 30 27 29 29 64 41 22 19 18 15 27 39 53 48 55 61 56 42 54 42 110 119 127 93 145 141 114 88 59 150 163 124 56 49 58 58 39 68 43 64 89 64 
120 101 87 87 109 127 135 132 153 199 181 184 171 171 189 188 85 51 54 53 65 82 60 60 64 113 197 192 180 121 87 52 52 112 116 113 119 103 105 99 138 167 75 36 32 32 32 34 34 34 35 45 49 70 45 35 33 31 26 24 42 176 147 48 24 22 20 21 79 75 44 48 53 62 62 39 46 57 135 147 94 68 94 101 155 92 137 153 111 68 47 66 77 62 95 103 74 60 74 80 
90 99 88 81 104 133 121 110 141 175 167 193 184 182 172 178 113 54 49 63 49 53 55 54 56 56 91 153 105 50 50 51 50 104 119 118 103 87 93 86 139 139 40 37 38 34 39 38 33 101 116 160 171 208 204 83 35 33 31 30 32 35 61 30 22 20 23 90 101 72 44 42 47 57 64 47 35 49 145 126 82 112 150 145 141 128 172 121 83 45 79 100 88 117 103 69 110 121 90 125 
108 106 95 130 131 102 115 141 154 163 174 175 153 187 180 163 152 56 49 59 46 52 59 59 50 47 53 48 49 43 44 49 42 57 110 109 74 62 52 53 72 60 33 35 38 36 35 35 41 82 185 181 206 213 223 162 36 36 34 36 136 114 74 89 28 21 67 126 129 82 44 41 40 53 62 47 37 55 118 146 103 74 134 102 91 130 86 72 41 29 34 65 106 131 115 115 177 139 101 126 
131 116 146 113 87 94 101 145 167 192 198 182 150 165 168 155 189 89 54 53 57 49 60 50 57 55 62 58 48 49 51 46 42 46 43 42 36 42 41 43 41 39 38 39 37 37 42 126 128 121 205 156 182 124 101 59 30 31 36 99 213 218 213 149 50 32 121 151 140 96 66 47 96 68 47 46 146 102 89 87 95 37 41 72 50 48 39 53 64 59 54 130 172 164 164 206 203 167 156 165 
153 144 185 131 127 123 135 162 187 180 193 172 155 182 184 170 192 156 62 51 59 50 57 46 51 62 95 194 148 69 77 46 44 46 47 57 41 41 44 40 42 40 41 49 67 92 74 133 213 146 103 190 182 61 31 33 34 49 131 226 218 205 222 178 83 77 154 166 173 91 45 102 86 66 55 74 120 55 46 50 66 57 61 93 88 82 86 111 124 112 119 135 137 175 186 183 181 166 127 109 
136 149 166 196 176 182 165 172 202 184 190 171 156 172 163 157 162 156 94 74 52 59 49 52 54 115 151 168 193 168 209 126 141 104 84 48 44 51 72 115 123 100 114 126 117 122 118 170 197 180 144 60 77 39 37 31 35 127 223 226 223 228 234 212 107 137 168 176 70 35 41 114 112 148 111 90 63 85 108 91 115 130 86 93 149 120 116 111 139 122 108 123 142 153 169 174 171 119 110 129 
145 136 194 150 158 166 189 194 199 204 188 172 156 141 126 124 112 144 141 81 64 55 52 54 50 131 153 180 153 176 175 181 140 162 141 47 40 104 77 61 111 159 128 134 115 103 129 152 204 148 81 37 36 42 34 32 36 40 110 208 218 223 210 204 133 158 188 74 29 25 37 131 123 97 74 93 128 112 122 91 132 108 105 161 135 113 116 153 160 164 182 158 148 138 161 164 155 134 159 173 
145 186 162 171 190 191 176 168 172 175 184 193 159 158 157 146 122 119 120 151 80 56 54 51 49 99 137 131 164 173 194 160 139 118 133 64 43 40 43 41 43 86 140 120 85 81 125 164 99 38 38 39 35 38 39 36 35 38 45 57 79 65 64 87 139 166 134 35 34 44 71 95 75 50 58 67 141 109 136 135 111 154 166 125 110 137 175 162 120 153 175 168 168 124 181 181 169 174 184 201 
176 172 189 181 198 203 196 163 171 166 163 186 174 147 167 181 128 123 104 158 145 74 57 57 49 75 157 164 160 185 178 165 152 116 118 56 43 58 136 85 117 86 149 117 110 89 130 84 42 39 47 72 41 41 39 85 44 82 201 209 213 231 206 154 168 184 53 60 95 94 74 70 32 28 39 85 131 139 108 127 160 165 119 110 107 193 210 190 120 121 125 172 165 186 199 188 164 137 148 171 
156 184 186 172 163 168 179 187 203 172 174 165 154 112 112 141 140 145 137 109 136 135 63 53 58 60 131 153 147 170 183 170 164 117 74 50 50 69 140 134 151 128 129 118 98 95 79 42 135 177 170 65 43 90 178 220 141 45 98 134 171 134 161 169 191 131 64 73 68 33 33 24 24 30 45 115 106 131 138 171 160 115 108 61 43 49 55 64 87 115 123 145 144 181 177 185 208 165 151 123 
156 136 181 188 181 174 181 208 182 184 190 171 158 146 128 145 127 152 139 168 162 164 146 58 54 54 61 122 164 154 110 79 70 59 43 47 44 36 47 51 46 42 68 123 93 71 43 56 176 184 161 76 42 67 72 55 42 56 78 112 124 143 182 181 177 67 68 46 38 35 37 38 38 57 113 131 132 161 156 147 122 104 64 45 102 107 49 36 40 43 39 46 64 90 103 112 139 155 139 134 
145 135 154 166 168 187 181 188 193 183 175 178 151 174 140 160 147 151 127 114 134 178 191 151 58 49 50 58 57 41 59 63 124 54 45 48 45 45 46 81 184 116 55 42 44 46 44 55 134 143 90 44 33 47 63 81 101 111 128 148 164 163 190 203 124 129 138 138 135 122 107 102 109 140 174 186 180 178 177 191 83 54 58 62 43 128 57 42 90 80 49 44 46 44 43 41 43 43 52 72 
133 135 165 194 209 193 198 190 184 194 184 182 163 148 170 182 178 149 140 151 125 130 139 161 160 72 55 52 56 50 89 144 147 184 99 62 51 51 120 167 180 187 134 46 48 51 47 51 46 43 60 71 80 91 96 112 135 156 167 166 175 189 229 233 232 231 221 210 185 145 154 137 141 167 141 169 153 160 174 181 163 106 85 84 55 46 41 34 32 36 45 48 52 60 56 56 52 55 53 53 
171 162 146 166 169 199 204 207 211 194 193 191 175 184 171 153 179 164 144 151 113 109 144 144 154 193 126 64 55 56 59 68 88 148 182 126 44 82 175 172 150 108 135 61 55 56 43 37 43 85 99 110 124 136 158 168 168 173 173 188 218 232 235 238 225 214 222 207 197 163 178 185 182 177 140 143 143 132 155 179 186 223 137 66 47 47 78 64 61 65 65 93 64 71 71 72 62 57 53 50 
176 154 138 140 156 158 190 204 203 219 209 196 178 180 169 180 177 168 167 147 125 93 117 82 138 155 173 180 92 54 52 50 54 55 67 79 54 75 100 95 79 69 53 53 54 49 52 85 140 183 182 173 178 182 187 195 190 198 201 200 213 229 233 239 226 214 224 207 202 195 160 139 194 153 134 136 136 172 199 167 168 143 166 101 133 183 149 107 99 94 171 97 112 136 131 116 177 166 143 100 
164 106 143 140 136 161 152 188 203 209 215 221 206 190 173 165 180 195 182 163 141 123 87 101 121 132 135 186 193 170 124 68 53 49 48 47 46 48 45 50 52 51 71 80 128 171 169 195 204 216 202 164 190 186 158 136 160 187 182 176 190 226 232 240 240 225 228 222 208 178 168 151 196 182 108 120 140 152 141 178 159 132 131 162 138 165 164 145 123 117 158 109 75 106 161 147 143 196 164 157 
182 114 147 154 131 146 155 158 166 208 214 211 204 202 178 173 167 164 164 184 154 167 156 147 138 163 176 172 175 180 164 176 170 161 149 126 133 127 117 133 140 154 138 128 137 186 203 184 191 205 192 151 169 177 170 178 173 175 148 167 166 205 231 238 233 238 226 231 215 197 182 137 137 147 124 130 136 174 174 173 182 133 137 126 123 151 167 142 170 119 87 170 167 131 132 153 146 166 170 131 
163 142 174 136 122 143 125 142 169 196 202 208 216 216 214 203 202 180 186 164 152 164 177 146 139 116 118 168 156 170 180 198 182 192 199 192 183 194 183 197 175 156 146 137 136 130 213 210 195 212 176 169 160 185 189 150 183 183 161 167 182 184 207 228 221 238 234 221 219 200 191 163 134 144 105 149 150 143 195 200 177 172 153 169 126 148 129 138 122 88 68 106 96 115 73 100 170 170 179 140 
186 128 143 119 123 113 114 142 177 160 186 213 220 227 232 227 207 207 178 178 186 181 183 171 161 122 131 143 153 139 167 154 168 158 177 201 184 185 203 195 182 154 136 127 132 123 187 206 215 207 184 182 176 176 183 168 165 177 194 158 182 204 197 211 231 233 238 231 221 208 198 181 166 170 147 160 145 199 121 128 154 180 169 142 159 168 157 138 137 113 125 109 138 130 114 137 185 156 164 138 
158 116 119 96 105 93 111 105 116 150 195 197 206 225 235 225 224 213 198 169 185 194 182 177 165 159 132 112 121 133 143 182 176 174 178 207 209 190 189 216 202 202 183 141 131 131 137 217 221 221 206 189 196 171 158 174 152 157 163 144 142 203 211 200 223 218 223 219 225 200 207 200 185 122 170 113 110 159 89 131 169 163 134 120 162 185 196 150 104 109 141 175 163 151 112 134 197 175 170 141 
151 115 113 106 110 125 112 117 131 144 205 190 188 213 236 237 226 220 207 185 187 188 187 154 146 145 148 129 131 104 111 112 164 175 182 183 186 187 203 192 200 202 169 172 163 158 147 201 231 225 208 198 194 189 197 171 188 154 170 166 160 193 192 187 189 210 191 216 224 202 213 194 175 145 130 155 122 165 176 209 190 102 97 137 141 165 185 163 117 88 139 146 138 160 133 150 167 170 136 134 
139 106 110 105 83 100 118 146 132 147 177 193 209 229 239 238 236 232 226 220 205 201 191 185 168 143 125 121 111 105 129 131 151 165 190 175 154 198 210 191 189 176 190 170 171 175 119 187 224 224 216 214 191 180 171 150 177 146 166 137 172 161 200 181 186 196 162 149 200 159 188 184 157 110 88 105 148 151 176 212 174 167 156 157 162 152 160 168 158 94 96 118 106 144 166 175 149 176 178 150 
139 125 140 109 129 115 100 116 114 134 170 207 220 229 233 229 228 233 238 237 227 198 202 193 173 164 134 117 115 107 138 108 117 106 166 164 122 195 205 206 199 167 160 114 151 132 209 200 195 217 218 219 185 190 173 161 161 138 138 129 177 171 188 182 190 179 140 121 120 128 136 172 118 162 133 127 125 162 131 161 170 206 196 175 173 188 181 163 116 135 122 150 91 166 187 169 170 138 179 171 
140 160 153 126 115 157 110 96 113 124 161 169 177 222 223 227 238 234 224 227 223 211 201 197 164 167 164 143 115 110 125 116 125 147 120 158 162 169 195 184 190 180 182 116 145 126 191 215 193 208 224 213 188 183 168 175 163 154 123 147 155 166 186 191 176 138 112 110 101 137 118 119 122 159 159 129 123 135 151 148 155 180 202 169 173 170 130 147 130 100 130 146 96 110 174 153 153 185 171 170 
160 150 159 140 112 104 129 151 149 146 105 130 176 192 222 234 234 230 218 206 196 186 182 186 198 168 159 166 161 142 128 140 132 145 137 155 172 187 178 184 173 149 139 144 151 129 161 201 210 184 228 212 187 155 160 143 148 146 102 149 188 157 184 184 144 131 96 86 95 78 78 74 72 92 129 105 109 147 118 107 106 160 153 145 137 115 107 79 115 69 111 104 117 132 152 185 183 161 193 160 
165 142 170 133 138 109 104 103 129 174 183 188 194 214 228 225 226 231 228 211 208 183 191 176 197 187 167 149 136 148 162 156 143 131 111 151 149 191 204 177 171 136 111 110 95 108 152 169 212 213 214 204 203 181 169 139 155 119 102 124 176 178 187 158 136 110 96 78 96 107 125 111 108 93 71 86 92 105 106 95 77 140 122 116 93 80 101 65 92 93 125 119 109 91 141 148 168 168 142 174 
192 180 141 144 98 137 127 131 168 138 138 183 200 228 225 225 227 227 226 224 204 211 195 193 173 207 186 175 145 121 130 157 143 146 134 134 148 168 180 186 162 113 109 104 91 91 117 154 151 196 219 207 175 179 170 158 148 140 108 109 148 174 150 140 124 116 106 95 77 72 98 103 115 76 92 80 68 102 115 94 86 86 145 91 87 85 105 91 93 108 121 90 89 84 134 147 167 183 160 164 
