162 184 184 122 91 76 71 69 80 83 62 53 58 60 59 59 77 56 58 41 62 69 59 60 54 48 65 69 63 64 59 70 56 60 47 60 50 58 64 71 96 143 127 123 120 144 138 97 126 110 133 135 82 76 86 80 79 54 67 56 47 57 49 48 61 50 49 56 58 56 53 41 59 59 70 73 59 97 110 109 115 117 124 145 128 134 122 105 163 170 133 101 119 134 137 109 111 156 123 118 
175 170 179 133 90 62 65 75 79 75 58 53 49 52 59 75 77 66 58 58 53 64 57 57 47 56 63 55 54 55 51 62 70 60 56 56 48 57 69 68 119 109 52 141 114 74 106 97 95 106 146 129 109 104 98 95 73 65 65 57 56 57 55 51 59 59 54 47 56 48 44 48 57 52 65 83 94 103 72 68 109 151 158 157 87 96 99 137 127 133 123 128 115 125 158 134 170 134 99 107 
138 163 169 140 101 67 72 73 61 63 58 56 58 60 71 61 55 62 50 58 62 63 58 73 50 62 70 61 51 45 51 79 69 52 44 55 61 62 62 59 102 81 94 120 144 133 137 135 143 153 160 112 110 92 85 87 59 65 66 64 56 54 57 66 65 60 56 53 72 56 61 56 45 34 62 70 91 78 79 113 137 147 129 114 122 134 133 137 120 130 89 91 124 136 145 138 139 137 87 125 
157 165 183 143 107 71 62 73 65 61 56 52 61 58 73 57 52 52 53 53 60 56 55 54 48 70 62 57 54 57 60 70 76 49 39 51 51 65 70 63 82 70 77 109 135 121 125 115 110 162 136 126 106 62 83 96 61 77 67 67 59 52 53 65 66 70 59 51 50 50 56 52 40 41 55 56 85 122 133 114 145 150 144 147 119 133 119 119 121 132 118 99 139 127 120 112 117 152 106 138 
148 147 123 120 99 75 72 73 66 57 59 58 65 60 64 54 58 59 51 55 60 52 57 61 60 77 69 57 48 69 59 65 63 50 44 54 69 60 59 71 80 88 90 110 131 129 132 101 109 133 142 85 109 115 103 91 68 102 77 67 81 59 55 65 65 55 47 48 44 44 51 58 53 57 69 62 119 115 113 111 152 137 136 155 102 142 150 121 130 125 136 129 154 128 134 119 159 122 120 136 
138 136 113 108 95 78 78 74 67 60 56 66 60 66 72 61 68 61 55 64 56 51 56 65 65 68 66 48 43 55 65 67 57 45 42 64 57 71 68 74 78 73 104 124 121 137 120 162 146 145 119 114 143 117 114 94 71 79 66 53 58 54 52 64 64 62 58 60 44 48 50 48 54 55 75 78 109 109 147 137 153 120 164 136 120 154 145 131 132 138 138 133 159 157 116 127 150 145 115 139 
172 102 108 108 101 76 63 67 60 70 63 71 75 76 73 65 69 65 64 82 77 66 71 79 73 72 64 62 42 50 72 76 64 57 52 53 55 57 64 57 60 63 79 110 131 139 171 131 87 152 173 136 115 102 94 87 80 85 73 60 41 51 50 61 62 49 47 56 63 55 60 50 57 62 77 93 88 114 111 121 123 133 144 120 143 126 106 154 149 151 145 134 170 127 119 147 184 142 138 117 
179 138 130 105 88 61 69 60 67 84 83 81 94 76 62 66 78 69 103 88 76 72 69 70 78 70 75 61 51 54 71 66 54 67 70 67 64 71 70 61 83 81 83 93 121 129 123 96 120 149 113 150 131 97 84 85 97 93 65 71 73 60 58 58 58 54 59 57 55 69 69 60 68 60 64 74 78 95 102 137 124 148 183 178 124 79 156 145 141 165 143 174 169 145 129 174 139 114 140 72 
154 135 126 103 79 61 58 59 52 78 94 92 104 78 75 100 68 105 109 71 81 70 82 99 101 102 66 69 71 72 57 64 58 52 57 60 62 62 64 67 76 95 87 102 130 95 112 112 118 186 148 130 100 104 78 82 84 74 61 54 50 54 51 52 67 53 45 54 54 60 51 62 53 42 71 68 75 103 89 109 135 124 147 175 139 159 126 133 164 168 148 165 147 151 159 151 141 150 116 90 
120 123 114 99 72 64 60 61 69 81 125 104 126 100 113 103 101 116 117 111 116 111 112 108 108 89 76 77 73 66 74 69 58 57 66 45 46 63 56 65 87 88 105 141 129 118 128 109 146 187 163 147 85 81 92 83 101 86 58 48 51 49 63 65 64 69 56 54 46 48 55 50 47 50 58 50 74 96 116 118 126 131 139 166 137 142 131 153 116 158 177 149 100 131 146 169 132 139 139 82 
124 117 106 100 72 65 68 75 83 94 138 133 136 114 128 117 113 116 113 101 91 96 100 96 91 98 94 81 84 80 98 80 65 57 50 44 62 59 55 87 72 83 91 126 126 106 163 160 180 169 126 105 93 87 103 78 98 65 63 54 56 51 53 60 60 70 63 46 48 68 53 54 62 66 67 80 78 86 120 121 125 137 151 144 152 123 182 147 161 144 149 154 158 157 135 160 134 148 143 95 
122 119 118 106 72 60 79 74 110 118 141 150 133 128 131 114 115 105 91 75 95 96 82 81 94 99 107 97 85 102 105 104 76 51 43 54 50 56 73 69 70 65 97 98 125 157 152 132 165 155 161 112 99 81 113 88 85 76 59 59 56 50 47 67 69 62 49 44 43 50 57 55 60 63 53 62 65 86 100 111 136 139 149 139 153 92 141 117 120 148 129 167 153 139 129 155 156 156 162 132 
120 99 115 98 64 66 93 75 140 139 143 153 136 139 130 114 111 99 82 89 93 84 80 91 94 99 106 107 107 99 99 94 77 55 49 55 52 57 67 67 52 49 95 124 144 149 136 149 196 164 156 145 116 136 143 122 114 80 78 57 52 57 50 69 62 58 57 58 43 57 63 56 59 46 56 60 83 86 100 123 157 153 149 176 123 121 140 132 155 158 146 175 152 138 171 181 154 161 163 153 
105 102 122 76 63 67 100 94 157 160 153 144 140 143 116 107 96 92 84 96 90 90 97 97 104 108 105 103 96 90 85 88 82 66 46 48 60 60 63 58 55 59 96 99 100 160 121 130 172 143 133 155 126 113 139 138 96 100 84 55 55 57 67 71 71 64 64 60 45 47 50 51 55 62 77 71 89 92 126 149 135 118 125 177 155 147 134 139 144 179 225 187 140 139 152 174 182 146 181 171 
100 113 94 66 65 73 116 140 172 169 169 143 144 135 104 92 89 89 92 97 98 99 107 108 105 101 95 88 83 82 83 87 66 53 64 67 76 71 65 62 60 60 94 136 134 146 165 185 174 128 159 140 123 131 133 129 105 104 80 74 107 89 103 105 112 103 77 52 54 52 57 53 46 73 67 69 110 104 137 128 125 113 98 153 134 153 140 157 169 205 204 201 174 159 161 160 141 147 151 162 
96 84 82 65 60 62 112 164 183 174 172 153 140 128 102 81 93 93 95 98 106 114 103 92 89 82 86 82 81 82 82 75 51 46 50 69 81 82 64 56 51 60 112 129 131 160 164 162 170 166 166 153 151 117 153 112 94 105 84 94 150 131 140 156 151 149 153 128 81 64 56 51 55 64 78 86 86 93 117 154 118 142 136 176 142 147 131 143 194 227 235 217 207 164 158 140 143 151 154 178 
100 83 69 51 48 50 90 165 188 174 175 161 147 126 103 89 97 92 95 104 111 101 90 87 86 87 98 103 101 104 91 92 74 66 54 86 106 90 76 68 72 82 140 132 156 146 158 159 156 159 162 155 159 138 156 136 124 135 141 151 165 157 171 181 177 184 186 180 139 85 52 60 47 80 99 100 99 97 121 122 127 173 146 162 164 125 133 135 175 229 239 231 202 151 137 144 150 158 149 159 
85 75 71 61 52 59 84 148 195 180 175 165 147 128 105 105 92 92 98 96 86 81 80 82 102 106 117 112 116 112 106 111 90 98 82 119 119 91 59 68 70 112 134 145 148 159 159 156 154 157 157 156 157 160 157 152 153 158 158 161 169 173 180 181 185 198 200 192 186 163 126 75 58 79 61 81 88 97 105 102 137 139 136 146 162 155 153 164 201 228 238 221 186 118 131 161 160 150 171 116 
80 85 80 59 58 60 69 133 198 189 177 165 151 132 115 108 95 89 82 75 75 68 76 91 98 98 98 99 107 104 110 118 109 120 106 137 122 103 76 93 97 132 141 136 152 161 155 153 155 157 155 154 155 161 161 162 163 159 163 167 168 172 180 173 185 193 193 195 202 189 177 94 65 75 76 95 95 101 109 132 146 163 138 144 147 117 157 203 232 239 241 222 188 152 139 115 121 142 177 159 
69 72 66 62 68 72 86 141 197 193 180 167 153 134 124 115 90 74 74 80 71 70 77 74 76 81 85 84 92 95 102 114 115 127 135 141 131 111 95 98 124 138 135 74 136 152 148 149 152 148 146 149 148 153 158 158 158 159 164 164 167 171 173 166 183 191 190 199 197 193 188 152 136 156 127 137 100 98 113 134 148 140 122 116 135 151 203 242 245 247 242 223 180 162 164 148 134 132 142 144 
69 63 64 58 59 71 92 135 199 197 187 167 153 141 131 96 77 78 84 91 86 77 75 76 73 77 78 80 85 87 95 104 107 125 137 138 135 107 106 107 121 137 130 93 149 148 144 149 147 146 147 146 146 148 154 155 155 158 158 160 166 171 167 166 180 185 194 197 192 192 193 180 190 191 200 186 159 167 152 172 153 148 155 115 140 193 243 249 249 245 235 219 201 189 167 151 119 138 162 165 
67 60 62 59 69 75 111 148 203 199 190 168 154 144 119 86 88 89 110 107 97 93 89 97 101 102 98 91 88 88 91 93 103 118 131 132 131 119 115 123 135 139 124 120 141 143 130 145 144 145 146 146 147 147 150 156 154 155 150 156 162 167 159 169 172 181 189 190 192 192 197 198 199 208 216 208 205 192 188 188 198 166 153 165 209 239 243 246 250 245 233 223 204 170 129 132 122 132 161 147 
69 56 62 64 74 76 151 168 209 207 196 180 169 159 134 115 129 145 133 125 119 107 116 123 127 124 110 104 99 101 101 95 105 116 126 127 130 123 126 132 140 135 123 126 123 130 126 135 142 142 147 145 146 145 146 152 152 152 145 150 153 157 161 170 166 178 186 191 186 200 204 211 208 218 221 218 219 213 216 211 211 216 216 222 237 244 242 240 243 239 227 215 204 177 120 148 160 143 153 151 
79 63 58 61 68 72 140 189 216 216 205 194 184 174 167 155 155 149 142 128 128 123 130 132 134 129 121 115 113 118 114 116 110 116 125 121 127 129 133 138 137 127 120 126 124 124 130 134 136 138 142 144 145 143 142 147 149 150 145 140 148 155 159 167 171 182 187 184 189 207 210 213 219 219 226 222 223 224 222 220 212 216 235 238 242 244 241 240 237 235 216 204 210 179 142 147 160 159 104 140 
71 65 73 69 65 89 139 219 227 223 210 199 186 178 174 152 155 147 139 138 135 129 132 134 137 135 134 126 128 131 121 123 117 114 123 121 123 128 133 135 129 121 122 125 126 108 115 133 135 138 142 141 141 141 141 144 147 149 144 134 140 153 160 160 170 178 179 185 195 203 209 214 218 217 226 227 225 225 225 221 213 214 237 235 239 229 237 238 235 230 226 200 194 170 144 147 155 162 139 152 
65 60 59 58 67 119 149 223 235 225 214 205 192 184 171 163 156 142 145 141 129 131 135 140 141 143 140 141 140 138 129 128 124 125 132 127 126 128 133 134 128 126 125 123 117 103 96 120 131 137 140 135 137 138 142 138 143 146 140 132 125 140 149 154 159 166 167 174 189 199 205 209 214 220 225 224 224 227 227 222 215 215 231 234 232 229 234 230 228 234 233 210 190 161 146 140 155 167 170 148 
63 61 57 58 71 117 196 225 238 229 220 209 198 191 183 170 153 143 146 131 118 103 120 130 132 140 144 151 147 145 137 123 127 134 140 137 138 139 139 132 128 127 123 119 112 130 99 80 129 136 136 133 137 138 139 135 140 141 135 133 129 132 143 146 151 155 164 171 183 192 193 197 205 217 216 217 222 223 228 221 214 215 224 233 232 229 222 220 227 233 226 216 187 166 156 160 157 143 181 167 
54 48 54 62 68 98 193 239 240 232 226 212 201 196 186 169 153 143 142 129 107 56 76 110 126 131 136 148 153 150 139 125 134 138 140 149 154 155 151 141 128 125 126 128 131 128 76 64 105 132 137 137 138 140 132 132 136 138 132 133 128 131 135 139 145 154 159 165 172 174 182 187 195 206 210 214 218 221 224 220 212 217 225 231 226 221 221 228 233 230 212 202 169 142 141 127 135 146 159 167 
49 43 59 64 70 117 212 239 243 236 228 215 207 198 187 169 156 142 134 122 92 65 56 87 119 124 129 135 146 148 139 135 137 141 145 147 151 154 152 146 132 122 128 130 133 113 76 68 74 129 133 135 137 141 135 136 134 132 132 129 126 129 131 132 135 148 153 150 158 166 168 173 180 192 198 203 210 216 220 214 207 211 216 207 215 217 220 224 229 222 216 208 197 144 95 143 142 130 171 150 
49 46 53 60 69 132 245 245 244 238 226 216 208 199 188 173 163 148 132 116 81 55 58 69 113 125 128 130 145 150 145 144 144 148 147 147 148 147 144 140 139 128 131 131 127 108 90 65 67 109 136 138 142 144 137 125 130 130 128 128 130 119 127 131 129 131 139 144 149 154 156 156 164 169 177 186 200 198 209 201 195 202 204 206 203 208 205 213 221 218 173 173 175 168 136 171 163 175 199 181 
43 42 45 59 76 158 250 249 244 238 229 219 211 203 191 178 166 155 133 118 82 54 61 61 106 121 133 137 150 145 150 150 145 147 151 153 147 141 138 135 135 131 132 132 118 96 91 71 64 77 135 140 141 134 123 123 132 131 129 130 135 129 121 124 129 127 127 132 136 132 135 137 131 128 136 154 169 188 190 188 184 195 180 192 201 194 196 198 193 194 178 146 135 152 153 146 158 171 162 127 
47 32 58 61 78 185 250 249 244 238 230 221 213 204 195 181 169 157 134 113 95 65 52 62 106 129 143 147 145 146 150 149 142 133 140 139 104 96 110 130 128 133 131 133 118 122 128 121 81 68 112 127 129 131 132 136 139 132 131 132 139 139 128 117 116 125 127 124 127 129 117 109 105 105 110 119 144 162 168 170 160 153 166 181 198 196 198 196 171 171 167 130 167 152 182 150 176 181 178 174 
56 50 65 66 83 210 251 249 244 237 230 220 208 200 194 182 171 156 136 117 103 92 80 87 113 135 145 147 143 148 146 147 143 136 132 110 78 79 70 93 121 120 132 128 125 131 126 118 96 72 79 122 132 134 138 142 139 138 130 125 129 141 142 134 126 117 112 110 106 115 115 103 95 88 77 87 114 145 159 145 136 143 149 169 167 150 143 180 205 150 134 142 162 129 132 149 162 145 177 126 
60 76 66 69 78 229 251 249 243 236 229 219 207 198 191 181 173 157 137 121 107 104 96 104 124 140 141 145 147 145 142 145 135 133 120 93 80 75 52 63 81 101 125 130 124 127 125 127 130 113 95 86 125 135 136 143 143 133 127 121 122 134 145 143 144 138 130 124 117 109 103 95 93 81 63 55 65 88 94 96 86 98 104 102 114 97 103 143 183 165 141 151 151 173 145 156 138 126 173 135 
63 63 63 65 87 240 252 247 241 235 228 217 208 198 187 177 170 157 147 136 118 109 111 121 132 142 141 144 145 146 140 139 132 127 114 98 80 74 61 65 67 94 113 131 124 126 132 133 135 123 89 65 76 126 137 145 141 134 124 126 127 128 140 144 144 147 146 140 134 124 99 83 78 61 61 61 57 56 58 60 69 70 81 90 78 77 113 128 155 140 156 161 166 189 146 146 106 158 164 137 
59 61 62 60 95 242 251 245 238 233 225 216 205 194 184 174 166 157 156 147 131 122 126 134 139 143 147 144 142 140 139 137 125 119 110 97 82 69 63 57 60 77 96 124 121 121 125 123 108 88 69 62 51 85 140 142 137 131 135 129 129 138 126 134 142 140 147 147 128 112 99 83 65 54 52 42 51 55 57 62 55 51 47 72 97 98 115 112 112 116 161 158 120 164 127 158 166 156 155 124 
58 59 67 63 118 246 250 243 237 232 223 214 201 190 180 170 161 156 152 146 140 133 138 142 144 144 140 139 141 133 133 122 112 113 113 96 86 70 63 57 57 76 100 125 115 113 115 103 89 76 63 60 54 55 107 137 128 136 142 145 149 135 121 116 125 136 120 124 125 116 94 80 61 45 39 41 46 64 54 46 49 46 96 106 76 73 112 136 145 153 149 135 159 137 136 144 188 184 171 137 
60 65 60 65 167 250 249 240 232 225 219 211 198 191 177 165 158 154 147 144 145 147 149 144 140 137 132 134 136 136 128 125 117 115 116 101 87 74 65 51 57 81 104 122 124 117 117 121 106 74 63 61 51 56 58 116 132 135 134 133 124 124 119 112 107 116 123 107 93 91 92 89 69 44 41 44 52 63 52 50 68 65 59 49 70 85 111 114 140 134 144 133 118 163 137 145 185 156 163 164 
45 58 67 67 156 250 249 235 225 218 211 206 198 185 172 158 150 147 144 143 148 145 142 142 140 137 132 130 137 136 131 128 121 121 119 103 86 75 60 45 66 88 106 128 123 116 120 116 97 59 66 64 50 48 52 66 118 113 113 110 114 120 119 111 104 110 109 110 107 92 85 87 78 61 47 36 41 53 52 49 54 50 53 67 85 104 96 109 130 134 156 136 144 138 112 100 159 152 183 173 
46 50 58 73 175 251 247 233 223 219 211 204 197 182 167 156 147 140 135 135 137 140 143 146 143 142 136 137 141 141 140 138 135 131 130 110 91 80 70 68 95 102 112 132 120 112 118 128 121 103 85 62 52 52 51 53 87 108 113 112 108 112 115 110 106 104 110 105 106 104 98 90 79 66 47 46 44 43 50 64 62 46 52 86 90 69 75 121 107 133 159 165 143 146 108 133 171 166 168 180 
59 57 72 74 154 249 249 236 227 221 214 202 191 179 170 156 152 148 146 147 144 142 142 140 144 147 142 140 144 144 147 145 141 137 138 125 97 83 81 87 113 109 122 133 115 114 114 119 128 111 62 63 59 51 49 55 53 101 118 108 100 107 115 109 103 113 119 122 125 123 113 98 88 74 60 53 59 59 65 78 70 75 69 88 80 103 98 127 126 120 160 145 161 153 146 189 145 172 184 179 
61 70 65 65 134 248 247 238 231 226 219 209 195 186 174 169 161 156 150 148 142 141 137 138 140 141 143 144 147 144 150 150 149 147 141 134 122 84 102 125 119 120 133 114 98 109 121 121 114 97 76 69 60 51 50 54 53 74 117 112 105 107 107 107 106 112 122 124 132 128 115 104 90 83 66 40 28 34 39 72 58 46 99 74 96 87 111 132 114 107 146 147 161 130 136 174 190 177 184 166 
73 57 59 65 171 248 248 242 235 230 223 216 209 194 180 173 170 161 153 151 143 141 133 127 133 138 140 145 147 143 153 153 154 149 135 136 143 138 138 132 126 129 129 101 91 106 112 114 112 97 75 67 58 52 49 49 48 50 104 113 105 106 104 106 106 100 96 95 92 95 95 93 90 78 63 47 31 38 46 56 70 72 67 60 96 104 127 129 133 131 128 154 156 147 160 144 180 196 181 182 
69 57 56 72 185 247 249 244 239 233 227 224 210 196 187 178 171 161 156 152 150 135 125 123 129 131 139 144 150 146 151 151 156 150 145 150 153 152 151 140 138 137 116 78 84 100 114 104 97 77 54 63 61 51 49 53 47 52 73 109 105 114 107 106 103 94 89 87 85 81 86 87 82 72 61 49 43 52 55 46 63 78 54 68 70 105 100 124 117 128 124 137 131 143 159 119 167 175 169 180 
66 56 56 57 157 242 249 246 241 240 235 227 214 200 188 178 165 159 162 156 143 126 113 108 111 127 140 145 149 148 149 152 156 155 153 149 152 150 144 145 148 141 112 73 67 98 113 116 99 73 58 62 61 56 51 51 46 57 61 95 108 119 110 103 97 90 88 87 81 79 77 76 76 68 57 51 41 45 59 61 56 64 78 89 91 126 89 93 99 121 116 112 155 134 113 148 174 176 171 187 
63 48 64 63 116 230 248 247 240 235 235 225 216 207 192 174 176 163 158 143 127 112 97 82 97 117 128 142 146 149 154 155 157 152 150 150 153 147 151 154 153 139 121 90 76 96 112 117 114 107 80 64 60 54 58 47 75 47 56 71 110 121 110 101 96 91 79 69 67 69 70 70 67 63 64 52 50 48 54 59 84 86 85 112 121 152 131 110 119 119 118 111 167 147 165 163 157 155 168 176 
69 63 76 73 89 203 248 245 238 239 234 227 225 208 195 190 182 166 156 138 126 105 85 75 69 88 113 127 139 149 149 145 149 145 146 157 160 157 162 158 149 135 107 85 90 102 103 112 121 116 87 62 58 51 92 51 128 107 60 52 97 118 109 102 92 81 70 67 64 68 71 72 73 67 52 42 48 50 62 75 79 78 103 93 101 135 142 135 117 139 120 137 162 151 122 120 169 153 139 137 
60 74 60 71 69 193 248 245 241 239 235 231 219 217 208 195 191 170 165 145 119 96 72 70 56 86 103 124 122 139 144 131 133 144 128 140 159 163 159 157 143 124 113 91 94 101 103 102 99 103 103 72 58 49 71 69 138 115 76 47 71 108 102 91 77 74 69 67 66 69 75 73 66 58 54 50 41 40 54 61 74 64 83 90 103 66 104 116 108 134 122 135 178 181 162 166 170 165 186 196 
60 60 57 68 72 166 248 244 241 240 236 231 224 221 209 202 189 173 169 145 122 104 65 61 48 82 103 117 121 128 139 129 128 138 133 130 145 150 151 149 128 117 100 101 98 98 103 108 110 110 90 62 59 50 63 75 134 78 51 47 50 97 99 87 78 73 70 73 74 73 67 64 58 56 55 51 45 41 60 59 79 65 75 101 87 65 95 118 124 114 150 148 157 158 176 152 133 184 164 136 
68 63 60 68 73 136 250 246 245 239 234 228 229 219 206 206 188 171 165 140 134 105 61 56 54 80 111 111 121 122 136 141 130 132 129 132 137 143 141 122 112 99 89 79 83 95 98 105 107 105 70 59 59 52 53 97 144 109 55 55 48 79 101 84 79 74 77 82 80 75 71 64 59 54 54 47 38 31 46 60 70 83 101 96 94 66 113 144 149 142 139 129 140 141 112 138 167 152 156 155 
58 59 60 59 80 127 250 249 245 238 238 233 229 218 211 204 182 166 155 138 142 113 55 51 55 87 113 116 113 128 135 148 134 130 136 136 137 131 119 106 102 102 108 103 85 102 110 102 104 94 60 59 57 47 51 107 98 82 53 44 53 67 99 81 82 81 83 84 83 76 69 61 58 58 49 44 41 44 49 67 75 74 112 110 104 93 102 146 114 96 112 158 137 156 147 99 133 162 133 134 
68 64 53 65 82 102 238 249 246 242 239 233 225 214 212 202 181 165 148 136 146 123 69 59 54 100 113 115 116 135 132 145 133 126 130 137 130 124 110 93 101 90 85 92 94 101 104 102 98 82 58 59 57 45 42 58 50 45 49 48 51 47 93 84 84 84 83 80 71 63 62 62 60 52 44 39 43 46 53 81 78 59 93 117 76 115 158 164 100 107 129 185 196 177 163 168 208 182 121 149 
69 64 59 63 79 92 215 242 243 246 239 236 230 218 213 199 181 162 144 137 140 133 93 56 82 114 119 118 128 137 134 136 128 121 127 118 115 116 107 93 98 87 63 66 77 99 102 109 98 79 60 60 57 48 50 43 42 47 52 48 45 38 65 74 75 76 75 73 70 68 66 65 59 50 44 36 35 38 52 71 83 87 72 132 107 103 117 152 135 200 176 184 159 147 163 150 186 175 133 171 
63 70 68 74 81 96 205 234 245 247 243 239 234 224 219 198 182 158 149 144 141 134 113 96 117 125 118 126 130 131 131 123 120 123 110 104 107 107 101 106 98 74 59 51 81 107 113 114 112 70 63 59 53 47 49 40 40 48 50 49 48 41 51 71 70 76 78 79 78 75 68 64 61 55 49 40 37 48 48 72 71 68 85 125 155 121 83 116 175 166 159 150 186 169 142 157 188 183 162 174 
62 64 75 89 84 103 195 231 248 250 247 244 235 231 222 204 184 162 163 152 144 136 116 117 125 121 122 130 130 123 124 116 117 114 94 106 103 96 107 113 111 91 61 76 104 113 116 111 112 69 60 60 66 46 46 40 42 50 49 47 49 41 43 70 78 87 84 84 86 82 74 65 63 55 44 37 37 44 50 63 79 74 95 112 133 141 146 143 156 170 138 157 158 126 108 137 198 195 143 167 
62 68 63 79 71 131 207 232 247 249 248 244 235 234 221 207 193 174 169 163 145 139 129 122 116 118 127 126 127 119 117 113 120 104 96 104 95 95 110 120 121 92 85 85 114 122 113 105 104 64 59 62 61 46 46 39 40 50 47 47 50 52 47 75 103 103 96 94 99 98 89 75 63 49 42 39 37 43 60 71 65 60 72 111 105 125 152 159 157 164 155 141 160 184 115 117 189 169 167 181 
59 57 58 62 80 167 165 218 246 248 244 243 235 234 219 212 196 173 163 166 160 140 124 121 117 124 125 120 120 117 116 114 116 99 98 104 101 106 119 126 130 93 50 93 114 125 115 105 92 58 59 56 47 47 45 44 46 50 48 47 53 50 42 61 108 113 115 125 133 135 128 113 80 61 46 43 46 66 58 71 69 76 105 117 98 79 88 104 90 125 168 150 169 172 166 177 171 143 119 151 
59 57 57 79 100 120 142 185 245 246 241 242 236 234 215 213 187 186 162 157 150 148 133 112 116 118 127 119 119 116 113 115 100 95 103 109 112 122 130 134 127 113 67 101 107 112 112 102 77 59 59 55 46 46 45 48 47 48 49 47 49 47 52 47 105 128 145 152 155 161 166 167 164 150 125 85 104 86 87 67 83 97 70 83 81 87 81 95 94 114 175 187 178 158 163 154 156 137 157 166 
61 55 63 78 83 83 141 219 238 244 238 238 233 233 212 211 189 183 155 174 170 142 123 111 111 115 115 114 114 115 117 112 100 98 107 117 122 131 134 140 118 111 85 121 124 114 112 107 70 61 61 52 57 55 55 45 51 48 48 51 73 63 52 48 81 136 147 154 166 173 180 187 191 193 185 201 207 211 196 175 160 122 105 116 107 109 117 113 98 148 176 169 186 194 166 152 175 161 139 177 
63 58 58 74 69 83 176 191 235 243 236 230 219 227 200 196 189 201 157 165 181 160 139 116 111 112 106 103 107 109 114 108 104 111 113 126 134 132 118 126 106 104 108 115 115 116 111 98 61 58 59 54 57 57 55 48 50 45 45 82 149 61 52 55 64 125 150 159 170 179 191 200 207 210 216 222 230 237 238 241 244 238 216 171 116 134 121 156 141 150 178 144 153 172 176 155 153 157 132 171 
59 56 65 73 82 104 127 159 234 242 236 228 208 194 155 149 152 197 189 147 163 158 153 135 125 117 108 105 106 109 114 108 112 122 117 118 133 126 110 114 95 107 123 114 114 110 108 78 60 59 57 40 54 54 48 50 51 47 91 74 128 104 53 52 57 114 159 170 181 190 198 201 211 219 228 232 239 243 243 243 245 246 247 238 208 190 183 178 158 141 158 172 164 155 150 160 156 144 161 169 
54 56 67 72 73 72 90 137 233 244 238 230 213 179 147 118 99 126 176 100 87 98 105 110 114 117 113 113 111 112 117 118 125 130 131 119 119 93 90 96 106 117 117 115 113 109 102 63 59 59 49 40 44 45 43 52 55 92 78 54 132 146 69 53 59 92 165 180 188 196 204 213 222 227 232 240 244 247 247 248 247 247 251 252 249 249 247 242 231 214 179 181 165 152 131 162 157 136 162 170 
56 62 63 63 65 73 68 161 227 244 236 229 217 189 163 145 119 129 143 111 86 85 117 121 113 116 121 127 125 122 127 131 133 131 134 127 109 94 104 110 120 120 107 113 105 107 88 62 63 56 44 49 40 44 46 51 52 58 50 76 152 130 104 59 59 69 166 188 193 203 208 216 226 233 238 244 246 247 249 250 248 248 251 253 253 252 252 252 245 232 205 166 174 163 161 148 175 161 131 161 
65 66 70 70 70 69 77 161 233 242 230 223 220 199 184 164 151 137 131 141 154 152 140 127 120 127 133 143 140 132 135 141 135 137 121 116 91 90 93 99 113 120 115 102 102 100 69 68 65 55 49 48 46 46 48 47 45 51 49 98 152 91 59 61 60 56 136 191 200 205 212 218 230 235 242 245 246 247 247 249 249 249 251 252 251 249 250 252 251 246 235 209 183 160 157 154 157 135 143 170 
66 68 70 68 61 69 82 183 231 240 224 218 224 201 204 175 163 153 140 136 143 145 148 149 144 138 135 137 131 125 125 135 123 110 100 97 75 81 84 92 106 113 115 101 97 88 65 65 63 56 56 48 46 46 48 47 47 48 47 68 110 103 80 58 58 55 99 188 203 208 214 221 229 234 239 241 243 243 241 245 248 249 250 250 251 250 251 252 251 249 241 227 191 165 159 144 141 155 155 162 
67 65 67 69 63 68 109 178 215 237 219 216 225 204 204 178 172 157 140 134 147 140 142 153 151 144 130 126 125 115 106 104 104 103 76 63 64 73 77 85 94 100 108 105 82 67 65 67 61 63 54 50 46 47 47 50 48 48 48 53 54 92 68 59 61 56 70 185 203 211 217 224 227 232 235 237 239 238 236 242 246 248 249 250 251 252 253 252 251 250 249 239 215 190 158 160 170 160 164 162 
60 55 56 62 64 72 99 149 220 234 216 224 227 206 205 182 176 166 147 137 147 148 143 145 146 140 143 148 142 134 118 109 99 97 53 40 44 60 72 81 85 85 93 90 74 72 72 70 63 61 62 54 52 49 49 49 48 53 87 104 54 54 63 60 60 63 65 158 201 211 217 219 224 225 232 234 236 234 227 230 239 246 249 251 252 252 253 252 251 251 252 246 235 214 162 180 156 137 132 171 
59 56 75 66 63 73 105 121 230 235 214 216 225 212 209 194 177 162 150 128 142 148 150 149 150 135 131 137 146 146 142 132 129 122 56 39 33 37 60 68 79 75 77 70 72 81 76 66 62 62 60 67 98 62 48 45 51 52 80 142 62 54 61 58 59 66 62 127 201 207 208 217 218 217 222 228 226 225 211 211 230 241 248 252 253 253 253 252 250 250 250 248 239 218 185 166 188 151 146 163 
73 69 68 68 67 65 86 130 221 226 208 207 220 220 209 209 190 159 153 123 132 147 149 143 138 144 133 131 134 120 103 133 146 144 116 118 36 32 41 45 63 62 65 69 71 80 75 58 63 64 97 109 105 54 54 51 53 53 66 152 100 59 59 56 60 60 62 103 203 200 190 206 208 200 202 215 215 211 194 206 224 232 244 251 253 253 253 252 250 246 247 245 232 207 184 150 135 138 154 182 
59 76 61 58 69 66 72 104 210 209 204 202 217 225 205 218 200 172 149 133 132 149 147 151 137 141 136 132 114 87 75 98 113 123 133 186 64 38 37 48 44 49 63 79 83 78 79 66 56 63 125 143 105 57 55 51 57 54 96 123 74 64 62 57 62 61 60 88 181 195 181 193 204 189 173 182 185 184 187 186 211 222 236 247 248 251 252 252 252 247 241 243 239 224 196 138 126 131 163 177 
73 71 59 60 69 68 72 84 180 188 199 213 220 229 202 220 215 188 151 149 149 136 149 147 130 126 132 133 127 83 65 58 81 51 108 159 181 77 40 113 68 69 84 83 83 80 79 80 64 62 78 72 76 58 61 59 62 60 64 83 71 68 68 60 59 57 65 73 163 184 170 185 198 189 166 150 139 115 112 126 163 195 219 241 245 250 252 252 252 248 241 246 244 237 192 155 153 160 120 181 
62 62 59 66 66 72 73 78 140 170 182 208 209 219 213 208 221 199 163 168 165 141 126 140 144 117 131 101 78 103 74 73 88 66 104 136 198 192 132 140 142 140 127 95 79 104 109 106 90 70 73 76 78 78 80 79 74 69 67 67 92 87 66 73 68 62 67 82 145 172 156 167 175 170 138 113 96 64 55 59 70 99 162 223 242 251 253 252 250 249 244 246 237 217 183 164 153 141 98 169 
64 71 59 63 60 71 68 101 118 119 185 195 195 204 215 200 215 209 180 177 158 157 130 144 145 140 120 78 76 113 114 101 87 101 67 127 194 216 181 151 144 152 163 146 74 36 31 58 77 80 85 85 93 97 97 94 91 88 94 94 101 122 103 128 124 117 110 113 138 145 121 123 125 121 82 56 52 50 62 49 51 55 74 144 218 245 250 249 249 249 248 244 227 201 196 157 106 161 165 168 
66 55 68 69 58 67 100 96 112 116 177 173 186 188 198 191 212 209 183 175 154 166 143 143 136 119 119 103 107 87 107 90 87 90 93 122 171 208 204 164 144 141 155 167 147 87 52 36 58 68 86 101 105 110 114 123 129 131 132 135 138 139 130 124 121 121 116 114 117 113 94 79 78 71 52 41 46 50 50 52 51 67 83 70 103 216 247 249 249 251 250 245 217 220 198 155 145 165 200 160 
66 73 74 66 66 70 84 97 116 116 157 133 159 165 180 182 189 197 179 160 148 156 147 140 138 115 132 113 108 114 108 100 130 111 116 121 140 205 217 184 148 144 152 159 160 99 47 28 49 69 81 96 108 113 120 121 120 122 128 136 138 133 128 123 123 121 116 109 112 97 88 78 67 51 43 38 43 50 53 46 54 57 59 60 95 146 218 244 249 251 249 242 232 209 178 161 149 128 179 191 
67 61 75 76 75 67 59 93 98 93 141 126 148 158 167 163 164 166 177 156 138 131 121 121 138 120 136 134 111 83 116 99 98 118 107 137 177 188 225 207 161 153 152 154 155 156 90 35 29 80 91 100 106 108 112 119 123 127 132 132 129 126 122 116 115 119 117 106 102 95 90 85 72 57 47 46 48 42 58 58 53 58 59 58 65 84 105 190 232 248 249 221 219 230 181 133 134 161 193 158 
78 72 77 78 73 83 71 85 87 97 129 106 135 161 167 157 146 137 164 146 133 126 102 90 109 125 113 109 128 81 141 140 123 124 132 126 140 211 232 221 178 163 154 151 149 151 161 94 94 58 127 125 129 124 124 126 128 131 127 125 123 122 119 116 109 111 112 105 98 97 97 98 85 61 46 37 40 47 44 52 64 60 61 59 67 100 102 101 207 247 251 246 228 208 208 158 144 201 198 191 
67 69 71 76 79 82 77 92 89 100 128 106 105 156 142 151 138 141 130 145 107 100 109 114 110 137 109 87 101 92 126 113 95 119 124 130 148 193 217 226 195 173 161 154 150 139 148 159 161 81 101 147 146 146 143 140 129 129 126 125 120 119 116 117 110 107 105 102 99 101 102 91 74 59 47 40 36 39 47 46 49 86 69 53 67 114 144 141 182 242 252 242 210 207 185 152 143 178 173 199 
65 64 66 69 76 63 83 111 111 98 103 89 121 135 140 157 136 124 127 135 98 103 116 103 116 114 135 110 108 148 104 104 141 141 123 143 152 144 186 218 194 187 166 157 148 134 139 149 156 129 51 134 151 155 152 148 144 135 131 127 122 122 115 113 111 105 101 101 104 106 102 93 85 58 44 36 41 49 47 54 62 69 46 71 69 156 154 141 165 225 244 229 189 160 170 156 175 174 142 162 
63 62 60 59 75 77 92 96 104 88 80 80 108 139 139 154 124 112 118 128 115 95 102 131 122 130 124 108 143 112 136 129 157 132 119 121 144 147 178 190 210 202 179 164 149 142 141 138 150 153 67 85 155 155 157 155 150 144 137 133 129 120 116 109 108 104 104 104 104 109 101 96 88 54 40 32 33 38 52 62 83 94 92 127 101 192 150 135 157 211 232 219 169 182 173 144 152 180 150 140 
59 68 74 71 70 67 77 98 99 92 87 100 126 173 151 144 133 123 146 121 98 124 128 125 129 99 127 133 144 99 116 151 143 142 156 142 138 169 153 174 227 220 188 166 153 149 144 132 141 152 107 51 132 150 155 156 155 148 142 135 131 125 117 107 108 106 104 106 109 109 107 91 65 50 43 41 38 34 50 48 66 75 100 100 116 164 133 173 118 179 224 200 168 177 166 130 156 196 176 162 
55 66 76 78 77 80 99 94 111 121 114 106 144 146 179 166 138 149 119 114 119 123 121 144 130 116 104 148 142 98 158 133 143 125 133 157 168 155 135 176 225 226 193 180 169 158 150 134 143 143 136 54 105 146 147 148 151 148 142 135 119 120 118 111 109 112 114 111 105 110 110 88 66 55 51 56 43 36 48 65 83 85 104 113 114 158 147 138 120 165 207 222 206 160 144 150 182 190 161 170 
46 73 64 84 96 96 107 106 117 110 100 117 131 140 170 158 134 142 142 126 123 129 152 116 121 125 141 157 126 125 128 145 131 119 147 131 138 128 128 188 187 188 188 185 188 167 158 143 148 145 145 88 93 145 148 146 147 145 139 134 119 116 115 114 110 110 111 112 115 113 105 74 52 51 38 45 44 52 35 46 58 51 99 98 130 151 183 146 159 179 182 210 198 174 154 175 165 175 159 136 
81 64 75 84 77 69 75 103 104 114 115 115 140 141 133 127 127 166 154 130 133 119 108 147 165 155 177 157 134 136 153 139 129 104 111 109 124 137 163 189 195 102 193 199 198 177 166 151 151 151 148 125 76 153 151 147 143 137 139 128 126 113 108 109 115 121 121 118 121 118 106 71 47 54 42 59 53 52 59 84 77 65 107 98 111 159 161 139 142 155 125 161 184 124 143 187 180 163 121 154 
52 70 49 71 66 70 85 96 119 120 121 132 145 153 135 146 140 169 157 120 126 94 100 156 152 139 144 173 132 153 136 149 139 122 119 143 135 144 133 159 194 131 167 206 205 187 171 161 153 158 155 150 77 152 152 147 143 135 137 129 119 113 108 111 116 121 119 116 118 116 98 64 41 48 43 43 58 45 36 70 131 118 92 116 160 166 152 171 149 124 133 121 150 145 166 176 151 167 161 205 
48 69 98 87 74 91 91 99 131 115 127 136 158 159 149 181 134 125 146 149 146 93 143 146 132 118 143 187 150 150 141 137 143 134 109 149 114 102 122 168 204 166 192 186 176 190 172 167 161 162 160 153 117 118 159 149 143 142 131 131 126 113 113 119 124 125 126 123 122 117 102 76 59 54 42 41 47 61 59 96 126 105 107 143 155 139 163 157 144 137 155 164 199 152 155 152 142 156 149 162 
63 66 96 83 100 111 120 137 128 108 111 157 163 146 172 168 153 135 138 166 145 128 160 149 132 136 161 148 124 115 144 120 153 133 136 150 120 125 158 202 195 156 184 178 159 173 170 174 172 176 178 164 152 71 163 161 150 144 131 129 130 124 117 128 134 131 133 131 129 117 101 62 60 44 51 57 62 105 121 111 103 135 109 139 102 136 129 86 118 151 198 182 146 169 154 178 161 153 149 151 
38 56 58 72 71 66 90 139 140 127 140 159 150 146 175 181 167 166 146 158 157 160 131 133 140 161 149 141 149 177 155 167 152 138 150 129 139 137 153 162 145 169 186 168 165 175 188 194 181 178 175 184 170 95 117 161 163 153 143 134 134 135 133 133 135 135 136 138 135 124 87 69 53 46 44 46 52 72 48 82 141 115 112 138 93 133 114 104 155 127 172 173 157 133 131 147 172 181 150 113 
40 61 64 85 84 74 129 140 157 129 166 157 175 162 152 166 173 142 143 151 156 139 151 155 154 114 125 115 165 180 152 163 173 178 148 164 190 165 155 180 164 165 179 169 188 165 195 178 155 164 180 186 179 162 70 164 161 161 157 150 146 147 145 142 140 142 145 138 133 108 63 53 42 52 55 42 56 41 63 101 98 90 133 102 117 136 153 114 182 167 177 181 131 159 134 167 160 145 150 117 
60 84 96 115 114 108 123 133 163 165 146 156 170 171 181 181 173 162 148 179 159 151 159 157 133 121 146 158 195 150 168 154 157 178 182 184 148 174 160 169 131 176 175 179 188 166 151 184 170 142 169 184 194 205 48 158 174 157 158 162 155 157 152 147 136 128 113 97 80 72 57 54 42 67 62 57 56 63 51 61 95 98 99 125 148 162 164 154 128 154 165 176 149 129 156 164 134 119 145 130 
54 89 112 95 88 101 126 141 144 148 154 160 165 187 163 181 179 152 150 151 150 150 175 134 158 126 152 173 185 150 158 174 145 158 123 151 164 153 147 170 164 171 163 198 184 174 170 182 193 175 171 183 170 170 68 119 187 106 96 100 108 101 96 85 71 61 53 58 50 48 57 54 54 68 66 56 68 78 93 111 90 79 127 151 112 119 129 143 133 138 171 155 137 135 148 188 141 164 149 148 
41 105 126 129 117 114 105 141 119 140 155 136 129 173 174 167 133 147 125 165 162 175 156 174 187 181 167 142 164 140 150 145 137 160 140 138 139 149 156 177 165 165 188 192 182 196 140 142 163 161 208 220 208 172 125 42 129 92 75 55 48 53 67 56 52 58 39 42 50 52 44 54 51 63 60 63 78 93 79 76 73 139 165 159 94 128 146 123 159 154 163 174 157 152 151 160 175 178 143 167 
56 121 132 105 96 96 88 107 125 163 143 155 148 159 172 169 133 109 84 158 179 138 155 151 194 195 148 161 143 135 163 159 142 176 172 158 132 171 125 148 184 196 180 174 193 179 156 182 183 155 151 195 171 179 145 30 63 72 54 44 62 61 59 57 54 57 53 46 49 52 40 43 44 62 62 40 45 83 83 83 91 109 112 135 140 154 135 150 157 157 177 176 192 148 161 177 175 169 158 143 
76 94 99 101 97 110 108 146 151 155 151 147 165 179 180 176 107 117 99 103 137 146 177 194 194 159 152 170 150 168 157 164 152 179 163 154 139 147 139 151 182 179 165 202 165 161 142 169 160 132 142 159 165 132 114 40 44 52 47 47 59 57 50 52 54 53 41 63 56 55 48 47 38 69 63 46 57 68 75 123 148 155 119 153 185 149 160 163 154 161 173 175 204 187 191 198 190 176 174 156 
83 110 144 124 123 134 129 119 146 151 165 167 175 185 168 153 91 88 100 95 125 151 172 177 177 175 160 176 142 173 178 182 167 198 164 140 144 166 149 122 159 166 197 203 195 157 183 166 133 159 163 187 163 123 156 71 46 44 45 61 68 57 54 49 59 56 38 48 45 58 54 49 54 63 72 60 64 78 96 130 118 81 119 124 178 159 164 157 172 168 174 193 168 191 204 194 199 164 132 131 
74 112 121 116 132 123 128 147 171 175 171 187 152 143 144 155 128 126 104 127 141 198 182 160 204 195 175 180 159 172 164 183 154 185 179 171 183 148 159 116 136 138 176 217 181 169 169 180 169 148 157 201 197 138 80 63 33 32 41 44 54 61 55 61 60 56 51 63 53 47 52 48 56 51 53 61 76 78 90 91 87 98 122 158 158 159 150 176 183 179 178 209 186 170 171 174 152 147 132 125 
102 109 120 120 134 141 126 147 153 174 181 175 133 99 166 163 149 115 156 126 152 166 161 174 189 189 174 171 177 158 162 146 147 181 190 170 179 145 158 144 157 168 168 220 200 181 178 180 160 172 173 217 209 164 128 77 40 55 51 48 58 55 55 59 49 55 42 56 53 57 51 42 41 67 56 56 70 68 74 63 76 119 122 162 165 147 182 159 195 161 170 154 195 168 185 182 156 134 151 144 
97 117 114 146 133 161 155 171 164 136 147 180 168 146 155 166 161 117 147 147 169 131 140 162 188 193 190 165 172 153 154 180 189 185 173 136 144 148 141 144 164 183 158 215 194 181 171 152 145 205 192 188 195 168 148 99 36 72 38 43 52 63 59 51 44 47 42 46 66 58 55 57 47 58 62 66 70 44 73 65 74 120 132 166 139 117 138 143 175 195 169 169 211 205 187 186 181 156 162 150 
93 116 125 158 174 154 157 156 136 126 119 182 119 110 150 158 117 99 104 109 84 133 130 195 137 178 194 150 165 167 180 175 196 198 163 157 170 161 147 150 162 159 194 209 181 181 152 140 141 175 197 173 160 178 181 145 33 83 51 61 58 48 59 49 50 44 46 50 59 62 54 46 64 46 60 68 75 63 70 60 79 122 153 127 118 131 134 145 137 172 146 183 227 220 213 179 168 147 180 139 
88 151 162 157 142 114 105 141 105 144 129 147 163 165 160 162 129 140 129 131 88 114 161 184 188 194 185 160 173 169 164 190 193 197 201 190 184 166 150 144 155 187 197 214 167 196 193 182 142 112 191 162 166 136 152 182 44 178 91 76 61 67 63 57 44 42 43 48 40 49 60 57 54 54 54 54 74 78 63 82 149 139 121 128 145 177 166 153 176 174 185 194 193 188 211 192 189 143 160 187 
