48 66 62 64 68 78 33 26 31 76 92 101 106 108 109 107 108 111 108 107 115 115 111 114 111 105 103 107 106 107 103 109 115 108 111 108 109 100 113 102 96 104 115 113 124 125 119 113 113 115 102 126 129 133 141 138 129 137 137 141 141 157 157 151 155 163 165 164 168 167 165 162 164 159 158 173 176 165 158 156 169 169 179 179 166 176 169 163 165 155 156 162 161 161 144 154 157 143 150 141 
57 57 56 50 49 40 20 21 48 82 90 100 106 104 109 108 115 110 110 113 120 115 123 117 107 109 106 103 109 103 102 104 111 113 111 111 112 105 104 100 100 95 107 121 120 120 121 107 113 114 122 125 129 139 137 137 141 138 141 149 152 150 159 155 160 175 166 169 173 171 174 165 168 169 162 169 174 172 167 163 167 174 183 181 187 171 167 172 170 162 161 160 159 145 152 160 151 155 140 136 
30 28 30 44 29 31 25 38 69 92 91 100 108 108 112 106 111 110 104 110 118 119 118 114 115 117 104 105 109 103 106 107 108 116 109 116 112 112 111 109 108 101 111 118 123 117 123 124 109 120 130 126 133 144 143 148 136 134 138 150 157 147 149 155 161 170 165 170 177 173 176 167 173 173 172 169 167 179 174 174 168 176 175 181 187 172 163 170 172 167 164 162 155 157 152 144 139 146 155 142 
39 43 23 15 31 50 60 66 71 89 94 96 104 105 108 111 107 102 107 117 117 122 115 120 110 113 98 110 109 110 111 105 111 112 110 119 122 117 120 114 97 105 120 120 118 124 119 119 117 126 122 132 142 148 143 139 144 136 146 156 157 154 150 163 164 166 164 170 180 177 178 178 169 177 173 175 176 185 180 174 180 173 171 177 153 167 178 167 174 176 169 157 164 155 147 133 145 152 155 146 
50 55 44 16 20 56 77 71 84 90 91 90 99 107 113 110 95 101 111 113 119 114 106 111 117 114 110 110 108 109 114 107 108 106 110 120 115 117 110 121 108 114 116 125 114 113 118 115 124 120 133 131 142 144 137 143 144 144 148 155 159 163 164 167 171 169 173 174 173 180 184 169 170 167 173 173 177 182 170 178 174 172 178 167 141 152 175 174 169 180 174 166 161 125 141 140 145 152 156 141 
47 42 38 23 27 46 77 77 80 82 103 99 106 105 100 104 98 106 114 108 118 110 113 113 111 114 112 111 119 112 108 112 109 112 108 115 115 116 115 112 111 105 117 115 110 112 113 121 120 124 131 135 134 132 142 140 144 147 149 147 162 165 159 167 157 167 177 178 175 177 162 170 174 179 175 182 193 179 180 176 165 173 167 153 168 152 156 166 178 177 175 178 162 144 141 144 149 139 145 147 
67 67 38 35 35 55 86 86 94 91 88 102 99 106 92 95 105 117 110 110 114 116 115 111 116 117 109 113 112 112 108 109 109 112 108 113 112 116 114 117 108 112 111 114 108 114 120 114 127 122 127 126 131 138 137 138 134 145 154 159 169 161 167 158 171 168 172 176 181 178 177 183 174 178 178 181 191 192 179 173 165 161 141 168 163 163 169 179 170 177 173 159 167 164 151 140 134 129 141 140 
41 41 47 37 38 72 106 100 101 98 95 102 109 109 99 94 110 113 104 111 107 107 108 113 108 108 107 112 116 103 106 105 105 109 105 111 107 114 114 108 113 113 106 111 111 111 110 111 120 120 114 122 130 128 137 140 141 147 150 153 161 163 168 162 167 167 169 175 175 178 180 182 169 176 172 186 187 184 171 176 153 154 151 170 171 179 179 170 170 170 176 170 166 168 167 152 134 133 150 146 
40 58 71 43 47 88 98 105 102 95 105 108 107 110 108 107 104 102 109 110 115 113 116 113 110 112 108 112 112 105 105 113 108 110 111 108 106 105 105 105 105 110 100 104 112 106 111 108 105 113 126 122 127 132 136 146 144 140 145 152 159 161 167 167 174 172 173 170 181 184 181 177 178 174 191 185 187 183 182 168 159 157 165 165 173 182 169 169 173 170 168 163 172 161 170 164 138 138 158 134 
53 47 49 49 78 95 95 101 97 104 106 108 101 108 111 108 104 105 114 112 112 107 112 112 112 116 107 114 113 107 104 113 118 106 98 99 103 102 97 92 86 97 98 97 105 99 100 95 105 112 121 121 121 121 131 132 133 143 152 149 152 161 148 156 162 173 172 175 182 183 187 177 176 186 178 186 188 188 170 158 169 173 175 176 179 166 170 173 175 167 164 165 166 172 168 162 161 157 137 133 
94 87 85 94 107 106 106 109 103 109 108 104 108 108 111 111 114 113 112 108 112 115 114 119 115 122 115 113 116 111 107 109 106 102 101 98 109 96 100 85 87 88 91 104 96 107 92 95 103 106 113 116 125 119 118 128 135 136 137 137 144 145 143 146 159 168 174 182 178 184 186 173 175 178 187 186 182 168 162 167 167 161 156 183 170 175 172 163 174 177 167 161 172 170 171 161 163 167 157 138 
110 112 113 101 106 111 113 113 110 111 106 106 111 111 107 113 109 109 114 118 107 117 113 121 121 119 112 110 107 112 104 102 103 100 108 101 98 91 79 74 96 93 94 94 95 105 103 107 85 92 102 104 107 117 118 124 125 128 143 141 137 138 139 155 170 171 166 172 174 176 173 173 175 177 179 180 189 177 161 182 176 166 181 176 173 178 169 172 171 173 165 175 172 170 166 169 165 155 164 146 
114 105 112 109 107 113 112 116 110 109 109 111 108 111 108 99 111 115 120 115 113 121 112 118 113 108 109 105 108 110 102 99 92 99 100 105 104 84 75 77 93 99 90 90 95 96 99 94 100 85 97 95 103 102 112 114 123 128 126 128 137 150 157 166 168 166 157 165 175 175 169 181 177 170 177 176 182 180 183 171 182 184 177 175 184 181 188 182 178 180 172 174 175 170 167 162 169 161 158 149 
111 115 109 113 105 119 116 106 108 95 112 112 119 110 101 103 115 119 118 116 115 119 124 116 111 115 117 110 104 111 111 100 93 101 103 98 93 92 82 80 93 91 88 91 89 91 96 86 91 92 85 97 100 93 99 120 119 110 123 127 140 155 159 161 160 155 155 162 174 175 178 187 176 183 163 176 188 181 169 163 188 176 180 183 182 194 185 178 174 176 173 175 172 165 166 161 161 164 162 143 
119 116 116 116 115 115 115 114 97 97 103 122 125 121 109 104 108 106 117 115 119 121 120 114 109 118 107 108 105 111 113 108 105 108 98 102 87 70 83 76 83 86 86 85 83 78 79 80 83 93 93 87 94 100 103 110 120 113 114 126 144 147 159 152 158 155 163 167 168 177 171 165 177 171 171 184 195 192 177 179 174 183 186 186 186 187 181 176 173 173 175 176 167 165 167 157 153 157 160 149 
118 124 121 115 116 120 113 99 99 105 119 115 122 120 116 100 108 102 111 124 121 122 110 112 116 121 117 108 113 113 103 104 103 102 95 82 42 29 37 52 80 79 78 75 71 83 85 83 84 85 87 91 107 108 109 111 115 117 119 123 138 137 151 156 157 151 153 164 170 174 161 175 172 179 187 180 185 181 181 178 179 189 185 182 181 183 173 171 164 174 176 169 161 164 160 159 157 157 161 152 
121 124 121 122 131 114 105 115 108 109 119 120 121 121 121 110 104 108 112 118 123 123 125 117 116 119 118 108 107 107 107 101 89 80 47 17 24 25 23 21 54 78 75 81 74 78 80 86 82 90 91 101 102 109 100 107 107 110 122 126 136 138 143 150 150 144 156 166 167 155 166 149 163 169 165 182 186 187 183 185 187 180 185 182 177 174 170 169 171 163 170 169 164 154 155 157 159 161 155 148 
123 121 119 119 121 122 108 109 98 116 113 115 117 117 121 121 109 109 121 115 128 116 117 79 64 67 33 29 44 41 48 38 18 14 19 14 18 18 13 17 29 43 64 77 77 76 78 90 81 84 89 96 105 101 93 100 99 99 111 126 131 140 135 140 144 145 158 161 151 163 153 152 165 161 168 169 184 172 180 185 177 178 179 180 176 168 169 172 162 168 170 164 167 159 158 155 160 157 159 160 
120 124 126 118 124 124 116 107 115 113 114 111 117 121 125 126 124 117 123 128 126 120 67 20 14 12 15 20 10 13 22 27 18 10 11 11 10 13 14 16 20 19 39 64 73 81 80 88 78 87 85 90 94 99 96 94 91 104 100 104 133 127 141 136 137 141 156 145 161 162 161 152 164 161 160 187 169 173 190 182 182 179 178 178 173 171 174 176 169 161 168 172 166 157 157 162 165 160 160 155 
128 131 135 124 123 126 114 118 118 120 121 125 116 124 121 122 122 124 127 114 92 66 43 18 13 9 31 25 6 15 33 20 11 8 9 11 7 15 18 18 17 19 29 47 68 74 84 89 80 80 83 89 92 88 92 80 90 104 82 98 125 133 128 131 141 139 135 151 156 158 146 143 136 157 174 169 172 174 176 178 177 176 178 184 175 169 175 176 173 172 173 162 159 164 164 163 163 164 174 160 
133 124 129 118 123 135 120 123 125 125 125 128 130 124 127 123 121 108 84 80 72 51 35 14 14 14 12 11 13 17 27 14 13 9 11 16 17 11 11 13 20 25 30 31 48 67 74 76 81 77 82 80 89 93 92 85 81 101 90 92 120 123 137 129 132 134 142 132 141 151 151 135 141 163 163 176 183 171 168 167 176 175 182 179 178 170 175 164 172 173 171 163 172 169 171 165 167 167 165 161 
123 130 126 118 125 126 130 124 127 119 123 118 125 126 125 106 61 64 86 83 69 67 62 64 67 48 32 23 20 17 15 18 16 20 19 11 16 16 16 20 19 32 32 23 31 64 78 77 77 79 88 88 88 81 86 90 92 90 92 97 99 96 112 135 130 142 136 127 121 142 135 144 159 153 170 178 177 173 171 166 173 170 179 186 183 171 176 174 175 172 178 171 174 172 171 174 172 175 171 168 
131 130 118 119 119 126 128 126 128 127 121 125 124 120 93 42 68 95 79 81 84 72 97 102 96 73 43 39 29 21 7 13 11 32 42 54 30 24 24 24 19 20 15 23 30 46 78 81 79 80 81 83 82 79 83 80 84 88 91 86 91 91 101 110 126 127 137 136 123 127 135 149 147 148 164 172 171 169 166 169 168 171 170 178 177 176 172 170 170 178 173 173 175 169 173 172 167 172 171 163 
128 144 125 122 122 123 132 136 134 123 129 122 119 77 43 77 89 87 82 77 90 103 94 98 96 85 75 55 40 37 26 8 13 12 19 22 29 23 22 16 23 18 16 14 15 28 63 78 72 79 79 69 80 79 84 79 87 86 88 78 85 93 95 95 106 127 127 138 131 124 143 141 142 153 143 156 151 162 174 165 157 164 174 178 172 186 172 179 177 179 177 173 167 162 177 178 169 178 176 142 
138 134 123 118 129 129 126 129 125 130 127 132 89 42 90 99 86 77 83 102 104 96 102 107 109 100 95 73 59 68 58 22 8 6 5 8 14 11 12 13 12 14 18 20 13 14 38 77 83 78 79 80 84 87 87 86 80 83 86 88 88 81 90 88 98 109 125 124 135 137 133 133 142 143 136 144 160 159 172 166 160 166 173 179 180 186 181 177 176 182 175 170 167 167 179 186 182 176 179 161 
136 123 126 128 129 130 123 127 130 136 134 129 84 67 122 108 86 62 57 76 74 67 80 78 75 84 97 98 75 42 33 21 17 13 10 11 13 9 15 8 12 11 18 24 17 15 19 66 78 71 71 76 87 95 88 85 89 88 84 82 86 81 80 79 88 94 106 114 124 125 122 134 130 126 134 141 144 149 159 166 162 168 185 186 176 177 182 171 171 171 167 172 165 177 184 176 180 174 178 167 
146 129 130 137 134 126 130 126 132 138 136 129 117 111 108 98 92 68 51 56 28 25 32 47 68 109 121 101 78 66 43 30 17 8 6 13 24 31 33 18 23 22 17 23 22 23 22 59 96 102 74 76 88 86 83 103 126 116 105 86 79 79 76 80 83 83 91 102 107 113 124 124 132 121 129 130 144 140 156 165 169 166 173 177 170 177 174 141 101 97 144 162 166 173 178 181 177 177 178 172 
150 142 142 137 126 129 139 131 137 139 140 140 123 124 103 112 108 56 37 47 29 21 21 47 82 95 109 111 100 94 59 30 13 7 10 24 26 24 30 30 39 29 21 15 18 20 27 86 136 143 119 99 112 121 100 107 139 139 124 107 93 89 86 73 81 83 86 86 66 51 56 90 120 114 125 127 134 146 151 152 156 162 176 167 176 164 133 72 40 33 94 157 157 167 166 176 175 173 174 168 
160 143 143 130 134 137 140 133 146 144 145 133 138 110 111 123 109 66 45 39 25 22 28 76 90 89 95 100 98 67 16 10 7 8 40 43 18 24 26 19 28 35 32 19 13 17 38 112 154 169 153 99 119 129 137 118 144 164 147 124 115 116 119 106 86 86 77 66 26 29 26 57 81 102 105 120 125 134 139 139 142 159 168 164 163 112 78 101 78 76 62 80 108 160 165 178 170 173 170 162 
160 146 141 138 138 138 139 140 138 148 142 140 137 121 99 129 112 89 62 45 32 32 41 90 100 97 104 95 99 81 24 16 9 19 57 28 19 17 27 33 22 28 33 37 29 17 25 87 158 175 175 114 139 146 132 136 161 179 168 147 131 114 114 123 111 96 41 53 38 54 33 15 29 67 103 100 112 130 132 143 145 147 152 164 150 70 105 127 122 146 72 29 93 151 166 167 171 171 168 157 
143 138 139 140 137 142 150 141 141 147 144 140 148 136 119 111 108 116 84 58 52 55 65 103 117 115 117 128 118 126 99 46 16 12 20 50 83 18 34 33 27 39 46 39 39 54 47 88 141 157 151 132 159 164 153 147 170 189 192 160 156 127 116 121 115 115 67 57 49 42 31 13 14 49 72 85 96 109 116 124 134 135 144 146 122 108 141 123 139 135 68 44 64 144 171 174 179 175 170 151 
157 132 141 139 139 139 143 145 141 143 140 150 149 147 121 127 107 105 121 107 97 90 91 101 113 113 111 130 151 157 132 93 78 28 17 17 20 28 31 25 46 80 111 82 68 83 89 136 146 143 131 136 168 164 150 158 174 190 193 175 169 169 147 114 110 114 117 82 51 44 38 22 12 29 57 81 80 81 96 107 119 131 136 127 106 127 142 137 150 121 104 63 33 118 175 176 179 171 176 160 
151 141 147 140 137 143 146 148 148 147 135 142 148 147 127 140 120 96 129 147 148 123 85 86 85 104 129 157 165 167 160 127 139 105 47 30 23 29 23 34 92 144 142 100 118 136 146 139 154 160 129 153 179 173 160 172 187 199 201 182 184 198 189 167 143 124 121 125 110 80 53 25 11 26 55 59 69 72 66 73 81 95 105 90 88 101 120 133 150 158 141 99 55 132 169 178 179 177 168 154 
165 147 135 131 132 149 150 152 148 143 144 147 150 145 141 132 121 107 144 167 143 130 112 104 102 113 132 163 170 179 177 173 151 151 143 107 58 28 34 75 132 140 99 63 119 162 175 163 181 168 130 168 197 195 192 203 207 206 192 178 190 200 200 195 182 163 161 148 136 146 104 56 33 43 53 70 69 63 63 54 58 65 68 68 87 113 131 147 154 157 151 96 113 163 175 171 171 175 177 164 
161 149 131 133 138 153 159 146 138 146 149 147 153 154 149 131 121 141 142 159 159 148 136 130 126 130 146 166 178 187 191 182 183 183 180 160 110 88 114 136 153 139 122 127 161 161 164 178 187 150 152 204 208 202 206 208 212 210 205 185 193 191 196 196 179 165 175 168 147 134 160 153 126 112 114 108 95 89 77 72 73 74 65 82 103 131 150 159 165 161 121 108 154 170 173 173 171 181 176 171 
166 158 141 136 140 152 154 150 147 157 152 149 152 155 146 136 126 142 129 133 163 173 154 138 138 146 153 171 183 196 200 206 203 198 192 171 164 173 187 182 179 186 193 184 174 167 164 187 175 150 199 216 222 213 212 208 214 215 195 193 200 198 201 198 184 164 164 172 163 138 146 167 168 148 153 147 147 136 111 113 110 103 100 101 124 134 146 164 153 129 93 130 163 174 170 171 182 180 186 161 
170 168 146 130 140 153 148 148 152 159 155 153 153 148 154 144 147 131 141 136 127 160 167 149 147 157 146 159 183 197 215 210 210 201 203 202 209 198 187 191 196 194 190 179 185 181 179 174 158 187 216 219 215 211 217 232 226 221 199 201 208 205 208 205 188 184 173 171 170 157 160 173 178 168 167 166 167 155 143 124 125 125 126 134 138 143 138 144 141 135 144 164 169 176 169 178 170 177 164 159 
172 168 153 146 146 147 146 145 150 149 149 146 161 161 150 152 165 134 133 140 142 132 132 153 140 143 143 164 166 180 193 199 217 207 199 202 180 151 128 148 168 168 168 168 169 189 180 164 185 228 224 224 221 228 220 225 219 214 202 210 217 216 210 207 205 192 171 157 169 165 177 191 197 194 183 176 174 171 169 155 144 143 147 150 150 145 128 126 148 154 155 164 169 169 166 183 174 162 176 158 
174 170 158 140 146 149 130 143 150 151 153 147 158 161 153 170 173 156 138 138 160 169 161 97 58 33 42 38 52 71 79 77 82 75 70 74 63 60 78 101 141 161 177 171 181 189 176 185 212 231 218 219 224 225 228 229 227 210 221 215 220 222 213 214 208 184 163 161 171 162 188 205 205 191 175 171 169 183 184 180 163 159 157 146 123 79 92 139 146 152 167 168 165 168 165 168 160 173 169 146 
170 162 155 149 142 147 142 136 145 157 155 156 163 157 161 167 187 184 160 141 140 155 170 131 93 89 47 26 17 11 11 13 17 16 16 20 28 29 33 51 86 148 187 186 185 193 206 223 231 230 232 230 223 228 222 230 210 212 224 227 218 223 217 208 195 166 154 162 164 167 179 205 204 197 174 159 180 193 193 188 165 154 147 143 100 97 145 142 153 157 157 159 164 166 156 159 177 168 165 159 
157 160 163 151 150 152 141 139 134 152 149 164 162 162 159 168 185 198 187 166 153 145 163 132 121 98 69 33 19 8 12 13 11 13 18 21 24 26 20 25 32 118 175 181 185 203 225 227 239 237 235 232 227 227 227 215 210 224 227 233 218 222 217 203 187 158 146 157 164 171 175 183 194 195 168 164 187 183 164 156 164 150 160 158 164 162 154 158 158 153 165 160 174 161 158 166 152 147 166 144 
155 160 164 152 159 157 152 141 136 146 155 162 160 158 154 149 183 202 198 189 178 149 148 121 94 57 37 29 22 13 9 11 8 14 14 22 21 9 18 27 67 161 184 201 214 225 229 227 229 228 231 234 232 222 212 216 211 227 233 225 224 228 216 196 168 153 156 163 167 177 185 184 183 195 153 165 153 148 150 155 158 138 150 166 158 162 157 154 155 164 168 174 153 168 171 158 152 175 150 143 
159 161 160 150 152 155 150 154 145 127 157 158 161 142 143 138 168 200 210 196 196 167 144 117 49 18 11 12 12 10 9 9 12 12 6 14 12 15 52 152 174 179 196 210 221 226 233 231 225 239 239 231 233 223 217 199 210 231 231 223 214 211 209 188 154 170 177 187 183 179 184 185 186 187 164 131 136 133 139 158 150 141 147 154 167 154 155 157 161 167 169 161 161 177 171 168 180 178 174 141 
167 163 162 157 150 157 162 151 141 149 158 164 159 154 143 152 150 172 208 215 218 199 202 154 74 17 14 13 12 7 11 10 10 11 12 15 19 55 151 173 169 183 203 213 214 221 228 228 227 233 236 237 233 224 211 207 225 222 218 216 213 204 187 165 171 177 188 195 197 185 187 178 168 170 129 116 130 145 139 155 149 144 134 147 159 166 150 158 173 166 155 164 170 169 176 161 144 154 158 149 
153 161 161 158 150 149 153 149 149 152 155 159 166 146 135 151 156 156 169 206 217 217 214 212 186 93 42 19 12 13 9 9 13 15 17 25 64 153 167 175 170 190 205 216 213 218 230 239 243 243 235 235 231 214 204 218 224 221 219 217 209 193 176 167 183 191 201 205 197 197 190 179 141 107 100 109 120 140 150 157 151 154 157 143 143 153 160 165 170 162 167 171 155 159 174 148 144 143 149 162 
154 160 156 150 150 148 151 154 149 159 158 160 155 153 158 158 164 169 173 180 191 204 201 207 205 202 179 114 29 20 15 11 14 23 58 112 151 150 154 170 185 201 205 212 215 225 227 226 234 234 237 234 224 211 209 230 222 217 216 206 196 184 165 192 207 210 206 199 198 194 180 159 138 122 100 110 122 141 146 150 158 156 151 156 134 151 167 170 161 173 171 160 144 145 162 160 150 164 176 166 
154 161 165 159 149 148 156 163 162 164 164 159 156 161 156 167 162 165 162 173 201 198 199 198 190 196 198 179 152 77 65 42 73 132 163 154 143 137 156 172 181 201 202 207 218 228 229 228 226 235 231 229 214 205 213 225 218 211 211 195 176 169 183 207 207 208 212 208 198 185 164 149 146 142 106 103 118 138 146 153 161 156 139 151 153 163 156 157 173 163 177 170 168 160 158 151 170 177 180 161 
155 159 161 161 157 154 156 153 164 165 165 158 160 152 167 159 164 169 170 163 171 185 203 212 207 202 200 196 207 186 189 176 170 162 141 146 142 149 172 180 179 190 200 216 225 229 223 225 220 218 223 217 205 208 217 217 220 210 194 181 179 184 219 210 219 218 213 204 191 179 166 146 144 139 102 90 100 121 134 145 148 164 147 159 171 161 163 162 171 173 166 172 177 142 146 170 179 179 167 171 
157 150 167 167 160 151 150 153 140 163 165 161 154 165 155 169 168 166 172 160 167 152 169 184 201 203 208 189 201 191 177 170 160 143 140 150 166 175 177 189 187 198 212 222 230 217 221 217 215 214 211 204 207 214 221 210 209 202 187 177 188 207 225 223 221 217 209 197 177 168 157 153 150 138 122 84 86 99 117 140 153 150 162 163 156 160 164 163 166 174 174 161 180 166 168 189 175 179 189 173 
151 153 165 163 168 149 148 130 141 145 155 162 161 150 153 170 171 163 167 166 164 160 168 171 166 179 182 174 164 165 158 159 152 158 168 176 182 183 182 192 199 206 210 222 217 207 207 212 216 220 206 202 200 216 213 204 202 187 187 182 206 214 225 219 228 215 202 187 177 163 156 152 150 141 121 90 72 80 91 110 146 147 155 160 157 172 169 168 156 168 179 184 179 177 182 166 177 190 182 182 
160 165 173 166 170 154 128 118 146 142 158 161 158 147 157 167 170 169 176 176 168 169 156 156 142 161 170 169 162 162 166 164 178 182 181 186 186 189 191 187 200 202 199 206 210 203 209 209 211 211 203 208 207 211 209 195 180 178 183 189 213 215 212 219 216 215 202 193 171 157 151 148 136 131 125 106 71 75 83 89 118 130 137 157 164 163 175 171 165 169 171 192 188 180 183 188 188 192 181 179 
161 163 168 174 162 155 140 143 145 152 153 149 158 161 146 154 157 162 171 173 170 177 171 162 159 175 187 168 179 187 193 190 192 192 196 181 173 180 188 190 193 203 198 200 201 207 207 211 209 198 203 202 200 201 194 178 181 192 182 205 217 217 229 227 223 213 192 182 168 155 144 137 128 131 133 117 89 58 59 69 80 88 111 133 152 161 170 165 169 172 175 188 187 188 189 185 191 183 185 177 
164 167 167 165 172 154 139 134 153 155 155 153 163 173 156 154 159 167 170 180 172 175 182 178 168 172 160 171 191 199 192 207 200 191 179 179 173 188 197 198 194 184 181 191 194 206 203 189 188 180 182 183 175 172 179 170 184 187 204 206 210 223 216 218 216 212 196 174 155 149 136 128 119 136 133 117 104 75 36 34 40 39 45 98 119 152 172 170 179 172 186 178 173 184 186 176 188 184 179 174 
169 164 167 164 177 176 148 140 143 163 153 158 161 166 169 155 155 166 173 172 176 176 176 179 167 171 173 167 171 180 181 192 180 182 182 182 189 185 204 194 192 187 173 192 191 187 189 167 161 170 166 165 162 164 173 178 191 205 218 218 222 221 218 214 213 207 185 167 159 147 138 125 121 129 136 126 123 110 69 51 67 60 36 44 55 72 147 174 180 180 181 179 184 184 177 188 176 184 181 176 
180 169 178 172 181 163 157 150 156 158 161 155 159 173 167 162 154 159 158 169 170 166 169 172 181 175 141 156 185 198 197 202 203 202 197 193 195 199 192 191 184 178 185 173 163 159 150 162 170 173 165 161 158 166 181 197 208 216 224 232 224 216 206 203 201 193 179 161 152 150 139 133 119 123 123 133 128 127 105 85 112 126 117 62 25 39 117 168 183 169 178 183 174 155 164 185 188 177 189 177 
175 171 166 174 173 176 163 155 159 163 164 154 159 160 163 170 167 164 174 169 177 172 173 187 187 178 163 151 154 170 187 194 210 210 198 194 189 183 183 188 181 177 174 160 147 160 173 173 165 160 153 171 172 190 203 215 219 222 229 224 211 205 203 199 199 185 168 151 145 145 143 132 125 121 126 134 137 140 136 125 145 149 153 126 62 34 81 162 167 179 181 157 172 170 160 185 190 192 186 173 
175 171 164 155 166 173 167 167 156 160 162 160 164 164 162 164 162 170 167 168 172 178 183 173 186 176 179 172 155 151 169 167 182 173 178 183 179 169 180 188 181 178 163 146 152 153 162 155 154 163 173 191 204 206 217 223 227 219 220 206 199 198 202 195 183 174 161 149 147 144 129 132 128 128 127 135 145 151 158 150 183 155 169 128 78 52 59 147 170 181 177 161 164 166 179 184 182 183 192 176 
184 171 164 159 171 168 168 171 165 161 162 158 169 161 159 163 167 171 156 158 162 173 170 176 178 179 172 172 171 158 142 139 159 163 179 188 189 188 176 179 167 149 148 143 135 156 156 166 172 181 197 205 213 220 220 223 217 202 191 190 200 202 192 189 175 163 153 150 147 129 126 123 120 132 128 131 144 167 170 160 198 184 169 131 93 70 56 130 177 168 181 179 176 162 164 167 178 191 182 179 
161 166 149 169 172 181 170 172 160 161 166 159 162 167 162 169 174 167 159 160 159 160 176 174 180 180 167 176 179 170 157 150 153 163 163 161 167 165 161 161 169 155 162 150 150 147 158 169 193 209 209 219 218 214 207 195 190 193 198 200 198 189 183 173 159 159 149 153 134 127 118 125 125 126 131 137 152 162 171 166 203 199 178 148 104 79 85 115 164 182 174 194 186 165 153 158 168 180 167 162 
161 162 172 174 179 173 167 173 171 169 167 165 163 163 166 167 173 171 168 156 169 154 160 179 178 173 177 181 172 184 152 142 152 169 187 189 182 179 178 166 169 160 146 141 162 165 180 198 200 218 223 205 195 179 175 176 188 198 199 191 190 181 174 170 160 154 152 155 144 138 124 117 124 129 142 149 152 166 164 170 206 205 188 147 112 90 98 99 157 176 184 173 191 185 161 158 176 178 170 159 
174 168 181 175 174 165 163 172 171 176 162 165 170 162 166 166 169 168 169 166 163 145 148 179 177 180 179 172 176 175 169 162 151 143 143 171 180 180 172 164 161 158 152 172 186 190 193 206 194 183 176 160 158 164 173 182 181 185 191 182 185 174 173 163 158 150 155 145 144 130 124 118 122 126 144 154 155 162 168 167 191 198 188 154 125 101 86 98 133 175 185 184 179 190 176 163 174 163 167 173 
181 175 177 175 175 167 159 172 178 172 166 164 167 165 166 169 164 163 167 170 174 168 162 154 172 180 173 177 175 175 158 157 170 159 158 141 164 175 177 181 177 171 180 168 171 165 161 161 147 147 144 158 162 173 173 174 178 178 173 170 174 183 169 167 164 152 158 147 141 129 118 115 119 129 147 156 158 161 167 170 180 191 183 148 125 104 108 94 101 155 172 181 192 181 183 183 160 169 174 168 
176 174 176 174 174 165 165 159 168 167 168 165 173 168 165 165 161 161 162 173 179 171 163 150 166 169 177 160 155 173 157 166 170 177 174 167 160 172 166 176 174 162 171 159 160 145 146 148 149 156 157 163 164 171 173 176 179 177 177 167 178 180 170 175 161 158 148 141 123 124 121 118 119 136 147 158 158 165 164 167 176 189 184 147 131 116 129 115 84 136 168 169 183 184 176 188 177 172 166 162 
178 177 172 176 173 170 159 157 172 165 173 169 173 167 175 162 165 160 162 168 179 175 153 171 168 170 164 172 160 167 174 175 169 170 174 184 183 188 182 187 169 188 178 168 159 155 164 164 157 162 168 164 171 177 167 161 170 163 156 164 168 167 165 163 161 145 133 130 124 122 115 119 130 143 154 165 172 169 165 164 176 184 185 156 117 123 130 139 102 108 159 171 174 183 184 184 198 180 184 176 
182 175 175 180 179 174 166 173 178 167 171 168 177 176 162 158 166 166 179 172 173 173 176 168 168 155 171 171 172 166 179 176 182 169 174 164 171 167 172 164 170 177 174 162 163 164 170 175 175 167 176 173 166 151 150 152 165 166 156 158 166 155 155 151 144 142 136 131 123 130 128 135 130 141 162 166 173 175 167 157 167 180 188 152 121 124 136 139 134 105 146 171 177 179 188 187 186 188 187 176 
166 169 180 180 182 180 174 173 176 181 174 183 177 174 166 161 166 159 164 167 171 175 174 173 162 161 164 171 184 176 165 181 179 164 164 169 166 158 143 144 148 157 154 165 179 180 182 169 166 159 161 149 153 155 150 148 151 156 159 155 154 151 152 146 142 144 131 141 133 136 135 128 125 142 151 167 170 172 160 157 162 170 175 155 131 140 153 157 154 118 133 172 179 181 174 190 189 182 186 180 
163 166 175 181 180 179 172 167 172 175 176 170 182 175 168 162 164 163 162 165 165 169 177 174 170 165 155 179 178 173 178 168 165 163 166 173 171 173 167 151 142 134 125 152 159 160 159 156 155 141 159 152 147 154 153 154 158 155 159 154 153 151 147 144 140 136 141 139 144 134 137 132 123 140 151 157 171 167 164 160 163 166 180 159 132 153 159 161 158 139 126 165 174 173 182 196 194 192 177 178 
172 152 178 177 178 174 173 164 178 174 170 170 175 172 165 162 162 162 160 172 164 166 177 176 176 168 170 175 169 173 170 164 166 164 155 180 176 180 180 167 135 140 121 122 140 131 130 150 151 152 152 151 151 150 155 152 147 155 157 156 144 141 144 141 144 141 137 141 141 141 137 134 124 138 142 161 169 158 157 153 157 171 179 157 133 166 162 158 156 139 127 163 184 180 188 180 183 191 189 171 
183 169 183 168 183 184 183 168 171 169 167 166 170 174 169 162 168 167 174 167 166 164 158 176 173 180 177 170 171 167 164 166 168 166 159 175 177 180 187 186 160 132 136 128 123 133 143 145 147 143 145 145 145 143 144 144 144 143 147 144 150 142 139 143 140 136 141 138 142 137 135 131 134 133 143 149 167 159 156 150 150 162 171 153 139 167 169 156 155 145 119 170 175 184 179 190 192 188 195 183 
190 185 170 167 178 184 184 174 168 172 176 173 176 172 175 167 165 169 167 165 158 152 162 167 179 175 173 173 159 152 169 168 161 166 176 172 174 182 181 188 184 162 115 124 126 121 133 131 131 137 137 135 144 141 140 141 140 133 143 140 134 141 140 140 142 136 135 128 133 133 133 131 138 143 146 154 156 163 147 151 152 160 168 162 136 171 169 159 149 151 144 164 177 176 183 185 186 194 193 191 
189 179 177 179 181 190 188 175 164 174 179 176 175 170 167 171 172 168 169 166 153 152 167 167 175 178 179 157 158 153 172 176 177 173 179 178 181 184 178 188 186 180 154 124 118 118 112 108 116 121 128 132 137 141 138 138 145 129 132 134 135 141 136 142 141 141 145 134 137 136 130 129 136 146 146 147 152 153 152 145 149 160 170 157 130 168 175 158 155 160 157 175 182 177 179 182 184 197 194 180 
190 192 191 196 187 191 190 185 168 174 177 183 185 176 168 177 174 161 172 158 170 168 176 184 173 180 183 181 161 164 169 174 178 179 178 184 181 173 180 183 182 178 182 166 134 116 109 103 111 114 123 122 134 133 145 146 139 136 130 136 133 136 140 144 149 148 145 139 132 135 134 140 136 141 142 143 148 146 146 147 151 156 166 152 126 154 167 153 163 167 171 176 180 178 183 182 186 187 192 175 
182 191 197 203 190 186 182 185 177 178 183 188 181 177 182 172 173 176 165 152 159 165 173 174 180 183 179 177 175 149 154 165 175 176 180 177 177 177 185 184 180 180 191 183 181 159 120 108 99 92 107 111 118 125 136 138 137 140 132 134 134 133 145 148 150 143 148 143 145 146 149 135 140 146 143 140 145 147 137 144 146 156 167 154 121 120 149 159 163 170 171 173 171 176 180 183 176 180 190 177 
183 192 195 196 183 188 172 186 183 189 180 184 185 195 189 178 174 180 175 172 161 174 169 182 184 179 177 184 176 155 161 164 166 184 184 184 182 180 174 173 170 168 178 187 192 176 161 120 104 92 92 93 108 112 125 113 130 131 133 134 130 136 135 133 139 128 135 140 141 145 146 140 142 141 146 146 138 139 136 137 140 150 150 148 129 124 138 156 163 166 165 162 174 172 179 174 180 176 189 179 
191 195 191 191 186 188 182 174 191 187 189 187 189 189 180 179 164 179 178 168 178 168 179 184 178 170 176 180 175 164 159 162 174 183 185 189 182 176 170 169 167 165 174 188 192 184 176 168 126 102 95 88 98 100 109 109 118 131 124 129 129 130 130 129 125 126 136 139 144 143 141 138 136 144 143 144 148 141 136 132 143 143 144 144 122 134 145 156 157 157 155 162 167 176 171 174 177 180 184 171 
191 190 191 191 192 183 180 165 186 197 193 190 191 184 182 172 174 181 186 187 176 180 178 178 173 172 171 169 184 177 172 165 169 176 191 184 183 174 174 177 182 177 178 179 181 184 178 187 177 155 109 85 83 84 91 98 100 121 126 123 124 128 128 125 130 141 136 138 135 135 140 133 134 143 143 147 145 136 137 132 135 140 130 129 120 146 155 150 155 158 160 164 169 171 166 173 172 179 176 164 
194 193 194 192 193 191 193 176 171 194 187 198 187 201 182 180 160 175 183 182 188 186 180 179 172 176 176 181 182 183 179 173 175 179 181 187 186 183 181 188 189 190 177 186 178 189 182 185 181 178 172 143 105 96 97 101 102 113 119 122 118 117 131 124 130 123 125 131 130 133 130 135 136 138 133 142 142 143 132 127 134 123 120 120 123 139 150 148 152 156 159 161 169 161 166 158 168 176 174 154 
197 200 194 198 189 197 201 185 180 179 195 192 193 198 183 175 176 188 175 183 188 191 178 174 181 187 191 179 180 187 181 179 181 187 188 186 185 189 184 190 192 193 182 179 181 193 186 182 178 189 182 169 169 124 96 88 91 100 103 102 106 113 121 120 116 121 123 121 123 135 132 127 125 135 141 137 131 129 128 129 117 110 109 108 128 139 139 142 153 153 157 164 167 155 152 169 167 166 177 162 
190 183 184 185 181 190 192 188 178 189 192 195 183 182 169 173 185 173 184 183 185 189 193 187 182 176 181 186 180 183 175 185 181 179 185 176 187 185 191 193 193 189 189 194 194 192 182 186 185 184 183 183 175 155 137 107 99 97 101 97 104 107 121 116 117 115 115 124 124 125 126 121 124 129 130 128 122 116 116 110 107 101 100 112 127 128 132 133 148 150 155 149 152 153 164 154 172 170 175 161 
190 187 195 188 196 184 195 191 200 193 203 197 194 170 178 196 192 191 192 186 176 187 194 198 186 173 175 177 172 172 180 189 185 179 173 167 165 188 182 187 188 186 187 195 196 191 187 194 178 176 184 180 179 173 167 154 119 110 95 98 100 103 118 110 115 123 123 110 121 127 128 122 118 120 117 111 105 104 106 101 105 103 106 116 113 112 133 134 141 144 143 134 141 138 155 162 162 162 174 156 
184 181 180 182 183 187 195 203 197 197 198 199 196 181 188 187 194 190 192 190 180 186 190 194 175 171 184 174 171 172 183 183 184 184 178 174 170 170 185 189 189 174 188 187 184 190 189 180 184 182 167 178 177 181 163 166 171 148 111 104 93 99 109 105 111 113 113 119 118 120 123 118 113 109 96 97 92 96 89 94 88 100 109 106 110 117 127 129 132 142 126 106 107 95 105 141 156 156 148 128 
186 177 192 187 191 198 202 196 198 197 203 197 191 203 191 193 193 195 189 190 188 189 193 192 184 194 188 179 184 181 188 188 187 184 182 167 177 162 176 182 193 183 195 189 192 190 183 190 180 179 179 183 179 170 164 179 163 155 109 86 85 91 94 84 92 101 101 108 101 99 99 95 97 81 85 78 79 81 83 82 90 101 103 113 116 125 122 126 132 138 118 105 98 94 102 121 149 145 120 91 
188 178 189 185 189 191 194 193 187 194 202 196 201 201 198 191 192 192 196 186 186 185 194 196 185 188 194 192 187 185 184 183 186 186 179 185 178 162 166 184 186 192 192 196 191 176 185 174 171 171 174 176 175 182 185 167 167 144 94 78 74 72 77 69 77 76 85 92 77 78 77 65 66 62 64 69 77 75 81 92 103 107 112 112 120 126 121 117 126 131 125 119 118 112 100 102 114 103 85 66 
185 191 175 185 191 187 191 180 173 195 193 204 192 198 199 194 193 195 190 191 187 191 194 189 191 190 201 187 195 178 179 182 186 183 192 185 184 184 173 169 189 184 198 185 178 192 181 182 184 171 165 165 178 181 175 177 168 143 101 86 73 72 62 67 58 69 67 69 73 76 74 68 70 67 69 78 75 82 95 102 106 105 108 114 120 121 115 119 125 122 109 112 111 87 80 73 75 75 69 57 
183 188 193 189 185 185 173 174 173 189 206 196 190 190 195 193 195 195 194 187 183 190 188 191 189 191 193 187 186 181 141 154 182 183 181 187 196 191 175 168 170 186 189 180 185 187 176 154 163 170 158 171 176 169 182 173 169 153 109 89 76 71 70 65 70 63 53 63 66 70 85 84 89 83 84 73 89 103 108 101 92 101 107 112 112 115 118 118 115 109 89 75 65 60 71 78 82 77 64 45 
180 185 187 185 184 174 171 183 190 201 195 198 165 179 192 193 196 199 200 196 189 194 193 193 193 196 194 185 188 177 166 169 180 177 179 183 188 188 165 172 185 179 185 185 172 162 171 152 147 164 175 168 167 178 182 177 177 167 131 108 87 91 82 74 67 62 56 44 47 68 81 74 79 65 76 89 102 104 105 103 92 97 105 109 109 108 109 108 96 77 70 70 81 78 81 77 72 69 55 49 
187 190 186 188 183 171 178 190 203 187 196 191 177 175 189 199 196 200 194 203 193 197 200 195 191 195 203 195 189 197 189 176 174 181 184 181 185 185 186 186 181 182 185 180 182 170 165 160 174 174 167 169 174 179 168 174 166 158 154 120 93 89 86 75 69 74 65 60 64 75 69 78 76 87 106 107 101 102 106 99 102 103 101 110 103 105 110 95 77 64 75 75 82 78 79 75 74 61 55 53 
191 190 181 183 182 179 172 180 186 190 194 192 196 184 172 192 194 193 196 198 198 194 199 192 188 193 203 197 190 200 192 189 177 178 177 186 186 186 180 166 183 179 172 183 175 165 153 176 179 163 168 174 171 168 159 152 154 165 150 153 124 114 94 82 87 82 77 76 78 77 86 98 102 109 102 114 104 96 106 106 97 105 101 101 108 112 106 98 79 72 74 75 74 72 77 65 67 59 58 44 
182 182 179 181 186 172 188 183 191 189 196 193 202 193 175 194 181 203 202 200 201 200 200 197 196 198 192 202 190 192 195 193 189 177 184 192 191 186 175 186 187 169 165 170 173 176 174 174 164 166 173 172 169 162 162 157 158 159 153 147 136 136 125 122 112 100 100 112 110 117 120 119 123 117 113 106 109 104 95 111 106 100 110 102 110 98 97 104 79 71 72 74 68 70 68 63 67 66 60 51 
175 172 171 180 189 191 189 189 196 202 194 189 187 195 183 182 189 199 205 206 200 199 193 202 198 191 200 196 189 188 194 190 195 184 181 190 191 184 183 180 176 174 170 169 170 182 180 166 164 164 172 171 160 154 154 148 151 148 153 150 137 139 140 134 131 130 128 126 123 126 130 126 121 109 116 109 101 103 99 96 99 109 111 101 101 97 97 102 89 75 70 71 68 64 67 60 62 64 62 55 
176 174 174 177 193 184 185 186 197 199 195 192 194 193 196 191 193 187 205 206 196 194 196 201 201 191 191 200 191 192 187 193 198 191 195 181 181 182 179 179 168 166 164 169 173 177 178 173 167 158 165 160 154 150 146 144 149 147 145 140 137 129 133 132 133 133 125 126 124 128 124 122 114 122 109 111 91 92 90 82 87 103 99 98 95 91 88 94 83 73 66 67 63 60 53 52 56 59 60 53 
170 168 173 195 184 190 185 183 194 190 183 195 197 192 198 202 202 201 202 197 198 198 192 198 199 191 193 197 192 195 188 189 199 201 185 184 185 169 165 174 172 170 170 156 163 170 173 165 169 154 153 157 155 148 142 147 149 148 135 129 133 137 143 127 132 132 128 131 124 124 121 115 117 116 110 108 97 90 87 80 78 81 89 84 88 90 84 81 79 84 66 53 57 56 51 47 47 54 58 56 
167 168 181 185 190 191 185 187 188 184 186 192 193 200 205 198 200 194 195 199 203 201 196 198 198 194 194 192 192 191 195 190 199 186 193 183 168 163 175 156 169 165 180 169 164 162 169 169 165 155 151 155 159 148 153 147 145 136 128 126 130 137 136 130 130 129 126 124 120 121 118 123 121 117 113 111 107 99 92 85 86 73 72 61 76 89 83 81 84 74 69 58 55 51 46 44 48 49 48 44 
159 183 181 187 184 175 186 188 187 186 185 186 198 194 198 209 201 190 194 183 205 199 201 196 194 187 190 188 191 197 200 200 185 190 184 176 168 169 179 166 169 174 172 170 165 157 150 170 170 163 151 156 156 147 148 149 151 144 130 136 136 128 130 119 112 128 125 116 119 121 121 119 114 115 110 106 100 105 104 98 81 80 70 79 86 79 89 89 76 82 84 66 56 48 37 41 38 44 41 38 
179 179 190 181 173 175 185 190 186 188 187 189 194 197 208 194 196 196 198 189 199 203 197 192 190 194 194 190 187 198 195 183 190 188 176 176 183 184 183 181 180 180 187 170 162 152 155 164 166 158 162 157 151 144 147 152 145 143 136 140 130 131 126 122 118 116 117 120 111 113 112 114 117 118 112 99 110 110 115 115 88 89 82 90 91 92 82 85 86 79 76 70 56 46 40 38 37 40 42 41 
179 179 177 176 173 171 180 183 187 182 184 181 185 192 198 198 202 201 188 189 188 196 200 196 194 199 201 199 195 182 186 192 188 189 180 184 166 171 185 179 180 190 185 179 173 160 152 158 162 162 157 157 154 149 145 145 141 141 139 137 131 126 132 129 120 116 119 112 117 114 114 117 112 114 107 105 111 114 113 109 91 96 102 104 89 88 85 80 87 74 72 71 57 46 44 38 40 36 38 35 
176 182 176 178 180 184 172 183 183 184 190 183 185 191 192 198 196 194 202 190 182 179 196 204 197 201 203 196 190 186 189 177 185 188 175 179 186 187 181 185 183 184 184 185 174 170 144 132 152 140 159 159 159 156 147 144 147 142 138 142 131 123 132 132 126 117 116 122 117 116 109 111 110 112 113 107 108 115 113 110 111 109 108 98 96 97 91 86 88 83 73 71 68 55 50 44 37 31 37 35 
172 173 178 180 186 182 176 186 188 192 187 194 186 194 190 194 202 201 198 194 185 174 193 201 196 198 194 190 191 184 176 180 175 186 182 183 188 184 182 185 179 187 187 181 183 167 153 133 149 141 148 160 161 154 155 157 154 148 143 141 133 133 135 138 132 126 126 120 114 106 112 110 108 107 108 113 106 109 109 108 114 111 107 114 108 104 94 101 90 93 74 64 63 64 54 43 37 32 37 33 
158 175 172 175 178 182 189 184 195 195 193 192 191 195 190 203 197 197 201 195 192 186 182 192 189 196 190 198 193 189 182 173 172 189 188 186 184 189 187 189 185 182 177 175 177 172 161 145 139 147 148 163 159 159 146 152 148 152 142 142 139 139 136 140 139 132 126 120 122 111 111 116 116 109 110 103 103 103 107 108 114 113 118 118 106 103 91 103 101 90 84 72 73 68 51 41 34 30 31 30 
168 177 175 177 184 186 187 191 199 195 191 188 188 189 189 199 201 202 198 190 194 179 178 182 197 197 199 195 196 184 188 180 170 188 181 183 191 184 190 196 189 187 182 180 174 180 162 162 145 147 148 148 162 151 162 154 154 145 143 135 124 131 137 134 129 126 127 126 121 122 114 115 111 115 110 104 104 107 108 102 114 112 111 115 114 95 96 98 104 104 93 92 81 79 62 47 34 32 37 30 
