139 108 94 94 126 155 138 122 103 97 98 115 106 91 103 109 117 114 119 119 120 106 85 95 105 113 129 127 137 128 102 106 110 109 109 122 102 83 90 82 78 95 104 104 88 82 88 86 76 66 76 93 95 99 125 133 114 92 79 76 99 99 103 88 67 78 74 91 89 90 72 71 73 78 71 65 75 84 103 110 156 159 193 208 150 124 100 124 86 96 95 95 101 71 76 53 73 84 102 101 
116 73 55 65 112 150 131 107 88 83 84 99 90 73 81 82 90 88 93 102 112 89 60 73 83 103 105 89 110 120 78 52 75 103 93 72 59 66 71 49 40 52 57 58 47 46 57 57 49 43 46 56 60 66 85 89 66 29 28 55 75 64 50 43 46 76 84 81 56 49 45 35 31 42 36 24 28 43 74 101 147 158 186 196 129 91 98 123 95 63 56 65 61 47 45 36 45 45 61 66 
120 72 56 67 104 137 118 94 89 83 81 96 90 78 85 86 102 98 88 99 137 131 96 98 97 99 95 81 85 96 83 76 100 116 99 71 61 64 53 43 60 64 57 55 46 46 59 53 43 49 49 46 45 51 68 92 94 53 49 71 68 56 55 82 88 91 96 93 72 57 49 46 35 34 30 28 38 49 75 86 131 153 176 179 171 163 98 108 126 84 77 75 40 44 49 57 53 35 42 43 
107 69 69 75 87 112 107 98 113 101 86 91 81 69 74 67 64 86 85 81 117 134 110 103 101 85 80 80 78 97 111 99 88 85 89 86 81 70 61 76 100 94 72 62 50 43 54 65 60 39 32 53 79 76 55 40 49 40 52 76 69 52 49 59 49 33 44 53 58 51 44 48 39 36 29 32 51 63 81 104 83 82 89 124 137 100 119 132 169 134 123 107 57 67 65 43 39 26 37 38 
135 90 86 81 76 94 96 91 103 90 74 80 74 64 70 62 65 85 96 82 90 112 113 115 111 103 90 80 75 102 109 72 65 77 82 71 81 87 68 60 68 65 48 50 51 51 67 72 59 45 39 54 73 76 69 46 43 42 46 69 87 63 43 49 57 55 64 48 44 36 36 46 49 52 42 46 75 93 105 112 87 94 74 77 140 146 114 119 141 120 116 102 70 70 48 53 48 35 55 63 
142 86 74 69 68 94 101 95 94 84 75 88 87 82 88 82 88 81 97 93 87 92 93 91 86 91 93 91 85 121 156 126 96 84 84 87 111 113 82 70 78 76 58 60 63 63 76 83 68 46 39 56 78 86 86 51 33 37 29 45 87 74 59 66 84 90 90 53 40 34 38 47 47 45 37 55 100 116 108 105 86 111 91 89 117 108 116 116 121 113 105 82 69 77 60 90 73 37 45 56 
132 86 87 87 82 97 107 111 90 78 84 100 98 86 86 94 96 123 128 105 110 93 93 92 92 103 100 95 97 97 143 124 105 92 71 72 90 92 79 63 59 72 61 41 46 66 75 76 59 51 63 58 64 79 84 77 50 33 26 36 67 79 98 84 92 105 82 52 41 39 37 37 40 48 57 67 81 86 73 60 69 110 81 120 100 117 101 86 111 100 127 90 66 80 71 66 118 58 52 52 
126 83 72 75 84 92 90 101 85 88 84 87 104 104 88 85 106 87 79 77 104 107 124 124 113 113 109 113 118 111 126 96 78 61 47 44 45 42 48 56 63 73 63 45 47 59 64 66 68 71 82 87 83 80 78 73 81 63 42 34 43 101 108 94 106 101 68 41 36 37 40 38 36 38 41 47 61 68 58 44 75 117 110 106 135 159 128 102 105 88 106 85 70 65 82 67 112 92 75 47 
155 113 82 69 83 88 85 110 91 93 86 95 111 102 98 117 111 60 85 115 123 118 123 96 99 113 131 142 123 90 60 20 20 31 31 27 32 41 45 46 51 57 51 43 47 57 63 58 66 71 62 65 60 71 92 83 84 99 75 35 43 82 93 99 108 92 60 47 47 43 43 39 36 36 38 43 55 63 58 72 83 120 152 134 115 118 121 90 77 78 103 103 107 65 56 64 75 87 86 49 
152 124 98 75 80 91 91 112 110 107 93 89 106 117 116 119 120 107 97 83 106 117 120 95 86 97 108 98 60 52 46 31 25 28 34 38 42 49 52 57 63 59 54 50 50 53 56 53 67 74 60 59 58 68 87 86 76 78 59 46 65 65 72 101 109 82 48 45 50 44 45 41 35 36 40 41 46 50 45 67 65 59 150 138 124 77 110 78 65 81 99 61 75 66 44 68 48 50 82 61 
128 107 98 76 76 103 105 102 103 100 89 79 94 128 120 88 115 130 106 75 102 96 98 104 107 114 118 92 38 47 53 59 50 32 35 43 41 43 55 72 82 73 68 66 59 50 45 37 46 73 78 68 65 67 74 67 70 75 66 50 35 48 76 99 100 66 32 36 42 33 38 40 36 36 38 36 36 37 34 56 43 55 101 120 104 83 75 110 120 62 67 85 78 48 56 50 52 36 82 82 
133 104 96 73 72 115 125 104 97 88 103 115 112 131 131 101 90 94 112 100 91 87 95 81 89 95 106 85 27 35 35 38 32 27 30 32 40 58 67 70 74 69 73 77 70 56 46 40 38 58 69 61 68 69 70 72 70 79 82 57 35 44 56 67 69 47 27 38 43 30 29 41 39 40 50 43 39 44 43 55 63 88 115 81 88 123 137 148 123 83 126 95 64 63 38 39 79 44 71 66 
135 106 89 80 78 107 136 132 103 100 100 119 110 132 123 110 102 93 108 105 89 101 101 87 120 105 108 83 22 29 45 44 37 30 27 34 46 53 54 56 64 71 77 80 77 68 54 47 35 41 65 80 80 70 89 97 86 85 87 80 61 49 51 45 38 36 37 41 48 51 42 41 37 51 105 64 39 49 48 60 63 51 84 134 171 204 194 189 197 157 146 130 95 48 49 74 98 55 83 81 
145 105 86 79 66 80 116 134 135 136 112 111 110 134 123 115 110 102 115 133 129 110 101 99 94 102 108 87 35 31 30 31 33 29 28 32 39 45 47 45 43 52 60 70 74 67 52 45 38 49 68 70 72 83 105 100 80 63 54 52 53 52 49 40 34 35 37 39 46 53 52 51 53 86 109 67 63 54 62 64 85 75 70 93 121 151 159 155 152 214 215 190 112 79 79 95 90 52 107 115 
137 89 79 90 76 72 98 119 118 123 98 104 109 121 110 122 112 115 127 132 120 105 97 90 86 106 102 80 41 33 24 26 27 28 29 30 32 35 39 38 34 37 42 52 60 58 46 41 36 43 57 60 65 73 68 55 49 41 36 43 55 55 41 33 30 31 30 24 25 34 39 41 60 85 86 79 90 86 83 72 70 54 61 92 88 71 83 117 111 203 213 162 109 76 82 83 67 43 95 95 
156 101 82 92 86 88 107 121 146 132 101 109 106 119 128 157 128 110 127 136 111 97 103 101 98 105 90 69 37 34 29 29 22 24 26 28 30 32 35 35 31 28 29 36 47 52 47 41 37 43 52 58 56 58 55 48 50 48 44 47 56 56 45 37 33 35 35 28 27 35 43 34 49 43 36 57 60 69 46 42 83 107 104 130 143 96 54 92 146 202 181 103 118 82 79 60 53 44 69 51 
164 114 83 75 75 96 120 123 147 137 118 125 117 136 137 141 127 100 109 128 113 90 88 96 101 93 81 69 36 31 23 20 17 19 23 27 31 34 35 33 28 26 25 28 36 43 42 35 30 32 35 53 46 40 56 60 56 47 38 35 38 40 38 33 29 31 35 32 31 40 49 55 55 47 31 48 40 49 35 31 63 100 94 100 118 91 64 65 109 126 110 80 88 84 112 54 39 34 43 10 
151 119 97 76 76 117 143 136 140 139 128 120 116 147 138 106 102 98 84 90 103 83 54 43 31 23 35 46 28 29 25 19 16 19 24 29 35 39 40 37 33 34 30 28 29 31 29 31 32 23 28 62 64 47 56 65 61 48 41 38 37 37 38 35 31 32 37 36 37 43 48 55 38 46 34 39 32 40 45 30 34 61 52 57 87 95 123 93 70 78 90 81 46 68 31 45 25 34 45 26 
137 118 109 73 69 120 142 135 133 143 147 118 134 144 147 116 101 92 83 93 106 89 63 51 39 30 33 38 34 28 27 28 33 34 35 39 48 55 55 48 44 48 45 40 40 40 36 32 33 33 27 36 68 88 78 65 60 56 52 46 37 34 36 32 29 31 32 31 36 42 37 34 41 34 60 69 47 56 46 36 76 112 81 66 64 58 130 141 73 50 93 100 66 64 48 49 24 47 31 44 
148 124 113 80 69 103 124 130 154 161 148 110 123 125 141 136 100 94 99 108 106 93 74 55 32 18 20 29 33 32 28 26 31 35 44 60 75 80 71 59 52 50 51 51 48 42 38 32 44 51 37 35 46 68 57 41 44 50 56 56 49 41 38 33 29 31 33 32 33 35 29 42 46 24 42 62 41 46 59 52 68 92 87 68 50 39 53 75 30 101 73 95 96 80 63 72 24 24 21 53 
150 116 97 75 73 96 112 128 149 151 136 105 116 101 111 121 106 99 108 106 89 83 76 56 33 21 20 25 29 31 28 24 25 27 27 28 32 42 52 59 55 40 34 36 36 35 39 49 57 55 43 31 47 70 69 56 49 45 44 41 35 30 31 35 30 24 28 35 41 39 25 37 52 35 35 52 47 53 77 78 49 31 46 43 46 63 38 40 75 129 133 127 95 123 92 67 48 33 6 32 
158 120 97 81 90 111 114 127 144 138 134 115 124 105 105 105 111 102 98 87 73 73 73 62 51 42 40 39 36 35 31 35 49 38 30 29 33 39 45 49 45 35 31 34 35 34 36 49 56 71 70 44 70 82 60 51 48 43 41 39 34 29 28 30 29 31 33 27 24 29 33 50 61 41 24 36 49 47 46 57 38 38 59 57 58 72 64 87 69 56 120 125 95 98 102 74 54 33 31 76 
151 126 111 98 112 127 119 127 154 132 130 108 108 107 124 112 107 100 82 70 73 77 79 79 76 64 59 55 52 48 38 35 44 30 22 25 30 29 27 30 36 36 35 35 38 41 41 45 46 82 130 115 82 52 50 50 38 36 38 40 37 32 29 27 27 32 33 24 20 35 53 59 54 45 37 40 50 42 29 44 48 77 89 85 69 45 63 94 92 119 122 123 118 93 76 70 53 30 50 106 
133 124 120 115 124 146 122 122 125 118 130 113 106 110 121 102 101 91 72 69 81 87 89 98 104 93 87 85 84 78 62 44 32 30 32 33 28 26 30 34 36 37 32 29 33 43 51 53 50 64 91 98 87 70 48 40 37 32 29 28 30 33 33 34 29 27 30 33 40 51 57 44 45 47 67 62 57 49 45 40 42 64 83 111 96 63 88 96 88 104 119 149 114 100 65 58 78 63 53 78 
136 131 141 135 131 145 116 115 106 114 107 97 100 109 117 120 101 81 80 89 87 89 96 99 97 99 100 99 96 88 76 59 38 29 27 27 24 28 37 41 41 41 41 38 36 43 59 54 46 62 77 85 82 69 55 46 41 38 30 24 30 40 38 32 29 33 38 38 36 32 23 32 83 54 70 55 48 39 43 41 48 47 78 110 67 79 84 106 107 78 101 103 116 126 68 70 74 67 62 70 
148 122 151 140 158 119 107 103 106 94 83 81 87 96 110 121 107 94 95 98 91 87 92 96 101 109 115 113 108 98 87 73 51 36 33 37 44 57 71 75 72 70 65 54 48 55 72 83 79 70 58 47 56 69 59 44 40 37 31 24 25 32 29 29 26 27 40 54 56 48 39 42 68 67 79 51 62 58 53 44 49 62 81 90 58 88 93 90 118 119 107 67 124 91 69 91 75 63 77 98 
145 124 142 169 167 120 107 123 132 120 101 85 87 108 120 116 109 108 107 103 94 86 86 90 94 105 111 108 104 100 96 88 70 61 65 76 83 89 94 98 101 95 86 77 73 76 82 88 82 70 67 59 53 52 35 30 35 35 33 26 25 29 28 23 29 35 41 57 69 59 39 45 73 95 81 45 56 42 51 48 47 69 81 84 73 109 109 126 75 166 130 124 95 108 137 79 75 74 77 83 
150 121 91 154 148 132 95 98 131 133 117 90 91 126 135 111 107 113 110 103 96 89 85 88 94 101 102 99 97 100 103 99 82 73 75 82 84 86 88 90 90 85 80 80 83 82 77 67 59 63 78 77 56 41 38 35 32 33 34 29 27 32 34 25 35 41 31 36 47 36 13 24 50 95 88 47 46 42 48 64 72 101 99 90 72 92 95 82 57 138 140 116 61 159 107 91 94 85 78 87 
151 137 110 138 134 109 103 97 100 105 105 89 88 119 127 103 107 117 110 102 102 97 90 92 99 102 99 95 94 98 102 101 95 88 89 91 88 87 91 92 89 85 80 79 82 81 73 57 54 69 88 110 104 66 38 32 32 32 33 29 27 32 37 38 44 38 26 26 26 20 23 35 42 83 85 43 27 43 41 47 57 91 102 123 107 95 93 102 112 161 98 111 99 155 136 128 105 78 77 94 
164 142 128 127 142 109 114 98 99 89 105 112 107 119 122 110 109 116 113 108 107 104 96 95 101 102 98 92 90 93 96 95 92 93 99 100 94 90 88 86 87 85 78 71 69 66 62 60 63 64 72 108 146 132 76 41 34 34 34 31 29 31 36 33 30 24 20 22 19 22 44 45 40 53 53 39 29 52 63 61 49 57 54 91 110 111 110 119 131 120 134 114 116 131 131 149 121 81 82 110 
174 154 134 128 125 117 111 108 97 74 97 109 111 125 120 107 109 110 116 115 110 109 103 97 102 102 99 95 92 93 94 91 89 96 97 93 87 82 74 66 65 72 68 63 62 67 74 74 68 75 84 96 139 161 101 48 49 60 60 53 41 30 29 24 23 29 30 29 32 43 57 50 44 45 53 54 49 49 57 54 32 33 52 94 91 90 136 115 102 74 82 104 99 116 148 157 115 76 70 77 
168 157 144 139 138 129 107 88 83 70 77 72 90 132 125 99 112 107 108 111 115 120 114 103 105 106 108 112 112 106 96 90 92 92 88 79 72 65 60 55 59 65 58 49 56 77 96 95 80 82 84 82 121 160 116 54 45 51 48 39 27 20 23 25 22 24 29 28 24 34 55 59 52 48 47 44 37 33 35 36 44 41 55 107 115 81 110 143 133 89 98 106 122 137 158 173 127 111 105 72 
186 163 145 142 136 122 114 113 88 76 78 71 90 127 120 101 117 106 103 107 115 122 115 103 105 104 107 110 107 98 91 86 83 81 76 69 63 58 55 57 56 47 44 56 87 121 134 112 84 85 83 73 101 138 104 54 41 35 31 35 37 34 31 33 30 28 35 34 26 32 54 65 56 42 37 41 42 39 34 32 50 62 71 65 73 64 98 44 64 94 89 102 98 126 110 130 136 120 114 126 
152 139 142 157 148 120 105 110 104 91 97 96 107 124 114 109 119 110 105 106 111 116 111 99 91 83 77 72 64 56 56 60 62 62 62 61 56 52 51 53 46 37 55 92 127 142 130 97 75 77 74 69 89 111 89 49 38 39 38 38 37 33 34 34 27 25 29 29 21 23 37 34 26 23 31 46 52 43 31 28 39 35 70 72 67 29 77 38 55 71 124 86 89 101 123 133 134 114 99 103 
136 141 146 145 143 135 116 102 111 106 113 110 123 139 122 112 118 115 115 112 109 113 112 98 68 49 35 31 29 28 33 42 49 51 57 60 55 48 45 50 52 58 96 129 130 117 96 83 81 73 61 64 80 86 78 87 99 93 82 73 61 49 45 43 39 36 36 35 32 29 29 37 40 39 39 42 45 43 40 25 43 36 69 82 133 81 52 92 49 67 79 96 51 106 119 127 117 107 88 68 
175 175 160 140 133 131 115 96 109 118 122 107 125 150 134 119 116 117 115 111 112 115 113 98 55 28 16 21 25 28 33 39 48 52 61 67 59 46 41 41 46 74 112 129 122 113 107 102 96 79 57 58 73 79 79 92 105 105 107 111 110 100 89 78 67 53 40 32 32 31 28 31 38 41 39 39 41 39 31 37 30 29 64 63 104 100 87 46 57 55 125 135 115 111 114 103 93 96 81 56 
178 178 173 161 144 126 108 100 132 124 123 105 118 153 147 127 117 114 109 106 109 110 99 82 55 22 12 18 20 25 31 35 42 47 55 63 58 43 41 42 56 99 120 118 118 122 121 114 98 72 55 59 72 82 86 92 96 98 101 107 114 121 126 134 141 137 113 77 46 33 34 32 39 43 37 33 40 45 39 36 35 41 47 44 45 54 60 60 95 67 96 150 135 121 101 108 83 80 78 60 
163 180 195 184 155 134 119 107 134 107 113 108 115 154 161 142 123 111 111 110 106 106 90 62 47 23 13 17 23 28 33 38 47 50 54 55 46 32 33 56 90 110 116 114 120 125 119 107 82 49 44 57 64 70 88 93 88 88 91 99 111 123 131 136 143 153 153 138 110 82 64 47 50 52 41 32 36 46 50 42 37 50 64 53 32 34 51 53 73 56 69 120 101 94 186 204 186 118 107 109 
158 163 171 160 137 132 133 125 127 113 105 87 95 125 143 158 138 121 118 115 112 115 102 70 44 27 16 21 31 36 35 31 31 39 46 47 39 34 50 83 104 88 89 104 115 112 105 99 82 58 47 46 50 59 77 90 92 89 90 95 105 116 125 131 139 148 153 144 122 101 89 81 81 80 74 71 74 73 66 66 55 55 62 49 33 48 78 67 62 74 59 57 67 72 135 163 169 94 92 116 
164 148 152 153 138 136 142 132 104 110 96 80 103 118 116 143 150 143 135 126 122 119 105 81 53 38 16 10 15 21 22 22 23 26 28 30 30 40 70 85 64 46 56 77 80 79 94 108 109 97 76 57 54 60 63 77 90 92 94 96 101 111 120 136 136 133 149 168 162 127 90 79 88 100 102 97 94 94 94 102 95 91 88 74 64 68 77 113 57 72 94 83 86 84 102 94 116 74 70 86 
180 146 152 166 146 129 127 117 101 122 132 111 106 106 89 99 148 169 163 153 149 126 102 95 86 88 66 37 19 9 8 13 16 19 29 46 58 65 80 87 76 71 73 78 80 87 101 119 128 121 109 98 89 77 62 68 84 94 99 96 93 99 109 115 119 130 149 160 151 135 125 97 89 90 86 81 77 76 75 73 73 68 62 74 104 118 105 94 97 103 95 93 100 88 71 69 90 101 89 84 
157 127 141 162 134 120 122 92 92 108 125 101 87 109 115 116 129 165 176 169 162 144 123 114 109 112 104 91 77 60 47 43 49 70 89 101 109 111 109 105 105 109 105 105 103 97 92 90 100 108 117 120 95 72 63 68 85 100 103 95 87 87 95 100 105 115 131 144 150 151 153 140 121 94 74 73 78 75 68 71 64 63 60 60 90 131 141 130 122 116 127 150 158 149 136 109 144 159 160 148 
153 120 121 141 119 118 133 97 87 102 124 103 92 118 126 123 114 136 159 169 165 154 142 133 114 93 79 81 92 100 104 104 106 117 118 110 106 109 111 110 105 98 94 92 81 73 80 98 118 138 156 151 106 59 56 81 101 105 98 90 86 85 87 91 100 114 124 130 134 140 146 151 148 125 93 76 74 78 85 83 79 70 66 66 65 76 99 102 112 147 185 191 183 197 220 178 185 189 202 218 
152 124 121 149 137 111 110 93 82 93 109 97 99 122 126 127 128 117 131 162 172 158 151 152 138 119 102 94 92 91 92 95 99 99 98 97 96 95 92 85 67 75 131 161 170 167 172 185 179 182 184 169 143 98 86 101 106 100 88 86 92 95 94 100 104 105 108 111 116 121 126 131 140 151 149 121 97 124 188 171 167 169 173 173 155 133 128 135 147 185 210 203 204 207 197 215 177 98 161 113 
141 124 128 161 143 100 97 96 104 102 103 88 94 114 114 121 134 116 115 139 160 162 158 157 162 152 139 120 97 78 69 67 69 75 74 74 83 90 81 61 46 92 172 190 186 177 170 184 182 163 141 121 119 131 127 92 82 96 96 95 99 103 104 104 103 101 102 106 110 114 115 124 129 135 143 138 127 148 199 227 228 233 230 200 176 168 158 167 161 155 158 145 110 98 121 175 151 82 135 88 
140 123 138 170 138 96 106 110 105 108 109 87 83 93 99 118 115 105 99 109 135 152 151 147 159 161 160 145 116 83 59 51 55 65 65 65 77 87 82 71 80 136 188 180 171 174 179 171 156 138 110 97 114 162 171 102 81 109 114 108 105 104 103 102 100 101 104 107 111 113 114 123 125 119 122 135 139 128 121 184 200 170 143 149 149 145 163 133 148 128 99 109 105 90 104 120 140 99 113 80 
151 128 152 184 135 96 107 88 85 88 94 88 99 104 97 111 111 107 107 116 130 140 140 139 140 148 163 175 167 140 108 94 94 83 81 84 82 84 100 125 154 173 179 177 172 170 170 167 157 133 110 126 155 142 110 101 117 128 120 112 113 111 102 102 103 103 104 105 108 113 117 117 123 126 127 134 138 129 118 99 95 74 63 88 108 112 129 139 124 99 96 115 114 99 100 112 162 130 134 125 
146 118 153 158 109 96 92 76 75 86 90 85 110 130 118 120 126 114 105 125 143 142 148 150 137 135 144 162 174 171 164 156 134 102 86 91 98 116 151 176 179 180 179 180 172 164 170 179 165 132 123 154 147 80 52 95 128 126 116 115 118 113 109 106 109 111 107 107 112 116 119 115 122 125 121 124 133 132 122 110 90 86 112 131 121 116 129 109 82 117 120 73 57 52 55 101 144 153 141 163 
151 115 135 150 131 113 94 83 79 78 85 89 102 106 101 121 115 115 105 124 142 148 161 164 156 146 141 148 156 158 156 156 155 139 131 143 163 179 186 184 178 179 181 185 185 180 179 173 153 150 175 165 90 41 82 125 134 130 123 126 128 123 124 125 127 121 110 109 114 117 122 120 121 123 123 122 121 115 108 112 95 90 113 121 102 105 141 142 92 84 91 116 106 38 33 74 111 128 135 150 
156 136 127 146 132 112 105 69 95 88 91 88 88 79 79 111 116 117 119 137 136 133 148 157 165 165 157 151 157 167 168 165 174 183 186 188 195 198 190 182 185 189 192 190 185 178 172 165 173 180 136 74 51 77 119 146 154 151 148 152 155 151 150 149 139 122 111 114 119 126 139 150 156 160 160 158 153 143 132 116 100 91 93 95 93 102 118 130 120 92 61 99 125 87 95 89 102 102 100 111 
158 145 140 151 118 114 130 70 92 96 98 83 82 75 64 82 101 99 103 116 110 110 120 108 116 148 166 161 161 173 181 181 185 193 198 195 187 186 191 194 190 194 202 197 180 175 184 198 186 121 57 54 94 130 156 166 166 166 171 176 178 174 167 161 149 133 129 138 144 151 165 183 192 194 193 189 182 170 158 138 119 104 103 114 129 122 95 99 94 105 99 96 107 102 98 105 107 99 89 89 
162 116 124 156 132 117 123 93 92 93 106 114 123 108 76 76 79 95 96 87 94 131 131 79 83 132 167 169 165 173 184 190 189 186 192 201 203 201 203 206 199 197 205 201 189 193 206 183 109 58 81 123 143 159 168 169 168 169 178 184 185 181 170 159 153 147 144 149 150 150 154 174 181 179 173 166 159 147 136 139 126 112 106 118 147 145 107 101 87 80 93 102 96 100 121 134 140 143 140 132 
162 144 160 163 149 115 83 102 90 102 106 105 139 157 119 91 86 81 82 82 82 112 115 74 97 127 151 160 164 172 180 183 187 195 200 202 207 212 211 207 202 204 206 201 199 193 157 107 78 93 136 159 164 173 172 174 173 171 178 182 185 186 176 163 166 167 161 158 156 149 144 145 148 148 147 149 152 152 148 142 121 104 105 130 173 178 133 103 110 111 113 114 128 157 167 178 180 190 198 195 
173 168 167 149 144 123 89 102 81 97 98 91 120 153 135 101 109 93 100 124 128 117 108 102 121 142 147 145 169 169 174 184 189 202 204 206 213 214 211 207 200 205 210 203 180 146 107 94 119 153 175 186 186 180 182 185 180 177 179 182 183 186 186 182 184 187 187 185 179 167 155 152 155 155 155 161 170 171 163 147 121 111 111 172 199 196 158 153 141 146 152 140 160 197 197 214 212 196 185 188 
156 160 170 161 151 127 91 91 77 83 91 91 89 102 118 122 128 124 133 158 160 126 112 126 122 153 146 133 131 132 175 186 195 206 210 211 211 207 203 197 192 198 195 170 132 111 118 149 184 200 198 197 200 194 193 193 189 185 183 184 183 186 189 194 196 197 198 197 190 180 170 171 175 176 178 181 180 167 148 129 90 128 162 205 212 212 191 187 192 184 172 182 196 182 158 143 134 140 145 137 
163 152 155 153 153 137 95 84 85 64 65 86 95 94 94 98 117 119 111 117 125 104 104 134 139 133 140 136 142 154 173 164 171 183 202 210 209 210 202 194 193 178 157 132 118 133 172 201 212 214 206 205 208 202 196 197 196 192 192 193 193 194 198 199 199 199 198 195 192 188 186 184 183 182 180 176 166 151 138 125 126 166 191 214 219 218 207 191 195 173 156 150 114 89 114 112 103 130 157 144 
171 146 144 144 151 146 109 93 84 66 57 59 62 72 85 94 118 128 103 88 108 118 125 148 158 129 153 124 131 142 130 127 121 118 134 149 162 177 173 150 131 124 127 141 157 174 192 198 201 205 205 207 209 204 199 200 201 201 204 205 202 200 200 198 196 197 196 194 193 195 196 185 181 179 172 156 137 128 129 147 200 207 211 201 171 176 166 147 150 144 130 129 126 112 97 123 123 135 154 158 
145 147 176 175 155 137 114 110 105 89 74 67 73 89 93 88 112 128 118 101 113 132 131 125 134 144 163 159 166 139 117 120 137 121 109 108 122 145 160 159 155 162 175 188 194 195 196 199 202 204 205 205 205 207 208 207 206 205 207 205 200 194 193 196 197 196 196 197 197 196 194 193 179 157 137 122 123 151 190 191 190 172 191 129 85 117 142 145 107 103 123 120 125 138 128 136 141 137 136 140 
167 147 160 158 148 142 118 105 95 84 81 85 87 94 99 99 101 86 87 98 112 123 110 85 103 151 149 149 150 101 98 114 135 143 131 116 115 127 153 174 177 180 183 186 187 189 192 198 199 198 202 205 205 205 202 200 198 194 194 195 194 194 197 199 198 195 194 195 192 185 178 163 145 128 115 95 73 67 78 101 86 95 129 113 121 91 119 155 97 69 91 104 110 116 108 135 138 149 143 120 
146 144 144 149 141 132 123 101 82 85 85 84 83 82 89 101 102 85 102 95 111 122 121 129 163 150 138 143 128 98 102 104 108 130 144 142 134 130 138 151 160 168 173 176 181 184 186 187 187 186 186 185 184 182 180 179 182 186 190 196 201 200 193 191 186 184 179 164 161 162 146 133 124 117 79 47 55 59 63 78 65 97 108 66 97 137 132 151 100 90 98 87 88 87 80 112 150 161 158 161 
162 142 125 144 148 135 133 116 101 90 87 95 91 71 70 88 93 109 103 95 107 87 96 100 120 142 131 122 132 117 89 92 105 88 97 127 141 136 134 139 148 160 167 167 164 159 152 151 154 158 159 161 163 169 175 183 194 200 193 178 172 175 180 176 175 165 150 146 134 123 139 177 111 56 44 42 64 87 101 112 79 75 111 127 117 116 123 164 141 104 126 115 63 85 119 122 126 135 155 159 
158 137 111 124 133 128 120 93 93 78 74 85 81 59 59 81 93 127 101 81 110 115 135 125 128 130 125 123 126 120 105 102 106 91 82 92 113 132 140 140 140 148 151 149 145 142 139 141 147 152 158 160 166 175 186 194 195 183 161 145 144 153 158 157 150 143 135 117 107 133 179 175 69 24 57 59 56 78 87 97 77 87 110 94 72 68 58 79 151 136 115 101 74 110 141 139 106 127 161 151 
162 130 98 111 117 114 124 115 89 84 78 79 79 75 80 93 88 110 119 89 105 120 129 133 151 120 121 131 119 106 109 109 102 110 98 80 83 106 126 134 136 140 143 142 141 141 143 143 144 151 158 163 167 175 183 184 177 164 151 149 157 160 153 146 133 126 117 98 109 157 195 154 95 101 125 77 45 73 77 83 77 67 88 109 80 76 144 143 160 134 110 124 114 103 131 150 114 143 158 137 
180 141 123 153 140 95 94 102 91 90 83 79 81 81 85 98 110 102 118 107 127 124 133 154 127 136 132 140 145 120 106 112 95 87 91 99 94 89 100 117 128 137 148 155 154 151 152 154 156 164 172 178 180 180 178 157 150 167 173 170 164 154 142 133 129 111 98 116 136 139 149 114 82 58 49 44 66 110 102 106 110 102 99 114 119 117 128 145 137 137 125 129 155 151 134 153 144 181 152 108 
180 169 148 147 137 125 128 112 88 78 76 86 86 71 74 95 108 99 106 107 119 135 156 129 131 132 137 140 131 115 108 107 93 78 77 93 106 110 115 119 120 128 141 153 159 164 173 177 178 183 189 193 189 177 164 157 163 175 175 164 153 142 131 123 107 101 113 126 127 130 144 103 96 75 54 48 54 95 125 115 111 86 60 79 121 137 131 131 151 121 123 143 129 123 109 120 116 157 134 115 
145 156 133 129 142 138 127 107 81 67 85 105 95 89 98 103 115 125 100 103 129 149 117 101 151 145 135 144 133 118 121 109 89 78 76 80 83 93 110 126 137 142 148 152 153 158 169 176 178 180 182 182 179 176 174 175 174 168 163 157 150 137 123 105 101 114 118 114 126 149 118 88 76 70 44 53 86 84 100 93 92 69 65 81 79 89 113 109 109 117 110 149 128 121 124 125 117 113 128 122 
139 139 147 137 111 122 133 103 86 92 101 105 93 76 79 96 102 121 130 156 145 121 91 101 121 145 135 139 138 119 119 115 86 71 69 75 75 78 84 90 97 108 123 132 136 140 148 151 150 155 160 162 163 164 165 160 156 153 147 136 123 113 106 108 117 125 134 132 157 150 82 72 69 83 58 50 73 57 88 74 69 59 69 81 85 100 104 84 92 101 111 100 126 129 132 124 129 128 141 106 
155 169 214 183 109 115 139 112 121 114 101 100 105 97 94 106 117 130 144 168 138 102 84 100 92 147 138 112 113 114 108 101 89 71 66 72 72 71 69 68 73 80 92 101 107 114 124 128 128 133 138 141 142 141 141 139 139 139 132 119 109 107 109 122 127 153 150 177 193 105 69 67 67 78 64 60 70 62 79 103 98 82 83 81 86 105 94 74 54 75 104 124 118 137 130 142 141 136 143 101 
178 186 206 152 97 117 133 131 124 109 110 110 104 114 124 119 114 145 153 153 125 116 101 101 103 138 144 112 101 119 121 106 88 76 70 69 66 65 64 63 65 68 73 79 83 88 97 99 98 104 111 116 119 121 123 122 120 118 113 111 115 124 135 144 154 173 189 203 159 55 73 68 93 94 79 64 62 99 109 85 83 87 92 77 67 78 65 105 111 69 116 101 115 103 115 126 122 122 136 96 
157 146 159 127 127 154 131 122 99 84 92 99 98 115 120 109 138 153 137 115 92 112 111 108 97 91 110 103 90 93 94 95 87 80 77 72 65 63 63 59 55 56 61 66 69 73 79 81 82 86 89 92 94 98 100 106 108 108 111 119 132 148 160 173 182 188 201 164 75 61 73 94 104 74 62 73 89 119 107 99 91 91 120 110 60 47 59 81 134 112 125 102 125 129 106 89 109 145 175 121 
144 127 164 150 146 167 133 119 86 88 80 76 88 105 113 124 155 125 93 97 89 99 89 88 84 92 101 95 110 116 93 90 93 88 88 84 77 70 63 57 55 55 58 62 65 67 71 75 76 79 81 84 88 94 99 107 116 125 134 144 155 169 181 187 190 201 168 86 60 75 75 100 84 81 74 66 65 48 53 71 104 106 94 83 73 89 110 86 124 103 138 90 128 133 83 49 75 127 170 119 
168 149 156 134 133 130 144 131 85 68 69 99 113 102 151 174 116 115 101 99 106 101 86 83 88 101 109 96 103 116 97 82 87 93 98 99 91 80 70 65 63 60 60 62 64 67 73 75 77 81 86 92 98 105 112 116 126 136 143 153 164 175 188 181 198 192 124 74 79 85 72 71 91 77 59 63 48 41 71 80 100 185 104 93 95 122 115 142 114 98 107 132 126 114 87 90 75 145 128 100 
172 145 133 105 122 135 155 129 86 85 97 94 125 130 144 110 96 91 115 127 113 110 103 87 97 117 118 90 98 124 119 103 99 102 107 109 106 98 90 79 69 70 74 77 76 75 78 81 86 94 105 115 122 125 126 131 141 147 156 170 187 196 202 210 184 115 58 60 85 91 85 89 77 58 64 60 37 40 52 62 97 176 147 97 69 90 127 129 141 140 113 135 131 136 141 129 103 146 93 122 
186 141 123 94 94 91 127 131 87 88 93 99 147 135 110 101 104 116 120 111 100 100 106 108 109 111 115 108 115 124 122 124 120 120 123 127 129 124 114 108 100 88 82 87 96 102 106 102 100 107 117 129 138 142 142 144 152 164 177 189 202 210 209 176 120 65 54 83 98 87 82 70 37 25 55 65 61 76 73 109 93 79 78 80 77 87 104 94 128 150 124 139 135 140 143 127 127 135 126 112 
168 116 111 111 117 90 97 95 91 92 83 132 145 81 109 85 83 124 137 110 92 101 105 102 111 98 98 107 129 132 120 126 132 133 136 142 144 139 131 129 130 119 109 103 103 112 125 130 128 130 136 144 154 162 169 178 185 193 205 212 214 201 171 121 89 76 79 91 93 89 92 58 46 46 51 49 45 60 61 102 71 52 32 53 44 92 146 135 124 139 121 106 92 123 131 130 80 115 159 170 
131 135 144 116 135 161 177 140 111 92 147 130 111 111 103 87 81 99 130 114 83 106 120 97 104 109 105 107 144 162 147 139 135 136 139 143 147 148 146 143 142 143 142 134 124 124 133 147 159 165 171 175 179 187 193 200 203 210 218 211 194 160 108 88 90 92 91 90 92 90 78 64 59 39 34 45 50 53 43 70 46 41 26 65 93 97 109 105 88 110 102 79 59 99 117 109 88 86 144 100 
141 134 138 109 129 149 159 119 95 139 116 86 101 92 109 88 102 101 113 112 98 99 102 94 95 111 123 131 152 155 143 148 142 143 144 146 151 160 168 171 164 151 149 162 173 170 160 161 174 189 201 204 202 201 203 207 208 205 182 136 109 108 101 82 78 84 84 82 84 80 62 54 48 44 56 55 50 73 91 83 62 61 65 60 97 51 78 69 57 59 41 49 49 89 115 85 105 100 129 92 
157 131 126 164 150 119 122 96 98 87 90 97 101 117 124 106 99 105 116 130 132 111 88 81 82 83 128 135 139 149 146 157 156 154 150 148 150 157 172 187 194 193 181 170 174 191 207 206 205 208 207 204 200 204 199 179 159 120 63 65 115 119 105 70 46 68 87 95 91 92 66 47 56 56 55 67 58 46 70 95 123 146 131 95 77 71 97 86 51 56 54 47 54 87 162 198 152 156 110 93 
136 113 133 169 136 93 108 125 110 91 91 107 127 146 145 126 112 111 111 120 124 110 92 86 84 89 145 145 133 156 160 156 158 158 155 154 154 157 168 181 190 198 201 202 208 211 208 203 207 207 202 201 196 173 119 69 38 24 45 77 106 137 122 69 37 51 64 66 56 64 61 51 65 62 52 66 71 62 69 144 147 92 71 72 57 72 85 108 79 67 83 106 87 54 91 125 130 116 127 99 
180 111 109 117 111 115 128 161 119 105 95 102 121 133 127 114 112 106 101 108 118 111 95 88 94 122 151 143 148 163 162 165 163 165 165 167 167 167 174 185 192 197 201 209 217 220 215 214 208 194 209 203 128 58 39 39 47 60 91 97 69 81 116 108 87 90 78 63 48 56 51 46 66 69 52 45 42 47 73 159 185 128 71 73 87 94 81 119 114 93 79 88 81 61 73 76 65 96 130 72 
144 154 116 140 144 132 155 112 102 99 77 74 107 127 113 94 85 109 128 137 135 119 105 102 114 148 157 149 161 172 168 165 162 165 167 171 176 177 184 194 199 198 197 200 209 218 225 222 222 226 209 145 60 35 67 72 45 48 87 129 129 85 78 90 69 58 57 63 53 62 75 76 67 54 60 75 70 64 82 156 193 204 136 102 107 99 164 146 118 100 98 105 130 149 125 117 89 163 147 144 
126 162 158 146 135 136 140 109 117 137 107 75 98 119 107 95 100 104 100 102 112 114 109 107 118 149 169 168 165 175 175 161 160 161 161 167 174 179 187 197 201 202 206 209 214 219 224 225 207 169 139 108 65 55 74 90 62 49 81 105 112 92 66 72 59 55 70 84 55 36 35 59 60 52 55 62 62 77 115 162 200 186 77 70 140 129 146 131 108 78 77 96 136 154 97 81 104 113 97 145 
196 190 152 113 108 126 127 107 113 176 160 97 85 104 116 119 87 96 103 115 127 116 87 74 106 161 173 177 182 172 169 171 165 164 162 166 175 182 192 201 202 202 206 212 217 219 216 172 117 100 96 98 86 82 84 81 76 67 74 77 73 85 77 59 57 67 60 66 67 65 50 45 44 44 52 69 80 83 89 135 218 215 104 60 94 119 166 167 161 122 110 106 100 115 101 65 118 49 86 97 
191 174 147 120 108 109 117 123 125 113 108 131 106 130 139 111 99 88 86 98 115 117 101 87 102 155 187 175 170 172 164 167 172 173 179 186 190 194 199 201 195 194 197 199 201 184 128 83 80 86 88 87 86 85 83 87 90 92 96 100 98 94 92 85 86 81 76 81 70 52 54 45 40 42 43 45 59 77 81 137 158 181 150 103 94 107 129 109 98 77 95 105 99 120 117 118 116 87 98 70 
166 157 148 141 133 124 115 109 127 101 83 102 88 125 139 110 101 106 92 73 83 108 111 100 111 141 181 190 184 171 164 174 171 168 172 179 184 185 187 191 186 167 174 190 169 117 89 87 88 87 85 85 86 89 89 88 87 92 106 121 126 122 115 107 103 101 96 82 69 61 52 49 47 47 42 35 38 47 49 101 89 68 132 154 98 85 132 131 146 116 89 86 83 93 92 87 122 121 88 82 
166 160 167 168 152 135 118 103 108 124 125 120 77 107 120 92 106 109 101 90 87 96 107 115 130 141 178 198 195 182 177 184 174 172 173 176 175 174 175 170 163 172 179 176 154 123 109 104 96 92 91 92 91 88 85 87 83 82 106 139 156 144 122 115 124 129 115 93 77 66 60 53 40 29 32 42 55 56 44 63 55 53 83 109 74 86 106 130 113 105 103 77 79 97 81 64 112 134 80 108 
172 154 153 147 122 112 115 110 130 163 164 135 72 100 122 94 84 89 89 86 84 87 90 96 112 126 165 185 189 182 165 157 155 156 158 159 157 159 165 170 168 164 152 127 124 137 122 102 98 90 88 91 93 96 101 108 117 135 153 157 146 136 137 151 168 152 124 130 123 86 71 55 38 31 38 51 64 66 59 65 87 92 95 107 127 86 104 107 123 120 99 95 82 61 80 108 114 108 68 101 
155 134 141 152 137 132 135 121 102 108 115 128 84 98 113 96 93 98 94 84 81 83 82 80 88 105 155 185 196 194 176 160 149 143 142 145 150 154 159 162 152 140 142 143 143 143 128 116 116 112 114 121 127 135 147 164 168 165 166 161 147 138 142 161 180 172 169 194 182 117 76 64 58 62 72 80 88 101 108 114 104 126 137 153 139 110 106 118 98 112 99 66 72 83 91 89 77 70 73 72 
175 136 126 131 126 133 142 134 111 87 98 148 115 106 124 130 119 103 101 105 87 59 55 72 86 86 135 178 192 197 195 189 173 158 149 152 159 159 157 155 154 157 158 157 146 132 137 148 152 161 174 184 185 185 190 187 181 180 172 150 127 132 161 185 197 205 216 223 206 168 144 126 108 103 110 113 116 121 120 117 128 132 143 143 147 172 159 100 96 107 92 107 125 92 78 85 78 63 84 38 
160 145 137 119 114 117 113 130 107 93 92 130 127 103 111 102 108 108 105 104 97 82 75 93 122 88 110 165 188 200 209 195 181 174 164 166 171 166 165 169 173 176 175 174 170 172 178 177 186 199 199 196 198 194 185 169 163 169 167 152 133 135 165 184 188 195 204 207 199 187 181 162 148 151 166 171 167 164 159 148 102 85 64 73 50 80 104 121 110 114 116 109 121 110 61 62 64 53 96 91 
142 135 165 160 132 130 123 118 142 86 66 114 117 84 89 97 88 115 123 108 93 84 81 88 99 93 113 129 153 183 197 207 208 207 197 193 197 196 193 194 196 199 201 203 202 202 202 197 194 196 195 193 190 184 181 156 133 120 104 92 82 81 94 155 186 163 152 188 213 179 136 142 148 136 124 118 98 85 100 93 69 74 70 76 54 67 75 121 130 148 129 84 92 117 100 94 105 101 130 139 
150 135 152 149 141 151 140 129 127 103 88 100 104 95 93 89 83 113 132 132 120 97 75 67 74 98 134 124 133 151 161 191 195 203 199 192 195 200 197 196 199 197 198 197 200 199 197 197 194 194 196 200 194 159 103 69 68 68 62 58 58 62 70 88 133 157 142 146 164 153 125 99 80 62 52 47 39 41 54 75 67 69 76 84 80 80 72 93 106 108 100 103 113 103 77 73 126 119 139 88 
136 135 141 138 145 139 118 128 125 117 112 110 126 132 107 88 71 91 117 132 121 92 79 85 88 90 124 131 132 114 87 107 135 152 167 173 180 187 181 178 181 180 186 185 196 202 202 206 193 179 167 138 98 69 54 51 52 47 44 52 62 68 75 76 78 89 97 83 62 60 72 69 78 63 54 85 90 63 65 68 67 71 92 89 95 92 93 99 104 108 107 103 99 86 65 61 109 136 136 112 
114 112 139 154 153 133 112 129 123 104 102 109 138 147 117 111 100 114 126 126 112 90 81 85 78 75 95 94 79 81 99 113 105 94 95 107 130 165 187 188 180 188 203 200 207 205 199 192 151 107 83 70 61 60 56 56 56 51 57 72 74 65 60 70 88 94 77 64 69 75 71 72 65 64 67 72 95 106 82 76 71 62 89 80 91 84 92 109 123 120 121 131 98 52 45 42 70 65 127 109 
123 88 108 134 128 117 104 98 100 103 103 95 114 127 109 110 111 125 126 127 129 120 98 76 66 71 88 98 91 100 114 110 111 106 106 99 92 105 125 141 151 169 192 185 182 160 134 129 105 79 69 57 48 52 57 57 55 57 65 73 69 68 85 80 79 72 55 55 55 50 60 76 97 101 89 85 92 93 78 60 48 39 77 72 77 68 71 101 98 86 107 135 121 93 86 141 132 117 157 184 
122 134 134 144 136 118 112 95 110 122 93 91 102 110 119 99 92 115 126 137 129 110 94 73 70 83 91 90 93 83 82 102 107 114 116 108 94 83 78 68 58 80 109 117 129 123 109 103 84 68 62 58 48 48 67 59 48 55 67 76 75 77 92 86 77 77 70 50 38 44 52 86 112 103 96 79 48 54 63 45 34 46 93 98 79 84 65 63 109 108 120 142 125 126 135 130 129 102 128 164 
150 170 155 154 147 114 111 124 116 119 96 98 108 110 115 102 86 92 109 143 137 104 88 80 78 74 89 89 79 70 72 90 101 109 108 95 85 81 77 71 68 66 57 53 53 81 123 133 107 74 56 52 46 41 45 51 47 44 56 70 70 70 82 84 80 74 71 71 57 47 62 90 107 99 91 76 50 52 61 55 45 67 91 83 76 74 68 80 97 100 117 124 118 123 114 124 110 88 81 99 
161 146 128 148 150 121 112 107 102 96 85 91 101 100 97 99 104 102 114 149 151 122 109 96 74 62 92 102 84 78 83 92 100 113 111 97 87 85 78 68 67 80 93 91 81 87 117 108 76 75 78 75 62 48 43 46 43 47 63 70 64 66 81 78 73 78 89 91 82 69 57 55 99 130 105 68 58 66 69 76 63 84 81 68 73 56 50 92 109 91 82 97 88 81 104 130 114 106 71 69 
168 144 145 160 121 97 116 112 134 116 103 96 102 103 96 103 96 97 95 114 121 112 102 82 61 53 88 100 83 75 74 78 85 99 103 96 87 82 75 72 71 85 106 95 89 79 83 89 72 69 68 66 60 51 45 42 36 40 62 77 85 93 97 91 80 84 81 60 65 79 53 50 75 98 84 59 53 55 71 82 64 66 62 67 91 90 92 76 69 85 96 98 105 118 144 157 149 135 92 82 
195 168 162 184 170 158 169 150 158 153 161 156 164 164 139 140 149 147 138 150 158 156 153 138 130 128 154 160 148 137 128 128 124 133 145 148 141 135 136 143 148 152 153 131 125 125 135 151 144 127 115 118 129 136 133 126 115 114 121 127 141 157 154 144 139 151 152 131 133 146 124 137 127 123 125 126 122 112 136 143 133 125 134 143 139 130 114 136 113 150 168 145 149 163 176 180 198 182 160 154 
