83 84 72 90 90 101 113 84 79 65 70 75 63 61 59 60 71 59 53 58 71 80 65 61 69 72 53 62 48 43 33 30 53 73 79 62 53 51 54 61 49 46 62 60 61 53 63 54 44 38 39 26 39 45 56 40 44 52 61 78 72 66 51 60 54 46 37 42 43 26 30 38 33 50 39 42 31 34 32 38 46 35 31 31 36 32 36 22 23 22 31 27 35 37 43 42 34 32 32 28 
112 107 89 86 94 106 101 95 74 53 71 77 58 60 65 75 64 61 70 74 67 73 63 55 72 68 60 68 59 50 41 48 67 74 70 62 51 43 50 48 53 50 55 53 58 55 67 56 53 46 45 43 69 54 53 49 44 54 60 82 75 58 40 76 63 55 47 49 37 32 50 51 54 46 43 36 33 39 33 42 34 29 44 29 35 32 30 31 29 42 36 30 30 34 30 34 39 34 38 35 
106 106 88 86 86 84 68 98 71 58 60 58 64 68 63 72 73 62 69 77 76 66 64 50 56 68 55 54 46 50 41 36 71 78 76 64 49 46 58 52 45 38 44 43 45 44 58 62 52 44 30 49 58 52 43 47 60 69 82 67 69 85 48 73 65 55 56 51 48 43 52 53 46 37 27 35 25 34 28 33 31 35 38 47 40 33 42 42 44 34 39 46 37 29 19 28 27 33 47 28 
72 96 75 66 71 78 80 88 73 66 55 54 65 66 58 68 76 67 58 67 60 63 56 51 63 65 52 60 45 42 45 43 66 82 73 70 59 58 61 48 41 33 44 33 35 50 50 63 59 49 49 45 55 56 50 42 49 71 64 54 74 81 66 72 48 47 31 47 53 56 43 61 51 27 30 38 34 38 38 33 26 27 24 38 37 38 36 38 33 33 37 32 29 21 29 24 26 28 37 33 
76 105 60 69 78 80 102 78 72 69 64 59 67 74 65 64 74 61 59 69 63 63 49 54 59 46 42 43 51 49 54 42 53 68 75 69 57 65 49 52 51 46 39 35 43 44 52 54 49 47 40 36 43 51 43 43 61 72 61 50 56 56 85 67 42 42 38 52 56 56 44 36 37 25 48 47 46 38 31 28 29 34 37 35 32 34 27 42 33 36 30 38 36 26 33 39 35 31 36 38 
62 98 72 62 78 86 90 82 76 75 54 64 47 69 77 66 70 66 80 74 65 72 49 46 55 49 51 50 53 50 42 44 48 45 78 81 68 55 63 51 47 49 44 32 28 39 58 63 59 49 48 44 51 58 51 50 45 59 53 62 48 60 68 51 38 42 46 36 31 40 39 51 60 50 46 48 44 34 31 37 31 39 31 25 24 23 33 30 25 30 39 30 35 23 23 39 30 36 30 26 
101 122 81 80 86 78 90 89 90 80 72 67 40 70 84 86 90 76 80 90 72 43 53 66 62 58 59 47 55 48 30 45 44 45 87 74 69 59 49 39 34 23 37 42 64 61 58 67 60 62 54 41 47 56 43 32 43 55 66 48 68 101 56 56 31 28 39 35 39 75 71 58 50 50 44 48 47 24 31 33 30 31 31 33 34 29 33 38 31 34 36 33 37 45 42 38 39 43 24 27 
98 114 88 93 100 79 99 89 94 88 82 71 52 56 81 89 84 79 78 89 76 57 48 49 60 54 58 63 62 55 39 45 69 76 82 69 69 53 48 37 36 38 48 64 68 68 65 72 68 67 59 60 51 45 50 38 46 70 52 41 56 95 87 69 43 42 57 59 57 47 37 41 46 53 63 38 31 38 28 25 40 37 34 34 41 41 33 33 34 34 32 30 35 31 30 35 40 27 22 24 
85 91 87 67 84 91 77 76 90 87 92 65 45 55 86 86 78 77 76 75 86 73 68 68 60 63 56 58 49 49 46 59 64 81 80 75 63 61 58 59 44 45 51 47 59 52 47 71 57 47 55 56 45 53 50 39 65 74 64 74 60 46 68 53 38 30 47 38 32 45 30 46 58 63 47 38 35 30 33 32 25 38 46 43 36 37 38 39 37 39 42 35 38 35 23 20 23 21 33 25 
87 103 61 61 51 79 77 81 87 92 77 51 61 67 64 72 70 90 71 75 78 73 63 71 69 66 56 40 39 34 39 50 66 84 84 61 60 55 48 47 50 53 39 56 54 44 53 60 51 52 49 60 61 69 67 61 56 73 82 58 53 54 63 60 57 42 42 45 51 49 41 37 43 50 44 54 45 35 31 21 33 30 33 30 40 46 46 31 43 40 39 33 42 40 25 32 29 28 27 35 
51 84 56 57 52 76 86 107 92 99 85 60 63 59 76 90 71 93 74 60 61 73 65 64 60 51 47 45 38 38 56 87 90 69 66 64 65 63 49 45 71 68 69 58 49 38 40 64 52 57 48 54 70 68 64 43 61 64 45 68 44 49 52 35 45 52 55 47 49 37 38 38 34 29 35 45 51 50 44 39 36 46 36 42 44 43 46 43 47 45 38 38 37 34 32 36 34 38 31 25 
56 114 72 70 60 73 102 94 101 100 84 65 68 60 62 54 69 93 73 58 47 69 59 67 62 51 44 49 67 79 60 88 91 69 69 55 49 53 58 41 43 73 63 58 65 58 45 48 46 63 60 70 64 60 54 50 46 44 39 55 48 64 48 43 49 47 50 60 56 34 49 27 28 26 35 35 45 65 52 42 36 50 38 41 34 26 38 31 41 48 43 42 38 31 39 39 32 34 35 40 
77 108 82 71 67 54 93 108 105 80 75 77 66 68 57 38 64 84 83 71 60 68 58 51 47 48 43 62 63 71 79 92 103 81 72 50 56 65 68 49 71 73 54 37 39 34 53 69 51 69 62 65 62 62 61 48 48 46 46 28 45 73 53 46 63 53 56 63 55 34 41 38 34 37 36 42 50 50 51 45 53 46 45 36 35 44 37 24 33 42 38 30 31 34 33 33 35 37 37 51 
157 160 146 144 126 120 130 123 132 131 123 118 99 108 79 72 91 98 98 104 103 98 96 85 81 103 88 88 80 68 61 65 82 75 62 63 54 59 51 54 60 68 53 47 46 63 65 65 52 57 60 71 60 56 47 50 52 45 34 27 48 57 46 53 43 39 50 46 44 46 38 44 46 43 55 61 55 52 62 53 43 35 43 33 34 54 49 52 45 48 36 38 28 28 23 34 26 35 38 40 
146 145 144 145 148 147 146 152 158 160 154 151 161 166 158 164 162 151 149 161 169 169 164 156 155 136 120 119 103 88 79 86 86 79 69 66 55 66 53 39 57 55 58 60 40 64 69 67 64 80 67 68 62 49 52 46 37 39 38 47 57 60 44 40 36 37 47 56 47 39 43 35 38 61 55 47 36 45 41 45 52 54 50 45 39 39 49 44 40 52 45 48 28 27 35 41 38 40 35 42 
152 150 146 145 145 144 144 147 145 138 129 142 144 146 146 139 139 138 136 133 133 132 132 131 130 128 124 106 81 70 63 60 82 83 83 66 59 60 70 66 66 66 72 61 39 37 72 70 70 62 53 57 65 53 49 42 30 40 44 54 71 67 41 33 38 54 49 51 42 41 56 47 46 60 59 41 37 35 49 49 50 42 39 36 47 40 42 36 42 37 40 44 43 41 45 43 39 33 33 43 
93 118 125 130 123 113 119 114 132 127 132 120 130 129 127 120 128 124 128 129 134 128 126 128 125 127 123 106 94 81 74 67 73 89 85 71 69 68 79 77 70 71 75 63 50 61 63 70 73 63 60 40 56 54 40 40 26 48 60 69 65 72 46 43 42 47 54 57 53 44 40 54 53 50 49 43 41 38 33 39 44 57 47 40 53 43 34 41 46 39 34 40 37 44 37 42 31 28 33 46 
77 86 90 85 76 74 87 72 94 100 86 78 95 79 81 81 85 64 73 66 81 62 64 69 57 45 47 57 53 70 72 75 71 72 81 95 91 78 71 63 65 58 74 64 52 68 57 56 65 64 62 59 56 49 47 41 29 37 43 71 71 54 48 46 54 59 58 38 34 50 44 36 48 46 48 46 47 51 48 51 40 37 38 43 52 48 49 39 37 34 45 49 49 44 39 38 31 33 35 32 
86 96 73 64 79 97 81 72 100 80 90 82 97 95 110 121 120 119 130 134 139 125 106 101 65 56 52 58 48 62 64 62 60 58 72 98 90 68 59 69 68 44 76 68 52 93 73 69 74 63 68 75 54 50 46 37 36 43 58 71 72 59 40 36 52 68 59 38 33 60 52 69 66 53 50 50 52 54 46 52 41 32 32 23 29 37 36 48 42 34 28 31 44 37 33 38 35 37 35 36 
77 66 71 109 101 99 93 87 118 121 140 155 161 174 177 177 178 176 174 180 189 193 199 205 192 159 106 70 61 55 63 62 54 43 75 79 91 59 62 73 71 52 51 92 98 80 74 64 71 68 69 65 52 40 41 49 36 37 45 66 61 52 36 38 40 60 60 55 43 52 54 45 49 61 62 54 51 40 49 55 45 33 31 45 44 47 49 51 40 45 39 34 53 40 41 38 43 42 34 36 
64 68 125 129 88 64 73 74 111 122 125 136 147 157 158 157 161 154 147 148 157 171 175 187 196 201 198 183 121 75 62 46 45 66 83 87 80 82 82 85 73 77 66 94 48 54 57 62 79 71 59 63 63 64 57 50 42 37 50 48 44 57 46 55 74 113 113 68 57 50 53 47 53 53 41 39 47 53 51 46 35 32 23 38 49 48 61 48 43 42 34 26 42 37 42 38 44 34 38 35 
69 92 133 110 73 95 98 72 102 125 86 84 103 98 97 92 96 107 113 116 132 144 149 156 174 183 192 190 181 139 82 58 46 59 68 68 65 62 68 86 71 59 64 77 42 61 85 92 93 72 51 56 56 45 51 44 64 77 87 109 131 145 162 159 146 134 118 86 56 54 57 56 45 41 37 51 53 54 51 51 50 50 41 56 64 47 50 48 54 41 49 42 34 31 40 35 36 40 48 38 
56 83 78 84 69 104 97 71 61 116 93 98 81 69 84 73 72 76 64 64 66 98 101 125 145 159 177 185 188 182 143 89 76 65 58 69 66 63 99 124 135 151 165 179 180 182 179 181 186 180 174 184 161 149 144 153 166 169 172 159 151 150 143 134 125 115 116 76 47 49 60 47 40 46 49 40 40 42 46 50 46 43 46 46 54 47 43 41 36 44 45 34 40 32 41 43 35 31 35 33 
56 77 58 73 95 112 93 54 50 78 88 93 65 56 79 77 87 79 61 49 84 98 80 76 83 131 167 172 170 174 173 155 107 78 109 131 148 160 169 170 176 172 175 184 192 194 199 196 196 192 190 192 192 188 185 180 158 139 131 120 122 96 80 73 60 69 81 60 48 71 56 49 51 39 47 41 33 51 44 51 42 44 41 51 43 36 48 40 29 35 40 41 41 39 46 36 43 42 38 40 
54 75 70 110 80 98 116 56 56 64 87 100 72 68 96 92 96 85 52 65 87 99 82 85 83 84 123 150 150 156 161 170 175 177 174 162 156 153 158 151 154 157 167 174 177 181 183 184 184 185 189 194 191 183 172 163 149 119 80 71 59 44 34 38 37 47 58 53 37 36 43 41 46 42 26 41 40 29 46 47 42 42 50 55 52 47 50 46 42 42 48 44 39 41 35 38 37 49 40 37 
54 70 73 83 72 96 91 58 81 73 72 75 54 50 75 85 93 79 79 91 63 89 77 89 97 80 70 105 149 149 177 179 181 183 176 171 164 153 153 151 152 153 150 147 156 157 163 162 166 170 172 173 176 173 167 151 131 112 43 57 63 55 59 48 49 59 61 47 33 38 53 38 53 37 37 32 42 44 43 43 43 52 52 48 44 46 44 41 37 34 41 45 42 45 36 37 26 32 40 41 
47 93 65 69 97 123 103 92 87 86 67 84 57 46 65 71 85 71 60 89 65 60 65 96 83 72 67 65 134 173 183 182 193 185 178 177 169 169 160 153 141 136 128 130 141 145 149 156 164 164 160 154 149 146 139 125 100 44 29 49 51 45 40 50 53 47 52 43 38 38 55 49 45 47 50 40 36 37 42 43 46 48 46 46 42 47 40 51 47 36 37 45 50 40 39 42 35 38 41 32 
40 54 58 97 103 128 115 86 82 93 72 87 62 46 57 103 96 70 58 76 72 64 47 105 85 81 72 69 100 175 177 185 183 179 172 168 167 164 164 163 149 143 138 127 117 129 141 148 155 160 154 142 124 110 99 88 68 66 38 37 42 40 43 59 62 63 57 39 42 43 56 55 54 50 53 54 47 41 47 46 40 54 52 51 44 45 46 40 34 36 39 38 40 40 55 51 37 40 37 31 
50 51 104 76 87 104 110 71 92 112 117 109 71 42 43 71 90 78 81 84 61 64 54 62 81 73 56 63 79 174 181 178 180 174 170 169 165 165 166 167 163 157 154 148 138 123 118 122 134 134 125 102 81 57 64 69 70 84 97 78 56 31 46 47 59 48 43 42 44 40 60 50 46 57 56 52 43 40 47 48 36 41 39 32 27 49 53 53 45 48 47 39 40 32 30 39 41 40 34 38 
65 76 104 90 78 117 111 70 94 122 126 95 62 63 50 62 88 73 72 80 77 69 49 70 82 70 56 46 109 180 179 176 171 168 162 167 170 172 173 171 169 159 157 160 163 156 155 143 121 88 63 37 59 55 46 52 70 60 31 49 73 68 51 52 46 52 53 44 47 48 49 45 50 47 50 43 49 36 30 47 43 37 34 40 47 40 51 59 43 44 47 48 41 40 41 45 38 43 33 28 
74 80 93 95 65 132 103 78 92 93 99 81 56 74 84 87 93 68 79 68 79 67 74 69 83 65 56 57 135 176 174 167 166 167 168 172 174 180 180 173 167 163 158 159 166 168 171 172 171 143 77 43 63 80 68 61 76 72 63 62 36 32 49 52 58 56 44 39 46 48 42 45 55 72 94 134 135 131 146 147 115 96 74 54 46 47 44 49 38 41 42 38 45 44 47 51 42 39 46 51 
76 55 112 88 73 92 90 94 95 94 85 70 71 74 87 72 89 71 82 77 76 61 66 64 83 65 47 61 149 173 171 167 171 175 178 182 178 180 187 185 184 182 178 175 171 170 173 179 181 175 161 123 53 33 49 48 59 42 61 44 53 60 53 49 51 54 76 101 110 129 141 160 178 183 177 172 169 159 166 168 155 129 107 75 49 44 57 54 35 31 46 49 47 32 40 39 44 37 40 35 
69 49 53 82 83 78 87 112 127 100 90 65 67 72 80 67 89 92 95 84 71 62 81 62 84 75 59 78 158 182 170 172 174 178 176 172 182 192 192 192 189 188 186 179 176 174 174 169 169 172 167 158 123 60 47 45 52 64 68 60 56 58 81 114 129 161 176 166 157 148 154 169 173 164 154 145 139 147 146 153 141 114 91 70 61 40 43 36 43 46 58 53 45 38 38 48 36 53 48 52 
71 54 55 71 77 83 117 102 92 87 86 66 63 74 77 93 77 81 98 83 76 90 76 72 88 77 71 70 156 180 169 169 171 172 173 178 191 192 191 191 188 187 190 187 186 182 177 167 165 168 164 160 145 119 62 42 49 74 163 196 191 191 203 193 188 182 175 161 146 140 151 155 151 143 132 127 112 105 81 69 54 52 72 58 50 50 43 56 45 45 48 52 57 52 43 38 27 40 48 46 
68 59 61 77 77 88 119 96 83 83 68 59 61 69 67 88 79 87 89 79 85 101 84 82 85 71 52 63 130 186 176 173 178 174 171 181 186 193 189 187 187 190 201 208 211 209 202 196 190 179 169 166 163 150 135 134 165 193 202 196 193 196 196 185 176 172 169 159 153 156 152 149 145 126 100 80 65 30 35 35 33 33 47 49 58 58 47 58 43 47 55 52 50 36 32 38 34 41 41 45 
49 53 64 72 80 90 108 73 106 101 78 84 92 93 68 71 84 77 97 81 96 99 81 67 79 62 64 66 84 185 184 178 175 173 178 186 193 195 190 196 218 227 225 221 218 209 207 202 198 195 194 193 199 204 203 206 205 198 191 191 186 182 185 186 177 169 163 156 152 139 112 81 57 41 38 42 52 47 38 33 33 36 35 39 55 59 44 57 51 50 53 51 46 47 44 47 45 37 47 39 
47 65 69 79 82 105 110 84 109 119 110 91 65 92 74 75 98 72 80 85 100 103 89 67 90 75 65 65 74 154 192 186 181 178 190 206 204 199 217 228 220 205 195 192 191 201 209 214 211 209 208 203 207 205 206 207 203 199 196 187 186 176 170 166 162 164 155 130 90 59 36 37 37 45 30 39 42 43 34 29 40 34 37 44 50 41 47 39 37 42 48 47 54 55 45 37 41 41 34 46 
36 69 110 118 114 117 111 80 102 103 115 78 65 72 78 76 85 76 67 79 94 89 92 77 94 64 49 57 64 101 189 189 186 190 217 205 207 209 196 186 184 188 198 208 212 216 213 215 210 209 208 202 204 203 202 202 193 187 185 183 177 169 164 157 154 148 83 40 34 34 46 39 42 42 46 45 43 39 36 35 47 44 46 53 44 55 47 45 40 45 46 44 34 44 59 44 44 36 40 45 
39 90 93 57 82 98 116 68 94 109 94 85 66 43 78 80 76 63 69 91 73 71 80 89 84 77 54 46 58 79 152 196 192 210 203 193 186 181 190 198 205 206 208 214 216 213 210 203 197 199 200 199 195 195 191 186 187 189 189 182 170 160 152 157 146 84 41 35 44 51 44 39 42 40 48 59 51 46 36 35 34 38 53 49 60 47 45 33 36 36 37 33 31 43 52 48 44 45 56 46 
46 84 69 51 81 101 103 67 88 79 67 87 93 56 82 75 98 84 81 85 85 91 92 88 95 72 61 65 63 82 103 191 206 205 186 179 195 221 218 222 218 215 211 210 210 210 205 200 196 190 188 187 187 190 190 192 198 192 186 172 164 161 155 152 125 54 41 33 34 45 48 39 44 41 48 43 40 42 40 32 37 42 48 53 38 43 33 41 39 38 38 31 21 33 64 75 44 42 27 50 
48 40 67 66 93 72 87 77 77 94 77 91 80 95 78 63 86 89 77 116 140 142 143 147 122 96 81 75 62 86 85 148 210 191 186 214 230 238 240 226 216 213 213 211 205 196 196 199 199 199 198 195 184 180 189 189 185 179 174 168 169 161 150 133 57 35 33 42 38 43 45 39 46 56 38 43 41 39 39 37 47 39 40 52 46 40 42 46 42 33 33 52 35 29 45 49 39 40 44 52 
51 58 80 113 103 44 95 73 75 80 109 107 81 85 82 68 83 101 151 173 159 156 149 142 136 124 104 76 64 88 82 101 206 194 216 216 229 231 226 215 212 207 207 207 213 209 204 198 195 198 198 197 190 189 193 191 186 186 179 171 162 151 133 77 49 40 36 33 43 47 43 34 40 43 36 36 38 36 34 30 33 34 33 40 49 43 49 50 58 48 46 53 59 57 42 45 54 37 35 34 
72 85 72 103 88 63 76 56 56 78 109 95 98 82 83 78 75 141 155 135 130 129 131 128 128 129 125 112 81 76 68 77 203 227 225 230 217 211 212 209 197 190 192 205 210 204 205 201 192 189 188 194 195 193 197 192 190 184 175 162 150 143 132 86 46 46 43 38 40 35 42 36 36 46 46 44 37 35 30 33 35 34 38 45 31 47 50 53 46 42 34 39 37 37 47 46 44 45 39 43 
83 94 78 84 92 90 91 71 49 77 116 91 84 76 97 86 152 161 164 161 142 145 140 139 144 148 154 162 159 148 140 148 218 225 227 223 210 190 176 171 181 176 179 182 192 195 196 191 194 187 186 192 198 198 194 189 179 173 164 155 145 133 119 96 53 34 49 39 40 39 29 39 31 48 50 38 45 43 46 33 39 38 50 36 46 55 46 62 55 41 45 36 37 32 43 49 44 50 61 61 
77 70 46 69 77 112 97 63 60 97 98 86 75 70 94 162 181 169 168 156 146 145 135 127 126 126 138 142 130 121 138 172 188 186 195 197 203 198 179 164 154 153 167 177 180 188 183 185 186 185 186 184 189 195 194 185 177 170 166 160 144 122 119 108 64 43 46 41 42 51 48 41 31 37 47 42 36 43 36 45 37 31 44 37 50 47 50 50 48 44 55 53 48 50 52 52 49 51 47 50 
59 58 58 62 77 92 101 75 89 88 97 96 102 72 140 203 175 158 151 172 194 192 175 152 139 147 140 135 125 134 149 184 185 181 178 179 170 171 183 176 165 156 155 167 176 180 182 181 184 182 183 181 187 188 186 180 168 162 168 173 151 129 126 114 67 35 26 34 44 38 41 43 43 38 35 40 42 46 41 42 31 55 54 44 51 49 39 37 37 42 62 47 72 56 48 44 37 37 33 39 
61 63 62 69 78 100 73 70 111 96 88 86 95 85 105 193 188 191 207 216 219 215 209 183 173 188 198 201 193 177 166 164 175 174 185 183 173 150 157 166 169 144 155 156 165 173 171 173 169 169 171 175 179 186 182 169 161 159 168 171 163 137 136 123 50 29 30 38 40 44 45 37 34 35 34 35 36 49 42 32 30 32 29 29 48 44 32 44 38 44 34 33 37 33 39 47 40 34 25 26 
75 79 90 69 88 92 62 94 108 96 98 86 108 113 152 212 208 204 210 209 201 208 201 166 160 176 188 195 197 189 175 157 153 142 149 167 183 179 163 153 155 157 137 145 134 129 166 171 168 153 146 147 163 169 169 153 155 166 173 169 161 140 143 141 55 35 30 34 32 36 37 36 49 37 35 45 55 53 45 40 45 45 29 28 31 43 34 40 34 23 25 29 35 41 44 49 40 44 33 32 
91 86 63 72 95 93 80 91 111 90 104 74 89 87 207 199 195 205 203 200 198 175 114 62 122 172 168 172 183 184 200 186 181 180 170 149 164 179 178 168 156 163 174 163 104 139 133 162 175 176 167 151 138 138 146 148 164 173 177 170 149 141 142 147 74 34 44 32 33 43 45 35 47 39 42 46 54 45 32 33 40 44 41 34 38 56 49 48 49 45 49 42 53 49 46 53 43 35 37 24 
84 88 84 100 113 95 89 93 104 89 104 84 99 104 205 192 195 194 184 181 170 136 68 56 73 159 171 179 195 204 198 200 200 202 200 180 162 166 175 179 177 173 167 167 103 94 116 127 171 185 189 181 164 163 165 159 166 178 176 159 143 134 109 57 38 37 27 37 43 42 38 40 46 43 53 38 41 40 40 37 39 38 37 32 29 43 62 56 42 42 51 47 43 33 40 35 43 41 38 35 
98 101 96 110 106 93 63 87 87 88 83 103 77 119 206 194 191 192 179 169 153 145 109 70 78 141 181 190 188 182 181 191 195 192 192 196 199 187 173 173 172 168 163 166 160 99 101 112 139 188 189 183 176 176 183 182 180 177 173 148 131 109 66 63 49 44 34 31 40 44 33 39 36 40 42 49 41 38 44 34 35 42 30 28 32 56 55 43 47 40 51 62 48 53 44 48 48 46 40 38 
87 100 89 83 103 96 91 94 45 80 96 89 87 127 204 188 188 187 183 179 165 147 166 154 136 154 169 171 178 181 183 184 186 183 184 181 184 184 181 150 167 165 163 164 152 102 80 85 115 182 186 187 181 181 192 196 196 194 182 158 112 55 49 35 50 54 46 40 43 36 41 49 40 61 44 37 46 39 40 40 39 43 26 38 31 58 60 56 55 51 55 41 30 40 47 47 50 49 44 41 
76 69 60 59 93 77 54 46 59 70 63 51 71 139 188 172 170 175 178 173 168 164 169 173 174 175 179 180 185 177 158 147 152 149 152 158 150 148 142 140 167 162 156 152 138 99 65 64 104 178 188 187 182 187 197 203 200 194 180 123 85 96 94 93 77 60 52 44 44 48 48 47 47 41 38 27 33 37 53 42 36 42 38 38 39 37 54 51 49 59 63 45 41 48 45 28 38 43 37 64 
81 66 57 52 81 86 79 74 59 67 54 63 88 143 197 185 175 168 170 171 158 149 137 140 146 160 161 162 155 131 109 102 114 125 83 84 98 94 94 113 145 150 149 147 146 85 96 100 161 181 183 185 185 194 204 205 199 186 143 106 103 127 130 127 134 134 134 125 118 116 96 55 53 46 40 43 47 48 42 39 42 31 39 34 36 52 60 59 41 46 69 59 40 41 45 35 39 39 54 57 
69 62 45 59 76 59 40 50 57 80 61 94 108 150 191 188 189 204 193 185 176 167 142 124 118 134 145 149 138 114 86 92 107 89 31 49 39 49 59 100 175 186 189 187 163 114 132 181 190 192 184 173 169 179 185 189 178 154 145 140 126 124 128 126 132 139 142 141 141 144 143 114 68 56 42 37 33 32 34 32 45 51 45 36 43 48 52 59 51 44 47 53 55 61 63 46 38 32 38 35 
60 49 44 56 67 39 40 77 73 88 79 120 133 135 200 190 195 195 183 169 145 150 147 139 135 127 140 143 139 116 92 85 93 101 65 36 27 48 55 111 190 189 176 166 158 168 191 185 180 172 167 164 158 165 172 173 164 164 162 164 145 145 147 152 157 157 154 148 144 132 127 114 112 84 60 51 49 44 44 41 47 22 24 36 56 50 52 39 45 48 50 55 42 31 55 45 40 37 40 38 
95 66 51 61 52 40 47 81 84 85 79 127 118 83 193 193 193 190 178 152 144 128 83 73 81 114 142 158 152 141 115 106 97 89 33 58 58 64 75 137 176 177 177 189 191 187 186 179 178 179 183 181 178 178 179 177 165 155 164 158 146 133 102 74 66 66 62 79 70 69 91 140 148 124 92 64 46 50 46 49 53 46 50 39 36 42 44 47 42 45 44 42 45 47 46 43 35 36 32 32 
100 88 64 69 51 51 66 92 103 60 70 111 88 71 153 198 196 198 186 180 159 95 71 49 102 157 160 170 173 170 156 142 136 118 106 131 138 136 130 150 177 191 189 194 199 192 191 190 195 188 190 198 194 184 148 105 49 52 50 49 65 57 46 54 42 43 50 45 40 36 28 30 92 135 124 75 51 53 48 36 37 36 54 47 41 42 40 47 53 43 37 48 33 47 55 45 40 36 39 38 
55 66 94 84 67 85 76 83 79 65 60 99 99 62 164 191 194 202 202 196 190 151 86 74 146 161 170 179 182 178 163 158 165 168 167 169 170 166 135 108 104 111 114 122 133 131 123 105 78 74 88 97 99 79 67 59 48 58 65 62 54 69 57 50 39 39 54 41 39 44 34 39 29 41 96 92 57 48 52 45 51 58 56 48 37 44 38 43 48 43 47 50 33 28 49 51 48 47 36 34 
98 112 138 119 97 72 50 63 96 100 92 71 86 72 141 181 170 167 187 193 193 194 179 157 158 180 185 174 153 130 123 134 157 160 152 135 112 101 79 73 72 68 49 57 60 70 59 75 68 74 65 70 66 46 51 57 61 61 53 53 47 62 64 72 55 43 34 46 42 44 28 37 35 31 26 84 71 41 54 50 54 53 33 37 31 37 45 45 39 45 39 45 39 53 50 38 44 34 25 34 
112 122 125 102 74 70 67 76 94 101 96 75 58 54 62 89 164 157 138 128 118 116 109 104 111 115 103 90 90 78 63 58 98 97 85 93 88 87 71 60 68 66 40 64 89 71 70 70 60 65 74 70 54 66 69 72 64 58 63 56 56 58 40 39 37 53 61 48 37 37 43 44 32 29 21 25 53 55 52 56 53 50 60 42 38 45 46 45 43 33 32 27 44 48 49 40 46 36 42 33 
133 118 111 117 97 105 89 109 104 114 96 88 53 44 41 47 108 149 143 127 113 114 121 114 121 111 103 96 92 92 75 46 58 85 85 95 90 82 77 46 60 61 42 71 81 70 69 69 57 56 58 56 51 50 52 59 83 66 59 44 52 41 54 46 41 42 47 45 45 45 34 47 34 27 28 22 37 39 58 52 41 31 34 46 41 32 30 35 44 35 33 31 58 58 46 39 46 43 32 31 
116 126 135 129 139 134 101 104 105 115 113 91 61 46 31 44 65 135 136 122 103 105 108 116 128 134 124 122 117 106 76 61 82 81 65 103 94 80 75 63 60 46 69 53 80 74 74 71 74 51 48 51 39 39 40 45 46 71 57 46 47 52 48 54 43 35 35 40 34 42 34 35 43 39 52 41 42 48 55 55 48 47 29 35 30 31 33 45 43 43 39 40 55 48 57 49 55 45 49 38 
117 121 124 117 137 138 123 123 112 111 106 81 71 41 38 47 67 74 135 148 133 126 125 126 128 117 84 86 93 88 77 79 91 84 64 107 90 67 61 65 61 48 74 58 81 69 68 71 64 60 39 60 42 42 56 59 67 65 61 42 58 55 41 50 45 48 39 28 46 40 53 48 33 44 45 42 48 46 33 50 50 36 49 45 34 38 57 57 38 27 45 47 36 52 43 57 44 47 39 40 
148 137 132 127 137 142 124 122 117 121 116 108 102 54 47 62 99 78 72 100 117 125 111 98 81 76 59 82 98 91 71 77 88 87 100 103 95 80 50 63 64 68 65 66 77 72 71 79 55 61 63 58 55 45 46 50 62 65 54 60 52 58 48 52 60 52 39 32 25 27 37 47 48 39 44 36 35 51 51 49 47 34 43 38 37 44 37 44 48 41 31 29 51 47 57 54 45 55 33 39 
200 209 206 218 214 160 127 97 96 86 65 68 52 52 48 81 119 67 52 79 83 78 78 69 63 59 53 67 71 86 92 84 80 96 101 94 90 68 67 70 56 61 74 64 70 61 70 67 54 64 68 63 50 63 66 71 63 76 60 40 49 54 49 52 57 44 47 57 45 58 62 46 39 30 29 40 40 65 56 52 49 40 40 43 45 52 48 39 27 29 35 34 45 45 48 39 35 46 51 46 
206 206 215 207 212 156 106 97 97 79 63 49 74 63 47 99 126 84 61 78 88 70 79 78 76 71 54 71 74 81 76 87 69 84 88 92 85 87 83 77 70 62 66 74 63 60 63 61 63 76 81 70 55 55 67 52 59 74 61 68 63 59 56 51 45 55 54 59 59 55 50 50 40 36 47 41 52 46 42 40 33 28 31 47 51 48 48 41 28 33 26 35 44 44 45 35 38 48 36 43 
148 151 136 98 95 96 71 83 78 60 43 39 65 57 66 91 100 63 74 76 74 83 69 73 58 64 56 68 68 77 89 85 77 70 89 80 88 83 90 65 79 70 62 65 61 55 61 67 66 77 49 59 58 61 63 52 64 72 67 81 61 64 56 49 59 64 39 52 63 58 34 31 25 27 38 36 44 39 45 43 43 33 42 41 48 43 49 47 43 35 45 46 52 54 59 58 51 44 51 45 
126 99 84 81 102 101 67 77 66 63 42 44 66 68 99 99 87 61 80 86 67 82 55 64 70 68 49 52 71 100 84 75 76 76 83 86 88 101 88 68 80 68 61 55 69 53 53 58 68 76 73 54 46 49 35 45 66 72 62 68 59 56 57 54 66 64 63 46 44 60 48 43 30 42 35 33 44 43 38 42 36 31 51 44 40 42 38 49 36 37 42 33 36 62 46 49 51 37 34 40 
95 95 120 111 91 62 54 57 49 46 46 50 78 80 100 93 64 56 79 76 74 79 63 63 74 82 65 61 73 81 87 78 70 84 79 79 92 79 98 83 73 68 69 75 64 54 60 49 78 78 77 60 51 42 48 35 46 69 70 62 63 61 68 52 50 62 68 51 53 51 33 48 58 37 31 48 52 49 50 45 38 42 41 56 56 53 43 45 37 42 41 45 43 45 50 48 41 47 56 34 
97 99 101 93 77 81 68 51 62 46 46 43 59 51 77 91 74 92 74 64 73 68 60 60 67 70 64 64 78 88 93 79 77 80 83 80 86 79 89 82 73 68 53 80 73 63 70 57 55 68 66 68 60 43 33 30 39 57 75 55 62 74 61 63 49 56 60 62 56 64 63 60 56 46 48 41 35 31 39 26 45 52 57 51 54 45 41 40 50 45 36 48 37 53 44 34 42 34 39 49 
104 116 94 80 79 70 71 52 63 56 48 54 53 56 63 69 70 82 70 78 96 71 63 61 68 93 74 67 56 70 81 79 75 84 88 93 95 66 64 78 85 62 66 71 66 67 68 56 56 65 64 66 59 54 52 38 31 44 51 51 56 61 67 60 59 57 58 47 41 37 55 66 60 52 33 54 42 42 35 32 41 38 41 39 44 55 37 37 40 24 37 39 50 36 38 46 44 43 46 39 
94 89 84 89 91 86 68 54 74 59 46 49 40 44 62 63 64 97 65 67 71 82 67 61 72 71 65 58 66 55 86 96 71 81 96 96 89 74 66 74 75 67 66 70 52 68 71 54 47 69 61 64 60 58 48 43 37 43 43 39 58 62 63 62 65 69 55 36 33 27 33 49 51 37 51 44 41 40 38 27 45 46 39 34 33 42 43 37 29 27 28 30 44 53 43 34 30 41 50 37 
110 100 94 92 77 89 68 60 56 44 41 41 71 78 88 55 73 99 55 51 69 80 79 59 62 56 80 75 60 50 43 76 79 80 78 78 89 77 58 59 62 59 56 57 45 70 82 56 42 59 66 54 70 59 61 48 46 47 53 64 75 51 54 69 64 54 51 39 45 41 50 44 62 53 58 53 40 49 43 39 39 38 46 39 35 35 37 30 42 37 21 25 31 44 48 52 36 30 24 32 
102 92 85 82 100 83 60 63 66 85 68 64 58 87 92 69 70 77 65 67 75 70 77 54 79 83 99 63 63 57 49 76 88 78 68 71 79 75 82 58 61 75 69 58 32 57 80 72 72 67 65 71 67 72 72 60 39 38 52 54 59 58 49 64 54 50 45 47 41 45 55 47 51 50 51 39 50 43 49 58 49 51 32 31 32 43 44 33 34 37 41 26 38 46 36 29 37 44 50 47 
124 112 84 91 99 84 75 96 78 85 70 71 62 72 95 59 52 81 83 92 79 70 83 62 59 66 83 75 61 72 86 87 81 80 67 76 86 84 67 69 76 84 76 57 41 42 64 60 55 58 72 69 67 66 54 62 63 57 53 66 62 61 55 69 52 50 40 53 40 43 47 56 50 55 60 56 51 35 33 47 46 48 51 48 44 35 39 34 30 32 38 49 42 47 41 38 28 41 58 48 
107 102 101 114 112 84 90 86 91 70 64 61 59 45 45 54 55 72 90 90 66 72 64 67 65 62 50 70 66 78 75 80 70 77 64 85 86 92 93 85 83 90 59 46 46 25 51 67 62 47 57 70 73 69 57 50 50 68 66 54 59 64 50 41 59 47 53 47 48 41 41 50 40 41 51 42 49 44 32 38 44 57 42 36 39 43 40 43 36 27 32 37 39 53 51 47 55 44 48 43 
120 116 123 131 116 100 113 123 93 101 73 65 72 39 42 52 81 80 84 84 75 54 74 81 65 56 67 67 66 84 67 73 63 66 71 81 89 87 88 86 86 76 69 54 40 31 59 62 72 65 76 66 55 61 62 43 64 75 71 60 60 51 51 41 46 42 26 42 46 59 53 49 50 49 58 52 45 37 42 52 58 59 45 39 43 39 36 29 38 39 48 49 37 47 46 40 40 30 44 50 
120 119 121 127 117 111 75 96 99 91 59 89 106 49 72 53 81 111 80 70 68 65 90 78 72 55 50 66 76 75 62 57 55 56 69 72 86 86 94 98 81 71 77 66 41 37 44 43 52 61 65 69 67 55 67 66 56 66 69 63 50 56 62 53 49 56 37 46 52 60 51 51 44 39 50 55 47 40 47 42 38 35 49 51 46 39 32 45 48 36 41 50 45 36 37 37 33 34 21 30 
124 117 119 131 120 113 106 104 87 124 106 110 101 85 78 84 77 94 78 84 64 76 88 76 73 55 54 77 73 51 46 52 60 75 70 55 77 91 89 84 86 78 52 62 48 52 38 62 68 75 61 49 59 52 70 76 70 68 68 56 62 62 69 51 58 64 57 45 42 53 57 44 57 51 52 44 38 40 44 61 53 49 57 56 53 52 39 40 34 32 43 43 50 38 37 35 28 24 26 40 
133 121 137 128 129 116 106 105 102 116 93 81 92 131 93 107 74 78 85 70 56 85 83 72 76 63 61 75 71 48 40 35 62 76 76 71 78 80 81 99 77 70 60 63 61 54 55 58 64 69 75 68 60 63 59 65 78 66 52 64 59 65 67 56 50 50 51 40 41 45 48 56 54 44 43 49 53 44 32 22 50 58 51 54 40 42 37 49 36 33 39 33 28 36 36 37 37 30 47 34 
112 99 128 130 122 116 110 121 97 105 88 92 61 58 87 94 69 69 65 54 61 89 83 70 83 65 60 82 59 50 41 44 66 69 81 89 89 82 73 94 86 76 77 70 70 62 60 62 74 70 79 74 75 61 58 75 83 77 71 61 75 69 64 52 56 61 40 40 51 55 59 60 58 58 44 62 48 48 55 36 37 36 40 33 43 53 45 38 45 44 40 45 27 33 32 37 26 28 22 25 
123 125 123 125 102 100 116 103 112 92 83 88 93 76 69 71 65 48 56 56 63 88 72 60 84 69 74 76 61 53 44 56 67 63 73 67 69 78 79 91 90 77 83 67 51 50 55 59 73 64 67 68 62 69 60 64 71 57 61 72 85 81 67 46 32 42 53 55 53 60 57 69 57 53 42 43 48 45 41 30 34 44 48 43 44 34 29 26 39 45 46 29 30 44 41 48 38 27 42 38 
125 147 137 114 132 125 124 112 99 87 102 98 99 107 108 92 103 83 64 50 55 71 62 61 70 56 43 61 71 48 54 70 64 57 61 53 64 66 77 84 97 84 79 72 75 68 64 65 69 85 90 90 75 71 71 60 52 66 57 69 80 71 68 58 63 58 53 59 61 45 52 47 59 59 51 45 44 48 31 32 26 44 51 58 42 39 33 43 49 37 36 38 43 33 47 44 32 36 38 19 
127 125 108 108 130 125 136 118 96 77 92 84 77 82 102 120 100 107 79 66 56 64 60 74 60 52 52 52 61 68 57 62 66 66 56 69 70 67 78 83 102 83 64 83 68 54 34 52 49 59 78 79 84 59 59 60 56 73 61 65 68 65 68 58 52 54 52 53 53 63 49 56 50 49 55 43 46 48 47 41 32 40 46 33 37 40 39 43 31 25 32 40 40 34 36 44 37 31 29 31 
117 128 148 118 116 107 111 84 85 89 95 93 91 100 103 116 116 109 97 88 68 55 76 80 69 54 65 45 56 80 65 54 48 75 67 56 56 60 77 93 91 84 68 80 81 58 46 36 54 68 92 96 83 75 76 64 79 70 67 46 45 55 62 66 49 39 44 53 68 60 56 45 59 51 61 57 48 39 35 48 58 44 40 33 35 49 41 34 38 42 44 46 35 26 35 31 30 30 28 20 
92 95 138 113 126 118 108 125 106 90 93 102 107 94 108 104 127 101 88 90 78 57 75 80 65 68 69 64 65 76 83 67 66 72 62 57 62 50 66 75 84 91 77 69 76 70 47 35 38 64 77 86 76 74 60 63 60 75 70 52 50 54 61 65 62 59 43 43 46 47 53 55 59 48 53 51 47 40 38 43 57 57 39 28 36 38 49 46 34 23 33 33 18 33 31 31 32 29 20 28 
117 114 128 97 81 105 98 125 116 112 98 117 114 114 130 141 136 129 138 127 83 49 71 76 63 74 71 64 56 52 72 60 50 70 62 52 46 45 53 75 91 96 83 85 79 62 57 38 46 59 64 73 75 68 61 62 58 65 70 59 41 42 64 66 55 50 41 37 75 74 53 50 59 49 55 50 45 42 41 54 39 30 36 37 37 45 40 47 48 48 41 41 27 23 25 26 28 29 34 33 
94 111 121 134 106 108 68 103 100 73 96 126 145 149 127 126 127 123 110 82 52 44 64 64 80 78 69 73 62 46 54 56 68 67 65 69 50 53 63 70 63 73 84 83 79 70 54 41 31 35 37 53 72 62 56 64 62 60 57 60 50 57 70 77 70 48 42 42 33 53 56 56 45 43 56 40 51 37 39 38 53 43 43 38 39 32 27 43 49 24 41 40 43 34 31 43 37 46 34 40 
111 129 137 138 99 115 115 113 139 125 120 126 138 126 126 98 87 115 80 93 69 48 57 61 67 81 78 72 60 48 60 61 81 63 58 69 57 58 60 61 61 67 79 85 71 62 55 42 36 49 47 51 74 77 78 68 66 67 71 63 62 62 58 69 66 46 45 29 31 34 45 63 49 47 46 45 55 49 58 37 29 32 45 46 48 40 28 19 34 43 30 20 41 31 27 26 28 28 30 30 
123 117 128 139 120 111 104 120 154 146 113 112 112 121 121 93 84 99 82 74 61 47 50 56 61 76 84 67 45 45 46 63 69 73 52 57 66 68 67 57 56 70 79 81 79 71 59 47 51 41 51 52 58 74 73 73 64 67 57 46 64 60 59 65 53 53 35 29 26 22 50 54 60 41 52 61 56 46 44 30 32 38 45 39 27 27 29 27 36 31 21 24 28 39 32 37 34 27 27 47 
111 109 118 135 128 119 117 110 113 106 70 89 109 138 114 115 91 96 94 69 48 55 46 59 56 69 79 56 47 55 59 71 74 60 60 65 71 70 70 58 40 54 60 75 83 71 79 65 40 36 61 59 50 71 69 86 72 75 51 48 54 58 47 42 51 53 49 37 31 42 51 53 53 32 35 35 45 46 45 44 38 40 34 25 25 29 29 24 26 30 30 31 46 35 27 34 28 21 20 29 
106 98 117 135 140 102 99 108 115 131 104 89 71 115 98 105 105 108 93 78 68 51 52 46 54 66 70 72 56 53 58 58 66 54 57 54 45 61 81 54 38 52 51 74 76 71 61 63 62 50 56 42 56 82 83 67 81 77 60 58 69 64 59 44 50 43 35 40 38 52 63 61 62 53 44 38 46 42 27 28 38 27 34 33 25 22 23 29 30 19 25 35 36 28 22 24 26 30 27 30 
99 104 140 118 130 107 106 96 122 127 103 115 117 113 107 82 89 110 97 77 77 63 60 43 51 58 71 54 47 55 65 61 64 64 60 45 51 70 66 63 49 48 44 72 80 81 65 55 48 53 52 47 45 71 83 72 80 80 66 65 66 68 55 55 47 34 45 52 43 41 46 57 64 50 40 44 34 31 31 33 51 43 35 30 26 17 25 37 25 30 27 43 28 16 26 31 19 28 27 41 
124 88 91 101 126 132 125 105 107 112 103 107 115 116 116 102 110 98 101 104 88 63 66 60 54 58 63 51 45 49 58 55 65 63 56 53 55 55 75 65 46 46 47 68 58 79 78 67 34 41 45 62 59 73 76 79 74 83 58 57 64 57 48 46 58 48 45 47 49 49 48 43 66 60 50 45 45 35 25 38 34 32 23 27 26 29 18 16 41 38 26 34 24 22 19 24 56 29 26 36 
134 101 99 111 105 106 104 98 111 118 124 125 100 99 113 114 116 96 107 89 70 60 83 70 51 51 57 65 60 68 60 62 50 67 71 55 53 55 70 67 59 55 46 49 41 48 65 60 38 36 51 51 50 63 76 76 79 101 69 40 46 58 61 44 41 44 46 54 55 51 47 53 62 55 50 55 49 38 43 33 36 19 29 27 36 26 20 22 29 39 38 30 31 23 13 15 42 45 33 38 
112 70 85 97 110 134 119 122 127 123 123 108 115 117 107 102 79 84 79 59 58 53 66 53 40 35 54 69 72 71 61 56 50 53 67 62 55 47 56 54 55 63 66 63 48 50 71 58 56 47 41 47 57 68 70 79 77 85 68 47 38 61 49 54 46 41 36 40 47 43 52 52 54 50 47 38 48 52 47 42 58 32 33 28 29 24 19 28 28 39 38 33 32 20 27 27 35 43 51 36 
130 131 117 103 100 104 100 110 97 106 111 117 111 105 76 98 108 84 77 66 59 64 50 52 37 58 62 70 71 72 59 47 61 61 66 65 56 58 59 70 50 51 56 53 62 62 62 43 44 53 40 45 66 56 51 63 76 81 67 68 43 50 56 59 59 58 41 44 42 48 53 48 59 48 49 50 46 32 40 48 34 47 43 31 35 29 22 26 33 51 48 44 31 23 26 38 22 27 47 54 
120 114 102 120 119 113 106 92 94 74 85 119 91 98 94 106 108 96 69 78 61 79 69 48 49 47 49 56 74 77 63 63 41 30 37 62 53 59 51 65 54 50 38 40 32 60 68 63 45 38 41 50 57 51 47 51 58 72 55 62 44 55 54 53 63 55 46 39 25 26 25 57 47 50 61 68 57 41 37 39 35 33 37 35 33 30 26 30 52 68 54 40 34 30 26 20 27 24 35 41 
114 128 98 97 97 95 106 85 98 77 84 119 82 99 90 119 125 96 82 65 55 75 67 54 52 39 46 50 70 62 55 46 43 35 48 63 55 58 62 55 47 39 35 32 45 52 76 81 60 47 53 73 62 51 32 28 55 65 71 54 56 64 71 64 54 64 56 48 36 50 50 34 47 43 57 56 48 59 47 35 37 35 46 41 34 40 37 30 23 34 47 31 36 31 25 34 38 29 28 42 
