151 155 158 157 100 86 90 99 108 92 90 87 88 104 98 98 99 108 96 97 98 103 101 94 96 93 98 89 78 73 94 106 186 218 191 91 84 100 98 92 184 192 92 138 121 153 138 127 150 190 118 87 84 98 116 139 89 66 43 102 129 114 63 201 245 248 247 248 248 234 163 116 92 96 109 146 213 196 228 164 98 88 98 95 87 91 85 82 104 107 90 86 87 112 76 70 77 78 70 65 
161 171 182 167 105 97 110 107 97 92 93 103 101 97 98 96 96 113 103 104 106 97 95 113 110 103 70 66 52 76 72 93 229 248 216 114 102 101 109 123 187 154 103 136 140 172 151 146 159 168 101 80 147 136 97 75 65 52 54 109 150 78 131 245 248 239 243 245 221 144 121 107 104 117 142 212 239 234 194 106 96 84 86 93 83 91 95 88 96 96 89 86 80 116 79 73 71 77 84 71 
175 185 187 159 100 93 88 109 108 108 111 95 89 92 88 96 100 101 92 100 120 152 154 127 117 103 62 73 75 90 84 76 220 250 222 103 73 100 121 131 143 180 160 176 177 187 158 158 153 155 152 157 178 153 141 143 116 91 75 126 82 76 210 242 244 231 209 233 154 133 107 99 109 160 227 234 236 240 129 91 90 86 91 101 83 85 81 89 94 91 89 86 82 106 77 75 73 75 75 72 
165 172 162 141 84 90 97 109 104 99 93 104 105 98 95 111 127 155 169 188 195 185 182 112 147 98 105 101 104 78 74 72 196 245 227 91 85 117 150 213 197 201 197 204 197 166 142 200 169 173 136 144 125 179 174 125 159 99 72 95 88 176 245 240 241 240 242 178 112 103 95 102 136 172 237 201 230 188 98 104 101 95 96 92 84 86 92 82 97 90 87 86 81 78 89 75 78 77 70 67 
149 158 174 131 98 104 98 104 98 92 91 104 139 151 184 188 205 208 159 160 190 196 139 110 111 97 100 100 77 96 84 81 180 235 244 119 105 148 155 183 239 209 182 196 218 168 130 140 121 116 118 126 87 161 137 119 128 85 139 99 168 241 249 244 241 237 209 126 102 94 94 107 146 145 231 213 210 110 82 74 84 82 83 75 81 90 99 99 94 93 87 82 81 77 76 81 81 76 76 70 
173 187 155 125 102 103 104 102 104 124 143 186 216 226 221 221 186 169 164 173 207 174 124 106 91 92 104 97 84 91 97 89 176 233 228 122 111 172 185 172 233 191 182 220 192 163 133 145 107 137 169 151 156 142 160 116 90 118 122 148 220 249 239 226 228 211 186 109 97 88 96 126 208 208 241 233 135 105 101 88 83 103 89 83 90 93 89 91 86 86 80 75 78 77 80 78 77 75 70 66 
176 173 165 113 103 136 166 184 175 195 208 227 234 213 211 212 187 214 226 211 185 117 114 106 92 79 117 105 93 84 61 79 187 240 227 111 131 104 147 201 228 177 167 198 184 184 189 159 132 139 166 147 138 107 123 85 93 64 130 208 244 245 227 234 215 161 114 116 92 82 87 115 240 221 247 197 100 102 103 93 99 110 107 94 94 98 98 86 82 86 83 79 78 80 80 80 74 74 65 50 
158 176 174 187 202 203 193 181 220 215 207 194 199 195 182 173 209 216 213 188 167 115 105 108 102 99 120 103 85 66 59 76 174 238 251 123 135 136 127 132 195 185 192 204 176 167 176 135 127 129 96 178 149 124 125 118 123 82 184 243 248 248 231 237 214 188 99 88 80 85 114 141 230 232 212 115 97 93 86 83 108 107 98 99 89 88 88 83 85 85 86 84 84 83 79 72 64 66 61 52 
176 158 152 171 188 189 217 222 225 227 200 190 207 205 176 169 201 216 179 164 138 119 113 105 96 92 112 107 98 60 99 94 172 249 250 137 139 126 144 132 161 166 167 157 124 138 118 120 173 109 100 144 144 109 118 101 148 122 204 250 244 226 223 206 214 199 91 80 107 119 197 169 212 188 116 106 102 97 91 94 106 100 99 90 88 86 82 82 82 85 84 83 83 79 68 64 63 63 55 60 
189 161 161 185 181 183 189 205 192 199 198 195 219 208 219 198 188 177 168 160 105 106 107 111 85 81 108 108 99 98 95 77 161 249 247 139 149 132 166 141 168 183 120 129 148 102 126 91 124 57 92 144 71 98 139 127 155 185 238 246 240 226 241 228 206 132 72 82 105 203 222 201 193 115 103 98 103 94 97 103 107 99 104 88 89 86 86 87 88 90 82 82 82 77 69 70 67 60 55 55 
196 177 193 219 216 176 201 183 205 205 194 207 227 230 214 228 227 223 182 144 121 112 92 102 83 96 92 131 75 75 122 90 132 201 233 148 91 130 135 149 172 136 133 104 133 98 84 90 128 112 152 85 172 146 71 127 155 220 211 235 235 240 242 187 174 71 69 88 140 206 212 220 138 104 91 79 86 86 106 101 97 100 89 92 95 93 88 86 89 87 79 78 77 74 71 69 63 65 72 62 
217 214 210 185 204 220 205 221 223 187 187 162 172 207 227 221 205 198 179 135 110 99 94 106 97 103 87 103 88 89 121 87 119 209 235 182 135 147 150 149 143 165 120 130 125 115 151 104 117 149 108 98 124 50 83 149 215 227 223 250 240 248 210 120 85 62 68 99 158 149 193 139 113 102 92 83 86 98 102 89 95 90 88 92 93 85 81 82 80 82 81 79 75 72 79 71 55 48 57 62 
190 183 177 172 198 209 216 226 212 192 187 183 195 183 180 176 161 140 133 154 104 75 92 105 102 89 96 97 126 107 86 114 109 169 245 177 105 114 128 186 163 163 161 119 93 108 102 57 113 149 131 136 47 65 79 122 235 219 245 239 244 210 108 90 58 56 69 110 108 145 125 116 107 95 82 85 94 101 89 91 98 87 97 86 84 89 85 78 82 86 81 75 70 71 69 53 52 54 49 63 
231 213 198 192 172 203 174 179 204 191 194 187 194 185 165 178 180 133 110 109 105 95 103 106 96 67 94 86 91 149 100 106 109 141 200 176 85 117 142 157 147 115 123 115 138 94 103 86 126 125 162 67 44 60 103 192 240 234 234 217 236 145 81 63 52 64 101 86 109 112 115 105 94 76 71 80 89 91 89 97 94 90 88 85 77 91 78 77 82 86 77 70 68 67 60 55 51 58 52 57 
202 204 178 176 196 186 203 205 171 172 173 184 218 217 216 191 141 123 109 104 96 115 106 110 96 89 86 76 74 111 130 91 131 142 160 183 124 176 87 129 111 106 120 103 134 108 99 129 72 121 71 68 67 113 109 242 222 245 236 212 231 111 62 48 48 65 88 95 101 108 103 90 77 88 84 80 77 82 88 89 83 84 81 77 82 81 77 77 85 77 73 69 74 67 64 58 57 57 53 64 
180 187 189 202 195 219 216 190 203 202 202 206 175 185 206 179 119 103 112 79 92 111 105 92 103 94 98 76 90 86 139 112 110 142 141 189 146 169 127 132 142 144 156 104 80 80 67 102 82 52 47 56 106 72 77 220 236 239 206 178 138 66 45 44 53 71 85 90 110 105 99 90 71 74 83 78 77 75 79 74 80 68 71 76 72 69 67 71 83 74 72 66 64 58 60 53 60 59 56 71 
213 219 192 167 171 183 193 198 195 201 221 209 182 204 193 137 106 113 113 92 108 108 99 92 90 126 87 78 103 98 104 132 100 196 158 151 137 159 132 110 126 125 133 78 71 87 85 96 66 59 66 80 139 70 135 221 203 165 147 90 66 44 36 44 65 81 86 101 106 99 87 79 70 79 79 73 72 73 72 71 78 72 76 77 65 65 64 73 81 74 68 65 46 56 51 46 53 59 55 70 
206 200 200 196 201 212 190 191 173 164 186 211 204 195 145 106 116 108 93 115 111 114 95 81 103 72 115 64 116 135 122 95 94 135 140 130 171 103 92 71 46 42 43 41 39 40 38 38 37 71 52 138 60 123 167 161 131 104 72 64 50 33 36 44 67 85 111 109 98 85 77 66 63 73 73 71 72 72 71 77 74 67 78 70 71 70 69 73 66 65 53 42 55 56 44 53 54 50 60 70 
182 198 213 214 212 208 200 206 209 196 178 152 168 144 114 99 98 55 55 87 109 90 86 93 136 101 92 163 162 148 103 58 39 43 55 61 64 43 43 45 46 43 44 41 39 36 38 39 36 35 35 68 77 129 129 116 102 73 54 52 32 33 41 53 67 91 106 95 89 85 78 77 70 68 68 71 73 72 72 65 67 73 71 68 71 70 71 65 59 51 42 55 54 60 49 50 47 53 48 59 
198 167 162 162 176 198 193 187 204 202 191 207 214 141 115 99 54 35 32 36 51 72 61 149 149 129 111 96 84 52 37 35 30 30 33 33 37 38 38 38 36 39 41 42 40 36 34 35 34 33 32 35 46 91 104 111 98 61 52 35 28 36 48 56 72 93 93 84 79 80 74 70 73 67 72 64 67 66 65 64 74 65 65 68 65 65 67 55 48 43 53 52 49 56 57 51 53 56 55 53 
199 214 221 195 209 181 182 176 182 201 206 174 159 103 102 81 37 36 37 34 35 38 133 186 177 149 80 60 38 32 25 26 24 28 26 26 25 28 31 35 37 38 37 39 35 31 33 34 32 32 30 30 36 47 64 61 52 52 45 39 35 39 44 55 58 88 88 82 73 79 78 69 56 70 72 68 65 62 60 62 66 67 68 68 61 57 55 43 46 31 39 39 55 53 56 46 51 51 55 58 
206 205 227 218 201 200 204 219 219 177 165 186 128 94 85 38 30 27 28 27 31 33 55 158 163 137 61 34 25 24 21 21 18 24 23 21 21 25 27 28 33 34 33 34 32 29 29 29 32 33 31 32 30 31 38 41 44 39 35 35 33 31 30 28 28 49 58 54 56 64 66 62 57 68 68 62 66 63 68 67 47 50 64 59 51 36 23 20 17 28 23 33 48 49 54 56 45 53 53 66 
194 209 215 195 200 198 216 209 201 176 209 150 107 102 43 27 26 24 28 27 30 30 36 52 102 94 42 32 23 23 23 19 21 20 20 19 20 21 19 20 24 28 29 31 31 30 29 28 32 31 27 25 24 21 25 27 30 33 34 34 34 30 30 30 29 26 19 16 18 23 28 30 40 48 33 33 34 45 50 38 32 37 38 28 19 19 17 17 18 16 17 27 44 38 44 49 55 49 55 72 
175 188 186 203 199 195 194 184 190 201 177 97 106 70 30 30 33 33 31 31 32 32 33 36 43 45 30 24 21 22 22 19 21 20 18 21 19 17 16 18 22 24 26 28 30 30 29 29 27 24 22 20 18 16 16 19 20 24 27 32 32 29 30 31 34 33 23 21 21 18 17 14 16 17 15 14 17 18 18 17 17 18 17 18 21 20 17 17 19 18 18 30 56 51 45 55 53 54 63 75 
201 202 201 194 168 185 180 155 188 201 138 97 89 50 41 38 36 34 27 25 23 24 26 32 34 30 22 18 18 19 19 20 16 16 15 18 17 15 17 20 20 19 22 26 28 28 29 28 23 20 18 18 16 15 16 16 17 18 21 24 29 29 31 29 31 29 25 24 24 23 20 20 18 17 17 18 16 14 15 16 14 17 20 21 24 19 17 18 17 16 16 31 58 54 48 48 58 55 68 81 
201 196 202 192 216 210 186 199 197 167 110 102 60 41 40 39 30 26 23 18 19 17 19 22 22 19 19 19 16 16 18 17 16 18 19 16 15 15 17 16 15 18 21 24 26 24 24 23 19 18 17 17 17 15 15 15 15 16 20 22 27 24 22 25 26 26 28 28 28 26 23 25 21 22 24 22 21 16 16 16 19 22 24 25 25 22 17 16 14 14 18 31 60 41 43 56 64 58 74 84 
206 191 198 152 178 209 211 209 220 132 102 88 50 35 35 32 30 36 31 28 28 26 23 19 23 26 23 20 19 16 15 17 16 17 19 14 15 17 17 14 17 17 20 21 24 23 19 18 16 17 16 18 18 16 14 13 15 18 19 23 25 23 24 21 24 23 28 28 29 29 28 28 26 24 26 26 25 22 22 20 24 24 23 26 25 21 17 17 15 15 19 38 63 36 40 67 69 69 73 72 
221 193 182 207 199 188 195 179 156 103 105 83 42 29 28 36 40 43 40 37 37 36 34 28 23 22 28 26 22 16 16 14 15 16 17 17 18 17 15 15 16 17 19 19 19 21 19 18 15 14 15 17 18 14 13 13 13 18 20 23 23 24 25 25 27 28 26 26 25 24 26 29 27 26 27 26 26 25 23 23 22 25 22 25 26 25 19 16 18 19 22 44 70 56 51 73 79 78 71 70 
225 193 209 201 197 222 183 184 106 87 96 70 32 32 37 45 41 41 37 34 38 36 35 34 35 33 28 32 29 20 17 17 14 17 18 17 18 15 15 16 17 17 17 16 19 20 18 16 15 16 15 16 17 14 14 14 16 19 21 21 22 23 24 24 26 25 25 25 27 26 29 28 26 27 30 27 27 29 26 26 27 28 26 27 30 26 19 15 18 18 26 59 73 62 49 76 79 75 74 60 
188 189 164 193 159 200 199 159 97 82 100 57 34 34 43 45 40 31 30 27 38 35 35 39 42 40 34 37 41 41 39 33 24 17 17 16 16 15 15 16 16 16 18 18 20 17 16 16 17 15 14 15 15 13 13 15 20 20 17 12 14 18 20 20 23 25 26 24 25 26 24 26 27 27 29 28 27 29 26 26 26 28 28 28 28 27 24 19 20 23 26 61 70 68 59 62 73 71 79 64 
229 187 165 204 205 199 180 110 97 93 98 51 42 42 44 36 34 26 25 30 32 35 37 41 42 43 45 43 46 43 42 43 41 20 15 15 14 15 16 16 15 15 17 16 17 15 17 16 16 14 14 14 14 12 12 13 18 17 12 12 11 13 14 14 17 17 18 16 15 16 16 15 14 16 18 18 21 21 24 26 26 28 27 26 24 27 26 28 25 27 54 73 87 83 72 61 67 67 64 68 
208 182 210 221 210 195 123 126 97 117 144 120 96 66 40 34 30 24 23 31 31 32 42 45 49 54 39 39 40 38 37 39 38 22 17 14 14 15 16 16 17 15 15 16 17 17 19 17 16 15 14 12 13 14 12 14 20 20 16 16 15 14 17 16 16 16 14 11 11 12 11 12 14 14 15 16 17 13 14 14 25 28 30 29 33 33 30 33 27 47 57 67 60 56 66 70 65 75 64 74 
193 185 183 190 186 156 109 114 110 175 199 176 144 53 35 33 30 33 25 26 31 36 43 46 49 44 44 64 45 35 35 37 33 29 18 15 14 15 16 16 18 19 17 16 18 18 20 19 16 15 14 12 11 13 14 18 23 20 18 17 19 16 15 17 19 16 14 13 10 10 12 11 11 12 15 16 17 13 12 12 20 28 31 35 35 39 41 40 39 46 47 48 55 62 74 63 69 67 69 78 
178 184 183 190 159 114 105 104 102 216 163 173 89 38 34 32 31 32 31 34 38 39 41 42 41 42 53 58 36 30 34 34 38 32 16 15 16 16 17 16 18 17 18 18 19 19 20 22 16 14 13 12 11 11 16 21 23 20 19 20 21 21 18 18 17 15 13 12 12 11 11 11 11 11 12 15 17 13 13 12 14 22 26 36 35 39 40 40 47 47 48 45 57 64 75 68 76 70 69 67 
161 157 157 147 136 100 107 93 106 225 121 160 58 37 33 30 32 34 35 37 40 40 41 42 43 40 51 53 40 34 33 28 41 32 14 14 14 15 16 17 15 14 15 16 19 18 19 20 18 14 13 12 13 13 19 23 22 19 19 20 23 20 21 19 19 19 15 13 13 10 10 11 11 11 12 14 16 14 12 11 13 18 26 32 36 40 38 40 44 45 49 46 59 70 76 76 69 69 70 64 
107 111 110 120 117 107 101 91 123 182 126 128 49 38 33 31 30 33 33 36 38 40 40 41 44 40 53 50 40 32 35 29 42 32 14 14 14 17 18 16 15 15 16 17 17 17 19 20 17 14 14 14 14 14 17 21 21 19 20 22 21 22 17 19 16 18 16 13 13 12 12 12 10 10 12 14 15 13 14 13 12 17 22 28 41 45 39 43 44 43 45 46 52 73 79 75 53 55 68 67 
120 128 115 103 107 97 95 83 143 137 106 126 48 38 33 32 31 32 34 35 38 40 40 39 39 39 53 58 41 31 38 36 42 31 14 15 18 18 17 19 19 16 16 17 17 16 17 17 17 15 17 15 17 16 20 23 26 23 23 25 19 21 20 18 16 17 16 15 14 14 13 12 11 11 12 14 16 16 14 12 14 16 25 34 42 45 39 43 42 36 46 49 56 65 78 72 60 55 67 67 
94 95 101 103 98 90 92 90 157 149 117 143 55 41 36 33 29 32 32 34 38 39 39 38 39 36 38 62 53 43 38 42 38 22 14 15 16 15 18 18 15 16 17 16 16 18 16 16 15 15 13 13 16 18 21 21 22 21 22 20 16 16 21 16 18 16 16 14 14 12 11 12 11 11 13 14 15 17 16 13 11 14 22 36 39 44 45 42 38 35 41 46 56 63 80 71 75 58 69 80 
91 98 95 90 89 96 85 76 136 171 120 138 67 39 36 33 27 28 29 30 33 37 41 44 47 42 36 36 38 37 34 36 38 22 15 14 15 13 16 17 15 16 17 16 16 18 16 16 16 15 14 14 15 15 19 23 22 20 19 18 18 18 18 13 15 14 15 15 13 12 11 12 10 10 13 13 16 18 18 14 13 15 20 36 38 44 50 47 40 29 25 37 49 71 71 73 67 61 72 88 
82 106 95 94 90 88 86 70 119 210 121 117 86 36 35 32 23 24 29 33 31 33 41 44 47 48 44 39 38 37 37 34 42 25 15 13 15 17 17 17 14 15 17 17 15 18 17 17 14 15 15 15 15 14 17 24 23 21 18 15 17 15 16 16 16 15 13 15 12 12 12 10 10 12 13 14 16 17 16 14 14 12 18 36 35 43 46 43 24 18 19 20 47 83 71 67 64 65 72 82 
134 115 105 114 110 94 97 98 116 222 159 81 90 49 37 31 23 24 32 38 33 34 38 44 43 46 49 48 47 41 39 39 44 21 15 13 15 15 16 16 16 16 15 15 17 19 20 17 13 13 15 15 15 13 16 20 21 22 19 18 17 13 12 14 16 15 13 12 14 12 12 11 9 11 13 14 16 16 17 14 14 12 19 34 36 40 33 22 17 17 18 25 39 76 77 64 68 62 80 81 
125 79 92 94 93 92 89 91 102 205 189 91 58 48 39 35 28 22 31 36 35 35 36 37 39 43 43 44 44 42 43 45 36 18 15 14 13 14 15 15 17 15 16 14 15 17 20 15 14 16 16 15 13 13 13 15 19 24 21 19 18 14 17 15 15 16 15 15 15 10 11 10 9 11 12 13 12 15 16 15 14 13 14 27 21 23 21 19 20 20 16 19 27 74 78 69 75 71 83 85 
77 75 85 95 93 71 74 82 75 153 202 61 40 39 41 40 36 27 36 38 37 36 34 36 39 41 40 39 41 36 37 33 19 15 15 15 15 15 14 15 17 15 14 15 15 17 17 15 15 14 15 15 14 13 14 16 17 23 24 21 18 21 22 13 12 14 15 16 16 11 11 11 10 12 12 13 13 16 18 19 18 17 19 25 24 24 20 21 23 16 14 17 26 71 71 80 74 80 93 95 
94 91 93 89 74 60 71 72 69 114 221 52 34 34 37 40 41 33 38 33 43 37 36 35 37 40 39 41 46 40 33 17 12 14 15 15 15 13 17 16 14 16 15 15 16 17 14 15 14 14 15 15 14 13 15 16 18 22 23 19 19 18 17 13 14 14 16 16 13 13 14 13 11 13 16 18 23 26 25 25 23 24 23 26 23 26 22 19 15 12 15 16 25 60 81 77 74 81 91 94 
134 142 136 127 126 130 127 114 131 128 201 63 27 31 34 38 40 41 40 39 37 35 35 33 34 34 35 39 36 26 17 14 15 14 15 14 13 11 15 16 15 15 16 17 19 19 16 14 15 15 15 15 15 16 16 17 18 23 23 22 19 15 17 21 20 22 24 23 23 23 25 25 26 23 25 24 23 23 25 24 25 24 26 23 26 23 20 16 15 16 18 25 40 65 76 69 82 85 85 92 
137 143 141 144 117 119 122 134 138 133 175 159 38 25 29 37 37 40 38 35 34 33 31 29 30 31 36 35 26 17 14 16 14 16 16 15 17 14 16 16 18 16 18 20 21 21 17 15 16 15 14 15 14 15 15 15 16 18 21 21 23 22 25 25 25 26 28 26 27 25 26 26 26 26 25 26 26 23 24 24 27 23 25 25 27 23 17 14 16 23 20 27 33 71 76 75 94 83 90 96 
128 118 116 119 116 115 106 104 108 103 118 216 104 27 24 29 31 34 29 24 25 24 21 23 28 36 37 28 19 14 15 17 17 17 16 13 16 19 17 16 19 20 20 22 22 23 21 16 17 16 17 15 13 15 13 15 15 16 22 23 24 24 25 25 23 23 24 23 26 27 28 25 27 29 26 26 30 28 27 29 26 27 29 28 26 26 19 15 16 17 18 27 47 77 80 87 89 83 90 99 
124 127 121 119 116 112 105 105 108 103 102 168 97 42 34 27 22 25 20 15 13 14 18 26 37 35 23 22 22 19 18 17 17 16 16 15 16 18 21 19 19 22 26 27 26 26 28 25 19 18 18 16 16 17 14 14 16 16 17 20 22 24 23 24 26 28 25 24 28 30 30 32 28 29 29 31 29 28 29 32 29 29 31 31 31 29 22 16 15 17 30 49 60 65 70 89 77 79 87 94 
133 133 138 137 137 137 138 138 140 134 135 191 158 51 34 31 30 22 19 17 17 23 26 28 29 26 29 68 80 48 19 18 19 19 19 18 19 17 21 22 21 25 29 30 29 31 31 31 28 25 22 19 17 17 15 17 17 18 19 24 24 25 27 27 28 26 28 26 28 31 28 32 28 28 30 32 32 29 30 34 28 29 32 33 33 32 33 26 25 29 26 38 75 71 69 81 88 89 87 98 
114 117 118 115 115 115 114 113 114 111 115 139 223 83 35 31 30 29 29 30 29 29 29 31 39 59 131 175 146 55 22 21 21 19 19 20 17 20 22 23 27 29 30 29 33 34 33 31 34 33 30 25 22 20 18 18 18 19 22 26 24 22 28 30 27 29 27 27 28 31 30 31 30 32 30 30 31 30 32 31 29 27 29 43 43 41 37 35 35 39 37 46 71 71 70 74 98 96 85 102 
110 113 113 114 115 116 116 114 112 108 110 115 179 100 32 29 28 28 27 28 28 30 33 37 84 151 91 147 166 65 31 25 24 24 21 23 20 23 27 29 28 29 33 34 36 36 34 35 39 39 37 33 29 26 25 25 27 30 28 28 27 29 29 32 29 28 31 25 30 32 31 31 33 34 34 33 32 27 27 25 21 19 19 53 60 51 46 49 55 68 65 68 78 73 75 71 89 87 93 90 
78 74 82 89 91 95 99 102 107 106 106 109 126 179 43 26 23 26 26 25 26 29 31 62 78 71 82 122 169 146 92 55 31 27 27 30 31 34 37 40 38 40 39 38 39 41 38 41 41 39 38 36 35 35 38 39 38 36 33 30 29 32 28 29 29 33 35 34 33 35 38 34 30 24 22 20 19 21 22 21 19 17 31 56 54 45 52 48 64 70 68 69 78 79 74 79 83 87 92 85 
51 50 58 68 65 65 67 72 72 69 68 71 75 148 117 35 26 27 28 28 29 31 43 89 82 82 99 115 143 158 153 95 57 59 102 102 93 67 47 42 42 45 45 44 45 46 45 42 40 38 38 38 41 44 47 44 42 39 38 38 36 36 34 34 35 34 35 34 28 37 45 30 20 14 15 14 17 19 24 18 16 18 28 57 54 50 55 46 61 61 63 76 75 73 74 86 82 86 89 93 
55 57 60 70 63 70 68 71 74 74 65 66 67 73 181 73 36 33 31 33 31 32 86 80 84 100 113 126 125 128 167 171 148 135 159 156 137 123 104 88 68 54 48 50 51 50 46 43 41 40 45 44 47 42 41 45 49 48 45 42 38 36 34 32 25 22 19 18 18 29 43 31 22 14 14 14 16 21 22 20 16 15 29 58 61 53 53 62 63 60 71 79 69 68 84 89 89 95 85 91 
57 59 75 74 68 69 72 69 68 70 66 68 68 73 121 177 39 28 28 31 35 74 74 87 86 106 118 121 122 126 132 144 144 129 127 121 91 97 125 147 156 122 81 60 50 52 50 48 48 60 83 77 60 61 52 48 103 61 37 27 22 17 18 19 15 15 18 16 20 18 30 29 25 16 14 14 17 21 24 20 17 18 34 55 52 54 52 75 81 66 71 75 65 74 80 94 92 98 82 82 
59 66 80 73 69 68 73 72 69 70 68 65 66 74 69 183 113 35 35 61 82 71 73 79 82 107 117 119 119 122 129 123 127 127 127 128 96 91 101 127 131 115 116 118 123 115 96 93 112 142 137 162 133 87 54 39 48 27 22 16 16 13 15 16 15 15 18 15 16 21 23 24 24 17 14 12 18 21 25 23 16 17 36 56 54 46 54 66 72 63 70 68 75 84 78 96 92 84 84 82 
61 79 72 70 69 70 73 71 68 66 63 63 66 67 69 76 99 114 95 82 69 72 77 78 75 95 118 118 116 121 123 122 124 132 126 130 103 82 75 124 133 92 101 108 106 115 113 107 99 101 84 147 197 138 80 47 28 24 18 16 15 14 13 13 12 13 15 15 14 14 18 22 24 20 15 13 16 22 23 21 15 18 33 51 58 52 53 64 62 61 68 61 77 77 83 101 90 79 87 94 
66 77 70 67 69 73 72 70 70 64 64 65 65 65 66 67 66 68 67 69 72 72 70 69 68 83 119 119 118 120 122 121 122 128 124 129 108 84 72 117 117 109 108 107 102 106 98 92 96 92 64 59 216 191 144 50 43 20 18 17 15 13 12 11 12 12 12 12 12 11 13 16 15 14 13 13 15 22 24 19 14 22 37 53 55 55 57 61 59 65 73 72 78 80 92 105 100 77 86 100 
75 82 74 67 71 74 72 68 65 70 66 66 65 64 66 65 68 64 65 66 72 69 68 72 70 78 124 121 117 122 122 126 118 129 131 130 114 86 81 119 95 117 105 102 90 100 88 94 93 84 49 59 156 145 101 39 89 34 17 13 12 12 12 11 12 12 11 12 11 13 11 11 12 12 13 13 14 20 19 21 15 23 41 52 51 58 68 62 54 78 67 74 69 91 104 102 83 87 92 99 
80 80 78 70 71 70 71 71 68 70 68 66 64 67 69 66 66 67 67 68 72 71 69 73 72 70 120 120 123 124 127 126 125 129 134 133 121 91 77 83 107 106 104 106 100 98 91 92 94 63 55 62 113 91 52 45 69 25 14 13 13 13 13 12 13 12 12 11 11 11 12 10 10 12 13 13 14 19 15 16 15 21 41 49 55 61 72 99 54 71 65 73 76 95 95 96 78 84 97 104 
85 80 83 75 72 72 74 75 74 73 74 73 69 71 73 67 65 70 68 66 67 69 69 73 69 66 114 125 125 124 127 130 129 132 136 138 124 95 80 81 110 106 104 100 105 94 97 95 90 55 50 45 73 80 59 69 60 35 16 16 14 13 12 13 12 11 12 11 11 10 12 10 11 12 13 12 14 17 12 15 13 23 41 47 56 53 67 89 53 67 64 72 83 102 89 98 82 82 100 100 
76 78 78 67 67 68 74 74 73 74 70 72 66 66 73 68 72 73 68 66 69 70 72 71 69 70 108 125 122 120 123 129 129 134 134 133 124 104 89 84 99 100 101 100 101 91 93 95 80 53 45 41 54 53 80 108 89 58 25 17 15 13 12 13 12 10 12 13 13 14 13 13 14 12 12 13 16 15 13 13 14 25 40 51 54 64 75 72 59 85 81 80 79 87 88 95 84 84 106 91 
81 76 77 71 68 68 73 75 70 75 72 70 74 71 73 70 73 76 70 69 71 69 68 70 67 68 98 126 125 124 125 129 126 131 127 124 102 90 74 59 66 66 86 97 98 94 93 83 68 43 33 36 48 67 97 111 105 90 52 19 14 14 12 13 12 12 11 15 13 15 16 13 13 14 10 14 17 16 13 14 15 22 36 47 52 66 79 77 56 90 93 77 77 83 82 95 94 100 108 90 
80 73 74 75 71 76 75 70 70 71 72 69 75 73 73 70 73 74 72 68 70 68 68 69 69 65 90 128 129 124 128 128 131 132 128 106 75 32 32 33 36 32 37 71 75 86 84 75 48 39 36 40 52 63 63 90 107 95 59 20 15 16 14 14 14 14 12 12 13 12 14 13 14 13 13 15 19 16 13 13 14 16 27 41 46 57 82 79 64 86 72 74 79 101 89 104 98 87 100 100 
75 74 73 75 73 76 76 71 72 67 69 75 71 69 76 69 72 74 70 69 67 69 71 71 69 66 81 123 126 125 129 128 129 128 121 91 54 32 36 36 36 34 32 29 32 40 50 45 37 42 39 36 43 53 66 103 84 83 52 25 21 18 17 15 13 14 14 13 14 15 13 13 12 12 13 14 18 17 14 14 15 15 19 34 42 52 86 86 69 86 86 79 78 90 96 105 102 92 88 97 
76 75 79 78 76 72 73 72 72 69 72 74 73 73 74 72 72 70 72 70 67 70 71 70 68 70 72 119 126 125 130 131 129 129 115 80 51 32 37 39 39 39 39 34 35 38 39 35 41 46 45 42 45 47 57 88 89 146 95 31 49 22 22 19 18 17 16 14 13 15 15 14 13 13 12 14 15 17 15 15 15 14 15 20 25 47 78 78 63 79 74 93 82 89 98 103 96 80 86 96 
71 68 75 77 73 75 75 72 70 69 68 72 72 71 71 73 73 71 73 69 68 72 72 69 69 69 71 122 124 123 131 130 130 123 97 78 60 37 40 43 40 45 47 42 39 37 36 39 42 44 41 45 43 38 51 49 93 113 70 30 43 24 28 27 22 19 20 16 17 17 18 17 17 17 19 19 16 15 17 16 14 15 14 14 16 31 76 86 54 77 65 81 77 80 91 93 89 77 92 96 
69 69 75 73 72 73 70 71 70 67 69 72 74 72 73 72 71 70 72 71 69 70 72 71 72 71 69 112 127 126 130 129 127 103 85 76 65 53 46 42 39 39 46 50 46 34 36 39 43 46 38 37 40 42 42 43 65 61 42 37 36 29 30 33 25 25 23 21 21 22 19 21 25 25 23 17 15 15 18 17 16 15 15 13 14 18 73 83 55 76 73 84 86 66 84 82 90 93 89 81 
75 74 73 73 73 72 70 67 73 72 71 71 76 75 75 72 73 73 74 73 75 76 74 72 72 71 70 103 126 129 131 131 112 84 76 66 43 35 29 28 32 36 41 47 42 35 34 37 42 49 42 36 37 42 39 44 53 58 53 42 42 36 33 36 29 31 29 28 21 24 23 24 26 22 21 20 16 15 16 21 20 18 17 15 17 18 75 80 59 81 70 84 87 72 76 81 95 97 84 82 
73 78 77 77 76 73 71 72 76 72 72 75 72 76 74 71 72 75 74 74 75 76 74 73 73 73 73 93 128 128 129 122 88 79 60 40 34 33 30 27 29 31 40 40 40 37 35 35 39 42 42 33 36 37 43 47 52 52 55 48 44 41 35 32 31 32 36 32 28 29 29 26 28 25 23 23 21 15 15 20 25 18 21 17 21 18 76 78 55 79 70 87 85 79 72 89 96 107 107 104 
77 81 81 78 76 76 79 82 73 73 71 73 72 76 73 69 69 71 74 71 71 73 72 71 72 72 71 83 125 126 122 99 79 63 39 38 36 31 29 29 28 29 35 36 39 41 38 36 41 39 37 35 36 33 42 46 52 59 51 59 52 45 39 36 34 36 38 35 35 34 34 33 31 30 29 28 28 16 14 16 33 22 26 21 19 19 68 65 57 73 88 87 94 107 99 142 167 133 117 101 
83 88 79 77 77 75 75 76 77 73 75 74 76 77 74 74 75 76 74 73 72 71 69 70 72 73 73 78 122 125 104 84 70 42 41 40 45 47 45 45 44 36 32 44 58 64 60 63 69 63 62 58 52 43 42 50 53 56 59 67 64 58 45 41 40 38 39 38 37 36 29 29 27 28 28 31 29 21 16 16 36 28 25 26 19 20 65 57 62 70 96 109 142 207 202 222 212 121 99 97 
93 84 77 77 74 77 74 74 74 73 72 72 74 78 75 77 77 74 72 72 71 74 72 71 77 75 68 67 115 108 88 80 57 58 60 62 62 76 72 78 76 69 43 62 81 79 77 77 75 72 72 69 64 53 44 48 61 59 58 66 61 61 67 60 50 86 69 51 40 37 41 31 26 31 39 42 38 37 36 35 43 43 33 29 30 40 81 53 60 80 145 221 216 226 156 158 220 124 96 93 
86 83 77 76 71 74 71 73 72 69 70 70 75 80 77 78 79 77 75 76 76 70 73 75 86 73 67 63 91 91 84 81 79 76 71 64 80 113 94 92 84 75 50 61 76 78 77 79 75 74 71 71 64 55 43 46 56 51 68 68 65 64 68 73 69 92 130 119 114 63 43 35 39 66 89 84 93 98 163 158 94 77 83 53 39 57 95 56 67 107 186 233 230 217 187 118 204 100 92 80 
83 84 75 81 79 78 71 76 73 70 73 76 74 73 71 76 79 79 74 79 76 76 76 76 86 72 66 65 67 87 86 83 76 75 67 70 114 126 96 91 84 79 58 61 76 73 75 80 75 76 72 72 69 59 39 40 48 55 66 68 65 61 56 69 81 70 44 74 106 99 67 68 68 87 86 77 97 108 163 219 163 59 24 30 36 56 89 61 78 104 196 236 239 125 229 153 223 154 119 85 
82 83 74 78 76 74 74 76 76 75 73 71 74 74 76 74 75 72 75 72 73 77 75 76 73 71 70 66 65 92 90 85 79 82 82 82 120 128 97 89 84 81 51 59 76 76 78 80 76 75 74 74 68 60 40 42 54 63 68 69 64 62 53 56 70 63 30 30 40 37 54 38 50 76 43 78 85 85 76 135 179 104 30 39 32 57 83 65 85 87 213 242 197 152 213 152 127 206 195 105 
78 80 76 79 75 74 74 76 76 75 75 71 71 72 75 76 75 71 73 74 74 76 74 77 74 72 71 67 64 91 84 84 90 106 97 92 124 126 95 88 90 83 52 55 71 77 80 83 82 74 76 75 66 62 43 42 53 56 68 65 64 68 55 56 67 45 27 22 22 21 35 40 47 34 44 70 75 76 79 93 158 128 42 60 45 51 80 58 77 81 199 212 160 104 158 166 99 156 222 103 
75 81 78 74 79 75 74 74 75 71 75 80 74 75 76 77 78 77 76 76 77 76 75 75 73 70 69 63 59 88 85 96 117 117 98 91 120 125 98 90 89 88 60 58 84 84 83 84 82 75 75 73 66 60 39 41 50 53 64 64 64 68 60 52 55 35 29 21 19 21 24 24 30 23 51 68 60 61 88 88 215 149 35 47 55 61 68 58 77 80 146 171 149 84 126 173 102 170 190 101 
77 78 80 78 78 77 72 76 77 72 76 76 75 76 77 78 80 77 77 79 77 80 76 73 72 73 72 66 60 86 97 111 126 123 95 86 119 129 97 93 87 88 70 69 86 77 78 85 81 80 79 73 68 57 40 42 51 53 61 60 67 65 63 52 38 30 27 21 21 20 22 22 22 26 43 63 57 63 87 89 182 167 64 73 72 68 63 60 74 80 148 204 171 84 89 148 89 137 223 125 
81 78 73 77 75 83 81 77 75 74 75 78 80 76 74 77 78 80 78 79 80 78 77 73 75 71 68 65 61 84 94 116 127 122 94 88 120 128 84 81 82 87 74 72 80 79 79 85 82 78 79 76 73 59 42 38 48 52 58 60 64 72 60 38 32 29 23 21 21 20 24 22 23 25 35 55 57 62 90 104 141 218 92 73 149 98 62 71 90 115 193 232 195 100 87 100 96 114 229 170 
68 71 74 71 73 78 76 73 76 77 78 77 76 73 77 81 76 77 73 75 83 74 78 74 70 72 70 68 61 78 92 113 125 121 97 90 123 129 90 83 83 88 72 59 85 80 82 85 84 79 81 74 73 60 42 38 46 57 58 63 62 64 43 34 29 28 24 22 21 23 22 22 24 30 41 56 69 73 90 102 96 169 88 167 198 108 58 102 124 179 234 232 186 164 84 88 86 85 213 230 
71 70 71 70 74 71 76 72 74 78 76 79 76 77 78 81 80 79 71 78 78 72 74 73 70 69 68 65 58 74 87 109 123 125 98 91 120 129 107 82 87 88 79 61 86 81 84 81 82 82 80 71 71 60 39 46 50 60 55 65 54 42 32 31 27 26 24 22 23 24 22 25 25 43 55 58 68 70 85 96 93 112 135 169 227 207 61 88 162 188 210 218 191 220 139 95 82 104 162 228 
71 71 72 73 76 74 73 75 79 77 78 77 74 76 75 79 80 80 73 77 80 78 76 79 77 73 68 61 55 69 80 109 123 123 102 93 117 123 117 96 90 89 84 60 84 88 81 84 84 85 79 75 69 62 36 42 49 53 53 55 35 30 30 29 27 27 25 25 26 26 23 24 27 54 62 65 81 77 83 91 86 91 97 125 209 224 65 82 183 173 159 201 183 192 142 94 95 108 191 164 
69 72 75 72 73 70 70 73 74 71 76 73 72 78 74 79 79 83 75 75 77 78 76 75 76 76 71 60 53 69 77 106 121 126 101 96 120 122 121 99 93 91 86 48 78 82 78 80 80 84 80 78 71 65 35 38 44 47 44 34 30 28 29 29 27 24 26 25 27 27 27 27 36 53 63 77 74 78 87 92 81 88 92 129 211 222 85 119 186 212 124 212 187 181 111 91 116 126 187 151 
70 83 76 80 76 73 71 75 76 75 77 74 70 80 78 79 79 80 76 69 76 78 80 79 74 74 71 62 53 71 98 106 124 128 108 100 116 122 116 100 90 87 87 60 76 86 76 80 82 82 79 83 74 66 39 38 45 40 34 30 29 26 26 26 27 24 24 27 28 28 30 35 44 48 59 76 83 74 87 93 98 85 95 108 166 208 102 158 178 218 193 210 188 117 101 101 95 97 135 210 
75 75 73 75 73 71 73 82 81 76 78 78 76 81 82 84 85 84 79 72 76 77 77 78 72 70 66 58 51 66 99 115 126 125 106 100 115 118 118 102 90 88 87 74 86 90 79 80 87 84 82 83 76 73 46 43 39 37 34 30 29 29 27 25 25 24 24 28 29 31 41 45 59 59 64 74 83 85 91 91 94 91 89 101 103 183 106 209 193 214 215 219 195 92 82 71 75 92 109 185 
76 78 73 75 73 73 75 78 83 74 78 77 77 79 83 86 86 84 81 76 72 76 78 77 75 73 67 59 52 64 93 101 125 129 102 96 108 105 122 101 93 88 84 73 83 91 86 86 86 83 84 83 79 72 53 41 36 35 34 30 29 30 29 25 25 25 25 32 34 43 61 56 58 66 66 76 85 89 101 96 84 85 87 94 99 168 107 225 175 236 234 230 230 103 87 74 73 74 77 198 
80 80 77 75 75 76 75 76 79 75 77 81 79 77 81 81 79 85 79 80 75 76 76 74 72 72 66 59 51 64 93 98 124 124 100 93 114 112 120 104 92 92 86 75 82 93 85 88 82 82 84 80 80 68 47 40 34 30 31 33 30 31 29 27 24 27 32 45 54 64 68 69 60 74 61 78 82 90 98 100 93 88 86 88 90 161 103 217 185 201 243 242 205 124 87 78 65 79 75 211 
82 85 78 79 75 79 79 83 74 74 77 81 81 78 81 83 83 86 83 80 79 72 74 75 73 73 65 52 48 59 92 96 123 121 105 90 109 122 123 106 96 95 87 80 80 95 85 83 83 83 82 81 80 61 44 40 38 33 32 34 34 32 31 30 32 37 50 72 77 72 78 78 63 81 76 72 76 96 105 100 93 96 87 83 94 156 105 220 210 169 233 231 195 124 86 79 66 68 60 147 
79 80 76 81 78 78 80 77 72 72 78 80 76 78 83 84 88 81 78 75 74 69 70 72 70 69 62 53 50 57 91 97 128 130 109 91 111 120 119 101 96 97 88 80 80 89 80 80 81 84 82 80 80 58 51 41 41 38 35 37 36 35 39 43 52 63 77 83 70 62 79 84 63 90 68 85 79 91 105 99 84 90 79 80 90 141 108 210 195 194 168 196 230 134 94 86 72 73 87 119 
75 79 80 82 78 81 80 80 76 74 76 80 81 83 83 83 84 83 81 79 75 73 72 72 71 69 65 56 52 62 88 95 129 131 107 89 99 123 119 102 93 90 81 75 74 90 80 76 77 79 79 78 77 58 40 44 49 48 54 47 50 49 62 72 72 82 85 82 71 71 81 87 83 91 70 98 89 100 104 93 102 78 83 83 84 148 107 203 160 198 132 109 213 157 96 89 73 76 111 137 
77 78 78 79 79 77 78 83 80 79 78 82 83 87 83 89 87 85 82 80 78 75 72 68 70 69 64 65 71 72 90 92 126 128 110 86 90 123 117 108 94 87 82 85 71 88 78 73 75 77 76 73 73 61 35 46 55 56 63 57 60 51 69 73 75 80 82 79 82 79 74 90 98 73 77 78 81 102 97 84 95 92 90 87 84 164 104 186 116 168 130 126 197 150 100 97 79 64 118 153 
80 84 85 84 76 86 79 83 81 81 80 82 79 78 79 85 85 82 80 79 80 74 73 67 67 67 60 79 78 69 89 95 126 129 113 89 86 118 114 112 93 88 85 80 75 81 79 75 75 77 77 71 68 59 31 41 54 52 60 60 62 53 73 77 79 83 80 77 83 77 76 96 96 70 83 75 84 100 90 88 80 87 84 83 85 146 99 168 157 127 100 125 115 141 117 79 66 60 85 182 
85 88 83 82 81 77 81 80 81 80 79 82 77 80 84 84 82 83 81 77 73 74 71 65 63 62 62 78 79 71 90 95 125 132 115 89 79 116 116 114 92 91 79 68 66 79 79 78 77 75 78 73 69 57 28 37 47 49 64 60 56 68 76 70 77 78 77 71 82 87 88 107 78 81 80 78 83 87 97 100 80 92 75 76 85 154 100 175 201 116 89 111 133 81 87 80 69 67 117 190 
84 86 85 77 72 71 76 74 79 81 78 75 76 79 87 85 80 83 82 82 78 77 71 66 68 63 66 82 76 74 87 91 123 128 116 88 78 115 119 113 94 89 82 67 62 80 82 75 76 76 78 74 70 57 28 35 44 55 63 61 61 65 70 63 72 80 73 75 81 88 89 97 81 90 80 75 87 81 97 98 90 94 75 74 77 141 101 160 114 99 93 105 194 118 83 97 87 83 113 222 
85 85 83 76 68 69 76 76 78 77 75 77 82 86 89 86 85 87 85 86 78 75 68 66 63 57 67 85 81 73 85 89 113 134 111 89 80 109 117 112 98 90 85 72 63 82 82 76 78 78 78 74 70 57 32 38 46 58 62 61 64 65 63 66 58 78 86 87 82 84 93 89 89 93 87 74 98 79 102 109 105 97 78 82 80 130 101 111 114 142 81 98 228 106 79 78 89 80 114 229 
91 85 82 76 73 76 79 78 80 79 77 82 89 89 89 89 86 87 88 83 75 74 75 77 70 64 72 84 79 69 84 89 112 123 113 93 82 108 119 113 102 90 87 85 68 86 82 80 77 76 79 74 68 56 32 37 48 60 60 60 69 66 68 74 64 80 80 84 78 79 88 90 86 84 89 80 95 82 88 104 110 103 80 81 77 115 93 131 141 122 85 98 231 129 76 74 89 85 117 224 
91 88 77 76 78 81 82 82 79 75 76 78 83 86 87 87 87 89 90 83 79 76 77 75 70 63 72 82 78 74 79 89 108 121 118 102 87 110 121 116 100 91 90 93 70 84 84 79 80 78 77 78 68 55 34 40 50 57 63 60 70 75 66 64 71 83 78 78 82 87 88 89 81 76 84 70 87 88 94 99 101 93 85 84 78 141 99 157 163 90 87 109 244 165 82 83 79 94 170 213 
86 84 77 76 81 79 80 82 77 75 81 84 85 84 85 89 87 83 90 82 79 76 71 67 62 54 74 77 75 77 76 65 95 122 117 103 84 111 118 117 102 94 89 92 73 80 88 80 77 77 74 75 71 58 36 41 44 53 68 69 67 74 65 68 70 73 79 81 95 90 86 85 84 80 81 76 91 83 91 92 100 84 82 84 83 123 100 143 119 80 92 126 225 207 83 80 83 87 174 235 
88 87 77 77 79 76 79 76 77 78 81 86 84 85 87 88 87 89 86 82 79 74 70 68 59 58 80 77 72 75 61 38 83 123 115 108 85 109 118 115 101 94 87 90 80 76 86 81 79 81 74 74 72 62 39 40 47 53 57 67 68 73 70 75 64 57 80 85 88 90 94 85 86 87 91 92 99 80 83 83 106 87 73 78 78 138 103 131 98 79 86 98 205 221 147 95 76 119 218 216 
