144 150 149 154 133 156 160 158 142 146 165 163 146 156 166 169 168 163 170 151 135 139 166 169 175 168 168 165 155 168 166 146 160 166 164 152 157 168 171 168 165 148 152 150 169 165 160 164 164 141 146 114 90 116 166 165 162 167 165 118 120 142 153 160 160 164 162 158 160 159 162 159 152 145 149 144 133 123 133 136 135 136 140 159 165 168 170 146 142 129 122 142 149 135 124 127 121 126 148 154 
143 146 153 158 153 132 132 139 158 165 167 165 160 150 159 169 170 165 147 161 173 156 163 169 176 178 173 177 155 140 147 168 173 169 166 168 153 166 169 160 152 171 171 168 158 170 166 168 164 149 164 107 86 140 172 166 167 171 151 111 131 143 158 164 166 153 153 169 166 170 160 161 150 146 152 141 130 131 137 144 139 137 145 160 168 155 148 142 131 137 127 135 160 146 125 127 118 141 122 114 
145 150 148 150 136 144 154 139 164 164 166 166 162 164 155 144 148 157 177 166 174 174 154 163 171 177 175 156 162 174 153 167 169 167 168 167 164 139 141 166 172 171 173 176 163 158 169 158 151 167 176 115 89 150 170 169 168 170 153 114 142 152 160 168 162 159 164 143 161 170 160 156 150 147 152 146 139 140 138 142 144 144 145 146 159 151 147 158 140 136 132 129 150 127 126 114 124 142 122 135 
140 149 138 130 149 160 161 160 146 162 165 167 168 165 149 157 151 168 179 176 173 168 166 157 152 154 155 176 176 175 170 148 160 158 165 155 147 163 162 155 167 169 172 174 171 146 142 162 167 176 169 103 94 140 166 168 168 167 150 116 149 166 161 157 170 170 163 134 145 171 158 155 148 154 149 141 144 147 142 145 141 146 143 160 163 155 156 178 170 158 146 133 133 155 143 118 135 161 168 159 
125 124 135 144 120 116 141 165 165 147 169 168 154 153 175 171 176 159 172 172 168 165 163 151 160 158 169 174 170 175 171 169 150 146 148 157 165 168 170 164 154 173 174 162 149 171 166 152 165 177 153 95 99 133 164 169 171 166 145 120 151 160 167 164 174 183 152 135 152 159 158 153 147 156 152 139 142 150 151 148 149 148 148 146 174 191 178 170 169 152 160 159 160 167 125 123 158 166 160 143 
154 153 139 100 64 53 57 104 158 162 135 136 166 174 177 171 171 182 159 164 174 161 150 172 178 182 160 168 174 176 173 162 150 161 151 169 169 173 172 174 165 144 153 162 167 168 170 160 151 177 146 100 118 169 173 174 170 170 132 132 154 164 174 173 171 170 146 152 151 153 148 151 141 153 151 133 142 153 150 147 149 153 158 149 180 191 180 174 163 150 165 151 151 160 133 149 152 155 148 139 
157 156 148 86 50 34 24 33 94 142 171 170 149 173 180 171 173 179 171 144 141 157 171 176 180 182 178 157 171 177 158 156 171 170 165 149 172 171 174 169 151 166 155 165 169 169 172 165 153 150 123 94 136 170 172 172 173 163 126 139 156 166 173 175 169 172 144 150 151 159 140 148 153 150 149 133 143 155 160 152 147 148 157 159 169 160 185 173 155 153 153 135 147 152 133 176 161 166 157 154 
163 158 154 106 53 50 36 42 34 97 157 179 167 150 174 174 180 163 154 173 175 154 171 179 181 181 170 171 145 145 171 170 173 170 172 170 157 173 160 157 172 171 175 153 165 170 165 157 151 177 116 86 154 174 172 175 170 155 127 148 160 172 175 175 172 174 153 159 158 156 144 144 148 152 144 133 145 154 154 149 142 148 154 174 160 168 179 152 148 147 149 159 157 132 138 170 164 168 145 123 
162 164 160 151 76 39 42 29 15 42 120 164 170 174 152 155 158 167 176 175 176 175 154 172 185 181 159 159 180 178 156 171 171 172 172 173 154 145 156 169 172 173 174 173 154 153 151 163 175 180 118 98 166 175 171 176 175 146 118 153 168 172 171 178 185 180 173 167 168 152 147 133 141 144 131 140 147 152 149 146 147 152 164 168 147 160 155 164 152 142 137 157 152 154 147 165 165 154 122 125 
168 166 154 142 131 41 20 31 28 21 72 140 169 163 159 172 160 182 181 175 178 180 177 162 154 162 175 179 180 182 177 155 171 167 164 156 173 171 155 165 170 172 172 167 151 164 152 164 178 172 111 98 145 173 167 172 169 127 114 160 173 176 173 181 188 185 183 171 166 147 134 132 134 130 132 146 154 153 148 150 152 168 166 161 153 158 155 164 143 154 149 147 156 162 162 175 177 133 122 113 
137 136 160 170 162 96 27 17 28 36 36 95 143 166 183 184 183 160 179 179 178 179 164 168 184 167 185 183 179 182 185 176 142 148 162 179 177 176 170 154 164 174 163 157 169 169 164 151 183 160 111 112 159 170 171 165 162 129 131 164 172 181 160 170 189 155 176 175 168 141 132 135 139 132 135 144 152 148 157 154 152 153 158 158 148 150 161 149 149 150 159 136 149 150 181 189 167 131 141 128 
174 171 148 171 172 149 42 20 17 43 53 83 156 179 183 185 187 175 159 175 174 159 180 184 191 188 162 184 182 180 173 159 170 164 161 174 175 175 169 164 145 147 167 178 171 166 162 161 177 145 102 128 178 173 173 171 163 118 141 172 175 177 173 164 180 183 176 175 166 149 146 144 139 137 134 161 148 152 150 155 156 156 155 155 145 162 164 166 165 166 160 137 152 164 199 186 169 146 130 138 
176 175 165 152 164 168 67 34 43 21 24 78 137 178 183 187 184 177 161 148 149 181 182 187 194 193 181 163 168 164 166 174 174 175 167 163 169 173 163 156 166 165 157 173 169 168 165 159 156 121 97 142 178 168 171 174 154 119 152 166 173 182 164 154 169 175 173 178 163 163 151 138 140 149 160 171 157 147 150 153 164 154 159 156 147 147 164 164 161 162 166 161 144 183 199 187 168 162 150 143 
177 177 175 175 152 136 65 36 18 14 16 66 139 158 183 184 175 160 177 180 176 158 184 186 192 193 178 164 164 166 182 180 182 179 172 161 148 153 163 173 172 171 162 158 169 164 152 166 178 126 99 156 175 172 172 173 147 120 161 166 179 174 161 157 166 175 173 167 148 147 136 134 141 162 171 146 132 88 136 161 170 155 161 151 148 143 168 150 138 148 161 162 147 197 198 193 174 159 146 147 
179 177 173 163 115 56 45 27 14 9 19 81 153 174 150 152 169 184 185 183 185 176 164 187 193 172 174 182 181 176 171 180 179 175 165 152 167 154 169 172 174 172 169 152 143 151 167 174 180 113 103 144 176 172 168 166 133 129 165 169 169 170 175 166 177 181 182 170 143 135 139 136 143 161 168 146 114 88 146 175 180 157 153 166 168 148 166 138 142 148 161 158 154 196 194 178 164 164 147 146 
177 171 133 63 35 21 15 39 25 13 37 106 153 155 180 176 164 184 184 183 185 184 177 154 160 186 188 180 184 185 173 163 175 158 160 166 171 169 156 172 168 173 159 149 151 143 165 181 173 115 102 142 170 171 170 167 127 134 165 172 173 175 178 164 180 183 177 166 141 147 139 138 140 143 158 143 138 140 155 153 172 159 153 179 184 146 155 147 143 148 141 152 164 195 197 176 164 170 167 189 
130 91 45 31 15 15 29 39 39 41 28 48 48 60 94 119 130 141 176 180 184 165 170 185 141 106 75 60 57 54 63 70 68 84 117 162 168 167 168 156 154 154 167 161 150 150 149 181 160 109 116 166 177 171 172 157 119 146 176 177 176 163 179 174 167 123 119 150 145 147 137 140 136 140 144 139 144 145 157 150 159 157 156 175 174 157 155 142 146 155 165 158 180 188 193 182 180 166 180 178 
93 48 47 23 22 29 38 29 35 48 55 37 22 22 21 23 26 35 81 106 92 79 80 49 31 33 49 26 29 57 62 48 31 58 64 141 166 166 158 160 162 159 164 157 152 154 154 154 136 98 132 182 175 167 167 146 119 154 171 173 172 174 182 180 162 136 122 145 137 142 146 148 137 140 146 146 153 154 162 157 154 154 153 167 170 153 154 154 145 156 169 157 176 172 189 187 180 164 181 163 
46 34 37 49 35 30 28 46 33 18 17 34 31 15 15 17 22 44 36 39 40 24 25 24 27 42 86 107 138 177 177 181 151 86 76 121 152 150 163 173 171 158 150 157 153 151 147 178 131 94 149 181 176 164 164 138 133 168 169 174 169 183 170 182 159 172 165 157 143 143 148 150 139 149 154 153 153 156 160 157 154 174 165 162 155 145 151 175 152 152 143 168 169 192 185 186 173 177 167 159 
55 56 42 36 56 54 46 20 16 15 14 12 23 35 16 29 44 17 13 16 28 38 23 43 123 167 172 184 174 172 182 179 173 145 111 127 125 155 163 169 167 159 148 141 136 146 159 184 127 103 163 179 171 167 164 129 136 175 175 176 173 179 169 167 176 173 153 147 143 144 148 146 151 112 143 154 154 155 154 155 174 172 160 160 160 139 145 173 166 154 138 188 173 181 186 180 170 174 150 158 
66 56 39 49 32 20 39 24 14 13 12 9 11 44 50 46 12 10 12 15 17 38 104 161 168 188 193 182 183 172 169 178 171 152 154 159 142 137 159 168 169 156 141 142 147 141 160 181 116 106 149 180 170 170 157 127 149 176 176 163 173 185 189 180 184 176 167 150 147 145 148 147 182 100 133 161 149 151 154 176 174 159 158 144 148 138 162 168 148 161 151 179 163 176 184 164 160 151 147 153 
65 59 50 25 22 18 14 33 30 13 10 25 38 15 11 24 32 14 13 19 67 142 168 179 169 190 192 186 184 183 165 151 147 161 164 165 159 143 143 161 155 141 144 148 147 147 170 175 117 119 175 174 169 170 151 126 158 172 164 158 159 185 185 178 169 166 151 143 149 147 150 162 150 121 146 154 152 155 155 171 156 158 153 141 157 150 159 150 149 156 161 168 180 193 177 140 153 145 146 145 
64 62 26 18 18 14 13 14 30 52 44 27 8 7 7 8 18 42 74 144 155 175 151 102 50 84 112 161 178 164 170 177 150 155 164 165 160 152 132 134 146 145 144 145 148 151 162 151 101 122 178 175 163 171 148 126 155 176 172 167 178 190 195 178 167 174 162 147 145 153 143 154 151 168 156 163 155 157 164 160 153 155 162 150 151 149 150 152 142 141 156 164 190 186 171 167 154 143 141 141 
47 40 43 23 15 13 13 27 38 17 29 28 8 6 6 6 12 41 65 70 51 34 19 17 18 29 59 57 76 148 180 173 156 144 157 165 154 151 142 140 134 140 139 147 149 151 172 134 94 135 174 174 168 163 138 131 167 175 178 166 168 185 174 169 170 162 157 153 145 147 161 150 149 176 164 160 160 157 161 161 154 160 178 140 140 144 147 152 140 136 138 183 189 181 170 186 163 146 143 165 
42 31 22 40 30 20 40 24 9 10 10 20 31 9 8 19 42 20 11 22 39 17 19 28 49 78 102 74 45 31 84 139 130 138 141 140 157 158 152 133 132 133 134 137 143 161 183 136 96 149 171 165 169 157 132 142 179 173 175 178 177 171 172 156 172 156 152 148 153 159 149 147 164 165 158 164 153 152 159 157 183 197 180 146 150 146 146 144 125 134 165 171 183 169 156 178 168 148 152 182 
40 35 26 34 48 50 27 9 9 8 6 7 15 52 48 35 11 11 12 15 22 56 101 167 167 184 191 188 155 70 29 30 98 125 141 159 147 157 155 138 137 134 131 134 144 162 185 125 102 142 168 160 170 151 125 154 177 173 175 179 179 174 173 168 169 152 144 146 161 165 147 147 161 161 164 161 160 148 151 156 193 196 184 142 149 147 145 140 132 168 172 161 178 146 126 160 168 186 187 179 
45 44 49 34 17 14 29 29 8 4 5 17 42 26 24 36 14 14 19 49 116 158 158 159 190 193 192 186 186 178 91 67 110 141 138 154 156 141 145 138 132 142 139 136 137 144 169 118 105 143 170 158 166 146 122 150 177 181 178 183 185 171 163 170 166 149 141 147 167 156 152 152 155 166 162 162 156 154 151 152 187 189 159 134 145 144 147 129 136 138 170 178 179 161 137 176 182 176 188 142 
68 56 26 19 17 11 11 21 37 15 30 34 9 16 24 33 67 80 147 175 168 181 189 190 168 190 192 189 181 169 129 71 131 161 144 144 149 134 127 129 138 141 141 143 140 135 148 104 112 172 169 159 159 135 122 164 172 180 176 181 184 172 158 170 159 146 156 156 161 150 153 153 153 158 158 158 160 156 152 150 175 186 159 138 145 146 148 114 138 137 163 185 180 173 163 161 150 156 188 148 
50 53 32 22 18 14 12 20 43 44 37 8 8 13 92 175 183 157 157 169 186 189 190 192 192 172 176 174 178 185 177 147 156 158 157 138 131 135 135 132 132 139 141 140 135 161 136 95 124 169 166 153 150 133 130 162 176 179 177 180 181 172 158 166 150 147 145 154 161 150 160 153 152 159 161 158 158 154 164 166 162 175 140 145 149 151 144 135 137 128 165 180 166 158 168 150 143 163 188 161 
49 37 44 40 21 19 38 40 19 17 23 33 11 8 26 117 160 180 184 164 183 190 182 195 188 171 176 168 192 190 186 181 175 157 144 134 134 138 136 135 136 131 136 137 141 166 145 106 139 168 159 161 145 131 141 171 156 171 182 177 173 161 159 162 157 145 153 172 167 166 146 152 152 159 159 155 158 174 188 160 167 175 140 145 145 151 133 153 142 146 171 189 173 164 164 156 143 169 186 179 
54 41 39 49 62 59 30 20 19 19 19 19 39 38 40 50 128 180 188 184 169 182 191 179 176 193 189 185 171 188 186 174 160 165 170 138 136 140 135 134 134 129 128 142 143 165 140 95 152 167 156 161 145 128 156 164 140 149 172 154 154 157 160 162 153 147 146 170 167 157 146 154 152 153 157 160 160 168 175 171 182 173 152 151 150 157 134 157 154 171 174 186 172 167 153 150 146 152 185 185 
63 47 57 58 32 36 45 22 19 19 19 28 45 31 42 24 24 100 183 187 182 161 158 183 192 193 189 189 189 167 162 165 176 175 171 157 134 136 134 131 127 139 139 131 139 166 118 96 164 166 156 160 143 129 160 159 159 166 170 149 149 152 159 155 142 147 151 153 151 146 155 159 155 154 152 153 166 188 184 189 171 160 179 157 172 178 141 163 157 158 174 163 183 163 156 164 149 167 188 181 
81 65 53 45 37 36 26 41 29 20 41 36 16 16 17 39 32 34 118 169 174 189 194 178 188 194 191 188 176 178 185 164 182 178 170 168 142 134 129 133 131 136 140 140 131 149 108 102 159 163 157 150 136 118 161 142 156 169 162 168 147 147 155 152 137 146 155 159 139 149 152 152 156 154 152 157 174 171 170 190 195 176 184 192 192 169 153 158 150 164 169 154 187 167 161 152 155 185 192 180 
97 61 50 42 38 26 23 26 56 54 29 15 14 14 16 18 38 59 74 137 187 193 195 197 178 173 178 168 188 190 186 179 163 174 168 156 156 143 138 126 131 133 135 132 143 157 101 109 149 161 158 144 128 135 175 153 142 152 157 157 154 141 155 150 146 150 162 167 155 150 151 149 152 152 151 178 173 184 179 200 195 179 174 181 193 157 168 181 174 172 151 133 170 177 166 150 170 186 187 180 
104 70 58 45 39 35 49 43 20 18 34 28 14 14 15 38 39 18 38 69 139 189 195 197 174 176 171 183 194 189 186 181 171 154 153 173 168 152 139 135 127 126 132 136 137 133 98 116 141 153 154 133 129 149 167 153 148 163 160 160 158 150 156 147 147 159 172 156 162 154 145 148 157 157 154 186 191 196 185 167 169 182 169 163 170 156 170 152 141 147 157 137 154 161 179 175 187 184 182 190 
104 86 53 62 65 58 33 27 23 19 15 23 41 35 46 25 16 16 16 30 107 183 184 177 194 196 192 175 179 186 179 165 171 176 172 160 168 160 143 132 132 128 126 134 153 128 106 131 136 144 148 131 122 147 162 146 154 167 175 175 159 159 148 141 143 171 166 154 164 157 150 145 164 162 157 189 186 186 172 166 165 156 154 163 172 157 168 146 138 141 147 137 154 158 181 184 194 187 185 188 
110 81 64 66 58 60 55 35 25 17 15 32 41 36 39 18 15 15 14 17 68 147 165 182 193 196 194 195 170 158 165 186 182 177 179 173 152 148 150 138 133 133 131 130 147 116 91 133 135 138 143 133 110 136 148 155 171 166 159 163 151 164 145 138 148 166 151 148 166 161 150 149 158 162 166 186 189 152 166 178 178 177 155 180 164 161 163 168 132 137 151 142 142 166 172 187 181 185 191 191 
107 89 62 68 55 31 34 41 26 28 49 31 16 16 22 40 22 19 35 46 26 72 89 121 131 137 157 152 167 182 168 172 184 181 170 161 165 155 151 147 132 133 130 131 145 108 95 137 130 135 137 133 110 136 139 165 178 177 152 148 145 157 142 142 156 160 147 144 145 151 152 144 152 149 171 182 187 160 165 168 182 181 150 180 154 168 162 160 148 161 144 130 166 181 188 175 175 191 192 190 
101 82 62 51 42 43 43 48 57 58 30 31 38 36 28 25 52 55 40 25 22 19 20 27 60 58 50 27 37 49 66 72 123 134 125 138 152 160 155 141 128 126 126 140 155 105 106 134 128 132 131 122 116 138 163 164 179 175 147 145 143 142 159 139 173 163 138 143 154 150 148 122 137 144 165 160 178 154 180 175 199 159 146 164 142 158 145 160 160 150 156 177 190 186 175 169 189 192 189 187 
107 89 64 50 46 48 61 52 48 54 57 49 35 33 45 55 20 12 33 27 22 21 22 42 30 21 34 14 11 15 25 49 37 43 32 24 32 65 121 134 122 115 124 146 143 106 116 126 120 127 130 124 128 122 129 161 171 165 142 144 144 144 151 152 156 145 135 141 155 184 179 112 83 97 146 156 175 162 158 169 191 173 160 172 142 145 153 158 141 152 172 184 181 187 175 189 199 192 186 183 
104 88 54 68 62 59 41 37 38 34 32 44 60 63 46 23 12 7 4 25 46 49 48 30 17 10 13 39 32 41 48 25 23 22 42 39 31 54 40 40 69 101 118 147 128 95 124 124 117 124 126 120 153 126 117 90 134 150 148 144 145 140 143 152 152 144 134 136 173 223 186 120 58 52 94 136 187 167 159 172 185 155 158 146 132 153 155 137 149 178 177 189 174 180 180 177 183 181 185 185 
102 89 64 50 31 43 38 33 29 30 34 54 38 35 37 14 11 12 12 34 30 30 26 9 8 13 54 106 102 97 113 134 156 162 157 148 132 69 32 27 29 77 120 134 111 88 129 123 114 122 127 119 140 126 112 66 70 109 135 138 147 139 140 138 139 139 138 138 197 213 172 129 63 53 98 134 182 190 154 182 188 165 173 131 143 146 141 152 179 177 187 185 172 169 182 184 186 187 192 184 
99 97 55 41 28 29 38 48 35 49 48 30 22 22 20 46 36 31 40 12 7 5 16 32 13 25 41 20 18 28 45 41 70 167 164 173 166 153 99 35 49 84 123 149 108 97 130 121 116 122 126 139 130 109 101 72 66 127 141 143 145 130 134 137 138 136 140 148 185 224 205 159 89 150 155 101 126 157 133 157 166 155 154 151 167 157 142 166 188 181 196 189 179 179 188 192 193 191 190 179 
98 99 74 47 36 38 41 56 52 50 33 27 25 20 18 48 51 45 15 7 5 5 7 37 51 40 14 13 14 17 22 60 121 180 179 175 165 161 141 105 53 84 128 140 105 103 119 115 118 123 133 134 106 95 86 70 89 133 144 144 140 133 134 137 140 136 135 145 162 172 165 131 209 223 154 104 58 102 127 149 149 152 131 148 174 178 165 180 185 180 197 187 186 188 190 190 186 188 187 171 
101 103 88 68 55 61 62 42 38 36 45 34 21 27 46 26 21 17 29 19 6 22 41 18 9 17 35 17 16 37 41 61 151 148 169 171 156 149 151 151 129 124 136 131 99 119 122 109 118 130 137 108 84 72 64 78 99 126 140 146 143 134 132 134 134 144 144 137 132 106 108 174 239 193 133 110 61 103 131 147 149 151 121 151 175 198 179 176 178 183 194 185 186 183 181 189 184 185 184 159 
98 115 90 89 87 67 50 42 39 29 29 50 53 48 15 14 13 7 8 42 49 41 12 11 13 14 19 61 57 27 21 18 21 28 76 113 137 154 154 155 150 132 120 111 83 126 124 107 124 130 116 79 60 65 95 82 106 114 133 144 140 140 131 128 142 145 129 117 99 87 110 240 232 196 133 74 43 89 126 150 142 137 127 153 183 191 161 182 170 196 190 185 171 170 188 193 188 185 183 167 
100 108 102 85 85 80 65 52 46 36 52 37 23 28 36 12 6 14 42 22 8 21 31 14 14 54 91 89 96 95 89 93 86 59 39 50 85 137 156 156 146 135 136 105 89 125 123 115 121 123 82 53 115 128 131 104 77 66 116 137 128 133 132 144 140 126 109 100 83 62 176 237 226 188 141 103 57 97 131 163 149 136 132 146 189 147 132 165 169 181 177 163 163 174 186 187 187 188 189 180 
100 102 106 107 87 86 74 76 66 61 34 30 26 20 20 46 43 38 10 6 7 13 24 63 82 142 128 125 114 129 107 111 113 163 90 64 70 122 132 120 91 75 74 72 81 119 115 127 136 108 58 111 134 117 116 94 56 64 108 132 125 127 133 119 112 99 90 83 61 96 149 169 215 177 143 67 86 107 148 154 158 135 136 167 177 140 135 163 186 179 171 169 184 184 187 188 188 187 181 182 
102 100 103 117 105 107 104 91 63 62 42 34 31 33 48 40 28 40 20 11 20 45 100 124 138 133 131 140 127 118 114 119 111 128 130 91 93 146 130 91 73 73 65 63 57 67 101 115 117 83 103 111 102 85 79 72 59 95 121 131 124 132 115 93 85 85 85 62 84 134 129 133 146 143 91 77 102 123 169 159 151 130 141 185 146 146 145 172 188 184 180 182 181 178 185 192 189 187 187 187 
102 106 101 106 108 107 99 100 97 87 72 64 59 68 54 53 48 44 59 74 96 123 106 121 145 131 127 145 154 132 108 115 110 124 108 126 167 179 162 145 131 128 103 79 61 52 76 111 101 60 72 74 56 46 50 68 84 108 127 126 137 124 93 86 89 96 77 71 133 125 125 112 95 79 88 107 116 147 181 180 167 135 162 173 144 141 163 169 184 190 190 184 178 174 185 188 184 188 184 187 
104 111 106 98 103 100 104 97 97 105 106 95 91 96 99 105 114 105 113 110 115 120 129 135 147 114 140 138 150 146 130 113 110 126 110 94 127 166 169 151 148 130 101 119 87 80 117 106 84 41 43 37 27 53 67 83 97 120 131 144 125 93 88 89 95 86 68 122 127 121 115 99 69 73 120 121 127 144 187 188 144 143 155 175 131 151 142 136 187 191 190 188 174 169 154 175 181 165 163 186 
111 109 108 109 107 103 95 102 93 101 103 105 105 108 112 107 113 108 113 115 129 118 119 120 117 127 144 144 162 130 132 115 130 117 103 107 102 115 144 172 156 137 123 137 150 144 134 110 75 38 46 36 36 58 68 81 97 118 146 118 91 90 90 91 88 59 112 115 111 111 106 86 69 101 132 130 131 136 157 188 152 145 139 151 129 134 135 155 190 193 192 189 174 176 145 149 176 179 180 182 
103 107 103 103 101 113 106 102 90 92 91 103 103 108 115 107 104 103 108 110 127 114 118 107 110 128 133 130 135 123 127 126 133 118 118 146 160 114 105 122 135 152 153 153 135 65 40 45 70 44 57 63 87 105 114 118 112 111 109 93 82 89 91 81 59 62 113 108 101 103 98 66 58 103 147 135 130 137 159 177 164 151 141 169 165 136 158 188 191 189 189 170 150 153 166 158 182 184 181 184 
111 99 102 102 105 104 102 107 97 98 98 95 104 110 117 107 112 110 104 112 123 119 116 133 119 107 121 128 131 132 132 135 140 134 167 163 132 81 77 106 141 142 137 132 124 69 32 46 59 100 101 86 105 123 110 85 71 64 69 70 79 81 68 50 37 96 109 108 106 98 80 46 82 111 147 128 134 136 158 167 150 153 145 171 187 162 162 188 192 187 189 174 158 170 180 149 159 182 185 180 
94 96 105 100 100 104 101 109 95 102 108 97 99 104 117 111 108 116 107 107 107 116 120 118 113 105 152 125 132 121 125 131 147 168 156 139 123 98 98 115 125 139 130 119 113 82 81 87 84 100 110 87 67 52 52 47 57 45 34 38 44 57 55 42 50 117 105 107 102 89 69 48 85 119 144 142 155 147 167 163 163 146 134 169 179 161 161 183 188 188 192 188 162 163 169 145 143 178 181 182 
51 46 50 59 71 75 85 94 94 96 88 88 87 86 93 90 96 92 87 87 87 88 92 90 93 96 99 100 97 96 91 106 146 151 127 104 98 91 98 106 117 121 115 107 107 107 105 100 98 105 117 105 61 63 98 126 141 112 55 34 58 85 63 58 81 113 99 98 95 75 62 70 90 115 152 160 174 141 158 133 153 128 126 136 134 124 130 161 186 186 185 185 163 157 155 162 170 171 177 173 
88 92 91 88 80 77 66 58 57 65 85 93 99 100 101 102 101 101 105 100 99 96 102 97 95 91 93 93 91 90 81 91 156 140 124 106 107 106 105 86 77 95 95 93 90 86 90 98 91 99 102 72 52 93 129 124 116 133 96 53 63 41 42 44 110 110 100 98 84 65 54 84 96 122 150 145 129 128 142 144 149 129 136 145 133 132 149 148 191 187 183 180 182 180 170 166 174 181 151 172 
95 95 96 95 93 92 93 90 85 77 69 62 65 67 59 60 66 77 81 80 79 79 77 79 79 78 82 85 89 85 83 92 153 143 136 125 117 109 82 50 57 96 102 107 90 88 93 93 77 76 65 50 63 101 96 82 76 68 44 37 26 28 42 90 119 109 99 94 78 59 54 85 99 118 139 168 128 129 142 173 183 143 133 155 129 146 182 161 170 190 189 184 185 183 183 181 178 180 183 182 
78 79 80 82 85 87 86 85 86 85 81 82 81 81 79 65 39 37 66 81 92 104 100 112 131 134 133 139 123 130 102 113 153 150 141 133 115 105 86 48 82 94 88 95 99 90 84 50 36 36 47 41 62 66 50 34 28 28 26 39 49 69 94 115 105 102 97 88 71 52 69 92 106 123 136 156 142 127 133 169 193 135 132 156 125 141 162 158 181 185 189 186 185 168 174 169 178 183 175 177 
98 99 102 104 108 104 102 105 106 89 95 99 100 96 103 108 90 51 40 37 38 45 52 71 109 113 132 142 131 128 109 121 140 161 137 115 109 109 113 88 95 97 95 94 85 79 69 40 31 33 36 34 35 32 31 32 36 53 77 86 83 79 92 104 96 97 91 81 66 51 82 96 121 138 131 157 138 133 153 130 150 162 155 161 132 138 173 152 171 187 191 189 185 178 164 165 173 171 170 173 
106 107 113 107 104 104 94 98 103 99 102 92 90 96 96 106 101 101 99 67 58 47 40 37 38 39 47 67 92 114 133 121 115 142 109 79 104 113 112 99 95 97 93 90 83 76 45 29 31 30 31 33 37 45 59 75 96 101 103 101 97 92 96 104 100 96 85 71 63 62 91 97 119 133 144 129 124 145 165 135 143 160 181 178 162 174 184 173 184 185 186 182 178 176 155 150 174 175 176 168 
104 101 114 104 106 105 99 92 99 107 120 98 93 96 102 100 97 107 114 109 115 122 108 90 86 63 46 38 34 34 47 58 89 119 78 51 47 76 84 90 88 85 82 70 48 36 33 35 37 41 54 66 81 94 99 98 106 106 108 107 102 99 98 102 101 92 78 73 64 78 93 115 143 145 136 120 149 149 153 151 140 147 174 184 181 181 178 180 188 178 181 186 177 176 167 176 177 175 181 181 
104 103 107 102 109 101 101 99 98 103 105 98 96 99 93 97 91 91 94 96 95 91 86 88 83 69 103 81 71 65 54 47 46 121 77 53 26 47 67 62 39 34 37 42 48 47 49 57 76 92 87 97 100 99 96 98 99 100 106 106 100 100 102 100 98 90 89 92 80 87 98 124 149 143 111 137 151 155 139 144 125 143 156 184 185 183 180 181 182 178 181 189 185 176 179 177 176 181 181 177 
89 88 87 87 84 81 80 81 81 73 74 74 72 73 74 75 71 72 75 77 76 76 76 77 77 79 79 79 80 77 75 76 81 115 121 62 61 58 75 92 95 96 99 87 64 62 79 96 108 91 92 106 104 98 87 87 86 97 103 100 97 99 93 80 75 76 78 78 83 91 108 133 140 124 110 148 144 155 129 124 113 123 126 161 181 180 181 182 184 175 180 182 182 182 180 178 173 182 183 181 
67 69 73 75 76 77 76 76 75 74 76 78 77 78 77 78 75 78 81 81 82 79 79 81 83 84 85 85 86 87 92 93 96 96 114 125 95 91 116 122 113 105 103 92 96 110 117 115 108 89 97 106 102 92 88 88 83 88 84 83 76 54 40 49 57 70 76 81 86 95 104 128 139 128 107 142 131 148 130 119 114 133 120 151 179 178 184 182 179 181 186 185 173 182 180 179 151 178 186 177 
75 74 78 78 77 78 75 74 75 77 79 79 84 84 85 85 86 90 92 94 99 106 113 120 125 127 130 132 146 150 155 161 177 154 150 111 113 100 111 128 136 134 125 127 134 136 136 122 98 92 97 101 97 95 88 80 80 80 76 69 59 45 47 54 74 81 96 105 99 95 100 111 120 106 110 140 122 115 125 119 114 119 111 120 176 177 185 187 179 180 182 180 175 178 179 183 176 174 184 179 
77 78 80 82 84 84 89 89 91 104 162 178 173 167 172 174 180 184 187 188 188 188 186 183 180 168 155 147 138 133 125 119 107 104 100 88 79 78 89 141 139 144 117 122 128 125 120 104 98 98 98 101 100 88 73 71 79 81 74 63 51 62 56 68 86 92 107 108 118 96 102 101 101 97 112 137 123 113 117 111 112 110 111 123 171 172 179 176 179 180 175 173 172 176 176 179 174 176 174 171 
109 101 100 106 107 102 108 107 102 140 238 243 224 199 195 189 176 170 153 149 141 133 126 121 114 114 119 119 132 138 143 134 129 145 122 104 106 98 89 121 139 136 118 107 112 108 95 92 101 102 99 95 85 71 64 78 89 82 64 50 60 68 67 74 92 90 110 112 117 104 104 103 102 101 128 140 119 107 111 114 113 110 136 147 171 175 178 180 179 184 171 167 169 176 176 174 174 179 176 174 
111 108 101 106 104 106 104 107 109 123 149 136 134 134 133 141 133 142 149 158 147 165 170 164 162 169 168 167 157 149 158 159 158 158 151 132 113 91 78 81 132 139 124 108 91 80 75 78 83 87 85 80 72 73 85 90 88 69 48 40 62 65 75 77 94 106 120 125 110 111 107 102 119 106 118 131 137 108 111 129 129 131 152 147 172 175 182 181 183 184 181 168 177 179 180 174 178 178 181 171 
101 93 106 108 104 106 113 111 111 156 222 225 214 180 178 177 178 185 182 180 179 164 160 170 174 174 174 168 163 165 154 159 162 155 152 144 120 102 85 75 87 129 137 112 95 83 78 75 79 81 83 82 87 92 92 85 69 52 47 60 72 77 87 88 96 116 128 127 128 134 110 105 125 114 113 117 137 121 109 114 129 149 157 174 184 183 183 177 182 181 180 173 175 175 181 180 173 171 175 170 
113 113 117 118 121 120 120 116 119 186 234 232 227 196 178 178 177 185 186 183 171 176 181 171 167 173 167 166 166 165 163 151 148 154 149 137 117 96 81 77 77 79 125 126 99 87 78 78 74 73 68 71 70 70 69 66 54 51 66 74 76 87 93 92 99 112 139 125 125 129 104 122 142 115 114 130 126 120 115 112 121 157 153 173 179 187 189 185 181 184 180 176 173 169 179 177 175 178 174 168 
113 115 121 120 122 119 125 122 119 182 235 228 215 198 194 190 187 174 169 172 181 180 174 174 162 150 154 157 143 153 145 116 142 148 142 139 120 101 81 75 73 71 67 82 93 91 81 73 67 63 61 62 61 63 68 69 70 72 76 83 94 92 101 99 103 133 143 146 143 137 130 148 140 120 115 115 114 111 119 114 147 165 168 173 176 189 185 180 183 184 179 180 176 174 179 170 169 171 165 167 
122 112 116 116 122 121 124 122 123 196 199 196 224 204 193 192 184 176 180 167 175 181 173 165 151 160 153 140 140 146 130 111 139 159 134 128 116 101 83 72 66 64 63 69 80 98 117 100 91 86 81 83 80 84 86 87 88 86 89 90 94 101 105 109 103 116 146 143 130 142 149 146 146 126 121 118 115 114 117 108 142 163 163 170 176 179 181 180 176 178 180 180 173 177 178 181 170 167 171 169 
122 120 119 120 118 119 123 128 125 191 236 227 210 185 190 181 182 186 184 182 175 163 159 157 149 153 142 140 129 133 118 106 140 146 137 126 109 100 90 78 76 69 60 76 86 81 114 114 109 111 102 108 99 94 90 92 94 95 106 106 99 101 103 115 111 129 146 139 132 127 151 152 140 129 135 131 116 112 117 111 147 172 180 177 174 182 179 179 176 180 180 182 174 177 183 180 173 170 168 167 
120 121 120 123 126 119 119 124 126 200 234 227 221 183 174 172 182 184 184 182 166 170 163 144 146 144 136 133 135 140 122 113 136 147 145 141 126 111 104 102 82 72 72 74 94 117 124 107 116 114 111 106 109 98 95 97 100 102 106 110 106 104 104 116 119 128 150 142 120 134 153 141 122 135 147 144 139 116 115 115 151 178 184 182 177 182 176 181 176 184 184 184 182 183 181 179 167 167 170 168 
115 119 120 122 125 125 126 123 124 189 233 222 203 189 191 189 177 169 172 171 170 167 167 166 154 148 156 164 160 156 146 154 149 136 140 136 135 118 116 112 86 87 73 82 100 134 142 132 119 117 115 109 108 110 98 102 105 108 105 105 108 105 110 114 121 131 130 146 114 130 163 154 127 140 150 144 141 143 140 149 148 181 187 183 181 179 179 178 177 181 183 183 178 180 183 174 176 169 168 169 
116 113 123 122 124 127 127 124 132 164 201 206 212 191 189 185 182 172 174 166 175 172 169 163 163 162 156 150 148 146 152 152 150 137 131 135 129 120 111 103 91 89 80 82 108 134 138 124 120 112 113 113 104 106 107 105 109 115 114 108 112 111 117 124 143 134 125 126 115 127 165 144 153 154 123 113 114 147 142 153 170 187 189 184 185 178 184 178 180 171 172 181 180 178 174 172 168 167 164 166 
121 120 118 121 122 125 125 127 127 164 230 221 187 179 183 173 172 176 173 170 154 149 155 165 159 156 153 145 140 137 139 146 137 134 136 131 117 113 108 94 93 89 93 85 120 132 128 113 119 117 116 114 114 104 115 108 109 113 118 124 122 119 124 128 141 150 128 146 141 137 159 143 144 127 122 114 117 119 133 153 173 184 186 184 186 185 183 180 179 173 179 178 181 176 172 167 166 161 157 164 
123 126 126 123 122 122 125 127 125 140 220 215 188 169 163 164 173 173 168 163 161 167 157 150 159 147 145 148 147 140 133 138 139 138 134 122 115 108 90 89 93 81 91 85 129 132 124 112 114 123 126 120 109 108 111 118 112 110 114 124 129 130 129 125 153 147 146 154 158 137 144 146 137 122 128 121 120 110 120 152 172 175 174 181 182 180 181 182 180 172 177 177 183 173 168 168 168 163 160 163 
132 116 118 120 123 124 130 122 122 127 147 146 135 143 146 139 134 137 140 142 145 133 130 126 119 121 115 120 117 116 130 128 112 110 110 111 110 100 93 93 89 79 77 89 130 135 133 124 119 123 129 125 112 88 107 110 115 113 119 123 130 131 135 132 154 153 157 144 131 130 160 158 152 137 127 117 115 110 120 125 153 165 152 156 163 184 181 184 184 178 182 177 184 176 162 163 171 166 165 163 
112 107 113 118 119 124 129 123 127 118 116 120 123 124 124 122 120 118 120 123 123 127 117 125 122 112 112 119 117 114 117 113 118 115 114 108 116 109 92 90 82 80 77 104 133 127 125 119 118 123 133 130 114 86 97 106 119 118 118 123 133 140 142 137 144 168 143 117 134 141 153 155 156 150 135 120 110 109 113 121 160 173 144 134 135 173 181 185 183 185 178 181 181 177 169 168 167 171 171 172 
113 114 110 109 114 115 117 120 119 118 116 118 117 123 117 124 125 114 121 120 120 123 119 119 122 112 111 113 125 114 117 110 113 112 112 106 107 107 93 91 75 76 85 110 138 134 130 132 121 125 129 124 116 92 79 108 111 122 120 122 130 141 139 139 142 153 156 134 147 161 152 142 157 161 156 144 115 113 111 134 164 176 149 135 142 154 183 182 180 187 184 182 180 176 171 172 168 169 171 177 
108 113 109 110 118 113 112 119 114 114 115 116 115 116 112 120 121 117 119 122 119 128 125 119 120 116 117 114 115 115 117 117 116 115 104 106 109 110 97 88 73 74 82 117 134 136 135 139 128 129 122 135 117 116 69 102 108 117 126 130 130 132 138 154 140 145 141 155 135 150 136 147 157 153 147 162 131 113 117 134 153 156 143 134 167 171 182 185 187 192 184 187 182 176 174 171 174 170 174 172 
121 128 120 115 122 118 117 112 115 120 117 116 120 113 118 117 122 120 117 116 114 120 119 119 113 109 116 121 113 119 142 118 109 108 112 113 114 107 106 92 75 84 85 128 135 130 132 132 126 123 115 131 122 120 100 99 121 118 133 134 130 130 132 152 148 158 136 157 156 129 116 135 147 140 140 145 142 137 128 160 154 154 159 133 157 154 182 171 181 187 180 180 189 182 172 169 169 172 174 178 
122 125 116 115 122 119 122 113 118 116 112 118 119 112 115 123 121 121 125 118 114 116 111 115 127 116 116 113 112 113 143 116 119 124 109 109 110 108 107 98 86 81 81 131 141 130 122 135 128 119 115 119 122 121 118 117 124 125 142 136 132 127 126 152 156 156 147 162 163 105 117 124 137 141 154 141 154 152 150 182 181 171 177 153 144 132 139 155 182 178 170 165 174 178 177 171 170 172 169 173 
110 114 106 106 123 121 115 117 114 120 119 119 116 115 118 117 127 120 128 127 119 111 114 117 119 113 118 115 113 110 115 121 120 124 111 112 99 104 113 90 79 75 97 142 143 119 114 134 125 115 114 115 118 122 122 121 125 130 127 138 130 127 127 162 164 149 159 161 147 116 118 121 132 140 125 138 149 158 163 180 179 176 173 167 156 130 153 154 185 177 181 173 173 169 176 167 171 171 171 168 
110 110 111 109 119 115 117 114 114 113 118 117 120 112 114 116 125 122 127 127 122 116 114 111 116 114 122 119 113 124 116 126 116 116 112 126 119 122 112 87 82 74 114 144 140 122 112 134 119 115 114 115 116 122 122 125 126 129 132 132 133 124 135 146 176 148 148 156 127 120 117 117 123 137 130 136 135 153 164 183 177 177 172 176 176 137 159 156 163 179 178 174 169 167 165 168 172 174 172 167 
136 139 117 105 118 116 111 108 116 115 121 115 119 118 117 119 121 119 128 124 124 124 116 120 120 117 124 122 117 120 124 124 119 114 115 120 112 109 108 87 77 73 129 135 136 124 117 139 125 120 120 114 116 122 119 134 129 132 134 133 134 136 150 141 138 132 132 126 110 118 119 121 123 150 135 132 124 154 164 184 182 183 178 171 172 176 156 177 171 179 174 177 171 171 161 165 176 177 173 169 
118 129 116 110 113 120 121 111 115 112 108 114 116 118 115 118 116 117 115 121 126 124 117 115 122 117 125 118 115 115 118 111 118 116 118 114 108 104 103 87 86 89 141 141 132 125 114 123 104 118 118 113 116 121 124 128 130 137 140 139 132 143 157 147 108 128 129 120 99 113 120 132 129 148 146 119 122 129 168 182 179 185 183 176 161 169 155 159 160 175 171 170 168 167 167 167 173 173 169 170 
114 112 102 103 110 120 116 114 116 111 114 118 113 116 124 120 116 119 115 121 118 115 116 115 111 110 115 112 117 115 117 116 115 121 117 113 109 111 111 99 92 107 140 153 124 126 107 114 109 117 117 114 114 119 127 127 126 137 144 153 130 142 159 142 107 123 129 110 124 112 116 127 146 170 139 142 133 138 156 179 180 177 178 177 167 151 143 130 164 171 168 162 165 167 167 169 170 170 165 167 
119 122 112 110 112 119 117 112 120 116 114 116 114 113 111 114 115 114 117 125 132 122 121 115 111 114 116 116 116 115 118 111 122 106 118 101 117 117 107 78 73 106 140 157 134 132 116 116 120 118 114 116 112 118 127 134 131 140 140 163 154 147 163 137 109 121 127 113 118 114 111 116 141 162 145 133 126 152 165 182 184 176 175 179 166 136 131 148 165 155 164 161 165 164 170 176 177 171 169 166 
113 116 108 110 109 116 113 108 111 118 116 113 116 116 119 119 110 118 117 121 121 120 116 118 112 113 111 113 112 115 120 120 117 118 116 114 115 114 97 89 81 123 149 148 146 128 116 121 119 119 112 120 108 115 124 135 136 146 141 163 168 165 144 138 116 116 120 120 115 114 109 114 156 162 159 136 140 173 164 180 186 164 178 178 171 160 164 163 160 149 164 162 163 162 169 175 171 169 167 164 
106 113 110 110 107 114 115 108 115 109 108 112 110 117 120 116 115 119 113 115 125 126 122 118 119 120 116 110 108 111 117 120 124 121 119 119 111 109 87 101 90 138 145 151 165 134 132 115 116 116 113 116 115 120 124 135 136 147 141 155 152 134 145 143 122 115 108 110 127 127 116 117 122 137 146 122 159 173 173 182 185 180 173 175 167 166 172 169 151 161 162 164 148 161 165 171 172 169 164 159 
111 108 109 103 104 108 114 107 110 111 113 113 113 116 120 121 115 115 119 120 119 130 119 119 117 117 123 112 116 113 115 116 116 122 121 113 111 109 88 93 87 131 116 143 156 138 135 119 116 115 108 110 118 120 124 134 142 143 148 165 145 131 133 144 123 117 106 114 141 127 120 121 113 116 133 129 135 151 172 177 172 171 159 173 170 174 167 171 167 164 162 157 159 160 166 163 170 168 163 159 
109 112 108 108 107 108 109 109 112 114 114 113 115 111 116 119 111 119 119 119 125 128 121 119 119 106 105 108 123 112 118 113 115 116 116 122 120 105 95 86 101 133 133 154 157 126 119 119 119 111 111 109 120 118 126 136 142 150 139 144 141 139 135 142 132 121 109 111 129 113 115 116 113 115 139 136 133 140 164 166 162 166 167 172 167 175 171 165 161 163 163 163 164 165 166 162 165 167 169 163 
110 111 110 111 107 104 114 104 115 107 109 113 111 109 114 119 112 111 121 117 127 122 118 118 133 96 96 102 109 117 120 116 112 121 123 122 114 113 81 69 106 148 144 156 146 122 138 121 121 115 108 110 122 119 129 142 139 138 134 137 130 137 131 148 143 136 107 113 114 112 116 111 114 111 110 125 139 144 165 170 167 162 164 161 157 165 163 155 162 165 164 160 160 166 163 164 167 165 174 168 
106 106 102 109 104 106 108 107 109 111 105 107 111 112 113 117 117 118 118 120 115 118 120 121 120 91 99 109 114 113 118 113 112 120 117 116 111 110 85 70 124 148 132 157 142 148 124 118 120 116 112 108 117 122 126 136 128 137 128 128 132 124 126 137 133 118 102 109 120 113 128 111 119 109 107 125 156 143 149 167 167 159 159 161 158 165 164 157 159 164 156 160 161 160 163 165 165 170 170 167 
108 108 108 104 104 107 107 109 109 109 109 110 109 110 107 113 114 118 114 118 115 119 111 117 113 111 108 111 109 110 113 110 111 114 126 114 111 121 90 85 133 142 148 148 145 160 144 116 117 115 114 110 112 118 130 143 130 129 125 124 147 121 114 126 139 119 121 115 127 125 120 116 111 115 109 119 153 131 155 157 164 172 140 155 159 164 163 158 155 159 163 161 156 156 159 163 163 169 170 167 
105 109 114 108 105 105 106 101 103 107 109 103 107 108 105 107 108 111 110 114 113 114 105 111 111 105 101 109 108 114 114 112 112 116 131 125 112 100 94 84 132 142 148 134 124 142 148 126 113 112 109 112 113 117 143 153 141 124 127 134 162 134 117 117 121 108 128 125 110 105 118 120 117 110 113 110 135 115 139 150 152 165 140 135 147 164 160 157 156 154 159 167 165 156 153 158 163 172 165 163 
104 109 106 110 102 107 104 104 101 106 105 105 107 108 102 107 108 113 110 115 115 113 111 116 113 112 102 94 105 113 109 114 117 122 127 112 101 89 84 100 144 144 150 116 116 116 132 132 111 108 108 113 115 118 146 154 137 119 122 147 153 131 118 122 109 102 132 139 114 117 118 144 134 139 152 138 121 111 122 141 157 130 131 128 136 160 158 151 154 151 156 163 163 165 157 157 160 169 148 137 
