184 183 183 182 181 181 182 181 181 182 183 180 180 181 182 178 181 181 182 180 178 178 178 181 178 178 182 181 180 181 177 180 180 180 180 180 181 181 180 182 180 178 178 178 176 176 171 173 172 174 172 173 171 172 175 173 175 175 176 175 176 173 175 174 174 171 173 173 175 173 172 173 174 174 175 174 173 174 174 177 177 178 178 174 175 177 177 177 176 173 172 171 173 172 175 166 139 149 158 167 
185 183 181 180 179 180 180 179 181 183 183 181 180 181 182 183 182 181 181 180 179 179 182 182 180 180 182 181 180 179 179 178 178 178 178 178 178 180 180 179 178 177 175 177 174 176 175 177 176 174 176 178 175 176 175 175 176 175 175 168 170 173 174 172 174 175 174 174 171 172 171 174 176 176 176 176 175 174 173 177 176 175 176 174 175 177 173 173 173 174 171 172 174 170 174 171 153 143 156 162 
184 182 180 182 179 181 182 181 182 181 183 180 180 182 183 181 181 180 180 180 182 179 181 180 177 179 178 181 181 179 176 176 175 177 176 179 180 179 181 177 177 175 173 173 168 176 179 175 177 174 176 177 174 174 176 174 175 173 171 172 172 172 173 171 172 173 174 174 174 171 172 171 171 172 174 174 174 175 175 176 178 175 174 176 178 174 175 174 172 169 167 170 172 171 175 174 166 154 147 155 
183 182 183 181 181 182 182 182 182 180 179 178 180 180 182 181 182 180 180 181 182 182 181 179 178 181 180 178 180 179 176 177 178 176 179 178 178 179 177 177 178 176 173 174 173 175 177 173 173 174 175 175 177 175 175 174 175 175 173 173 174 174 173 173 174 173 175 174 174 173 171 171 171 171 170 168 169 174 174 174 175 176 174 173 174 173 173 172 171 169 167 166 166 167 173 173 167 165 144 152 
181 179 182 181 181 182 182 182 181 179 180 180 178 181 182 182 181 179 178 179 179 182 182 181 180 177 178 180 179 178 178 178 176 180 179 178 178 175 177 178 178 177 176 175 176 176 176 175 174 176 173 175 175 175 175 174 175 176 175 175 173 176 173 174 174 175 175 175 174 173 172 173 173 171 171 170 170 173 174 172 174 174 174 174 176 174 172 173 171 168 168 171 170 169 171 171 168 169 157 151 
181 183 182 185 184 182 184 184 182 181 182 179 178 181 182 176 179 177 178 181 180 181 178 181 180 179 177 177 179 179 179 177 177 180 179 177 177 178 180 178 177 176 175 177 176 173 173 173 172 173 174 175 176 175 173 172 175 175 176 175 175 175 175 174 175 173 174 174 174 172 172 172 172 169 171 172 171 172 173 173 172 171 172 172 173 172 174 174 173 169 167 169 168 166 172 169 169 170 167 156 
181 183 183 185 184 181 181 181 182 180 180 180 182 183 182 181 180 181 180 179 182 182 180 180 180 178 180 178 180 180 180 176 178 181 179 179 181 178 177 178 175 176 177 175 176 176 173 175 176 176 175 173 172 173 174 175 177 174 173 177 174 175 175 173 175 175 175 177 175 173 174 175 174 174 175 173 172 173 174 169 171 171 171 171 169 166 165 166 167 169 171 170 167 167 168 168 170 168 169 166 
182 185 184 183 184 185 182 182 183 182 183 182 183 185 182 182 180 181 182 180 180 181 179 178 177 179 179 180 181 181 181 178 179 179 181 180 179 176 175 173 175 176 178 178 176 172 174 176 175 175 176 176 176 175 175 176 175 173 171 174 175 175 172 172 173 174 174 174 176 173 173 174 174 175 174 174 171 170 167 169 169 169 170 171 170 167 166 161 166 167 166 167 165 167 167 166 165 167 165 164 
185 186 182 182 181 184 182 183 183 183 183 181 179 181 182 183 181 183 182 183 180 180 179 180 178 179 180 179 179 180 180 178 180 181 181 177 178 175 174 174 177 174 173 174 165 160 158 166 166 169 169 169 167 166 168 171 168 171 167 168 166 170 172 164 163 168 177 168 163 156 161 164 157 153 147 146 149 144 146 141 147 151 147 150 147 137 134 136 136 137 136 134 134 138 138 136 136 135 137 135 
184 185 183 184 182 182 180 182 181 182 181 181 183 181 183 183 181 182 183 181 179 179 177 178 179 181 181 179 179 180 176 179 179 178 179 179 175 173 175 177 178 174 167 155 143 144 144 145 146 149 155 148 152 137 139 138 127 123 120 102 90 87 89 88 89 90 80 67 66 66 68 62 53 47 43 50 97 106 108 107 107 101 105 109 111 108 107 105 106 107 110 110 114 116 112 104 98 86 101 110 
183 182 183 182 181 180 180 180 182 184 182 182 181 178 181 180 179 181 181 181 181 179 177 178 178 180 181 178 179 178 176 178 179 175 179 181 175 182 172 151 149 141 118 105 99 93 87 85 81 81 78 83 86 84 85 88 93 93 96 95 87 77 74 69 72 74 68 58 66 61 63 62 53 50 43 45 77 106 109 106 108 104 108 108 108 106 106 106 108 104 105 108 114 115 112 106 89 97 106 144 
182 182 180 183 182 181 180 180 183 185 182 183 185 183 179 180 181 180 182 182 181 180 180 178 176 181 181 176 170 140 145 141 122 116 107 97 94 89 82 78 77 73 74 72 70 74 78 72 75 78 79 79 82 80 81 85 89 90 88 94 93 86 87 81 77 68 63 57 64 67 63 63 54 46 48 44 58 99 103 105 106 108 106 110 110 106 104 110 110 108 108 110 115 113 115 91 102 105 135 131 
180 182 183 183 181 181 179 179 179 179 177 181 182 179 180 183 183 186 184 184 181 158 141 114 89 91 83 68 67 62 61 62 64 75 74 72 74 77 73 70 70 68 76 78 68 76 77 75 79 74 79 82 82 83 83 83 85 85 86 90 88 89 92 90 85 85 80 62 58 73 61 56 48 46 50 48 45 78 97 102 105 107 114 114 111 110 105 111 113 112 110 113 116 114 96 94 106 121 128 89 
184 181 178 175 177 181 176 180 180 175 185 185 169 165 154 137 125 92 81 76 71 67 51 50 51 52 52 56 60 61 60 60 61 62 64 62 59 66 70 67 67 68 72 68 66 68 73 78 80 82 82 76 80 86 80 87 84 87 90 93 97 92 94 88 85 83 82 72 62 74 67 49 41 45 49 47 44 56 94 110 110 109 114 116 111 112 110 114 111 112 109 108 116 108 89 98 115 135 96 88 
176 180 177 175 173 161 143 134 104 83 85 91 94 96 99 97 94 70 69 67 67 68 49 48 43 51 52 57 62 58 51 54 57 60 62 59 59 65 63 61 63 66 68 65 71 66 70 67 71 77 81 82 80 75 75 79 79 82 85 87 87 90 89 91 90 84 84 78 68 78 66 49 37 37 39 40 40 45 82 110 114 112 111 113 113 113 116 115 114 116 112 113 113 84 92 100 140 105 87 70 
114 103 78 73 67 64 62 67 69 67 64 71 86 95 97 97 94 81 67 68 66 71 53 39 42 46 52 56 57 56 59 52 55 54 60 64 64 65 63 62 66 70 71 71 68 70 70 66 65 67 74 78 77 79 79 86 82 80 81 87 86 90 91 86 89 87 83 80 70 73 63 39 36 41 37 37 46 46 58 96 113 114 114 113 115 114 113 114 115 116 111 111 88 89 96 131 115 88 79 54 
62 61 60 60 61 63 65 66 69 69 67 63 79 94 99 97 98 94 69 63 65 71 59 46 40 43 46 50 55 55 51 55 58 57 57 61 57 63 65 64 62 63 70 73 67 74 77 79 78 79 79 81 83 82 81 88 87 86 83 84 85 90 95 87 89 84 81 79 69 71 60 42 43 50 42 43 45 48 56 81 107 109 107 111 116 113 109 111 114 108 105 94 87 98 117 122 90 84 60 56 
59 58 62 66 66 62 66 61 64 65 68 61 75 92 99 95 97 97 84 65 67 67 63 44 43 47 46 48 51 52 52 55 60 57 61 65 63 62 60 60 66 70 70 68 68 70 74 81 82 91 94 86 93 94 96 90 92 91 86 82 83 91 94 98 86 82 83 80 70 69 60 46 40 47 48 46 51 59 64 72 104 106 110 113 116 113 112 111 114 113 106 80 95 116 128 89 86 62 60 60 
57 60 73 72 71 67 67 66 64 63 66 63 65 83 94 99 98 92 89 70 69 68 71 46 42 46 50 44 49 43 52 55 60 67 59 60 62 61 61 66 71 68 71 76 74 73 79 81 89 95 99 96 100 97 97 96 94 97 95 93 89 85 92 93 89 90 87 78 73 67 65 49 42 32 28 34 48 53 47 43 90 106 109 116 112 105 106 103 111 113 85 86 102 136 91 86 76 59 59 71 
60 56 78 77 70 64 62 66 64 66 66 68 63 75 93 96 95 89 92 79 69 69 73 45 42 48 47 42 41 48 54 59 68 59 55 58 61 63 62 65 72 68 69 71 69 71 79 82 86 97 90 97 93 102 104 104 104 103 104 102 102 93 91 90 89 96 89 88 74 67 59 56 42 44 53 39 39 42 35 54 82 105 109 112 110 105 106 109 112 95 82 93 138 110 80 74 55 59 67 77 
59 56 58 67 62 61 62 64 68 64 63 71 67 68 83 96 98 93 92 87 68 70 67 60 37 41 45 43 42 45 55 59 50 54 59 65 65 69 73 75 87 78 79 77 74 76 73 76 77 79 90 91 94 96 100 97 100 99 106 104 102 101 95 97 89 88 85 84 79 72 59 60 42 68 87 78 54 33 32 60 87 110 109 109 112 111 106 112 106 86 87 127 129 82 74 53 54 65 77 74 
53 56 53 51 54 56 61 67 66 68 59 65 68 63 76 95 100 99 97 91 71 68 67 61 36 35 36 40 40 43 46 48 51 58 69 76 76 86 83 87 85 89 92 95 95 95 92 83 80 74 79 83 85 92 98 103 107 113 118 113 111 110 104 101 97 95 88 82 78 78 66 55 49 76 100 85 55 62 53 60 82 111 109 109 108 107 109 114 90 88 113 143 88 75 54 55 52 53 66 71 
53 50 48 51 52 58 60 70 69 64 64 65 71 63 66 89 99 100 101 94 81 69 70 53 36 38 45 51 51 50 45 47 60 69 79 85 89 85 92 97 104 102 102 109 105 103 110 107 110 113 104 95 87 87 94 99 107 108 108 113 112 113 106 101 98 97 95 90 84 79 73 65 60 60 75 62 90 93 66 72 78 108 111 114 112 110 116 98 86 93 152 105 85 59 50 55 50 53 70 68 
58 51 52 55 56 55 58 66 63 65 64 62 65 66 63 80 96 100 100 98 94 73 70 46 45 49 60 64 52 49 53 70 79 81 85 86 85 87 86 90 87 91 90 92 91 97 100 110 112 106 107 108 102 101 100 95 97 97 104 105 101 101 102 94 86 81 84 85 82 78 69 64 56 52 63 54 88 97 68 76 88 108 111 116 112 117 107 85 82 134 117 80 57 48 52 54 53 47 59 66 
59 54 54 56 51 57 58 61 61 64 61 64 62 67 65 68 92 97 100 101 101 86 73 52 53 54 58 51 57 71 79 78 74 78 79 75 79 75 75 76 80 76 78 84 90 98 96 98 101 99 94 91 91 94 102 106 103 100 100 101 98 95 97 93 78 69 71 71 67 68 67 69 61 56 61 52 66 78 64 72 103 111 113 114 115 115 90 90 125 131 80 66 47 50 50 56 50 47 52 61 
52 50 51 51 51 54 54 57 60 63 61 65 63 66 69 63 82 95 100 101 100 92 66 46 53 47 46 59 72 82 77 71 66 63 63 62 70 69 70 68 70 72 77 79 79 84 86 83 72 74 74 76 79 77 76 84 89 91 95 91 85 81 77 79 75 73 76 74 74 73 76 74 67 60 62 66 58 76 72 85 108 113 109 111 114 104 97 111 151 98 82 44 47 52 50 52 46 47 51 54 
54 56 52 50 51 53 52 52 60 67 69 61 63 64 69 63 73 91 98 101 99 98 75 47 51 54 62 72 75 69 63 59 55 54 60 62 62 65 67 68 63 68 67 69 75 77 74 75 74 80 77 74 73 70 67 68 70 65 71 75 77 81 83 79 83 78 75 76 76 77 82 79 75 69 63 61 60 64 66 90 110 113 109 114 104 100 105 154 115 78 57 33 41 50 52 52 53 52 52 51 
57 56 56 51 52 52 47 49 53 61 64 61 63 62 67 67 59 81 97 99 96 64 43 35 52 57 71 64 59 51 51 51 57 53 53 57 60 65 67 71 71 75 76 76 77 77 77 72 77 79 79 78 79 82 80 77 73 79 83 87 85 82 85 86 84 81 81 83 84 86 86 76 74 71 73 71 62 63 62 81 114 111 109 109 95 101 139 131 84 60 46 35 48 47 49 50 54 54 48 49 
53 55 54 53 51 52 50 54 52 52 60 64 61 59 65 69 57 75 95 96 68 60 66 63 51 48 56 46 37 39 40 46 50 52 54 60 60 71 69 70 80 87 87 82 85 86 83 79 80 84 89 83 81 86 90 89 86 82 83 80 82 82 80 86 88 87 89 85 82 81 84 82 74 74 77 77 71 62 55 78 112 114 108 96 101 123 139 95 73 50 51 43 37 46 49 48 50 50 52 52 
51 51 51 53 51 51 51 54 52 46 51 61 57 63 62 67 64 63 90 69 49 49 60 64 69 68 50 45 55 60 75 76 55 23 45 64 62 62 72 79 85 87 90 90 89 87 84 86 82 83 85 83 77 86 84 87 86 88 80 80 85 79 81 88 88 90 94 92 81 79 84 82 81 82 81 73 69 62 61 74 108 112 102 107 109 136 102 82 53 49 55 50 52 40 46 50 49 48 51 53 
52 52 55 55 51 53 51 58 60 55 52 53 57 56 61 66 69 60 57 46 45 52 55 57 62 67 68 52 44 61 88 70 25 15 70 84 77 65 63 71 76 82 82 82 87 85 82 86 85 80 83 78 79 76 79 79 81 79 84 89 84 87 88 90 86 92 92 84 78 77 77 82 82 89 84 75 63 62 63 68 107 108 97 106 139 115 88 59 49 54 54 57 57 42 39 44 45 44 43 52 
54 58 55 60 53 50 50 53 55 55 51 54 58 56 65 61 68 56 46 47 47 48 51 55 58 62 60 59 60 52 47 35 30 15 31 66 96 91 77 63 69 78 84 89 87 80 79 75 72 73 79 78 82 84 80 81 82 82 88 94 94 94 93 89 88 92 85 78 71 67 65 74 79 88 86 73 62 58 61 59 99 88 100 132 130 99 70 45 45 46 50 62 55 55 37 46 48 45 47 48 
57 58 57 57 56 50 49 51 53 55 55 61 58 63 64 62 62 50 46 47 43 45 51 52 51 49 51 49 44 41 43 56 61 45 29 42 85 90 87 72 58 70 81 88 92 93 82 74 72 69 75 77 76 82 80 80 82 84 87 99 98 99 94 91 91 93 81 70 60 57 61 74 79 88 91 79 66 61 61 59 83 100 120 144 103 82 44 46 47 50 53 57 59 62 46 46 47 52 48 51 
55 53 54 56 58 50 53 50 56 56 51 57 60 64 64 66 56 53 52 48 48 46 48 48 48 46 44 44 43 50 58 82 85 90 73 65 70 79 78 84 67 62 67 77 89 94 99 94 84 75 70 75 81 75 83 87 89 91 100 102 100 95 96 84 83 83 72 59 52 53 61 71 78 89 92 79 73 63 53 60 94 112 149 111 84 53 44 40 50 53 53 57 62 63 59 40 48 50 47 48 
61 59 58 50 53 52 54 54 53 54 51 57 60 64 67 63 53 49 49 47 45 44 40 44 45 43 45 48 56 73 84 87 85 84 84 70 61 63 77 89 86 79 71 72 78 90 96 101 100 90 89 85 82 97 91 101 104 104 104 105 100 96 89 86 84 81 58 50 53 56 63 74 83 92 93 84 80 71 60 89 98 141 130 88 59 50 48 49 48 52 50 57 61 62 60 49 45 49 49 48 
58 57 58 59 54 53 52 55 51 53 58 54 55 59 60 59 49 45 44 43 43 44 44 51 48 45 48 56 58 56 57 60 54 55 53 53 64 59 55 71 91 91 85 79 81 88 90 100 107 109 105 105 99 104 103 101 104 102 104 104 100 99 93 87 83 73 50 49 59 60 68 73 82 97 95 89 84 74 77 99 116 139 96 68 50 51 46 49 56 50 53 53 53 56 61 67 46 46 48 47 
57 54 49 53 49 52 49 53 52 52 56 54 53 59 60 55 45 41 48 48 51 52 56 60 54 44 49 52 45 51 60 68 59 53 53 60 64 66 71 72 72 77 78 81 86 90 96 101 98 104 106 115 110 109 101 99 99 98 99 97 97 99 96 87 76 63 48 53 59 69 74 76 78 90 95 93 83 76 93 113 140 96 74 51 50 52 59 53 53 55 62 57 51 54 62 69 62 43 45 47 
55 53 52 48 53 54 54 54 53 53 51 56 57 60 59 55 43 41 43 49 49 59 66 58 51 40 51 61 54 58 70 73 79 76 69 68 77 84 87 93 91 95 84 81 88 95 103 103 105 100 102 110 112 116 108 101 97 99 95 94 93 97 90 81 76 54 46 50 68 72 75 81 80 90 99 94 90 77 105 147 110 78 56 52 54 60 62 55 56 56 63 61 56 57 64 69 69 44 46 45 
50 55 54 52 53 53 56 54 51 51 52 54 57 58 59 63 52 42 37 42 44 44 51 51 58 68 69 65 66 66 64 71 72 80 83 88 84 84 83 90 94 90 86 77 95 97 102 104 105 105 101 102 107 110 109 108 99 91 91 92 91 92 86 84 70 54 50 55 61 67 75 84 86 84 94 100 91 79 136 137 80 53 53 53 51 54 55 56 58 59 61 57 54 56 56 64 65 62 42 45 
55 56 56 51 54 55 55 57 56 56 54 47 52 54 56 60 53 49 39 38 39 58 94 105 105 91 88 83 83 74 78 80 74 73 81 91 95 97 91 93 91 94 91 82 86 100 100 106 105 107 106 104 99 107 110 112 106 95 88 88 83 81 81 76 60 49 57 65 64 66 75 77 80 84 89 95 98 80 131 82 54 43 47 55 57 54 55 58 58 58 56 57 58 60 53 56 62 64 47 45 
64 54 50 49 50 52 56 55 57 58 56 50 49 52 61 65 50 50 43 47 73 110 111 106 97 92 91 88 83 81 87 86 80 77 74 72 83 95 95 98 103 98 94 91 87 92 99 99 107 114 112 111 103 100 107 114 113 105 101 95 85 77 76 64 48 58 65 71 63 74 75 78 81 82 85 87 91 73 72 62 36 42 49 50 55 61 57 57 59 61 55 62 61 58 53 51 57 65 62 38 
50 53 53 54 54 57 61 62 56 55 52 53 53 58 69 70 61 55 57 72 95 104 104 108 111 106 102 92 81 72 71 73 86 88 85 76 74 79 98 96 94 99 104 90 95 90 91 101 104 107 115 111 106 97 99 107 112 106 106 104 89 79 66 55 45 58 68 68 67 76 74 74 76 80 85 87 81 68 51 41 39 37 46 44 59 60 57 58 59 59 59 72 64 59 59 57 57 61 66 57 
88 65 45 42 51 59 62 63 59 56 56 52 55 66 69 66 68 73 78 93 97 105 107 105 110 113 106 96 88 79 80 87 94 102 96 92 79 68 76 95 81 81 91 96 94 87 84 99 101 109 112 118 110 103 95 100 108 104 106 108 97 82 64 50 54 60 66 68 77 73 72 74 71 71 81 78 75 74 49 29 40 39 45 56 58 60 58 56 63 64 66 70 64 58 57 61 58 60 67 69 
102 99 95 82 59 47 47 61 59 58 59 51 59 66 72 75 81 87 92 100 104 106 108 109 108 102 95 96 95 73 73 92 89 87 91 93 100 87 77 76 77 67 75 85 93 94 84 88 98 107 111 114 119 112 107 99 97 98 103 107 101 86 59 55 61 67 73 69 61 66 73 69 69 62 67 72 71 74 58 34 38 40 39 46 49 62 61 58 62 66 64 63 62 57 61 60 60 59 67 72 
106 105 103 103 103 100 78 55 40 45 52 53 61 65 67 70 81 86 92 95 99 99 108 107 103 93 93 105 95 63 46 65 84 91 86 83 85 94 83 84 88 89 81 79 73 82 93 81 91 104 109 109 110 108 101 99 95 92 94 102 103 78 60 56 68 73 66 66 69 82 73 66 66 67 73 79 74 78 63 42 31 29 34 36 39 57 64 58 58 68 65 59 55 57 64 59 59 62 63 67 
112 112 110 109 108 104 101 92 77 61 50 53 60 60 68 71 77 83 90 90 88 93 100 105 100 93 98 104 92 67 29 36 58 82 95 91 85 93 91 91 83 84 91 95 70 63 83 89 88 98 107 108 104 104 98 89 83 89 98 105 95 74 65 63 69 62 69 73 76 79 70 66 66 70 76 78 78 86 69 42 37 37 33 33 36 53 64 68 63 65 63 62 56 57 61 59 49 63 62 56 
118 113 116 112 112 107 106 104 99 94 61 54 61 65 68 73 78 83 90 91 91 93 99 100 98 97 96 92 75 56 23 24 39 68 90 95 96 90 93 97 95 93 96 90 85 58 57 79 85 102 106 102 99 94 90 84 82 90 103 108 99 80 75 74 71 74 78 84 82 67 75 62 62 68 76 77 85 87 74 56 29 37 36 32 40 47 62 75 70 67 63 64 58 58 58 62 61 63 58 53 
120 117 116 111 111 112 110 111 107 102 64 55 67 67 65 67 75 80 88 88 86 94 94 95 93 95 84 76 63 43 28 26 33 59 82 102 100 93 87 86 93 88 85 83 87 76 70 59 83 92 104 99 91 84 82 86 91 102 107 116 101 87 80 78 78 82 84 87 74 80 93 66 66 71 81 84 86 96 78 60 43 23 33 36 35 41 54 76 75 63 63 69 67 60 59 60 65 63 58 54 
118 116 116 116 114 113 114 115 114 110 68 59 67 70 69 67 73 76 79 83 82 86 86 84 88 92 85 71 58 48 37 32 41 67 86 92 96 93 88 80 79 76 75 71 74 75 82 80 63 89 105 100 97 88 90 102 111 113 115 115 96 88 80 84 79 83 80 72 67 93 96 74 74 79 85 91 96 101 79 67 56 37 21 33 33 42 44 67 68 63 63 69 69 63 58 63 60 60 61 56 
116 111 117 121 119 115 111 115 115 111 71 59 63 64 66 73 73 74 73 77 75 75 79 79 78 79 81 81 73 65 58 46 54 72 78 80 78 78 81 79 78 71 71 68 65 70 75 76 75 68 78 93 95 98 103 109 108 105 109 108 99 82 68 73 79 74 72 65 87 95 115 83 75 84 90 94 100 102 96 80 67 53 39 26 26 33 39 50 67 64 65 63 64 60 61 63 55 56 60 60 
120 115 118 121 121 117 113 114 113 117 81 56 64 60 69 73 73 81 81 77 73 71 64 71 76 78 82 81 82 80 79 69 58 64 73 76 77 77 75 76 75 75 72 70 73 79 78 79 79 78 65 79 93 98 99 102 97 87 82 80 77 67 66 66 74 74 75 77 97 106 114 81 78 83 90 96 101 103 102 97 91 77 76 69 48 36 31 32 58 62 62 58 55 60 63 55 54 61 67 57 
119 119 118 117 119 117 115 117 116 116 92 62 62 62 68 71 78 82 83 80 77 76 71 74 79 79 84 83 79 84 92 85 76 71 74 81 81 79 77 74 77 81 80 80 81 80 79 78 79 76 70 72 106 113 108 107 104 100 95 91 74 59 66 69 76 74 68 89 108 126 83 63 83 89 88 93 99 98 98 97 102 100 95 87 84 82 78 66 63 63 61 57 57 58 55 56 55 64 62 49 
119 117 118 117 119 118 117 119 118 118 101 63 61 65 74 73 81 80 83 85 81 80 75 76 81 78 76 78 79 86 85 87 85 76 75 73 72 73 71 73 81 81 74 63 75 75 72 71 70 73 69 62 109 117 114 116 108 106 103 94 71 67 81 83 76 62 85 97 123 99 63 46 62 82 90 89 95 99 101 103 105 103 104 102 104 101 98 93 92 84 67 60 55 49 51 55 63 59 50 47 
119 121 120 120 117 120 122 118 120 117 97 62 65 65 72 87 87 88 89 85 90 92 94 83 79 75 75 72 66 78 82 77 75 71 72 70 62 57 57 58 60 62 63 51 61 64 62 65 70 71 64 61 105 111 111 110 109 108 100 75 74 84 83 74 70 70 85 117 104 72 49 50 55 64 80 93 97 96 99 101 106 109 104 106 101 103 103 101 101 98 93 87 81 71 63 60 56 44 46 45 
123 122 122 121 121 121 121 123 120 118 91 64 73 61 70 91 95 91 93 97 94 101 99 91 86 81 76 69 67 64 70 73 72 72 71 68 64 59 54 46 47 49 47 45 47 40 36 32 51 60 48 58 101 115 116 111 111 106 91 85 90 78 73 79 77 75 100 115 72 62 50 53 55 59 57 66 74 83 93 93 101 114 113 111 109 108 103 97 99 104 109 110 105 98 87 79 71 48 44 43 
125 122 122 119 120 121 123 121 122 121 89 73 68 47 43 64 92 88 82 90 89 86 86 95 76 68 60 53 49 49 63 69 72 74 72 67 63 59 55 53 49 43 38 39 36 34 31 24 25 36 41 67 102 108 111 110 105 105 92 89 82 70 73 80 81 83 96 78 51 51 48 51 51 55 53 58 53 51 67 81 94 106 113 116 115 113 106 103 100 102 103 108 109 104 99 92 88 57 44 45 
127 126 124 121 119 122 126 126 125 124 86 69 58 50 48 42 70 90 79 76 74 72 71 86 84 72 62 36 24 23 43 61 65 63 59 62 68 67 63 57 52 47 43 40 31 36 34 30 20 22 41 88 101 100 101 97 92 87 82 79 66 67 74 75 87 83 80 52 38 47 50 55 53 57 57 58 56 52 47 50 73 91 110 114 117 119 111 103 102 110 115 107 105 98 98 104 91 66 56 46 
128 125 125 126 122 126 126 126 125 123 73 66 59 59 45 41 45 68 76 72 71 71 63 77 89 95 64 31 28 38 61 66 69 68 62 58 57 67 69 66 61 56 52 48 35 33 33 23 17 28 47 90 97 93 76 78 76 68 63 58 64 68 72 75 83 93 88 65 32 40 51 53 58 51 57 59 56 55 52 48 57 64 72 94 104 107 107 111 106 101 100 103 106 101 88 74 58 62 77 51 
131 128 126 127 125 127 130 129 126 126 76 66 57 58 47 50 50 45 50 54 58 69 69 69 69 61 52 56 65 69 69 62 65 66 63 64 64 66 66 66 62 66 62 57 38 30 27 23 23 44 62 87 83 67 63 59 63 62 58 61 69 72 71 68 79 89 91 88 42 35 46 56 58 56 59 58 57 55 53 48 50 55 57 58 71 82 89 99 105 105 93 91 100 100 104 96 78 72 84 54 
132 134 132 134 130 130 131 133 131 131 81 66 60 51 50 47 52 49 58 98 116 120 118 117 111 108 103 93 77 89 92 93 100 104 108 102 101 98 94 91 80 70 63 64 52 41 33 45 60 67 86 84 98 97 83 72 66 62 62 59 61 66 71 70 71 74 76 79 65 29 31 53 58 58 58 56 57 59 55 46 42 47 57 57 55 59 63 76 82 97 100 91 90 93 95 96 91 95 84 56 
134 134 135 134 132 135 131 133 132 135 98 62 54 53 50 51 52 58 56 96 120 124 120 119 123 122 118 116 116 113 115 115 113 108 115 111 110 107 105 95 92 89 99 88 88 90 82 92 90 90 101 118 127 124 86 97 98 86 68 64 61 57 57 68 77 78 85 82 73 68 54 46 53 57 57 59 52 59 56 54 47 50 54 58 56 55 54 57 75 93 91 102 108 98 90 83 84 84 60 50 
131 132 135 133 134 134 136 133 132 130 126 64 54 56 54 52 48 54 54 58 78 113 123 124 127 124 121 120 117 119 119 117 114 116 114 115 113 109 109 109 105 108 113 101 97 93 87 100 118 120 126 126 121 127 113 74 79 78 77 71 60 52 59 74 88 94 99 102 105 97 96 98 105 95 94 99 82 46 41 47 49 54 53 54 57 57 56 53 57 56 52 60 69 76 85 84 73 53 43 48 
137 134 137 136 136 135 139 135 133 134 135 90 53 47 49 50 51 49 51 52 50 54 97 124 127 127 125 122 124 120 121 118 116 115 117 114 112 110 112 113 112 111 118 116 108 100 90 104 130 127 127 129 120 124 116 81 70 69 83 81 72 54 57 79 82 78 86 99 110 115 116 116 119 122 119 105 82 61 75 80 64 54 55 55 56 65 62 54 56 50 44 46 45 43 42 57 59 44 45 53 
141 136 138 138 138 140 141 139 137 140 139 132 83 57 50 47 47 46 45 49 51 51 54 69 105 126 128 125 125 125 123 122 120 120 117 121 118 115 115 118 113 110 114 125 113 108 100 97 121 131 124 126 121 120 120 96 66 83 91 97 106 64 62 71 75 69 79 92 101 104 107 112 115 115 115 108 97 93 98 101 95 93 93 89 86 80 71 54 48 44 47 50 46 49 52 46 45 50 55 58 
101 130 144 142 142 137 129 130 138 140 140 141 136 117 98 92 91 100 110 118 121 106 79 69 60 85 128 131 129 126 126 126 123 122 124 123 119 119 118 118 116 114 115 127 122 113 107 96 110 127 121 119 118 122 123 101 88 93 103 123 95 65 59 66 68 72 73 81 86 95 97 100 107 111 109 102 93 90 94 95 104 105 103 95 102 94 89 74 65 48 46 49 50 55 49 51 54 55 54 58 
33 52 85 95 112 115 133 131 134 134 138 141 139 138 140 140 138 136 136 132 134 132 132 122 96 96 127 132 133 131 130 127 127 125 122 123 121 121 120 120 118 116 119 124 127 115 113 101 100 115 127 118 116 119 114 95 101 99 131 103 70 55 52 56 63 66 77 85 82 82 87 85 96 104 106 101 99 87 85 88 94 94 98 100 103 98 94 63 64 60 48 52 54 51 49 56 56 55 54 50 
36 44 40 35 45 47 54 78 93 103 117 129 138 142 140 137 140 139 138 135 138 136 135 135 135 133 134 133 130 132 131 129 131 126 124 126 125 124 123 120 121 121 119 121 130 119 113 111 91 103 122 119 110 110 105 98 101 118 108 72 57 56 57 55 55 60 75 75 79 82 78 84 90 97 100 98 92 95 87 92 88 88 92 99 101 93 76 62 59 63 51 55 52 48 54 55 54 55 53 48 
37 35 41 49 40 36 30 30 58 68 48 57 78 91 108 120 128 135 135 134 140 137 136 136 138 134 135 133 128 131 130 133 131 131 128 127 125 128 126 123 119 120 123 122 128 125 116 112 95 85 106 114 107 102 101 105 110 109 65 52 56 60 62 55 55 52 52 58 49 48 57 60 74 83 91 100 101 96 92 87 75 76 84 90 92 91 101 103 90 95 70 52 53 47 57 59 60 60 54 51 
31 31 43 43 35 33 35 30 38 52 69 67 45 52 46 41 57 73 94 102 122 132 138 134 136 136 136 133 134 134 135 135 133 131 131 127 127 131 129 124 123 123 124 124 128 133 120 119 111 75 97 120 111 89 102 107 118 70 53 54 55 56 54 56 56 55 55 57 55 34 45 47 48 40 52 72 90 98 101 101 91 80 76 82 79 86 97 92 95 84 65 52 52 52 57 57 61 58 49 43 
48 69 38 43 38 32 32 28 28 44 51 49 68 60 42 43 66 56 52 46 48 57 66 85 102 113 126 138 146 137 133 131 135 135 132 131 128 127 132 129 127 129 127 126 127 134 129 120 118 89 93 106 100 96 105 117 94 63 56 56 56 57 56 59 55 58 57 55 59 37 38 44 47 33 34 49 61 73 81 87 91 88 88 89 81 83 81 80 72 58 48 53 57 54 52 59 57 55 39 40 
46 46 66 45 31 36 31 35 40 45 48 50 52 52 67 54 58 58 47 46 47 55 55 59 65 67 66 71 97 108 124 151 156 141 140 121 128 131 136 132 130 129 129 128 127 134 132 122 121 112 104 103 101 103 115 107 59 59 56 57 61 57 56 58 60 59 58 59 51 52 34 43 39 39 39 42 57 59 54 61 74 89 89 81 76 87 84 81 72 42 43 53 53 52 56 60 48 44 41 35 
32 34 39 46 57 50 46 41 36 47 42 45 53 60 59 43 49 69 74 52 49 54 56 57 61 68 69 65 60 89 117 101 113 115 119 115 125 124 125 134 132 133 131 132 131 129 137 127 123 120 95 95 100 100 121 61 43 55 59 58 61 58 57 58 60 60 58 63 53 58 37 39 42 42 42 48 60 63 60 62 66 57 54 57 58 52 45 53 55 52 53 55 55 53 52 46 41 41 32 28 
36 39 48 44 49 67 65 36 46 49 47 55 55 56 66 55 50 48 62 71 53 54 56 57 61 67 64 63 59 74 107 104 90 90 89 116 125 99 85 100 101 104 103 103 123 128 128 131 126 116 99 81 94 117 83 42 37 51 62 61 60 63 62 59 58 58 61 66 58 54 49 35 36 36 41 58 62 61 63 67 63 56 49 49 50 50 53 51 51 52 54 59 56 51 47 39 40 38 40 32 
31 35 34 29 37 42 52 74 48 46 44 61 55 47 60 55 51 44 58 52 51 52 56 60 63 65 61 64 62 68 89 99 92 83 97 100 84 51 48 45 56 61 59 54 54 51 73 100 111 124 110 81 106 117 42 35 37 44 62 65 64 66 64 59 57 58 68 68 58 53 60 39 32 33 50 61 63 62 63 60 52 50 48 50 48 54 53 52 58 55 56 54 52 47 40 38 33 38 42 35 
34 31 27 31 34 43 44 46 73 57 63 64 49 54 55 51 54 53 49 56 61 48 52 58 62 62 62 66 60 62 64 66 73 72 67 60 51 38 41 35 44 61 57 56 52 49 61 97 118 134 87 82 117 77 41 34 30 32 55 63 64 66 61 59 55 60 67 62 57 54 58 50 34 43 58 64 65 65 59 51 52 48 49 48 52 53 50 51 53 50 52 51 48 40 37 36 38 40 41 42 
29 34 33 34 33 35 41 45 50 61 59 68 52 67 62 57 61 55 45 47 47 44 49 58 58 57 67 68 65 66 62 60 67 67 72 59 51 41 39 37 41 59 60 53 55 51 54 90 128 105 106 90 72 44 34 33 33 34 48 64 63 64 60 56 58 64 65 64 66 57 58 57 46 55 61 62 61 60 50 46 46 51 48 49 54 48 52 54 51 54 54 46 38 35 38 38 40 46 52 55 
26 30 38 34 33 33 41 54 45 49 54 54 79 59 44 57 50 55 46 44 49 52 48 56 60 56 67 68 62 65 64 61 63 70 69 65 52 43 38 40 37 46 62 57 56 53 53 75 99 98 91 64 62 47 33 34 32 37 35 60 66 58 55 59 59 62 63 61 65 61 59 56 58 54 61 64 60 50 50 49 50 49 51 54 49 50 54 52 55 56 53 45 39 40 47 41 40 44 57 54 
56 30 32 31 32 35 50 53 43 43 45 56 51 71 71 41 38 45 48 50 53 54 49 54 61 62 68 66 64 66 63 60 60 64 69 66 59 52 39 42 35 39 59 60 60 59 53 51 55 55 53 57 60 60 31 33 30 35 33 47 64 62 57 63 61 62 60 57 59 62 56 56 61 53 61 62 52 51 53 54 52 50 55 47 47 50 54 53 55 48 49 42 40 46 52 42 43 45 46 50 
59 68 37 32 32 56 46 45 47 39 39 48 50 45 51 74 54 32 43 42 58 53 43 51 61 62 65 64 69 66 65 61 62 63 69 66 66 55 43 35 35 37 50 61 63 57 56 51 55 55 54 57 57 60 49 29 31 32 37 41 61 61 61 62 60 61 59 57 51 55 54 51 59 61 62 52 46 53 59 53 50 52 51 51 46 56 51 53 52 46 40 42 43 44 45 52 54 44 47 53 
34 36 64 58 68 43 43 48 48 39 41 46 40 32 42 48 60 62 57 68 58 39 39 49 58 59 58 65 69 65 65 61 64 66 65 67 64 55 48 31 33 35 40 59 60 58 58 54 55 55 54 58 59 58 56 29 29 40 37 35 49 65 62 64 64 59 54 57 49 47 52 52 59 61 59 61 65 63 58 50 53 50 50 49 56 59 53 58 55 45 44 43 48 49 51 45 52 48 50 48 
38 40 47 38 44 75 37 32 39 39 36 45 44 35 49 56 53 51 41 45 75 52 38 47 57 59 57 63 67 68 64 65 60 62 64 68 67 60 51 36 36 33 38 56 63 63 58 57 56 51 55 59 59 62 58 42 25 33 36 38 42 64 65 62 66 61 56 53 53 45 50 56 63 58 56 65 58 58 53 56 54 52 56 57 61 55 60 59 54 47 44 42 42 45 44 47 45 49 51 49 
38 44 35 38 35 40 67 58 31 38 33 41 37 30 43 59 67 69 44 45 42 52 63 53 59 60 56 62 62 70 67 68 66 64 63 65 62 65 54 48 35 36 34 44 61 63 58 56 55 54 57 57 58 64 61 55 25 37 39 39 41 54 64 60 58 62 53 54 55 48 50 63 64 58 58 55 53 50 52 54 55 56 54 61 65 78 93 65 53 49 41 42 42 43 49 45 45 50 48 54 
47 37 34 34 34 32 31 44 68 52 35 42 38 31 46 55 58 53 44 42 31 36 35 55 54 56 55 59 62 69 67 68 69 65 60 56 62 66 54 55 40 31 33 36 55 63 60 56 58 57 56 59 60 66 63 61 35 29 40 43 42 47 56 57 60 58 52 54 55 53 63 65 56 57 55 52 55 54 56 55 61 64 71 74 72 67 60 51 48 36 39 49 46 43 55 50 59 58 44 44 
35 35 32 33 34 33 35 32 36 46 66 55 38 44 67 45 46 42 40 35 33 39 39 41 48 57 58 60 66 67 70 68 68 71 62 57 60 63 65 61 46 31 31 39 48 61 61 57 61 59 57 53 56 59 63 60 51 28 35 42 45 44 55 61 54 55 54 52 51 63 67 59 57 57 54 53 59 60 59 63 61 61 67 63 61 55 48 46 36 34 38 52 52 47 50 49 59 52 50 48 
28 31 33 29 37 32 34 36 34 38 37 53 60 62 55 43 43 39 36 33 42 38 40 45 46 54 54 58 65 67 70 72 68 67 63 60 59 63 64 55 52 33 35 39 38 58 60 62 62 59 55 52 58 59 60 62 58 36 34 41 44 47 52 65 63 56 53 53 59 63 63 59 58 53 54 61 63 51 55 57 55 58 56 57 59 52 54 48 48 42 52 55 59 55 51 60 61 61 55 52 
55 28 30 31 33 34 37 39 35 36 41 47 41 37 58 71 48 37 41 34 35 32 43 48 48 54 53 54 64 70 74 73 71 68 63 61 61 62 60 57 50 39 33 35 36 50 59 60 65 61 57 56 58 58 59 59 55 50 32 40 44 40 47 59 62 54 53 57 66 61 59 58 54 55 57 60 54 50 59 57 56 61 56 53 53 52 50 44 49 49 48 46 48 53 59 56 62 62 59 56 
47 66 42 28 32 35 35 41 36 42 48 42 42 40 39 45 69 68 42 37 32 34 46 44 57 52 59 57 59 67 74 74 70 67 66 65 60 63 62 59 55 45 29 33 35 39 59 59 62 58 60 60 60 59 54 57 55 59 35 34 38 41 44 51 59 56 56 60 60 53 55 54 55 53 59 52 55 59 62 51 55 56 55 40 40 46 49 45 48 53 50 51 56 56 54 54 61 65 55 56 
33 31 57 72 39 32 37 40 40 47 37 43 45 37 35 40 36 42 66 61 43 45 42 44 60 51 51 52 61 66 74 75 69 69 73 68 63 63 66 67 60 53 33 35 35 34 53 61 56 57 61 62 61 55 54 58 58 58 49 29 35 35 47 58 56 58 63 60 52 59 56 53 51 57 59 56 61 62 58 57 57 60 43 38 45 47 54 57 53 56 55 62 57 53 50 57 62 59 56 52 
31 34 32 37 62 65 44 41 65 42 38 38 43 36 36 38 36 35 40 43 61 61 60 72 54 50 49 51 59 64 71 72 69 70 70 70 66 67 67 67 63 55 44 31 33 34 44 62 58 59 63 58 61 58 56 59 59 58 60 32 35 43 62 58 56 62 62 58 60 60 54 53 57 56 57 57 62 60 59 57 61 49 39 44 53 52 48 57 55 50 65 80 43 49 49 58 58 61 59 53 
35 35 32 33 44 47 55 62 64 34 35 40 48 50 47 42 42 37 39 40 47 47 40 44 71 55 39 49 62 61 69 69 66 70 67 67 63 67 63 66 62 55 51 35 35 38 38 54 63 63 67 65 60 61 61 58 59 60 61 47 35 63 67 63 61 59 56 58 63 61 58 61 60 57 58 63 57 61 63 64 54 36 48 51 57 55 54 59 64 58 51 55 57 52 55 56 59 61 65 59 
37 41 37 35 42 46 36 38 57 68 43 36 46 38 43 43 39 40 39 49 49 39 43 35 38 57 74 58 54 55 63 69 68 72 71 69 65 67 65 67 61 62 55 39 36 35 36 45 63 65 66 62 56 58 56 64 61 59 65 63 53 63 67 73 67 57 56 64 65 60 59 60 55 59 62 59 60 66 66 53 46 42 51 53 54 59 61 66 66 62 67 59 57 63 59 59 77 59 71 64 
29 32 37 43 51 33 38 38 40 42 57 65 42 39 43 45 37 39 40 52 40 39 37 36 37 33 37 57 52 52 62 66 70 69 68 65 67 70 65 68 65 66 53 47 32 32 38 40 58 63 68 61 61 63 60 63 60 57 66 69 61 57 67 73 65 61 68 70 65 64 63 61 60 66 66 62 66 66 54 36 36 48 56 55 52 57 66 76 61 64 64 61 54 64 58 64 60 60 69 58 
29 30 39 55 41 35 40 44 33 35 35 42 71 64 45 41 31 42 62 47 41 36 34 32 34 32 38 46 55 52 52 63 68 66 68 67 67 67 66 67 73 72 57 45 38 32 36 36 48 64 67 61 67 65 63 59 64 63 66 68 67 58 65 66 59 65 64 61 63 69 66 64 69 74 65 58 61 59 39 35 39 46 53 53 60 72 71 67 59 63 64 63 64 64 63 68 60 59 63 70 
33 40 69 34 36 35 37 42 33 33 34 36 41 44 64 56 51 74 54 42 35 34 35 34 39 37 40 46 48 53 53 62 63 65 69 65 67 69 67 68 69 71 57 46 45 33 41 38 40 63 64 69 68 65 67 55 57 65 61 64 69 65 63 59 59 63 61 59 63 71 68 74 72 71 62 66 59 41 41 40 46 49 53 60 62 84 79 68 59 66 65 69 64 64 61 63 68 63 59 77 
50 62 53 28 29 34 36 42 37 36 39 32 32 34 49 52 50 70 51 39 34 34 36 35 37 42 42 45 38 51 52 59 66 70 67 66 68 71 69 68 66 68 61 51 48 33 36 35 33 53 68 68 73 65 66 60 57 64 58 55 65 65 50 54 53 56 59 58 57 57 64 66 72 72 64 64 45 44 47 40 51 51 60 55 59 64 55 61 60 61 62 66 66 56 61 62 66 64 56 73 
33 34 59 68 39 32 33 39 41 39 34 28 29 34 49 52 47 49 74 69 40 33 35 33 36 47 46 46 38 52 52 60 64 70 70 67 67 70 71 66 68 68 63 56 49 39 35 37 36 44 69 72 72 69 63 62 62 59 57 61 65 54 56 59 58 56 57 56 54 58 67 72 75 74 67 46 42 43 43 51 53 57 72 71 63 55 59 70 75 66 72 63 58 58 63 72 66 63 67 60 
31 34 31 34 67 62 38 32 41 34 30 24 29 50 45 54 46 47 41 40 65 67 44 38 43 46 44 49 46 43 50 54 65 71 72 68 69 68 68 65 63 68 65 63 50 43 30 33 33 39 66 68 68 67 63 64 63 54 58 63 59 53 54 59 60 59 53 51 55 59 63 72 72 70 51 40 43 46 52 51 51 53 58 66 65 60 65 65 69 64 66 64 62 59 59 57 64 61 67 60 
35 38 35 35 39 50 71 57 32 29 28 24 47 48 44 48 54 47 45 33 33 45 66 65 50 47 45 78 44 43 45 54 61 67 68 64 66 68 70 70 65 63 66 64 52 48 33 33 34 37 49 74 66 61 68 64 56 55 63 61 55 59 57 56 58 58 56 54 58 59 62 65 66 50 37 42 45 46 47 47 54 64 63 62 62 67 68 64 69 60 62 65 65 58 56 55 64 59 60 60 
32 42 36 31 32 30 30 49 70 52 46 68 49 41 46 44 52 47 50 34 45 42 41 44 59 60 67 63 41 39 47 57 58 66 68 65 62 69 68 68 61 57 61 63 61 54 40 31 32 39 37 61 71 68 68 60 53 62 58 51 54 56 59 58 58 53 51 53 59 60 65 66 46 35 38 37 45 48 52 52 57 63 68 64 62 70 67 64 73 65 67 72 59 55 54 58 63 68 72 66 
32 36 41 34 26 23 30 31 37 52 43 61 51 31 40 41 52 50 51 34 37 37 38 41 47 47 44 57 72 42 44 52 54 63 67 67 63 65 68 65 60 61 62 67 68 57 48 32 36 34 34 50 73 70 62 58 63 61 55 58 56 58 59 60 56 53 54 51 59 65 62 60 38 37 41 33 40 49 50 49 56 59 66 67 68 66 72 68 64 57 61 65 53 52 60 53 60 66 65 67 
