24 34 36 36 36 35 37 37 38 38 38 37 37 38 37 38 37 36 37 37 38 39 39 41 41 39 40 38 39 36 33 35 36 34 29 36 37 40 42 44 45 48 51 49 54 56 60 66 62 62 61 57 59 51 46 43 38 34 32 27 26 23 24 21 19 18 17 17 16 17 14 14 12 11 10 10 10 13 16 16 16 16 17 17 18 17 17 17 16 16 17 15 15 17 16 16 16 16 15 15 
19 31 34 34 34 36 36 34 36 36 37 36 36 38 37 37 38 37 37 37 37 39 40 39 39 38 38 38 38 36 34 35 36 36 29 34 38 39 42 46 46 51 51 54 58 60 58 64 65 66 59 57 55 50 48 45 39 34 31 27 25 22 24 21 20 20 20 19 17 17 14 14 12 12 10 10 10 15 16 16 16 16 16 17 18 17 17 17 16 16 15 17 16 17 17 16 16 16 16 16 
16 27 31 33 34 34 34 34 35 36 36 35 37 36 36 35 34 35 35 37 39 38 37 39 38 39 37 37 35 36 36 34 35 37 30 34 39 41 46 47 51 51 54 57 57 62 60 65 67 67 63 61 59 55 51 49 39 34 31 28 26 23 23 20 19 19 19 18 16 18 14 14 13 13 11 12 10 14 17 17 18 17 18 19 18 17 17 18 16 16 16 16 16 16 17 17 17 17 17 17 
15 27 32 31 33 33 33 34 35 36 36 35 35 36 34 35 37 37 35 36 36 36 36 36 39 37 35 36 35 35 37 35 37 38 35 37 40 43 47 52 55 57 59 58 61 64 68 68 65 70 66 62 58 54 51 48 41 36 33 30 26 24 23 21 20 19 19 18 18 17 16 13 12 13 12 13 11 15 16 17 18 19 19 19 19 17 18 18 18 16 16 16 16 17 17 17 18 18 17 16 
14 26 31 33 34 33 34 35 37 36 37 37 37 36 35 35 37 36 35 35 36 36 37 36 37 36 37 37 35 36 38 37 36 42 44 36 43 46 53 56 57 59 61 64 70 72 68 69 68 73 66 60 59 53 55 46 44 38 35 31 27 25 21 23 23 21 20 20 19 17 18 15 14 15 13 13 11 17 17 17 18 19 19 18 19 17 18 17 17 15 16 16 16 16 16 17 18 18 17 16 
14 25 32 32 32 33 34 34 35 35 34 37 35 35 35 34 35 37 36 36 36 35 36 36 38 37 38 37 36 36 36 39 38 43 45 37 48 52 54 57 62 62 65 71 71 73 74 72 71 73 67 69 61 61 60 51 43 40 37 32 29 27 25 24 25 23 23 22 19 18 18 18 16 14 14 13 12 17 18 17 18 19 19 18 19 17 16 16 16 16 17 15 16 16 16 16 16 18 15 16 
14 23 33 34 33 33 34 34 37 36 35 36 35 36 36 35 35 35 38 37 37 37 37 37 39 39 38 38 36 37 39 40 41 46 50 37 48 52 60 58 63 71 83 88 89 91 91 91 91 89 86 85 77 70 62 58 51 46 43 37 36 32 31 29 29 28 26 25 23 21 20 20 18 17 16 14 14 19 22 20 19 21 21 20 19 18 17 17 16 16 17 16 17 16 16 16 16 17 16 16 
14 21 32 34 33 33 33 35 37 36 36 36 37 35 36 37 34 34 37 36 37 36 36 38 39 38 37 38 38 41 38 41 43 47 53 39 52 57 65 73 83 100 110 114 117 115 114 111 106 107 105 105 103 100 98 90 76 71 64 61 57 56 54 48 43 37 34 30 28 26 25 22 20 20 18 16 18 22 23 23 23 25 24 22 22 21 20 20 18 17 18 17 17 17 17 17 16 17 17 17 
12 21 31 33 34 35 37 34 37 36 36 36 36 37 36 36 35 38 38 39 38 37 37 37 38 38 36 38 38 41 42 43 45 49 53 37 56 82 99 99 104 116 117 122 127 124 126 126 120 120 115 112 113 105 102 104 104 102 104 101 96 97 94 91 90 83 72 67 63 54 42 33 27 27 27 29 30 32 31 30 28 26 25 23 21 21 21 21 21 19 18 17 18 18 18 18 18 19 17 17 
13 20 32 33 34 34 35 34 35 36 36 36 37 36 34 35 38 36 38 35 38 38 38 37 37 38 38 39 41 40 40 44 44 47 54 57 92 97 99 107 111 118 125 125 129 134 134 137 136 135 134 131 130 124 119 117 115 114 113 114 109 106 108 105 103 102 95 102 99 93 87 82 66 57 68 72 73 78 75 64 49 36 30 29 26 26 25 23 23 23 21 19 19 18 18 18 18 18 17 17 
14 21 31 32 34 35 35 34 34 35 35 35 36 35 35 33 36 37 37 37 37 37 37 37 37 39 41 40 42 41 41 44 47 52 75 88 93 97 106 116 121 126 130 135 135 136 139 139 140 139 140 141 139 136 135 134 132 127 124 121 112 107 103 108 108 104 104 106 110 107 105 103 98 91 89 93 104 107 103 99 90 84 72 58 46 36 29 27 27 26 24 22 21 19 20 21 20 20 19 19 
14 21 31 33 33 33 34 36 37 35 35 36 37 37 37 38 37 38 39 37 38 39 38 39 40 40 41 40 41 41 39 43 49 70 83 89 101 114 117 124 127 129 131 133 139 140 140 142 143 143 142 144 143 142 139 139 138 137 138 132 119 111 103 105 110 114 110 108 108 114 117 115 109 111 108 108 115 118 115 114 107 104 108 108 103 93 81 62 46 35 31 27 26 24 24 24 22 21 21 20 
14 21 30 33 33 33 34 34 34 36 36 34 36 36 38 36 35 37 38 38 38 41 39 39 40 41 40 40 42 44 43 46 57 78 83 99 117 124 130 131 131 133 132 134 135 139 146 144 143 145 142 145 146 145 142 141 139 142 143 141 135 122 111 110 115 119 117 113 112 112 119 121 118 121 120 120 125 126 124 124 117 116 118 118 119 117 114 110 105 100 92 89 79 64 46 28 24 23 23 22 
13 22 31 33 35 36 36 37 37 37 39 37 38 36 36 36 37 35 38 39 40 39 38 39 40 40 41 41 43 43 45 49 74 85 97 110 122 130 131 130 134 133 131 134 138 143 143 142 141 139 139 142 143 141 141 141 135 139 137 138 135 129 124 120 119 116 105 102 98 106 108 108 112 115 110 118 123 122 121 120 125 125 122 122 123 121 118 119 113 111 110 108 94 83 95 81 49 26 23 23 
13 22 33 35 37 37 36 35 36 38 38 37 37 37 36 37 37 37 39 39 40 39 38 41 40 41 41 41 44 44 47 69 87 98 108 121 129 134 134 134 134 132 138 138 143 142 143 141 141 138 139 138 143 141 140 140 136 135 130 131 127 120 111 107 105 89 67 56 56 51 51 45 47 57 59 83 103 106 101 99 107 114 117 119 122 121 120 119 114 112 109 105 95 86 100 91 77 41 25 25 
14 22 32 35 36 36 38 39 38 38 38 38 36 37 36 39 37 39 38 39 40 39 39 42 42 42 41 42 48 47 50 82 93 105 122 133 136 136 138 134 133 132 131 132 134 131 133 136 132 129 131 136 135 142 141 140 141 136 132 121 113 104 103 99 82 47 34 33 36 37 38 35 34 36 39 41 56 64 61 55 66 77 91 105 111 113 115 118 116 117 115 107 97 127 149 143 132 100 34 29 
14 24 33 35 35 38 36 36 35 35 38 38 38 37 37 39 39 39 39 38 39 41 41 40 42 42 44 43 45 46 51 89 107 116 131 138 138 143 139 138 135 135 132 130 131 128 124 123 121 117 121 123 127 131 134 136 138 132 129 122 81 95 98 100 106 105 97 89 81 78 78 77 82 85 86 79 73 75 62 43 33 33 35 39 49 60 80 101 111 111 115 131 122 125 149 157 133 107 40 30 
14 25 35 36 35 37 38 38 37 36 36 39 38 39 39 38 41 42 39 40 41 42 41 43 44 44 46 45 46 48 62 100 115 123 133 143 141 142 140 139 137 139 141 135 132 132 127 126 124 122 121 123 124 124 128 136 135 132 121 83 67 116 119 119 119 119 118 117 109 108 105 103 97 96 91 83 66 40 30 28 27 27 28 28 31 33 35 37 67 103 117 135 133 146 143 134 123 90 33 28 
14 27 34 35 36 37 36 36 36 36 36 39 41 41 40 40 41 41 40 41 42 44 42 44 44 44 45 46 46 49 74 107 116 126 136 139 144 141 136 133 130 131 131 130 126 127 126 126 122 119 120 119 122 124 123 125 128 131 113 46 39 63 88 104 109 111 110 109 108 106 101 90 73 53 39 28 30 29 28 27 26 25 23 24 26 29 30 29 31 38 91 132 131 147 163 149 112 68 27 27 
14 26 32 34 34 35 36 36 38 38 39 37 38 38 38 40 39 40 41 42 40 41 41 42 46 47 44 46 48 53 87 106 112 129 135 135 134 131 128 126 124 123 124 126 126 126 127 125 124 122 120 117 115 117 123 120 119 121 99 58 57 85 110 125 132 127 123 120 116 107 101 91 69 43 32 29 28 27 26 25 24 23 23 24 24 24 26 26 26 29 37 85 132 121 114 125 101 36 27 25 
15 29 34 34 36 37 37 37 38 38 38 39 37 39 40 40 40 41 41 42 41 42 44 47 46 47 46 46 47 63 99 108 116 127 136 137 133 134 129 129 127 129 130 130 131 130 127 126 125 121 122 123 119 116 116 116 117 115 106 80 74 105 124 131 130 129 130 132 131 123 115 103 99 90 65 41 32 31 29 26 24 22 22 23 24 24 24 24 24 25 28 32 41 63 78 49 31 26 29 30 
16 28 32 35 36 38 37 38 37 38 38 38 37 38 39 42 40 40 41 42 40 43 45 44 46 48 46 48 49 81 105 116 127 134 137 138 139 137 139 138 140 141 142 141 139 137 132 130 131 129 127 125 119 121 119 112 112 116 112 99 76 83 115 128 132 132 135 136 137 132 122 111 113 112 98 86 65 40 31 28 26 23 22 24 23 25 24 23 25 25 25 25 26 26 25 25 23 22 23 24 
18 30 34 35 36 37 38 37 38 39 39 39 39 39 40 39 41 39 42 42 41 45 43 44 47 47 49 49 56 99 109 118 132 136 142 142 145 145 150 150 149 150 147 149 147 149 142 139 138 137 133 131 125 123 119 117 114 111 110 113 98 70 98 127 129 132 134 134 132 130 119 119 122 121 114 108 95 74 50 33 29 25 25 26 25 27 28 24 24 24 23 23 24 24 25 24 21 20 20 20 
18 31 34 36 37 37 38 38 39 39 39 38 39 40 40 41 41 42 43 44 44 45 43 46 48 50 47 49 67 108 112 126 134 144 147 148 152 156 157 160 160 159 157 155 154 156 154 151 144 140 138 140 138 134 126 122 119 114 108 106 108 94 73 105 126 128 125 123 118 110 106 110 115 121 122 117 113 105 93 75 44 30 29 30 27 27 26 23 23 22 22 20 21 22 22 21 21 22 21 20 
20 30 33 35 36 35 39 38 39 38 40 39 40 42 42 41 42 42 44 44 44 45 46 47 47 50 49 50 85 112 119 128 140 149 150 151 156 160 163 164 167 163 162 162 160 163 161 158 154 148 145 146 145 140 136 132 125 117 111 103 102 104 85 73 108 103 77 64 55 49 41 47 77 104 110 115 119 120 114 110 93 52 34 33 30 27 26 24 21 20 21 21 19 21 21 21 21 21 20 19 
23 31 34 35 37 38 40 38 39 39 39 41 42 44 43 45 44 42 42 43 46 44 48 46 48 47 50 55 99 116 124 132 140 143 151 153 155 159 163 163 164 163 161 163 165 167 166 165 163 160 153 153 151 148 147 142 134 124 119 111 103 102 99 66 47 35 33 40 43 38 30 27 26 39 74 105 118 123 123 124 127 117 51 34 31 28 25 23 20 19 20 20 19 20 19 19 19 20 20 20 
25 32 35 38 38 38 39 39 39 41 40 38 40 41 42 45 43 41 42 44 45 44 46 46 49 49 51 60 101 117 124 133 137 145 147 152 154 156 158 163 163 162 164 165 168 170 166 168 167 167 157 157 153 155 154 148 141 133 127 117 108 99 99 77 35 27 32 39 39 31 25 23 23 26 28 57 105 119 124 122 132 136 74 36 32 26 23 21 20 18 19 19 19 18 19 19 19 21 19 19 
26 31 33 35 37 37 37 37 37 40 39 40 42 42 43 43 42 42 44 44 45 45 46 48 49 50 49 70 106 117 125 139 144 149 149 155 154 153 157 161 162 162 160 167 168 170 167 168 170 170 165 161 157 156 155 151 147 142 133 125 114 105 95 86 49 26 28 38 37 26 20 21 20 22 24 36 71 105 116 125 136 138 97 42 37 29 25 23 20 19 19 18 19 19 19 19 19 19 19 19 
27 33 33 35 35 37 37 40 40 42 40 41 40 43 43 43 44 43 42 44 44 44 46 47 47 50 50 80 110 117 126 136 146 149 153 154 154 151 154 159 162 161 160 162 166 166 170 169 173 170 168 162 163 157 156 156 151 147 139 135 119 110 98 85 68 33 26 32 33 23 20 19 19 20 22 28 39 91 125 137 143 144 128 52 38 31 27 24 22 20 20 19 19 19 19 19 19 18 18 18 
28 33 35 36 35 38 39 40 40 40 40 40 40 42 44 43 43 43 43 44 46 46 48 48 49 50 52 87 111 120 128 138 142 145 151 151 155 157 164 167 163 163 163 160 163 165 167 170 169 168 167 169 164 160 160 158 156 153 146 139 126 113 100 88 72 34 25 29 30 23 20 19 19 19 20 28 36 98 136 138 148 134 108 50 34 28 24 21 19 20 19 19 19 18 17 18 19 18 19 19 
32 33 34 36 37 38 39 41 40 38 39 38 41 43 44 43 42 44 44 45 45 46 46 46 48 51 52 92 112 123 128 137 139 144 152 157 161 164 164 165 163 163 164 162 160 163 163 165 170 171 168 170 165 165 161 160 157 152 150 138 135 120 104 88 75 46 24 22 27 22 19 18 18 17 20 29 38 114 137 139 130 113 72 38 32 26 22 20 18 19 18 19 19 20 19 17 19 19 19 20 
34 34 34 36 39 38 38 38 38 38 36 39 40 41 40 43 44 47 45 44 46 49 49 49 50 53 54 96 112 119 128 133 142 152 160 161 162 164 163 163 168 165 166 165 163 165 162 164 165 169 168 168 167 163 162 162 159 154 149 140 136 123 107 93 76 50 24 23 21 19 19 18 17 16 21 27 32 101 145 152 141 120 50 35 27 24 20 19 18 19 19 21 20 19 18 18 20 20 19 19 
36 37 36 36 38 37 36 39 40 39 38 42 42 42 44 41 45 47 46 46 48 46 48 48 51 51 56 101 117 125 129 135 145 156 160 160 160 162 163 161 171 167 167 163 166 169 159 160 162 164 162 163 163 161 160 159 155 150 151 143 140 126 109 92 76 50 25 20 19 20 18 17 15 13 19 22 29 60 130 139 120 80 34 28 26 22 20 19 17 17 18 20 19 18 18 18 19 19 18 20 
36 36 37 37 37 39 38 38 37 40 39 40 44 40 44 42 44 45 45 46 46 47 46 47 50 51 58 105 121 125 130 137 145 152 157 160 161 160 164 166 165 166 165 163 167 163 163 165 163 160 161 160 161 159 159 157 153 148 145 145 139 127 107 95 79 45 23 20 18 18 17 15 13 14 19 22 26 28 62 75 35 26 26 23 21 18 17 17 16 16 18 17 18 18 18 17 18 18 18 19 
35 35 38 37 37 38 38 37 39 38 42 41 41 42 44 42 45 47 47 48 47 46 48 50 51 55 62 104 120 124 129 136 146 150 153 158 160 162 164 164 166 166 164 165 165 167 164 165 163 161 162 161 161 160 160 157 155 151 144 141 139 126 108 95 79 46 22 17 17 17 15 14 12 13 19 21 24 23 22 22 20 22 23 22 19 18 17 17 16 16 16 18 19 17 17 17 18 18 18 19 
37 36 36 36 38 36 37 40 42 41 40 39 42 41 44 44 45 45 45 48 47 49 49 51 51 52 68 106 122 127 129 134 144 144 152 160 162 166 165 165 166 165 164 169 162 166 165 163 165 164 164 162 163 154 151 153 155 154 147 140 134 118 110 91 71 37 18 16 16 16 15 13 13 13 17 19 21 19 19 21 18 18 18 18 18 19 19 18 17 17 17 18 18 18 18 18 18 18 18 18 
35 36 36 37 37 38 38 38 41 40 42 41 45 41 43 46 45 48 46 47 48 47 52 50 51 52 68 113 124 128 129 136 142 144 156 158 164 167 162 166 164 163 169 169 165 166 166 162 164 166 165 157 157 152 151 153 153 152 150 141 128 112 107 92 68 31 18 14 14 15 13 12 11 12 17 19 19 18 17 18 17 16 16 16 16 18 18 17 17 17 18 19 18 19 18 18 18 18 18 18 
36 34 36 36 37 38 39 39 40 42 40 41 43 43 44 46 47 45 46 46 46 49 51 49 52 53 64 106 119 127 131 137 145 147 153 156 161 164 162 162 163 165 169 167 167 165 166 161 163 167 167 162 160 153 153 152 150 152 148 146 129 110 107 90 60 26 16 13 12 13 13 12 10 14 17 18 17 18 18 18 18 16 16 16 16 16 16 16 16 16 17 17 18 19 19 19 19 20 20 19 
35 36 35 38 38 38 39 39 42 40 40 41 46 44 43 44 46 46 49 46 47 49 49 52 53 53 63 109 118 125 131 140 144 147 152 154 158 162 163 161 164 163 165 163 163 163 162 160 163 167 164 162 161 157 154 148 149 146 146 141 130 109 101 87 56 23 14 13 13 12 12 12 11 18 17 17 16 15 16 17 16 15 15 15 16 16 16 16 16 17 18 17 18 18 19 19 19 20 20 18 
33 34 32 34 36 35 37 37 39 39 41 44 41 43 44 44 48 47 48 46 48 52 50 54 53 53 59 105 124 131 137 143 144 146 151 154 156 153 159 159 160 163 160 162 161 162 163 161 161 165 167 162 157 161 155 155 150 139 144 140 129 109 95 79 56 18 14 12 13 12 12 11 13 15 15 16 16 15 16 16 16 15 15 15 17 21 16 16 17 18 17 16 16 17 18 19 18 19 18 18 
34 33 31 35 34 36 37 36 38 40 40 40 42 43 43 45 47 47 48 48 50 51 51 51 51 51 60 104 122 131 137 141 144 145 146 150 156 157 159 160 163 161 158 159 160 162 161 166 164 164 167 162 160 158 153 154 143 135 140 139 126 109 90 77 51 18 14 11 12 12 10 11 13 14 15 15 14 15 15 16 16 16 16 16 17 18 15 18 19 20 17 17 17 17 17 18 18 18 16 18 
35 32 31 34 33 35 36 35 36 37 38 38 42 43 45 45 47 47 51 51 52 53 54 54 53 55 58 99 119 129 131 141 148 150 150 155 156 155 159 161 160 164 163 164 167 165 166 165 163 161 163 163 164 165 155 151 141 141 139 134 126 111 86 74 48 17 14 12 13 12 11 10 14 16 16 15 16 15 15 17 17 17 16 16 16 17 18 18 20 17 17 16 17 17 17 20 19 18 17 17 
36 34 35 33 33 33 39 34 36 36 37 38 40 40 42 45 47 48 51 50 53 52 53 54 53 55 61 97 113 124 130 143 151 151 147 153 157 161 162 166 166 166 166 165 165 171 175 168 169 168 161 163 166 163 156 148 147 147 136 136 127 113 87 68 38 16 12 11 14 13 12 12 14 14 16 17 15 15 16 17 17 17 16 16 15 15 17 19 19 16 16 16 17 17 18 18 18 17 17 17 
35 34 33 34 34 34 34 37 35 36 37 40 40 39 41 44 45 49 49 51 55 56 57 57 53 55 65 101 113 119 132 145 148 145 150 159 162 171 171 169 172 172 171 172 171 170 170 168 169 170 164 159 157 156 153 151 145 140 134 136 126 116 91 65 34 15 13 13 15 13 11 14 15 17 17 15 15 16 16 16 16 17 17 17 16 17 17 17 16 16 17 17 17 18 17 18 17 17 19 18 
34 34 34 34 34 33 35 36 36 38 34 35 39 39 39 40 45 45 47 52 55 58 57 58 56 57 75 100 112 122 136 141 143 151 161 164 169 172 169 174 179 177 174 172 171 170 167 166 161 162 160 160 160 161 156 154 147 138 130 135 126 115 90 65 31 15 13 13 15 14 13 18 18 20 18 16 17 16 16 16 16 17 17 17 18 17 17 17 18 18 17 17 17 18 17 18 16 17 20 17 
34 35 37 37 36 37 38 38 36 37 35 38 37 39 39 43 59 75 85 74 58 56 59 61 56 59 87 105 118 132 142 142 152 160 161 166 165 169 171 170 173 172 174 173 174 171 170 164 161 161 158 154 159 161 165 158 141 126 130 131 125 118 104 63 23 14 13 13 14 13 15 17 19 17 15 17 17 15 16 16 16 16 17 17 18 18 17 17 17 17 17 17 17 18 18 16 17 18 20 16 
36 40 43 46 46 45 44 46 43 43 45 44 44 45 46 92 144 137 138 140 129 89 48 49 50 50 90 108 127 139 141 145 154 157 158 160 163 167 164 168 169 169 169 168 163 156 155 152 151 150 146 147 148 151 156 149 135 124 130 130 124 119 105 68 23 18 14 14 14 12 16 19 17 17 18 18 16 16 17 17 17 17 17 18 17 18 18 17 17 18 18 17 17 17 15 16 18 19 17 16 
31 27 24 25 24 27 31 38 40 47 50 50 58 59 90 138 141 141 141 142 139 145 117 49 29 43 94 116 136 138 146 149 154 153 156 154 154 157 156 158 156 156 158 159 155 151 146 147 145 141 136 134 127 127 127 129 126 119 126 128 121 117 116 110 110 106 64 37 17 13 18 20 21 20 20 20 18 17 16 17 17 17 18 18 18 18 19 18 17 19 18 18 17 17 15 17 17 21 16 16 
41 41 39 40 39 36 35 33 31 29 28 27 30 68 134 139 143 145 146 145 139 138 144 136 73 39 89 124 136 141 146 149 151 150 149 146 145 143 145 151 155 159 163 164 165 165 162 158 157 155 152 149 148 138 135 132 131 137 135 140 140 143 145 140 138 127 118 108 92 63 33 21 22 21 18 20 19 17 19 17 17 18 17 18 18 17 16 17 17 18 19 17 17 17 17 18 17 22 15 16 
40 43 40 40 41 44 45 45 47 44 45 46 81 134 145 145 147 150 150 150 147 144 142 144 146 105 88 110 137 145 148 149 151 150 153 150 151 148 152 156 157 157 161 169 169 171 171 172 167 164 161 159 160 156 151 146 144 143 143 147 147 144 143 130 135 140 136 130 121 113 105 89 61 39 23 23 21 19 20 19 19 19 18 19 17 18 18 18 19 18 20 19 18 18 18 19 19 20 16 15 
39 39 39 41 44 46 48 49 51 49 56 97 142 150 146 145 147 146 150 151 152 149 145 146 140 144 131 102 117 143 148 152 157 158 160 161 161 157 158 160 161 158 158 159 166 173 172 171 165 166 159 159 163 156 150 147 144 145 139 136 137 135 143 153 161 160 158 151 146 141 134 126 122 114 100 67 32 21 21 20 21 21 19 19 19 19 18 18 18 18 19 19 20 20 20 19 22 18 16 16 
38 40 39 44 45 46 48 49 52 52 78 145 152 150 144 141 142 142 149 150 152 149 152 151 144 141 135 135 115 118 139 151 157 163 162 168 167 170 173 173 170 166 165 162 160 163 163 157 154 156 155 154 153 152 156 159 158 155 153 153 159 161 162 169 174 169 173 168 158 162 162 155 148 142 141 137 126 84 52 30 25 23 20 22 20 19 19 20 20 20 19 19 19 19 20 19 26 18 16 17 
40 41 43 45 45 47 48 48 50 71 136 146 147 148 146 142 142 147 150 150 149 149 149 146 145 141 135 131 136 130 109 118 153 167 165 168 172 174 172 175 175 176 174 170 162 161 162 156 152 153 150 152 156 153 158 160 163 159 162 167 168 170 167 170 171 171 172 174 169 165 167 167 165 159 158 152 157 153 145 128 102 60 35 44 33 21 21 22 20 19 20 20 20 20 21 21 25 18 17 17 
41 42 41 42 46 47 48 48 63 131 149 144 142 143 141 144 145 149 153 150 150 149 147 142 136 128 125 123 130 125 90 98 147 158 161 165 163 161 167 172 173 174 173 171 172 172 172 168 163 162 160 157 161 160 165 170 168 167 170 175 174 176 173 174 173 168 167 171 170 169 169 165 164 164 162 161 160 161 163 161 155 142 124 109 93 62 32 21 22 21 21 21 21 21 22 25 24 17 18 19 
41 43 44 46 46 46 48 66 128 158 152 144 141 135 132 136 139 142 139 138 134 136 134 131 126 127 134 128 120 97 109 140 152 151 153 155 156 162 163 163 167 171 176 170 171 172 176 180 180 177 178 173 174 175 175 180 182 180 178 181 180 181 177 175 173 165 165 172 171 170 169 168 168 165 165 163 162 165 168 160 161 160 158 151 143 131 113 88 64 60 44 29 24 23 24 35 21 19 20 22 
43 44 44 46 45 48 50 108 165 161 147 141 132 124 122 124 131 135 136 135 138 133 130 120 120 116 109 112 127 142 155 152 159 158 155 154 157 162 163 163 170 172 179 173 169 171 176 183 188 184 186 186 188 188 190 187 188 186 179 176 181 180 175 172 165 162 163 170 167 171 169 166 166 166 168 166 161 159 161 159 161 161 163 163 165 159 149 135 123 120 122 109 79 51 30 32 22 20 21 20 
43 44 43 46 45 49 52 122 169 151 144 130 113 90 83 109 112 124 117 109 107 105 108 106 101 98 105 113 129 141 148 154 156 163 165 160 159 157 153 163 166 175 180 180 177 178 176 180 183 184 185 186 187 194 191 188 185 183 178 173 178 170 154 147 149 151 157 168 175 172 169 165 162 164 162 161 165 160 160 159 161 162 163 164 164 166 161 151 142 138 141 143 139 132 96 37 24 23 22 21 
44 46 47 45 49 49 56 127 165 142 132 121 103 111 120 130 141 136 136 131 124 122 124 130 133 133 124 106 103 112 133 136 146 158 166 167 168 163 159 157 160 169 171 178 179 182 180 178 180 183 185 184 183 186 190 183 176 178 168 170 177 142 132 138 153 157 153 151 148 143 153 155 156 155 155 155 156 158 158 160 161 164 162 160 162 162 161 155 148 148 152 157 155 155 143 119 81 46 38 31 
45 47 50 50 50 50 89 147 159 144 130 126 148 147 141 139 141 144 142 136 122 126 136 139 139 138 135 130 115 103 114 126 134 135 152 158 160 170 169 166 159 163 170 177 183 184 180 176 178 178 182 180 176 179 181 175 163 167 156 159 147 133 143 145 138 105 80 55 30 29 29 30 42 59 83 103 135 149 154 156 159 159 159 162 162 162 164 163 155 156 159 161 158 157 156 154 152 144 136 122 
47 49 48 51 52 60 125 150 159 166 167 171 161 146 145 145 144 145 142 137 111 118 142 157 158 160 147 146 133 130 123 129 121 123 131 144 155 166 179 174 177 168 166 172 178 186 183 172 174 171 174 176 169 169 167 162 152 150 143 142 133 128 102 58 30 22 27 30 28 29 30 28 26 26 26 25 26 40 87 131 151 153 160 163 164 162 160 167 161 153 159 158 158 153 146 146 149 149 153 148 
49 51 51 54 55 93 146 149 162 174 173 163 152 151 151 148 149 165 159 119 66 89 94 127 158 161 173 168 164 157 147 142 141 142 138 131 118 156 167 175 183 179 177 174 176 189 186 182 170 162 164 165 159 158 150 149 141 136 134 121 87 41 29 22 22 22 29 30 27 29 29 27 25 25 22 23 22 24 24 25 45 91 143 160 159 157 161 158 158 152 152 150 153 152 148 146 148 149 134 131 
52 52 51 54 67 128 147 153 163 174 170 163 164 162 161 151 171 181 150 100 57 58 50 76 125 155 157 167 176 177 179 175 145 150 150 145 129 124 135 158 178 177 185 185 175 182 187 187 174 158 147 145 143 144 149 151 150 141 131 113 67 31 24 24 22 27 29 27 26 30 28 29 26 25 23 23 22 23 22 23 22 22 28 80 150 150 150 150 153 146 145 147 147 148 149 148 149 142 127 119 
52 55 58 58 96 139 146 153 158 167 165 169 170 170 167 168 178 175 155 80 82 87 53 54 107 154 159 170 174 183 185 175 147 143 155 150 143 129 126 116 132 163 180 178 188 182 186 188 183 166 149 142 153 169 173 169 164 155 148 108 36 25 26 23 26 30 31 30 27 31 30 28 26 26 24 23 23 24 25 23 24 20 21 24 32 75 108 125 124 137 146 146 147 149 155 153 148 133 128 116 
59 57 59 74 131 144 155 159 161 164 174 175 175 175 178 182 173 164 155 98 105 85 56 81 113 152 172 187 181 174 172 158 141 130 124 124 133 133 137 138 117 106 130 166 185 175 163 167 169 170 175 180 195 197 186 173 166 154 136 74 86 77 66 44 31 33 32 29 30 34 30 26 26 24 23 24 24 23 22 21 20 22 23 24 20 21 21 21 21 31 58 100 131 141 151 155 159 139 127 122 
60 59 64 107 142 150 156 154 161 169 174 177 182 187 185 176 165 134 151 126 106 104 133 122 131 167 178 174 167 158 154 142 140 137 139 143 148 150 151 145 150 131 88 100 134 149 153 162 188 203 203 200 210 209 194 180 165 146 102 110 127 129 124 118 101 68 44 31 32 34 31 29 26 25 23 24 25 23 21 22 21 19 19 20 20 20 19 20 19 21 23 37 59 55 115 154 156 153 136 147 
61 62 76 129 144 149 151 151 163 169 171 176 185 189 189 186 161 152 137 141 124 115 120 132 154 170 167 159 156 150 145 141 143 146 166 171 168 172 177 164 166 156 117 86 100 145 173 189 202 216 215 210 209 198 183 177 155 115 111 149 144 146 152 147 137 128 117 86 48 35 33 29 26 26 25 26 24 23 21 22 21 20 20 19 19 19 19 20 20 21 22 42 30 21 27 85 144 149 154 168 
61 62 93 140 146 147 146 149 163 167 167 177 182 188 188 193 192 180 169 166 150 136 134 137 149 162 158 156 150 146 143 147 162 174 189 181 177 189 176 180 184 180 144 96 88 115 172 191 199 209 207 196 188 176 174 160 120 114 135 162 167 166 179 179 173 163 153 142 128 102 58 35 28 28 25 24 24 23 21 22 22 20 19 18 18 18 19 20 21 21 26 37 19 19 21 25 132 154 162 174 
61 65 103 137 143 147 151 155 160 165 169 180 186 185 188 190 193 192 186 180 169 161 163 162 174 174 163 158 154 159 167 178 179 175 172 172 174 178 173 167 175 171 158 114 100 94 135 190 199 199 194 180 173 171 166 133 115 141 156 167 172 177 182 182 186 186 179 171 162 150 132 110 70 38 25 26 25 25 22 21 21 21 20 18 18 18 18 19 19 21 30 26 17 19 21 21 125 169 183 191 
63 68 111 139 139 145 151 156 156 158 166 178 182 187 189 192 189 191 190 182 180 181 184 184 176 172 170 171 171 178 184 173 160 141 149 141 136 141 151 150 154 158 140 119 137 95 108 155 179 183 181 176 161 143 130 118 126 148 163 177 176 175 171 170 178 183 183 181 182 173 161 149 136 113 77 53 32 27 25 24 22 21 20 20 19 19 18 19 19 23 41 17 18 18 19 20 48 141 177 201 
60 65 103 136 139 143 151 155 153 159 161 173 179 183 189 190 189 189 191 190 190 190 188 185 181 180 179 173 179 182 177 157 156 134 122 88 88 93 116 121 131 138 127 132 165 118 90 99 137 164 161 158 146 134 127 135 143 170 181 188 189 190 184 183 180 179 179 179 177 175 175 169 159 143 133 129 122 114 102 62 28 22 21 21 20 20 19 19 18 28 37 17 18 20 20 20 21 24 55 136 
57 61 93 138 146 143 149 151 154 160 166 171 175 179 184 187 189 184 186 188 188 189 191 189 185 185 183 181 182 175 158 142 137 131 99 74 78 82 75 96 104 124 131 135 180 140 87 92 116 157 169 168 156 144 138 142 156 166 165 175 177 183 182 181 182 181 175 173 168 163 164 160 155 151 151 149 146 153 151 146 114 61 25 23 21 20 20 21 22 34 25 16 17 19 19 20 20 22 23 27 
54 55 76 136 141 143 145 149 147 152 158 167 171 182 185 188 186 184 186 188 189 193 191 187 182 178 174 174 176 170 154 132 117 113 98 76 92 91 76 85 66 114 123 110 168 150 89 86 99 141 158 152 142 104 76 82 70 71 89 110 129 141 147 154 164 170 174 173 171 167 164 161 156 153 164 163 162 155 162 164 162 139 100 70 30 22 22 20 23 47 20 16 17 19 18 19 20 21 20 22 
51 52 63 130 143 144 147 151 149 152 158 166 172 179 182 185 185 187 186 189 186 192 190 186 183 178 170 170 173 171 168 144 130 118 107 95 85 91 50 47 47 93 114 115 176 136 85 84 88 134 136 100 57 30 29 30 31 33 33 35 35 41 57 75 81 100 129 149 154 160 163 164 163 165 164 166 162 159 163 166 163 158 147 147 122 67 22 20 23 46 16 17 19 19 19 19 20 20 20 22 
47 44 39 95 145 148 144 146 144 153 163 173 180 184 185 190 190 190 190 189 189 188 186 176 174 171 170 167 162 163 167 158 156 135 106 86 86 85 70 49 52 98 123 131 155 111 85 83 88 93 49 31 28 29 31 33 32 30 30 31 29 29 34 42 37 40 39 50 79 103 134 151 158 156 158 156 156 155 161 161 161 157 153 146 119 104 55 23 33 36 16 18 20 20 18 20 20 21 22 21 
35 39 45 63 136 149 148 144 147 152 162 172 184 185 189 188 189 186 179 176 174 179 179 170 160 158 160 164 164 165 173 168 161 148 105 80 83 84 60 50 68 114 128 134 129 98 87 76 58 34 31 29 28 33 34 32 31 29 28 28 27 26 34 42 37 37 32 32 36 31 41 76 118 131 136 135 132 138 148 156 156 151 149 147 135 116 104 33 40 23 17 21 22 21 22 22 23 23 22 22 
40 43 43 46 103 143 146 141 144 148 155 166 178 188 187 192 188 179 174 166 157 151 155 170 159 159 146 148 156 163 171 180 178 153 109 77 74 64 67 83 109 136 131 113 60 40 34 30 30 30 30 30 33 34 34 32 31 29 29 26 27 25 33 42 37 31 31 33 33 29 28 30 31 41 46 52 65 107 127 146 150 148 146 145 143 141 132 92 49 20 20 23 24 23 23 23 22 23 23 22 
47 46 43 38 56 129 147 142 142 148 153 160 168 174 177 177 166 154 141 138 126 117 125 141 153 141 142 140 140 148 162 186 174 154 166 132 105 108 124 145 163 161 150 85 36 32 31 30 29 29 29 31 35 34 33 32 31 30 30 26 26 24 33 45 38 31 31 30 33 29 29 29 28 28 27 32 29 32 74 127 150 150 146 140 130 124 129 109 45 22 24 27 27 27 26 24 25 25 24 24 
119 102 84 71 64 82 137 145 141 145 147 154 161 162 162 164 141 131 145 127 115 87 92 112 153 151 144 138 136 133 133 147 167 178 187 188 185 192 187 180 182 177 137 56 33 31 32 31 29 29 29 31 34 34 33 33 30 31 30 27 25 25 31 52 39 33 31 30 33 29 28 28 31 28 27 27 26 28 29 75 139 150 144 132 119 115 116 122 73 23 27 29 28 27 27 27 27 26 25 25 
192 192 190 185 177 167 157 142 144 148 142 145 147 145 146 153 153 163 137 90 112 79 52 67 122 152 159 156 150 146 134 130 129 142 164 183 182 183 176 171 162 120 61 36 34 32 31 30 29 30 32 33 34 34 34 34 33 33 32 31 26 25 29 59 41 36 33 31 33 30 27 29 29 27 27 25 24 26 27 33 97 150 141 132 116 122 144 145 147 57 34 30 28 27 28 28 28 26 25 25 
192 193 192 193 193 192 187 162 149 158 153 140 136 135 135 135 160 166 126 57 75 70 50 65 116 148 147 159 154 157 150 136 118 112 124 134 128 131 119 107 74 47 36 34 31 32 33 32 33 34 34 34 35 35 35 36 34 34 35 34 32 29 28 64 53 41 35 34 35 30 26 29 28 26 29 26 25 28 28 31 86 134 137 113 112 136 147 163 156 62 41 33 30 28 28 27 27 26 27 27 
193 193 193 193 191 191 192 183 159 160 164 161 141 133 126 123 134 163 147 73 56 73 74 105 140 142 141 153 150 151 137 109 80 49 47 40 43 52 42 41 41 42 39 37 36 36 36 37 36 38 37 37 37 36 36 35 36 37 39 38 39 39 38 61 68 49 43 40 34 32 31 30 28 28 28 29 28 29 30 39 113 128 116 109 113 134 150 163 107 35 41 33 30 28 27 27 27 28 27 28 
193 193 193 193 191 191 191 185 165 164 151 146 142 124 125 127 121 130 136 118 98 108 121 132 134 136 126 129 127 109 80 51 35 32 40 38 39 42 42 39 41 44 41 41 45 43 38 37 36 37 40 39 39 38 37 38 37 37 39 38 40 39 39 47 68 69 54 48 40 35 32 31 31 30 30 29 29 30 31 42 120 122 120 137 146 148 155 147 67 38 38 32 30 28 28 27 27 26 27 28 
193 193 193 192 191 191 190 189 177 163 162 137 115 109 113 140 122 112 112 112 98 78 74 89 122 125 128 130 128 132 146 150 147 140 132 119 115 111 111 102 103 99 99 102 102 97 99 98 99 103 104 104 105 106 107 106 104 99 93 87 83 78 65 59 50 68 66 58 50 41 39 36 36 32 30 29 29 29 31 31 74 131 138 186 199 188 168 146 48 38 33 30 28 28 28 28 26 27 26 26 
193 193 194 192 191 192 192 190 186 164 162 157 130 108 108 143 145 134 136 132 56 29 27 50 125 127 130 129 128 139 158 161 162 164 162 162 166 168 173 172 172 174 175 178 179 177 179 177 174 173 174 173 173 173 173 175 175 175 173 172 173 173 172 166 137 59 66 66 58 46 45 40 38 34 32 30 30 30 30 29 34 113 168 191 204 176 152 80 39 37 32 29 28 29 29 28 26 28 27 29 
193 193 193 192 192 192 192 192 191 188 172 159 138 127 120 123 128 128 129 125 78 65 53 54 115 128 129 129 129 140 158 163 165 166 168 170 173 181 179 183 184 179 181 180 180 180 182 181 178 178 175 176 176 176 175 176 176 176 176 174 175 175 174 173 172 141 55 68 66 52 49 47 41 38 36 35 34 31 29 29 28 58 149 191 165 108 69 28 37 35 30 28 29 29 30 30 27 28 27 28 
192 191 191 192 192 191 191 191 191 191 187 169 149 139 136 134 137 141 137 138 135 131 131 129 131 134 137 133 129 140 153 156 157 159 160 162 166 173 181 183 183 183 183 182 183 180 181 181 179 178 177 177 176 175 175 176 175 176 176 176 176 176 175 173 173 171 130 50 68 60 54 51 47 44 39 36 36 32 27 29 28 28 39 111 106 69 31 30 34 31 30 26 28 29 30 30 28 26 28 29 
191 191 192 191 191 191 191 191 191 190 190 187 162 146 145 142 148 151 151 145 145 142 135 131 128 124 128 136 138 133 137 139 140 141 143 147 154 163 174 185 185 184 183 183 181 181 181 181 181 179 179 178 177 178 177 176 175 177 175 174 175 175 175 174 173 171 169 105 51 66 59 59 54 49 44 41 37 34 31 29 27 28 31 53 37 28 30 31 28 28 29 27 28 29 31 31 29 28 28 28 
191 191 191 191 190 190 190 189 189 188 191 187 188 161 146 147 147 146 147 143 150 141 138 136 135 140 136 124 131 130 128 127 129 130 136 147 154 162 169 182 185 184 184 183 181 181 181 181 180 179 179 178 177 178 177 177 177 177 176 174 174 174 174 174 173 172 169 163 82 53 65 64 58 52 50 47 39 37 32 30 29 30 36 53 27 27 27 28 27 27 29 27 28 29 30 31 29 31 30 29 
191 191 191 191 190 190 190 190 189 189 189 189 189 187 170 144 138 145 144 142 139 138 133 137 126 64 80 125 124 127 128 128 131 142 150 160 163 165 170 182 184 183 183 183 181 181 181 180 179 178 177 177 177 178 177 177 177 177 176 174 174 174 173 173 173 172 170 167 157 69 60 67 59 57 55 50 43 41 35 32 29 29 47 37 28 26 25 27 29 27 29 28 30 31 31 31 31 29 30 30 
191 191 191 190 190 190 189 190 189 189 190 188 188 187 186 173 146 136 139 136 135 135 128 76 32 27 28 92 126 127 128 129 132 152 165 172 175 176 175 181 183 184 183 182 181 181 180 180 179 178 178 177 177 177 176 175 176 176 175 174 174 173 173 173 173 171 170 167 165 151 61 56 64 62 57 55 50 48 41 36 29 34 53 29 29 28 29 30 30 29 30 29 31 32 32 33 32 31 29 30 
190 190 190 190 190 190 190 190 190 190 190 188 188 189 187 187 147 130 138 134 119 90 40 30 26 24 26 34 100 127 127 128 130 144 169 182 182 181 180 181 182 183 181 181 180 180 179 179 179 178 177 177 177 177 177 175 176 176 174 174 173 173 173 173 173 170 169 168 165 162 144 52 56 64 63 60 53 53 45 41 30 42 48 29 31 31 30 30 31 29 30 30 30 32 34 32 32 32 31 32 
190 190 190 191 190 189 188 188 185 189 189 188 187 187 187 186 155 100 92 86 83 81 59 40 35 30 28 30 34 94 126 127 127 132 152 171 180 182 182 181 181 181 181 181 181 180 178 178 178 177 177 177 177 176 176 176 175 175 176 174 173 173 172 172 172 170 169 168 166 164 161 123 49 53 64 62 57 50 48 47 35 48 36 33 31 31 30 30 31 30 30 31 31 32 33 31 32 32 31 31 
188 188 189 189 188 189 188 188 188 188 187 187 187 187 187 186 169 101 93 83 83 79 78 58 41 34 29 28 28 30 86 127 126 125 130 145 164 176 181 181 180 181 181 181 181 180 178 178 177 176 178 177 176 175 174 174 174 173 173 173 173 173 172 171 170 169 167 169 172 183 187 170 129 48 48 68 55 53 54 50 39 42 36 33 32 30 29 29 30 31 32 32 31 31 32 33 33 34 32 32 
188 188 190 189 188 188 187 187 187 187 187 187 187 187 187 186 178 107 94 86 83 81 78 74 59 40 34 31 29 28 31 74 125 127 126 126 141 158 170 176 178 181 181 180 179 178 178 177 177 175 177 176 174 174 174 174 173 173 172 172 172 172 172 172 171 169 168 170 184 195 194 189 185 149 50 49 59 59 58 53 42 37 36 36 32 31 30 30 31 31 32 32 31 31 31 33 34 33 33 32 
188 188 189 188 187 187 187 188 187 187 187 187 187 187 186 186 185 121 96 91 85 80 79 76 73 58 43 34 31 30 30 28 54 118 126 125 129 134 148 160 173 177 178 178 179 177 177 177 177 175 176 175 174 173 174 173 172 172 172 172 171 170 171 171 170 169 168 175 197 196 199 193 191 190 157 57 47 62 56 54 47 34 39 40 33 30 30 29 30 30 33 31 31 31 30 31 34 34 32 33 
188 188 188 188 187 187 187 188 187 186 185 186 187 186 186 186 185 140 92 85 87 80 78 75 72 69 61 43 38 35 32 31 28 39 100 126 124 125 129 139 155 167 175 178 177 177 177 175 175 176 176 174 173 172 174 173 172 172 172 172 171 170 171 171 169 168 167 182 204 194 195 195 191 193 191 161 52 47 54 53 49 34 42 41 36 32 32 31 30 30 32 30 31 31 33 32 34 34 34 33 
187 187 187 187 188 187 186 186 186 187 187 186 186 186 185 185 186 167 97 88 86 83 78 73 72 69 67 61 50 41 33 31 29 28 32 71 121 126 127 126 132 144 156 166 172 176 174 175 173 174 174 175 174 173 172 172 171 171 172 170 172 171 170 169 168 166 167 186 201 198 193 189 193 194 194 161 55 54 39 52 48 39 45 46 40 32 32 32 31 31 31 32 32 33 32 31 30 32 35 35 
187 187 187 186 186 186 185 185 185 187 187 186 186 186 185 184 184 182 117 92 87 83 78 73 71 69 67 65 64 54 41 35 31 31 31 30 42 98 126 122 121 125 134 148 158 166 172 173 174 174 173 173 173 173 172 172 171 170 170 169 168 169 169 168 166 165 166 194 207 196 194 190 186 187 187 171 77 94 98 43 43 58 46 46 44 37 34 31 30 29 30 31 32 32 30 31 31 32 31 35 
186 186 186 186 186 185 184 185 187 187 185 185 185 185 185 185 185 184 154 93 87 83 78 74 71 69 69 68 66 63 54 46 38 33 32 30 29 30 64 114 123 123 124 128 137 148 157 166 171 175 172 172 172 172 171 170 171 170 170 169 168 168 168 168 166 164 165 192 197 198 194 189 187 181 180 170 95 88 90 76 55 45 45 44 42 38 35 31 30 28 30 30 30 30 30 32 31 31 30 33 
186 186 186 186 186 185 185 185 181 186 185 184 185 184 183 184 184 184 179 109 87 85 80 75 72 68 69 68 65 63 62 59 52 43 36 31 29 29 30 37 83 123 123 123 124 128 139 150 157 163 169 171 171 169 170 171 171 169 169 168 169 167 167 167 164 163 163 188 193 220 213 195 186 182 184 181 97 62 39 63 70 69 63 56 53 31 26 29 27 27 29 29 28 28 27 29 30 30 29 30 
