147 166 169 149 132 120 120 106 98 101 87 93 114 112 82 95 110 90 79 113 96 98 92 103 97 97 96 116 98 92 114 89 81 78 94 94 90 95 95 101 109 104 93 152 154 120 180 177 136 155 176 183 154 150 134 124 122 115 96 93 100 107 112 111 135 121 152 151 157 151 135 131 146 132 111 123 124 158 188 188 184 162 141 152 149 118 127 144 158 152 169 179 138 120 109 106 173 119 104 123 
138 152 181 179 159 135 144 111 116 111 98 101 142 100 122 130 118 122 100 99 103 98 77 94 111 92 93 101 104 110 113 108 92 84 66 60 73 99 98 119 92 135 145 176 166 167 178 188 150 184 153 156 172 127 124 119 129 93 107 103 130 96 120 122 127 135 146 136 130 146 140 138 141 148 141 141 130 174 189 162 140 136 120 163 169 141 103 119 149 144 150 133 126 136 139 147 144 95 116 122 
164 181 194 183 178 146 104 91 100 110 101 98 151 109 137 169 149 148 114 106 100 85 71 94 99 102 110 96 105 102 98 101 90 72 60 71 81 104 109 81 87 109 131 162 162 158 173 196 197 204 171 160 147 137 129 116 128 122 99 93 156 127 126 122 123 130 137 148 141 111 103 132 105 96 114 122 142 167 187 183 133 139 170 111 141 110 102 132 150 156 146 135 132 119 131 105 123 80 85 99 
191 186 206 179 193 155 105 104 120 134 142 121 139 141 127 150 143 141 103 108 107 89 63 90 98 97 87 83 95 101 108 103 95 74 72 76 97 91 87 95 88 101 113 113 143 210 209 208 204 175 174 181 177 150 112 109 131 117 115 127 137 142 122 110 138 124 130 126 133 101 106 125 117 125 134 170 172 182 156 167 180 154 158 143 132 106 103 128 130 128 131 102 150 122 121 94 134 102 114 120 
203 205 199 189 169 145 111 124 124 132 130 123 121 145 155 127 153 132 131 106 105 96 83 93 88 110 109 89 116 117 103 95 75 71 74 74 81 73 69 95 108 124 129 134 149 169 169 179 171 151 150 136 112 114 123 107 114 95 102 95 135 131 93 100 153 106 131 129 150 137 130 151 122 161 193 173 145 159 188 192 156 128 140 157 161 135 132 119 119 123 131 92 152 120 125 123 107 96 109 110 
204 200 207 151 157 134 136 154 155 156 132 140 105 154 162 134 123 152 123 116 117 100 98 109 112 116 118 107 109 97 108 87 88 88 90 81 62 54 66 77 91 99 161 179 159 137 156 167 170 161 156 158 118 96 99 100 124 132 119 117 112 124 149 139 133 146 128 121 138 141 156 180 169 154 154 168 148 153 170 184 151 135 120 159 144 107 105 122 104 144 132 121 166 160 130 120 139 135 99 111 
187 198 190 162 170 145 153 154 146 170 143 168 175 148 160 175 147 146 130 145 97 115 118 109 122 112 110 117 95 103 132 121 115 100 106 97 102 87 79 79 65 135 132 149 164 151 207 166 145 176 172 129 134 107 122 102 99 97 89 108 106 127 131 123 125 157 142 159 138 148 117 146 130 157 124 154 150 171 183 161 149 144 128 127 87 116 132 137 124 132 129 120 138 154 139 94 126 176 160 126 
180 169 149 124 120 139 130 126 144 142 158 162 178 187 176 146 150 143 146 124 101 123 127 118 113 117 96 94 99 91 95 98 105 96 83 110 123 76 114 92 92 110 129 156 138 191 200 189 172 169 176 137 130 113 130 128 92 122 93 109 107 104 109 153 156 144 125 124 132 127 124 168 184 179 118 168 167 161 132 160 146 141 109 112 125 150 137 136 120 119 139 143 120 94 115 97 143 130 127 117 
185 174 145 122 113 115 121 148 171 177 173 159 195 180 174 144 123 130 142 99 109 121 126 115 120 100 87 98 111 101 91 82 75 82 88 116 121 110 108 125 124 145 132 115 158 180 188 192 174 194 144 124 99 95 108 129 120 110 104 122 117 98 119 124 113 144 123 172 172 150 172 122 154 166 173 171 186 152 134 139 143 116 140 142 145 148 151 146 162 150 174 169 116 132 151 121 103 116 104 85 
202 192 172 138 122 126 116 138 194 193 165 163 176 171 164 172 134 128 139 96 121 115 130 125 129 100 97 93 101 94 88 109 99 106 130 155 146 121 87 149 164 171 147 121 174 182 162 171 174 155 148 136 112 124 134 120 115 103 114 132 111 119 114 106 127 151 135 158 137 151 137 192 182 179 171 182 142 132 124 132 101 123 151 149 157 160 189 172 169 162 171 142 135 163 191 159 142 133 110 91 
208 183 166 157 130 115 122 147 185 201 190 161 165 164 163 128 134 127 119 108 122 117 120 141 103 93 112 107 86 71 83 112 112 97 116 120 132 112 124 161 136 156 172 176 166 175 182 159 171 161 120 128 99 102 124 140 129 138 126 117 101 94 86 121 131 117 146 160 131 131 146 127 140 153 135 171 161 165 137 129 136 102 112 134 117 126 168 162 176 133 156 153 149 149 154 107 135 115 98 104 
204 201 181 165 144 112 130 146 153 142 183 205 172 139 163 130 144 146 153 126 134 131 124 120 105 95 90 73 60 61 62 82 77 110 138 119 141 142 157 160 139 146 144 172 177 178 165 162 150 150 144 139 116 100 94 114 135 141 113 115 100 88 108 126 132 128 125 154 179 185 165 166 150 156 201 163 169 146 128 143 143 130 140 130 163 128 168 176 194 171 186 183 139 174 158 162 151 125 115 80 
214 216 209 169 155 119 117 121 134 157 161 186 163 121 150 148 156 139 156 140 130 127 100 100 88 93 85 70 73 70 83 88 73 128 145 141 135 127 159 184 169 154 181 179 191 163 160 172 156 144 148 128 123 97 82 78 95 108 127 110 96 104 89 105 119 102 154 153 161 178 172 166 174 170 104 135 141 159 155 143 153 155 141 164 201 125 176 211 211 179 175 159 136 187 172 141 123 130 120 113 
209 214 226 191 142 143 142 120 130 153 172 163 149 136 109 155 151 145 146 133 129 129 129 107 93 113 100 86 81 76 82 80 100 125 149 121 127 155 162 176 171 183 189 187 205 150 151 146 120 126 120 132 102 99 116 113 103 114 103 107 116 93 93 97 108 137 141 137 161 142 141 137 148 138 88 117 116 144 168 181 166 169 183 192 202 162 168 204 215 211 197 173 182 174 162 139 130 144 149 152 
209 221 219 207 199 181 147 139 126 136 120 157 151 159 159 165 149 135 132 113 101 114 98 88 98 121 99 94 78 62 55 68 66 91 141 112 141 181 152 176 218 200 168 187 189 162 160 146 140 140 143 146 126 122 96 111 113 117 138 125 98 74 77 76 95 121 147 151 152 130 124 132 115 153 120 118 149 177 177 205 194 213 209 198 216 178 182 213 224 202 168 196 191 147 164 173 125 154 164 151 
221 227 228 201 188 187 178 164 150 131 124 122 121 130 122 129 146 147 136 123 108 104 101 96 102 91 84 92 72 68 68 93 95 95 135 144 195 171 178 175 192 205 210 185 166 188 172 165 156 155 165 129 118 88 103 118 114 110 118 112 104 82 89 94 105 121 137 125 125 146 107 115 118 131 168 154 178 211 218 198 213 224 211 197 193 232 219 216 187 150 169 167 203 166 161 125 142 177 151 143 
207 211 225 222 221 200 167 146 130 127 118 128 136 129 127 121 134 142 127 112 97 125 99 100 104 98 86 96 88 69 95 87 102 97 124 158 176 168 173 192 199 173 170 170 169 146 171 165 151 150 131 115 100 113 124 111 113 120 105 103 101 84 107 98 88 67 105 122 124 113 88 128 115 134 141 157 166 188 226 203 192 196 198 214 204 220 221 207 218 202 218 209 211 209 184 144 156 172 114 133 
226 218 220 209 217 189 187 137 137 109 109 113 125 155 127 115 126 128 108 120 104 112 111 103 93 100 85 78 81 65 87 91 102 115 128 151 171 150 192 180 219 180 157 154 133 103 168 149 143 115 115 110 112 92 105 92 80 98 90 115 113 97 93 66 118 131 128 97 87 104 107 106 126 142 113 154 202 189 193 196 157 212 204 208 225 232 202 159 194 212 233 225 221 198 151 174 152 155 114 156 
208 204 230 234 228 202 169 133 131 114 87 98 116 131 118 100 109 131 112 108 105 103 113 85 91 84 48 98 84 67 75 75 50 95 120 135 142 173 160 181 204 190 179 122 163 142 165 148 150 152 107 95 78 101 117 85 103 119 109 89 118 109 81 94 99 94 76 85 106 108 120 113 139 97 106 155 182 185 209 188 202 215 199 191 217 238 211 233 239 241 188 172 184 161 166 182 137 114 92 164 
198 232 224 224 214 189 157 140 118 107 96 98 119 128 123 87 110 151 129 107 93 101 110 95 96 87 80 93 89 73 68 63 63 91 133 157 147 142 152 171 169 187 167 172 184 184 169 137 156 142 116 113 106 93 105 89 97 86 88 113 99 89 98 84 82 81 79 91 88 101 109 124 103 122 151 180 183 176 192 158 171 208 205 203 220 220 213 208 234 240 212 209 212 197 189 162 131 140 144 96 
210 221 237 232 198 208 214 189 135 123 101 120 90 115 121 110 133 130 122 134 101 109 119 115 107 88 104 96 89 69 90 92 100 80 77 132 110 122 146 154 157 144 141 128 159 185 145 130 126 141 109 88 90 83 85 96 105 74 72 85 97 90 90 104 97 87 93 105 100 108 118 123 107 110 128 155 187 201 172 204 216 215 195 182 215 167 179 224 233 235 221 230 207 158 183 189 143 183 173 168 
209 224 240 221 227 208 147 125 116 110 120 90 110 117 134 138 133 120 102 122 109 114 110 103 96 79 63 70 80 75 80 76 95 90 94 109 109 129 122 147 150 151 117 142 135 143 126 123 109 121 111 97 101 97 100 98 85 73 73 91 101 108 100 90 100 81 90 113 146 155 149 83 108 136 148 181 174 190 171 194 210 207 221 210 193 234 230 236 193 193 222 195 194 173 189 183 158 182 164 155 
231 234 237 231 209 176 142 125 113 120 100 119 143 136 130 117 115 106 96 87 99 95 80 91 85 64 58 60 72 79 89 87 81 88 84 89 110 128 127 155 146 150 138 120 117 110 115 95 72 86 82 58 62 90 102 100 96 105 87 99 107 96 78 102 95 85 101 95 109 133 125 123 131 112 167 138 154 173 157 143 209 201 187 195 187 209 237 223 192 182 188 179 178 170 137 116 103 109 169 153 
228 226 209 222 194 155 148 130 123 120 92 149 175 127 110 104 116 112 92 80 79 102 95 91 96 94 83 72 58 59 64 69 64 72 76 97 86 128 121 123 137 133 139 145 122 132 104 109 77 55 84 87 92 99 108 94 104 96 89 97 74 55 76 62 84 75 69 104 113 116 103 120 147 106 91 121 149 177 197 206 206 198 189 195 192 210 228 204 194 210 193 191 151 178 135 121 146 121 135 147 
233 205 182 176 166 133 120 117 148 129 156 156 149 149 127 114 123 113 105 99 91 118 123 111 103 91 91 78 64 68 59 55 62 60 65 86 120 128 129 156 129 126 104 118 111 95 100 94 90 77 87 90 95 122 128 109 104 108 106 91 80 57 68 65 70 79 93 92 109 107 102 128 122 121 155 131 162 191 203 206 197 189 204 195 169 217 207 199 209 219 189 154 169 142 102 120 108 104 129 132 
216 208 182 180 144 109 111 144 153 147 150 165 184 175 153 153 140 106 106 115 104 82 103 101 97 79 70 80 75 71 60 49 51 61 84 95 132 98 136 126 162 135 121 126 101 91 104 105 96 72 79 104 139 141 146 115 150 132 106 92 65 60 55 56 47 60 82 98 136 136 133 133 122 175 164 138 144 203 214 199 195 195 195 213 220 229 164 204 211 204 152 110 185 123 120 146 132 123 127 114 
194 201 186 160 132 116 115 115 162 159 164 167 184 194 164 159 125 108 102 98 100 95 92 92 100 78 86 75 73 54 46 38 41 78 64 81 138 115 152 171 167 141 107 87 82 79 70 58 40 38 39 60 71 56 41 53 55 60 65 71 65 60 73 69 79 72 85 97 116 145 122 164 155 189 147 162 170 189 224 223 231 226 222 211 226 239 206 185 202 202 172 164 119 96 140 118 100 95 80 64 
185 191 193 165 132 118 116 109 133 154 169 179 172 156 155 146 127 107 110 110 94 92 82 84 83 97 82 72 77 72 42 41 50 67 78 97 127 157 130 108 70 37 26 23 23 25 29 28 21 18 19 24 26 22 20 27 48 63 69 73 75 68 58 61 60 58 66 71 132 122 165 127 148 162 172 172 202 219 243 238 216 218 204 202 235 207 178 191 174 198 175 162 140 136 96 104 79 82 100 113 
178 187 153 128 116 123 121 122 116 125 158 168 185 173 166 144 140 114 113 125 109 108 83 74 67 62 85 92 73 57 68 64 75 113 84 86 91 46 27 21 22 20 19 21 20 20 25 31 26 25 23 28 32 36 29 23 26 42 50 52 54 56 60 53 48 53 67 101 135 152 127 110 148 184 169 174 193 231 211 194 223 220 224 222 226 151 190 202 189 159 133 191 145 154 106 98 90 69 76 103 
168 175 153 143 120 114 123 129 114 122 143 126 141 170 164 121 112 113 118 109 106 92 81 67 50 74 100 108 82 87 102 100 73 67 105 124 103 80 52 43 34 29 31 39 50 54 54 50 45 41 43 50 53 50 46 36 32 27 29 32 37 39 43 41 42 48 44 50 61 79 110 150 145 128 205 199 208 180 194 133 231 213 204 207 214 145 176 190 161 145 150 158 110 149 105 134 96 109 117 128 
153 162 158 118 111 107 120 109 122 114 124 147 142 160 114 108 127 102 94 97 96 81 108 86 73 108 110 143 140 117 108 61 44 67 96 105 107 91 59 46 46 58 64 61 58 58 58 58 57 53 52 53 50 56 57 58 55 50 45 35 32 33 34 35 37 38 34 32 35 43 49 64 95 121 160 171 161 197 201 160 215 213 184 197 205 196 179 196 185 188 166 167 142 118 125 109 110 62 45 48 
171 153 124 109 101 115 124 117 131 150 175 181 166 175 144 131 108 110 99 101 106 87 99 103 116 122 143 146 127 113 89 92 100 98 84 85 89 83 83 86 64 54 59 53 54 60 61 56 50 51 52 53 56 56 54 53 53 55 59 55 46 38 37 41 44 46 48 47 43 37 37 42 47 56 53 48 57 54 83 127 200 222 201 220 195 167 174 143 142 162 183 153 127 82 79 46 28 53 72 80 
169 148 125 115 137 141 108 126 145 126 131 175 167 173 156 134 91 93 110 98 91 116 105 101 96 98 134 107 111 106 91 74 69 72 71 75 79 85 82 51 29 19 21 21 23 30 42 49 48 45 45 47 49 46 49 48 51 51 54 54 54 47 53 55 55 55 60 62 52 47 38 35 36 38 47 47 38 33 39 47 60 67 104 173 183 167 181 176 200 198 168 162 134 57 32 27 43 70 82 75 
153 124 120 135 146 156 147 152 159 157 153 155 175 148 141 128 117 98 98 107 112 109 110 94 84 102 105 110 103 94 81 55 30 22 28 39 47 49 42 28 23 19 18 17 18 21 25 27 25 24 33 37 39 38 37 39 39 41 44 43 47 48 54 54 57 59 60 61 60 59 53 45 43 45 48 50 47 42 30 29 28 29 32 26 32 43 70 114 126 142 121 100 51 43 36 36 37 53 87 70 
140 126 117 127 149 166 147 133 130 131 155 178 171 170 167 157 130 108 97 107 108 96 82 71 55 55 56 51 44 40 33 27 21 20 18 15 16 21 30 33 32 26 18 24 20 26 34 34 26 19 18 20 27 35 36 28 26 29 33 34 40 41 44 45 49 51 52 56 60 61 61 62 62 65 65 62 55 41 41 29 21 20 19 19 19 19 23 27 31 34 37 38 41 40 35 36 33 34 65 49 
137 143 133 141 170 164 150 163 136 132 142 166 168 149 161 150 122 114 104 97 89 74 68 60 54 48 43 37 33 28 29 30 27 23 23 20 20 19 18 16 16 17 20 31 59 67 59 62 45 39 34 25 19 19 29 34 28 22 24 26 33 37 35 40 43 44 44 48 53 56 62 64 64 64 67 68 59 44 32 33 18 15 13 12 13 16 18 19 20 21 20 23 26 24 23 27 31 29 47 50 
144 140 146 152 157 159 159 167 158 142 148 137 152 158 144 123 102 88 89 89 81 73 65 64 58 55 48 43 35 27 25 28 24 22 21 21 24 26 26 26 22 17 15 13 22 38 57 65 40 34 55 36 33 23 22 22 28 30 20 22 27 31 33 35 39 40 43 43 44 49 53 55 60 62 65 63 57 43 31 29 25 16 15 13 14 15 16 14 16 18 17 16 14 16 14 16 21 22 30 72 
153 155 173 183 155 168 149 173 156 166 141 152 159 161 130 87 81 90 87 77 73 72 69 68 63 62 60 57 41 38 40 35 32 30 37 44 54 51 41 36 30 25 17 11 14 16 21 24 19 28 41 36 37 34 35 26 22 25 31 28 26 25 29 33 36 38 39 39 40 44 46 53 53 54 58 59 55 42 27 23 24 22 16 16 17 14 12 13 19 16 17 17 14 15 11 12 15 18 23 77 
191 155 170 176 188 176 171 175 175 167 168 170 138 126 99 83 76 78 79 77 83 93 90 90 84 86 95 90 86 72 80 58 55 48 62 97 86 59 38 30 28 33 28 12 12 12 13 13 13 18 19 24 33 39 29 38 35 32 22 26 31 33 30 30 34 38 41 42 42 44 44 46 50 52 58 59 46 35 22 21 22 18 18 16 14 14 10 14 16 14 14 17 12 14 10 11 13 16 34 75 
200 178 174 165 170 161 186 205 203 182 172 177 133 121 89 83 74 67 72 78 95 113 118 112 114 117 123 134 131 125 126 116 113 91 101 138 123 97 50 37 44 74 51 20 14 13 14 16 17 20 13 14 15 17 23 39 33 30 30 30 26 30 38 36 28 31 35 38 37 40 42 45 54 59 58 54 37 32 26 23 23 13 13 12 11 15 13 14 18 16 14 15 12 15 12 12 13 15 23 40 
201 181 178 149 152 164 197 212 220 193 198 206 158 111 93 78 71 62 66 83 97 107 114 123 133 147 142 151 152 144 147 137 69 51 88 86 87 42 49 82 49 80 60 24 20 18 17 17 17 19 20 18 16 15 12 22 21 26 35 25 29 28 34 39 37 28 33 36 41 43 46 48 52 56 54 44 39 36 29 22 24 21 37 51 41 50 41 33 23 15 16 17 15 13 14 14 15 31 65 73 
217 195 162 149 149 181 230 208 204 201 210 187 129 104 83 78 75 71 70 85 85 100 105 115 129 148 143 144 146 136 132 108 61 36 35 46 69 56 91 109 79 81 58 29 21 19 17 17 14 17 16 23 19 18 23 23 21 17 21 40 113 71 71 40 43 46 40 37 39 42 47 48 48 54 55 45 39 33 27 25 20 18 27 44 64 65 67 47 56 55 47 53 45 27 25 26 23 69 64 59 
189 200 177 136 163 184 223 224 210 225 230 157 112 92 80 76 74 74 75 73 75 91 101 123 135 141 142 143 147 132 110 88 55 40 35 29 41 49 103 105 93 107 85 74 36 22 20 18 15 15 13 17 19 14 13 19 28 31 25 19 30 84 116 82 137 55 46 55 52 48 47 49 50 54 45 34 30 25 28 57 43 18 32 41 50 58 55 42 65 52 44 43 47 53 46 46 44 53 56 57 
197 200 167 146 173 173 200 236 241 241 203 120 95 87 80 78 77 80 88 77 81 87 99 121 137 144 146 148 148 143 111 96 69 48 44 54 59 53 36 92 108 114 121 100 42 19 18 17 15 15 15 16 18 16 13 15 14 26 31 25 25 35 77 135 136 119 64 83 55 57 49 53 51 50 37 31 28 34 97 129 80 21 39 47 41 43 48 53 53 49 44 45 44 49 66 59 58 61 70 64 
232 196 171 152 172 195 206 223 246 244 168 106 96 89 84 80 88 96 111 110 115 108 115 134 139 147 152 150 154 151 128 108 81 57 44 59 85 75 68 58 82 111 126 90 41 18 16 16 15 16 18 16 16 19 13 10 14 19 23 21 23 31 44 71 79 64 70 78 120 41 49 88 67 47 47 39 59 66 68 128 118 60 37 43 45 49 34 43 56 47 41 45 49 48 46 48 69 64 60 66 
228 204 186 184 194 201 220 207 240 200 130 105 97 90 86 96 107 112 118 122 132 128 132 136 142 138 147 155 157 159 158 141 117 89 63 52 72 65 48 40 64 119 113 85 50 25 17 15 16 15 14 15 12 18 14 12 15 17 21 20 17 24 28 37 44 39 35 37 58 85 64 28 37 46 37 31 39 62 75 98 134 116 97 62 45 45 36 41 43 45 40 37 47 51 45 45 69 52 63 72 
239 203 208 190 193 202 218 242 231 176 154 124 102 94 87 92 108 115 117 127 144 147 139 150 136 142 141 141 156 161 157 160 155 142 127 114 100 85 65 57 87 129 124 93 51 26 19 15 17 17 17 17 16 14 21 13 15 19 25 21 15 18 26 30 35 41 33 33 48 52 39 69 123 155 124 82 101 147 168 165 149 135 126 119 100 100 53 45 52 46 49 45 35 47 49 50 51 55 56 60 
249 237 210 218 216 201 226 243 209 184 166 121 99 95 91 94 107 118 129 135 142 144 140 139 144 144 145 139 138 147 156 155 151 149 134 112 99 82 67 71 85 119 120 91 53 36 26 23 20 20 20 21 19 18 19 17 16 20 23 22 16 14 17 16 24 26 26 29 30 49 64 115 156 189 221 201 199 210 200 188 167 152 149 134 122 107 65 55 47 43 42 39 54 36 33 37 53 66 72 61 
249 249 238 231 233 223 239 244 193 155 139 102 93 95 91 84 87 108 130 135 142 144 136 133 140 140 139 149 138 130 139 152 146 142 129 110 88 71 51 41 38 40 47 44 35 32 25 22 18 18 19 21 23 25 20 18 15 18 22 19 16 15 14 15 35 28 25 28 28 31 69 140 169 201 231 242 236 217 201 182 170 164 164 142 113 49 50 62 46 45 49 59 49 50 45 49 47 46 50 55 
251 238 211 218 225 240 243 234 172 140 100 91 89 94 90 85 89 100 131 137 139 124 121 116 113 109 114 126 141 142 134 136 133 125 118 107 93 76 60 45 41 37 33 31 27 23 23 20 20 16 17 19 17 22 23 23 23 15 17 13 12 11 13 15 25 39 15 20 24 51 127 157 171 209 240 240 235 215 204 196 195 200 177 149 121 51 60 56 47 46 54 35 24 31 37 45 51 58 53 55 
251 247 234 198 232 234 232 151 140 148 100 82 89 93 91 81 90 94 111 134 106 53 53 64 66 68 77 87 104 128 141 124 111 101 109 102 89 80 68 52 44 40 35 34 33 34 30 23 23 21 18 17 21 22 21 20 23 24 24 15 15 13 14 17 18 21 17 21 43 129 166 159 167 191 222 228 229 219 210 212 231 230 181 147 136 56 54 36 39 23 22 17 14 14 16 17 18 14 14 20 
246 234 223 226 237 241 230 166 135 144 146 95 82 89 92 83 88 92 100 126 127 73 46 45 33 36 47 51 67 126 149 141 123 104 97 103 104 91 84 68 55 48 42 45 40 35 36 33 28 28 28 24 23 22 21 20 20 25 25 20 17 14 15 17 19 24 20 47 128 172 167 163 165 175 184 201 220 228 219 213 210 163 135 136 133 47 24 19 17 16 21 16 14 11 12 12 14 14 14 25 
248 248 240 228 237 231 224 167 149 139 178 142 85 86 92 86 90 100 121 154 142 102 72 50 55 50 55 63 60 101 145 143 138 114 102 110 120 110 98 80 72 63 54 50 42 40 36 36 32 35 37 35 31 26 23 21 25 26 28 25 22 16 16 16 18 33 98 159 172 171 165 162 165 173 182 195 191 194 198 213 174 134 124 129 112 32 16 16 16 15 15 14 12 10 11 12 15 15 15 21 
248 252 250 243 235 216 217 206 160 159 190 116 114 73 80 84 86 110 146 172 124 127 100 101 99 94 98 88 79 87 130 128 126 114 109 116 118 129 121 98 91 79 67 60 58 48 40 40 47 50 58 49 31 26 25 22 24 27 24 25 24 20 20 22 29 93 158 171 157 139 147 124 90 69 96 110 105 100 126 152 144 128 122 125 86 33 21 15 15 16 14 14 15 15 13 12 13 16 18 20 
250 248 247 236 242 217 220 236 197 165 192 99 72 99 75 93 85 110 118 142 143 65 143 134 152 100 97 107 81 64 118 111 107 104 108 104 100 113 124 124 111 98 99 101 101 93 69 51 43 40 48 56 52 40 31 24 21 25 22 20 22 22 32 59 97 157 162 151 147 118 58 34 50 47 42 40 44 71 126 148 143 118 107 87 29 18 19 17 16 14 12 12 17 18 16 17 18 24 27 24 
247 239 240 237 235 227 215 215 216 192 191 101 66 85 88 94 84 105 104 106 94 64 167 150 137 138 125 117 97 82 107 123 102 97 103 105 98 100 115 129 122 125 121 115 116 108 108 101 78 67 65 56 51 47 36 27 23 18 21 18 22 26 25 51 92 130 124 106 74 33 24 26 40 42 35 31 39 104 153 133 96 54 33 18 14 12 15 16 18 15 13 14 19 24 24 24 31 37 39 35 
239 247 249 242 238 224 219 232 236 241 200 131 73 55 76 84 81 90 101 95 110 80 123 132 145 160 126 110 108 116 117 142 130 105 103 102 99 95 107 134 123 128 122 113 106 100 100 95 84 73 58 48 40 35 34 34 28 27 22 19 20 22 22 35 47 26 28 29 28 17 13 20 27 37 33 41 94 141 95 57 27 19 22 18 13 11 14 16 17 20 21 25 30 35 35 35 39 44 44 47 
235 249 250 247 222 222 237 236 249 248 242 178 103 66 57 76 76 75 84 98 117 156 143 129 123 136 136 143 148 138 148 150 148 114 95 98 106 95 108 177 124 125 122 115 106 95 87 79 73 69 62 63 47 35 28 23 24 27 27 25 25 23 20 21 35 26 26 22 16 13 15 18 24 28 29 69 154 84 29 25 16 16 20 18 12 12 15 18 25 48 62 50 48 45 48 40 38 36 41 49 
241 249 245 237 239 238 222 231 252 253 249 235 150 100 67 68 81 74 67 76 80 91 88 84 85 115 143 134 105 101 105 116 115 106 95 95 95 95 92 120 123 121 118 105 108 88 74 68 66 65 74 76 64 48 30 28 31 34 34 31 30 26 20 19 26 25 25 19 16 16 18 22 29 35 52 105 103 40 20 15 16 22 28 22 15 17 27 50 63 72 70 61 42 54 65 70 31 36 40 44 
242 248 247 246 243 239 241 241 243 249 246 240 229 171 118 90 80 82 79 78 79 79 87 103 110 104 90 80 73 68 63 76 88 94 85 88 94 93 96 95 114 121 114 95 101 92 85 80 76 77 84 87 91 56 28 25 29 48 31 41 43 31 23 37 27 22 24 22 18 20 21 26 33 48 76 78 53 36 26 19 17 20 25 21 20 34 63 63 73 65 64 79 72 64 68 73 57 29 25 37 
246 248 248 245 243 251 250 246 249 249 252 250 248 244 197 137 106 92 103 103 100 92 78 76 89 112 117 98 88 79 79 65 70 78 73 75 78 87 87 92 98 114 122 103 101 97 98 97 92 85 99 112 65 34 29 23 23 22 33 54 45 35 43 66 33 22 20 19 22 22 24 33 42 56 61 52 51 48 36 22 27 27 23 24 48 75 78 57 63 56 62 67 69 69 72 57 50 46 51 32 
243 251 252 240 244 246 247 252 252 252 251 252 244 235 214 191 163 126 102 100 124 134 130 110 89 80 79 90 93 89 85 84 77 75 64 59 65 66 84 86 95 103 111 111 94 95 97 99 93 98 105 80 33 27 30 30 27 36 48 46 43 63 54 34 29 25 22 19 18 19 29 40 38 39 41 49 48 44 39 35 32 30 37 67 75 59 58 58 59 47 48 50 60 75 67 68 72 64 53 45 
233 247 252 247 244 246 248 251 251 248 249 252 248 230 215 202 206 176 146 120 101 105 117 120 123 107 83 78 70 73 74 76 84 84 73 64 60 70 76 94 88 98 102 101 95 93 100 93 89 85 63 47 38 39 27 36 50 50 51 51 84 123 135 45 44 33 27 25 25 25 36 31 33 29 34 38 32 35 43 55 57 66 73 70 66 63 64 62 62 50 46 50 63 70 72 75 64 83 75 56 
212 243 248 246 250 247 249 251 247 243 247 245 230 221 216 212 214 197 181 170 160 144 125 114 111 98 102 100 84 74 67 66 62 68 79 79 66 59 74 89 95 89 89 89 92 86 85 88 79 68 42 41 43 62 39 53 44 44 74 101 122 139 139 90 44 44 38 36 28 31 28 28 26 23 27 28 33 55 73 68 66 66 70 75 55 56 55 65 80 55 64 62 74 55 53 65 78 83 79 68 
248 247 247 247 251 253 251 247 243 247 238 227 219 218 231 223 220 200 168 152 135 149 174 165 151 135 124 115 105 103 102 103 100 104 109 122 126 113 81 82 99 99 85 81 87 86 91 91 97 69 50 92 105 58 40 44 41 73 109 122 126 133 148 118 50 41 44 46 31 26 22 25 27 26 28 42 67 74 80 67 63 74 75 90 76 47 47 45 65 77 69 68 65 64 73 75 76 68 61 57 
233 248 250 251 251 253 251 250 246 245 244 235 235 234 236 230 229 219 176 134 116 113 129 141 150 149 151 149 157 156 149 154 128 112 103 84 66 66 63 70 70 75 75 81 72 74 72 76 73 72 77 66 61 71 65 48 49 88 125 128 134 142 158 169 64 51 59 91 45 29 28 32 35 49 67 70 65 77 82 82 79 75 65 61 70 65 52 45 57 73 74 76 77 60 64 76 82 81 82 76 
238 245 247 246 247 251 252 252 248 236 242 240 222 236 233 224 234 214 191 152 129 125 124 124 135 153 156 152 157 164 183 146 87 77 66 60 75 62 56 58 52 45 55 90 83 69 64 65 57 58 60 59 65 75 72 65 78 113 123 135 144 154 203 137 72 56 59 106 70 47 73 121 176 172 136 80 82 90 94 84 80 87 91 73 68 65 67 88 86 58 69 76 79 72 64 89 73 92 71 74 
241 243 249 248 252 251 249 247 240 244 244 240 235 233 230 228 228 207 196 146 145 129 134 132 137 159 163 181 171 176 164 107 78 72 65 81 117 143 163 121 63 44 49 55 63 72 76 70 65 63 62 63 79 88 99 117 132 142 143 153 155 193 205 106 70 64 77 140 112 159 194 202 186 209 181 145 159 56 43 44 59 59 80 85 75 69 86 110 120 109 89 72 76 79 74 72 74 85 86 82 
215 241 238 251 252 248 248 249 244 249 234 228 224 234 227 237 223 200 186 185 153 132 144 143 130 174 177 166 154 155 103 88 84 78 75 117 162 175 192 191 200 189 156 137 137 132 109 95 80 67 82 96 117 120 200 206 208 204 188 187 219 179 149 78 58 58 102 117 113 73 109 107 80 90 86 79 105 87 150 146 151 140 134 107 128 133 129 142 141 155 161 131 109 82 89 104 90 76 83 95 
157 240 243 249 250 244 247 244 240 236 234 236 235 233 220 234 221 209 183 180 161 147 140 147 144 148 169 178 136 91 95 93 81 92 98 169 172 158 186 217 230 223 216 213 190 172 142 138 118 103 95 98 108 121 104 126 160 166 156 149 111 106 81 62 50 79 113 46 41 56 81 69 77 54 56 74 71 173 181 209 193 157 150 104 116 139 153 133 155 129 142 159 131 117 112 119 120 117 90 84 
187 194 246 248 252 250 248 241 231 222 231 228 237 220 239 248 232 219 212 179 162 149 138 149 147 136 109 89 89 99 82 84 75 130 146 180 149 176 203 210 234 220 190 221 192 163 134 124 135 142 150 150 166 147 158 132 112 110 124 103 103 90 77 67 93 110 55 27 46 41 50 57 57 53 67 67 79 110 166 192 174 171 121 135 166 162 166 146 144 143 145 173 161 126 115 129 141 130 119 106 
218 141 221 244 250 253 253 250 247 237 234 236 237 219 229 223 211 196 201 175 160 139 134 140 97 72 81 81 83 75 74 73 110 137 164 201 208 204 228 207 212 194 233 231 219 198 168 136 115 141 152 168 159 167 177 134 135 109 101 89 97 103 120 120 89 68 32 47 66 67 65 71 69 71 71 77 93 106 166 167 159 141 164 153 124 122 157 167 172 165 157 150 144 150 137 131 125 130 125 129 
246 167 170 244 252 254 254 250 237 231 235 226 233 227 207 189 183 201 185 158 142 138 141 93 64 71 73 68 62 63 96 88 173 217 217 195 200 211 211 224 227 235 233 233 204 177 144 134 145 147 162 166 154 147 147 138 128 134 113 105 109 83 95 84 65 61 37 57 82 92 107 109 99 114 89 71 85 61 112 170 133 152 143 163 165 130 126 110 150 136 103 143 143 134 136 128 117 138 99 123 
252 211 146 236 250 253 252 250 245 239 235 225 228 195 197 185 177 184 166 186 174 182 189 110 74 75 87 86 103 117 140 185 210 211 205 222 211 228 224 216 213 209 220 218 196 170 147 135 150 152 131 151 157 149 155 156 167 140 97 93 95 101 108 104 72 62 53 91 95 79 75 106 135 139 128 132 174 108 129 139 156 167 153 142 170 132 151 157 138 131 157 165 161 152 148 148 143 123 99 121 
251 233 166 179 247 253 249 247 241 246 239 235 228 211 202 185 175 168 181 198 204 199 174 148 159 148 163 180 194 212 237 234 212 209 218 208 215 223 201 216 219 215 210 183 166 137 133 134 129 152 128 142 153 169 164 146 121 129 116 91 82 107 102 101 94 101 106 98 132 142 135 145 140 187 168 107 139 156 136 183 203 164 164 164 173 147 172 147 152 172 161 156 163 138 130 156 122 163 159 151 
251 242 195 154 238 251 248 243 242 240 243 247 239 238 206 204 197 192 200 181 185 175 147 144 163 170 174 184 190 212 228 212 219 214 213 192 197 224 203 180 217 212 202 180 165 139 138 124 128 171 157 162 158 174 149 122 123 116 111 109 105 95 77 93 97 103 108 137 138 117 151 136 103 126 146 136 204 189 178 174 160 153 168 158 151 171 149 134 142 166 157 145 145 141 140 142 124 162 159 184 
253 249 205 160 199 243 243 249 248 244 232 235 220 234 228 218 202 216 218 188 206 195 172 145 146 164 175 181 202 185 211 209 201 210 214 201 199 182 159 210 222 207 203 170 165 144 137 123 154 173 173 150 158 133 145 156 132 119 109 95 88 70 76 86 86 95 96 96 119 146 153 147 134 110 125 188 179 182 169 164 162 169 146 180 128 177 159 163 185 178 183 184 190 188 170 139 121 166 152 151 
255 253 220 201 146 243 250 250 252 250 233 226 218 232 223 211 195 216 198 213 217 220 180 150 150 168 177 184 194 209 195 196 194 204 198 205 187 137 119 208 180 187 178 179 164 147 128 128 139 146 154 149 131 147 140 120 104 108 98 87 86 64 97 90 90 96 108 98 133 123 114 132 84 145 145 135 115 104 130 168 146 162 107 164 176 160 178 144 176 181 169 161 183 164 152 163 162 181 182 201 
254 254 246 218 165 188 245 250 245 242 244 232 226 217 212 193 195 194 217 214 215 213 182 144 133 168 182 186 200 209 211 207 205 191 192 183 171 185 165 187 196 178 173 165 170 167 154 158 146 128 121 126 127 128 136 128 109 119 110 93 82 70 76 84 81 95 110 114 125 86 92 138 121 141 135 96 125 115 161 161 163 136 159 152 179 162 146 192 191 183 164 137 178 214 176 190 202 180 183 211 
253 253 252 243 191 148 238 245 249 245 237 224 216 206 199 189 192 197 188 215 206 212 183 148 151 167 173 153 200 208 191 186 170 185 146 157 159 162 156 179 176 178 179 178 179 176 175 163 165 158 131 127 120 114 104 109 108 108 92 90 93 88 91 93 97 83 96 103 110 129 125 114 121 133 126 110 110 125 124 121 153 143 165 138 139 179 184 172 202 179 170 174 196 197 193 163 184 164 163 145 
255 255 254 253 222 167 146 235 246 238 225 230 216 209 194 190 188 184 200 220 228 211 192 179 160 148 174 193 201 201 175 180 172 164 143 133 137 140 131 149 178 177 187 188 190 184 188 174 159 159 153 138 118 129 119 99 98 96 86 106 97 90 76 100 105 90 108 110 119 117 106 105 111 116 116 116 115 99 110 122 127 120 129 151 175 156 165 152 168 216 186 154 189 202 184 175 192 166 162 188 
255 255 254 254 243 191 145 228 235 241 231 208 217 202 175 166 173 166 167 181 215 215 193 162 147 142 129 189 180 195 174 166 164 150 144 144 139 140 153 164 177 169 165 185 176 172 162 161 169 177 170 149 140 118 145 125 110 104 94 96 92 92 78 75 98 111 110 127 135 128 112 116 129 118 112 98 109 126 135 137 93 145 154 151 190 178 165 192 189 205 197 183 196 187 155 142 179 153 174 194 
255 255 254 254 253 227 169 193 230 224 219 214 228 185 170 154 158 148 164 164 190 187 175 177 165 126 115 144 166 192 171 151 150 148 128 117 120 135 158 151 177 185 184 179 173 154 167 168 183 185 183 180 173 159 147 131 110 97 99 94 98 99 102 95 102 102 105 118 113 112 119 103 119 118 107 110 118 121 134 139 134 94 144 184 151 174 194 182 173 166 196 189 204 196 158 175 162 174 188 172 
255 255 255 255 253 245 214 177 220 231 218 219 205 170 149 142 126 99 135 161 170 169 188 195 154 147 116 134 129 182 168 157 137 119 116 102 121 123 156 142 173 165 171 166 170 175 170 173 169 157 164 157 163 155 145 135 110 113 112 97 87 100 107 101 108 116 106 95 109 102 116 106 118 116 119 114 106 106 100 117 142 127 141 171 174 163 181 171 176 170 173 152 169 184 149 174 170 188 190 169 
254 255 255 255 253 252 230 181 181 224 224 230 213 157 135 121 125 110 129 145 155 153 159 175 156 151 126 127 129 154 162 148 131 117 111 111 116 132 143 153 168 179 173 168 161 156 166 182 169 157 143 164 168 139 115 118 112 102 112 115 109 119 126 113 98 88 105 92 110 103 90 94 118 113 103 103 96 103 107 106 117 140 143 148 180 200 178 170 168 174 162 193 199 198 190 185 185 160 173 162 
253 253 254 255 251 253 230 196 118 205 227 212 175 131 123 117 131 132 131 135 126 138 148 144 148 159 163 141 143 170 168 178 160 147 122 123 123 129 155 156 179 144 171 186 161 137 131 139 157 163 162 166 148 145 127 112 114 109 115 115 119 117 126 109 95 87 86 97 96 113 106 111 101 100 110 103 107 101 92 103 107 128 149 163 200 197 206 214 190 179 184 174 173 172 174 172 155 188 183 173 
255 252 250 253 247 229 241 205 140 171 226 167 132 126 138 125 123 153 198 157 83 93 92 121 132 141 157 159 162 179 187 167 149 129 116 119 131 140 114 149 193 170 183 175 178 173 150 136 143 128 156 158 156 149 114 113 99 105 128 124 131 114 118 119 124 98 92 107 90 86 101 116 100 105 110 100 118 108 116 127 158 146 148 129 156 196 192 209 206 182 188 194 178 202 187 188 169 189 193 184 
255 252 239 252 239 228 228 207 161 135 203 168 132 121 110 111 130 195 185 182 133 59 65 115 120 153 167 183 201 186 201 192 178 159 143 147 151 160 161 186 188 153 200 180 161 154 145 175 162 170 151 148 138 129 105 106 101 125 110 126 138 154 146 143 118 96 97 100 84 89 88 100 89 92 99 112 116 120 116 106 124 142 141 175 186 179 185 194 213 213 183 192 197 212 219 192 188 191 187 180 
254 252 233 250 245 222 216 216 162 113 168 167 150 126 135 125 125 193 176 170 171 124 63 121 126 153 178 187 174 212 202 225 187 184 171 160 150 186 197 173 188 181 201 196 184 179 170 162 158 157 165 137 118 124 98 102 87 109 112 132 130 138 145 142 121 115 100 97 87 81 79 79 94 96 97 109 114 108 118 123 120 131 159 148 171 183 181 203 197 218 207 195 199 217 219 202 190 179 163 162 
253 252 242 236 238 220 200 205 159 127 100 147 135 126 131 133 139 205 196 181 170 162 121 72 94 152 204 199 204 217 225 227 221 198 167 173 175 164 193 193 182 196 226 220 216 223 201 181 185 188 168 143 121 102 96 85 85 105 115 119 137 131 142 132 124 112 105 97 88 91 86 80 106 90 90 100 96 85 93 104 113 149 183 177 191 210 195 209 199 211 214 194 209 220 208 185 205 202 189 202 
252 250 245 219 220 207 193 179 159 121 97 120 134 121 123 130 150 193 210 192 170 162 130 56 69 117 189 197 220 211 245 236 237 223 193 191 178 166 180 176 199 213 203 216 223 212 210 209 199 175 164 153 132 118 117 108 109 113 125 128 108 131 156 137 137 135 114 111 89 81 83 98 90 88 88 97 95 104 113 116 118 137 167 179 174 181 196 198 194 196 193 205 193 192 173 194 201 197 216 200 
253 243 234 203 217 209 195 168 161 121 115 121 116 126 127 142 170 220 214 196 171 162 110 58 76 89 181 189 215 222 226 242 238 234 211 183 167 176 154 190 206 211 231 224 227 218 214 218 206 180 172 147 132 140 143 130 126 145 138 118 121 131 158 164 152 145 127 117 99 94 95 97 86 90 87 95 101 90 108 106 124 127 153 172 179 159 199 189 220 204 206 205 211 209 193 185 184 204 218 213 
249 233 228 208 208 206 192 178 156 139 116 91 128 142 154 141 171 207 207 181 163 167 129 86 107 103 111 198 213 234 224 212 237 239 234 208 198 182 195 169 205 205 222 222 216 221 224 225 204 168 159 153 140 157 164 142 135 136 140 131 151 105 131 169 139 135 148 130 109 110 105 95 99 117 105 105 104 88 104 105 122 108 140 173 167 175 203 183 191 214 226 214 209 224 211 199 191 203 218 223 
238 233 231 231 204 207 195 194 170 169 131 110 122 122 133 147 158 172 202 185 178 174 144 78 105 147 169 195 211 208 226 229 225 231 214 194 217 191 174 144 183 190 205 226 214 223 241 234 221 198 173 156 139 148 133 134 135 142 144 156 136 128 167 159 143 112 124 128 114 120 102 97 103 124 101 103 93 100 120 122 112 143 149 163 175 176 176 179 200 188 201 209 213 206 211 217 221 234 226 221 
235 230 235 235 204 224 208 204 186 180 158 135 100 106 127 146 143 202 204 198 200 183 125 96 119 139 178 182 198 220 230 224 222 223 207 193 205 184 171 171 187 185 185 236 236 221 234 208 219 207 169 149 146 140 143 139 137 145 140 156 125 145 162 163 147 130 133 129 106 113 97 95 109 116 114 95 99 103 120 113 124 120 136 166 178 176 182 178 211 209 191 196 219 224 224 204 199 212 220 221 
219 213 231 235 220 227 215 210 199 177 163 124 124 70 130 138 161 212 215 208 198 192 113 115 127 142 169 198 226 211 225 232 238 209 203 205 213 173 147 140 172 178 206 217 199 190 218 212 207 183 136 144 143 142 156 142 144 137 133 136 137 157 145 141 159 139 114 103 113 97 93 101 101 97 119 104 97 126 138 141 139 129 149 175 169 186 201 201 196 222 224 228 227 211 214 192 204 212 215 189 
155 190 213 241 236 220 229 221 209 188 149 141 106 57 126 159 155 174 150 164 185 172 161 154 145 128 148 161 207 218 212 218 242 239 238 235 196 173 138 141 149 174 201 196 209 198 231 222 191 167 147 130 133 133 138 142 129 136 152 140 158 144 121 136 142 143 125 118 117 89 93 92 87 114 117 108 103 129 153 135 132 133 131 165 177 165 200 189 204 222 225 238 221 231 218 216 216 229 206 185 
107 184 199 233 242 218 234 221 201 162 170 144 132 94 84 156 149 148 136 152 145 167 159 161 158 135 129 149 189 204 209 227 222 243 240 212 192 174 131 116 115 133 207 192 154 202 209 220 201 165 143 132 115 134 138 126 121 127 139 125 137 139 141 145 146 139 126 134 116 107 94 99 98 112 129 126 107 123 150 141 147 157 162 169 170 170 191 156 179 215 203 211 222 212 219 199 202 206 211 214 
88 159 199 221 233 217 227 202 180 162 130 174 160 130 85 162 162 150 153 143 143 166 164 167 181 160 153 167 183 200 215 223 218 220 226 222 182 144 128 133 123 138 183 166 186 196 226 217 189 164 120 117 98 103 122 124 114 105 124 124 146 143 133 129 126 131 122 130 122 115 105 95 90 98 114 129 114 108 134 138 167 153 187 202 176 196 187 181 214 212 200 201 214 209 209 194 196 186 199 213 
70 112 197 202 220 220 192 204 168 159 177 182 178 152 102 151 159 166 166 149 146 164 185 185 183 169 155 177 194 202 221 226 222 226 220 226 173 164 140 136 138 142 178 138 159 201 208 214 179 184 153 122 97 106 103 110 106 112 104 124 126 122 127 140 132 131 132 122 119 107 114 94 93 104 110 120 119 121 122 157 167 172 198 188 180 200 204 209 186 202 228 236 238 220 225 227 203 196 229 239 
