137 65 49 46 45 43 55 115 119 73 27 26 49 68 107 85 73 65 78 132 122 72 173 158 26 14 59 76 20 129 178 162 172 174 178 178 183 181 178 182 184 178 173 177 178 183 177 170 176 169 172 169 160 162 165 176 174 172 175 178 177 171 177 186 182 174 171 175 180 180 182 181 176 173 175 185 181 185 178 170 177 175 178 188 177 187 187 190 180 187 197 189 198 198 194 187 181 188 189 195 
134 65 48 48 45 42 55 112 120 71 28 27 51 68 106 85 72 66 81 135 119 78 188 143 26 15 65 72 21 123 179 163 173 174 177 176 182 182 179 180 181 170 171 175 177 179 175 171 179 170 168 162 161 167 161 170 167 171 179 180 182 178 177 186 181 167 172 181 175 183 177 173 174 174 173 187 179 185 176 176 180 180 182 189 181 190 179 184 193 191 189 190 206 199 189 187 184 193 201 184 
130 65 47 49 46 43 52 112 117 65 27 31 57 70 105 85 70 63 81 132 124 94 127 92 26 16 62 66 24 132 177 166 181 177 176 176 180 173 173 174 172 162 142 122 124 141 176 188 200 201 184 168 172 168 157 162 173 175 183 181 185 189 187 180 180 173 172 179 177 183 178 175 180 173 180 187 186 175 174 187 185 176 183 180 168 189 179 179 176 190 186 196 199 193 195 186 192 194 193 177 
126 64 48 45 45 42 54 112 116 67 28 39 58 70 103 83 68 62 82 133 124 98 73 54 24 18 76 60 24 123 178 165 188 176 172 155 163 154 154 154 139 107 67 51 43 52 168 205 234 241 241 231 213 195 167 177 169 168 177 181 183 187 187 178 167 176 179 180 177 176 177 173 174 170 177 175 170 181 181 181 188 184 179 181 178 191 186 192 187 188 189 190 196 192 198 191 195 202 180 179 
127 66 48 44 47 49 59 120 115 68 26 37 52 66 104 81 65 60 80 131 120 88 63 48 24 20 84 61 32 122 171 163 171 152 138 141 146 147 148 139 111 84 56 43 32 31 39 96 109 168 217 223 227 233 218 199 171 169 182 180 187 189 188 175 171 174 179 176 173 170 173 178 175 167 174 176 185 190 179 169 186 183 178 174 190 188 188 191 188 197 190 194 189 186 203 190 180 190 185 180 
133 64 48 45 48 52 60 115 115 70 27 38 62 74 102 76 61 58 81 131 108 57 50 51 26 37 95 65 57 133 150 132 129 137 143 148 138 132 157 163 91 86 50 34 23 23 25 85 83 58 114 182 186 178 183 180 168 177 181 184 188 189 188 187 175 170 177 180 173 173 172 172 174 187 172 172 172 180 182 173 178 183 187 182 199 185 195 187 196 191 194 191 183 192 194 185 186 183 191 178 
135 66 48 44 48 53 64 116 115 68 24 29 81 74 101 56 57 57 83 132 109 69 74 76 56 96 122 106 113 127 135 130 131 134 133 132 145 169 200 98 96 112 52 38 22 17 25 95 77 45 43 99 152 123 114 125 141 162 171 182 178 189 182 174 172 174 176 185 187 181 175 173 182 184 183 177 170 172 176 177 185 190 176 177 184 185 189 184 191 203 204 177 173 187 188 187 177 177 194 187 
135 65 48 43 46 52 62 121 122 78 23 25 83 68 99 49 61 59 84 133 121 105 124 135 154 180 188 179 180 164 145 132 128 137 144 136 183 222 130 88 121 138 62 43 39 33 38 56 60 45 35 44 90 114 101 98 112 134 158 175 184 185 178 172 177 179 177 181 196 179 178 177 186 187 177 187 187 175 168 181 184 186 168 176 181 180 188 182 183 188 189 188 189 182 187 177 184 172 191 183 
135 65 47 43 45 47 63 125 125 95 26 23 70 64 96 56 65 70 97 136 148 169 188 201 206 197 191 186 185 183 175 146 133 125 125 149 223 178 93 82 117 126 63 42 39 41 41 39 43 37 31 31 47 74 91 90 97 115 156 178 179 178 172 172 165 178 177 173 184 178 183 184 174 165 177 175 182 175 172 177 171 174 178 188 181 186 181 186 186 184 183 175 197 196 192 175 184 180 191 179 
137 67 48 43 44 43 65 122 129 131 49 31 78 83 91 70 91 110 137 168 194 200 202 205 186 178 178 178 182 184 186 187 162 155 158 199 199 134 83 68 104 116 64 40 38 34 27 24 26 28 31 33 36 48 63 81 100 83 126 162 174 174 175 173 174 176 183 181 176 180 186 181 181 176 183 179 191 180 186 189 180 180 175 186 181 187 180 188 188 188 192 183 188 183 200 188 193 183 189 192 
143 69 49 43 44 44 65 127 124 135 70 56 56 66 91 114 141 161 183 194 192 186 183 176 167 172 170 174 177 184 185 175 165 171 201 208 164 122 79 65 105 153 74 43 40 36 34 34 30 25 21 24 29 41 51 63 75 54 75 131 157 171 175 186 182 179 181 179 178 184 186 173 186 186 181 178 190 185 196 178 179 194 191 189 182 185 186 200 189 189 195 187 185 188 192 193 188 194 186 190 
140 69 49 43 42 42 64 115 118 131 64 50 60 80 118 147 173 183 181 173 167 161 146 143 138 128 122 134 145 150 156 160 160 188 205 166 146 111 78 71 86 127 62 38 26 24 24 24 27 29 25 24 26 30 46 81 58 36 40 91 142 168 175 178 178 184 175 180 182 182 183 169 175 186 175 183 184 181 188 185 190 196 193 188 191 186 194 191 183 186 182 190 179 182 187 198 187 192 191 188 
138 68 50 44 42 42 67 116 120 132 65 70 73 108 152 162 166 160 152 147 163 155 135 127 114 104 107 111 107 94 88 90 149 216 180 151 152 122 77 73 74 78 51 29 20 17 18 24 24 27 23 22 23 28 47 59 59 35 37 70 109 142 165 176 177 180 179 186 180 181 181 187 183 179 185 187 179 184 181 179 199 183 186 191 190 188 185 185 190 194 178 188 196 188 185 194 189 187 186 199 
135 67 50 44 43 42 68 122 118 135 67 91 94 120 146 152 146 144 153 186 204 180 126 127 134 128 113 93 76 80 100 129 214 207 160 146 164 120 74 69 68 68 37 27 14 12 14 19 26 23 23 23 26 32 38 58 78 38 33 56 93 131 167 176 182 180 181 185 178 185 181 179 181 183 180 182 174 181 178 179 180 183 183 183 183 179 186 189 181 189 189 186 188 186 188 207 189 197 185 189 
133 67 50 44 45 44 69 129 126 129 71 87 106 108 115 123 134 169 208 231 212 148 56 100 175 193 192 191 192 208 224 225 220 180 150 147 156 109 66 58 54 58 37 27 19 13 14 17 23 28 28 24 31 40 38 47 62 37 29 49 83 117 153 169 180 185 183 185 188 188 181 183 184 185 182 181 171 181 183 186 172 181 193 189 179 189 187 184 185 180 187 179 193 189 205 190 195 198 184 198 
130 66 52 47 48 44 61 103 101 97 80 107 144 139 130 137 166 221 238 229 188 82 36 52 73 82 114 183 218 221 216 224 204 172 153 158 153 108 65 55 52 45 36 29 21 15 13 16 41 36 24 27 44 40 37 46 65 62 29 48 78 112 148 167 176 189 181 179 189 189 190 183 184 184 175 185 173 182 189 192 187 171 193 176 169 189 188 180 186 184 190 191 186 186 192 189 192 200 194 198 
102 62 50 47 43 42 55 86 92 114 121 157 190 189 187 192 209 225 232 220 161 58 40 48 64 61 88 153 219 219 220 219 200 171 158 155 153 113 79 54 51 46 37 30 27 22 18 16 32 27 25 38 48 38 39 40 65 70 34 49 80 109 143 171 177 188 183 184 184 185 191 184 181 184 182 185 178 183 190 194 186 177 188 185 185 182 183 185 191 185 187 191 190 191 196 188 190 196 190 192 
119 66 53 48 44 45 62 96 95 132 170 207 209 212 215 226 217 194 203 205 138 57 40 40 69 71 97 169 218 216 215 213 200 175 168 158 156 127 84 55 50 43 36 30 26 25 24 19 40 38 47 48 48 31 26 34 48 66 41 45 66 105 146 170 172 174 181 188 190 191 195 186 188 184 181 180 181 188 186 188 188 165 180 184 187 185 187 187 183 192 182 184 193 184 187 188 181 186 190 191 
178 157 144 119 120 116 127 164 168 175 211 222 228 231 234 226 207 172 159 170 123 68 53 56 83 88 144 202 218 217 207 207 197 187 177 174 171 151 110 60 44 42 36 31 28 28 26 24 48 70 64 46 35 32 27 35 50 72 46 50 61 98 141 178 178 182 182 182 181 188 192 188 193 182 183 174 182 182 180 178 189 171 178 184 177 195 199 187 184 187 193 187 194 183 200 189 200 199 199 183 
187 188 187 194 192 181 176 179 197 207 233 240 245 245 236 212 196 187 186 177 168 138 113 96 125 176 222 229 221 216 208 202 195 185 181 178 183 174 134 103 55 42 40 36 34 34 25 27 37 67 60 43 49 39 34 35 46 58 50 55 56 89 134 201 201 184 188 181 188 186 192 186 185 182 186 184 184 185 190 181 188 176 181 195 172 183 186 174 173 184 187 182 189 201 200 200 196 197 199 192 
150 176 180 182 184 188 190 195 216 235 244 244 245 242 238 215 210 214 212 207 212 211 192 180 207 230 238 229 216 211 206 197 191 188 183 182 191 192 167 135 103 53 38 33 33 31 28 33 36 47 48 53 64 52 39 42 40 51 58 56 57 94 142 199 205 192 183 186 181 190 183 186 189 186 186 180 182 183 179 180 182 172 183 190 189 189 183 174 176 187 187 190 182 182 178 189 183 195 189 185 
100 163 168 174 182 179 191 208 236 243 240 239 234 231 229 224 224 229 221 208 202 208 202 208 229 238 233 222 207 204 203 194 189 184 186 185 198 215 186 153 140 77 47 36 34 34 37 41 42 45 55 60 64 56 43 45 43 36 59 64 61 87 135 182 212 184 171 165 169 177 190 187 182 182 180 178 183 186 184 189 188 179 187 188 188 184 187 175 184 197 179 185 193 192 184 198 198 190 186 180 
85 155 170 171 179 194 198 230 243 243 239 236 228 222 223 225 220 217 209 200 194 205 208 236 239 234 224 215 207 203 192 196 194 184 182 190 213 219 179 172 148 104 91 87 61 51 54 55 56 59 60 52 73 58 49 56 43 44 64 69 67 96 145 168 181 157 134 129 139 176 199 198 193 199 191 187 188 185 181 189 181 179 196 186 195 186 189 183 181 189 182 189 192 191 191 182 204 190 185 198 
107 135 150 156 158 182 219 243 242 243 242 234 227 221 215 215 216 207 193 198 204 226 240 240 238 231 223 211 205 193 183 198 196 180 175 185 204 196 165 172 163 131 150 156 153 125 92 76 66 71 72 65 69 61 62 68 61 56 58 71 72 105 148 158 158 166 131 103 135 157 186 182 202 217 223 224 211 200 200 196 177 176 199 195 187 186 185 197 184 184 182 188 184 195 194 191 204 207 210 217 
119 124 127 123 114 145 228 244 242 241 237 233 228 224 224 227 230 221 214 221 231 239 241 238 234 230 220 211 207 194 198 198 197 180 168 165 188 196 175 179 176 171 183 208 182 168 151 106 81 80 69 70 68 59 68 69 56 60 66 71 73 114 145 140 148 168 151 102 137 149 162 168 175 203 226 237 233 233 240 217 215 198 187 175 175 181 179 191 182 177 176 194 201 211 218 218 223 223 222 224 
127 119 125 118 107 161 237 241 240 234 231 230 231 232 234 236 234 233 232 236 239 239 237 233 228 225 223 216 204 199 196 202 207 192 160 151 170 188 178 194 190 180 206 202 180 154 153 128 101 88 73 82 80 72 64 66 55 71 70 78 81 125 150 131 146 189 148 112 115 129 152 168 168 184 200 223 226 237 242 247 244 240 221 209 187 195 188 186 192 201 213 215 221 224 225 221 224 227 224 228 
136 131 138 136 138 202 242 238 235 228 222 226 227 227 229 230 235 233 233 235 230 233 234 233 231 227 224 217 204 202 201 204 198 181 159 156 169 184 198 185 168 169 178 172 160 145 134 107 92 91 88 84 74 82 80 76 81 74 78 84 84 123 134 133 173 196 161 147 128 121 154 176 191 181 179 201 201 220 235 243 246 246 244 246 237 229 196 178 177 182 202 215 226 225 226 234 233 237 238 239 
131 142 144 134 160 226 238 231 229 222 218 220 222 222 221 224 227 233 231 231 231 232 235 232 230 228 222 213 196 203 204 197 182 166 148 154 173 183 195 173 151 154 154 153 149 127 113 94 80 92 93 86 76 79 81 74 74 85 92 98 97 125 145 176 208 219 210 209 174 113 135 173 204 191 167 179 182 183 209 223 236 233 235 239 240 240 222 199 177 175 173 192 195 215 218 225 230 235 243 244 
135 142 142 141 170 234 237 229 224 220 216 213 218 218 220 218 218 220 222 227 231 234 236 234 228 224 220 206 187 199 200 185 163 143 148 147 164 174 184 170 147 141 143 136 143 122 113 90 75 93 91 82 83 87 91 86 79 90 92 104 110 130 156 188 216 232 233 227 182 129 127 164 198 196 208 213 203 182 173 184 201 214 220 215 206 229 231 225 213 201 207 203 201 189 195 190 198 232 243 243 
124 132 130 156 202 235 232 226 221 218 213 211 211 215 214 218 221 224 232 235 236 233 233 230 224 219 217 203 197 201 192 174 146 120 136 130 149 155 170 163 140 121 138 132 131 113 103 89 79 90 96 80 82 90 88 76 93 99 108 103 119 137 138 150 175 194 203 200 171 132 121 155 197 204 221 213 202 191 173 174 171 181 186 180 178 203 235 239 240 248 247 245 238 198 169 160 186 216 230 240 
122 117 118 145 213 232 232 222 217 213 209 210 214 218 224 230 235 236 235 235 232 230 227 227 224 214 210 204 199 195 185 158 123 102 109 116 122 134 149 139 123 114 120 121 117 103 97 83 78 94 91 90 95 97 92 80 88 98 112 108 125 133 126 131 142 151 164 165 153 122 125 150 170 196 226 224 213 182 188 172 174 181 192 176 162 182 217 243 247 251 253 253 244 211 204 163 171 189 219 234 
125 124 127 153 222 229 227 225 217 215 215 215 222 224 228 232 237 236 236 233 231 226 229 231 223 214 206 204 204 191 171 155 127 106 96 102 105 118 129 125 120 102 101 100 99 83 92 86 89 99 87 92 95 76 82 84 102 104 101 106 131 127 114 117 124 134 143 147 147 128 126 138 157 216 235 220 204 180 193 177 154 171 173 181 186 168 190 230 243 250 252 251 245 239 236 213 206 194 192 206 
135 130 132 163 219 222 224 221 220 221 218 219 224 226 229 232 235 233 229 222 220 222 224 215 207 200 209 205 197 182 157 154 143 123 109 109 129 138 134 116 103 95 94 91 87 86 75 87 91 94 88 93 92 76 80 93 105 112 118 114 115 119 103 105 108 115 120 127 129 118 116 130 169 222 235 214 185 193 207 176 153 154 183 199 191 188 193 220 233 237 245 248 240 239 246 243 239 215 179 190 
133 135 132 170 220 224 223 222 223 218 217 219 223 228 231 229 225 220 214 214 217 208 196 175 168 182 191 191 181 167 154 163 166 142 141 121 136 137 138 114 97 93 92 88 83 88 77 83 87 80 87 92 87 88 86 100 109 112 111 123 131 117 103 102 110 115 116 122 127 117 109 136 167 216 223 177 177 225 225 186 172 190 202 193 192 184 188 199 197 215 228 234 238 246 250 249 234 210 199 185 
161 174 170 201 221 224 226 222 220 219 220 223 228 227 224 222 222 215 216 211 201 197 176 153 135 131 156 176 173 162 163 166 177 157 141 127 127 137 134 117 96 90 93 90 86 87 82 70 80 86 89 94 86 95 102 97 102 111 99 123 131 108 101 105 105 106 114 119 118 107 111 132 159 194 167 160 218 232 223 198 211 210 203 204 195 197 190 182 175 184 181 200 232 237 236 229 221 221 225 226 
137 127 119 173 217 222 225 222 218 220 221 225 228 223 220 224 230 219 204 194 185 176 167 134 93 84 100 122 163 144 146 144 155 148 148 135 116 126 134 112 95 90 92 88 89 88 86 77 85 86 87 93 95 99 109 106 94 89 90 125 132 109 95 93 99 100 109 109 103 100 110 128 149 156 161 208 231 233 223 217 227 225 218 218 200 182 177 168 141 158 169 195 221 221 210 220 242 245 242 240 
129 120 110 172 209 225 224 224 222 222 226 226 225 221 220 217 209 201 192 185 172 155 116 77 47 55 79 104 138 143 137 128 132 148 151 134 118 120 134 114 99 90 90 88 91 88 85 80 88 89 96 100 99 99 102 106 107 89 97 121 126 107 92 89 88 97 99 99 96 96 110 123 136 148 172 208 223 215 204 228 234 224 219 218 188 166 181 169 156 161 163 200 221 222 205 228 241 241 241 240 
135 124 114 177 211 224 226 226 224 229 228 228 227 224 228 214 201 190 172 157 149 106 70 43 36 47 77 141 171 174 142 128 135 144 159 145 131 120 123 115 100 92 92 88 94 90 90 87 95 98 103 101 98 100 104 98 92 95 109 126 120 105 93 86 83 85 92 95 94 93 104 116 125 134 148 175 187 198 223 236 228 213 215 193 184 176 190 184 170 184 194 199 222 206 195 222 228 233 239 237 
120 113 104 170 217 228 230 228 227 231 228 229 226 227 220 204 191 172 161 130 98 53 38 28 28 32 68 127 169 166 153 133 153 153 173 173 143 127 126 123 105 98 93 92 93 95 104 103 104 108 101 103 96 99 106 99 85 99 118 130 117 106 96 93 89 91 95 98 93 88 98 110 113 119 130 144 158 182 213 213 209 201 197 175 156 173 192 192 195 191 207 201 209 211 201 217 212 215 227 230 
110 103 101 164 222 231 229 227 229 228 229 228 226 218 215 195 181 164 155 99 50 29 25 22 21 29 52 122 172 170 173 140 140 161 174 180 147 123 116 128 129 109 95 94 98 103 136 142 137 117 105 99 98 100 97 95 93 104 122 123 120 106 93 88 88 92 96 99 93 84 96 102 100 109 119 124 132 142 170 191 187 196 177 146 159 180 188 203 181 167 180 187 215 225 206 209 201 209 223 218 
81 99 104 182 228 231 229 230 229 228 226 224 213 221 217 200 192 185 150 73 44 31 22 17 16 29 48 125 165 161 145 130 125 143 171 174 157 121 108 130 139 118 100 100 107 124 169 172 153 123 109 101 100 102 89 86 107 117 117 114 110 106 97 92 91 93 98 101 97 84 90 92 96 109 108 107 107 119 134 144 171 184 174 171 184 205 213 200 150 133 171 201 226 199 189 198 198 203 193 187 
81 91 100 208 229 229 231 232 227 223 220 215 216 222 214 190 189 201 136 117 82 26 19 19 15 28 51 122 170 149 136 110 115 132 149 181 149 123 109 132 149 123 102 104 111 136 171 186 154 146 120 111 100 95 93 98 116 117 117 114 99 97 96 95 92 93 97 99 96 84 85 85 95 98 95 91 97 105 105 114 127 134 155 166 192 208 206 175 128 151 189 200 189 171 183 196 211 202 196 199 
69 61 104 217 230 231 233 231 224 219 221 215 219 216 215 195 207 195 164 151 98 22 25 35 25 34 54 124 169 141 128 123 121 125 141 160 163 129 111 119 130 116 101 103 114 154 175 184 153 145 119 109 101 91 96 112 113 107 111 107 101 93 93 93 93 93 93 95 93 78 77 82 90 90 86 83 91 87 81 98 110 115 129 153 187 200 194 154 141 172 204 191 185 191 200 194 212 195 203 219 
55 56 124 221 229 230 228 225 225 224 223 219 222 219 221 214 212 192 193 177 96 26 27 30 30 41 57 140 165 153 125 127 123 131 128 139 152 128 115 115 113 108 100 100 109 144 174 179 144 138 109 104 97 98 105 115 111 104 105 99 94 93 88 85 84 86 86 89 78 75 76 79 87 81 79 81 82 77 76 84 85 89 102 126 145 162 175 173 164 183 205 183 177 189 194 187 193 206 217 205 
68 63 141 218 227 231 228 225 224 223 222 212 216 208 221 219 218 201 201 189 125 33 23 27 44 49 60 116 168 145 126 119 112 105 105 120 129 129 110 113 107 104 100 99 100 114 160 157 125 118 111 106 108 112 114 111 102 100 103 100 92 82 79 77 72 74 78 80 70 68 70 80 79 72 76 77 76 61 63 72 66 78 93 110 121 145 171 174 171 170 175 183 183 203 201 185 186 196 186 175 
79 71 162 218 224 229 225 222 220 222 216 207 204 209 211 222 221 215 210 178 126 70 32 35 37 50 65 131 179 152 138 106 98 83 83 97 115 133 122 108 105 100 103 100 100 103 123 127 112 116 114 113 112 113 111 103 99 95 94 96 97 94 89 85 82 79 77 67 57 62 69 74 74 72 78 75 69 54 65 64 70 72 80 90 97 106 133 157 174 176 175 178 188 198 201 186 159 169 204 217 
74 72 174 217 225 227 223 224 221 218 211 194 194 211 198 217 219 219 215 182 124 117 32 38 27 38 58 98 160 144 122 106 88 77 76 84 102 144 156 127 108 102 105 105 103 103 106 109 107 115 113 112 111 109 102 94 94 91 89 85 90 96 94 93 96 95 91 79 65 56 59 65 71 69 76 70 55 55 62 67 63 64 71 72 80 82 85 108 129 148 151 173 195 211 187 148 156 180 211 222 
64 70 179 216 225 226 224 226 220 215 208 195 190 203 187 210 212 213 207 190 121 126 62 28 16 29 58 125 152 139 125 98 81 75 73 78 97 147 155 138 114 103 104 104 106 106 107 108 107 110 108 106 106 105 98 91 92 91 89 80 84 90 90 91 94 97 97 89 60 46 56 63 59 60 58 51 49 48 53 56 51 55 64 64 73 70 78 90 97 111 139 153 176 185 178 163 172 201 221 218 
62 73 177 213 216 217 220 222 219 210 199 194 187 199 178 192 201 204 193 177 145 90 85 22 16 24 68 138 137 144 105 90 74 75 73 77 92 129 135 120 108 104 105 106 108 108 107 106 99 94 98 101 103 98 94 91 90 89 88 80 78 82 84 86 91 98 103 95 65 51 56 61 41 41 46 52 59 56 56 51 47 50 56 59 62 55 65 75 77 89 108 136 166 168 158 152 177 205 216 217 
61 84 185 214 218 219 222 218 211 201 201 187 188 189 175 189 192 192 185 157 147 99 57 34 24 45 79 115 133 133 97 81 75 76 76 82 89 104 109 107 104 103 105 106 107 102 98 97 91 81 83 98 97 95 92 89 86 85 81 84 77 78 82 87 91 96 99 95 70 50 53 53 39 47 55 64 66 48 46 47 50 48 53 59 46 43 52 61 67 76 83 102 137 161 155 142 167 185 192 200 
64 90 166 211 217 221 221 219 203 196 196 183 180 171 173 182 176 177 182 164 141 112 59 27 43 64 81 99 113 103 94 77 77 78 83 87 95 100 101 100 98 102 100 100 98 95 92 95 77 80 84 87 89 92 89 88 85 81 80 81 81 80 83 88 90 96 98 96 69 47 49 44 47 51 53 60 45 32 41 44 44 43 47 44 37 35 46 57 52 56 68 77 92 113 129 157 179 194 207 203 
51 83 140 212 210 218 221 212 205 198 189 180 173 164 170 170 181 168 184 169 149 119 69 36 59 77 81 87 91 85 82 79 84 86 93 96 102 101 101 102 100 97 95 93 92 87 84 87 82 78 90 90 84 83 87 85 81 82 78 79 78 81 84 89 91 97 99 92 58 43 46 45 47 49 52 51 28 36 51 46 37 36 32 29 22 30 38 45 40 42 45 60 77 85 98 140 175 192 206 192 
59 60 121 207 204 219 223 215 208 192 189 179 180 170 181 174 172 167 180 176 148 133 106 59 74 82 83 86 86 80 79 83 92 97 101 104 106 106 103 101 98 97 90 89 89 88 85 82 87 78 89 92 82 82 82 82 81 82 77 73 77 78 79 88 91 95 98 87 52 45 43 43 45 44 46 41 34 40 52 46 26 28 33 28 30 26 34 43 40 45 43 57 66 69 82 128 181 200 207 209 
60 63 94 198 207 218 225 223 212 194 187 184 186 179 192 184 168 162 166 168 158 135 119 85 75 77 81 84 85 82 87 95 99 101 111 110 108 106 107 100 98 94 91 88 88 91 90 92 89 88 85 89 84 83 82 82 80 78 75 72 70 75 85 89 94 96 85 65 46 42 46 45 44 43 39 33 30 36 48 39 29 39 43 39 30 25 33 35 39 44 47 52 56 67 74 102 157 190 193 188 
90 79 77 180 208 215 227 222 207 194 196 189 189 178 181 185 173 170 155 163 146 140 120 100 79 72 76 80 87 87 96 100 104 105 111 114 114 110 108 101 96 93 89 89 88 93 93 94 95 91 83 87 87 83 83 81 80 78 78 74 73 78 84 86 92 97 89 60 43 45 40 37 28 33 37 31 32 31 35 28 31 40 37 28 26 28 31 42 51 45 49 61 65 74 74 79 101 137 159 171 
91 78 72 153 204 214 230 224 218 207 205 197 194 179 176 184 166 169 166 152 145 138 120 97 85 78 81 84 89 95 99 107 107 108 116 113 112 109 105 100 96 92 91 91 94 94 94 94 91 93 90 84 88 83 84 79 78 78 74 74 75 80 88 93 92 91 82 63 47 46 49 43 35 31 26 25 24 24 32 40 39 34 34 31 29 29 39 49 57 46 46 57 65 74 71 76 80 92 110 128 
118 89 73 133 188 204 231 226 217 206 209 195 190 195 191 176 175 173 178 161 151 133 118 104 95 91 91 94 97 103 104 107 109 111 115 114 106 103 98 96 96 96 95 95 97 99 99 98 91 93 93 87 84 83 83 81 76 75 78 78 77 84 87 94 90 91 77 57 49 47 51 49 34 21 21 25 21 25 31 38 26 25 27 33 39 42 45 55 54 58 59 62 73 80 84 89 88 86 97 120 
157 160 147 144 185 203 224 222 214 208 207 196 193 191 189 172 165 165 171 157 150 127 114 106 102 100 97 96 98 109 118 121 125 123 126 123 128 133 133 131 136 139 135 117 100 97 96 96 91 91 93 90 81 81 81 83 78 71 75 78 77 87 82 92 82 68 58 48 46 42 42 44 30 21 22 20 21 34 29 25 20 18 21 35 46 47 47 53 61 73 78 75 74 84 92 98 101 97 100 105 
158 164 168 172 182 197 212 208 192 156 135 112 117 134 178 173 155 161 156 142 137 121 105 97 98 99 102 107 131 167 197 191 181 155 143 140 143 155 141 143 145 136 137 139 140 126 101 94 88 90 91 91 89 79 80 78 76 76 75 77 78 89 88 90 86 62 46 46 49 40 34 34 22 11 15 20 23 28 18 19 18 18 24 32 47 53 56 61 72 83 87 85 80 84 97 109 109 110 109 94 
138 155 175 182 183 190 192 169 130 95 83 77 69 60 68 115 153 156 134 118 128 113 99 99 105 114 160 194 202 192 151 121 105 96 97 112 133 143 150 144 135 134 147 152 147 154 142 100 86 84 86 87 89 82 77 79 77 77 80 79 81 91 93 93 90 71 47 50 51 50 39 29 19 14 12 17 14 13 15 22 21 34 37 44 53 54 54 61 72 83 88 86 86 89 91 98 100 101 101 93 
171 180 187 182 173 185 196 166 111 106 111 114 121 110 91 72 89 138 147 118 113 119 153 172 180 200 209 190 157 113 78 69 77 84 105 113 122 132 134 123 118 111 140 154 150 138 126 122 103 81 81 82 82 80 78 79 79 77 86 83 86 91 90 89 81 60 49 51 52 49 41 22 15 13 9 16 12 10 16 25 27 38 44 52 58 64 63 63 68 80 93 94 95 94 90 84 81 82 80 62 
174 171 170 168 169 181 201 164 107 110 129 126 124 118 120 119 136 139 166 168 183 201 202 203 201 178 145 108 82 58 52 74 102 107 92 95 87 79 82 89 81 94 113 118 129 128 117 106 103 95 79 78 82 86 77 75 77 75 86 83 86 89 85 77 67 56 44 55 49 47 41 22 12 9 5 13 13 8 15 24 32 41 52 54 59 70 74 69 74 82 89 89 93 94 87 83 76 63 53 50 
161 161 174 173 175 177 187 166 110 95 112 145 164 153 139 145 169 181 182 190 193 175 166 152 126 99 75 61 48 47 55 67 105 87 72 78 68 57 62 58 70 82 79 101 115 118 116 94 81 94 88 78 79 85 81 78 72 77 86 89 86 89 82 73 58 51 47 48 49 42 32 27 14 11 19 18 9 8 15 24 30 39 50 53 59 72 75 74 80 82 90 81 85 88 82 67 56 52 47 39 
163 156 164 164 171 171 173 160 124 78 89 125 140 139 145 144 149 154 158 141 118 102 103 91 86 70 43 44 44 56 62 79 78 77 85 85 71 74 73 71 74 81 90 86 89 120 131 119 80 75 91 82 78 87 80 78 75 76 90 90 89 88 75 60 53 52 48 48 42 35 30 17 9 11 14 26 17 16 18 25 21 25 43 54 64 67 67 71 76 85 83 82 62 67 61 59 48 40 30 24 
169 164 160 165 165 168 165 160 147 100 74 99 95 89 90 89 85 85 88 72 65 66 71 60 50 45 44 48 49 52 66 82 78 90 93 87 81 105 90 74 80 82 82 75 89 90 95 82 68 67 85 91 86 85 93 82 78 82 90 88 84 80 69 51 45 52 46 39 26 27 21 11 11 9 8 15 23 24 24 27 32 34 42 48 61 69 66 66 75 75 69 73 51 38 44 32 37 42 32 27 
175 170 166 176 174 176 171 163 159 142 120 93 67 58 57 55 56 59 54 47 52 52 52 53 51 45 42 53 64 64 65 58 67 86 104 96 92 108 96 88 76 78 72 73 79 84 88 92 73 67 84 106 110 95 99 103 99 91 92 86 83 68 49 46 49 53 41 26 18 19 11 9 12 9 10 16 19 24 28 33 41 47 58 57 55 60 70 68 60 63 58 47 44 24 27 19 22 24 26 24 
171 171 173 182 178 176 167 174 183 177 178 160 94 63 60 57 55 54 49 47 45 44 47 43 42 53 61 63 71 61 56 66 88 102 112 114 101 104 105 98 101 93 72 67 69 69 87 82 70 60 92 140 135 133 105 108 115 107 103 81 76 57 46 50 53 51 38 23 18 18 11 7 10 11 15 22 24 23 33 40 47 56 62 65 63 60 62 70 55 46 45 33 26 24 19 17 9 16 18 20 
174 173 175 177 183 183 175 183 192 175 185 201 134 92 73 71 69 58 62 63 52 60 63 51 46 56 54 52 59 60 56 61 80 92 107 115 103 102 98 100 99 92 84 76 69 81 90 88 68 60 107 153 132 128 125 117 111 103 96 74 60 52 49 52 53 41 26 15 15 19 9 7 10 18 20 21 28 23 28 43 51 56 61 64 66 58 58 56 50 28 32 28 14 11 13 11 12 10 17 20 
167 177 188 176 173 182 174 171 155 146 160 199 174 139 111 91 79 82 70 93 95 86 90 78 73 72 72 71 59 58 50 64 83 85 111 111 95 104 111 102 98 96 89 88 76 88 98 78 68 73 139 149 136 113 110 105 94 84 72 55 54 52 51 53 45 22 14 7 7 8 9 9 18 23 31 29 27 19 25 39 47 55 59 69 66 57 52 41 28 16 20 18 15 8 7 8 18 18 20 20 
165 173 182 170 164 162 160 157 169 176 176 190 201 174 160 131 97 112 117 127 125 113 106 102 81 69 61 77 54 54 64 83 88 95 86 88 87 92 94 100 109 103 100 94 80 83 89 85 73 84 144 147 112 108 103 93 81 76 59 50 55 55 52 44 28 9 9 6 4 4 6 19 30 27 28 31 22 24 25 45 59 59 60 66 61 43 33 21 9 7 7 11 7 12 11 11 19 27 26 28 
173 156 162 166 168 180 182 180 186 188 183 185 205 195 178 164 132 137 148 155 152 128 112 91 71 61 67 56 44 58 72 80 79 91 94 107 105 99 94 84 104 109 121 100 93 80 83 74 69 83 115 133 116 92 99 83 69 61 56 56 53 52 48 34 14 8 5 5 5 8 14 19 23 25 22 29 33 36 38 50 65 65 61 58 50 30 15 11 8 3 4 6 8 10 15 21 26 34 39 41 
139 157 174 175 165 171 176 174 176 172 173 173 202 201 190 183 160 156 172 155 153 140 110 93 75 62 64 60 63 66 72 87 103 105 101 115 109 95 99 100 99 108 94 83 69 77 77 70 77 110 107 120 103 87 82 68 60 56 53 57 53 51 42 29 10 4 9 8 5 7 13 12 14 18 20 29 44 47 51 64 61 65 60 40 34 21 9 5 5 4 5 8 10 11 23 27 34 38 45 51 
167 171 170 172 163 165 168 173 167 164 165 166 191 199 182 184 176 164 175 153 133 125 106 86 72 87 94 94 90 83 95 103 107 110 106 101 97 80 78 96 97 104 83 66 62 68 60 62 78 89 105 103 102 84 64 55 58 59 58 58 54 55 41 19 15 7 5 7 8 7 11 15 16 21 27 38 44 55 62 73 60 52 58 38 20 15 6 5 4 5 8 14 12 17 25 32 35 40 46 52 
162 160 167 162 163 159 160 165 156 155 159 159 173 194 171 175 171 157 155 148 125 107 93 78 72 106 109 88 90 92 90 90 92 78 70 74 78 102 99 112 99 100 86 80 85 79 60 65 64 63 66 76 76 71 59 58 58 58 61 62 60 46 31 13 8 9 6 5 9 10 14 18 23 24 29 45 51 58 69 70 49 36 38 39 20 9 7 6 10 12 14 18 17 19 31 39 40 43 49 58 
149 143 156 157 150 150 152 154 142 144 151 142 156 193 175 160 157 145 146 160 121 113 104 92 96 118 121 119 97 100 90 83 79 79 82 87 98 112 124 115 121 106 88 72 83 79 63 71 62 67 69 71 66 66 58 59 60 64 64 66 63 42 20 17 6 6 4 5 6 9 13 22 29 24 27 46 62 58 66 59 52 27 24 20 15 15 11 10 13 22 25 25 21 20 29 34 49 57 61 61 
133 129 139 137 129 130 135 137 134 135 127 126 131 180 181 161 161 143 137 159 147 126 132 116 110 104 102 94 90 96 78 72 91 94 102 99 101 104 109 103 103 98 95 72 72 66 71 67 60 67 69 70 67 66 64 65 63 68 68 65 57 37 24 15 11 8 8 7 9 8 11 17 25 25 30 46 68 61 53 48 45 35 21 17 17 16 18 18 17 20 23 28 29 28 36 41 43 59 68 67 
129 125 130 116 115 113 117 110 117 125 117 118 116 161 180 167 167 156 131 149 134 132 125 124 124 119 111 102 97 95 88 78 100 89 100 86 96 98 104 97 86 88 79 72 79 69 74 66 67 72 72 71 69 68 71 71 69 67 67 59 46 30 20 19 11 10 10 7 7 10 8 11 21 22 37 47 63 58 46 45 35 27 17 18 21 24 23 20 24 27 25 31 32 30 38 50 48 53 67 74 
120 114 119 110 107 108 104 94 95 93 102 98 92 116 179 176 166 157 140 170 145 133 127 126 125 107 104 100 89 87 86 88 86 95 104 97 94 97 99 92 77 64 69 81 72 75 70 71 71 75 76 73 74 73 75 74 72 66 55 50 37 32 23 26 18 11 11 11 12 10 4 9 18 25 37 46 50 48 45 40 29 16 14 21 24 22 19 23 25 27 29 27 32 34 39 51 57 62 70 79 
122 94 102 114 106 91 82 84 77 78 79 76 73 79 146 185 175 161 149 167 161 146 113 137 134 126 117 121 106 100 84 88 89 95 95 102 108 96 85 81 58 55 73 71 74 67 60 71 75 71 78 74 76 74 76 74 68 56 49 44 38 30 24 22 18 12 13 7 9 6 3 9 19 28 35 41 42 45 39 38 28 18 16 20 24 24 24 22 28 33 31 32 29 34 43 54 58 70 76 78 
107 84 98 95 84 76 77 77 71 69 70 70 70 73 94 171 178 162 157 153 166 161 120 141 151 133 134 125 122 121 103 99 98 94 94 102 106 104 82 52 58 72 66 73 67 48 46 58 72 63 69 75 78 76 72 70 60 46 44 44 40 31 26 21 21 10 9 10 5 7 4 10 15 29 38 38 39 41 36 27 27 25 17 22 24 21 29 28 30 34 39 43 33 32 39 58 61 68 78 83 
71 67 69 68 65 64 64 65 63 63 67 68 67 67 72 120 166 166 151 135 147 156 149 131 155 137 124 121 112 102 103 96 103 102 99 100 88 75 48 50 71 76 90 81 50 33 28 40 55 46 46 69 75 67 60 62 52 42 43 39 34 23 24 20 18 12 8 6 5 4 5 11 22 32 38 37 38 39 36 22 25 25 22 23 22 27 29 37 32 32 39 42 36 36 49 60 68 74 78 80 
62 60 57 59 60 62 61 60 61 62 63 63 64 66 67 76 115 151 152 152 141 151 144 139 151 147 129 112 106 97 106 111 105 109 112 105 84 66 56 70 72 78 111 75 51 31 25 33 40 33 24 44 58 53 49 55 53 44 43 39 25 18 14 13 11 15 8 5 3 3 9 17 26 32 40 37 29 34 27 24 25 24 20 26 21 23 27 34 40 36 39 48 45 47 58 63 71 74 78 80 
59 58 58 58 59 59 62 62 62 63 60 62 62 61 62 62 69 97 155 158 155 156 146 120 117 120 121 123 118 99 107 112 113 107 101 90 74 69 76 88 107 96 140 82 51 32 28 33 34 33 26 27 32 26 43 60 58 47 45 36 18 11 7 8 5 7 11 3 2 4 14 18 27 30 38 34 27 27 26 28 21 27 22 29 28 27 28 36 37 42 42 45 50 58 69 74 75 76 80 82 
56 55 56 54 55 59 59 57 65 62 63 64 64 63 63 66 65 70 108 139 138 142 153 143 117 108 127 101 98 105 120 125 124 121 101 95 97 95 95 111 92 70 151 106 55 34 30 34 36 36 35 36 29 20 29 63 71 49 47 38 27 12 4 5 5 3 10 2 3 6 13 19 25 25 30 25 24 22 26 28 25 27 29 32 37 38 38 41 50 44 48 55 51 58 71 75 78 78 80 79 
56 57 57 56 58 60 60 58 59 58 57 60 61 62 61 62 65 65 71 85 98 105 125 129 127 105 136 121 107 138 143 151 156 141 129 115 102 104 105 76 61 61 147 133 61 40 29 34 35 36 36 39 37 29 25 63 71 45 38 33 30 21 5 3 4 4 9 5 5 7 14 20 25 23 21 23 24 26 26 29 30 33 40 37 42 45 51 49 50 48 53 61 61 70 72 75 80 77 78 76 
59 59 60 60 61 60 58 61 61 59 60 56 58 59 60 60 61 61 62 66 67 68 73 93 109 115 127 140 132 140 146 158 167 143 121 112 99 92 66 55 59 57 124 157 71 41 33 35 32 33 35 35 38 34 29 50 49 33 27 26 23 19 10 6 3 2 5 5 5 6 12 19 26 23 24 26 31 34 30 36 37 42 46 54 50 55 59 61 59 56 63 68 67 69 74 79 81 81 77 76 
67 65 65 63 63 63 62 62 61 58 59 58 59 61 61 63 60 64 64 62 62 62 63 62 75 123 136 147 142 146 163 166 153 115 100 119 104 65 50 53 53 58 82 170 101 43 31 32 38 36 36 36 37 33 26 35 28 24 17 20 18 15 15 13 8 4 3 8 7 8 11 19 29 26 29 34 38 43 45 46 46 48 54 57 60 67 61 62 61 62 71 73 73 77 78 80 78 80 77 73 
63 66 66 65 67 66 68 68 66 66 64 61 60 60 60 59 61 61 64 61 63 63 65 62 61 96 146 135 137 153 174 159 113 93 88 94 65 50 51 51 50 55 63 156 120 49 32 34 40 39 40 42 43 32 27 27 21 22 18 19 20 19 18 19 15 13 7 7 9 7 13 26 30 34 45 43 44 50 55 53 53 54 56 56 58 66 66 59 65 69 75 77 74 79 80 81 81 76 77 72 
62 62 63 64 67 70 70 71 71 73 73 73 71 68 67 67 68 67 68 65 65 66 64 65 65 69 129 143 158 173 172 162 102 96 94 80 57 54 53 53 53 53 60 102 152 77 34 35 41 45 46 49 43 27 36 27 21 20 17 21 24 25 23 24 20 20 17 13 14 8 13 23 32 38 56 51 57 63 62 62 63 60 62 60 58 64 65 62 60 63 74 75 74 77 75 77 78 74 74 74 
50 54 55 56 57 60 60 60 62 64 66 67 70 72 74 73 74 74 73 70 66 64 63 63 62 64 78 109 140 173 164 130 99 97 85 65 57 56 52 51 50 53 60 62 155 99 39 41 43 49 53 52 36 20 31 27 25 32 30 28 27 26 23 22 21 19 19 20 20 17 17 17 17 22 46 52 63 70 70 68 70 71 70 67 64 67 67 67 65 64 68 74 70 73 75 73 74 72 71 71 
47 46 49 50 51 54 53 53 54 57 57 55 58 59 60 68 71 67 67 72 74 77 73 69 69 67 68 74 95 145 153 116 96 83 75 65 59 56 53 54 49 55 56 60 97 132 58 53 54 54 54 45 31 15 29 29 32 35 31 30 29 28 26 24 24 22 22 23 23 21 22 23 22 17 14 19 35 52 58 67 72 74 72 72 72 71 70 70 69 69 65 69 68 68 71 71 69 68 68 69 
45 45 46 47 47 46 47 48 51 55 52 50 59 63 66 70 73 72 72 76 77 74 77 80 78 78 77 77 78 99 109 95 77 75 66 67 66 60 57 55 53 56 60 59 67 111 72 61 60 54 51 50 34 18 30 31 37 34 32 32 30 31 29 29 27 26 27 27 29 27 27 25 28 25 19 14 11 14 15 25 29 41 56 61 67 70 72 72 72 72 69 67 67 67 66 65 68 67 64 67 
44 45 47 46 45 47 48 42 49 61 64 66 64 62 59 55 57 61 61 61 61 62 65 65 64 67 71 74 73 80 86 82 78 81 79 77 71 72 66 58 57 61 60 60 65 69 68 66 62 60 62 56 32 25 31 36 40 37 35 37 38 36 34 33 34 32 32 32 33 31 31 29 29 32 33 26 18 13 8 7 6 9 10 14 26 42 52 63 71 71 69 70 71 68 67 64 66 67 66 66 
43 44 43 44 46 46 53 54 67 64 56 53 49 52 50 52 52 51 53 53 54 52 51 53 54 53 55 54 61 63 63 69 81 100 102 84 72 73 70 65 61 66 62 59 63 69 69 69 71 70 66 53 28 33 34 40 40 40 39 42 44 44 39 39 42 40 43 41 41 41 40 45 62 78 88 96 65 18 12 10 6 4 4 3 5 11 19 25 50 62 66 68 69 70 70 69 68 69 71 69 
46 50 49 43 54 58 69 63 55 46 47 48 48 49 48 48 49 50 50 51 51 51 51 53 52 52 54 59 69 89 126 160 187 205 216 197 169 140 118 92 78 67 62 61 66 71 72 76 70 58 56 49 30 39 43 44 48 48 50 49 48 52 57 70 80 94 112 125 119 136 153 174 186 194 194 193 179 85 17 11 10 8 2 2 2 3 6 8 16 32 49 61 59 65 66 65 68 66 67 69 
48 60 62 61 63 60 51 53 53 50 48 50 48 48 47 50 51 53 53 53 50 51 55 56 63 81 120 150 175 186 201 208 206 207 217 210 192 201 211 192 182 147 103 95 94 88 83 78 84 83 69 38 46 59 79 87 102 115 129 123 145 160 186 197 194 201 210 213 201 201 203 192 193 200 187 184 182 180 78 15 10 8 7 4 2 2 3 3 5 9 13 25 39 48 51 54 57 61 61 61 
59 66 60 58 52 49 49 52 52 50 48 48 50 51 49 53 53 54 55 54 57 76 90 119 153 178 175 181 187 188 201 210 205 207 213 209 191 199 210 196 196 206 194 200 201 189 185 184 184 189 171 128 142 164 191 198 207 211 208 189 203 205 209 208 201 206 205 211 207 200 204 201 191 189 183 183 188 189 174 79 18 11 8 8 6 4 3 3 3 4 4 7 19 25 34 42 47 49 50 48 
61 54 53 54 51 52 53 56 55 53 51 51 54 55 54 55 56 64 77 95 117 195 162 138 170 182 172 179 188 188 200 208 202 207 216 210 192 201 208 194 194 208 200 201 206 212 206 205 206 212 209 209 200 195 197 199 207 211 207 189 204 208 204 204 197 194 197 214 207 200 195 191 186 182 179 190 186 194 193 175 111 39 22 12 11 10 6 6 6 4 3 3 9 10 22 24 29 33 34 39 
56 54 54 55 55 56 57 54 56 59 57 57 63 68 79 100 105 114 116 117 136 181 130 128 176 187 172 176 183 189 199 207 199 203 214 212 195 201 210 200 192 208 198 194 202 208 211 207 208 207 213 211 206 195 198 206 212 207 206 191 206 208 210 208 200 193 194 206 206 202 197 192 194 183 188 191 185 198 191 192 186 170 141 75 26 12 10 8 8 7 6 6 5 5 8 13 15 20 24 27 
57 54 55 57 58 60 62 63 68 80 89 99 112 125 123 133 124 123 118 124 144 175 115 109 181 183 169 174 185 187 198 208 201 203 215 212 192 203 212 200 185 197 198 197 207 212 210 203 209 204 214 211 207 199 199 202 214 207 202 190 206 205 211 207 204 197 200 206 200 194 197 193 195 189 195 193 190 191 200 192 185 198 211 192 147 64 21 13 10 9 8 8 7 7 7 5 7 11 11 17 
