185 179 184 184 180 205 212 195 203 180 180 194 172 151 181 179 204 193 165 173 169 170 180 170 179 172 186 174 160 166 153 178 153 141 189 168 173 150 156 173 156 178 173 168 174 158 170 175 187 181 191 202 173 162 181 198 157 159 139 162 159 150 166 175 139 157 164 169 167 154 162 146 155 148 157 175 188 131 141 141 143 139 135 121 136 144 157 154 126 128 135 143 145 149 151 145 156 149 145 178 
191 184 198 199 191 184 194 186 174 205 191 194 185 165 185 201 185 168 153 168 148 170 158 163 173 177 167 181 166 147 148 150 155 148 175 186 161 145 176 167 171 187 171 185 178 166 168 174 166 160 173 194 190 182 160 171 168 152 160 171 155 168 155 162 167 181 165 167 153 146 145 153 159 116 151 143 165 165 149 154 156 147 127 154 133 139 149 145 138 148 146 145 148 151 143 138 151 161 159 159 
191 203 209 205 193 171 164 178 160 168 188 172 171 166 173 189 183 164 172 187 171 175 177 160 187 176 183 186 168 162 173 170 163 169 192 165 164 152 167 174 197 196 170 171 175 169 180 187 190 169 157 167 195 186 159 162 163 148 162 180 160 172 152 144 129 152 147 127 160 145 143 142 149 148 156 161 159 179 144 157 144 148 141 151 141 149 140 138 145 154 172 151 135 139 136 144 144 149 167 146 
188 198 220 211 200 196 185 198 182 178 196 197 203 177 179 202 164 174 164 168 171 160 160 197 196 192 169 181 175 183 164 187 159 165 179 169 175 167 176 170 185 199 165 175 185 170 156 154 148 168 147 163 153 152 144 177 177 188 166 144 155 148 162 134 120 134 140 151 163 157 140 157 172 183 164 181 168 143 133 155 162 138 140 141 139 161 129 121 122 152 145 154 141 134 142 148 182 170 143 132 
176 186 216 184 177 186 203 223 177 175 196 163 167 179 191 223 170 183 144 167 163 179 162 195 187 186 176 167 169 185 175 170 186 169 155 182 188 175 167 173 175 189 200 185 163 180 187 175 180 171 151 169 162 156 183 160 159 174 181 170 166 147 129 140 112 146 161 185 150 154 167 164 199 220 153 209 216 139 126 131 135 140 142 140 157 146 129 163 130 153 157 140 158 148 139 151 168 171 167 158 
177 192 199 191 188 174 169 174 186 185 197 151 162 191 186 209 162 169 152 166 160 178 158 176 189 194 191 186 179 172 166 169 179 197 161 174 191 173 167 175 159 209 183 179 171 177 180 176 178 167 161 191 173 186 173 179 169 198 169 148 152 154 153 156 151 145 160 187 176 173 187 166 181 151 154 166 196 172 162 146 142 121 136 153 147 158 152 145 140 156 154 154 157 159 138 155 152 176 167 147 
158 178 196 193 192 140 159 185 197 186 174 165 155 187 191 155 159 175 164 136 168 166 157 182 169 167 167 197 179 171 180 183 193 178 175 172 191 178 174 164 148 178 178 178 180 151 148 176 168 155 163 183 191 209 180 174 184 176 141 135 171 186 186 226 190 168 172 164 150 150 153 168 163 151 158 159 151 147 143 158 165 149 146 131 140 151 142 137 153 168 139 144 154 132 147 142 134 150 175 156 
161 178 177 172 164 128 171 187 176 171 137 158 158 185 162 160 139 157 170 162 183 183 177 147 155 163 166 172 188 189 160 184 195 191 189 191 172 180 200 183 181 182 158 161 158 159 168 163 174 149 177 184 164 152 156 165 157 181 183 167 153 160 172 184 180 172 177 156 149 144 154 150 153 135 151 161 126 125 133 153 168 143 147 150 157 163 149 148 153 141 150 131 177 164 170 160 141 183 202 131 
159 183 178 190 160 158 183 181 187 178 174 171 179 185 189 180 160 152 173 173 198 200 192 175 172 185 169 172 176 158 159 168 155 195 199 188 215 184 178 171 178 192 155 173 177 183 173 162 190 155 173 171 192 217 202 199 158 170 158 145 149 131 186 169 176 200 158 157 146 148 139 139 117 154 142 158 159 137 156 136 132 159 144 143 152 148 142 150 165 143 150 159 154 158 187 176 163 189 139 151 
180 198 186 190 176 175 169 176 200 199 181 159 197 203 182 174 161 154 152 135 181 182 172 140 134 124 118 115 115 115 107 108 106 118 114 125 153 146 160 150 138 158 151 168 175 159 161 191 145 155 172 177 182 208 147 142 106 94 85 96 121 117 111 122 135 127 141 116 122 117 125 131 122 128 131 136 125 123 127 122 140 159 147 143 134 145 138 145 143 148 148 148 150 135 162 181 165 156 165 149 
185 197 188 156 178 199 175 188 171 189 190 175 168 199 199 185 161 154 169 148 138 128 126 126 119 118 108 109 105 102 96 94 91 89 87 80 77 86 98 102 105 106 107 107 108 117 123 139 129 144 134 116 103 89 83 87 84 82 89 101 108 90 69 82 97 93 90 94 98 96 97 100 118 127 108 98 99 102 103 110 120 128 141 142 137 142 139 153 162 146 153 149 153 176 151 152 162 167 167 145 
178 188 203 166 162 199 182 178 180 155 163 155 174 170 158 142 186 164 150 134 128 123 119 114 108 100 98 93 88 88 88 89 84 86 80 71 71 70 70 76 87 97 100 100 97 100 94 95 94 111 125 127 118 119 122 123 110 106 94 79 79 83 77 81 87 80 72 77 85 86 85 86 86 87 80 85 84 66 69 95 136 124 148 148 138 143 151 135 162 154 154 134 145 140 143 150 156 157 144 141 
242 232 209 175 179 209 197 182 201 165 140 141 129 126 125 121 128 142 142 131 125 114 105 96 93 94 89 88 87 83 78 78 82 83 79 75 78 73 73 79 88 97 96 93 93 97 86 92 97 100 110 114 110 107 108 97 77 68 63 58 68 70 84 82 73 72 67 69 73 74 76 72 71 70 66 63 101 157 216 217 236 151 139 146 146 131 144 159 172 152 159 159 165 149 167 159 158 187 166 139 
241 244 242 234 198 183 181 194 186 147 129 126 128 131 115 105 124 134 130 127 126 114 104 99 98 104 97 96 91 91 85 85 82 80 78 77 76 70 74 72 84 88 88 91 85 86 91 93 93 96 96 96 95 90 88 68 45 42 46 44 48 54 78 117 99 92 85 87 51 53 57 64 68 64 70 81 96 195 248 245 251 183 141 134 151 147 149 139 143 156 164 160 154 168 174 164 142 159 147 147 
236 242 243 243 244 229 208 195 150 138 135 142 139 131 121 119 123 127 123 122 119 109 108 109 108 102 102 103 97 97 97 94 89 89 80 73 70 68 71 77 82 83 86 88 78 83 86 86 84 85 82 80 78 76 64 41 33 38 70 106 124 140 143 145 138 138 156 128 102 88 88 93 71 50 68 154 245 237 216 191 209 134 124 150 132 133 139 141 148 167 169 138 149 171 154 130 148 147 147 147 
226 238 242 242 242 245 246 232 177 141 145 148 138 135 131 125 123 118 118 114 110 105 107 104 104 101 100 96 93 93 94 92 86 83 79 75 69 73 79 77 82 84 91 87 78 82 82 78 77 73 70 70 70 62 43 44 83 115 142 140 152 129 144 143 145 151 179 153 129 134 115 115 147 104 110 230 246 244 228 228 138 94 138 129 139 140 150 151 132 146 147 169 157 165 148 147 136 162 135 136 
216 235 235 243 244 248 248 246 244 221 175 147 140 130 119 111 110 106 111 107 108 102 99 97 98 99 96 91 86 88 85 83 83 80 73 77 78 78 79 83 89 90 90 80 73 78 81 77 73 71 68 64 58 57 111 140 127 124 131 151 130 141 150 155 155 158 162 137 113 121 134 135 118 121 109 153 139 114 107 104 93 116 131 155 128 145 156 155 123 122 142 149 153 157 149 137 154 156 160 155 
217 222 234 241 242 244 246 247 246 244 241 210 150 116 110 104 104 105 99 95 92 91 92 94 93 86 82 79 76 78 78 79 75 73 71 75 73 76 82 83 95 91 87 77 71 70 74 75 69 62 63 61 109 159 149 124 146 142 132 137 125 121 145 133 128 125 144 119 125 126 136 121 133 127 129 138 113 103 113 125 123 128 149 149 151 164 163 142 160 144 129 138 143 177 145 145 146 143 148 148 
222 211 227 234 238 239 243 246 245 248 246 243 242 206 137 102 98 92 87 79 81 83 89 84 78 79 73 67 66 67 68 69 66 65 66 70 68 75 78 79 81 79 74 66 64 67 67 65 65 62 79 111 152 131 148 148 153 136 128 135 143 122 130 118 148 134 121 158 122 102 123 126 121 129 139 135 141 116 114 127 136 141 147 131 152 157 160 136 137 147 136 135 135 151 160 152 137 172 158 151 
223 206 213 223 228 233 238 241 244 246 248 246 248 248 244 206 132 84 67 59 65 75 84 78 79 70 67 65 64 58 59 62 58 60 67 67 70 72 65 67 61 57 57 57 52 58 71 87 145 137 162 155 142 155 142 152 125 133 136 145 134 112 144 126 126 143 190 140 116 116 157 154 156 154 155 138 131 128 130 132 132 144 151 145 146 194 145 156 153 171 164 135 142 140 142 148 147 172 128 147 
195 182 201 214 221 227 231 238 239 242 247 247 249 249 247 245 244 204 107 57 65 66 72 74 69 66 64 61 61 57 57 54 52 54 54 59 59 59 55 46 37 30 38 62 84 130 150 152 144 152 154 154 123 151 134 155 141 142 126 145 139 115 126 150 127 144 134 114 161 115 121 144 145 150 122 148 135 137 157 134 148 156 149 143 126 164 151 135 137 145 114 136 148 157 127 141 151 127 134 140 
181 172 190 202 210 217 224 229 234 241 244 247 248 250 250 247 246 242 242 188 87 52 55 59 63 64 60 62 63 57 57 58 54 53 57 54 53 52 54 50 50 57 87 113 89 66 72 116 148 157 158 139 144 157 161 139 118 130 149 125 139 143 145 147 124 124 116 108 119 114 119 160 154 170 126 135 145 136 156 149 152 140 163 135 144 150 171 154 136 147 120 140 151 142 140 139 133 130 126 124 
165 170 185 192 199 206 214 220 225 233 238 244 247 250 252 251 248 243 243 248 241 160 55 51 55 58 57 63 62 57 57 53 50 46 44 46 45 50 64 72 62 68 100 85 66 52 62 57 55 91 130 143 172 166 158 153 139 143 143 130 169 178 163 128 124 121 124 120 138 132 134 139 137 147 135 136 143 147 140 171 157 139 121 120 173 180 154 171 156 133 142 146 144 117 128 140 156 156 138 137 
153 168 173 177 183 186 191 197 205 214 224 233 240 245 250 250 247 246 247 251 249 247 220 106 53 55 57 56 54 53 49 48 43 36 29 32 53 79 95 65 54 76 81 60 42 43 52 37 48 47 63 95 128 225 183 165 143 131 138 133 142 143 145 151 124 124 127 117 115 136 144 143 147 146 145 154 151 128 151 148 134 127 188 166 204 176 159 167 128 137 145 136 153 130 116 122 162 153 145 152 
155 163 166 167 168 170 173 177 185 196 207 218 224 232 238 242 243 245 249 251 250 247 247 247 177 69 53 50 51 43 41 40 37 37 32 40 55 73 71 58 76 68 52 42 41 49 45 30 39 53 60 65 69 106 152 186 143 129 133 127 172 162 128 129 129 130 123 120 154 147 148 132 148 152 165 164 161 167 185 221 219 185 133 131 146 160 193 188 158 154 128 129 150 140 132 125 145 166 146 134 
155 156 159 164 168 170 173 173 167 168 174 188 199 213 222 230 238 241 244 246 250 250 251 251 245 225 106 45 44 43 54 62 59 47 37 45 49 52 51 52 47 45 43 50 71 123 162 147 100 54 46 53 59 62 72 114 228 162 126 129 188 156 119 117 135 141 133 117 127 130 177 135 136 153 128 147 130 144 163 209 212 202 113 128 179 154 172 162 159 128 123 127 112 148 144 140 134 138 143 162 
192 173 166 166 172 176 180 181 179 176 168 159 164 180 193 205 214 220 230 236 241 247 247 250 248 251 245 158 71 62 62 72 73 47 37 38 43 39 38 32 36 44 50 82 159 163 163 158 166 148 77 42 51 60 73 146 246 247 186 130 126 133 105 111 127 116 120 116 115 148 136 141 125 128 133 141 161 162 124 178 191 200 124 150 149 163 152 135 147 119 141 133 135 156 138 131 121 145 137 130 
193 200 206 171 152 150 160 166 169 172 173 168 163 154 151 155 171 183 200 214 226 235 237 243 250 253 253 250 213 106 68 76 104 80 43 36 34 27 22 24 29 38 51 169 185 161 173 162 187 146 142 100 50 69 159 248 251 253 236 125 128 132 88 116 128 120 128 131 121 131 142 124 127 118 145 150 158 140 148 120 155 150 145 123 117 134 168 154 140 121 124 126 140 139 132 146 156 150 150 140 
187 203 188 171 140 100 82 72 82 91 98 110 115 116 123 131 141 143 156 173 190 208 222 240 245 253 254 252 249 239 139 76 111 127 81 53 31 24 21 23 24 31 72 183 183 157 152 163 173 148 145 139 95 136 245 248 230 212 155 97 116 108 99 114 132 120 111 130 130 125 122 150 138 137 147 142 150 163 144 143 150 154 134 126 120 130 144 130 187 134 150 143 148 137 140 149 149 149 162 146 
177 204 181 167 144 99 77 60 56 60 64 66 71 72 65 56 52 69 90 116 143 169 193 212 245 253 255 255 255 252 245 189 117 128 136 99 58 34 25 19 20 31 116 176 204 175 168 173 157 154 166 146 108 146 226 250 250 194 145 90 108 102 113 121 127 129 121 113 115 129 113 133 143 154 181 145 153 153 142 140 147 140 141 140 120 125 114 123 145 113 126 142 134 127 139 149 137 146 158 152 
194 170 173 165 145 101 83 68 67 74 77 74 79 80 82 78 70 66 64 58 53 65 82 210 250 253 254 255 255 251 250 245 225 157 138 154 141 90 37 25 20 47 110 117 129 125 129 133 131 137 132 124 96 159 236 217 224 158 159 88 114 107 111 118 118 121 115 122 118 133 126 147 143 135 158 152 135 142 134 134 152 134 121 131 136 149 133 124 134 126 118 142 134 137 137 136 153 139 152 153 
201 176 168 159 142 107 89 74 72 78 81 82 86 85 86 84 82 80 79 79 75 69 44 142 248 253 254 254 255 253 249 246 242 238 175 110 174 203 158 50 24 74 115 125 130 137 142 146 152 157 156 157 147 112 112 182 172 105 123 71 97 102 110 121 118 120 111 104 125 107 121 133 147 173 145 135 135 155 148 129 131 129 134 136 125 128 131 139 131 129 132 150 130 132 132 148 167 155 155 157 
194 188 192 157 132 106 88 78 76 78 80 84 85 87 84 88 87 86 85 82 88 85 74 94 215 248 253 252 253 252 241 237 240 241 243 210 174 227 232 148 42 96 121 135 148 157 165 166 161 161 161 157 140 117 100 115 126 184 140 158 172 187 181 161 140 127 103 107 108 129 135 122 136 145 162 132 134 134 147 127 129 129 127 129 122 136 139 144 131 141 138 150 144 144 136 137 163 138 149 152 
166 169 168 150 133 103 91 78 75 73 77 84 87 88 84 94 92 92 91 88 92 99 101 101 115 215 239 252 254 253 238 215 220 234 242 245 225 225 243 191 93 114 127 139 144 143 142 141 134 138 134 127 128 140 148 134 181 187 167 184 180 190 191 193 183 159 139 117 113 115 121 120 128 166 130 135 134 157 147 125 118 129 132 133 130 137 161 141 142 136 155 158 145 190 195 131 132 147 149 148 
156 154 152 142 130 125 99 80 73 71 76 82 87 89 86 93 95 94 96 95 102 102 99 96 94 106 167 232 251 252 250 201 210 234 247 249 245 235 218 213 127 115 121 121 123 120 123 124 122 122 130 137 144 159 142 172 188 188 175 178 170 182 185 178 187 176 139 125 127 104 136 122 126 129 139 124 125 156 138 132 127 122 136 141 142 146 120 143 133 135 133 151 161 158 118 127 142 140 140 151 
148 148 143 125 121 127 105 81 67 67 73 79 85 87 91 94 98 99 99 101 102 98 98 103 110 109 104 116 218 250 253 238 158 183 229 250 252 248 232 182 148 125 120 118 116 117 117 113 119 136 131 142 150 146 169 183 182 201 176 166 162 169 169 176 171 168 149 118 133 82 110 128 113 135 126 135 142 153 140 155 148 129 131 138 125 136 131 150 137 147 137 184 141 140 151 134 132 143 127 136 
141 139 132 116 102 118 103 85 74 72 78 80 85 91 94 96 95 97 102 105 104 101 105 108 110 105 104 108 125 236 250 249 206 91 119 188 244 251 246 232 154 120 117 117 113 105 107 131 133 124 134 147 119 149 171 181 189 189 165 163 155 152 163 164 159 147 147 125 124 86 104 112 120 134 125 110 127 143 129 136 134 133 130 146 137 125 134 147 150 149 152 134 137 144 154 151 137 150 161 135 
134 136 128 109 80 107 101 84 75 81 84 83 88 89 90 96 99 101 106 102 99 102 108 106 105 106 107 112 113 165 243 248 250 160 109 111 147 228 251 248 232 146 112 105 104 117 128 119 123 136 143 101 120 137 162 168 164 172 153 161 148 143 155 153 147 135 126 114 113 89 102 116 117 119 128 113 128 128 123 140 128 126 135 129 126 136 135 142 149 141 181 161 161 150 154 133 146 130 148 148 
127 130 125 111 86 91 101 82 73 76 88 88 91 88 93 93 94 95 99 99 102 104 104 103 105 107 109 109 104 109 178 245 251 217 107 102 98 110 162 215 243 236 151 115 123 123 115 127 134 137 107 121 142 144 151 159 166 155 133 142 142 134 140 152 142 119 102 98 100 84 95 111 123 134 123 126 115 122 129 144 116 113 134 146 142 134 149 132 143 143 138 136 136 148 153 157 134 147 132 163 
127 126 123 113 94 75 96 79 71 79 84 86 90 84 86 83 87 99 98 101 103 103 105 103 101 103 104 105 99 102 108 141 191 136 97 102 102 94 99 108 158 212 234 170 113 114 122 130 131 115 116 134 134 131 143 165 151 137 122 126 130 129 137 135 128 115 88 90 85 94 97 129 123 122 120 116 125 154 154 146 133 133 136 150 139 131 130 140 143 150 141 154 140 141 159 144 148 146 162 148 
123 124 123 115 100 85 83 83 73 80 81 83 86 83 83 83 90 99 99 104 107 102 105 101 99 102 103 106 103 102 103 101 98 96 107 109 114 103 96 93 88 100 143 176 127 93 120 119 114 127 124 121 131 134 150 158 161 121 108 114 119 120 116 112 107 99 91 83 71 96 101 132 112 128 119 153 138 131 150 145 132 133 124 154 125 151 138 143 135 137 148 152 152 150 148 155 147 150 149 157 
124 123 122 113 107 90 83 95 75 72 80 80 82 80 87 82 89 95 99 103 107 99 100 100 101 103 102 101 100 99 99 98 99 105 107 111 107 111 102 96 88 82 76 77 91 92 84 96 119 125 120 130 119 135 159 138 159 95 91 97 99 97 95 93 93 90 86 68 95 108 102 114 105 111 125 129 134 139 138 178 133 129 125 135 143 121 136 138 149 142 150 175 163 148 143 153 150 147 156 153 
118 120 121 111 107 94 86 87 84 68 71 74 81 80 84 82 87 90 97 96 97 96 96 101 103 103 101 103 102 102 98 99 102 105 108 108 106 110 104 107 97 86 78 69 66 69 83 76 93 121 125 123 110 125 115 106 78 63 54 56 65 72 75 85 73 69 90 90 99 100 105 104 115 116 126 132 126 146 121 154 140 133 128 166 161 128 145 144 147 145 156 153 149 150 147 140 160 169 153 162 
113 116 120 107 105 100 92 83 88 70 71 74 76 75 78 82 85 88 90 92 94 98 97 99 101 100 104 100 99 102 99 104 106 111 113 111 116 116 115 118 118 107 93 82 75 66 66 78 78 81 106 114 118 100 81 68 68 65 63 70 66 75 64 77 106 96 95 102 103 102 111 111 122 125 133 133 137 125 125 175 126 129 117 147 135 126 144 148 137 139 148 142 151 149 156 143 149 149 144 157 
108 113 111 109 105 102 98 94 89 81 66 69 73 74 77 83 83 85 89 91 93 94 93 96 95 96 99 101 99 101 99 103 107 112 116 115 117 115 111 114 110 107 106 100 92 78 70 66 69 76 78 93 99 103 89 79 92 88 78 75 72 83 84 91 91 102 103 99 113 121 107 117 122 121 126 123 126 123 145 133 132 122 118 120 121 137 131 138 132 139 144 145 142 143 150 155 179 166 145 154 
106 105 103 103 103 99 98 98 94 91 67 61 65 69 72 77 78 78 83 88 89 93 94 94 91 97 98 101 100 100 102 107 109 113 116 113 108 109 106 102 101 104 102 102 98 91 76 63 64 66 69 70 82 106 114 80 92 93 102 82 84 88 110 103 106 108 113 96 106 102 104 137 114 116 122 131 139 128 140 133 135 128 129 128 126 135 138 153 141 155 141 139 145 190 146 134 152 147 166 160 
96 100 103 102 101 100 94 94 91 90 84 60 64 65 68 72 76 79 83 90 89 92 94 92 94 95 96 102 100 103 102 104 107 107 111 113 110 109 109 106 107 104 103 100 95 93 80 68 67 70 68 68 75 81 101 102 87 96 115 113 111 100 123 85 119 89 98 116 113 104 110 160 123 127 117 113 147 134 144 126 124 122 132 129 130 132 118 134 137 134 138 127 138 153 118 144 148 153 147 147 
110 95 97 93 95 92 95 90 92 94 88 72 56 56 63 65 74 79 86 87 86 86 90 92 93 93 96 99 99 100 102 107 109 114 114 118 118 114 118 117 118 112 107 103 91 82 77 74 71 77 88 90 94 91 83 89 105 111 111 111 117 90 116 100 105 101 100 108 137 169 115 123 111 130 119 120 109 129 145 114 143 131 120 120 119 135 110 124 129 132 133 133 131 167 133 140 154 160 155 150 
206 106 81 81 86 89 93 92 93 95 97 90 67 53 59 63 76 81 85 89 86 86 90 88 88 90 94 97 97 98 101 110 113 119 120 118 122 124 125 125 125 127 124 121 112 105 101 98 96 95 86 83 85 83 87 87 82 72 87 78 71 77 100 113 105 107 109 109 121 133 101 104 106 103 106 132 146 130 129 135 127 121 133 128 125 115 111 127 127 126 132 126 149 158 142 160 137 158 149 132 
213 204 98 74 63 89 91 100 107 126 143 132 106 66 62 69 71 78 81 83 84 85 85 84 85 90 93 95 95 102 106 112 117 121 120 120 119 120 120 118 115 116 116 116 112 115 116 118 118 120 117 113 109 97 94 102 105 106 104 98 93 91 79 86 102 117 120 116 107 104 100 94 97 101 102 109 113 117 131 123 120 117 121 136 122 117 120 123 122 133 126 128 123 128 120 138 141 144 161 151 
213 202 97 62 107 139 141 157 166 159 168 149 156 93 69 70 68 76 79 77 79 82 85 88 87 88 91 97 98 101 106 114 117 119 114 113 112 114 115 114 117 119 115 112 112 105 102 97 100 103 109 115 117 116 114 113 117 119 111 107 105 107 116 121 122 108 99 99 105 106 108 101 97 97 105 108 106 107 108 101 102 107 105 110 107 109 118 117 110 116 126 128 128 142 154 138 117 144 154 174 
205 129 61 112 142 140 129 135 130 136 135 152 157 160 88 74 68 69 70 76 75 79 82 85 88 90 92 98 99 100 107 112 111 108 109 108 107 108 111 112 115 110 114 115 112 110 106 104 104 100 101 105 106 110 114 116 115 118 119 119 114 107 108 112 114 119 109 95 88 89 91 93 84 88 91 95 97 91 92 90 79 87 95 99 104 102 95 96 103 109 108 116 115 121 140 145 153 167 153 144 
202 192 150 180 170 187 156 180 168 167 129 108 112 138 131 81 65 65 67 66 67 78 80 84 90 93 95 99 103 106 109 109 109 106 107 106 105 108 108 110 107 109 104 104 103 102 101 109 109 106 107 108 111 109 111 107 107 106 102 101 105 105 110 105 103 106 105 107 103 94 86 79 71 76 84 86 74 71 76 73 71 79 89 90 91 93 87 86 89 97 102 110 103 119 147 159 157 154 147 141 
187 178 172 171 176 180 154 159 176 158 141 131 154 173 161 142 66 55 58 61 70 75 81 83 90 95 97 100 104 105 108 109 106 109 106 106 104 107 110 110 104 110 114 108 100 98 94 96 99 104 109 112 116 113 109 108 112 110 104 101 98 97 95 100 109 106 100 99 103 99 80 61 67 74 73 71 61 62 60 67 64 66 73 69 77 75 74 78 91 100 78 58 92 147 132 156 150 149 166 183 
163 187 165 170 208 207 186 155 169 170 156 154 166 171 171 163 88 59 58 60 65 76 88 92 90 90 94 96 98 101 101 105 103 107 106 104 103 104 103 105 111 121 107 86 95 94 85 80 81 85 99 106 107 106 103 101 99 99 103 107 106 100 97 101 108 108 95 88 97 98 80 48 51 68 57 57 52 55 52 52 58 59 62 60 62 62 65 79 87 101 108 103 125 150 160 138 143 167 154 131 
185 176 173 167 177 167 162 171 172 179 153 161 166 159 157 149 139 68 58 60 69 70 68 75 88 92 91 97 95 95 96 98 104 109 111 110 106 104 106 119 112 97 80 60 87 90 83 78 72 69 82 90 99 102 96 100 99 91 88 83 91 99 100 103 96 90 85 81 80 80 64 58 77 84 90 80 83 86 100 87 92 89 67 63 57 59 63 80 85 83 85 144 234 201 143 137 147 146 156 156 
186 172 179 174 168 174 172 174 175 184 156 162 163 166 164 165 147 91 64 70 75 75 72 74 76 81 86 88 97 109 111 116 112 116 130 138 136 136 126 113 92 79 55 56 86 90 86 72 61 67 77 84 94 95 106 107 100 91 79 71 78 90 97 89 83 75 76 75 69 89 108 104 95 123 108 120 98 109 106 131 115 130 125 108 96 66 65 80 87 86 107 243 251 223 130 124 140 152 146 164 
196 197 189 172 164 175 172 163 112 127 152 194 194 153 159 154 140 123 91 72 75 70 67 67 69 74 88 105 109 98 95 96 79 74 101 112 102 111 115 107 91 68 84 122 112 103 84 66 65 73 67 74 81 87 87 87 98 96 81 72 78 82 79 77 73 72 70 63 67 121 121 114 116 118 101 106 103 100 97 136 114 125 104 117 104 99 73 73 87 95 163 246 241 233 136 141 141 136 142 155 
219 190 167 172 157 167 174 163 121 95 140 147 153 160 161 157 153 164 138 84 81 75 68 63 69 94 115 109 99 88 79 78 79 80 76 86 92 91 109 100 86 65 72 78 85 113 121 113 104 81 82 107 76 79 83 90 92 90 80 72 74 77 77 74 74 70 56 44 96 145 129 97 109 87 102 107 107 111 118 110 110 125 113 115 105 108 99 141 191 158 198 251 249 223 145 137 133 145 138 145 
221 196 181 210 189 171 170 167 151 149 166 155 161 178 149 163 143 193 138 111 93 89 82 76 91 116 105 98 93 85 81 92 102 99 95 94 92 115 111 96 80 87 73 57 67 85 111 106 109 116 136 151 109 84 84 82 81 85 76 68 70 70 74 72 68 53 37 44 70 85 111 117 122 101 110 116 106 118 116 130 141 142 91 105 110 130 98 137 93 94 102 171 191 178 141 139 142 172 163 131 
143 182 186 189 185 195 175 171 170 162 167 187 193 178 162 148 144 163 155 125 133 99 98 96 114 109 95 84 91 104 111 109 99 99 103 95 108 110 102 95 80 112 136 72 84 91 120 104 98 102 100 98 119 184 144 79 74 78 76 68 59 60 68 67 56 40 46 85 66 50 52 70 97 150 138 124 110 128 174 129 129 104 84 118 124 118 109 103 93 96 112 112 117 118 150 160 147 150 155 141 
97 128 146 147 192 174 158 164 171 161 180 204 174 172 154 119 149 159 153 118 146 125 141 126 118 94 88 87 101 113 105 105 101 101 107 113 107 105 101 86 83 136 146 78 79 86 99 102 77 73 94 90 86 100 133 158 90 67 62 59 52 48 59 57 48 36 83 132 110 118 96 51 57 88 128 147 120 113 133 111 94 103 109 108 124 119 110 122 93 122 105 115 122 134 143 136 133 147 148 142 
89 94 175 158 160 144 142 137 140 139 146 143 132 130 122 116 129 139 142 125 137 135 146 148 125 87 83 97 110 104 103 102 107 106 120 111 104 106 94 78 94 123 130 78 75 100 115 113 111 84 71 102 114 97 85 126 153 76 47 46 41 44 58 82 111 81 116 104 108 115 123 121 66 66 99 81 92 91 91 96 92 97 109 103 114 122 128 117 123 121 113 134 128 131 147 128 144 166 141 148 
94 87 167 185 197 214 160 155 180 183 176 168 161 177 183 153 157 151 139 149 135 144 157 170 106 95 93 104 104 100 101 108 110 124 119 108 104 106 94 77 81 96 111 99 101 99 97 99 111 110 106 98 87 78 97 107 126 131 59 43 41 48 67 153 113 67 60 44 66 96 121 102 71 60 76 92 102 116 111 99 100 95 112 119 133 120 123 153 121 128 119 117 152 146 146 145 159 147 152 146 
86 97 113 129 147 163 133 134 164 204 159 174 176 199 173 163 164 140 144 162 148 144 160 145 96 88 94 103 101 104 106 111 113 126 115 113 111 104 92 95 85 88 84 65 48 32 32 58 96 86 77 69 64 65 70 83 80 92 103 54 46 52 92 196 109 40 41 43 39 41 46 56 62 51 70 94 79 75 101 109 101 105 107 120 118 122 120 128 118 118 125 121 129 117 135 158 133 139 145 153 
87 91 99 94 95 95 92 93 92 98 117 127 152 168 137 165 157 196 155 161 159 158 163 137 94 87 92 100 102 107 107 114 118 131 120 119 110 96 94 105 93 89 82 66 28 15 28 69 88 71 66 69 74 73 62 63 45 44 65 73 60 90 198 227 93 34 35 38 40 43 38 42 41 29 71 90 82 74 79 94 119 116 127 131 127 126 123 125 134 131 144 126 126 129 125 165 129 129 141 137 
95 100 99 106 96 95 92 88 81 82 82 88 92 100 108 117 122 123 123 130 146 145 144 138 110 95 91 98 105 108 111 113 120 126 125 119 112 107 107 113 100 99 101 86 77 94 75 83 88 60 62 71 76 80 93 99 48 36 33 78 82 128 220 185 55 43 35 33 34 34 33 38 39 34 68 86 82 84 86 89 113 116 130 113 103 133 139 137 137 124 120 148 132 133 119 135 138 144 139 140 
104 102 103 103 110 100 96 92 88 87 85 86 87 85 92 93 101 119 121 114 115 131 136 138 130 106 93 94 105 111 114 115 115 111 121 118 117 113 112 117 105 105 113 119 142 115 103 91 51 56 77 95 101 110 116 108 91 41 26 53 159 184 202 78 34 39 34 35 38 38 44 47 42 45 77 91 71 72 86 85 108 130 145 147 144 125 125 136 144 117 148 161 129 118 144 122 136 135 133 140 
107 109 108 106 111 116 98 98 94 95 91 90 91 92 91 91 94 98 100 104 111 116 120 122 118 120 106 100 109 107 112 109 102 100 98 103 115 118 117 117 108 105 112 122 127 113 116 87 64 63 73 105 120 108 114 111 93 79 36 41 106 191 149 90 91 78 74 74 98 89 84 70 70 75 88 91 51 55 83 91 106 130 131 125 136 124 130 135 128 122 148 121 130 137 143 139 137 150 140 138 
119 110 111 114 111 116 116 104 103 95 92 91 92 97 89 94 97 101 104 103 100 104 113 109 109 111 109 103 109 114 110 104 102 97 102 114 117 120 117 109 102 97 103 106 109 114 115 104 98 80 66 75 97 104 100 104 103 100 86 57 135 191 131 132 140 130 125 116 123 115 128 96 89 96 88 77 67 61 85 121 162 116 112 114 121 122 139 137 133 150 126 117 137 152 134 137 135 138 134 128 
221 142 119 122 120 119 123 112 108 105 101 97 95 92 96 95 99 100 101 110 105 99 104 104 109 121 108 104 104 109 107 103 97 101 115 118 121 120 116 104 102 96 94 100 105 109 107 114 111 108 93 88 90 101 99 100 100 100 103 98 97 160 127 120 113 135 141 115 121 114 109 93 91 110 81 60 66 94 141 121 110 112 130 127 115 135 140 153 138 132 141 126 142 137 130 139 122 152 136 137 
225 215 130 131 124 121 120 123 109 111 108 103 97 100 106 99 101 101 101 111 110 109 121 112 114 127 118 107 100 97 100 100 101 110 119 123 121 120 113 103 98 99 98 99 101 103 104 108 103 104 106 104 95 97 102 101 95 93 97 103 103 117 103 110 105 118 122 106 104 102 99 100 102 113 87 69 87 184 124 81 126 129 115 128 133 129 132 153 127 144 153 142 149 138 130 129 139 134 135 151 
228 235 168 134 128 132 126 127 117 116 115 109 104 99 105 100 98 101 105 113 118 118 135 121 117 132 125 114 98 93 96 97 110 116 123 122 125 121 115 105 102 103 100 97 100 111 97 99 95 100 99 103 107 94 94 101 86 84 93 97 103 105 103 73 82 93 111 115 153 148 116 104 108 134 131 124 137 157 107 113 121 172 108 120 119 125 126 126 125 139 136 145 129 136 141 143 163 169 142 142 
234 239 199 139 135 135 131 134 128 120 127 122 114 109 107 101 97 101 105 107 112 113 134 127 124 137 130 121 100 91 98 106 119 120 128 128 125 115 112 110 107 101 100 99 99 96 109 95 96 97 96 104 107 97 86 103 94 90 85 91 100 106 106 96 111 121 127 119 148 155 131 110 129 118 114 114 113 116 196 181 97 134 123 120 122 134 142 128 139 134 143 143 119 132 143 136 145 176 137 133 
234 240 200 140 139 138 140 137 140 126 133 126 122 114 109 111 106 104 110 111 109 118 138 136 132 137 141 129 100 88 102 117 125 126 129 125 125 121 116 116 110 104 102 97 98 99 106 99 97 97 104 110 111 105 96 123 101 92 89 89 94 108 110 103 90 108 120 136 140 142 130 146 116 105 113 125 120 117 229 181 104 118 116 148 135 121 127 138 130 137 148 130 133 161 139 129 132 137 123 133 
235 235 198 186 167 158 148 152 151 135 143 144 134 128 123 125 124 123 127 129 118 126 147 140 137 142 145 135 102 96 110 126 130 127 127 122 125 126 118 114 111 108 105 103 100 96 97 99 94 105 110 111 105 103 101 104 94 96 86 82 89 107 105 103 98 89 107 124 133 122 122 135 123 113 116 118 118 106 170 177 157 114 116 148 126 129 132 125 131 135 139 139 145 146 134 130 137 129 125 131 
236 213 193 209 219 215 212 209 205 195 187 181 168 152 141 137 137 134 139 143 134 143 158 146 140 142 148 141 117 114 127 129 130 119 118 123 125 124 120 116 115 112 107 99 94 91 97 95 100 107 108 105 99 99 95 95 106 93 85 64 63 101 103 101 88 101 107 120 136 155 153 130 122 95 140 121 105 135 124 159 199 132 139 153 167 131 135 122 112 139 141 130 133 145 140 135 143 128 137 135 
230 204 195 212 224 230 227 225 228 225 220 222 219 218 207 192 184 175 173 178 146 146 156 146 141 148 150 142 132 124 138 133 128 116 115 117 117 123 124 121 117 114 105 100 90 86 94 90 94 100 99 94 92 87 70 70 93 95 90 68 56 93 105 106 96 99 103 99 100 115 163 179 147 123 127 103 113 124 123 113 141 149 144 139 152 119 126 123 135 155 148 139 139 147 135 136 139 137 127 150 
204 202 211 225 235 237 239 243 244 241 240 242 240 238 238 240 239 237 238 237 231 225 219 215 209 206 205 204 198 132 141 134 122 106 104 106 114 118 125 123 121 116 102 95 87 81 86 74 78 76 76 67 57 62 36 61 79 112 104 70 70 102 103 107 103 103 104 102 99 101 103 124 155 164 147 132 123 123 136 123 151 159 128 143 154 121 113 130 134 137 143 149 145 139 132 128 126 139 126 140 
206 207 221 234 242 242 244 248 248 247 248 248 249 251 252 251 248 250 250 251 250 247 246 243 242 240 238 233 226 174 139 131 123 108 100 100 108 113 118 122 119 119 109 102 78 68 64 62 63 60 54 46 49 48 42 46 78 130 115 79 104 133 126 108 106 105 107 108 108 97 89 88 109 133 149 167 141 104 121 130 134 150 130 196 167 110 122 134 134 134 138 146 145 138 138 134 135 118 160 152 
228 217 229 231 244 247 247 245 246 249 248 249 249 249 250 251 251 248 251 253 252 250 248 247 245 245 241 236 215 140 133 133 122 120 114 113 118 115 117 117 115 110 102 89 71 62 62 61 52 47 50 46 50 51 37 30 53 92 127 106 100 117 100 100 98 107 115 107 109 106 92 94 91 106 187 174 165 144 142 115 117 131 126 157 120 140 144 127 142 144 148 145 155 160 144 112 134 158 152 166 
235 220 231 226 244 244 243 244 246 247 247 248 248 248 251 251 248 250 249 251 251 249 246 244 241 239 239 227 168 120 123 135 124 125 125 123 121 117 114 117 108 94 95 83 67 62 66 57 53 49 50 46 43 42 33 26 40 44 55 70 85 99 94 94 106 110 115 114 112 108 110 107 89 98 128 210 159 164 162 131 136 134 135 130 114 168 189 134 142 147 152 153 150 191 135 155 136 163 126 141 
232 221 231 234 240 239 240 242 242 242 243 245 244 245 245 246 248 250 248 248 248 242 241 238 236 235 227 212 151 134 124 136 133 125 121 121 123 120 119 121 109 98 90 80 70 59 58 55 51 48 46 49 53 55 47 43 44 44 53 75 90 101 100 101 103 108 106 109 110 109 114 110 103 101 106 165 172 147 149 137 143 118 132 130 122 132 134 141 134 155 158 148 139 144 126 123 133 152 173 118 
230 223 231 234 238 238 240 241 239 243 241 244 241 243 241 243 243 242 242 241 240 236 236 234 230 230 228 216 145 134 122 136 132 126 118 122 123 122 117 116 119 111 100 89 79 71 67 56 49 46 47 51 56 65 72 68 67 73 86 82 89 95 100 101 106 110 112 112 112 104 91 96 94 107 121 159 156 144 150 147 139 122 136 149 133 144 148 146 139 141 150 115 138 158 176 133 122 146 149 143 
221 222 231 228 236 236 236 236 237 237 238 238 240 237 237 237 237 238 237 235 232 228 229 228 230 230 227 219 162 130 121 120 136 130 122 118 120 120 114 111 113 116 106 98 83 79 72 59 48 45 53 60 56 62 66 77 82 85 83 88 92 92 92 92 103 112 117 115 118 106 92 105 124 124 131 182 215 150 167 126 137 130 125 127 135 141 138 135 148 148 153 131 167 150 124 125 128 136 150 159 
218 223 230 228 232 228 229 230 230 230 229 230 229 229 231 230 228 229 229 228 226 225 228 228 224 217 207 192 161 132 124 111 140 128 125 120 117 114 112 111 108 113 110 100 91 89 79 70 65 55 50 49 52 62 72 78 83 84 90 94 98 98 102 102 118 118 128 130 130 109 107 118 139 144 133 142 164 168 143 116 132 126 129 130 132 140 134 148 143 136 134 152 161 126 145 132 147 119 140 175 
223 226 222 219 222 221 223 225 224 221 219 220 219 219 219 219 217 219 210 191 175 181 182 174 149 157 161 169 148 148 124 115 133 136 126 119 113 112 112 108 110 108 108 108 101 95 88 78 61 42 28 25 35 38 54 67 74 84 92 98 102 101 135 142 152 142 154 160 146 146 138 156 176 172 153 150 133 121 146 122 122 141 139 136 141 140 140 132 161 128 138 152 141 150 157 133 126 122 161 132 
220 225 207 209 210 214 213 212 211 206 199 192 185 176 156 144 136 123 138 114 133 145 142 149 140 137 142 158 141 151 120 115 124 139 133 125 123 117 114 112 111 109 109 106 106 104 96 79 59 37 28 24 23 22 30 45 61 84 103 110 110 104 107 116 145 177 191 213 208 194 212 212 199 185 162 152 131 98 180 145 135 154 137 138 143 146 147 146 129 130 148 169 149 129 109 138 154 131 134 121 
210 192 185 186 182 190 179 173 163 148 141 159 130 130 141 118 123 128 127 132 156 145 167 153 141 141 148 146 152 155 122 111 110 114 128 130 127 124 114 109 114 116 114 119 109 111 102 93 72 47 42 36 29 42 68 80 79 86 106 112 116 115 114 110 114 138 161 185 196 197 200 193 185 179 162 145 113 105 215 209 146 153 139 138 142 123 137 136 145 136 146 169 139 129 153 120 138 133 137 133 
171 166 175 180 174 184 184 176 160 145 149 151 122 110 133 121 124 122 124 127 125 142 149 122 145 151 145 157 187 168 141 132 128 145 139 134 131 129 123 117 108 110 113 117 111 117 114 109 98 73 64 43 60 78 92 85 85 88 108 114 114 120 122 116 113 119 130 141 150 165 206 194 178 168 158 133 96 137 227 227 192 136 136 160 139 141 135 134 156 153 144 153 132 142 180 141 115 131 141 133 
187 192 188 184 179 188 193 177 169 159 146 133 132 97 109 137 131 128 135 135 134 105 142 131 142 144 143 152 179 172 166 144 154 142 146 148 137 118 128 122 116 111 109 103 98 101 107 114 107 98 87 78 83 82 77 71 88 99 113 120 118 109 113 121 118 121 128 125 124 147 185 193 186 183 148 112 86 199 238 235 211 138 127 130 126 130 124 151 137 141 144 140 148 175 167 155 122 130 135 134 
195 185 187 191 191 199 189 184 164 169 165 141 128 117 123 113 126 121 141 133 153 127 125 124 136 146 143 140 168 179 173 148 160 131 129 118 180 131 126 133 122 141 139 132 126 114 106 105 110 107 104 112 107 114 127 146 130 133 116 138 138 136 128 127 122 120 129 126 107 117 159 189 172 156 125 101 156 235 241 240 214 135 137 145 145 137 136 145 155 188 150 151 133 136 163 163 204 127 117 136 
192 180 181 188 195 183 189 178 165 170 174 152 135 124 136 131 128 129 132 142 128 137 143 134 154 132 137 153 187 160 169 145 132 139 147 129 188 114 130 147 134 159 151 155 140 143 143 145 134 132 137 141 144 127 169 154 135 138 127 131 152 142 151 119 133 133 137 126 146 146 162 151 143 134 113 110 210 229 216 229 189 141 140 128 127 144 148 127 149 170 160 133 151 129 139 161 228 159 129 125 
184 181 184 193 191 193 192 172 167 165 166 157 141 128 137 106 101 124 133 130 138 146 134 128 135 135 139 146 148 148 127 149 150 165 122 123 140 130 164 127 141 174 157 142 168 151 155 154 149 138 143 140 126 132 131 157 143 114 125 125 126 115 152 140 135 133 143 97 123 126 172 173 163 152 142 146 156 134 125 141 143 132 136 154 138 135 147 163 159 176 146 115 137 154 138 125 141 176 143 153 
190 189 189 186 196 195 190 183 163 163 159 169 145 142 129 112 96 121 129 145 134 119 119 130 133 144 139 165 131 153 134 129 135 152 132 119 143 135 140 146 151 155 162 146 149 144 148 151 135 175 208 125 133 136 136 153 117 119 154 141 134 133 130 170 132 147 177 147 137 108 128 140 163 147 156 146 166 139 126 132 154 137 138 146 149 138 122 142 143 173 152 138 129 142 122 149 154 131 139 173 
199 183 189 195 200 196 192 169 163 161 168 172 157 161 156 119 107 122 141 146 139 120 121 124 141 148 155 156 157 142 127 104 108 125 129 125 131 140 137 145 124 149 141 141 152 159 128 140 176 228 160 129 124 143 133 153 159 141 131 156 141 131 123 135 162 176 170 162 127 151 127 152 145 167 142 143 171 155 139 139 132 122 167 137 130 138 124 139 151 153 199 224 190 126 135 137 152 146 155 134 
185 192 189 198 200 197 184 181 169 163 176 179 158 162 153 135 130 114 128 114 132 142 127 122 153 155 159 134 157 140 137 155 103 113 122 122 124 113 144 128 141 132 146 144 134 138 127 131 126 136 132 131 134 122 127 134 139 136 156 134 135 135 111 118 123 149 163 191 168 146 132 149 148 155 159 144 163 173 136 140 127 139 160 133 149 128 135 149 170 165 155 170 166 159 158 148 144 142 163 116 
177 191 191 189 199 199 179 178 169 159 177 182 165 164 161 150 139 116 100 114 128 117 118 138 145 140 147 136 156 125 129 131 119 113 115 125 121 126 137 148 159 147 145 137 129 136 155 150 128 135 144 121 125 123 132 133 140 130 132 146 165 142 136 140 124 134 155 153 159 139 125 150 133 139 132 158 177 145 148 147 135 140 136 136 146 149 157 153 175 147 161 165 160 146 166 149 147 150 146 149 
173 175 192 194 198 192 176 176 173 162 173 172 169 168 164 158 138 121 105 141 131 122 116 137 155 145 121 116 151 146 166 133 116 118 116 115 137 158 150 145 157 130 138 150 131 135 147 136 144 165 123 126 124 137 135 134 135 132 136 123 146 134 144 140 136 176 143 134 139 126 130 122 143 173 123 116 141 167 153 153 141 136 137 145 143 157 184 160 156 159 158 133 131 141 139 135 137 157 150 135 
167 176 189 199 194 181 177 175 176 164 173 165 162 157 158 152 125 134 103 131 135 132 139 145 142 151 145 144 144 134 176 168 125 121 123 132 132 145 137 147 135 140 132 159 131 136 146 135 132 144 123 136 121 131 128 140 140 140 134 154 140 155 140 136 148 142 141 154 137 124 125 127 129 153 138 126 144 163 163 134 134 133 146 146 144 159 124 131 135 130 127 116 127 127 130 140 142 139 178 131 
