235 180 229 232 232 193 185 186 172 176 167 177 173 184 179 169 174 176 176 177 186 172 170 171 182 181 176 173 167 171 181 174 177 171 174 168 169 166 175 172 161 165 172 150 160 157 147 140 146 149 137 151 144 149 132 136 139 132 124 100 75 72 71 65 63 64 80 93 115 120 127 118 133 131 128 127 117 123 120 118 121 128 137 148 133 144 141 132 126 111 120 116 113 125 119 133 125 135 146 139 
236 179 228 232 232 191 181 181 182 176 172 180 181 180 179 173 175 174 173 172 175 183 180 171 184 175 176 174 172 171 180 176 180 169 179 165 171 163 175 166 164 165 155 154 152 150 148 138 155 148 147 144 149 138 125 129 140 140 138 115 88 79 75 69 70 77 95 100 110 112 134 116 114 117 120 127 125 129 122 132 132 115 130 141 136 140 128 122 119 114 120 115 124 127 119 119 125 135 140 134 
237 182 230 232 231 191 182 179 176 185 176 167 174 177 177 170 175 171 170 174 181 175 184 175 179 171 177 169 169 175 174 173 174 177 175 168 165 162 167 160 165 164 153 149 160 156 158 143 140 150 141 166 138 149 128 130 138 133 117 135 115 101 87 91 90 97 96 100 111 109 118 117 118 123 122 119 120 116 124 141 127 121 136 145 123 127 131 134 128 123 118 116 122 128 127 124 136 133 136 129 
237 182 229 231 232 189 177 178 184 183 176 173 176 180 174 177 177 178 173 176 178 182 175 176 175 172 175 169 165 175 170 175 171 173 165 168 164 166 161 164 168 164 168 162 158 149 164 148 143 157 142 140 154 142 137 133 135 142 128 131 132 123 105 110 104 111 107 106 110 109 112 117 122 122 134 115 120 114 126 129 124 119 116 137 127 122 120 138 162 122 120 125 118 123 125 131 140 143 140 153 
237 182 229 231 231 188 174 174 177 178 176 172 177 176 176 179 177 187 172 175 179 173 165 173 177 176 177 175 167 176 171 175 166 167 179 167 173 172 160 160 172 168 169 162 147 148 154 148 152 157 155 156 136 146 143 134 135 153 133 129 129 128 115 120 115 109 120 122 122 118 119 120 117 110 118 120 123 120 126 133 127 134 122 132 141 114 125 137 123 132 136 134 125 126 132 137 136 135 134 153 
236 182 229 232 231 188 174 179 178 181 176 182 181 178 175 168 183 169 171 181 177 174 171 174 172 174 166 169 174 178 176 174 177 155 174 167 168 166 169 159 157 165 173 157 146 146 149 145 151 148 132 156 150 159 152 139 134 142 153 143 134 118 112 123 119 112 120 127 109 122 125 113 115 123 119 118 122 133 136 129 141 133 130 127 131 122 132 133 135 138 139 130 124 127 130 138 137 130 138 146 
234 181 230 234 231 186 174 174 183 176 167 175 174 173 179 175 178 172 170 179 178 172 168 174 162 176 163 166 178 176 177 183 172 175 166 164 161 176 168 164 152 151 148 164 155 148 146 150 150 151 128 149 155 146 152 129 134 138 131 145 138 130 127 117 116 111 118 116 111 116 117 112 122 129 128 128 128 128 128 130 137 125 129 118 118 124 149 163 134 133 132 117 111 118 131 142 152 138 148 147 
238 181 229 234 231 189 175 174 175 181 175 169 174 167 167 186 182 178 175 179 185 178 172 174 181 177 168 179 178 175 177 166 181 174 165 164 178 165 170 154 155 152 155 159 147 147 150 163 139 155 142 142 145 159 138 130 133 125 128 133 130 133 128 125 119 113 113 122 114 119 122 121 123 133 124 135 133 126 139 110 140 130 123 119 124 126 138 140 135 124 140 123 115 145 154 141 134 144 137 134 
238 182 230 233 230 185 176 166 180 180 174 179 177 173 182 172 182 176 170 180 169 177 173 175 174 177 171 176 182 175 169 168 177 173 161 158 162 156 153 148 150 155 157 141 153 142 159 154 150 160 153 155 148 135 137 135 133 126 118 135 133 131 120 126 131 114 121 141 112 121 125 125 137 125 125 124 139 133 138 140 139 133 133 119 119 135 137 139 124 129 134 136 131 141 132 138 125 136 138 139 
238 183 230 231 230 183 177 167 165 175 176 176 180 172 179 181 176 173 174 176 171 174 166 162 179 179 170 179 186 176 173 175 173 179 163 171 160 152 156 150 163 156 151 130 141 158 166 151 159 152 148 147 139 131 132 135 130 124 137 130 147 127 117 128 139 121 122 124 109 121 124 125 137 132 113 125 126 130 122 144 123 123 113 129 125 132 137 134 119 131 135 137 141 140 126 148 133 120 144 140 
238 184 230 231 230 183 173 178 179 171 175 177 179 175 177 181 175 172 170 181 186 176 168 164 174 167 171 179 185 176 178 173 178 175 168 165 168 165 167 156 170 159 140 140 135 153 143 141 153 153 142 142 143 143 135 131 124 130 112 123 139 132 118 122 121 115 129 122 125 119 124 136 124 117 130 120 121 121 121 135 124 133 120 124 139 124 136 135 140 136 142 143 144 146 134 139 138 125 132 148 
237 182 229 231 229 163 164 174 175 176 171 170 183 177 166 181 181 172 155 171 175 171 176 182 183 167 179 174 182 175 179 167 173 168 171 162 176 165 157 162 161 150 147 164 146 146 129 147 142 151 149 146 151 134 142 117 131 139 126 139 133 122 128 122 125 126 115 125 128 118 131 131 136 131 120 118 128 144 119 132 136 134 129 115 136 129 132 135 133 137 149 140 126 138 130 128 122 130 137 140 
236 183 228 232 228 103 136 164 169 167 178 169 175 178 179 180 170 176 173 173 174 171 180 181 175 169 178 180 171 172 169 168 162 165 163 171 162 163 160 160 169 159 152 165 155 155 139 149 154 142 140 147 139 136 137 135 129 114 114 127 128 124 128 119 129 120 112 129 121 119 135 137 140 125 137 124 133 133 116 118 124 125 113 119 138 146 141 120 137 136 162 132 126 133 129 135 129 135 134 137 
236 181 227 232 226 104 87 125 154 157 179 163 170 180 183 162 173 177 180 177 169 176 172 166 171 165 170 176 168 171 171 163 170 167 157 155 156 169 161 157 170 160 151 162 162 148 145 158 153 137 151 148 142 119 128 124 121 120 125 129 124 130 124 125 124 111 140 126 114 110 138 134 126 125 125 108 97 126 126 122 122 125 118 123 133 124 129 132 145 130 139 130 140 123 121 122 128 122 132 133 
234 181 226 230 224 105 88 83 118 152 167 155 176 169 172 169 174 179 185 175 171 157 172 174 165 171 170 164 166 179 167 166 172 164 164 157 170 163 158 162 161 170 169 159 153 141 154 153 158 141 158 139 142 136 124 101 106 124 121 126 118 122 128 128 126 130 124 110 107 114 128 127 123 124 121 134 148 130 128 125 118 122 129 132 135 130 136 136 142 134 123 141 130 132 120 120 128 116 121 117 
236 181 226 230 224 105 87 84 84 115 149 167 174 179 168 174 164 176 183 177 174 161 160 176 165 169 170 166 171 171 164 172 173 156 168 174 171 170 154 166 157 163 155 160 159 148 137 153 147 143 135 144 136 129 91 74 81 103 122 121 126 128 138 136 129 130 125 118 118 132 165 130 115 119 114 124 154 132 118 127 122 125 127 134 136 138 137 150 137 141 126 131 133 134 127 121 137 110 87 71 
236 180 225 230 224 104 89 87 84 81 114 169 176 169 177 174 177 177 183 175 169 165 172 165 179 172 173 170 172 169 166 163 174 167 164 162 168 161 161 162 167 164 160 143 159 154 137 148 156 157 129 137 129 94 65 59 59 73 116 134 116 118 116 130 128 119 126 125 126 126 135 132 128 131 128 135 136 127 116 116 120 120 129 130 122 129 136 144 140 142 129 135 119 132 117 120 91 71 63 61 
236 183 227 231 224 107 91 89 84 83 81 120 161 175 181 170 166 176 178 182 170 172 174 167 170 166 161 169 169 153 167 159 172 170 170 146 159 144 152 156 161 161 154 145 153 164 156 150 146 159 135 147 113 66 56 57 55 60 87 111 120 118 111 113 119 122 133 116 127 139 123 132 143 122 142 130 131 118 120 121 138 139 125 134 128 125 136 126 120 133 126 123 123 121 112 103 68 63 59 59 
236 182 228 231 223 109 96 88 82 85 81 81 129 162 175 178 169 174 176 173 163 161 174 174 177 160 160 176 181 162 167 168 167 163 166 145 153 144 155 155 148 159 145 149 153 159 143 154 136 143 141 141 72 59 59 57 55 55 83 108 128 124 123 123 125 119 133 127 135 134 141 127 126 123 121 125 127 122 117 128 128 134 121 123 125 123 129 131 133 138 146 133 133 118 89 66 61 60 62 61 
237 183 227 231 223 112 97 92 87 84 83 80 81 112 154 168 169 168 176 177 165 158 171 159 164 161 163 164 173 145 140 146 145 147 144 128 104 79 74 74 95 163 147 159 149 152 143 150 143 140 131 79 59 56 57 57 55 55 72 90 118 122 120 123 132 121 126 125 128 132 135 134 118 117 119 120 136 114 123 129 130 119 142 127 125 114 123 117 121 112 108 99 82 67 61 60 59 60 61 59 
237 183 226 231 222 113 99 96 92 89 89 83 81 78 115 169 172 166 170 171 178 169 149 135 110 92 80 79 87 83 72 66 68 66 62 61 59 59 55 57 58 74 120 151 159 143 136 154 141 120 73 59 53 54 57 55 53 54 79 100 107 120 127 119 131 137 124 123 125 124 117 126 117 132 125 116 117 123 120 124 126 115 126 123 124 109 114 83 71 63 61 60 60 58 59 58 60 59 60 59 
237 183 227 232 221 111 102 101 96 92 89 88 86 81 80 113 158 163 159 172 151 110 72 69 63 61 59 59 59 60 58 55 55 55 54 54 54 54 54 55 56 56 56 111 141 130 117 95 72 61 55 53 52 54 56 55 53 56 78 107 122 107 120 119 127 112 114 134 134 132 128 118 113 115 122 125 106 109 111 112 110 86 82 78 76 69 63 58 59 57 57 57 58 58 59 59 59 59 62 59 
238 183 227 232 220 114 107 100 98 93 89 90 91 87 81 82 115 148 132 104 73 66 60 59 58 58 58 58 58 59 57 57 55 55 54 53 52 52 53 53 53 55 55 57 68 64 60 58 54 55 55 55 55 54 55 56 54 57 85 104 111 120 131 120 125 125 128 128 132 124 111 135 121 117 113 118 105 93 84 73 67 63 59 58 57 57 53 54 56 56 56 57 58 60 58 58 59 59 58 58 
237 184 225 230 220 122 112 109 104 96 95 92 92 89 85 81 84 98 76 69 65 61 58 58 56 57 68 56 57 59 55 56 54 53 52 52 52 52 53 52 53 53 54 52 54 56 55 56 52 53 55 55 54 56 56 56 57 64 93 99 106 113 131 112 119 121 118 128 127 106 112 123 113 116 103 98 83 69 63 60 59 59 57 57 56 54 54 55 55 56 57 57 57 57 58 59 57 58 59 59 
237 183 224 231 223 123 109 114 108 106 98 98 93 91 87 86 80 74 73 69 65 60 58 57 55 56 61 57 54 56 54 57 55 54 54 54 54 53 52 52 53 54 52 52 53 54 55 55 55 55 62 78 95 84 87 108 82 87 97 97 113 111 110 113 119 120 135 125 129 124 110 119 97 80 67 65 62 60 58 57 57 56 56 57 56 55 53 55 55 55 57 58 58 57 58 58 61 58 60 59 
239 184 224 231 221 131 118 120 116 113 104 101 96 93 95 89 85 80 73 68 62 58 57 57 56 55 54 54 55 55 56 57 56 54 54 54 55 54 54 53 53 54 56 55 54 55 53 56 71 98 125 122 127 112 117 108 96 97 106 107 117 99 117 116 120 130 126 120 117 120 106 90 70 62 58 58 56 55 55 56 56 56 56 57 57 56 55 56 56 57 58 59 59 58 57 58 71 67 67 65 
238 185 224 230 221 135 125 124 123 111 110 112 105 101 96 93 90 84 79 73 68 60 56 58 56 57 54 55 56 57 57 57 55 54 55 55 55 54 55 58 66 63 58 60 58 59 77 115 133 126 127 138 120 121 125 121 102 114 117 115 120 120 120 117 127 117 112 102 84 74 66 62 60 58 57 57 56 57 56 54 55 56 57 56 57 56 56 59 60 61 63 78 91 85 74 68 85 103 115 92 
237 185 222 230 220 139 130 134 132 121 118 118 111 110 103 98 90 84 84 76 74 65 59 57 55 54 55 56 57 58 58 60 59 58 58 58 57 58 58 66 78 72 69 83 74 92 120 149 136 122 131 152 129 132 121 121 113 115 117 117 118 112 115 127 127 110 74 63 60 58 58 57 56 54 54 57 56 57 57 57 56 57 59 59 57 58 61 74 96 95 111 108 113 108 100 101 109 118 119 116 
239 186 223 232 221 144 135 137 136 132 130 128 117 109 105 101 100 94 88 84 80 74 67 61 59 56 55 56 59 61 61 62 60 59 59 59 59 60 59 57 58 56 61 61 63 63 89 120 133 130 147 144 125 134 111 112 109 110 100 103 89 88 98 102 90 66 58 57 55 58 57 57 56 55 53 55 55 56 56 58 57 56 57 59 68 89 109 117 131 116 114 114 118 110 109 101 118 115 114 125 
238 186 223 231 222 148 138 135 135 137 136 128 122 116 114 106 105 101 94 89 86 80 75 69 64 61 60 60 63 64 64 62 61 60 58 56 55 54 55 55 53 55 54 54 53 53 59 67 96 103 128 135 120 136 118 107 83 64 60 57 58 57 60 60 57 58 58 55 55 56 56 55 53 52 53 53 54 55 55 55 58 58 71 99 113 125 115 133 127 126 118 121 120 106 110 106 97 114 120 127 
238 186 222 229 222 164 149 138 137 137 133 131 124 128 120 112 112 108 101 93 90 84 79 74 70 64 60 64 66 63 60 59 60 59 57 54 54 53 53 54 54 54 55 53 53 53 54 56 60 78 120 147 137 115 92 72 60 57 56 54 55 55 56 56 55 55 55 54 56 56 56 56 53 51 54 54 54 55 57 57 67 95 108 121 122 124 122 113 117 124 126 112 120 112 120 111 106 108 118 132 
239 187 222 231 225 187 161 154 145 138 134 130 131 135 131 126 119 109 110 105 99 94 88 81 78 73 66 64 62 59 58 58 58 57 55 53 54 56 56 56 56 54 52 53 53 53 53 54 55 58 76 84 66 61 55 54 55 52 55 56 55 55 53 53 54 54 53 53 54 55 55 55 54 53 54 54 54 54 60 81 113 115 118 116 133 122 119 111 117 133 117 114 114 111 110 108 113 120 134 138 
239 187 221 231 221 179 175 166 163 142 140 136 133 131 133 130 123 115 121 118 109 104 94 89 84 80 76 66 69 75 65 60 58 57 59 56 54 58 54 55 56 53 50 51 52 53 53 54 53 51 52 52 54 54 54 54 52 53 53 54 55 55 52 54 53 53 52 51 53 54 55 55 54 56 54 56 57 68 98 125 117 121 129 114 112 130 127 122 126 120 120 125 122 127 117 115 124 129 136 142 
239 187 219 231 223 179 176 173 156 102 112 131 138 129 132 129 125 124 131 130 125 115 104 98 89 80 78 75 78 96 87 73 67 69 70 68 67 67 60 59 54 52 52 54 53 53 55 57 53 52 51 52 52 52 53 52 52 52 53 54 55 55 52 54 53 52 52 51 52 54 56 56 55 54 57 62 79 115 101 117 121 118 120 108 118 133 120 123 128 127 120 119 121 126 130 138 143 129 132 132 
240 188 219 232 223 171 174 171 121 84 81 95 113 133 135 130 129 132 135 132 131 127 120 107 96 87 80 75 73 76 99 73 71 71 75 85 90 99 112 84 66 56 54 55 53 54 53 52 53 51 51 50 50 53 52 52 52 52 53 55 56 56 52 52 52 51 52 53 51 53 56 57 56 56 65 89 111 117 113 124 114 112 120 113 120 129 123 125 123 134 130 124 132 124 131 134 138 135 145 143 
240 190 218 233 222 183 181 179 117 83 76 78 75 91 126 132 130 128 133 137 134 134 127 120 109 100 86 84 80 80 80 79 76 72 75 83 93 92 96 107 78 68 57 55 54 53 54 54 54 53 51 52 50 50 52 52 52 51 53 52 53 52 53 53 54 53 52 51 52 52 54 58 61 79 101 109 105 115 126 133 115 114 119 118 131 135 125 136 118 126 130 135 117 128 134 135 143 138 141 137 
240 190 214 232 221 181 183 168 98 86 83 78 69 71 76 110 136 138 134 135 135 134 145 133 122 103 91 90 84 83 84 84 77 74 74 77 84 89 94 102 92 73 67 61 55 52 53 53 53 53 52 52 51 50 52 53 53 52 52 52 53 52 51 52 53 53 53 51 53 56 59 84 92 115 145 118 115 130 121 122 106 109 106 122 119 117 129 128 121 126 137 130 129 125 128 136 138 154 155 139 
243 191 213 234 222 179 181 169 105 90 84 76 69 71 69 70 84 122 142 138 138 140 145 143 127 109 105 101 88 88 86 85 84 82 81 77 80 89 95 96 104 72 73 68 61 55 53 53 53 53 53 52 51 51 51 51 51 52 51 53 54 52 50 51 53 53 53 53 55 58 98 111 120 119 131 128 113 122 118 120 94 101 109 126 130 135 132 127 129 114 126 137 146 140 146 134 140 134 150 140 
243 192 212 234 224 186 182 171 116 91 85 78 71 71 70 67 66 67 108 146 147 148 146 146 133 109 107 108 99 89 96 87 85 86 80 78 77 84 95 97 106 81 74 69 67 57 52 51 53 53 52 51 51 50 49 51 51 51 52 53 53 51 50 52 52 53 54 53 56 67 106 121 136 119 125 121 121 127 125 124 105 110 122 123 135 128 127 119 119 116 122 139 127 135 137 138 143 138 143 132 
245 193 214 234 225 183 183 182 124 94 84 78 74 71 70 66 65 64 65 83 138 150 159 159 149 136 121 118 124 97 94 89 91 88 82 79 80 82 81 90 100 89 76 71 69 65 53 51 52 51 50 50 49 50 51 51 51 51 51 52 52 51 50 51 50 50 52 56 67 84 97 123 130 130 122 119 131 138 129 124 118 114 120 119 127 129 125 123 129 128 140 130 132 127 133 140 138 160 146 142 
244 193 214 234 221 173 179 174 137 94 86 86 78 73 73 67 65 67 66 64 73 109 155 164 157 140 136 130 126 118 96 98 97 92 84 80 82 84 80 83 81 72 70 70 69 70 62 54 54 51 51 51 51 51 51 51 51 52 52 51 52 51 49 50 51 52 54 73 107 121 103 127 138 115 133 141 132 123 127 130 122 128 129 120 133 131 118 117 121 125 121 128 127 123 138 137 133 149 146 152 
242 193 213 233 222 180 181 171 149 95 91 86 79 77 76 72 68 67 67 65 64 67 114 171 166 155 139 140 134 121 108 100 94 92 87 85 78 83 81 82 77 75 64 64 63 66 65 54 52 50 50 49 50 52 51 50 49 50 52 51 50 49 48 50 51 54 60 100 122 122 124 130 130 135 124 130 131 123 130 122 119 125 118 122 130 128 131 112 132 137 135 126 128 124 135 139 135 152 149 149 
243 191 213 232 223 177 180 188 163 101 87 84 86 76 78 76 72 67 67 69 67 61 64 121 173 167 145 141 146 142 139 124 116 101 92 87 81 79 83 85 75 73 62 62 59 64 78 61 54 52 52 51 51 52 50 51 50 49 52 51 51 50 50 50 51 55 82 109 133 134 147 131 118 132 124 137 130 127 126 115 122 122 111 118 112 116 137 129 122 130 137 125 126 141 136 138 149 150 140 139 
242 191 214 232 223 180 184 181 169 113 86 86 87 81 79 75 73 69 68 65 61 59 61 67 150 168 157 146 141 139 135 137 130 109 97 85 83 81 79 82 85 71 60 59 59 65 82 78 60 52 50 50 51 52 51 52 51 48 51 51 52 51 50 51 53 58 101 124 139 125 131 124 127 130 134 132 140 124 125 128 140 122 118 113 111 123 149 142 140 134 138 127 133 152 139 144 150 144 147 172 
241 191 215 233 223 178 175 175 169 122 87 81 85 81 81 80 75 71 67 61 63 62 59 58 102 172 164 153 139 136 134 138 138 124 107 88 82 78 82 83 87 76 62 60 60 67 81 92 70 54 53 50 52 53 52 51 51 49 50 52 52 49 49 51 53 66 107 119 126 128 133 133 143 141 131 133 119 133 121 127 135 111 106 114 112 128 138 123 144 123 133 125 126 137 139 142 148 152 150 168 
242 189 215 233 221 176 175 177 179 143 87 79 86 86 79 77 75 69 64 59 61 61 57 57 67 162 173 162 147 138 129 141 142 112 92 86 80 72 78 83 80 78 59 58 62 78 81 92 85 60 55 52 52 53 52 52 52 51 50 51 51 50 49 51 57 84 117 129 125 148 134 130 138 129 142 150 147 127 131 122 121 128 105 115 115 118 120 121 121 122 132 135 140 145 145 141 142 153 144 160 
242 185 214 234 211 158 172 173 173 154 89 76 82 83 82 76 75 69 63 58 60 60 58 58 59 109 172 165 154 147 135 138 143 132 115 88 76 72 73 80 78 75 64 60 64 82 90 94 102 72 57 52 52 53 52 53 53 52 51 50 50 51 49 51 56 79 123 127 127 136 130 130 140 142 138 139 132 135 121 120 118 116 111 102 98 113 113 122 124 133 127 131 141 146 139 143 143 154 147 149 
242 186 216 232 211 130 115 146 169 156 105 80 77 81 83 77 75 67 63 59 57 56 57 55 58 62 138 162 158 148 140 139 141 134 121 100 86 77 72 75 76 72 64 59 62 78 88 97 107 84 60 55 53 53 54 55 54 52 51 51 51 53 51 53 53 60 107 124 143 145 133 139 139 137 137 129 138 128 129 126 118 109 109 101 90 104 102 126 124 129 136 134 139 150 150 140 166 169 156 151 
242 186 217 233 219 182 158 134 110 136 138 85 76 79 84 77 71 68 62 59 57 57 57 56 57 58 69 133 153 148 148 148 146 141 118 100 97 97 88 78 76 70 66 61 61 77 91 97 105 85 65 55 55 53 52 52 52 52 52 52 52 52 52 52 52 61 110 129 133 139 126 132 133 135 125 132 140 123 133 112 92 104 99 91 87 93 106 115 134 144 146 142 136 142 140 137 150 161 153 157 
242 186 216 232 220 182 174 168 150 122 106 91 76 71 83 79 72 71 65 61 60 59 56 58 58 56 57 66 103 132 138 142 147 137 105 99 99 103 97 93 86 75 70 64 61 77 92 97 98 74 71 54 52 53 53 52 53 53 53 53 52 51 53 51 52 61 112 136 137 140 131 121 131 132 118 120 135 118 96 67 61 64 68 73 74 70 78 106 125 141 137 146 138 148 158 156 149 144 145 150 
241 185 218 235 220 179 175 171 176 171 160 121 86 76 79 83 74 69 65 64 58 59 58 58 60 57 55 55 57 77 99 116 125 119 106 98 101 103 101 95 86 76 74 67 62 75 89 97 88 68 70 56 52 53 54 52 52 53 56 53 51 50 52 54 51 62 116 135 134 146 136 134 135 115 77 83 81 64 61 56 56 57 57 58 58 59 63 94 131 138 155 140 145 139 147 153 148 155 149 159 
241 184 219 234 218 176 177 173 172 178 171 164 130 110 91 85 79 70 64 62 75 76 65 57 60 59 57 57 58 57 59 66 77 86 83 83 91 92 97 95 80 75 79 80 66 73 89 102 90 67 64 56 52 53 54 53 53 53 55 53 52 51 53 53 53 56 85 120 141 138 110 107 78 65 61 58 58 57 56 55 55 57 57 58 58 58 63 81 134 134 155 152 156 142 151 158 150 158 160 165 
242 183 220 234 216 175 179 176 168 171 176 174 157 142 133 110 81 68 66 65 65 62 62 60 61 60 59 58 57 58 56 56 54 53 57 56 63 69 82 87 74 72 91 109 76 65 78 102 88 67 70 63 53 53 54 54 54 54 56 54 53 52 53 52 54 56 60 66 64 61 62 58 59 54 57 54 55 54 56 55 55 56 57 59 58 59 65 86 132 129 146 158 160 156 161 154 142 156 158 166 
242 186 220 234 217 180 176 171 164 167 168 174 172 159 163 139 84 68 65 64 63 65 63 61 61 61 56 57 57 55 56 55 56 54 55 57 59 60 56 58 59 66 94 114 85 59 56 67 76 72 69 66 55 53 53 53 53 54 53 52 53 53 51 55 55 56 57 57 57 58 56 55 55 55 55 56 56 57 57 56 57 57 58 58 58 57 68 114 131 141 154 155 157 155 157 149 150 150 157 166 
242 185 220 233 217 177 168 167 167 169 165 176 175 165 165 153 80 68 67 67 64 64 64 65 63 59 58 57 55 56 58 58 57 57 57 57 56 53 53 55 58 59 63 81 71 58 52 58 67 69 67 73 58 56 54 53 53 53 53 53 53 53 52 53 55 56 56 56 56 57 56 55 57 56 54 55 56 58 59 59 57 56 58 59 59 57 68 115 143 145 157 145 157 157 146 153 152 148 149 156 
242 184 221 232 215 170 174 165 168 171 167 173 167 166 167 120 77 67 67 68 64 64 64 65 63 63 61 60 59 58 56 57 57 59 58 57 57 55 53 56 60 63 59 58 59 57 57 61 70 70 69 76 61 55 53 53 53 54 56 56 55 55 54 52 54 54 53 55 55 57 56 56 58 58 56 58 61 62 64 64 61 60 62 61 61 60 69 110 152 146 154 138 153 159 156 153 154 150 146 149 
241 184 223 235 215 166 174 174 179 174 167 176 169 166 164 98 74 71 68 65 67 66 63 61 61 64 62 59 56 56 56 57 60 59 56 56 57 55 58 79 72 72 70 62 59 57 60 65 69 73 71 81 65 54 53 53 54 54 57 54 56 56 54 53 54 54 55 55 56 58 56 58 59 63 64 68 91 108 112 123 101 68 68 63 62 62 63 108 149 138 150 152 156 163 157 165 155 143 157 157 
242 184 223 234 210 174 170 170 170 175 175 172 171 175 164 87 75 72 67 66 69 69 65 78 64 66 61 59 58 59 57 60 61 61 59 57 57 55 59 109 135 128 108 89 64 60 60 66 67 71 73 81 66 56 55 53 54 52 56 56 55 53 54 54 56 57 56 57 57 59 60 64 78 106 130 136 131 143 143 137 135 99 71 68 63 65 66 95 142 147 146 162 168 170 164 158 155 144 155 152 
240 185 225 233 211 173 170 173 172 171 172 168 170 174 153 87 75 72 67 68 67 68 70 69 65 66 60 59 59 60 61 62 62 61 59 57 59 58 59 77 123 152 153 139 112 70 62 68 72 70 75 80 64 56 55 57 55 56 56 56 57 54 55 55 56 56 58 57 58 63 82 131 133 143 149 148 147 149 138 144 136 129 87 75 68 67 69 105 149 148 168 158 163 163 161 157 153 150 150 153 
240 183 226 232 212 166 170 170 171 170 171 168 178 176 149 83 77 75 71 66 63 61 68 68 65 61 59 61 58 59 63 64 62 60 59 59 58 57 56 60 87 140 149 149 123 93 66 71 78 70 74 85 64 55 54 57 56 56 57 57 56 55 56 56 57 58 62 62 69 118 138 150 142 142 158 151 146 154 151 152 138 136 147 106 84 73 74 126 149 156 156 145 167 152 154 165 152 150 160 152 
241 180 227 233 212 172 169 177 175 180 169 173 174 178 148 87 78 75 71 68 62 60 57 64 67 61 58 60 59 62 64 62 60 61 61 58 59 56 58 59 77 119 147 150 129 107 71 77 78 72 79 79 62 55 54 56 57 57 56 56 57 56 58 58 59 63 68 103 127 151 156 147 149 152 159 151 143 152 155 153 151 136 151 151 137 139 128 157 160 167 156 157 172 168 154 150 158 150 157 161 
239 179 228 232 212 176 175 173 185 183 178 178 173 174 155 86 80 77 73 68 64 58 58 62 63 61 61 63 63 65 66 65 66 67 61 57 59 55 55 57 68 103 140 145 132 114 82 78 76 74 74 84 61 55 55 56 56 57 56 55 58 57 58 60 64 86 120 150 144 151 148 146 138 141 148 160 150 159 157 150 156 150 156 163 161 159 151 164 149 161 156 145 159 158 169 159 162 148 153 161 
239 182 228 232 213 181 176 177 184 179 173 174 168 180 159 91 80 76 75 73 71 64 62 61 62 63 64 65 68 67 68 67 69 69 60 56 58 55 53 57 62 89 126 147 140 135 88 82 79 74 69 67 58 57 57 57 57 57 57 57 58 58 60 65 134 155 157 163 159 155 163 147 147 151 150 156 167 167 166 157 150 158 161 157 166 161 166 157 159 158 153 160 166 162 169 163 167 157 153 152 
241 183 231 234 213 183 177 180 183 181 174 182 169 178 170 101 80 76 76 74 70 66 65 65 66 67 67 66 66 69 69 68 71 73 67 58 57 56 55 56 59 82 120 141 152 144 93 83 81 73 70 67 59 57 57 57 55 55 56 58 58 56 64 94 144 157 160 177 170 158 158 151 153 158 160 156 160 167 154 146 156 144 165 152 169 167 165 156 160 150 156 155 157 174 166 157 164 167 170 163 
240 181 230 235 213 174 173 180 184 182 181 174 177 168 174 111 86 77 75 73 68 67 67 68 68 69 70 70 67 70 72 69 73 77 70 60 57 57 55 57 62 80 110 135 150 134 83 87 85 72 74 68 59 57 57 56 57 56 56 59 62 65 93 155 161 157 170 157 158 146 149 164 166 162 161 153 166 155 155 150 157 153 159 147 152 170 170 173 158 165 157 164 158 159 158 157 167 158 163 162 
237 180 232 234 211 178 173 183 175 176 178 178 169 166 171 123 90 81 77 74 71 70 69 69 68 68 70 71 70 71 78 76 76 82 73 62 58 58 57 58 61 97 133 145 124 83 78 90 83 72 83 61 57 58 58 57 59 57 58 61 64 80 151 173 157 165 162 164 169 156 146 161 161 164 164 171 158 155 161 155 144 147 159 150 170 160 163 162 164 167 166 169 158 164 155 160 162 162 167 163 
237 178 232 234 213 179 177 177 180 181 185 172 172 171 172 141 98 87 77 75 73 72 71 70 70 72 73 71 74 72 77 74 74 86 78 64 58 60 60 59 60 75 82 73 62 61 72 93 85 71 70 59 58 58 58 59 60 60 62 64 73 117 160 171 163 165 157 164 176 158 154 156 171 158 160 159 156 157 150 157 158 156 163 159 154 165 170 155 157 161 160 163 160 154 158 158 162 176 162 152 
238 180 233 235 216 179 175 175 180 186 179 171 172 173 171 169 114 93 80 74 72 71 71 71 70 71 70 72 74 73 75 76 72 79 77 63 59 61 62 60 58 58 58 58 57 60 76 98 86 73 58 58 60 60 60 60 62 64 69 72 110 144 155 169 167 162 156 146 164 165 162 152 164 162 171 156 159 154 161 166 171 160 153 165 146 163 159 160 159 153 152 158 154 170 171 165 163 173 160 160 
237 181 235 235 214 183 182 178 171 175 177 178 175 175 168 178 138 100 79 76 74 71 69 67 68 70 72 70 69 74 76 74 73 75 77 67 65 64 62 61 60 59 56 59 60 66 82 102 90 71 63 62 65 63 62 64 69 76 108 138 161 169 161 173 167 171 153 171 169 159 165 172 176 177 170 160 154 162 168 171 173 164 157 152 155 159 161 156 155 157 155 153 149 163 165 172 164 169 158 160 
236 181 234 234 213 186 179 179 173 176 176 170 170 174 175 175 153 102 84 76 72 71 70 67 67 65 64 66 68 71 72 73 74 73 73 70 66 64 63 62 60 58 58 59 62 69 87 110 71 69 67 68 73 71 75 84 106 135 164 174 169 170 157 165 166 159 155 176 189 160 160 163 169 158 160 165 158 161 176 155 161 167 161 164 144 162 175 161 161 171 152 159 152 163 163 168 168 165 162 169 
235 182 233 233 211 180 176 181 175 174 176 178 177 172 181 177 169 112 90 79 75 72 68 63 63 68 70 69 68 69 68 67 68 68 69 70 70 66 65 62 58 59 58 61 70 83 100 83 84 82 93 114 113 128 135 155 164 157 164 164 175 174 154 164 165 159 150 164 186 165 162 156 159 152 166 157 162 163 177 163 160 169 159 159 148 156 160 166 172 164 164 165 161 173 164 168 167 164 166 163 
234 181 233 233 211 179 173 181 174 173 168 171 179 175 180 175 174 140 97 82 78 73 66 61 66 69 71 67 67 67 67 64 64 64 64 64 64 61 60 61 59 62 62 68 84 104 164 166 170 170 171 169 161 165 148 159 163 166 166 169 167 161 166 155 152 171 165 164 160 167 171 167 160 162 157 163 170 164 154 160 159 162 157 161 148 162 169 169 166 168 162 165 161 168 170 157 170 165 164 169 
234 183 232 233 211 188 176 180 177 164 164 172 169 178 179 172 177 172 109 82 81 76 68 63 69 77 83 70 70 70 64 62 62 62 63 63 62 61 60 59 61 62 64 81 122 147 167 170 176 172 171 172 168 170 168 167 163 173 151 168 160 161 169 167 155 171 171 173 166 169 171 174 157 155 160 157 162 164 174 191 161 156 159 166 158 163 157 166 167 160 149 157 163 162 166 169 175 177 155 162 
233 184 232 233 209 174 182 180 185 170 168 168 171 183 172 170 174 178 154 91 81 76 73 70 71 77 76 71 72 71 65 64 65 65 63 60 61 63 62 60 62 61 65 107 158 166 176 173 172 179 182 170 171 177 175 180 172 169 164 173 171 170 172 151 172 164 172 179 175 170 165 166 165 165 160 159 158 153 170 179 167 159 164 178 172 157 156 170 166 167 158 159 175 160 183 178 170 166 156 157 
232 184 234 234 206 182 178 182 176 169 175 168 168 175 171 165 173 185 179 132 83 74 73 74 75 74 68 68 68 66 68 68 66 64 62 61 64 64 62 64 65 65 68 121 155 166 176 170 170 172 168 167 162 172 169 168 172 167 170 177 174 172 177 156 168 177 166 175 180 162 151 157 172 173 171 163 160 158 166 167 153 154 171 154 181 160 165 161 161 161 151 162 188 172 173 171 171 164 168 169 
230 186 234 234 210 178 177 185 182 180 175 172 171 176 169 174 168 182 180 174 129 81 74 70 71 73 70 67 65 65 66 65 63 62 63 64 65 68 75 86 84 79 74 105 175 171 179 172 175 179 176 174 171 159 155 164 174 163 174 166 172 172 167 167 166 176 176 176 186 167 171 176 169 165 164 175 162 162 163 169 162 170 158 162 162 151 159 166 167 170 164 170 179 167 172 171 166 158 178 179 
229 187 235 234 210 186 186 184 182 181 175 169 172 177 165 174 173 171 177 172 168 107 77 71 71 71 69 69 65 65 65 65 63 63 66 79 93 111 135 156 141 156 143 136 182 170 176 178 181 176 173 170 176 177 158 169 173 168 175 175 167 176 165 174 173 163 168 173 174 179 171 174 174 165 169 175 171 168 163 165 162 163 156 165 157 155 155 164 174 161 177 166 169 164 176 170 170 184 180 167 
227 188 233 233 210 181 184 184 176 181 183 172 181 183 170 169 174 172 177 179 179 139 88 78 75 73 69 69 67 69 71 70 65 62 85 145 162 167 174 170 166 170 167 174 173 177 187 185 184 182 180 171 178 176 170 167 175 170 172 173 170 171 175 176 168 162 165 177 171 164 171 177 175 184 171 171 181 177 169 169 161 162 158 164 158 154 159 168 173 167 174 167 172 160 154 167 157 189 176 170 
224 190 234 233 206 173 188 182 185 182 182 184 187 179 172 175 173 188 181 175 182 173 127 97 81 76 72 70 70 79 138 134 102 93 112 153 173 166 179 170 171 174 168 179 166 189 178 183 183 180 178 181 186 184 165 177 176 170 162 173 169 167 174 176 166 170 162 176 172 169 156 175 172 180 185 170 176 182 162 175 168 172 174 161 166 162 168 165 164 161 167 165 167 163 154 166 168 178 178 168 
223 194 234 234 202 177 183 181 185 186 181 183 184 182 177 173 177 178 186 188 176 182 179 148 99 81 78 77 83 130 170 172 169 179 169 186 167 174 184 178 168 175 173 177 169 172 179 181 181 177 176 177 183 176 177 182 170 176 174 171 181 188 171 174 176 168 155 165 170 166 167 151 166 174 169 183 172 176 169 155 168 167 165 156 171 161 162 149 164 167 172 172 164 175 172 165 159 166 169 166 
222 196 235 235 207 184 183 181 189 189 183 182 185 185 182 175 182 179 191 189 177 180 180 178 142 127 125 124 142 165 171 168 174 187 175 171 161 175 178 178 174 182 175 178 189 177 185 180 180 175 175 179 183 176 176 188 166 176 184 187 182 173 170 178 185 180 162 166 170 163 174 161 163 175 175 176 173 169 164 170 174 171 165 167 174 171 163 178 163 173 171 172 186 172 180 186 167 164 161 163 
219 199 233 233 204 184 183 185 189 191 185 186 192 189 179 181 182 182 183 190 176 184 177 180 176 179 176 176 173 178 173 178 181 180 176 177 176 173 176 186 182 188 181 183 178 167 191 183 180 168 181 184 179 194 170 175 176 175 168 183 180 176 181 184 179 180 162 169 172 170 176 174 186 177 173 183 166 167 169 167 172 159 163 174 176 164 158 167 174 161 176 177 170 171 175 169 171 174 166 168 
217 201 234 235 207 181 182 181 185 188 185 186 192 184 180 187 181 180 183 182 179 181 185 178 182 181 180 180 178 176 182 178 183 176 178 178 180 173 182 177 176 183 189 185 176 173 188 183 182 177 179 174 183 192 174 182 182 173 172 175 186 173 175 168 178 171 173 159 160 177 180 175 171 175 176 176 167 170 170 180 169 160 167 164 180 159 157 167 170 165 167 164 169 173 184 158 171 165 164 164 
215 202 236 234 209 187 184 189 180 182 182 192 193 191 184 193 184 189 182 187 187 183 181 178 182 178 178 183 181 173 181 183 183 180 185 180 180 183 182 182 188 188 184 184 181 173 183 183 185 188 183 181 188 186 177 192 187 171 177 169 177 172 179 180 183 172 172 177 175 188 175 175 180 173 174 160 169 163 177 166 168 167 176 165 177 168 168 165 175 171 168 167 169 184 173 166 173 176 177 173 
211 207 237 236 206 183 192 186 185 182 179 185 188 188 181 185 187 178 183 183 191 184 187 186 186 181 182 183 182 176 180 182 186 182 184 185 189 191 186 188 181 188 183 186 188 174 196 177 181 181 185 180 184 191 190 186 185 172 182 176 182 186 176 179 184 182 182 179 176 180 177 173 175 171 162 163 167 170 171 173 174 165 166 163 181 175 163 172 178 186 170 183 171 175 169 176 172 172 179 177 
208 210 235 235 209 192 190 190 189 182 182 192 181 181 184 185 193 185 182 186 190 186 188 189 181 178 181 178 187 179 175 182 184 181 189 188 189 185 183 183 170 188 179 189 194 193 189 183 186 189 183 193 190 194 197 185 185 183 179 176 165 178 180 180 186 182 178 173 174 165 173 168 181 171 165 171 169 175 178 173 173 170 165 180 168 173 171 191 189 184 168 179 173 176 180 179 175 168 179 177 
207 211 236 235 209 186 185 184 181 182 189 188 185 176 182 192 189 184 184 188 181 174 186 187 188 182 183 185 177 180 184 178 177 180 190 176 183 184 185 184 174 182 179 185 188 198 182 184 189 185 174 185 193 183 191 184 172 185 166 181 173 174 178 177 185 174 182 171 175 175 176 168 177 169 180 176 166 177 171 171 170 167 175 163 162 175 164 190 182 170 177 178 165 171 179 166 174 180 188 176 
205 211 237 236 210 189 187 185 188 189 189 192 191 185 189 191 186 185 184 189 175 174 178 185 182 176 178 187 181 180 186 187 183 183 184 185 181 185 184 186 185 185 190 184 178 186 189 190 185 185 182 189 191 178 185 191 172 183 182 181 189 182 184 182 186 198 177 172 167 186 172 177 173 171 175 175 176 180 177 165 186 173 169 153 181 179 181 193 179 168 173 174 170 171 181 171 178 180 170 180 
201 215 235 236 204 186 180 186 192 183 185 186 193 185 184 189 193 187 187 186 177 173 181 180 183 178 185 184 179 187 187 185 187 183 181 180 180 176 182 184 188 194 186 186 188 193 193 187 184 182 184 187 190 177 173 186 181 187 183 185 181 179 176 181 185 184 174 172 170 171 180 176 166 172 171 161 176 179 173 162 174 175 171 169 177 169 170 171 171 172 176 177 175 171 183 179 175 173 176 172 
199 218 236 237 206 187 183 186 184 181 187 186 183 184 185 187 189 184 192 186 182 177 175 178 177 191 189 181 179 186 184 187 193 188 186 187 184 172 179 192 188 187 184 185 194 191 194 191 176 186 185 180 190 187 181 186 181 181 179 185 179 175 169 175 183 182 177 176 182 185 185 166 168 177 173 176 174 182 170 180 170 167 170 168 176 166 172 169 177 173 169 176 171 181 170 175 174 170 171 168 
197 219 237 235 208 188 183 182 188 186 187 188 182 189 189 188 190 188 189 178 183 179 175 164 179 179 192 191 185 189 186 183 180 181 181 184 182 182 183 190 187 187 187 190 192 192 197 190 171 192 189 184 188 186 181 182 177 184 181 190 179 176 186 180 184 185 183 181 179 192 176 174 172 181 181 176 163 173 171 187 179 166 182 168 160 166 164 161 175 177 170 175 171 177 178 184 176 164 176 171 
196 224 237 236 208 192 190 189 189 192 197 194 186 182 184 190 184 192 190 189 186 175 167 162 185 183 184 185 192 185 186 186 175 178 186 182 189 190 194 189 188 193 190 195 192 188 194 192 188 181 186 188 187 181 182 181 192 184 187 183 190 176 184 180 186 182 187 182 179 175 179 170 176 187 178 173 178 164 166 183 182 188 174 169 168 172 169 173 180 176 181 183 184 176 170 185 182 172 170 173 
192 227 234 236 216 209 207 205 201 207 205 204 200 200 204 206 200 205 201 196 191 184 184 176 187 188 187 188 198 190 188 188 187 180 192 182 191 187 196 185 187 194 200 197 186 182 193 200 188 185 187 187 181 174 185 181 194 185 192 175 189 187 186 183 183 183 179 180 185 178 187 167 175 178 173 166 179 178 176 180 180 181 177 173 184 167 186 179 184 181 177 177 178 176 173 180 177 179 173 162 
192 228 237 236 237 236 235 234 235 235 236 234 234 234 237 236 237 236 237 237 237 237 239 237 237 235 236 235 236 236 237 235 236 236 236 234 235 234 235 235 233 233 232 231 231 230 227 230 226 226 224 223 220 216 218 213 220 219 220 215 214 215 221 213 221 216 211 211 209 211 197 206 201 203 192 194 198 195 195 199 190 188 180 186 189 193 201 199 188 196 199 189 184 193 187 186 196 190 180 180 
201 236 239 239 239 238 239 239 238 238 238 238 239 239 240 240 240 240 239 238 241 240 240 241 237 239 240 239 239 241 241 240 239 240 239 241 240 240 241 240 240 240 241 239 241 241 240 240 240 240 240 240 240 240 241 238 236 229 239 241 242 241 238 240 239 239 238 240 241 239 239 238 237 237 237 237 238 235 235 235 234 235 235 234 234 236 235 234 232 232 233 233 232 231 230 230 230 231 230 228 
233 238 238 239 240 239 236 237 238 238 238 238 236 236 236 236 236 237 237 236 237 236 235 237 236 236 237 238 238 238 238 237 237 238 237 236 238 237 239 240 239 238 239 239 238 237 237 237 236 236 236 236 236 236 238 237 236 235 238 240 242 240 239 241 238 236 237 238 238 239 240 241 240 240 240 240 241 241 240 239 238 237 239 239 237 237 237 236 236 236 235 235 236 234 234 234 235 235 236 235 
246 244 246 246 247 246 244 244 245 245 245 245 246 246 245 245 245 244 244 244 244 245 245 246 243 242 243 244 243 243 243 244 244 243 245 243 244 243 245 245 245 245 247 247 245 245 244 245 245 245 245 245 243 243 244 240 238 239 240 244 243 242 243 243 240 241 241 239 238 239 239 238 237 237 236 235 234 233 233 233 232 232 233 234 234 233 233 232 231 230 230 232 235 234 233 233 233 233 232 234 
246 246 246 246 246 246 246 246 246 246 246 246 246 246 246 246 246 246 246 246 246 246 246 246 246 246 246 246 246 246 246 246 246 246 246 246 246 246 246 246 246 246 246 244 244 245 246 246 246 246 246 246 246 246 246 245 243 243 244 245 246 246 246 246 246 246 246 244 244 244 244 244 246 246 243 244 244 243 242 243 240 241 240 239 238 238 238 237 236 236 235 232 233 233 232 230 229 229 230 228 
246 246 246 246 246 246 246 246 246 246 246 246 246 246 246 246 246 246 246 246 246 246 246 246 246 246 246 246 246 246 246 246 246 246 246 246 246 246 246 246 246 246 246 246 246 246 246 246 246 246 246 246 246 246 246 247 246 246 246 246 246 246 246 246 246 246 246 245 245 246 246 246 246 246 245 245 245 245 245 244 243 243 244 243 243 243 243 242 241 240 240 240 240 240 239 238 237 237 237 236 
246 246 246 246 246 246 246 246 246 246 246 246 246 246 246 246 246 246 246 246 246 246 246 246 246 246 246 246 246 246 246 246 246 246 246 246 246 246 246 246 246 246 246 246 246 246 246 246 246 246 246 246 246 246 246 247 245 247 246 245 246 246 246 246 246 246 246 247 247 246 246 246 246 246 245 243 244 245 245 243 244 244 244 244 243 243 243 241 241 242 242 241 241 242 241 238 237 237 238 239 
