33 40 32 44 39 51 54 47 50 44 54 41 53 48 54 55 55 56 48 62 129 153 146 165 168 150 157 158 155 148 149 152 152 149 158 171 183 180 181 178 160 175 173 172 195 184 185 183 183 192 198 188 194 191 183 191 199 189 195 195 199 200 199 205 205 195 197 196 203 206 213 205 206 212 211 206 207 206 206 209 200 195 187 199 207 194 190 203 211 197 208 212 199 204 217 212 218 219 223 224 
42 44 35 41 37 51 40 55 51 58 42 53 49 45 50 48 58 46 56 50 76 139 142 154 164 150 157 158 156 155 149 156 158 148 151 162 171 170 184 176 173 170 177 167 183 181 192 192 185 184 199 203 192 179 184 195 192 196 193 200 199 192 200 210 199 197 201 199 199 207 204 200 206 206 211 210 217 215 205 208 210 216 200 183 197 207 185 186 203 200 202 206 214 197 209 220 213 215 220 223 
52 36 48 41 56 45 45 47 52 52 48 57 42 54 45 58 44 54 55 53 58 83 139 144 154 156 149 151 151 155 148 152 162 160 157 160 165 158 172 162 172 174 187 178 185 173 188 185 187 197 200 200 191 177 184 196 188 198 184 199 194 194 200 204 201 189 195 209 205 211 204 194 202 207 209 212 216 218 212 200 208 215 217 201 196 190 197 193 194 203 190 202 203 204 211 214 204 215 216 220 
42 45 47 47 52 45 56 44 53 42 48 35 31 39 50 55 50 55 42 58 51 59 84 142 143 157 145 153 150 154 148 148 158 168 151 160 168 161 155 158 179 166 169 182 182 181 184 177 190 196 193 194 195 183 188 189 192 202 192 190 193 194 201 204 205 189 196 197 202 211 203 203 195 205 208 214 216 219 213 205 201 212 217 215 216 203 187 196 202 197 199 192 197 197 204 219 210 212 219 210 
41 53 45 54 44 56 48 52 51 48 33 47 52 35 45 39 54 47 57 51 57 47 59 99 143 145 146 143 140 153 168 151 146 155 159 149 156 160 156 161 172 169 155 172 171 185 177 186 194 192 189 182 186 194 188 189 200 206 185 190 193 198 198 209 198 189 203 199 197 203 203 207 203 204 206 210 221 219 205 211 210 213 206 212 216 219 203 195 194 202 194 199 200 193 205 208 206 207 222 212 
45 49 45 53 43 51 42 55 43 40 44 36 35 48 39 16 29 51 60 54 59 51 59 52 88 139 143 148 142 140 157 164 150 155 161 161 164 178 144 152 175 169 166 172 173 167 176 188 193 190 195 175 180 194 200 184 196 193 191 192 193 197 200 206 192 192 196 205 201 198 204 201 200 206 209 206 214 208 208 205 211 217 219 213 212 215 210 212 213 208 191 204 209 200 199 204 205 209 210 200 
53 42 55 46 51 49 58 50 51 40 39 30 35 42 52 17 11 48 45 61 51 60 49 63 53 79 130 140 150 146 139 156 165 159 163 159 158 165 152 147 160 155 169 164 181 175 182 188 182 187 189 177 180 194 196 203 195 179 185 190 196 202 199 207 192 196 200 204 206 202 204 194 205 208 209 212 212 206 202 204 208 216 217 221 217 206 212 213 216 220 206 197 205 203 200 191 198 201 216 213 
44 49 47 48 56 50 57 44 57 50 32 26 42 39 45 29 7 23 52 48 52 52 55 60 49 60 62 113 137 141 143 139 150 158 154 162 158 162 144 147 158 158 161 160 165 172 180 180 187 193 187 175 183 195 190 204 207 179 186 186 197 197 204 206 194 195 202 204 199 205 205 195 203 211 213 208 201 215 208 197 210 214 216 220 219 207 205 212 216 218 210 212 215 196 202 205 194 196 201 209 
40 51 38 57 44 55 51 58 54 48 29 30 35 37 41 36 5 16 48 48 51 50 59 46 57 48 58 49 113 134 144 149 138 152 162 157 156 165 149 149 159 155 164 154 159 178 170 172 185 195 190 171 183 194 188 200 196 189 191 192 190 198 204 198 201 201 199 198 198 204 208 202 203 211 213 203 205 215 202 202 205 212 220 215 216 215 204 211 216 211 216 212 221 215 196 202 209 198 198 202 
56 46 51 49 49 55 49 58 45 49 23 20 25 34 44 38 4 12 39 53 48 53 44 51 48 48 42 47 49 113 135 139 153 136 147 158 165 160 144 154 160 151 161 151 162 179 162 175 184 196 178 174 183 193 198 200 184 185 192 191 201 203 202 196 205 201 194 199 201 206 203 205 207 210 206 207 209 215 204 209 211 210 215 208 216 207 214 214 212 206 214 217 226 217 217 211 200 202 206 202 
57 42 56 44 58 42 58 47 49 39 23 24 32 39 42 17 5 7 43 53 50 46 50 51 43 47 47 47 44 51 113 129 135 154 139 142 159 163 146 141 150 152 148 155 157 168 161 164 183 189 178 172 182 186 200 205 179 181 188 197 194 203 209 196 198 196 192 198 204 210 196 208 197 206 207 209 215 216 202 208 216 221 222 208 212 207 206 211 219 204 204 225 220 217 223 222 220 208 198 203 
45 51 47 52 52 50 50 51 48 39 34 36 35 35 33 11 5 8 41 48 53 51 58 43 47 42 47 38 38 37 67 104 124 131 137 152 146 155 147 145 148 138 153 148 150 167 166 158 179 174 190 180 175 186 198 202 182 185 191 191 196 201 194 207 199 189 192 198 204 208 206 194 197 203 207 210 216 214 204 207 218 217 210 211 215 210 210 213 215 209 212 216 213 220 223 226 224 225 220 203 
45 53 43 55 42 47 42 56 44 31 37 43 34 34 22 6 5 18 43 53 47 61 49 55 49 47 37 39 33 37 44 79 98 123 127 129 145 148 148 138 152 141 146 155 140 158 175 158 166 177 183 175 175 185 193 197 177 181 190 195 196 199 191 199 197 206 191 197 202 204 205 200 194 202 204 208 210 207 208 207 220 208 212 209 217 219 212 211 208 209 221 214 204 216 224 227 223 221 225 225 
49 40 54 45 50 46 52 50 42 30 33 34 26 30 18 5 4 26 54 52 53 48 46 56 46 47 39 42 38 35 38 51 91 104 113 120 132 125 136 137 143 137 139 142 138 150 167 169 159 175 170 165 170 177 194 192 176 181 183 190 194 192 194 202 192 199 208 200 201 200 197 203 197 203 202 209 206 207 214 211 207 207 212 211 213 222 223 208 206 211 216 213 213 214 223 223 225 225 226 226 
47 44 49 43 50 46 54 43 49 32 34 31 32 32 17 11 12 34 51 49 52 44 55 45 52 41 50 35 31 43 42 46 56 92 100 108 116 128 130 129 133 142 136 151 136 146 157 159 162 171 164 182 165 180 184 192 182 174 185 184 183 192 198 198 194 195 198 206 206 211 191 200 199 200 200 207 205 202 205 217 203 202 208 218 216 216 220 204 208 215 215 211 207 210 214 215 219 221 226 225 
45 51 43 53 47 52 43 48 55 38 28 32 31 31 28 29 34 40 36 41 41 50 42 51 48 51 41 40 41 43 49 45 48 59 96 106 109 114 118 126 122 125 128 132 140 136 152 167 167 168 174 174 172 167 173 189 186 168 192 184 179 187 197 199 196 192 195 196 198 203 207 206 196 199 195 198 205 201 205 211 206 201 208 214 216 215 220 206 206 217 218 218 215 213 213 216 217 219 221 224 
51 49 49 47 47 50 48 56 49 35 32 27 23 25 29 34 40 44 40 38 42 41 37 37 38 36 37 35 44 44 44 50 48 51 55 98 108 102 112 109 115 115 115 116 131 127 133 148 170 150 160 177 180 168 168 174 175 179 177 175 180 183 190 196 194 193 197 199 185 195 198 210 208 205 199 203 208 209 207 196 201 207 205 213 214 210 207 209 206 211 216 217 218 211 213 217 216 220 223 220 
55 48 58 47 56 45 52 46 47 30 29 25 30 27 40 50 50 47 45 45 45 48 50 52 55 46 36 31 60 70 70 79 72 68 64 68 99 96 92 103 111 117 115 113 111 127 130 142 160 160 151 161 177 183 176 177 177 181 170 171 175 182 192 186 188 194 197 204 195 193 199 195 200 211 210 195 196 202 213 195 194 203 205 215 219 213 205 202 203 209 209 218 214 216 215 214 215 222 219 219 
50 54 51 52 49 49 48 48 52 42 32 33 33 28 48 69 77 78 68 47 43 46 61 78 82 84 86 59 55 93 89 96 84 76 75 53 51 67 71 63 80 94 103 107 109 118 124 128 144 153 159 150 162 167 173 160 169 193 164 169 173 173 185 182 181 187 186 193 192 201 196 196 193 199 204 211 194 192 199 207 193 194 202 203 215 209 220 210 201 205 209 214 205 213 215 215 213 217 221 224 
49 51 49 50 46 53 44 54 48 43 33 29 28 31 44 61 86 106 105 76 56 52 66 81 88 113 120 109 78 100 96 134 89 63 60 42 38 48 70 93 87 79 71 79 89 97 111 119 127 136 151 146 152 168 167 163 156 180 172 166 169 174 170 182 175 189 189 185 182 191 198 196 198 195 199 205 207 214 194 197 207 202 197 195 201 202 215 219 208 205 206 210 208 214 221 217 209 211 218 218 
58 47 57 46 52 45 55 47 53 48 27 24 29 32 35 67 103 114 124 127 107 88 90 90 93 107 128 133 118 92 98 140 81 58 61 60 54 41 39 65 83 96 103 111 105 88 99 117 115 130 142 141 152 160 161 167 156 166 168 164 163 173 172 191 183 170 174 176 179 172 188 193 196 194 193 188 200 208 196 204 197 194 209 216 193 204 216 214 209 213 219 205 204 215 220 217 208 213 221 218 
49 51 53 53 46 51 49 48 47 55 39 25 23 26 35 55 76 116 136 133 128 115 108 107 91 102 113 139 137 104 86 105 100 80 73 68 56 54 57 47 41 42 74 123 135 111 97 91 116 120 134 147 152 153 164 166 158 149 167 190 170 174 172 181 179 186 178 175 175 175 168 181 188 194 203 190 189 191 195 198 200 191 191 202 198 200 206 206 206 208 209 205 195 210 218 214 205 212 215 208 
46 53 47 54 45 52 46 54 46 62 52 26 24 20 40 49 71 104 130 129 120 106 115 139 139 127 115 117 122 132 105 119 138 121 87 66 53 46 52 74 104 98 89 96 116 130 131 117 108 113 125 141 160 154 146 153 174 170 139 159 163 174 167 159 163 176 181 188 186 175 170 176 182 175 183 192 204 186 183 190 192 188 181 171 178 183 190 189 192 213 213 207 201 196 209 220 211 213 210 208 
49 42 47 44 51 43 53 46 57 47 55 40 27 20 36 39 53 77 87 89 97 110 129 158 165 158 139 112 117 153 132 130 141 119 70 60 57 60 90 118 136 132 128 127 119 149 160 147 133 112 112 131 136 152 150 151 142 132 124 115 109 101 90 82 101 130 152 161 171 172 166 163 167 188 170 144 149 173 131 140 145 140 143 129 157 150 156 142 145 158 176 186 199 203 198 211 212 217 209 203 
48 48 48 47 43 47 47 47 45 48 50 56 31 24 34 43 37 61 76 79 64 115 156 173 163 152 140 130 116 156 157 137 132 97 51 66 81 91 95 102 109 105 109 112 108 115 125 122 121 119 109 109 123 119 117 128 131 130 113 93 82 81 70 65 54 49 50 63 63 67 72 124 102 65 47 44 62 90 110 122 148 170 153 152 166 160 157 168 172 160 148 145 145 163 183 200 211 214 203 199 
42 52 43 51 48 54 47 47 46 49 50 57 47 26 28 37 44 50 52 38 53 137 161 146 130 118 124 141 138 156 177 149 88 52 57 54 43 63 83 108 109 100 102 93 98 99 94 92 86 74 59 53 54 54 64 75 73 73 71 69 67 72 62 66 59 50 43 44 41 35 36 36 31 28 36 39 66 125 147 148 183 178 173 180 165 155 154 176 158 155 144 143 166 146 151 157 202 208 197 204 
47 45 48 41 50 44 49 40 49 42 44 43 47 37 30 34 43 64 59 52 45 131 127 127 101 86 96 130 152 151 137 114 68 48 58 46 70 91 100 104 102 90 94 91 98 107 113 98 90 73 57 49 40 43 36 36 33 34 42 47 58 54 54 48 50 55 50 49 49 40 44 39 37 32 30 58 86 133 146 152 162 160 163 151 150 139 139 140 155 163 168 146 142 135 140 137 156 194 190 209 
50 45 50 43 46 42 42 40 34 28 25 26 52 53 34 29 41 52 72 82 80 70 113 91 64 45 53 90 129 110 76 61 47 53 75 81 101 100 94 85 89 87 85 97 98 103 98 94 97 71 58 45 57 34 53 54 53 43 25 40 46 53 58 47 54 55 42 44 45 44 38 34 34 33 32 65 106 127 129 136 145 156 170 156 153 146 129 100 113 134 145 148 135 122 119 121 137 157 180 202 
46 51 42 48 42 33 31 34 24 23 23 32 50 66 52 33 28 43 52 61 86 89 96 60 65 69 69 70 116 124 75 83 91 92 106 106 97 78 84 74 80 85 97 104 87 99 99 95 88 72 71 70 53 23 43 43 48 56 38 25 52 57 49 41 48 64 60 52 58 58 52 44 36 33 45 103 132 118 127 139 157 179 157 131 111 82 67 57 56 65 62 65 75 93 135 105 128 134 166 179 
43 56 45 40 31 30 27 32 18 24 45 59 69 75 69 58 46 35 32 31 55 78 44 48 65 68 89 92 95 94 77 97 106 100 97 94 85 76 78 88 87 85 90 84 89 98 84 82 89 80 83 89 68 26 36 36 38 38 50 23 56 63 57 44 51 58 64 50 46 51 53 46 46 50 105 155 156 152 169 168 164 148 121 105 59 46 46 49 52 48 42 48 61 59 78 103 106 127 118 138 
46 35 34 30 29 30 27 27 25 36 45 58 75 82 75 78 66 62 40 28 37 52 32 41 50 64 81 83 77 64 77 115 100 90 77 90 74 78 70 85 91 86 94 94 103 86 78 79 90 76 93 98 90 37 39 84 80 37 43 29 50 60 59 63 54 72 68 60 68 61 67 63 64 100 150 133 144 170 188 174 170 162 126 77 41 41 43 48 49 47 38 45 59 50 57 85 83 101 134 90 
27 26 33 40 38 31 30 32 31 45 64 67 60 73 81 75 81 66 45 41 37 44 39 41 36 34 29 40 51 69 106 104 82 84 89 74 69 79 85 101 93 95 94 93 100 88 82 88 90 72 102 97 98 74 43 57 47 42 35 35 49 64 80 79 75 71 70 81 81 71 80 81 113 132 138 117 131 181 194 189 153 144 105 54 42 40 41 46 47 50 45 38 31 44 49 57 76 80 119 93 
37 36 38 42 35 35 30 34 40 48 52 61 68 61 65 68 74 75 63 44 44 33 33 29 19 18 22 46 85 109 100 82 70 86 69 76 79 84 101 93 88 87 114 107 108 96 76 58 67 78 107 98 82 82 62 50 46 50 60 62 57 74 85 76 70 82 80 84 84 90 113 134 141 142 119 132 161 168 158 173 171 147 103 59 46 39 46 56 69 51 47 50 46 48 49 54 72 67 96 88 
53 47 42 39 42 45 40 43 53 49 57 60 64 63 62 63 63 63 70 69 55 32 28 34 39 38 52 86 113 122 88 79 70 75 77 88 90 98 107 106 99 108 118 145 130 79 76 39 37 38 64 70 65 56 53 54 63 65 68 69 75 76 69 78 77 75 75 75 84 113 135 140 134 150 151 151 154 170 163 173 156 145 118 73 43 40 51 71 87 58 47 47 47 43 42 46 56 55 89 114 
51 46 43 43 38 42 47 41 52 45 43 49 49 52 66 62 58 57 58 66 53 44 49 46 60 78 101 110 113 116 97 80 85 88 88 93 98 109 117 124 126 115 134 149 141 79 70 53 38 38 35 45 52 52 58 61 68 72 78 76 66 49 46 65 79 79 87 75 95 138 166 158 148 144 164 164 152 154 145 147 149 133 114 68 43 48 55 66 76 63 48 47 46 48 48 49 61 63 67 93 
42 42 42 37 38 44 51 48 47 54 52 56 59 62 74 87 91 66 57 49 45 47 73 90 91 102 106 124 113 109 93 100 98 93 88 100 113 128 132 131 120 125 168 161 140 100 87 94 75 66 47 46 45 52 68 61 74 58 64 75 57 55 64 76 83 91 77 86 115 140 162 145 154 160 153 154 155 159 154 144 146 148 122 75 47 43 48 68 86 88 51 50 41 37 49 49 51 63 71 75 
51 53 34 37 40 48 49 54 49 50 51 57 65 64 68 92 99 93 65 58 41 27 30 72 99 110 125 137 109 89 85 97 103 97 112 111 115 130 137 140 144 150 172 154 142 118 120 131 120 90 80 76 65 67 74 80 76 60 57 50 52 68 82 88 99 100 103 118 140 164 156 146 146 149 150 161 158 158 153 163 152 145 118 68 48 46 47 55 75 84 58 38 26 32 50 48 49 69 79 85 
40 39 39 40 40 44 49 49 51 46 56 61 76 70 67 78 90 77 65 65 80 43 37 90 112 113 123 135 108 82 88 83 81 92 113 106 123 129 127 136 141 166 167 158 151 142 134 128 124 122 103 104 90 96 89 78 66 64 60 62 70 89 97 101 114 111 129 155 155 164 144 132 136 137 148 166 150 129 140 137 134 117 98 66 51 45 46 54 60 59 49 54 50 32 61 59 50 72 88 81 
33 38 41 42 44 46 56 53 45 43 50 56 72 76 64 78 75 71 63 76 74 60 44 58 88 126 118 117 86 68 74 79 86 87 105 102 111 134 126 138 153 148 142 148 148 144 136 135 125 111 102 96 100 90 83 77 70 70 80 83 88 111 138 138 139 154 162 163 160 173 154 135 154 124 114 124 127 126 131 106 113 107 97 70 54 51 48 51 56 55 50 45 43 43 83 69 57 84 82 79 
46 43 44 48 53 48 51 50 44 45 62 66 67 79 71 64 73 74 75 83 73 50 47 44 58 92 106 90 59 66 60 74 71 71 93 94 101 105 134 139 141 144 127 133 132 139 129 125 126 111 105 102 100 89 91 80 81 84 115 127 152 162 158 157 147 169 163 160 158 157 157 159 151 131 127 117 108 101 108 107 119 122 122 100 57 54 56 54 52 54 49 52 47 66 83 60 79 91 84 80 
33 43 44 46 45 53 54 51 48 54 62 75 77 70 75 71 78 85 79 80 68 56 55 52 82 92 80 65 66 67 67 74 78 84 81 87 92 105 129 133 130 123 124 116 114 123 123 106 102 105 127 124 140 138 137 123 136 172 184 185 190 189 164 147 161 160 139 136 141 146 148 168 163 146 152 136 123 113 112 117 139 150 127 119 76 62 59 53 57 51 52 57 53 68 69 81 120 103 89 83 
40 43 49 53 55 57 55 53 49 47 54 63 73 75 70 70 67 86 89 80 56 54 50 47 76 76 57 87 82 84 74 64 60 78 86 96 100 111 127 137 138 124 122 130 130 143 147 162 175 192 193 186 202 193 201 211 205 219 204 186 179 186 173 179 167 152 150 139 151 162 170 167 158 140 164 155 136 116 125 130 159 152 128 150 136 107 73 57 51 50 50 50 52 62 73 102 116 94 92 90 
44 53 55 50 50 54 57 62 59 63 61 70 74 79 68 64 60 82 88 72 57 63 43 43 61 51 56 75 84 80 71 53 61 63 79 87 92 110 131 132 138 134 144 149 162 171 189 210 221 231 222 222 213 222 225 204 199 204 200 192 179 170 177 168 162 152 149 134 139 154 165 146 131 123 130 134 145 129 140 148 160 181 165 171 157 140 93 59 55 61 62 63 73 85 102 113 131 97 101 120 
39 46 53 52 55 50 49 57 66 72 66 65 71 74 70 70 75 78 84 65 66 66 40 48 47 47 64 90 75 72 54 56 69 68 65 71 79 95 119 146 160 188 191 204 195 186 196 197 210 211 212 215 205 218 207 200 196 183 189 197 186 169 165 154 157 155 143 134 148 147 149 139 129 130 138 111 124 146 162 162 179 193 151 154 144 139 112 84 71 79 92 112 102 119 129 115 121 113 127 148 
47 48 55 52 59 53 55 63 69 75 65 58 67 71 75 77 87 88 80 67 73 54 38 42 46 54 70 75 53 49 63 66 63 65 63 67 79 107 137 176 193 211 204 209 181 187 201 204 209 209 202 210 213 209 214 205 203 211 204 199 196 190 178 162 168 172 148 163 154 157 144 147 133 132 144 130 135 148 163 177 177 178 152 140 132 142 149 127 112 121 108 131 141 155 144 142 116 130 160 155 
53 57 59 55 55 59 58 63 67 63 64 72 68 67 71 76 79 83 79 67 62 54 38 50 49 56 57 55 52 64 59 65 59 52 63 115 148 177 180 201 199 212 215 194 213 224 206 213 218 216 210 208 218 226 228 210 210 197 203 206 208 192 147 169 164 178 177 158 154 169 160 169 158 156 174 157 163 156 157 171 177 157 133 148 164 170 168 138 117 133 136 129 176 165 152 154 144 144 153 171 
50 56 61 64 69 62 62 62 72 72 75 71 76 71 65 73 70 73 76 72 65 44 39 49 53 50 41 49 56 53 40 45 63 94 164 200 214 208 196 192 217 220 189 164 208 189 206 207 219 203 205 213 209 208 196 185 173 171 167 162 156 151 142 135 131 127 137 138 147 171 183 184 152 154 174 172 178 173 168 158 167 159 150 154 162 172 157 157 147 154 143 144 162 158 170 168 147 151 150 162 
55 52 57 72 71 62 66 61 70 80 78 79 78 76 65 67 76 79 75 72 70 52 39 46 50 46 41 44 49 42 35 67 142 196 228 233 228 214 204 218 233 227 212 205 198 209 203 203 206 203 208 209 171 140 124 105 86 78 83 87 80 80 77 87 93 86 83 103 123 136 147 146 154 152 164 165 173 172 162 172 169 179 161 174 170 174 170 176 171 183 178 159 165 157 153 179 144 164 155 157 
46 46 52 65 75 62 62 68 76 75 85 82 82 87 81 75 81 82 62 67 66 56 42 47 48 38 31 39 40 34 74 162 215 227 219 215 196 199 187 183 200 199 189 172 176 179 175 183 180 183 150 126 108 99 94 87 84 89 72 78 79 56 52 52 50 56 68 87 101 108 118 142 169 178 181 172 188 179 164 178 184 171 167 157 148 139 146 174 185 180 159 158 168 178 176 184 170 167 163 145 
40 44 45 55 62 68 66 75 77 82 83 94 96 81 75 83 96 81 64 61 66 49 36 38 44 31 28 36 36 75 156 186 183 154 162 159 137 143 134 126 133 124 128 111 135 131 138 132 123 129 116 104 110 109 107 100 86 86 76 75 67 53 52 57 40 43 55 71 75 85 105 116 132 148 156 179 207 212 201 186 184 151 163 150 150 139 127 135 171 169 153 181 166 176 179 172 159 132 114 163 
42 41 48 56 73 72 60 67 85 92 94 90 88 79 72 76 78 65 52 59 56 51 39 37 42 34 34 33 42 80 83 118 107 86 75 71 83 101 100 108 98 98 111 112 121 124 117 111 119 115 117 124 126 122 132 119 94 79 81 72 71 59 57 64 65 63 57 67 82 75 82 91 99 102 113 130 164 196 175 175 163 152 144 167 136 119 118 144 159 170 164 157 142 159 148 141 146 132 127 193 
44 40 47 61 66 69 72 65 82 87 87 94 95 85 69 67 68 62 51 55 46 51 39 37 35 40 36 33 41 41 45 46 40 48 59 60 63 90 91 112 100 100 131 113 124 137 129 126 128 109 122 133 131 126 128 113 94 73 62 62 67 61 58 70 73 73 76 82 91 91 87 86 93 94 94 101 112 120 145 174 165 170 172 149 152 143 128 154 152 144 147 154 138 124 122 123 105 118 168 194 
47 43 45 53 58 73 73 72 73 82 85 91 88 88 78 63 56 51 52 51 54 54 45 37 39 38 39 37 33 39 44 47 46 59 66 70 68 73 90 110 113 114 125 124 123 137 134 122 124 117 114 115 123 120 99 90 59 54 47 46 53 64 63 74 90 97 101 86 93 101 97 100 103 94 86 91 96 82 90 108 132 117 145 140 126 142 141 132 145 152 148 163 130 121 110 89 75 153 188 203 
37 40 41 51 59 65 72 77 76 76 85 93 94 87 68 59 53 59 63 49 49 58 47 37 44 38 41 40 49 50 60 63 59 63 64 63 69 86 113 112 121 120 116 116 135 148 162 141 132 127 106 78 79 73 63 52 46 40 41 44 56 64 60 53 53 79 94 87 91 102 106 106 109 92 83 77 76 69 65 70 66 56 54 48 43 46 54 52 104 71 84 101 103 84 53 57 136 181 197 198 
34 39 41 42 50 66 74 77 83 86 83 79 85 91 86 61 65 57 63 56 59 59 52 41 41 41 42 48 64 79 80 74 69 59 67 71 89 93 117 118 127 119 121 120 134 152 140 151 121 116 115 85 57 46 39 33 30 28 34 48 61 82 139 157 88 82 78 87 98 88 98 96 88 88 79 89 83 75 72 58 46 40 36 36 33 29 34 31 82 39 39 63 104 59 85 150 189 186 198 198 
36 41 41 47 61 66 70 78 74 78 94 87 85 77 67 57 54 50 56 67 71 66 56 46 40 43 38 47 61 80 82 84 68 78 96 93 86 100 118 113 117 129 127 129 127 138 149 158 146 131 103 87 60 53 50 40 47 50 68 59 83 140 151 180 146 69 73 83 85 81 97 89 85 85 84 81 77 73 60 49 48 47 43 31 33 29 30 30 59 69 35 35 68 135 175 191 190 190 199 200 
38 38 41 45 52 61 71 79 74 73 82 84 83 83 76 57 57 54 59 72 76 76 70 48 40 42 45 53 45 65 78 77 74 84 94 107 119 114 112 143 128 132 137 126 142 146 157 148 129 123 114 108 89 86 61 54 54 80 73 46 44 43 46 50 102 74 82 81 88 73 91 93 86 85 80 70 74 65 49 39 52 50 38 33 35 31 31 31 33 70 64 72 152 194 202 186 187 199 202 202 
44 43 36 30 44 60 69 73 75 82 88 75 67 74 75 65 59 51 54 68 70 78 70 59 41 39 58 67 51 55 60 76 68 70 89 100 120 105 109 124 128 143 130 129 136 133 146 149 152 137 131 121 115 106 87 61 71 92 46 50 73 60 39 54 41 62 79 75 67 71 76 74 78 74 57 57 60 48 38 39 43 38 40 32 32 30 27 31 32 64 81 154 180 204 197 185 197 202 200 206 
47 39 34 31 41 59 76 82 77 73 84 84 84 85 75 62 53 53 58 66 69 75 72 66 45 41 57 72 69 82 89 83 81 101 97 100 108 107 111 120 132 131 130 126 126 129 140 139 140 138 125 124 123 120 93 68 75 99 30 34 71 80 33 56 33 61 61 62 71 68 76 75 67 56 47 51 53 45 38 35 31 33 32 28 32 32 36 42 57 93 165 182 198 187 193 196 195 198 205 209 
50 43 42 45 37 48 66 81 81 74 70 86 86 85 78 58 53 53 57 58 67 79 72 72 44 41 43 75 97 116 109 100 86 103 94 87 101 107 98 110 126 130 122 133 123 121 131 129 130 134 129 123 132 118 88 71 82 85 25 32 29 30 30 45 25 71 51 59 64 75 82 63 51 47 61 48 50 46 32 35 34 34 39 36 43 62 107 145 148 172 190 183 190 192 199 195 199 200 208 213 
55 37 39 41 31 43 61 71 79 78 77 79 83 74 68 61 58 60 52 52 59 73 85 73 47 37 50 86 105 111 115 102 106 114 101 95 86 95 122 109 118 104 119 141 136 112 107 128 124 133 117 124 130 142 113 86 87 82 44 31 45 35 33 22 42 49 53 59 62 72 61 46 70 66 64 48 44 42 32 29 36 38 41 67 118 160 188 178 166 182 195 183 184 196 200 190 202 211 201 207 
54 45 40 32 35 35 48 63 73 86 88 81 83 80 80 68 64 59 54 50 64 70 77 69 66 53 83 111 112 111 120 126 121 110 108 95 105 102 109 107 100 107 116 130 132 125 100 104 118 130 145 131 127 129 121 108 76 61 58 27 31 36 29 46 45 53 67 58 56 59 55 65 81 71 60 50 39 34 32 42 51 44 57 136 166 173 187 178 167 184 192 183 190 194 205 195 198 200 203 200 
67 63 46 34 31 29 36 51 75 74 75 83 86 87 83 84 63 55 57 60 55 56 60 63 55 58 96 122 126 114 127 124 119 119 113 117 116 99 96 104 95 110 109 104 109 130 129 113 104 122 122 129 127 120 127 113 105 57 44 40 43 50 51 49 54 62 50 46 49 76 77 76 72 66 57 50 47 41 53 67 46 70 103 159 171 170 192 167 174 186 188 186 193 198 199 200 200 189 206 205 
64 64 50 44 43 31 28 39 53 63 77 81 84 92 91 82 66 52 55 63 64 51 46 41 52 57 81 118 119 121 117 111 123 114 123 106 104 124 102 95 99 101 105 114 105 111 126 143 115 112 118 120 129 137 133 135 108 95 77 59 44 43 48 53 57 46 46 64 79 87 86 82 82 87 64 53 55 60 77 56 87 123 141 159 164 168 188 165 175 190 185 188 198 191 190 201 196 194 207 191 
67 59 54 54 43 35 38 30 36 59 68 71 79 71 78 89 79 59 62 68 62 62 65 59 44 40 52 66 75 99 117 115 126 111 110 104 99 111 110 103 109 106 107 118 110 115 123 130 136 121 125 118 127 128 129 122 122 110 90 75 37 38 40 45 48 60 69 89 93 89 91 94 72 69 66 75 55 90 73 101 137 117 151 153 160 172 181 174 178 188 188 198 186 203 190 194 195 196 188 186 
64 78 85 75 54 48 43 38 33 43 60 73 67 61 75 81 82 86 78 71 74 87 62 37 25 19 22 27 37 50 84 95 112 112 117 107 106 102 108 103 106 115 121 113 116 113 108 112 130 139 135 130 128 134 131 129 104 91 93 67 34 28 36 64 70 76 90 102 106 99 89 86 80 70 59 62 87 92 102 149 108 72 139 155 155 164 178 176 175 184 184 191 193 204 196 196 186 179 186 182 
58 75 78 85 77 55 50 39 39 38 54 66 69 76 83 79 80 83 81 77 91 80 62 45 27 25 20 18 17 18 29 59 85 113 113 111 113 119 102 105 102 114 114 111 121 118 120 115 131 125 127 130 125 127 121 115 87 65 56 47 39 53 69 93 116 113 126 123 105 98 104 88 82 93 77 93 94 119 155 120 47 53 108 149 154 167 173 172 180 181 185 190 199 197 191 198 180 181 199 187 
42 66 76 88 87 75 52 43 40 37 41 51 69 86 83 81 75 74 86 79 60 46 35 32 41 35 38 36 24 29 33 46 55 61 83 120 125 117 111 103 103 101 110 112 112 125 125 127 107 120 121 137 123 122 106 101 87 66 56 48 74 108 110 135 138 144 142 136 120 120 127 111 111 99 98 106 144 168 142 59 47 95 112 124 154 153 170 172 177 181 182 191 189 184 194 194 179 183 198 186 
31 50 74 90 84 81 74 55 42 40 40 41 49 65 75 74 79 90 61 44 34 33 29 24 20 33 47 51 53 40 60 63 63 67 57 71 100 111 123 117 111 102 119 107 113 112 124 124 117 120 123 118 117 125 112 106 93 69 64 76 81 102 114 127 124 141 141 129 129 119 117 106 98 104 132 159 163 130 67 59 90 157 177 149 139 152 161 172 172 176 181 183 181 186 190 195 177 188 195 185 
32 40 62 74 80 88 76 62 49 48 41 38 46 46 55 66 85 73 48 36 28 26 33 45 40 43 45 51 61 51 66 73 77 68 67 55 55 89 118 108 115 110 110 108 119 116 116 118 129 118 115 120 119 112 100 98 88 80 88 109 104 113 107 102 116 122 110 105 105 99 105 124 145 154 159 138 94 66 72 119 149 181 200 195 173 142 155 162 177 169 187 180 187 183 188 200 181 191 199 192 
34 33 47 63 83 98 83 72 60 60 48 43 43 46 61 65 43 29 21 23 23 37 45 57 53 77 78 59 62 59 74 88 95 71 82 82 61 68 99 119 118 126 112 127 123 126 119 118 122 120 122 112 114 113 113 108 102 93 108 106 109 102 86 85 84 84 95 116 131 147 161 164 157 118 107 79 67 99 141 177 190 178 154 176 181 164 146 155 163 174 177 177 185 179 191 190 177 195 199 192 
34 28 35 53 71 85 84 85 75 72 60 49 41 54 52 36 30 21 20 21 42 52 57 81 82 84 72 64 69 64 92 96 102 106 136 111 61 50 80 81 110 128 121 126 125 125 126 116 113 123 116 117 119 106 108 108 104 82 55 49 60 72 92 105 110 133 144 163 157 166 140 118 84 57 80 110 121 150 163 166 193 170 152 171 174 183 155 145 158 175 178 177 174 185 182 196 178 186 198 183 
29 25 31 39 56 63 81 88 81 80 64 55 44 42 29 25 24 27 29 31 50 62 80 96 83 73 68 65 58 67 88 110 94 98 86 90 81 63 73 73 87 111 124 126 124 118 112 122 114 107 108 116 107 111 104 90 47 38 62 78 100 125 125 137 134 135 129 132 112 90 77 52 75 112 158 163 163 163 166 175 191 169 174 184 180 177 176 144 151 165 182 174 180 179 181 197 179 184 197 185 
27 30 27 25 33 55 70 75 82 84 70 46 42 27 26 23 28 30 40 49 48 52 65 102 106 108 84 54 52 93 128 124 117 93 62 54 82 89 66 55 50 84 90 113 113 114 121 121 122 113 102 106 102 98 84 40 57 70 77 82 74 111 112 93 82 66 61 58 66 76 89 110 131 173 183 180 182 170 162 186 190 164 135 167 169 152 148 127 123 159 169 173 177 180 185 186 180 189 192 187 
29 25 22 25 23 29 40 52 66 68 52 35 23 20 22 26 29 32 44 44 43 43 86 155 147 124 111 111 114 132 142 128 119 96 70 57 59 55 81 57 43 56 84 97 110 111 123 123 114 112 121 129 90 50 51 63 78 79 74 71 77 68 67 69 62 69 84 108 127 120 118 152 171 170 168 167 171 179 166 172 183 152 128 131 131 127 85 56 56 127 166 171 171 182 186 185 181 186 191 186 
32 25 27 27 30 26 26 33 43 52 38 22 20 23 22 36 32 39 48 64 55 88 119 175 173 154 132 130 128 121 115 134 147 132 137 110 76 55 41 30 46 63 75 92 100 120 132 145 142 147 132 83 31 47 46 48 53 54 55 61 64 61 58 58 77 105 133 134 144 128 124 123 146 146 159 163 162 159 181 178 169 150 125 117 90 54 42 44 39 66 142 159 179 175 174 190 191 176 186 187 
29 31 30 22 27 29 25 25 43 35 20 22 26 24 27 42 39 44 57 84 102 120 108 160 172 156 149 133 120 119 103 118 140 153 138 109 75 53 33 27 27 47 53 45 60 83 109 126 128 116 86 28 20 37 53 68 70 60 60 60 60 54 60 78 110 134 138 146 128 133 130 123 144 167 182 162 159 181 179 169 167 150 107 59 34 41 41 40 47 40 82 148 165 173 175 182 188 173 179 182 
31 33 27 23 27 27 30 38 44 26 27 26 31 35 37 34 40 86 88 105 116 117 115 123 142 148 144 130 120 106 93 112 143 144 120 97 97 64 53 30 23 41 63 56 33 30 54 94 100 55 45 37 47 76 80 71 67 70 70 63 61 67 79 85 100 124 135 139 135 128 121 120 149 179 179 171 169 167 149 154 141 99 46 35 43 40 39 48 32 48 48 91 150 169 170 179 180 178 179 180 
27 29 24 25 24 27 30 47 31 29 24 28 32 35 37 47 51 108 139 143 141 130 117 116 117 120 122 120 116 104 98 114 113 93 99 116 97 67 49 39 44 30 34 52 46 27 25 44 36 40 41 50 69 68 70 63 68 71 69 65 77 81 84 80 87 100 122 136 139 148 139 146 163 168 178 163 158 154 135 113 70 39 34 47 37 39 47 33 47 39 45 48 103 148 169 174 182 172 191 174 
28 30 27 26 28 23 36 41 29 30 29 29 32 39 42 55 69 124 149 165 163 153 118 106 99 90 107 111 121 126 130 102 75 68 103 128 107 76 52 45 39 43 50 70 61 42 34 41 43 44 49 67 76 64 56 60 55 65 80 89 91 87 88 82 86 90 103 113 115 131 143 142 143 129 115 107 97 84 54 37 41 35 42 40 43 45 37 47 33 39 41 40 67 130 147 172 171 169 184 178 
35 33 29 31 29 31 30 33 35 30 27 28 31 35 42 61 82 137 166 173 166 153 129 111 105 102 103 94 128 143 128 95 76 70 103 106 88 80 62 37 36 51 56 61 43 37 36 35 36 37 53 60 63 67 65 60 68 86 91 93 89 89 89 83 72 61 55 45 40 41 36 46 36 35 36 35 37 40 39 38 33 40 35 38 47 38 44 38 43 40 38 47 50 51 119 159 164 167 185 180 
35 32 31 37 36 34 43 31 34 29 26 27 28 35 46 63 105 137 171 163 152 146 113 94 97 97 95 116 127 111 99 68 94 122 110 75 73 74 57 39 61 63 48 37 30 31 35 52 60 71 86 77 68 67 70 90 91 92 97 98 88 82 62 45 36 30 34 29 37 34 39 36 35 36 33 40 33 36 42 35 39 34 37 43 33 50 35 41 38 36 45 41 43 47 61 130 159 168 174 185 
37 32 31 29 28 29 34 30 38 29 30 34 35 29 51 88 133 161 164 154 139 126 92 77 74 79 90 108 98 86 72 104 123 142 131 89 65 59 45 39 44 39 35 34 33 36 53 76 76 74 69 71 64 75 96 105 103 103 97 75 51 32 33 37 34 40 30 37 30 37 38 36 39 32 35 32 40 38 34 43 34 39 38 34 46 34 41 40 35 46 38 43 48 38 48 66 132 161 162 181 
30 26 26 23 26 34 31 35 32 32 26 26 28 33 72 117 142 133 131 124 106 89 73 73 61 61 91 88 63 67 51 117 114 105 99 87 91 63 43 37 35 32 32 34 42 46 58 65 71 78 81 78 88 98 109 111 98 71 41 32 35 37 35 33 39 33 41 34 37 31 32 40 30 40 34 37 38 33 36 34 40 38 37 42 31 43 38 37 48 36 42 43 39 47 44 42 67 130 155 170 
34 33 30 26 27 29 27 32 40 32 31 33 27 46 89 108 101 97 88 73 70 63 58 66 59 70 75 49 49 44 54 89 94 84 95 87 83 50 34 36 32 31 36 41 50 59 69 73 75 75 82 95 102 93 74 47 38 34 31 34 32 36 34 39 29 40 33 36 31 33 36 32 40 33 40 35 35 40 32 40 39 33 42 32 40 36 37 44 36 48 40 40 46 39 38 47 39 77 137 158 
19 23 24 24 25 28 33 48 36 25 33 26 35 70 73 67 62 66 60 52 56 60 49 41 52 54 39 29 33 22 40 62 89 92 86 64 33 8 5 14 17 19 26 32 28 33 43 49 49 53 50 46 41 33 28 30 35 37 38 32 34 34 41 32 38 30 42 37 35 34 30 39 33 38 37 35 38 31 37 33 37 43 33 41 32 35 42 35 43 44 43 42 39 41 46 33 48 44 78 139 
27 24 27 30 38 31 39 49 36 27 31 29 39 51 60 58 45 48 45 40 43 35 31 34 38 32 22 19 10 5 6 10 16 18 18 11 7 8 7 8 11 15 21 26 29 27 31 27 26 31 31 31 34 40 31 30 32 36 35 36 30 34 29 44 34 36 33 37 40 33 39 33 39 36 38 41 30 42 34 33 39 31 45 36 37 39 30 41 37 40 46 37 39 41 34 44 38 41 50 95 
67 67 69 66 67 39 31 37 38 29 27 25 32 46 42 45 43 40 30 35 28 29 19 15 11 7 4 3 4 4 3 6 16 33 44 30 28 26 29 37 31 25 26 31 29 31 28 30 34 31 34 30 32 35 36 31 33 31 39 32 37 30 37 30 43 30 36 36 34 42 29 39 36 41 42 32 42 37 39 34 29 41 32 42 39 30 39 33 38 39 37 45 41 34 47 43 39 48 43 47 
73 69 72 76 76 47 30 32 24 27 27 27 25 28 29 29 19 19 12 11 11 7 5 6 5 5 4 5 7 8 15 31 59 71 70 58 57 59 53 58 58 55 30 25 32 30 31 32 34 38 32 34 30 34 36 36 32 40 32 40 30 35 30 36 28 34 33 31 41 34 41 34 40 42 37 46 36 42 41 30 40 28 37 37 35 43 32 38 41 35 40 38 37 48 34 46 49 36 43 47 
79 74 77 81 83 51 34 32 33 29 29 29 15 14 11 7 8 9 12 15 14 12 12 16 15 20 16 16 19 25 38 60 79 83 73 61 62 69 59 56 69 62 39 26 26 32 33 35 34 32 38 31 41 31 38 33 40 33 39 32 38 33 36 31 32 30 31 37 33 42 36 42 42 37 48 36 44 40 32 41 31 38 35 35 43 34 40 37 32 41 37 33 43 38 40 45 39 47 49 41 
88 80 78 81 82 60 33 30 27 28 34 33 17 13 13 8 11 22 38 48 40 28 28 24 22 24 31 33 34 35 58 73 84 93 91 77 55 61 56 54 60 74 57 38 28 28 37 34 37 35 30 38 31 41 30 41 35 38 27 35 29 37 38 34 32 33 35 33 41 31 40 38 37 47 33 45 40 36 40 28 41 34 38 41 34 41 41 33 46 35 36 45 33 42 43 36 44 40 41 50 
85 88 89 83 87 70 40 23 25 20 30 37 21 16 17 15 20 33 65 80 66 42 38 26 30 32 38 38 37 44 56 82 92 89 94 93 74 61 62 62 50 29 43 42 29 35 30 36 34 35 35 32 36 33 37 30 45 34 38 30 34 32 35 40 33 34 34 40 33 40 35 37 42 34 46 34 39 42 32 48 37 38 39 36 47 38 36 43 39 37 39 31 43 37 40 49 38 39 49 40 
93 92 96 92 88 81 47 22 23 24 31 40 23 16 20 21 26 23 67 88 78 45 37 30 29 37 42 35 39 52 55 63 75 75 79 85 73 73 71 77 65 39 42 27 30 30 33 28 35 32 36 33 33 37 31 38 32 42 37 38 29 33 34 36 40 33 39 32 40 35 38 40 34 45 38 41 39 34 45 36 39 45 36 46 37 36 36 36 42 44 34 39 36 36 49 42 41 45 37 42 
92 96 101 99 94 87 60 30 22 26 37 45 19 14 20 24 28 17 64 85 74 45 42 34 32 39 40 38 52 61 65 72 74 73 66 55 54 53 50 57 52 38 39 27 33 33 28 37 31 35 33 37 35 36 34 33 36 36 39 35 34 32 33 40 33 39 34 36 32 37 40 32 46 35 42 43 34 46 38 39 41 37 44 35 35 40 30 36 44 33 43 37 36 40 38 41 40 37 45 41 
94 99 101 105 108 95 81 50 24 24 40 46 16 13 17 24 26 16 54 80 71 46 38 40 42 46 46 44 52 65 75 89 86 71 71 53 27 30 34 46 35 31 31 32 32 36 35 31 38 34 38 33 38 39 36 35 36 35 36 36 35 30 37 31 40 34 41 32 36 35 33 40 32 42 37 32 45 34 39 43 37 42 40 41 41 33 38 35 34 47 37 38 44 34 40 41 32 42 44 36 
92 96 99 103 109 107 99 60 42 35 48 40 17 17 15 22 23 13 24 60 68 53 42 42 48 53 54 58 65 57 62 80 72 65 69 63 45 43 42 36 28 28 30 34 35 33 35 31 30 42 33 35 32 38 37 36 36 39 32 40 36 38 31 38 32 37 36 36 38 34 38 34 41 34 36 42 35 46 38 38 44 35 38 43 39 42 36 36 38 33 39 43 36 46 38 31 40 41 34 49 
86 90 93 93 93 91 98 93 55 50 56 36 19 19 19 24 18 15 17 41 52 55 49 43 44 53 56 57 59 44 27 37 42 43 45 48 36 34 34 25 27 30 28 32 32 35 32 35 33 32 39 31 37 32 38 36 39 35 40 33 47 35 42 34 39 34 38 38 32 36 30 38 38 39 41 35 42 41 40 45 38 44 38 38 45 43 38 44 31 39 39 37 46 38 41 39 32 30 45 37 
87 92 84 89 80 81 86 96 94 87 91 54 30 24 26 45 32 11 17 31 47 42 39 43 40 36 33 28 23 22 22 22 29 24 30 29 27 25 27 34 29 30 30 27 35 31 36 36 35 35 34 39 34 37 32 38 33 40 32 42 34 44 36 41 33 36 35 34 39 32 35 34 37 38 35 46 42 39 45 37 43 43 38 43 40 41 52 33 47 41 33 45 39 35 47 37 35 36 31 40 
84 84 78 76 70 76 72 79 89 93 93 76 52 40 43 69 59 14 15 18 37 45 41 35 31 27 22 23 23 25 20 23 29 34 34 32 31 35 32 29 36 31 30 36 27 37 34 38 40 35 40 35 38 29 38 34 40 32 42 34 41 38 44 41 35 39 35 40 33 37 36 34 38 37 43 36 37 43 35 44 40 36 48 36 40 47 37 52 43 37 44 35 38 42 36 41 45 28 35 38 
83 79 72 72 69 70 73 74 77 79 78 72 65 53 51 65 64 25 12 18 20 30 34 32 26 21 22 28 26 28 23 24 31 36 36 34 36 32 33 30 31 41 31 34 34 29 39 32 38 37 35 33 34 35 30 39 37 40 33 41 36 44 39 38 43 33 44 33 40 36 37 43 34 40 35 39 40 33 45 38 39 44 36 43 41 33 49 40 38 47 39 39 40 32 40 43 34 46 34 30 
