172 169 167 164 161 158 154 152 147 141 140 135 132 131 128 127 124 124 127 123 122 126 124 126 124 125 127 126 125 126 124 122 121 124 121 121 117 111 108 103 96 97 93 87 116 126 148 148 161 151 118 121 124 116 137 138 141 182 220 224 220 216 228 225 225 170 201 225 229 224 223 222 218 217 211 215 217 220 211 150 191 217 213 120 84 84 126 214 216 218 218 224 225 219 219 221 221 221 219 217 
182 180 177 178 180 180 180 180 182 181 183 182 184 182 179 179 176 174 171 161 155 153 152 150 144 145 142 139 137 134 130 132 130 129 132 133 129 127 125 127 124 122 121 121 121 119 117 117 116 112 109 111 98 98 100 119 185 204 215 219 228 227 227 229 225 207 158 224 225 222 220 220 218 219 214 214 217 223 216 184 161 215 194 94 85 84 93 160 208 217 217 216 220 217 216 222 220 221 220 217 
175 177 176 179 180 182 182 183 183 183 185 185 183 180 182 182 183 182 184 182 182 175 182 183 185 186 184 180 180 181 178 177 173 168 169 164 160 154 148 147 144 139 137 131 129 125 125 124 122 122 119 120 111 102 122 196 205 204 218 226 228 228 226 229 228 224 157 214 223 222 221 219 217 210 220 212 216 221 221 209 142 199 180 87 85 85 83 85 101 124 145 160 184 212 216 220 220 220 221 220 
89 98 101 98 110 113 121 128 130 141 152 156 157 157 165 169 171 177 177 184 187 184 185 185 186 186 187 187 187 184 185 185 185 183 183 184 182 182 183 184 184 180 176 178 180 171 171 172 167 162 155 157 147 137 138 209 211 208 219 223 224 226 224 228 227 225 188 184 221 221 221 222 219 213 216 215 217 220 221 218 170 169 172 85 82 84 83 82 83 84 87 85 88 136 213 218 221 222 222 219 
97 95 96 97 93 85 98 105 94 106 110 115 122 92 96 86 98 93 96 118 144 145 137 143 149 143 139 146 161 160 166 170 178 184 187 182 179 179 179 177 177 176 170 167 158 155 157 154 154 150 147 145 165 198 127 193 215 211 215 222 224 226 223 223 225 223 215 158 221 221 223 222 222 220 216 219 215 218 222 219 196 142 146 82 84 84 83 79 82 82 84 87 89 91 180 213 219 220 217 219 
91 84 96 100 100 96 99 110 106 93 106 117 121 96 84 94 109 117 117 114 127 132 124 134 119 101 91 90 109 114 113 96 75 77 79 88 79 80 95 114 117 129 118 107 80 59 51 43 35 29 26 26 72 149 138 160 217 218 217 223 224 225 219 220 225 224 222 165 203 219 220 224 225 223 219 220 217 215 218 218 212 149 101 83 82 84 83 80 82 83 83 85 84 87 88 130 182 202 191 198 
78 85 104 108 101 105 99 98 105 95 88 111 112 93 80 83 97 120 122 126 114 127 125 152 128 102 104 99 106 103 117 97 78 67 87 109 126 133 125 97 72 93 91 89 91 91 97 97 98 89 75 57 69 75 89 76 206 218 222 221 222 221 222 219 221 221 221 201 168 220 223 225 224 216 220 217 216 216 214 214 208 120 49 79 81 83 85 84 82 83 81 83 85 87 87 89 86 91 92 95 
104 105 104 115 121 110 105 106 96 90 100 96 90 89 99 87 88 107 102 115 123 121 116 133 117 103 112 106 106 101 102 110 80 104 170 189 189 186 184 182 162 121 102 89 90 81 70 75 76 56 44 62 64 76 74 46 165 221 222 221 217 220 222 221 220 221 220 218 154 213 225 227 224 223 223 217 215 217 217 213 135 78 35 68 82 82 85 84 80 82 80 85 85 87 88 87 90 86 88 89 
129 130 127 126 124 125 125 124 123 125 125 127 124 119 119 118 116 115 105 112 113 107 106 114 109 101 106 116 103 116 103 86 125 190 174 163 156 156 151 145 158 163 131 82 79 77 79 80 75 69 64 70 69 69 70 56 107 218 216 217 217 219 223 222 220 219 220 221 183 184 224 224 223 221 224 218 215 213 215 139 90 84 52 44 83 80 85 83 82 82 81 85 83 85 86 90 89 87 87 88 
132 130 131 132 129 131 129 130 130 131 128 130 128 125 129 132 129 130 133 129 126 126 125 124 126 125 123 119 116 114 118 149 191 166 159 154 154 145 127 123 122 146 165 147 95 77 78 79 79 81 81 80 76 64 50 55 58 199 211 216 218 218 221 224 222 222 223 222 211 155 221 227 224 219 223 221 218 209 133 84 86 86 74 31 74 80 80 83 83 80 79 81 83 85 86 89 87 87 87 88 
176 178 178 176 173 169 168 166 164 163 161 156 153 152 149 148 146 144 141 141 138 136 134 134 133 131 129 126 124 121 138 190 163 157 146 150 144 125 122 119 120 139 163 167 103 79 84 78 79 82 86 90 89 89 84 53 44 149 216 215 219 217 218 223 223 224 222 222 224 159 204 226 224 224 223 223 170 130 86 79 82 86 81 43 50 79 78 83 82 78 78 80 85 83 83 87 87 86 85 88 
180 179 178 178 178 179 177 179 180 181 182 169 155 137 124 112 108 97 92 94 105 125 145 159 143 142 137 162 168 169 190 171 154 146 146 137 129 121 118 121 136 150 147 169 121 93 82 86 84 86 88 91 93 94 96 94 61 84 217 216 218 218 219 223 223 224 224 223 221 190 163 226 225 225 221 211 121 80 85 80 80 85 81 65 33 75 79 81 80 82 79 80 82 84 81 86 87 86 88 93 
179 178 177 175 175 176 174 175 175 168 97 59 55 65 79 79 90 94 100 108 107 105 109 103 54 49 114 133 134 183 184 156 147 145 144 130 122 117 118 135 153 144 145 152 174 93 85 89 86 87 90 92 105 110 108 107 98 42 187 215 217 218 218 221 225 222 222 222 221 213 143 215 222 219 180 109 90 82 82 84 80 84 83 80 35 62 80 78 79 80 79 81 84 86 86 84 99 124 157 202 
194 196 195 193 192 193 191 190 187 172 75 59 71 78 82 88 82 88 105 127 171 169 131 105 112 122 144 169 117 122 164 152 145 146 134 123 118 116 124 155 144 144 144 145 173 114 88 87 88 85 89 98 125 127 128 124 113 78 116 219 218 218 218 220 224 222 223 223 220 222 166 183 213 139 94 92 88 85 81 86 82 85 87 82 55 41 79 77 78 79 80 84 106 147 177 188 209 223 218 219 
171 173 179 182 186 187 192 192 191 188 164 86 60 55 55 65 70 72 70 66 92 131 99 78 78 126 165 183 172 107 120 122 139 136 124 121 115 116 139 150 143 146 143 140 175 138 95 81 88 86 89 121 127 132 132 131 121 106 65 208 218 220 219 220 222 223 223 225 219 221 199 147 125 91 89 87 85 85 82 83 84 82 85 82 75 31 69 77 78 81 85 151 212 222 219 209 211 220 220 220 
128 127 132 126 123 120 123 123 119 122 121 119 93 59 50 52 59 67 65 50 43 39 36 29 23 38 72 152 138 132 112 76 78 82 72 68 62 66 78 82 103 127 143 144 166 160 106 81 85 87 121 132 131 133 141 141 136 121 68 167 220 221 219 220 222 223 221 222 221 222 207 82 81 91 89 87 86 85 86 80 83 81 81 89 83 50 66 106 85 99 167 216 216 221 222 216 210 212 223 223 
137 134 135 134 134 135 134 134 138 137 137 131 131 120 79 46 48 56 63 52 43 45 38 36 32 25 37 96 122 118 104 87 80 70 72 74 54 43 59 50 52 63 84 121 154 173 115 88 85 83 130 142 138 140 148 154 153 136 96 113 219 221 217 221 222 221 220 220 220 192 107 59 57 86 87 84 86 87 84 81 80 81 80 82 82 74 69 198 202 206 220 221 218 220 219 220 206 212 219 222 
141 139 138 137 135 136 132 134 135 134 136 133 130 128 129 109 65 45 44 45 42 41 40 43 42 42 75 106 108 101 85 78 65 72 91 111 63 20 43 72 42 41 53 62 96 155 118 88 79 87 125 134 135 141 149 152 152 143 101 61 206 220 220 218 220 222 223 219 199 97 83 75 41 83 88 86 86 86 81 81 79 83 84 80 79 89 94 159 216 215 219 220 218 220 220 222 211 213 213 220 
182 183 181 179 177 175 172 172 171 169 167 163 161 158 151 143 136 114 84 61 46 52 59 51 53 98 133 125 108 108 101 94 96 103 105 77 61 27 33 74 56 43 50 47 69 68 64 73 68 82 112 108 116 137 145 151 151 148 103 46 160 220 220 219 219 222 224 221 143 86 82 84 41 70 87 87 85 83 82 81 80 82 84 81 83 93 152 137 215 216 218 219 220 220 222 221 216 205 216 214 
180 183 184 183 184 184 183 182 182 182 184 182 185 185 184 182 178 178 175 174 163 140 117 93 97 135 125 142 141 135 136 136 140 133 98 65 34 60 57 62 73 53 56 58 56 49 53 52 56 66 70 65 55 57 97 144 162 157 105 66 104 223 221 219 221 224 223 194 98 87 85 83 58 47 87 86 83 84 81 80 81 81 84 80 83 92 144 100 182 217 217 219 220 217 219 220 219 208 216 217 
97 104 102 111 115 118 121 123 130 134 136 142 145 148 149 154 159 169 174 173 171 173 165 102 109 142 123 114 110 107 105 108 109 102 98 95 86 85 80 79 80 88 101 83 74 71 77 83 96 116 101 84 67 48 40 65 74 111 98 100 117 212 225 222 221 222 188 101 88 88 85 81 74 37 80 84 83 83 84 81 80 76 82 81 83 89 83 59 78 165 193 208 220 218 218 219 219 216 214 216 
89 91 93 105 102 83 93 100 103 105 100 95 89 73 65 71 80 96 98 98 104 117 121 99 112 133 134 134 113 87 88 88 88 88 87 90 85 95 107 113 112 120 134 133 119 120 121 127 125 114 110 102 100 71 42 55 39 19 73 146 145 181 221 222 220 182 99 91 88 86 85 81 78 44 59 82 83 83 84 81 78 77 78 80 79 85 84 70 31 69 79 79 102 127 152 190 219 218 210 195 
101 91 101 95 98 100 105 107 118 113 112 108 103 93 85 72 78 93 90 85 81 90 105 106 124 148 138 115 103 90 88 85 81 76 77 75 79 82 90 103 107 117 138 144 134 129 129 126 128 113 113 110 123 94 58 73 33 12 59 155 182 146 219 221 182 95 87 87 89 85 87 82 80 63 38 80 84 84 84 81 78 80 77 80 80 81 88 82 40 52 78 75 76 73 75 75 95 124 144 138 
107 90 90 97 101 95 102 100 107 115 98 102 106 100 86 83 91 96 92 94 106 105 111 109 124 142 140 120 102 87 87 89 85 85 87 93 91 81 86 99 97 116 146 147 140 138 129 122 129 111 109 115 107 86 27 65 37 26 65 176 209 128 203 192 100 86 85 84 87 83 83 81 78 77 34 66 84 82 85 81 81 82 115 143 121 98 89 85 63 39 76 76 76 80 83 101 128 138 150 146 
118 99 101 100 97 104 114 95 96 108 121 117 117 107 109 91 91 90 87 91 115 120 117 123 151 141 110 102 107 106 100 106 113 113 113 100 83 74 68 65 81 104 132 129 115 113 117 123 129 117 110 106 96 94 95 84 46 73 78 122 150 113 127 91 66 63 61 59 63 89 95 95 90 85 60 60 76 75 77 77 84 88 101 114 106 97 87 87 79 76 98 108 113 122 132 144 146 146 149 130 
112 104 94 90 93 89 114 107 97 102 115 95 115 107 100 94 94 87 103 101 115 107 100 44 70 120 107 111 115 123 125 126 145 145 128 93 74 60 72 83 101 109 112 104 105 100 102 100 99 109 129 141 139 121 83 73 80 67 71 57 59 59 55 48 46 45 44 45 101 147 146 151 156 162 164 160 165 167 167 163 160 158 153 144 135 133 130 145 137 121 140 147 158 165 146 130 137 156 158 140 
116 105 95 90 95 108 105 97 105 114 111 95 92 107 93 101 91 91 73 68 68 76 79 73 71 111 128 140 151 157 159 159 163 163 151 109 78 44 55 96 90 83 107 118 133 117 118 107 118 102 112 120 101 69 61 71 60 65 71 60 63 63 74 67 63 61 63 87 155 163 163 164 172 173 174 174 175 174 171 167 165 162 158 156 153 143 140 157 138 123 138 141 146 152 158 148 145 150 153 182 
122 114 108 100 109 100 102 103 97 97 104 105 86 95 77 65 56 59 63 68 74 84 90 70 71 89 145 168 174 168 152 144 134 125 146 130 84 52 82 132 76 83 89 121 129 130 118 103 70 61 105 85 68 54 58 60 55 65 81 80 80 87 84 87 133 138 151 167 176 174 167 164 162 159 160 155 149 150 145 138 126 121 163 194 198 191 188 189 191 194 153 149 185 190 205 209 214 217 219 220 
111 112 102 91 99 108 114 103 102 93 90 92 76 62 66 69 68 74 78 72 66 58 67 90 85 84 170 159 164 169 155 137 130 121 126 121 90 91 117 113 121 110 100 94 94 108 98 70 23 60 114 96 107 77 61 67 55 73 90 99 99 88 81 84 132 153 158 158 147 136 129 123 116 111 102 91 51 77 82 83 85 93 194 220 220 221 223 223 222 226 190 135 217 217 221 221 222 218 219 220 
143 149 145 145 146 145 142 140 143 142 100 47 50 60 66 70 77 81 72 64 64 59 53 40 34 37 113 144 151 148 167 151 137 124 119 105 106 132 139 128 113 98 103 93 90 88 90 44 57 85 87 80 82 76 72 73 81 160 205 220 133 97 89 39 72 84 84 84 81 79 83 82 82 83 80 78 42 57 83 85 84 120 218 218 220 218 219 224 222 215 216 132 184 215 220 220 222 208 220 218 
145 152 147 148 147 149 148 146 148 108 32 32 42 51 60 67 76 75 74 68 62 62 57 46 47 44 66 90 90 106 132 120 145 149 143 135 131 128 128 120 122 118 106 78 91 102 68 52 74 83 78 99 93 76 62 75 102 209 220 210 112 96 90 58 51 80 82 84 81 81 81 80 81 82 80 80 61 38 81 87 84 167 222 219 217 218 218 222 223 217 220 176 156 216 216 221 213 196 213 220 
158 159 162 161 158 160 160 156 153 119 49 29 32 35 45 52 62 67 64 57 51 49 58 63 57 59 61 95 80 122 155 156 158 166 164 165 170 174 171 163 159 166 153 148 128 99 61 72 65 75 96 96 92 91 80 71 91 210 223 185 101 95 93 82 35 82 81 82 80 81 82 84 82 80 80 79 76 32 71 86 92 205 224 222 218 217 216 220 222 219 219 210 128 200 215 221 215 203 215 219 
179 179 179 182 180 183 183 183 182 180 176 160 141 117 97 75 51 39 37 34 33 36 40 46 58 118 77 60 111 143 147 157 157 152 152 155 151 147 148 150 153 144 126 129 116 120 116 95 120 108 98 88 87 91 88 87 100 214 221 149 97 91 90 90 45 67 81 79 82 82 83 82 83 81 81 79 79 45 52 84 138 225 223 224 223 221 221 220 219 220 214 220 155 162 214 212 218 218 217 218 
118 120 127 119 124 126 127 127 138 138 143 126 131 140 146 144 142 125 113 99 96 93 86 76 55 70 118 137 153 134 136 141 160 151 153 143 103 84 87 85 85 95 99 128 119 96 102 102 94 79 77 82 77 72 74 72 76 187 209 111 94 87 88 85 67 46 81 79 81 79 79 79 81 80 80 81 78 62 33 92 204 223 222 224 224 219 218 216 214 219 220 220 193 136 209 214 218 216 220 220 
95 102 91 88 103 113 102 96 94 92 85 79 83 86 109 108 97 80 89 108 134 132 145 140 122 129 147 155 165 164 161 154 156 145 143 126 123 131 136 146 131 137 121 105 112 113 110 104 101 86 93 86 63 57 62 55 62 149 164 93 93 93 91 88 83 35 78 80 81 77 76 78 79 78 76 74 57 43 41 149 221 220 222 224 226 222 218 217 216 211 218 217 215 138 185 214 215 218 219 218 
93 96 103 92 93 99 107 107 99 83 80 68 73 76 101 94 86 88 91 106 121 144 148 145 136 134 134 146 154 153 157 155 146 143 144 150 141 134 137 132 124 129 129 119 117 117 120 112 99 96 100 70 58 56 53 53 53 113 113 92 94 94 91 91 87 51 63 80 81 79 77 75 79 81 59 36 23 44 53 118 222 223 221 224 223 223 220 217 216 203 216 217 215 174 150 211 214 216 215 219 
94 88 82 79 92 104 119 102 94 94 75 66 70 76 84 105 101 88 92 112 116 127 148 149 148 149 147 153 155 149 149 149 148 139 138 131 128 125 126 128 123 125 127 128 131 132 131 117 100 71 78 82 80 90 87 68 63 80 89 90 89 89 92 93 85 74 43 80 78 81 78 77 75 52 33 27 36 52 116 134 207 222 220 219 222 226 219 219 218 214 216 219 215 205 139 199 215 214 214 217 
98 81 75 79 89 93 112 111 107 90 74 76 75 96 102 109 106 94 90 117 120 126 134 151 149 157 163 159 158 158 152 152 146 131 124 124 123 131 126 129 121 117 118 121 127 136 143 138 116 83 75 91 90 108 118 122 98 79 84 88 85 86 92 89 87 86 39 74 79 81 78 67 38 26 24 35 45 97 178 152 179 223 221 214 220 224 220 219 218 214 217 219 217 216 153 163 213 213 216 214 
65 77 75 79 88 93 87 90 97 82 85 87 109 109 95 96 106 113 123 124 122 138 143 153 154 163 177 163 162 158 150 153 154 151 145 141 140 131 130 120 123 121 119 120 115 118 118 130 121 109 105 99 114 118 105 87 109 88 86 88 88 86 86 89 87 90 57 57 77 71 55 42 42 39 33 53 102 115 208 183 146 218 218 206 212 222 221 218 218 218 212 217 217 217 186 136 206 216 216 214 
73 79 80 72 80 97 91 97 100 86 89 107 118 92 94 95 101 117 128 121 128 148 156 157 157 160 179 178 176 168 157 154 146 144 141 151 147 142 140 137 128 125 125 120 119 115 116 114 108 110 109 104 99 97 95 88 79 81 89 85 89 87 88 85 80 74 61 53 51 47 43 46 57 66 87 130 142 200 225 206 137 197 220 204 210 221 222 220 216 219 210 217 217 214 207 139 182 215 217 218 
92 94 88 82 87 95 94 100 103 86 82 86 97 96 88 101 104 131 127 124 132 144 161 159 164 169 172 173 182 187 180 172 164 162 148 149 155 152 148 136 131 122 119 117 117 113 117 113 108 113 108 111 111 109 96 85 81 83 80 78 74 71 72 65 62 63 58 59 60 53 51 59 81 121 160 203 220 216 225 221 152 167 223 217 220 222 222 222 218 217 214 214 222 216 214 170 141 209 218 216 
98 90 67 81 86 100 104 92 84 79 86 92 108 122 110 121 120 135 121 130 141 150 154 160 166 161 170 171 173 179 189 185 184 178 168 159 160 152 146 137 134 127 116 117 117 109 113 107 107 109 115 113 113 109 108 107 88 84 72 66 58 60 63 67 65 65 72 74 73 78 111 175 206 218 224 226 221 213 224 223 186 139 213 219 222 223 221 221 223 218 218 213 220 219 214 202 129 195 216 217 
108 109 101 107 112 109 106 108 111 109 111 108 116 106 119 123 143 132 132 141 146 151 167 159 164 156 162 166 164 164 175 178 182 172 167 157 146 144 137 134 128 127 124 125 116 115 114 110 108 109 112 116 119 114 113 109 93 79 71 89 94 73 73 75 78 88 99 99 115 170 213 216 217 217 224 226 225 223 223 225 218 138 189 222 222 224 221 224 226 224 220 216 217 218 214 218 160 162 211 216 
139 139 138 140 138 136 138 135 137 139 138 136 138 136 138 151 163 153 146 154 160 165 167 164 163 161 165 165 160 155 156 160 167 165 162 160 156 151 142 139 137 138 132 133 129 122 116 110 107 103 102 108 115 116 116 107 94 97 110 108 114 112 96 93 94 92 93 151 149 187 212 204 216 217 222 224 227 225 224 225 226 164 156 222 224 225 223 224 224 224 220 216 213 216 217 214 190 135 204 217 
140 138 140 138 134 138 137 137 139 133 137 133 135 136 142 165 163 161 168 168 171 165 164 160 161 158 161 159 164 154 148 142 142 146 155 152 149 146 147 143 140 139 140 132 134 133 128 123 119 117 114 110 108 106 99 102 115 115 120 104 97 89 85 86 86 87 124 223 189 160 215 207 204 218 223 224 225 228 225 226 226 196 133 210 225 225 223 223 225 222 223 220 215 216 218 214 208 146 173 214 
163 164 164 162 164 159 163 168 167 166 166 165 167 167 160 157 158 149 154 162 168 170 168 159 160 162 160 159 159 163 156 150 144 141 140 141 133 137 135 141 143 139 135 131 133 129 134 133 139 161 178 195 194 147 93 91 88 80 59 80 85 81 81 85 84 84 160 220 216 147 210 214 211 217 220 221 226 227 224 226 226 217 141 177 221 224 225 225 224 224 221 220 221 217 216 215 212 170 149 209 
170 169 169 170 168 165 170 167 166 166 167 163 161 163 149 147 140 141 141 150 163 165 166 166 162 167 166 164 159 163 157 156 151 149 147 137 138 138 136 135 137 133 132 133 128 122 126 124 199 231 224 219 217 217 211 147 93 89 53 80 83 83 82 82 81 84 148 213 221 168 188 214 216 221 219 220 226 225 228 223 226 221 172 140 216 223 226 225 226 223 225 219 221 216 213 216 211 192 134 192 
102 103 91 96 97 101 96 98 98 107 104 102 112 156 136 143 130 129 134 142 155 163 162 167 171 167 162 160 159 160 160 152 155 155 150 148 145 142 147 143 140 141 136 136 139 121 109 109 197 234 228 221 219 218 221 147 97 95 67 75 79 84 82 84 85 85 103 209 223 201 166 217 217 221 218 219 224 226 228 224 224 224 203 133 199 222 224 223 225 225 222 222 220 216 215 214 214 211 154 162 
100 91 83 83 89 100 110 95 99 96 89 74 140 147 145 137 124 131 122 140 156 159 157 160 166 165 160 161 159 160 158 155 151 150 154 148 148 153 154 140 139 134 120 107 95 99 102 67 143 236 234 216 217 219 221 147 97 96 77 61 80 84 80 83 86 84 87 135 217 221 151 216 216 221 220 221 220 223 227 224 223 222 220 145 169 221 221 219 223 221 219 225 217 218 212 213 214 211 176 141 
122 89 84 74 80 90 97 94 96 78 71 106 151 144 136 131 126 131 127 136 152 161 160 162 162 161 157 157 154 155 152 154 152 151 147 148 154 153 146 140 129 118 103 95 102 106 106 107 131 235 238 224 219 220 221 151 96 92 86 57 84 64 80 81 81 81 84 81 124 221 178 186 219 217 222 220 220 224 226 227 227 223 221 175 141 212 221 219 222 222 218 221 218 218 214 211 211 212 201 145 
105 107 121 96 90 97 102 112 107 87 75 153 148 145 140 136 134 140 142 142 154 162 166 159 157 150 151 152 155 148 145 148 151 148 153 153 155 149 144 137 118 104 104 100 89 96 83 88 100 216 238 231 216 219 220 149 96 95 90 63 74 74 80 77 78 82 84 86 84 185 199 160 217 217 220 220 221 221 226 227 226 220 223 209 129 186 224 219 223 223 219 218 217 218 217 211 212 211 213 163 
73 125 118 105 107 121 127 116 95 78 114 151 147 137 130 127 126 134 142 158 164 163 166 156 155 152 155 150 153 155 156 155 154 153 146 148 148 145 134 124 111 102 91 104 108 121 113 106 114 185 236 234 216 217 221 139 96 92 93 74 62 81 83 77 80 82 82 84 73 143 221 162 215 215 221 220 221 220 227 227 226 221 225 223 154 157 218 219 222 223 220 217 221 215 219 213 212 213 210 191 
82 145 122 96 91 97 98 86 83 79 152 146 135 125 122 115 118 126 133 150 163 160 153 146 149 147 147 148 153 152 152 148 149 149 148 150 149 135 121 104 108 104 100 100 83 86 79 66 74 121 233 231 220 216 218 149 97 85 95 84 55 83 80 78 73 81 83 82 77 106 220 185 191 220 222 224 220 221 224 225 227 224 224 220 191 135 206 220 219 222 222 219 217 216 214 216 212 213 211 207 
102 109 128 117 111 97 80 74 69 111 157 140 120 113 109 115 120 123 124 137 149 157 157 151 146 145 140 142 140 146 145 140 141 141 142 138 127 108 106 111 89 107 117 107 115 117 76 59 59 80 217 229 224 209 218 171 96 92 92 89 60 74 81 83 71 80 83 81 82 87 208 212 160 221 220 223 221 222 220 228 227 226 218 222 214 143 183 221 222 222 223 216 215 212 215 217 211 212 213 212 
91 86 93 94 97 98 101 91 84 153 150 129 114 109 107 108 109 116 124 128 134 141 150 149 145 140 144 139 140 140 143 147 145 140 133 118 105 106 108 118 115 107 112 116 124 120 111 109 101 95 180 227 226 210 216 208 109 95 91 89 73 57 81 85 71 77 80 79 83 83 192 225 156 206 219 222 224 222 220 225 225 223 216 224 223 165 156 222 224 223 225 220 215 217 216 216 215 211 211 211 
122 123 122 126 123 120 126 125 130 162 144 127 111 107 105 99 107 110 124 137 149 149 148 140 139 146 143 141 144 145 141 139 143 131 117 120 132 133 135 134 133 135 131 138 148 154 156 152 136 128 151 223 227 218 212 221 161 95 92 90 80 53 79 82 79 74 78 81 80 84 188 223 181 178 217 220 222 223 221 220 226 220 214 223 224 194 132 206 223 224 224 221 217 217 218 211 215 212 214 211 
132 135 129 132 135 132 133 131 143 162 138 117 105 115 107 102 110 115 132 141 146 151 148 140 137 140 142 145 145 139 142 140 129 117 129 140 138 140 141 139 141 139 136 136 134 149 157 154 142 137 130 218 227 225 210 218 212 124 90 90 86 62 70 82 85 72 79 79 81 81 192 218 209 148 217 219 219 224 219 220 224 225 214 220 223 220 144 167 224 224 222 223 220 217 218 220 212 216 213 214 
141 142 139 143 142 141 147 145 155 153 136 123 112 104 105 107 111 122 127 146 145 151 151 147 135 135 134 143 140 138 128 117 141 165 169 169 167 170 170 172 171 173 173 172 172 171 175 174 167 169 164 210 228 230 220 215 219 186 94 89 88 96 110 91 107 109 148 93 81 92 209 221 222 151 203 218 220 222 221 222 225 223 219 216 225 227 166 149 219 224 222 224 223 217 217 216 209 217 214 213 
187 187 187 189 191 190 192 191 171 149 135 127 125 116 118 118 121 132 136 149 150 151 149 137 126 129 121 127 117 111 100 125 177 180 180 178 179 180 177 178 173 171 168 170 170 171 165 167 163 161 158 182 228 230 229 217 221 220 142 89 86 131 189 202 213 210 203 157 79 107 216 226 223 187 174 216 217 221 223 223 224 222 223 220 227 227 205 128 201 222 223 224 223 217 219 214 216 215 216 213 
145 144 138 142 145 145 149 145 161 150 144 127 121 124 127 134 134 138 143 148 147 146 139 131 128 119 117 106 101 89 83 99 113 100 93 101 86 95 79 74 101 100 68 108 104 93 94 98 105 106 87 88 222 229 234 222 219 218 197 96 88 117 198 201 212 214 197 179 82 105 217 224 221 203 130 216 216 220 220 222 225 224 224 223 225 227 227 148 163 222 223 223 223 219 218 214 216 215 219 215 
93 102 84 88 97 101 110 124 160 156 147 132 126 130 141 150 150 142 141 139 136 129 122 118 112 106 104 101 94 80 75 76 91 96 103 91 106 90 69 60 74 73 62 62 83 82 84 92 88 100 86 101 196 233 231 225 219 221 216 130 87 104 202 195 213 214 200 190 79 90 212 210 170 107 113 188 215 217 221 222 223 222 221 224 222 226 226 181 132 211 221 222 225 222 217 215 209 216 211 214 
103 82 74 66 75 81 88 122 161 153 141 130 127 135 144 148 147 143 135 120 118 111 110 108 107 102 100 96 94 86 76 68 68 71 75 69 70 68 80 82 92 71 44 42 44 46 60 89 82 76 82 109 155 230 230 224 220 221 217 192 97 95 197 193 212 212 206 182 77 75 167 146 139 135 71 135 216 219 220 222 221 225 223 222 223 226 224 210 130 180 221 223 226 225 219 213 209 218 212 212 
89 78 72 72 87 104 109 124 162 153 140 133 136 133 140 154 152 138 130 120 118 115 118 109 111 95 93 87 94 92 87 95 90 91 91 93 94 98 106 110 108 89 59 51 49 58 59 60 64 73 79 83 113 224 235 223 220 223 217 219 141 92 180 201 204 212 216 165 79 101 142 135 131 129 118 141 214 216 219 220 223 225 223 222 225 224 222 224 150 146 219 220 224 225 221 219 209 215 220 215 
89 87 73 81 110 106 96 128 162 154 145 142 146 150 146 161 156 143 143 137 135 127 125 119 112 103 103 97 101 105 109 107 102 108 103 110 112 112 119 118 109 99 95 87 79 77 67 70 75 73 70 66 80 176 232 222 219 225 218 216 196 95 154 212 197 212 205 128 77 127 122 125 109 108 164 168 197 219 221 217 224 227 224 223 224 222 224 223 187 123 203 220 223 224 223 217 217 217 218 211 
82 80 67 77 84 99 96 128 163 151 143 147 154 164 163 158 156 147 146 146 146 136 135 126 121 116 109 107 112 120 122 117 121 125 122 121 120 114 112 107 106 105 101 95 94 96 82 91 88 88 85 79 74 78 104 147 185 219 222 219 218 127 133 202 144 112 74 70 76 105 134 130 123 131 204 199 166 219 216 215 222 222 223 225 224 226 224 224 214 133 165 220 220 222 220 217 212 217 220 213 
91 91 90 78 73 83 105 130 151 159 153 159 162 161 168 157 152 150 154 148 149 146 142 133 133 128 122 121 121 132 130 128 129 132 127 120 111 105 100 107 115 117 106 106 110 103 99 99 95 99 102 103 105 97 91 81 65 68 92 105 112 79 70 66 75 81 85 89 93 106 119 141 181 220 222 217 144 212 212 219 217 223 227 225 223 223 223 222 223 161 130 211 221 222 221 219 218 212 218 216 
97 90 102 109 88 77 101 126 148 142 147 159 163 157 162 156 149 152 150 154 145 147 145 144 138 135 134 127 131 130 128 125 124 117 107 102 97 92 96 102 101 108 115 111 102 105 98 96 97 94 79 80 93 103 107 102 98 85 62 69 66 51 66 68 76 91 113 139 154 168 191 212 224 226 224 222 171 188 214 220 217 224 225 225 225 224 224 222 222 194 124 188 217 221 225 217 219 215 213 212 
78 81 84 89 89 92 108 122 147 148 157 168 167 165 161 159 149 152 148 146 138 147 146 142 140 135 132 130 129 118 119 112 111 108 102 95 87 87 88 98 104 112 113 109 110 110 114 120 123 120 112 98 81 74 74 82 91 106 128 116 108 85 85 104 171 171 212 213 200 212 212 211 225 223 226 219 201 160 216 214 219 220 226 226 227 223 222 221 220 216 145 150 217 216 221 222 220 217 212 218 
94 100 95 90 82 85 105 104 111 140 159 171 173 165 163 157 155 150 144 139 142 135 128 132 129 126 127 126 121 119 116 113 107 103 95 92 86 92 102 114 121 117 111 96 83 86 125 147 157 160 163 160 152 131 108 83 88 76 106 142 184 198 97 92 197 190 198 214 213 206 210 212 219 221 225 214 217 151 210 209 217 221 223 227 224 225 222 222 218 221 174 128 209 217 220 220 217 217 214 217 
127 128 131 135 122 87 66 67 80 99 142 158 162 156 156 150 149 143 136 134 125 122 119 115 120 125 125 132 126 122 122 115 110 102 102 100 105 117 132 139 144 142 108 100 100 91 87 109 156 163 165 168 167 160 156 210 183 189 219 227 227 226 141 86 186 205 191 210 214 204 208 213 212 222 223 218 213 174 185 216 214 220 222 225 224 226 222 222 219 217 206 125 180 215 217 222 216 218 214 218 
140 136 136 99 73 67 66 72 88 107 136 148 144 149 145 128 127 129 126 123 118 116 117 120 125 125 125 125 123 119 114 111 111 109 119 133 145 147 158 167 158 155 118 125 141 112 109 103 104 161 188 186 183 177 173 210 229 231 228 226 226 225 183 84 142 210 186 210 213 206 204 211 213 221 215 221 211 201 161 218 213 217 223 225 228 227 220 221 220 217 216 148 145 217 217 220 219 215 212 215 
149 144 134 123 107 96 93 92 99 117 140 136 131 137 134 117 122 127 127 133 129 125 125 123 126 127 123 119 121 116 118 120 130 135 137 139 147 147 142 126 131 138 134 118 86 96 123 131 114 84 82 79 84 65 83 148 223 233 230 219 225 223 212 95 102 216 195 204 211 210 200 210 211 211 217 218 218 210 152 206 210 215 222 224 227 226 222 221 221 217 221 183 126 208 216 216 217 215 214 217 
173 175 169 149 154 147 143 151 155 163 163 165 160 150 143 130 131 135 140 140 135 133 122 129 126 125 122 122 124 128 135 137 125 109 93 90 83 89 83 97 97 97 87 109 130 115 78 74 103 121 100 68 63 78 90 114 214 233 233 218 222 223 162 55 60 196 213 198 209 214 200 200 209 211 221 214 219 211 170 179 220 216 220 219 226 225 223 220 221 214 222 211 127 169 214 212 214 212 215 218 
130 124 119 111 107 107 110 115 109 104 97 88 97 81 70 67 97 124 136 144 142 134 124 129 130 131 137 138 142 137 116 89 78 69 62 64 68 74 78 84 82 90 64 71 87 105 125 111 80 71 83 120 113 74 60 74 179 231 234 226 219 201 68 42 42 120 221 195 207 212 206 193 206 207 217 211 219 210 194 149 216 207 217 221 220 225 224 221 222 219 218 222 153 138 213 217 216 214 216 216 
78 81 81 83 83 92 100 98 112 105 95 87 78 64 67 73 77 98 114 97 121 125 129 142 141 138 131 134 118 89 80 76 70 75 77 95 96 98 77 98 115 111 83 105 101 106 99 98 121 106 68 56 120 103 94 73 78 93 131 155 167 126 43 44 52 67 207 203 204 208 212 196 207 210 214 218 220 208 211 142 204 217 212 219 219 221 226 224 221 218 217 224 185 123 198 215 218 216 217 217 
73 74 85 97 94 88 82 96 113 110 93 81 84 81 77 74 78 93 89 84 91 80 85 83 99 98 98 121 111 86 83 88 90 76 70 73 92 85 60 87 101 84 85 85 87 82 97 83 93 125 110 91 87 104 104 101 105 94 102 89 81 74 81 65 71 75 207 207 197 204 213 198 201 206 211 218 218 211 215 162 173 216 218 218 219 219 221 221 220 218 217 217 216 129 166 216 215 218 219 217 
74 67 78 99 89 79 93 96 105 112 106 89 94 100 103 106 114 101 84 76 80 74 95 97 80 85 96 101 102 72 81 90 92 78 65 103 119 123 109 93 82 86 63 93 114 83 83 95 87 83 98 97 84 75 86 88 106 129 118 116 118 126 121 119 87 106 223 215 195 207 211 212 186 204 209 210 217 215 214 194 147 218 212 216 221 221 223 217 223 218 217 211 218 164 152 216 217 218 219 218 
88 71 65 90 99 109 115 107 88 78 72 67 64 75 79 84 88 96 106 98 75 66 88 69 86 104 110 111 110 96 70 69 78 71 61 69 148 116 106 88 80 82 80 85 107 107 95 92 83 67 83 82 75 67 84 123 127 192 215 193 154 143 164 177 188 225 229 220 199 203 210 211 187 202 205 212 218 216 215 210 143 203 213 218 218 220 220 217 221 221 221 218 219 202 133 198 216 217 220 220 
74 75 73 77 84 96 106 96 83 87 75 69 60 76 80 78 76 92 118 103 82 66 76 82 84 92 102 105 121 98 81 62 62 65 61 73 93 149 103 153 120 98 80 109 98 97 75 68 82 91 88 97 95 95 104 115 117 138 221 220 218 218 218 223 224 229 228 225 209 194 210 210 194 196 199 213 208 214 214 213 169 170 214 218 218 222 224 219 220 220 221 222 223 210 141 170 214 217 216 221 
79 77 82 73 73 90 112 104 82 86 73 64 66 73 72 94 80 85 102 98 98 94 97 114 94 82 103 129 119 86 76 73 73 72 72 89 95 118 97 112 103 97 99 108 102 112 130 131 141 146 144 154 162 164 162 164 149 141 214 215 217 213 212 213 217 224 224 224 215 189 207 210 208 187 201 211 208 210 213 214 203 136 213 213 216 219 222 223 224 218 214 217 223 219 171 142 211 217 217 216 
92 89 64 65 89 98 90 84 79 81 65 66 67 74 85 92 96 98 97 110 96 99 98 99 87 99 108 95 72 90 99 110 119 124 130 132 131 138 137 136 140 147 150 148 148 147 143 147 131 140 144 147 157 158 159 163 157 143 192 217 220 215 209 214 217 223 222 225 220 198 207 211 210 185 206 209 212 207 217 212 212 146 195 211 217 215 218 220 216 216 212 215 221 219 207 138 187 216 217 218 
87 91 78 60 64 72 85 85 87 88 71 82 85 93 96 70 68 77 72 99 93 124 134 133 142 144 137 141 141 142 140 140 145 143 145 146 147 143 152 151 150 149 152 152 145 135 123 138 142 144 155 142 149 160 165 169 167 159 179 214 217 215 212 212 220 223 225 225 221 204 197 206 209 196 200 205 212 213 215 216 213 180 161 214 215 212 215 216 217 216 220 216 214 219 222 147 166 216 214 216 
88 87 87 96 106 76 75 97 82 100 81 77 107 121 126 115 114 120 126 136 138 138 141 138 135 130 139 144 144 145 140 140 139 140 139 141 110 131 147 144 147 143 135 140 138 144 149 160 178 167 179 180 177 176 166 161 153 150 174 207 211 215 213 215 219 222 225 224 223 213 190 207 210 210 191 208 211 215 218 216 207 211 140 210 214 212 210 212 216 214 211 218 215 216 220 178 127 204 213 214 
134 125 123 109 128 113 125 133 132 120 123 136 134 134 135 135 135 133 136 134 137 134 149 132 129 134 135 143 154 137 144 142 152 139 143 151 165 176 190 185 172 160 155 153 144 143 140 131 128 124 118 120 121 117 116 116 111 204 221 206 207 211 213 214 218 222 224 223 224 215 191 209 207 211 190 208 207 206 220 214 199 218 144 189 212 215 210 209 212 217 216 213 217 215 221 210 135 174 210 214 
139 136 129 131 126 129 122 121 134 124 141 143 149 150 147 139 119 137 143 149 149 150 150 142 160 160 163 161 160 157 153 150 148 146 144 136 130 124 121 122 116 113 118 115 117 116 114 113 113 114 120 126 130 136 142 149 162 208 222 220 212 209 214 214 215 221 224 224 225 218 200 196 207 209 202 199 203 202 213 216 197 210 182 161 211 214 206 210 212 213 212 207 208 216 220 219 149 145 211 213 
136 144 140 134 127 132 153 152 156 152 150 163 165 169 167 166 162 160 160 161 155 148 140 133 129 130 127 126 126 122 119 119 119 119 117 120 120 124 126 133 138 141 146 151 155 156 161 166 167 168 168 164 163 164 159 157 169 198 219 217 215 214 213 215 215 218 223 224 224 223 211 186 211 207 212 195 197 212 210 220 207 209 206 130 207 210 207 213 214 211 213 215 211 218 215 218 180 123 199 214 
170 172 160 153 155 153 149 149 151 151 144 140 136 132 133 130 132 132 131 125 123 124 126 128 132 136 141 145 149 152 158 162 167 169 170 172 172 171 169 166 164 160 157 154 153 151 151 149 150 148 152 151 156 160 162 157 158 160 211 224 221 216 209 215 215 218 222 223 225 224 213 190 203 204 207 197 200 206 209 212 212 204 220 142 194 212 216 211 214 215 216 217 214 215 213 213 212 117 168 214 
138 134 137 136 136 134 128 134 135 138 141 144 146 148 150 155 159 164 168 172 172 175 176 173 167 165 162 166 166 161 152 148 149 147 145 149 150 148 147 146 148 147 150 154 156 159 158 157 160 160 158 153 151 149 147 141 141 140 183 221 228 218 213 212 216 215 220 222 219 216 220 203 190 206 205 203 195 199 211 201 215 204 221 172 154 211 216 212 214 214 214 218 216 217 217 209 215 151 132 211 
154 157 162 166 171 173 178 178 180 180 177 174 171 170 166 165 158 154 148 145 141 146 145 132 133 143 146 148 144 138 148 150 151 151 151 151 154 153 154 152 148 147 142 139 131 122 122 127 134 144 152 157 160 160 164 158 157 162 182 217 224 205 209 212 213 218 217 221 217 217 224 210 184 207 206 206 193 196 212 200 208 206 217 207 132 207 213 213 213 217 215 220 219 216 213 208 214 192 113 192 
168 161 157 155 154 149 148 143 137 136 135 135 133 136 140 143 145 145 148 154 157 158 150 149 154 153 153 150 151 139 138 137 130 133 132 139 146 153 156 159 160 158 155 150 147 146 147 143 140 134 133 129 125 125 121 120 122 126 138 205 211 216 208 211 214 217 217 220 222 223 224 211 184 204 205 205 205 191 202 207 201 204 209 222 137 188 208 210 212 216 217 218 218 216 214 213 210 213 134 151 
132 128 135 134 140 142 147 151 152 156 158 161 159 160 161 160 159 155 149 144 142 141 142 148 148 152 142 143 155 154 158 155 152 148 145 140 134 127 124 119 115 114 113 113 117 121 126 132 137 141 150 155 161 167 172 177 182 185 187 203 213 219 210 213 215 214 217 219 220 224 223 214 194 190 205 204 210 188 200 214 200 198 203 220 178 161 208 212 214 219 217 218 218 218 216 216 206 219 170 122 
161 160 158 156 153 150 146 143 142 142 144 147 150 154 157 159 161 158 157 156 153 147 144 141 132 132 131 127 118 116 115 112 115 120 126 132 138 143 148 153 157 161 167 172 177 180 179 179 184 186 187 186 188 188 185 181 174 164 163 178 216 220 218 214 213 211 216 219 222 225 224 220 202 181 205 204 207 197 196 206 205 200 197 215 209 134 205 213 212 216 214 215 221 219 218 215 210 215 200 131 
146 150 154 158 162 163 164 162 160 158 155 151 143 137 134 124 117 113 113 115 120 120 121 136 144 149 154 158 159 164 168 173 174 174 176 179 179 180 179 175 174 176 176 178 179 176 183 178 163 159 141 114 91 90 101 66 67 81 90 111 205 219 216 216 212 214 214 218 221 219 224 223 207 181 204 203 198 208 193 197 214 196 198 207 221 148 186 214 212 216 217 218 217 218 218 216 214 212 218 142 
144 140 133 129 127 126 125 124 128 131 135 139 144 146 153 156 159 164 169 172 177 176 174 176 178 178 174 176 178 181 182 181 181 178 178 170 166 152 146 123 104 104 114 133 125 134 154 144 155 155 115 105 74 65 77 75 77 81 73 83 179 218 215 214 212 213 214 219 220 221 223 222 212 188 192 203 199 205 183 196 214 197 197 200 219 182 155 212 213 214 215 218 215 218 216 215 212 210 219 179 
137 144 149 154 160 162 167 170 173 176 176 175 176 177 178 179 180 180 182 181 181 182 181 179 174 162 160 157 144 127 123 106 97 95 91 85 88 78 77 93 96 94 125 131 149 171 157 158 162 140 112 100 93 91 89 73 65 79 89 66 126 207 214 213 211 213 212 215 218 221 221 223 216 201 179 207 201 201 196 197 203 202 194 200 211 208 135 209 210 214 213 215 215 219 215 217 208 210 215 205 
178 179 179 180 181 182 181 181 181 179 178 179 177 170 161 148 141 126 115 100 87 87 103 102 98 96 90 78 97 99 93 78 87 77 75 69 66 65 72 92 95 100 120 127 159 174 175 174 157 164 139 125 107 96 81 70 75 73 96 128 188 214 213 215 214 215 218 212 217 219 219 222 218 207 176 204 201 193 205 189 193 215 193 200 204 220 141 189 209 213 210 215 214 213 216 216 211 212 214 218 
172 166 159 150 137 107 107 93 94 91 94 104 107 97 90 85 71 58 52 68 64 59 66 60 77 88 85 89 96 96 95 87 101 98 100 80 75 66 72 107 99 100 150 163 161 160 159 158 165 157 131 107 119 123 106 114 135 173 218 228 231 218 218 214 214 216 216 217 217 217 219 220 220 210 185 194 204 196 202 185 194 210 199 197 204 215 181 155 210 212 208 214 213 215 217 216 208 201 212 215 
74 74 60 66 73 55 54 52 60 57 80 113 120 107 85 79 71 55 55 65 66 78 62 63 82 88 92 97 85 80 115 110 98 98 87 94 72 60 65 91 129 129 164 173 173 158 131 133 147 140 136 123 156 165 175 211 205 229 229 225 230 226 217 216 215 213 209 211 218 217 217 219 219 217 198 183 203 200 199 192 196 202 209 196 200 212 211 137 205 214 206 210 215 215 217 216 203 198 212 214 
47 50 51 61 88 72 53 48 55 66 74 91 138 111 100 96 75 81 69 65 78 76 69 57 75 98 101 90 69 64 62 75 79 94 79 76 52 56 78 87 120 123 147 167 158 118 117 146 166 199 200 209 204 218 209 223 224 228 226 226 226 227 215 214 214 214 210 209 220 216 217 219 220 220 204 177 204 200 194 202 189 194 211 198 194 204 216 153 184 213 206 198 214 214 214 216 213 211 214 212 
53 42 60 65 83 106 70 55 43 48 64 87 123 112 100 85 77 73 75 77 81 75 71 60 66 87 74 79 71 72 70 81 83 92 85 73 58 72 93 103 128 121 135 167 168 198 217 230 233 225 220 221 199 219 225 220 228 230 227 226 229 228 217 213 213 214 207 209 220 215 217 217 219 220 210 186 192 203 199 201 187 193 206 200 197 188 217 186 159 211 211 204 215 214 215 214 214 214 211 207 
