170 174 178 176 175 176 178 173 176 178 176 175 173 173 177 178 183 182 176 174 171 172 176 178 183 184 181 185 192 204 204 207 205 185 177 206 213 177 159 160 167 172 191 199 189 175 172 156 157 180 183 175 192 199 193 194 184 175 167 167 170 178 180 188 183 175 178 191 186 183 188 191 191 191 190 187 188 195 192 188 188 189 190 190 192 192 193 192 192 193 193 193 196 196 195 193 196 187 194 197 
136 131 148 140 132 132 134 134 136 132 133 133 133 134 138 140 142 145 138 132 125 124 133 136 154 172 154 158 151 160 152 143 156 137 144 162 160 152 133 118 122 130 156 164 159 132 135 113 95 135 150 146 152 160 154 163 150 139 116 113 120 127 141 144 137 140 151 149 148 146 149 153 153 150 147 147 145 158 157 150 153 155 157 158 158 159 160 158 158 159 162 162 166 164 163 165 161 163 163 165 
149 131 145 135 133 131 125 134 135 130 134 142 136 134 137 139 148 162 144 128 122 124 130 130 153 183 159 157 166 165 188 157 164 143 159 161 167 152 124 105 109 134 152 152 154 146 139 124 95 129 148 156 154 157 167 175 159 145 120 114 121 99 105 124 119 132 159 144 145 153 151 150 150 146 144 141 145 150 152 153 152 153 156 159 158 160 162 159 160 161 161 162 161 162 163 162 161 161 162 162 
147 128 141 135 133 136 148 143 134 131 130 132 129 126 129 133 140 144 128 127 122 126 133 138 158 180 169 154 154 156 170 153 153 140 153 158 161 160 120 105 108 127 144 149 161 163 139 126 99 116 159 154 164 163 174 177 174 121 90 82 76 61 53 61 85 111 130 131 135 146 147 146 144 139 143 144 146 148 152 155 154 154 157 159 158 159 159 158 159 160 161 161 157 161 162 163 161 160 161 162 
144 129 136 128 130 133 146 143 135 132 134 140 137 132 134 139 141 150 134 123 125 128 130 134 144 150 150 144 148 151 159 151 154 149 149 144 168 174 161 154 115 128 142 147 150 160 148 140 116 100 157 161 154 161 168 139 93 56 52 53 60 57 58 61 61 59 78 99 113 126 134 141 142 141 142 143 147 156 156 155 155 155 155 156 157 158 159 158 158 159 160 160 158 160 162 163 163 161 161 161 
145 131 137 133 134 138 147 141 139 136 138 136 140 137 138 141 140 141 131 125 128 122 135 161 165 159 150 145 139 138 138 140 140 137 133 158 172 231 237 207 129 119 137 151 148 162 187 160 134 86 137 155 158 140 99 66 57 53 54 55 53 50 45 49 57 50 49 62 64 90 116 123 124 136 145 146 149 156 155 154 154 156 155 153 154 157 159 159 159 159 157 158 159 159 159 162 163 161 161 163 
112 101 110 111 113 116 126 127 130 131 138 141 142 140 139 146 148 136 134 130 133 126 135 153 158 157 157 165 151 155 151 151 148 133 132 145 153 181 183 164 158 135 136 148 147 150 158 162 158 111 124 135 102 69 56 59 62 65 70 72 70 66 58 46 42 45 53 56 57 53 62 94 115 123 133 144 151 153 154 154 154 155 155 155 156 159 160 160 159 159 159 160 161 160 158 161 163 162 160 163 
113 53 48 63 86 106 111 112 112 111 110 107 107 113 115 126 133 121 126 127 127 127 134 147 165 159 152 164 157 147 142 141 139 132 130 157 153 183 177 178 151 111 142 145 145 146 169 163 147 126 126 126 109 78 61 69 73 71 78 84 90 93 93 84 73 68 70 64 62 52 52 58 74 107 124 126 140 152 154 153 154 154 157 157 158 159 159 168 159 159 161 159 161 159 161 163 164 162 162 164 
150 125 107 75 47 43 53 75 96 114 123 124 125 124 121 118 114 113 112 109 109 114 118 119 134 138 138 147 146 138 138 143 153 156 135 149 150 166 169 156 152 121 126 131 142 152 166 141 135 131 133 140 122 105 110 95 81 71 67 63 71 86 92 92 89 85 77 74 70 63 56 57 53 55 87 117 125 135 148 154 153 154 157 158 159 159 159 162 157 159 160 161 159 160 162 164 163 163 164 161 
138 112 116 114 100 77 54 39 37 44 59 84 108 125 135 145 149 148 150 147 142 139 135 128 124 119 115 110 108 110 116 117 117 123 122 126 135 156 164 134 134 113 111 137 147 138 167 156 141 137 132 136 140 137 94 81 85 97 100 84 76 77 83 81 84 83 84 86 85 79 81 73 60 53 50 67 100 119 131 143 152 152 156 158 159 159 159 161 158 156 158 160 159 159 158 161 162 162 161 160 
152 135 129 127 126 122 121 107 77 51 39 39 40 48 59 81 104 109 118 131 127 129 138 147 154 158 157 155 150 147 144 137 131 126 123 118 116 115 113 108 112 108 98 112 121 149 166 152 130 132 143 159 156 115 81 65 71 85 89 96 115 120 116 115 109 98 88 89 94 95 99 100 90 75 64 61 58 67 86 116 130 136 147 157 157 158 157 158 158 157 160 159 159 158 156 159 160 158 157 159 
147 136 136 138 139 145 149 152 155 144 113 77 48 41 38 34 42 54 74 95 107 106 102 103 99 99 103 106 114 128 137 142 148 152 150 149 144 139 158 175 153 116 88 91 115 149 140 127 124 144 157 160 162 143 137 129 111 98 115 126 124 127 130 127 124 116 104 99 89 92 97 101 103 105 97 89 81 77 68 67 84 112 125 128 138 150 157 155 156 157 159 158 158 157 152 153 156 158 157 161 
129 98 96 99 104 109 114 121 131 135 146 161 151 105 62 44 42 43 38 37 47 72 101 122 129 133 126 120 117 107 105 100 107 106 98 106 150 203 233 224 191 145 103 108 130 129 126 137 150 161 161 161 168 179 186 187 178 151 141 132 113 107 100 107 126 132 119 102 96 78 91 101 105 105 101 100 102 100 94 88 85 85 106 126 118 129 149 153 155 156 155 156 156 157 156 156 155 160 158 162 
174 147 144 138 125 122 115 109 105 101 99 100 100 107 112 87 60 51 49 48 45 40 34 35 55 100 109 66 42 23 10 13 41 71 142 217 248 251 251 246 227 223 214 184 153 137 135 148 161 168 167 167 179 182 181 174 154 145 143 130 126 125 122 108 85 78 94 107 97 83 77 91 83 83 85 91 103 111 110 105 104 101 99 125 113 112 134 152 153 155 155 156 157 158 156 156 157 160 160 160 
147 132 147 154 153 173 171 159 162 162 159 154 142 136 133 130 126 117 91 63 44 42 39 38 36 36 36 24 22 20 14 30 187 236 250 253 254 253 254 254 249 252 242 172 130 131 138 150 163 175 177 178 175 171 168 162 157 151 149 140 130 123 122 115 103 91 81 82 96 98 75 67 73 70 73 84 101 106 105 101 104 100 102 123 111 109 131 155 150 151 153 153 157 158 157 158 157 156 157 157 
127 96 95 91 90 95 98 100 109 126 142 146 134 150 168 164 163 166 160 157 144 100 62 45 38 38 37 38 33 30 20 66 234 251 250 254 254 254 255 255 254 251 223 139 132 132 136 145 155 168 174 177 175 173 172 168 163 163 166 159 143 129 119 112 115 127 115 92 104 94 96 87 89 76 67 81 88 94 98 91 95 99 107 118 109 108 134 150 148 151 151 151 155 155 156 157 155 155 157 157 
154 133 129 126 122 115 110 104 100 100 99 91 85 88 99 105 107 112 117 130 143 155 160 130 81 47 35 36 38 30 21 117 248 251 251 255 255 255 255 255 255 251 219 139 136 138 138 149 164 192 207 201 184 181 178 172 167 161 169 163 158 155 139 103 104 131 142 117 92 113 110 103 98 101 88 64 76 86 88 92 102 106 116 116 110 123 147 150 149 151 150 151 151 154 154 156 155 151 154 157 
156 139 137 140 143 141 140 141 145 163 162 164 157 139 128 121 115 108 108 106 105 109 115 123 120 130 117 72 34 45 107 213 253 251 253 255 255 255 255 255 254 253 228 144 136 140 142 154 169 203 244 247 235 230 227 204 183 188 176 172 162 158 126 77 68 100 117 143 145 135 128 116 116 117 111 95 90 98 101 103 112 118 120 116 120 144 154 150 148 150 150 150 150 151 153 158 155 152 154 155 
155 137 138 139 142 142 140 139 141 153 168 168 170 165 153 142 139 133 134 140 140 126 122 124 138 147 141 130 42 110 237 252 251 253 251 251 253 253 254 253 254 252 244 186 136 133 136 158 187 217 251 253 252 253 253 249 247 244 216 193 176 163 137 90 48 46 88 111 139 178 179 160 149 144 119 123 125 128 135 135 133 136 140 145 148 153 152 149 148 149 148 148 150 150 151 153 152 152 155 155 
155 139 138 140 141 141 145 140 142 154 170 169 160 168 149 133 133 132 137 139 137 130 129 132 156 194 173 165 81 78 235 250 250 252 252 251 253 251 247 252 253 251 252 243 197 152 171 213 240 251 253 253 254 255 255 254 254 253 249 232 183 158 152 96 36 71 96 107 110 151 219 241 209 162 126 113 115 134 152 152 150 153 152 154 155 152 150 148 147 147 146 146 147 147 146 148 148 151 153 154 
133 111 111 113 121 118 113 110 113 123 139 158 156 163 157 152 147 131 135 136 132 129 126 138 158 180 160 206 198 82 218 220 237 252 252 251 252 238 182 226 252 252 250 249 247 243 247 251 252 252 252 252 254 255 255 254 254 254 250 246 204 157 138 79 33 47 72 97 115 149 228 249 245 224 186 177 167 159 150 143 143 148 144 104 109 127 140 145 147 146 144 144 141 138 138 130 132 147 151 152 
155 120 110 107 106 133 122 115 113 111 107 111 114 123 127 125 126 123 129 136 133 129 128 145 154 178 203 249 248 123 95 168 231 249 252 252 252 232 162 220 245 245 230 213 230 252 253 253 253 252 251 250 254 255 255 255 255 254 251 245 200 129 109 52 45 68 74 94 133 200 246 251 237 245 244 216 211 218 211 187 153 133 106 95 120 122 128 134 142 143 138 137 135 147 128 110 122 136 146 150 
198 177 168 166 155 146 133 135 131 124 119 115 117 120 122 118 114 113 112 112 110 108 108 119 174 232 248 253 252 216 74 131 197 239 252 251 253 245 203 174 200 201 129 122 171 247 252 253 253 253 253 253 254 255 255 255 255 255 251 214 153 102 85 65 61 82 100 99 161 211 238 238 234 227 231 218 207 196 206 200 188 180 172 129 77 57 95 127 137 140 154 150 143 163 160 122 133 131 136 144 
138 122 123 128 121 143 122 124 134 139 127 117 119 124 136 130 138 136 129 139 138 136 132 152 218 231 241 251 254 249 170 101 145 206 248 252 253 248 214 130 161 226 202 194 223 250 250 252 253 252 252 254 253 253 254 254 253 252 251 242 213 153 114 91 66 66 88 116 174 221 236 226 235 239 236 214 199 190 181 196 186 175 182 183 134 41 39 90 140 176 171 149 147 141 151 149 119 103 134 141 
139 126 122 119 152 128 103 111 94 107 106 85 91 106 109 101 91 94 101 122 119 105 150 222 195 188 207 246 252 251 243 151 125 146 214 244 249 251 206 131 163 237 229 218 218 218 246 252 254 251 250 253 252 253 253 254 252 252 252 250 235 219 215 189 166 161 195 216 240 244 248 252 239 226 243 243 240 217 169 165 176 170 176 175 173 115 31 69 167 176 145 150 148 159 163 153 142 90 129 141 
156 148 129 121 142 123 126 121 122 124 119 112 113 116 113 111 106 105 106 111 95 100 208 226 182 189 211 247 252 253 251 233 148 122 149 193 217 240 191 134 159 213 176 146 144 149 208 250 253 251 247 250 252 252 252 252 253 254 251 247 247 248 250 247 245 244 240 229 235 239 247 251 249 249 253 252 248 212 185 177 188 175 184 193 177 162 91 98 154 179 133 151 197 211 168 149 156 108 134 144 
156 138 139 140 141 157 174 136 138 164 156 149 148 157 159 152 135 124 120 119 108 178 245 209 176 183 213 245 254 253 250 249 226 144 127 144 143 167 150 146 178 193 165 159 160 159 186 242 248 239 209 223 233 221 225 239 245 249 248 250 252 249 246 249 236 243 251 253 237 224 228 223 216 211 201 197 203 174 173 190 185 179 178 175 197 189 171 136 127 142 135 162 178 159 129 131 162 142 135 142 
151 133 134 136 137 170 147 138 138 161 167 161 150 149 147 158 147 139 135 134 135 195 247 227 216 220 229 248 253 250 248 250 246 210 165 150 133 130 130 148 171 154 144 149 157 163 169 201 204 199 186 193 197 175 159 165 173 173 184 195 224 239 240 248 251 252 248 236 244 236 214 194 186 177 166 177 198 174 137 143 112 93 130 161 182 190 183 139 112 110 172 167 167 153 170 159 100 104 142 159 
153 136 138 138 144 167 123 124 123 129 139 135 126 128 140 157 151 145 139 134 139 186 248 241 222 229 240 252 251 251 250 247 249 240 222 193 152 137 132 138 161 157 151 152 160 170 173 171 167 171 173 178 186 183 174 166 156 150 134 126 127 147 187 225 244 251 244 224 224 226 214 213 192 176 170 169 173 175 136 91 61 43 43 85 153 164 167 143 97 98 162 170 178 164 153 140 95 115 138 151 
151 136 140 141 169 153 144 141 139 151 170 159 144 137 141 138 135 132 123 120 147 201 247 247 224 225 247 253 253 252 251 249 247 244 246 247 222 182 146 129 148 160 159 156 162 170 171 167 165 169 168 165 161 174 187 193 177 165 142 129 113 107 107 120 163 225 246 237 220 230 221 224 212 167 149 138 127 133 122 87 62 47 43 38 75 124 139 143 93 121 179 170 215 194 162 136 100 127 135 144 
153 136 142 145 169 143 145 144 140 152 168 157 150 145 148 158 148 141 138 147 164 190 235 250 243 244 252 254 253 253 252 252 250 248 246 246 247 243 227 199 180 154 151 164 171 170 168 172 166 164 164 160 152 156 173 191 170 140 113 92 81 74 80 87 114 155 222 246 229 211 193 193 218 190 157 137 116 112 107 94 86 79 64 38 27 91 151 134 122 173 184 150 157 157 139 132 123 130 137 150 
148 130 134 156 150 143 145 142 135 148 169 154 167 160 143 147 139 138 140 174 204 195 205 249 251 250 253 254 254 253 253 252 252 252 251 250 251 252 249 246 245 198 126 145 167 165 149 163 173 159 151 152 151 150 157 159 161 145 114 71 69 48 62 79 97 112 149 205 240 233 204 193 196 194 164 149 131 108 91 74 74 97 94 42 28 101 152 118 117 183 194 170 146 101 99 119 126 137 141 149 
152 131 133 168 127 125 127 127 126 134 144 138 142 138 135 133 132 126 149 181 241 181 146 233 249 251 251 253 254 254 254 254 254 254 254 253 252 251 249 247 246 224 143 130 151 163 126 105 127 144 144 141 145 154 161 147 142 145 107 35 29 41 79 112 156 186 196 196 213 226 228 218 215 209 202 194 161 110 84 83 87 99 67 44 59 140 135 107 172 209 169 153 110 104 118 121 128 138 146 150 
153 136 158 162 144 143 143 144 142 153 170 155 149 155 146 135 133 133 160 174 243 145 121 188 234 250 253 253 254 255 255 255 255 255 254 253 253 252 251 250 250 241 185 136 134 152 139 106 124 117 108 108 113 125 147 149 123 100 73 59 80 105 123 147 181 187 167 169 159 149 179 216 214 206 202 207 188 129 80 69 76 59 39 46 101 159 139 124 145 131 118 117 116 123 130 132 136 144 148 149 
155 140 164 146 143 144 142 142 136 161 175 156 155 157 146 141 140 158 149 216 243 143 115 129 175 222 245 252 252 254 254 255 255 255 255 254 254 254 253 253 254 251 235 180 123 108 124 129 122 115 120 119 109 112 115 119 111 112 114 108 107 114 124 113 114 120 106 113 136 130 163 193 210 220 222 218 203 181 122 75 61 55 101 150 167 145 110 78 104 119 124 126 129 129 134 138 144 149 148 147 
139 150 149 132 134 142 141 141 139 157 178 172 160 158 142 140 145 158 160 239 235 133 122 120 140 157 198 232 246 252 253 254 255 255 255 255 255 255 255 255 255 253 252 241 187 105 79 82 94 98 97 99 97 98 112 121 121 117 117 115 107 103 98 90 92 94 88 80 84 80 81 89 99 120 149 200 221 207 214 214 201 197 193 178 162 124 88 106 117 120 123 125 124 127 138 138 140 143 147 151 
155 165 140 136 131 132 132 130 126 122 135 142 140 141 144 140 159 138 201 246 219 127 119 121 123 126 146 161 208 243 251 253 254 255 255 254 254 255 255 255 253 252 252 252 247 200 112 79 70 80 90 95 92 92 87 86 100 108 102 109 108 101 94 89 85 85 81 81 83 84 87 86 81 74 80 88 141 185 215 223 203 200 193 172 141 120 118 122 124 124 125 130 130 131 137 137 140 141 148 154 
163 156 140 145 141 142 144 146 145 145 160 165 146 147 153 148 153 137 229 250 234 158 125 124 126 122 124 127 136 162 195 227 247 253 252 252 252 253 254 254 253 253 254 253 252 252 219 107 67 76 76 81 83 93 98 98 100 98 95 104 111 109 103 98 95 95 94 96 96 96 96 94 89 77 83 82 121 157 187 195 197 189 161 136 131 126 124 127 130 125 129 136 136 134 137 140 141 146 152 160 
171 143 143 145 144 141 143 143 144 143 160 156 140 146 153 156 133 185 248 250 248 212 175 160 144 136 116 116 111 105 123 150 209 249 250 251 251 251 251 251 251 252 251 250 249 246 247 201 105 67 63 62 62 60 63 63 67 71 72 72 79 87 96 96 94 91 91 96 97 97 94 93 95 92 86 79 129 155 184 174 157 138 134 135 135 131 130 127 129 128 130 136 139 140 141 142 144 149 156 164 
168 117 122 126 130 130 134 135 138 140 147 149 144 147 158 148 137 226 250 239 232 242 234 225 199 196 164 157 138 120 121 171 234 249 251 253 252 252 253 252 251 249 245 242 237 233 242 244 227 162 84 65 65 53 64 66 64 70 75 76 67 72 74 78 82 88 92 92 82 78 74 74 82 83 86 118 147 155 151 130 133 138 137 137 133 129 131 129 125 127 129 136 141 144 145 148 150 152 156 161 
158 132 139 142 140 141 141 141 140 137 138 137 136 148 154 126 159 245 225 189 183 223 246 249 251 249 246 244 234 219 210 212 205 217 228 226 241 246 250 252 251 251 251 251 250 250 250 249 247 241 217 190 187 186 207 211 214 215 211 211 204 201 199 207 211 214 217 208 176 149 134 119 119 128 135 134 129 134 134 144 145 142 143 140 136 133 130 131 128 129 134 138 142 147 149 154 156 156 156 160 
150 134 139 140 141 145 146 146 145 145 144 143 164 171 148 145 204 247 198 164 141 165 214 221 246 249 251 252 253 252 248 196 109 112 127 129 156 181 215 231 242 244 248 248 248 251 248 247 249 251 250 250 250 244 235 234 242 243 240 236 236 237 241 252 252 251 247 246 240 237 229 217 200 166 140 130 138 144 145 143 143 141 137 137 137 135 131 129 132 135 137 142 149 153 154 154 155 159 159 160 
140 123 127 128 133 141 143 144 145 145 144 147 170 159 147 168 233 246 180 144 132 132 154 159 202 226 250 252 253 253 250 209 137 132 142 129 118 129 161 180 203 207 223 220 226 230 232 237 243 245 245 238 231 221 194 193 218 222 220 220 224 235 247 251 249 237 229 226 217 215 208 183 126 110 141 146 146 144 141 143 143 140 135 134 136 134 133 134 134 135 142 146 151 152 154 156 155 157 157 159 
147 131 134 134 134 137 136 135 134 135 131 142 158 135 134 164 244 231 139 114 119 124 127 121 141 163 191 223 239 241 245 244 218 187 196 191 179 187 200 223 227 218 210 195 180 163 156 155 159 154 157 160 164 153 125 147 219 238 238 236 238 242 242 240 231 222 218 209 199 184 144 88 101 131 144 144 142 144 142 144 139 138 135 134 134 135 136 139 140 141 146 148 150 153 154 150 153 157 157 158 
150 136 137 139 144 147 144 145 146 147 143 152 154 159 158 159 241 186 121 113 114 125 121 119 113 119 130 146 163 181 181 199 226 210 210 222 224 225 214 227 235 233 223 211 192 180 174 169 156 146 137 136 135 121 119 161 209 243 244 243 241 238 233 230 222 204 193 169 138 117 104 107 123 129 141 142 142 142 142 140 138 138 136 135 133 135 135 140 145 145 147 148 147 152 156 155 157 173 174 166 
147 131 135 137 142 145 143 144 146 149 146 151 156 159 147 148 223 145 112 114 115 121 118 118 108 106 103 110 114 128 138 130 147 167 178 203 221 226 228 228 231 224 204 186 168 156 150 141 128 121 120 126 130 123 130 161 195 225 238 245 245 243 239 230 213 184 136 130 143 141 128 119 120 128 135 142 142 143 144 142 140 140 139 137 135 136 140 143 147 148 148 151 157 156 154 154 157 167 169 160 
148 135 138 136 134 132 131 134 135 136 152 136 140 142 117 123 157 118 110 107 106 106 116 114 110 107 110 106 108 123 132 135 134 136 134 146 164 175 187 182 180 167 151 142 136 128 121 114 113 113 122 126 141 149 157 170 179 188 195 212 229 238 227 182 147 140 137 153 160 146 133 118 116 126 129 143 143 145 150 149 145 146 144 143 140 141 142 146 149 151 151 154 154 155 152 155 165 175 172 159 
144 132 140 145 148 146 146 146 144 151 153 147 175 146 110 126 134 107 106 104 109 109 109 104 109 100 103 106 122 128 125 132 132 141 138 137 137 135 137 133 132 129 137 130 125 121 120 115 116 111 127 146 170 179 170 186 195 188 167 175 185 157 148 94 83 143 154 154 154 155 139 125 118 124 128 138 142 144 148 149 146 146 143 143 142 142 143 145 150 154 152 155 159 165 154 157 173 180 169 163 
139 131 137 141 147 145 145 146 145 151 151 151 160 111 115 187 154 105 104 105 105 107 107 101 100 96 100 103 113 118 123 117 121 132 134 129 132 137 130 129 129 136 121 116 117 114 112 112 119 111 141 183 195 190 182 197 193 175 137 156 193 128 119 98 75 134 151 144 153 155 138 124 120 124 128 137 145 143 147 150 147 145 145 142 144 145 146 146 150 154 155 153 171 180 164 162 170 169 155 161 
141 130 132 135 136 134 134 136 142 143 133 135 107 124 204 244 190 107 112 113 110 111 104 101 101 100 101 104 109 114 111 109 113 125 122 123 124 125 120 116 115 121 114 113 107 103 101 110 117 112 150 189 202 192 189 195 175 143 132 150 201 151 121 101 81 117 151 150 154 154 145 133 121 122 125 131 148 148 152 150 142 142 149 144 145 147 145 147 152 153 155 152 158 165 170 170 165 167 168 158 
136 130 138 142 145 145 148 151 154 149 154 133 98 188 248 250 198 117 108 103 108 106 101 106 102 98 100 103 106 105 111 112 107 109 110 105 99 109 106 100 104 105 103 104 93 97 96 103 114 124 148 167 191 195 195 177 144 128 143 152 189 175 127 115 97 103 145 153 153 155 149 136 123 121 126 130 146 152 158 151 148 141 145 144 150 153 149 150 155 154 155 160 166 166 172 170 165 185 184 180 
136 127 132 136 143 142 143 154 150 147 148 104 91 207 227 222 190 117 107 110 111 104 101 108 100 98 99 95 110 111 113 122 108 96 96 94 91 99 97 98 103 101 96 97 89 94 96 102 101 109 122 167 196 198 187 148 132 141 153 166 175 190 168 146 111 97 134 153 157 158 156 142 127 121 125 125 139 147 148 151 152 145 142 145 150 154 152 153 154 152 153 159 171 170 180 172 182 193 180 180 
134 128 135 136 137 137 142 155 134 136 120 99 173 216 145 118 120 106 113 113 113 117 109 99 101 98 100 105 107 102 102 101 105 91 87 90 90 91 88 89 90 96 90 90 88 91 90 93 91 92 152 202 206 191 159 129 141 156 153 160 168 191 158 146 141 108 116 151 152 155 158 153 140 130 128 127 134 144 148 150 152 146 144 146 151 152 153 155 155 155 157 171 179 165 172 165 171 172 165 158 
129 128 135 139 144 147 153 150 149 145 96 128 229 175 112 107 106 110 113 113 116 110 109 111 103 100 98 104 110 105 100 103 101 95 87 88 91 84 90 85 88 92 94 92 89 92 91 87 82 118 200 216 204 167 137 135 149 159 154 156 159 183 161 135 130 88 100 145 155 154 152 147 137 127 130 129 133 144 148 147 149 145 147 148 152 153 154 154 157 160 159 172 167 174 184 189 156 158 153 152 
133 124 131 132 136 147 147 138 143 129 92 175 193 103 108 111 114 121 106 106 108 107 111 111 104 102 98 109 111 103 97 99 98 93 91 94 93 92 87 87 91 91 90 88 86 88 83 77 111 194 216 207 169 138 136 151 153 155 156 156 154 172 167 129 127 98 94 133 154 153 153 149 140 128 131 132 131 140 148 148 146 148 149 149 151 153 156 156 159 161 162 181 172 180 183 184 183 177 158 166 
126 121 135 138 142 154 147 141 138 105 104 177 141 101 107 106 113 107 108 107 105 106 103 108 110 103 95 107 104 103 101 101 98 87 92 95 90 91 87 87 88 88 84 83 81 88 81 99 190 219 203 168 135 136 148 155 155 156 153 153 151 158 176 125 138 152 109 117 150 148 153 151 147 139 134 132 135 139 147 152 148 149 147 147 151 155 158 157 159 159 162 180 162 161 167 177 193 182 162 164 
121 117 133 140 146 149 149 150 135 105 96 110 108 112 116 116 119 105 113 118 106 103 104 111 109 107 103 105 101 108 102 98 95 93 92 90 89 90 88 88 90 88 81 84 91 95 98 159 202 195 159 134 138 149 156 155 156 156 154 154 151 150 179 136 129 129 102 107 142 148 149 152 149 140 132 134 133 138 147 155 140 143 151 150 152 155 159 157 160 158 155 175 166 169 172 183 174 167 174 165 
127 119 130 133 151 134 137 136 110 97 82 104 111 109 110 113 116 117 116 108 103 102 113 112 109 104 104 105 105 106 97 96 94 93 97 93 94 93 85 86 86 78 80 93 93 121 170 191 170 144 138 142 155 154 155 154 155 155 156 154 153 151 170 155 136 118 101 97 131 146 143 149 148 144 134 132 131 133 138 146 143 139 141 151 149 153 158 159 162 159 155 166 168 169 179 168 165 169 184 167 
107 109 129 143 146 148 148 135 103 96 106 127 118 103 104 104 105 107 112 103 96 99 103 110 106 98 104 104 96 97 91 89 89 94 94 97 94 87 88 88 77 78 102 117 135 176 175 154 143 148 167 155 158 157 155 152 159 162 153 153 154 153 159 181 208 185 138 107 113 139 140 145 144 144 137 130 130 135 140 148 150 147 142 146 149 153 158 162 164 161 159 166 160 165 167 173 170 170 166 171 
113 107 129 141 137 143 145 126 91 100 115 115 113 102 96 101 101 112 112 109 101 106 106 98 94 97 101 94 84 85 88 89 85 82 87 87 85 81 81 85 83 121 173 177 154 156 142 133 156 183 180 160 153 153 153 152 154 160 149 152 152 148 153 161 174 209 183 129 105 132 139 144 146 143 140 131 128 138 141 147 149 146 143 148 155 154 161 164 164 164 164 162 160 161 165 170 167 163 168 176 
112 104 135 136 136 141 136 106 85 106 99 109 137 129 103 98 102 109 98 96 96 99 100 96 92 93 97 83 87 86 80 85 85 84 76 74 78 79 79 83 139 206 187 140 133 136 134 147 172 183 169 152 152 152 154 153 153 152 151 150 148 148 148 156 129 163 194 176 133 121 140 141 148 148 142 133 129 131 139 145 148 148 144 145 153 158 163 165 166 167 168 168 171 158 168 175 169 174 179 180 
108 104 135 137 141 144 131 107 86 103 111 124 179 185 142 111 110 94 84 88 86 92 90 88 88 87 87 84 80 81 79 75 80 79 75 79 82 81 90 160 186 155 121 133 135 138 144 152 164 180 164 150 150 152 158 159 155 150 149 148 147 150 151 152 136 143 146 145 129 106 132 138 146 147 142 137 132 137 145 145 145 146 139 138 146 157 163 165 166 167 168 172 179 171 163 168 172 179 181 182 
126 128 120 129 131 146 126 109 98 107 122 120 201 238 198 136 112 77 93 92 91 89 88 88 84 82 82 79 79 76 79 75 78 72 71 83 88 88 111 142 117 107 148 145 136 142 150 153 155 178 170 153 152 153 159 158 155 151 149 146 144 146 154 152 145 166 170 143 122 105 123 134 140 145 141 135 132 133 139 142 145 148 149 146 148 158 161 166 167 168 168 173 181 177 172 171 176 180 183 184 
144 113 108 135 138 186 141 108 105 120 162 200 243 243 178 120 108 105 97 92 93 87 89 91 85 83 86 80 78 79 83 80 77 72 79 85 95 102 108 112 106 135 163 143 139 147 150 152 153 174 166 149 150 151 156 156 154 150 148 145 142 142 149 145 144 173 177 135 111 95 113 135 137 147 143 137 133 131 134 143 147 153 153 155 159 164 165 168 168 168 170 173 173 171 173 175 179 179 183 184 
155 91 104 127 135 224 209 175 125 126 185 245 251 243 175 117 99 110 98 88 82 84 87 83 77 80 79 78 76 78 81 78 75 77 88 102 115 117 118 123 139 159 163 149 143 148 149 151 151 158 172 153 149 149 153 155 153 149 148 144 141 141 144 141 145 153 180 178 132 100 98 127 131 141 142 138 136 133 132 144 147 150 151 156 160 163 165 169 167 168 171 172 172 173 175 175 179 179 180 183 
144 77 95 125 161 246 250 242 214 219 230 249 249 240 177 120 102 101 85 85 84 79 89 82 79 81 72 71 71 71 74 76 84 104 122 144 170 153 142 150 157 176 187 164 139 139 149 151 151 153 158 152 149 149 155 160 154 146 146 144 142 140 143 143 140 177 199 206 205 145 93 114 128 140 143 139 138 135 137 144 147 149 154 158 162 165 168 168 168 166 169 169 172 174 175 176 177 178 181 185 
157 80 93 118 209 251 252 252 251 251 251 249 235 221 135 110 104 94 90 89 86 76 79 77 74 74 72 69 68 75 86 96 113 119 142 197 228 206 187 170 180 198 208 181 140 133 149 151 152 153 152 151 148 147 150 155 149 146 143 142 141 139 139 141 139 161 188 199 219 214 126 100 122 130 137 138 135 135 137 139 148 154 159 162 164 167 170 168 165 166 168 169 171 174 176 176 178 180 181 185 
170 88 93 115 226 251 250 252 253 249 249 242 213 162 97 92 93 98 94 88 78 74 72 69 68 67 68 72 85 99 99 101 105 118 162 214 238 235 196 177 192 204 212 182 143 135 146 151 153 153 156 155 155 124 102 138 149 145 141 139 138 139 137 137 140 145 188 206 198 159 122 87 119 125 137 142 136 135 137 138 145 153 159 160 163 165 166 167 168 169 169 171 173 177 177 176 179 183 184 185 
180 87 85 112 230 253 252 252 243 230 244 235 155 107 106 103 101 87 83 79 76 87 76 73 75 76 76 93 104 101 107 108 119 149 189 220 231 210 180 190 201 216 211 166 138 139 148 151 159 158 153 159 166 112 55 110 145 141 135 135 135 136 135 134 139 135 135 165 201 182 137 95 110 124 133 145 141 139 137 137 142 150 161 161 163 163 164 163 166 169 168 171 175 178 178 178 182 184 184 184 
183 104 87 126 233 249 250 242 215 174 194 204 155 109 111 109 109 81 88 88 86 84 80 78 80 82 93 103 104 107 121 129 150 192 229 233 215 180 189 201 211 208 159 137 145 151 155 154 154 172 200 178 152 125 66 102 142 141 136 135 133 134 134 134 135 135 124 141 171 148 117 86 98 125 130 143 142 140 136 140 143 151 157 161 163 164 165 165 169 168 168 170 176 179 180 181 184 186 186 187 
196 107 77 172 235 207 182 181 167 116 112 129 130 116 115 103 101 95 102 94 89 86 87 84 85 103 109 107 115 131 150 176 206 227 238 229 194 173 185 194 197 164 130 135 152 162 152 153 165 218 216 189 181 146 90 100 140 142 138 134 134 131 131 132 134 134 127 139 158 158 148 118 92 122 127 136 145 144 140 140 131 148 154 160 162 165 169 169 166 168 169 173 176 179 180 182 183 186 188 187 
185 124 94 217 183 137 118 107 99 110 117 133 149 152 138 112 103 99 95 90 93 88 86 84 90 117 109 115 145 162 180 204 232 235 227 209 165 160 173 169 153 140 136 144 153 163 150 160 201 234 214 174 167 141 69 95 141 141 139 134 132 130 130 128 129 134 132 144 184 208 190 132 87 114 131 137 149 146 143 140 138 146 158 161 162 166 169 169 169 170 172 177 176 177 180 184 186 185 186 187 
192 138 83 211 140 132 100 133 170 161 162 156 187 218 209 183 161 147 151 139 99 82 84 86 101 115 106 110 130 144 162 185 212 211 212 197 167 165 153 138 139 148 148 150 152 149 155 190 199 215 216 181 172 154 98 101 143 145 136 133 130 129 128 126 127 132 133 150 170 181 150 129 91 95 126 126 144 148 141 141 144 141 154 162 162 165 168 170 172 175 175 176 176 177 179 182 186 188 187 189 
177 147 92 192 156 158 166 224 235 219 205 200 208 213 232 228 224 237 221 152 86 87 90 95 107 111 109 111 119 124 147 172 190 191 199 188 159 148 143 141 139 145 150 154 152 159 176 176 195 203 209 190 161 134 88 110 139 150 139 134 129 130 130 128 126 129 130 143 152 164 142 131 101 85 122 131 140 147 145 141 140 139 152 168 162 166 168 170 172 173 174 173 175 178 179 181 186 186 186 188 
173 162 84 148 168 160 196 244 235 156 124 125 140 161 169 156 138 165 155 117 91 96 101 96 95 100 100 106 113 124 143 164 186 188 195 190 155 136 156 176 161 147 146 161 174 187 186 189 204 210 204 191 163 98 73 109 132 147 139 135 129 129 130 128 124 132 160 154 151 163 193 177 117 83 117 132 134 147 148 144 142 141 147 162 165 168 168 169 171 172 170 173 176 179 181 183 185 186 187 189 
168 169 99 130 172 142 171 237 201 123 121 121 126 123 118 116 114 109 102 101 108 109 90 74 78 89 97 104 110 117 130 144 163 176 187 196 183 143 144 176 189 187 177 181 188 195 204 206 201 189 178 172 151 103 91 114 127 139 137 136 133 136 135 131 134 176 185 165 147 163 164 175 137 90 102 128 134 151 154 147 138 140 144 157 164 167 167 168 171 174 174 176 177 179 181 183 184 186 187 188 
165 174 107 161 184 141 159 234 197 145 127 112 112 126 121 122 116 100 104 110 111 103 90 90 109 113 103 106 105 107 113 124 134 152 170 202 228 211 173 146 151 167 190 195 194 197 199 182 167 154 144 147 149 123 110 115 126 134 136 137 134 136 139 133 151 205 190 181 165 189 165 166 146 102 89 130 137 149 154 160 153 143 142 150 164 167 167 168 171 171 173 178 182 180 181 183 186 188 187 191 
160 166 117 145 209 189 241 249 244 205 151 130 110 116 111 116 117 113 116 122 115 114 111 110 146 189 166 192 203 172 151 136 122 137 161 197 231 238 232 218 199 172 157 168 180 166 153 145 157 161 150 150 150 138 120 119 127 132 137 139 139 139 141 132 157 194 205 204 162 167 168 160 152 119 91 126 138 145 153 155 148 153 147 148 162 165 164 170 172 170 172 177 181 180 181 184 186 187 188 193 
164 166 136 115 170 220 250 251 250 241 211 169 134 107 108 120 122 124 127 136 127 124 116 122 191 237 238 243 245 215 195 202 185 202 225 235 242 242 243 241 238 234 232 218 203 175 140 140 157 161 150 153 152 143 132 127 130 135 140 141 140 144 140 150 182 177 191 201 178 167 186 193 187 147 98 112 138 143 153 158 149 145 145 145 156 164 166 170 172 174 176 179 180 181 183 185 186 186 188 192 
162 161 140 86 136 195 233 238 245 239 199 208 193 147 140 136 132 125 132 141 135 143 141 180 235 245 245 250 248 233 229 244 244 245 245 245 244 240 240 239 241 242 238 235 223 202 176 166 154 155 148 152 150 146 140 134 133 136 138 147 145 162 179 194 210 206 193 173 172 178 212 190 206 165 105 105 139 142 152 160 158 146 146 142 148 167 168 169 173 178 180 179 180 182 184 186 188 184 187 192 
157 149 140 93 119 119 154 180 197 187 142 134 133 134 133 128 128 126 131 135 145 179 211 230 248 250 248 252 251 250 250 251 250 245 240 238 238 239 239 240 242 244 240 241 238 228 216 210 199 183 160 142 140 144 148 141 137 136 144 173 195 219 223 215 216 211 196 175 153 151 202 193 173 151 116 103 137 149 149 158 165 151 148 137 141 161 170 172 173 176 177 178 182 183 185 185 184 186 192 196 
169 154 160 88 112 101 114 124 134 143 114 107 115 117 117 118 122 139 139 141 162 199 211 221 246 249 251 250 248 245 244 243 241 237 236 239 241 242 243 244 247 248 243 239 239 238 234 231 224 214 201 186 186 168 162 170 176 188 212 229 219 225 234 219 219 213 220 176 91 118 197 192 179 154 130 103 131 148 142 156 167 158 147 145 145 158 168 170 171 174 176 177 180 183 186 187 184 187 191 194 
159 144 155 106 106 90 106 123 138 120 107 111 109 99 101 108 118 123 131 142 155 182 191 193 216 230 241 242 243 239 236 234 232 234 236 239 242 244 245 246 248 247 240 237 239 240 235 229 227 218 215 202 206 210 226 229 228 238 237 210 199 221 236 203 180 177 169 147 126 136 195 199 196 192 167 110 115 147 142 156 167 163 147 147 149 151 169 169 173 174 177 177 182 186 188 189 185 186 189 193 
157 144 154 114 96 90 81 112 121 126 105 111 100 98 105 109 118 125 134 137 144 147 150 176 193 192 208 232 236 229 224 228 234 235 233 234 237 240 241 241 238 235 232 234 237 239 234 220 213 210 205 198 201 209 223 233 229 231 239 227 224 237 231 185 150 142 138 137 137 145 184 202 183 210 197 120 107 139 146 157 167 167 148 160 163 150 165 172 174 176 177 179 184 188 189 189 185 187 188 194 
167 150 160 124 88 103 94 116 120 111 105 107 96 92 99 106 115 121 124 135 134 137 136 158 167 148 175 226 228 225 231 238 240 238 236 234 228 222 225 224 221 222 224 225 225 223 214 199 190 187 195 205 215 216 228 229 233 237 228 216 213 210 174 147 146 153 149 151 149 148 164 215 183 192 180 144 109 132 147 153 164 169 156 155 155 150 162 167 169 177 178 181 182 184 185 186 187 185 188 193 
147 121 124 129 98 95 92 106 135 117 114 100 88 93 101 100 101 105 111 122 130 125 129 142 158 144 159 184 210 236 240 238 236 231 228 222 212 209 212 211 215 220 217 215 202 195 194 203 212 209 207 214 224 230 235 222 219 212 205 193 171 156 144 151 154 157 157 157 156 153 160 218 194 214 218 193 124 119 148 150 161 170 160 147 150 148 155 168 168 174 177 181 183 184 186 189 190 187 189 191 
145 120 112 111 109 111 124 108 151 138 114 101 94 103 111 96 94 104 105 109 117 127 132 131 142 141 168 170 207 239 232 218 209 207 210 212 212 212 207 202 200 197 192 189 182 183 187 198 220 228 211 215 230 232 224 218 211 204 178 155 146 163 156 158 158 159 161 158 160 156 156 208 210 215 209 176 140 112 143 147 151 170 175 160 152 145 146 162 171 174 176 180 180 185 189 192 192 190 190 192 
135 112 105 96 95 117 143 139 127 141 141 143 92 100 114 106 98 105 110 112 119 147 135 127 137 145 180 211 218 212 199 196 203 204 201 196 198 190 181 170 155 146 156 172 175 160 150 154 167 173 193 221 234 222 209 216 192 158 141 152 148 166 165 168 165 160 162 161 163 156 151 181 233 221 205 187 172 123 137 152 158 173 175 165 153 146 145 154 169 173 177 181 180 184 188 189 191 193 192 192 
166 148 145 140 137 153 140 90 82 128 140 144 122 110 118 114 101 102 103 118 127 129 128 125 145 157 156 180 188 187 194 201 191 187 181 169 169 163 159 164 163 158 158 167 176 157 155 163 164 154 151 164 187 186 177 166 148 148 151 151 151 156 163 176 172 156 162 164 160 154 154 167 229 196 176 172 146 111 129 156 160 164 173 170 157 149 145 150 169 171 178 187 185 184 188 189 191 193 191 188 
157 136 130 135 148 133 88 72 94 124 135 143 143 145 137 135 126 115 104 99 115 109 122 162 168 149 127 135 170 175 188 192 172 169 160 146 146 155 157 160 153 157 160 166 170 166 156 172 164 157 157 158 155 154 156 159 156 150 152 152 152 160 157 176 180 165 169 163 158 158 159 162 215 206 181 193 174 128 120 159 160 163 173 175 163 152 145 143 159 167 174 182 184 183 186 190 190 192 193 197 
142 120 130 144 147 106 73 86 119 129 140 148 151 148 148 139 137 155 137 117 115 125 136 167 187 193 198 201 204 203 206 209 210 199 186 170 157 152 161 166 168 164 161 179 176 165 158 170 157 157 160 157 159 159 160 157 156 154 153 152 157 170 164 158 175 175 168 165 163 163 161 162 198 223 183 204 195 150 117 152 160 163 172 176 167 156 150 144 155 169 172 177 179 183 186 188 190 192 192 193 
138 112 109 112 111 75 94 120 129 134 142 147 150 151 153 150 146 145 142 148 174 199 213 208 211 218 221 221 221 220 221 224 223 220 212 199 183 169 163 152 165 166 164 169 166 159 166 169 164 159 161 155 157 157 157 157 158 157 155 155 156 160 161 159 169 165 170 167 164 164 163 165 183 237 209 210 175 147 120 142 163 159 170 174 169 156 151 149 151 171 173 178 182 184 187 189 190 192 192 194 
167 147 147 142 135 134 125 135 137 138 140 144 147 149 151 151 151 149 149 161 173 176 179 171 178 200 213 218 224 224 223 224 225 224 217 213 208 193 173 152 149 162 166 164 163 166 163 172 168 161 162 158 157 157 157 155 156 156 157 157 157 154 169 158 167 170 167 171 165 165 164 166 172 229 209 202 194 162 128 130 161 162 166 178 179 162 154 146 145 164 173 178 185 186 189 191 190 191 192 192 
175 155 152 149 143 141 132 132 140 140 140 142 147 150 150 151 150 147 154 168 171 173 167 159 154 161 171 163 175 199 207 221 224 223 221 218 216 213 197 175 157 160 162 162 164 166 170 177 162 169 166 159 158 158 159 159 158 157 155 157 156 156 170 158 162 168 162 157 165 165 164 164 164 211 231 188 190 172 140 124 157 162 160 176 181 170 156 147 140 153 170 176 182 186 186 189 190 191 191 191 
145 126 141 126 95 89 89 106 134 135 137 142 149 153 152 152 160 155 158 169 162 165 163 159 158 176 178 158 154 167 163 169 197 218 221 223 224 219 214 206 183 163 154 163 160 167 180 181 164 161 173 160 159 160 163 163 160 157 155 157 157 157 159 159 169 177 167 165 162 172 168 166 165 192 244 205 201 178 147 117 146 162 162 172 177 176 161 151 144 146 169 173 180 187 189 188 190 191 190 191 
168 155 144 134 158 124 117 113 142 138 137 146 148 154 154 157 171 165 156 161 156 170 168 156 163 183 178 162 158 172 170 164 157 162 189 216 223 214 217 210 202 177 156 156 172 184 187 179 159 155 164 159 163 162 161 163 162 157 158 157 158 162 159 160 163 170 170 179 168 171 169 169 167 179 241 206 189 182 155 121 134 161 163 169 175 179 167 158 149 149 165 171 179 187 186 189 193 191 189 190 
144 118 119 136 176 118 67 96 123 126 127 131 137 147 146 141 149 148 152 158 158 176 170 160 168 178 172 160 160 167 166 161 157 156 155 159 185 210 219 214 210 191 168 153 174 184 185 184 171 160 160 159 162 161 160 162 164 159 158 156 162 170 163 163 166 172 176 172 175 168 167 170 168 175 231 231 215 189 166 134 125 157 166 168 176 180 173 163 152 149 158 172 176 183 184 189 195 192 190 192 
174 156 154 154 175 127 81 107 119 122 123 125 134 147 146 138 152 151 154 161 160 161 162 159 171 185 159 157 159 160 169 175 158 155 158 161 169 175 186 203 212 199 188 186 186 185 184 180 166 157 165 166 161 160 160 163 163 159 158 160 173 180 165 167 165 167 170 176 184 173 172 173 173 178 203 246 218 198 194 163 129 151 167 170 178 182 180 167 157 149 154 170 176 182 185 187 191 192 193 194 
175 155 152 146 171 135 76 102 117 120 122 122 126 142 146 148 149 148 153 155 157 162 157 155 157 177 154 156 157 156 164 176 162 157 159 160 161 162 184 190 190 178 165 174 173 166 177 182 174 157 169 171 163 162 159 162 164 161 161 164 163 164 166 166 168 166 169 171 187 177 174 173 173 173 180 245 206 225 222 172 120 140 167 169 174 180 182 172 163 155 151 159 173 179 187 182 186 192 192 193 
115 86 116 133 177 135 75 96 111 116 120 118 122 139 146 145 147 152 154 153 160 167 160 162 161 174 159 160 165 155 159 165 159 159 157 159 160 173 176 187 177 160 156 176 165 157 165 185 181 160 161 164 161 161 164 162 163 162 163 166 165 166 167 166 167 168 170 171 186 180 169 170 174 174 176 230 224 219 228 188 130 128 162 168 169 180 183 177 164 154 148 153 171 176 186 186 185 187 192 194 
