174 165 150 171 175 167 195 196 205 204 200 199 212 187 186 194 214 204 217 202 196 196 193 186 194 192 211 214 208 196 211 219 194 203 199 208 191 199 229 215 183 188 180 171 188 201 211 172 181 191 206 197 191 187 214 211 200 199 213 185 201 199 186 203 216 200 156 179 195 213 222 160 148 158 146 129 109 110 137 119 125 136 147 168 177 157 171 173 152 151 194 170 160 140 162 168 150 178 194 194 
169 160 158 182 183 178 202 206 214 205 205 203 199 193 186 199 195 200 202 190 208 201 200 184 184 199 193 208 208 203 217 212 197 202 200 216 211 217 222 213 191 181 179 191 195 202 198 197 195 199 199 195 189 210 212 208 212 205 207 185 199 219 180 181 208 178 190 207 198 218 214 181 138 118 99 94 85 94 92 93 98 106 118 136 146 146 158 183 162 148 157 162 157 142 154 151 137 152 189 161 
169 168 159 191 202 189 201 195 205 206 218 219 212 194 189 193 197 211 206 188 190 193 200 192 181 185 193 218 199 205 202 219 214 211 195 220 217 204 212 213 211 184 181 199 219 189 179 189 194 189 201 201 198 220 205 205 203 186 192 181 188 212 193 189 200 166 179 207 197 213 207 161 109 86 79 79 77 85 86 86 81 79 77 84 86 104 131 160 148 118 147 147 142 138 131 147 152 165 165 155 
165 179 166 203 193 194 197 191 209 214 204 221 209 190 194 213 205 219 213 198 193 181 203 189 200 213 202 206 203 185 188 211 196 194 184 207 195 201 220 217 215 195 204 203 205 193 183 210 186 193 202 190 190 219 226 221 214 191 177 190 199 206 183 172 174 176 194 206 197 214 159 114 94 76 77 69 76 81 78 78 74 70 66 61 67 71 89 108 153 129 143 134 141 130 136 136 143 158 162 134 
155 169 172 193 191 180 189 200 207 190 192 213 200 179 203 198 205 214 215 182 189 194 198 202 188 213 210 212 194 198 203 211 194 184 189 198 202 202 221 221 204 192 188 165 200 186 192 186 163 187 192 185 171 209 225 217 208 210 186 172 176 178 151 163 194 188 182 191 183 154 109 101 85 74 70 70 70 71 82 77 76 60 55 51 50 54 67 80 98 98 112 121 139 164 149 136 159 165 156 137 
158 158 175 193 188 191 196 207 215 203 207 211 204 187 206 199 206 206 195 170 187 183 199 188 184 205 225 205 208 210 191 211 208 192 177 196 188 203 218 226 196 191 178 181 195 176 199 201 169 193 204 186 177 210 214 235 213 192 213 175 172 159 158 166 200 198 204 170 139 108 99 92 80 73 70 64 59 79 78 77 71 60 59 56 55 58 62 61 66 68 81 82 125 142 129 141 142 157 174 150 
161 171 180 176 189 199 198 211 218 198 205 212 199 213 216 204 205 188 171 176 173 168 186 190 197 206 216 193 209 217 197 205 213 209 183 206 201 206 220 212 190 180 157 182 197 197 187 200 164 181 196 200 192 196 213 218 203 204 209 197 167 169 168 178 193 194 157 133 109 96 94 84 78 71 65 46 69 74 70 70 67 58 59 57 59 58 57 52 58 66 64 67 102 114 121 112 130 154 148 146 
158 172 172 185 187 192 178 211 217 202 199 192 204 215 217 205 201 181 165 169 186 190 187 188 192 200 215 195 202 214 209 198 216 198 212 204 212 202 215 206 197 179 163 177 183 173 185 180 180 208 206 202 200 196 208 178 207 214 217 191 145 177 154 167 182 170 121 114 95 95 85 75 69 61 57 52 65 56 67 70 63 58 61 56 57 61 65 56 48 55 54 58 62 96 119 106 129 142 143 170 
167 163 173 183 174 175 191 210 222 203 197 193 215 193 209 207 198 192 189 181 193 184 196 184 180 196 205 210 193 212 219 200 218 198 214 194 201 197 211 189 200 191 166 194 169 191 194 194 173 203 203 206 199 188 203 174 186 189 212 209 169 169 138 142 167 130 110 105 93 89 81 68 59 53 49 60 42 54 61 61 63 56 60 59 58 63 62 50 38 43 48 48 56 66 91 116 111 141 140 146 
168 178 185 191 191 182 197 211 209 203 195 197 220 204 217 212 209 196 203 164 180 192 200 195 179 171 180 201 209 218 221 214 228 190 214 214 204 203 209 195 186 185 177 194 188 179 195 180 184 192 207 201 205 191 205 196 180 186 198 198 165 155 119 114 133 111 109 100 93 86 77 61 55 49 39 52 34 50 56 54 59 58 58 58 62 59 56 49 43 44 42 44 53 57 65 80 127 131 142 164 
162 170 194 188 192 191 200 203 208 196 184 216 215 210 214 208 220 197 188 182 200 179 191 194 170 195 172 203 190 216 212 219 230 189 218 205 214 204 217 195 206 183 184 208 204 182 205 197 199 204 205 202 205 186 203 189 179 180 195 166 152 135 107 103 109 109 102 95 88 81 70 59 47 42 31 43 31 53 50 52 55 54 55 62 62 59 47 47 50 51 40 37 49 52 54 75 97 118 148 138 
155 187 210 188 194 202 200 206 220 220 206 213 206 213 204 212 216 196 199 194 203 185 190 175 183 208 187 194 192 209 212 208 209 199 215 203 207 220 221 197 194 173 182 188 189 201 210 189 178 183 203 204 204 187 196 206 190 189 186 141 125 115 106 104 100 100 96 94 86 77 65 56 45 35 28 31 34 46 44 47 51 52 53 62 60 56 53 48 54 56 51 44 51 45 42 56 93 138 111 122 
164 170 190 188 192 196 194 203 207 221 201 203 218 217 217 206 197 196 193 162 187 194 186 181 179 192 186 196 202 210 222 226 204 210 212 212 211 214 207 193 164 166 197 179 196 208 208 181 172 175 191 187 199 187 192 202 200 183 159 111 105 103 99 97 98 100 91 87 81 76 65 53 44 33 29 26 33 36 40 48 51 53 54 60 57 57 58 54 49 48 49 51 48 47 40 45 74 123 104 118 
154 168 182 197 195 199 200 209 208 220 213 216 214 213 209 187 195 200 197 165 205 207 206 191 177 169 194 197 196 206 223 225 207 208 193 206 215 201 187 192 168 180 206 192 198 204 194 195 174 166 184 181 191 195 197 200 186 160 126 99 103 101 98 99 98 95 88 87 84 75 62 52 44 39 27 26 27 33 39 46 48 53 53 61 52 59 60 57 49 41 44 48 49 51 45 40 50 103 116 156 
158 166 177 195 193 198 202 204 210 218 216 206 213 215 206 194 199 203 204 182 210 207 219 202 175 185 188 188 209 210 213 214 211 213 196 200 210 195 184 203 189 197 212 210 193 168 179 197 178 172 190 168 189 182 177 187 146 124 102 98 102 97 97 94 96 90 92 89 87 82 61 55 49 43 34 28 27 36 38 40 45 53 53 59 57 59 65 61 53 45 45 41 39 45 47 40 42 74 118 130 
161 167 178 183 192 201 206 205 209 192 206 196 216 214 218 204 196 188 193 189 206 199 203 200 185 190 185 191 220 208 211 201 214 205 213 209 206 192 192 198 198 180 201 193 184 158 177 166 185 172 173 174 191 168 170 143 110 100 91 97 99 96 93 92 90 90 94 91 92 84 63 63 50 43 36 34 32 36 34 41 45 52 56 59 63 57 61 54 51 50 59 49 44 44 45 41 42 61 99 111 
165 183 186 194 185 200 195 203 202 191 198 200 217 215 223 211 194 194 176 160 195 205 200 189 203 186 183 176 187 207 212 202 210 202 207 212 217 197 201 203 196 178 191 186 169 168 170 177 162 169 158 158 183 175 176 141 97 91 90 100 100 95 89 88 86 93 96 91 95 84 75 70 51 44 36 32 30 29 30 38 44 51 58 63 63 56 58 51 53 55 54 48 42 43 45 45 47 56 89 103 
172 179 198 198 185 197 200 204 193 208 198 199 206 209 215 223 202 198 186 182 200 212 201 177 182 190 178 187 197 218 226 214 217 207 200 210 213 208 203 195 195 186 188 183 172 169 181 171 164 167 176 166 171 153 151 119 90 87 97 104 100 93 85 90 97 99 93 97 95 91 83 75 61 48 42 33 32 31 30 34 39 44 54 62 58 53 48 49 50 51 46 47 44 39 43 46 50 49 79 125 
165 171 202 215 197 180 203 205 202 207 191 199 211 208 216 209 206 195 197 192 191 210 190 168 180 199 180 192 214 216 226 216 214 200 196 181 208 189 202 187 192 189 172 203 200 186 191 194 201 181 183 181 157 134 114 94 91 98 107 98 100 97 97 99 97 89 91 93 92 86 80 78 65 57 48 34 36 34 32 33 33 36 50 59 56 53 46 46 42 46 45 51 47 39 43 49 45 45 73 106 
156 165 186 208 192 178 188 189 194 204 202 211 207 205 207 202 199 199 190 181 183 196 182 166 187 200 194 179 220 201 214 186 214 198 187 180 195 182 204 193 184 189 173 194 191 192 183 190 169 197 196 186 130 104 95 86 100 106 108 103 108 101 99 97 92 89 95 91 90 86 79 78 65 59 49 44 41 31 31 33 32 35 45 50 53 51 45 42 36 41 42 45 45 38 42 44 42 39 63 114 
150 161 193 198 206 192 200 182 194 198 205 209 192 211 210 204 205 200 179 176 183 177 171 184 188 199 199 208 201 213 207 190 211 202 186 180 175 206 196 191 194 196 180 182 198 198 202 184 176 201 194 175 117 92 89 92 107 110 106 108 102 97 97 96 92 94 94 86 85 83 80 75 69 65 58 53 47 34 32 31 30 31 36 43 49 44 43 39 38 41 40 36 30 30 35 36 33 35 61 105 
155 177 203 201 203 207 197 170 184 200 197 200 191 205 212 200 194 191 181 187 183 160 162 189 192 204 198 209 183 201 219 210 204 212 195 190 195 210 196 188 211 197 169 154 165 188 195 164 192 179 165 145 104 94 98 103 106 105 104 102 92 93 93 91 89 86 85 78 79 77 80 70 67 68 55 53 46 35 32 31 29 29 28 35 40 41 42 38 37 35 33 27 23 29 34 35 30 28 57 92 
174 177 190 192 211 202 196 184 169 194 202 203 205 209 206 197 201 182 179 185 171 159 164 168 189 187 190 193 202 202 202 202 194 209 182 203 204 208 219 199 219 186 188 179 168 173 189 170 183 149 111 110 97 100 100 101 99 96 93 88 90 88 88 86 79 80 77 77 80 82 78 72 71 66 56 51 50 39 35 32 29 26 25 29 36 41 39 39 38 36 32 31 30 28 37 38 35 30 61 93 
159 163 183 187 200 189 189 182 180 197 210 207 211 206 196 192 193 177 156 173 179 155 156 154 171 188 164 184 199 193 186 207 212 202 181 206 195 197 220 204 213 200 173 176 175 184 190 168 151 123 85 96 99 95 93 95 91 91 86 83 89 84 88 84 76 77 75 79 81 79 75 71 70 65 63 56 51 43 37 34 31 30 27 28 35 38 38 36 36 38 31 29 31 36 42 43 40 31 68 81 
161 164 185 194 201 190 184 169 189 202 222 222 196 187 177 188 185 190 167 145 144 127 127 139 169 164 166 185 197 193 204 207 208 199 199 204 196 183 210 197 193 192 170 154 161 164 165 162 140 93 96 101 93 87 87 90 83 84 78 79 83 84 84 81 74 72 72 79 76 75 70 69 66 63 60 59 55 49 43 35 36 33 27 26 29 34 37 35 37 38 36 33 34 39 40 44 44 36 55 81 
157 179 192 184 201 189 185 178 203 205 208 208 188 184 186 192 183 179 157 122 110 105 111 121 151 129 145 175 195 193 222 216 194 184 200 192 202 185 215 204 198 187 169 137 172 167 156 133 108 96 104 97 85 85 84 81 76 76 73 76 77 79 78 77 74 67 72 71 72 72 70 70 67 64 60 61 58 53 49 42 39 42 34 31 28 30 32 35 38 41 36 40 44 44 42 47 46 41 43 89 
136 172 175 179 195 196 204 199 200 196 216 207 178 201 196 188 179 156 116 94 93 91 99 104 112 100 126 161 209 212 226 213 176 197 200 181 181 197 220 218 218 191 155 175 178 162 121 101 100 101 99 92 87 89 83 80 75 79 80 78 79 78 83 83 78 80 75 72 78 77 72 69 65 66 64 58 57 58 56 53 52 50 41 37 28 26 28 34 37 37 40 47 46 43 44 43 42 39 54 105 
124 175 183 188 193 192 191 197 203 202 210 193 169 192 182 172 158 125 96 87 87 83 89 88 88 102 112 147 182 205 211 198 191 188 205 190 183 185 228 215 209 190 167 179 162 116 104 103 98 98 96 87 91 88 88 86 84 86 88 85 88 89 89 88 83 85 76 82 82 80 71 65 68 77 71 61 60 59 56 59 61 52 54 48 36 30 34 36 38 41 42 46 46 42 41 38 39 38 55 96 
108 174 175 194 189 189 193 199 200 205 200 174 160 176 162 127 126 108 86 82 82 80 81 78 84 84 90 125 176 182 194 191 166 184 205 215 190 203 229 206 202 165 120 137 128 100 104 102 96 96 92 93 92 93 91 92 92 96 98 96 94 91 89 88 88 78 76 85 86 81 76 70 79 86 74 68 71 65 59 63 61 58 67 61 58 56 56 51 51 45 46 44 44 44 43 38 41 40 40 75 
108 171 173 187 184 179 186 200 190 186 185 165 145 159 130 113 106 97 78 79 76 82 78 88 131 162 82 101 157 151 172 193 169 196 197 187 200 207 205 205 192 150 121 104 103 106 102 97 96 92 95 94 98 98 96 93 96 96 99 97 94 88 88 86 83 76 86 83 85 83 78 81 87 76 68 58 60 63 64 66 69 68 72 72 69 69 71 66 67 59 52 49 43 46 45 47 51 51 43 55 
152 171 185 188 185 184 188 202 187 164 157 142 125 142 120 104 84 82 69 78 77 76 79 106 170 211 110 92 114 120 156 179 170 187 179 205 207 209 208 205 189 149 127 106 108 105 97 97 96 98 97 98 100 96 94 96 96 95 97 96 87 86 83 83 84 85 87 84 83 79 77 78 78 71 63 50 51 52 56 53 60 61 68 69 66 68 71 70 70 66 58 52 56 56 55 56 55 58 45 47 
147 176 167 179 179 178 194 190 178 144 112 109 107 117 113 80 85 85 72 70 78 85 92 96 106 113 99 97 89 85 118 167 153 172 193 206 206 193 197 195 178 141 119 105 106 106 103 100 97 99 97 96 95 92 92 94 95 89 92 87 84 83 77 78 79 78 80 81 76 69 63 64 66 67 59 51 45 45 49 52 57 57 57 58 56 58 61 68 68 59 57 60 62 59 61 59 57 59 49 46 
134 195 162 186 185 191 197 193 156 114 81 88 91 97 106 94 97 88 73 66 65 83 85 88 91 93 95 90 80 68 92 107 100 156 188 212 218 203 198 191 164 133 108 107 109 102 100 98 90 96 95 91 90 89 88 89 87 87 86 80 81 77 71 77 74 73 77 77 72 64 58 60 69 65 59 52 42 42 45 53 61 61 55 62 56 54 49 55 54 56 52 62 56 59 62 57 48 53 53 51 
140 179 173 179 186 177 182 163 116 88 71 74 71 96 90 103 101 86 75 61 57 75 78 82 86 89 93 85 78 72 67 61 72 121 187 203 200 186 189 172 130 115 107 103 101 99 95 88 91 94 91 84 85 86 87 81 78 79 72 77 75 72 69 74 68 71 73 71 66 60 55 54 57 58 56 45 40 47 49 55 59 54 55 56 57 57 52 52 55 59 55 52 58 51 53 52 52 61 57 52 
146 184 197 180 176 170 149 124 83 77 77 72 69 94 77 94 88 86 74 66 59 74 79 81 83 83 89 79 78 78 59 51 63 84 161 182 178 174 168 130 105 105 102 97 98 95 87 86 90 89 84 76 78 84 80 74 74 72 70 78 68 64 67 71 65 67 71 63 64 59 54 44 49 53 53 43 44 48 57 60 56 58 61 62 61 59 62 59 59 56 54 60 57 53 58 58 63 64 59 56 
172 183 195 184 180 151 104 86 61 62 67 77 82 86 67 95 63 79 68 66 68 68 70 72 71 77 81 75 77 71 64 56 53 64 105 137 159 130 125 99 92 97 98 90 91 86 85 77 81 77 73 72 78 75 74 69 69 66 72 73 66 65 67 64 71 66 71 59 61 59 56 43 46 44 47 55 58 49 56 65 63 64 62 53 57 59 64 64 53 53 60 58 60 61 61 60 64 62 59 58 
201 184 195 182 168 129 70 57 55 55 56 60 85 83 83 74 66 74 64 65 72 65 64 65 62 63 64 65 62 55 62 60 52 56 64 111 122 99 101 89 77 92 91 85 79 72 70 67 68 68 65 74 73 67 69 63 62 64 66 64 65 63 63 62 67 64 70 61 58 59 47 43 43 38 45 57 61 57 51 55 59 50 47 52 54 50 52 58 57 59 61 61 62 66 68 66 70 66 62 58 
251 247 219 174 153 90 55 49 46 43 45 47 73 75 72 74 79 73 64 65 65 59 59 61 61 55 55 55 51 45 57 60 60 62 61 85 93 89 91 76 70 80 85 66 58 63 61 55 62 64 63 62 60 64 61 66 61 59 57 63 62 65 58 59 58 63 68 58 58 59 50 49 43 36 48 53 58 61 55 49 50 45 42 43 45 45 47 52 59 57 53 64 65 64 68 66 67 69 66 60 
254 251 221 173 129 59 49 45 45 39 38 43 61 62 68 80 94 75 64 61 56 55 59 63 59 52 54 48 50 42 48 58 66 61 60 65 71 75 75 71 63 68 77 70 62 50 48 52 60 57 54 53 51 54 63 65 63 61 58 63 61 63 59 60 59 65 69 64 62 57 52 51 45 34 46 47 53 59 51 45 47 48 41 45 44 41 45 55 62 56 65 67 67 63 64 67 68 67 62 59 
254 248 196 146 115 61 60 49 46 44 43 39 48 63 60 88 80 66 60 53 50 53 59 62 60 54 52 51 49 45 50 57 67 66 58 53 67 67 61 71 73 78 74 76 55 42 45 47 46 52 53 52 48 55 56 57 57 60 57 63 62 60 58 62 64 64 62 60 59 51 50 52 48 42 40 38 51 59 52 43 44 44 44 51 45 42 46 56 62 61 59 63 62 63 66 69 71 67 60 57 
253 239 167 122 109 66 64 60 52 48 45 44 48 62 63 81 63 53 51 46 47 60 67 67 66 61 58 55 50 47 50 55 64 70 75 64 52 58 62 70 64 61 65 62 56 54 49 42 43 52 50 48 45 46 47 49 51 61 64 64 63 60 62 63 65 60 59 54 55 51 50 46 45 44 52 43 56 54 46 43 47 40 40 44 48 47 47 54 56 56 52 57 63 63 64 69 64 63 57 53 
250 225 149 110 92 62 62 54 47 60 62 47 46 51 62 71 44 49 44 47 55 65 71 67 65 64 66 59 54 52 58 81 91 89 81 67 54 49 58 68 59 52 54 52 52 59 46 40 43 44 46 44 49 45 41 45 53 60 63 68 61 61 63 65 64 54 62 54 53 53 50 46 43 54 61 45 49 44 42 45 42 40 45 49 52 51 52 58 57 55 55 61 68 66 68 69 62 61 59 53 
244 194 132 102 88 61 55 51 48 60 58 52 46 46 64 57 46 54 49 62 65 65 67 74 82 75 76 71 68 68 90 100 93 91 89 67 59 50 56 59 57 54 50 46 47 46 43 49 40 39 46 42 42 38 38 43 52 56 63 67 62 59 60 63 61 54 64 61 56 54 50 50 45 53 56 46 42 47 41 42 44 45 48 48 50 53 57 56 55 58 62 66 66 65 69 76 70 61 63 58 
238 173 124 102 86 62 53 49 49 57 51 53 57 51 61 52 58 59 59 66 72 66 70 88 106 95 87 87 82 87 96 95 96 91 86 75 61 49 52 55 52 55 61 54 48 47 46 42 35 37 39 46 41 40 39 43 49 50 55 55 52 58 64 65 64 60 62 61 57 61 60 51 49 46 49 42 54 35 35 38 45 50 52 53 58 60 62 61 62 67 66 67 66 68 73 73 71 64 67 62 
219 153 117 101 72 63 49 48 48 58 52 63 62 65 63 63 67 65 76 73 81 74 80 99 115 109 94 95 95 95 95 94 98 95 91 97 71 60 75 73 53 51 58 56 57 50 43 31 35 37 38 38 35 36 38 38 43 45 48 52 54 55 57 67 64 60 63 61 61 61 71 46 40 42 40 46 43 31 34 43 48 50 56 59 64 62 64 66 61 65 67 69 67 69 70 69 65 66 68 60 
202 136 111 101 58 54 49 47 46 59 62 69 64 72 66 73 82 61 77 94 91 100 79 108 116 100 103 108 104 104 106 101 100 97 95 93 93 72 74 71 59 51 54 56 60 52 36 37 41 40 35 31 33 33 38 34 36 38 44 51 50 54 64 65 59 54 52 63 61 58 46 38 32 35 42 49 31 33 37 47 51 52 55 59 61 62 57 60 63 64 65 64 63 64 69 69 66 65 60 48 
180 114 98 99 61 60 59 52 47 59 69 70 70 75 67 78 101 67 54 70 105 114 107 115 102 97 108 115 104 109 104 93 88 91 86 83 83 141 80 73 72 57 54 54 49 48 37 43 45 42 32 34 41 44 37 35 35 38 40 41 46 54 60 56 53 48 53 58 55 51 44 34 31 33 37 44 35 29 37 53 57 54 58 63 56 55 52 53 57 53 56 59 60 55 51 53 63 54 52 51 
162 106 86 87 58 80 66 67 60 65 68 71 79 76 74 83 98 80 64 87 102 122 117 110 105 105 114 113 101 103 102 98 95 90 82 79 82 160 146 78 72 63 57 46 46 45 40 43 54 52 32 28 31 28 34 38 34 34 36 38 48 51 48 47 46 43 44 48 47 44 27 27 26 29 38 40 38 31 38 43 56 57 47 50 38 37 32 40 44 47 80 97 98 94 87 68 62 49 49 51 
152 94 90 80 61 80 59 71 68 62 69 83 83 75 75 80 89 81 85 124 101 121 110 102 108 105 118 101 91 98 104 100 98 87 88 76 78 145 182 61 63 61 55 53 40 40 39 39 36 43 37 31 27 27 30 31 31 33 33 39 43 42 45 43 39 36 42 50 37 26 25 26 25 23 38 41 39 38 36 39 51 48 40 31 28 31 31 64 89 53 62 100 140 138 151 152 149 110 104 109 
158 91 88 96 81 78 51 61 62 58 65 78 80 73 77 79 62 57 78 119 98 115 107 113 113 117 117 93 88 125 115 76 100 90 79 80 74 132 208 59 70 56 48 49 45 44 44 43 41 44 43 38 30 32 29 31 32 33 34 36 35 37 39 32 30 31 32 29 24 24 24 26 27 23 36 47 46 43 38 29 34 35 33 28 25 29 38 135 183 121 71 79 129 109 140 138 139 135 142 124 
151 96 92 94 95 72 55 55 59 80 72 73 70 66 72 81 61 37 62 85 87 87 106 116 115 116 118 90 93 140 114 61 71 129 72 81 75 137 217 81 70 56 43 47 50 38 39 49 42 41 42 43 31 31 32 38 39 37 33 34 35 35 37 26 29 34 57 50 37 28 24 23 20 22 33 48 52 42 33 28 29 33 30 27 27 31 60 164 194 174 104 86 121 108 129 114 132 146 164 127 
148 98 86 92 86 64 51 48 56 98 81 77 68 64 65 84 69 37 34 49 74 101 112 113 121 120 116 98 94 136 112 51 62 79 65 81 70 158 219 105 70 54 44 45 52 41 40 46 40 37 45 41 29 30 29 33 35 33 31 32 33 33 31 25 29 34 45 35 25 23 23 24 22 25 34 45 52 44 30 27 30 32 32 30 27 37 86 157 203 196 112 127 107 116 117 146 167 179 148 132 
153 103 91 81 67 53 41 49 58 83 87 78 65 65 84 83 76 49 41 43 68 105 116 113 115 118 119 97 92 121 143 74 56 61 61 63 68 128 232 117 66 61 52 44 52 37 37 40 40 37 43 36 34 30 34 33 32 31 30 30 31 32 28 24 28 30 31 25 23 23 22 23 27 30 38 49 47 41 34 27 31 32 31 30 30 39 85 141 215 211 132 144 105 117 124 141 146 163 125 119 
163 108 93 91 69 45 40 53 75 83 68 82 69 56 82 86 77 71 58 63 83 117 117 114 111 113 123 96 81 117 154 97 57 55 59 73 79 92 216 116 62 60 47 42 51 36 36 36 38 35 36 41 40 37 31 34 33 31 30 29 29 26 27 30 23 23 25 23 20 20 21 24 28 37 40 48 44 37 37 34 33 34 33 33 33 44 107 151 226 223 154 163 148 116 120 138 141 138 128 140 
151 119 95 91 79 55 46 70 80 72 66 67 67 55 65 86 89 85 82 98 116 120 120 117 114 118 124 113 92 119 152 124 58 56 57 68 78 75 168 94 59 67 50 45 54 41 40 37 37 35 35 36 33 32 31 30 30 32 30 28 26 28 28 26 25 25 22 21 18 17 21 26 34 45 47 51 51 43 40 41 37 34 37 37 42 85 141 170 228 223 142 132 157 133 118 128 127 122 119 133 
137 117 106 105 85 53 48 78 82 66 69 80 60 56 61 75 71 87 102 115 116 111 111 115 119 124 125 121 97 111 152 149 50 58 111 70 79 79 95 60 56 67 50 47 48 38 37 37 36 38 39 35 31 33 36 33 35 33 32 28 24 22 23 21 23 25 24 21 17 17 19 30 39 49 55 60 52 46 39 42 39 34 35 35 62 125 162 181 235 238 144 124 136 135 128 127 109 120 126 135 
134 100 108 84 79 54 46 72 83 69 64 64 81 70 57 58 69 89 102 111 111 112 113 114 119 121 121 119 87 110 146 103 50 75 110 73 78 77 69 57 63 56 47 45 51 35 31 37 42 44 49 42 32 34 29 28 35 40 35 32 27 26 28 23 20 22 22 19 17 16 18 28 36 50 56 52 51 40 36 38 38 38 38 41 94 146 164 181 229 231 162 136 138 131 120 141 98 106 135 119 
134 98 102 84 64 55 47 74 81 80 78 78 85 74 70 61 66 84 99 103 109 108 114 118 117 118 118 117 89 98 130 96 63 77 96 85 77 75 72 62 55 52 46 52 49 39 31 35 39 41 45 42 34 35 31 29 31 43 39 34 29 26 23 21 19 22 21 17 16 16 18 25 32 49 53 44 42 37 35 36 36 35 35 42 117 148 146 169 238 238 165 127 127 120 138 139 134 131 131 116 
139 96 97 82 66 54 55 84 88 82 88 80 79 80 78 72 80 88 96 98 104 110 111 116 116 115 113 118 99 82 115 97 67 93 93 89 84 79 84 74 47 48 48 49 48 43 32 32 35 38 37 38 39 37 33 24 24 35 39 33 27 24 20 19 19 20 23 20 17 18 20 28 38 53 53 41 33 36 35 35 36 36 38 51 135 163 159 183 237 241 157 148 140 117 121 138 125 133 142 140 
130 95 100 84 71 58 73 89 85 91 93 84 89 89 85 82 91 88 96 103 106 107 111 114 113 113 119 118 107 82 96 88 88 95 99 93 89 84 81 72 46 52 54 49 45 44 36 37 36 35 41 40 44 41 33 29 28 25 31 26 22 23 20 18 18 18 20 17 18 20 22 28 41 55 53 37 33 33 33 35 36 39 41 61 142 179 190 201 235 221 161 146 134 127 103 128 141 126 123 139 
172 96 103 96 102 91 94 94 86 87 97 90 93 87 93 94 88 78 89 104 113 114 110 109 112 115 119 126 125 102 94 95 96 104 101 96 92 80 69 59 50 49 56 52 46 41 39 38 37 30 44 48 53 41 38 30 28 29 27 22 21 24 21 19 18 18 18 19 19 22 26 31 43 52 53 32 31 33 34 32 35 40 42 58 141 180 189 216 232 170 160 123 141 139 127 106 127 132 106 132 
214 128 82 94 101 98 90 99 97 84 82 96 96 97 103 98 80 75 95 106 103 93 101 106 111 118 124 124 127 116 107 106 110 104 92 87 80 79 65 60 49 51 56 55 48 37 35 38 39 32 33 43 37 44 42 32 34 35 31 23 23 26 22 20 18 18 17 18 20 24 29 34 47 54 52 32 29 31 32 35 39 41 39 50 122 164 183 227 198 158 142 135 136 132 118 131 115 128 113 117 
158 120 69 55 74 86 85 94 98 85 90 97 102 100 104 94 76 81 95 95 74 53 65 98 112 115 112 107 113 118 117 105 98 87 80 87 83 81 75 70 52 48 53 54 52 41 36 38 36 35 35 33 31 37 43 39 33 31 31 24 26 27 23 20 20 17 17 21 22 26 29 35 49 60 47 32 28 30 30 35 41 40 40 38 74 120 160 144 131 169 132 136 129 153 130 136 120 144 115 114 
161 110 73 73 78 80 85 81 86 78 90 100 106 95 97 81 71 93 103 75 50 37 48 77 92 110 105 89 98 101 104 97 76 76 79 85 93 83 83 70 55 47 46 52 46 43 41 38 36 36 37 34 35 40 39 34 36 29 29 24 21 22 26 25 22 19 19 22 22 25 27 32 48 62 53 37 34 36 32 34 40 44 42 37 41 110 89 88 138 130 158 126 133 151 134 116 116 128 128 110 
146 110 91 93 87 88 83 87 85 81 95 108 102 95 96 69 70 97 90 58 38 31 59 88 97 104 102 94 89 85 77 76 71 69 73 90 94 85 74 70 58 60 58 55 46 37 39 43 42 42 41 40 39 34 36 38 47 43 29 25 21 23 28 28 25 21 19 20 21 23 23 22 36 56 54 38 39 44 40 41 41 41 42 34 33 67 85 122 130 138 154 127 148 159 128 105 120 139 116 103 
148 116 104 106 108 100 80 70 83 96 94 103 86 84 90 63 78 98 83 43 33 38 77 87 118 104 106 96 92 83 72 69 61 57 58 69 59 67 57 56 55 60 57 60 43 37 41 41 43 45 47 45 41 38 35 37 47 33 34 35 24 25 30 30 26 22 19 18 18 22 24 24 30 50 48 42 39 43 45 44 41 42 42 34 37 57 89 103 139 151 125 143 141 147 147 112 134 125 118 109 
175 142 109 114 107 105 95 78 72 83 97 95 79 82 76 61 76 87 77 49 33 55 100 86 115 109 106 106 103 85 76 68 52 52 42 47 48 52 60 57 58 61 54 51 46 41 44 43 47 50 48 43 40 40 38 34 35 33 30 30 25 27 30 33 24 21 20 19 19 22 22 25 36 52 59 48 45 36 36 37 38 40 42 39 34 54 96 108 125 143 154 133 133 124 146 124 119 131 129 113 
203 147 109 111 83 73 81 76 68 79 101 100 87 74 73 71 76 70 70 59 45 69 156 81 108 112 94 88 102 91 73 63 47 45 41 41 49 55 62 63 61 57 48 44 53 45 40 49 51 52 52 48 42 41 43 41 35 32 28 28 26 26 30 32 23 23 23 23 23 21 23 27 41 51 63 54 44 41 39 40 41 40 44 44 39 67 108 116 121 140 142 150 153 132 122 136 122 126 132 125 
203 140 110 107 83 85 67 55 50 71 96 96 81 79 83 61 76 70 82 66 66 68 67 79 103 98 79 88 103 82 59 52 46 44 40 42 52 54 64 65 58 52 47 43 41 42 39 50 58 52 52 50 51 44 41 41 40 36 30 25 27 24 27 32 22 24 25 22 19 19 22 29 44 54 63 54 44 40 40 45 42 43 39 37 42 87 105 121 110 147 166 155 136 131 144 143 144 145 120 130 
190 147 120 113 94 82 71 68 48 48 61 86 86 84 77 63 69 66 77 88 84 68 50 83 96 70 66 77 84 73 51 48 44 42 40 47 48 48 65 63 58 55 49 44 42 41 45 47 53 55 56 53 51 48 43 41 35 35 36 30 24 29 30 31 19 20 21 20 19 21 26 34 47 56 63 48 42 43 41 40 41 38 38 39 43 80 121 140 125 150 166 137 132 153 133 135 137 128 161 144 
200 157 112 116 104 82 78 68 55 49 46 72 82 84 79 62 66 68 64 86 93 65 58 88 67 53 57 69 65 62 51 47 44 41 42 46 50 56 41 47 51 53 52 47 42 43 48 48 50 52 52 49 47 49 45 47 38 31 32 33 24 29 32 25 18 17 19 21 21 23 26 34 47 60 63 52 45 41 40 41 39 40 40 38 43 61 106 151 163 138 131 129 128 148 157 131 130 145 142 127 
189 140 116 116 104 94 83 83 71 59 51 48 63 89 76 66 61 77 58 68 86 76 58 69 56 52 57 64 64 59 53 44 47 44 53 54 49 48 47 47 56 50 53 50 45 53 56 56 61 56 52 48 50 52 53 47 43 33 31 33 29 29 28 20 20 21 21 20 18 21 24 32 46 61 64 56 40 37 43 43 45 43 40 41 43 46 76 110 149 155 139 144 144 153 159 153 125 144 135 122 
185 149 129 109 105 93 85 92 89 81 59 47 55 79 74 70 61 72 56 48 66 83 70 66 51 54 59 64 65 58 51 49 49 52 61 64 54 40 47 52 63 60 56 53 52 56 53 56 57 56 46 49 56 55 55 49 47 39 35 35 29 28 27 22 23 23 23 21 19 22 25 33 48 61 57 46 33 38 42 41 41 42 43 41 42 43 63 73 135 151 136 125 134 132 145 158 143 153 153 112 
189 160 154 114 103 89 94 97 89 71 57 48 47 72 74 73 61 55 59 45 47 64 68 64 49 42 46 57 57 53 54 59 60 62 70 73 69 40 51 57 58 58 57 56 54 53 55 58 53 49 46 53 59 54 46 43 48 39 37 33 31 29 27 25 21 21 23 20 20 20 26 34 42 52 51 42 33 36 41 44 41 41 41 38 40 41 43 47 90 143 142 138 154 119 140 139 125 132 121 122 
182 165 157 112 101 86 101 99 83 73 59 46 39 59 66 68 78 61 51 51 42 45 64 60 54 40 39 45 49 55 59 64 69 72 75 76 72 55 49 53 58 66 57 56 53 50 58 58 49 46 47 53 57 49 43 39 39 41 38 33 29 26 25 24 22 23 22 19 19 21 26 30 39 49 45 38 34 32 36 38 35 39 39 39 39 37 39 43 53 103 129 146 136 146 140 134 114 113 124 123 
166 167 163 118 101 90 101 105 87 84 60 47 42 46 56 63 77 69 54 50 40 44 51 55 46 41 49 48 54 62 67 74 84 75 64 69 74 68 52 54 64 73 68 57 53 54 63 66 62 57 46 43 56 50 43 40 43 43 36 34 29 28 26 21 22 23 22 19 18 21 24 31 43 46 47 40 31 30 35 35 37 41 43 48 42 40 43 47 44 52 113 146 124 130 143 136 114 112 134 124 
160 155 151 130 109 104 104 102 83 92 67 59 49 47 61 66 65 69 58 57 46 41 64 55 47 49 59 62 60 67 79 84 86 72 61 70 72 72 63 50 56 65 65 61 65 62 56 51 58 44 44 43 43 44 41 39 38 45 39 35 32 33 28 25 26 24 23 20 23 23 27 35 42 47 45 41 35 32 35 41 43 44 47 50 45 45 49 52 54 51 72 97 103 110 146 140 123 136 122 138 
173 163 160 128 128 113 107 99 84 96 79 61 55 44 56 69 58 60 48 62 50 42 66 69 55 52 61 70 64 70 84 80 76 71 71 70 63 57 61 50 60 63 65 57 58 63 65 62 51 43 43 44 48 41 38 38 37 39 40 37 42 40 32 29 27 25 23 22 24 24 30 40 45 46 53 50 44 41 36 37 42 45 47 51 54 52 51 56 53 55 54 52 57 64 120 122 129 131 114 113 
157 166 153 138 137 116 106 92 90 92 82 57 53 45 47 55 56 45 40 48 42 42 68 82 73 55 61 74 70 71 78 77 78 71 79 75 57 44 55 58 69 66 66 70 57 56 53 52 52 51 51 51 52 48 40 41 46 45 43 45 47 47 39 37 30 27 25 25 25 26 29 38 42 47 52 54 52 52 51 45 40 45 48 49 54 53 52 53 55 55 52 51 48 51 55 102 147 125 128 96 
164 169 159 157 147 126 111 96 93 91 88 71 53 44 43 52 43 38 43 43 37 44 67 82 81 66 60 71 65 58 71 67 82 80 78 64 50 53 69 74 81 72 72 65 60 55 56 61 59 61 57 55 56 52 47 46 51 49 53 54 55 57 55 50 39 33 27 26 25 27 34 38 45 50 54 55 56 57 58 54 50 48 48 53 56 54 52 49 53 56 57 58 51 48 45 38 65 100 108 111 
164 152 166 173 154 143 121 108 99 93 91 83 61 44 45 50 44 41 38 38 40 51 69 90 69 53 56 72 60 57 65 80 89 75 59 57 58 67 79 79 80 82 79 77 73 63 60 65 64 69 65 61 57 53 54 51 55 51 58 59 62 63 68 62 47 45 34 29 29 32 38 50 57 55 60 57 58 61 63 58 52 52 51 52 58 53 48 51 54 56 58 61 51 47 43 37 37 35 45 75 
160 148 171 173 169 161 132 115 100 93 81 87 73 46 45 47 44 46 49 39 48 59 57 82 83 59 62 72 68 68 68 74 90 66 53 42 58 79 90 85 87 87 85 86 72 73 67 70 75 69 65 61 61 62 56 56 59 61 61 66 68 69 70 66 61 59 46 39 39 46 48 61 65 65 61 63 63 62 55 56 51 55 57 55 61 61 56 49 50 54 63 58 56 49 37 38 38 33 32 31 
155 165 164 178 164 172 146 119 99 98 96 75 69 48 44 48 51 49 44 41 51 72 61 62 82 71 72 70 76 75 71 51 64 63 58 56 66 83 95 91 90 100 90 87 84 79 81 76 76 74 69 63 64 68 60 63 67 65 68 72 76 74 74 68 70 67 63 57 50 54 63 67 73 68 66 62 65 62 55 54 57 57 55 56 58 56 55 49 48 49 61 58 53 48 39 39 36 34 35 35 
156 178 164 166 175 168 156 127 107 101 94 84 64 54 46 47 52 50 43 43 55 85 78 90 75 70 69 70 76 74 69 51 48 63 57 70 98 105 106 109 107 119 103 106 98 93 92 86 80 80 80 77 71 76 68 72 75 71 75 76 81 77 78 78 75 73 72 71 67 68 71 72 74 74 68 68 65 62 60 58 60 65 65 62 62 57 51 50 52 51 53 47 42 37 39 41 45 35 32 33 
157 168 157 154 177 180 177 141 123 118 107 88 70 67 53 42 48 42 42 47 61 71 88 83 93 80 72 68 71 78 73 61 57 117 104 111 133 160 150 150 137 160 135 125 116 118 106 103 98 95 87 90 85 85 82 85 82 78 80 82 85 84 83 80 81 81 77 81 80 80 85 87 82 86 78 79 74 65 61 61 63 61 65 69 62 59 52 46 49 51 48 43 36 34 36 41 48 39 35 33 
129 131 129 132 143 157 163 148 135 129 115 94 80 70 68 42 48 54 57 62 66 75 85 91 83 91 83 67 74 81 69 62 68 140 172 174 184 195 180 186 169 173 166 169 155 145 129 133 125 129 114 112 102 97 91 92 91 85 88 91 92 91 89 85 84 85 84 82 94 100 100 95 93 94 82 80 82 76 66 69 72 67 64 69 63 58 54 47 45 47 41 40 32 32 36 43 45 40 35 37 
136 138 133 142 149 154 155 147 148 147 134 108 104 83 79 65 62 63 67 75 68 76 83 108 83 84 80 72 66 69 60 71 112 153 194 191 213 199 207 193 182 189 189 193 196 176 148 162 149 155 147 152 131 110 100 102 101 97 94 95 94 94 89 91 91 91 99 109 135 151 135 113 94 91 88 80 83 88 77 78 82 77 74 74 72 59 54 51 44 43 43 41 36 32 37 43 47 43 37 35 
130 151 153 138 150 155 170 139 142 159 151 121 128 105 93 85 79 84 79 78 74 76 78 87 95 85 92 86 78 73 79 88 141 184 205 188 208 186 194 169 169 183 211 220 226 203 185 184 182 169 186 194 177 144 126 119 121 109 104 103 103 103 95 107 113 115 144 167 169 170 169 164 143 122 99 94 94 92 90 90 96 95 98 91 87 69 59 59 51 46 44 47 43 40 44 42 51 45 48 47 
155 160 163 156 152 171 176 173 153 178 162 141 145 125 114 98 99 94 91 92 104 101 79 74 95 92 99 97 101 98 99 89 126 181 205 191 201 196 187 181 185 196 208 218 234 219 209 211 197 191 204 211 197 191 177 166 158 142 141 128 123 124 116 145 147 152 168 163 149 159 154 153 158 134 87 83 72 61 56 60 69 111 177 119 105 107 108 99 98 88 95 86 73 59 54 46 50 45 52 58 
159 172 168 167 155 158 165 181 185 162 160 153 159 144 141 143 132 112 117 100 131 145 123 111 105 108 103 108 99 113 106 97 101 148 196 204 191 187 200 200 175 185 197 213 220 226 213 206 204 197 206 206 216 204 189 172 186 169 189 160 153 155 142 163 168 141 168 167 160 174 159 145 160 130 85 83 64 54 45 55 64 203 228 189 112 132 168 161 184 167 189 189 145 80 63 55 52 55 53 62 
160 177 183 180 166 167 149 173 185 185 167 160 165 163 157 157 150 143 133 126 146 170 172 136 111 117 121 103 89 112 128 129 126 137 156 161 156 161 189 194 186 191 177 196 209 205 187 207 198 203 200 200 189 179 196 193 178 155 198 167 168 158 168 164 183 148 170 182 175 152 166 164 205 161 92 84 67 51 46 53 76 233 244 228 117 101 115 139 169 174 172 170 179 171 118 73 53 56 61 64 
181 163 188 191 193 194 171 163 183 202 199 177 167 171 174 174 169 167 151 167 174 186 196 155 122 111 139 132 127 126 151 148 143 152 159 157 153 152 151 150 157 170 189 207 204 197 180 205 204 195 200 207 207 209 202 213 197 182 184 174 163 170 163 168 183 172 210 239 242 232 242 244 247 171 96 87 71 59 54 62 105 235 249 244 160 100 121 130 141 165 181 167 163 183 184 184 73 56 62 61 
215 183 184 198 202 209 197 187 184 197 211 208 193 183 186 188 188 188 177 190 193 198 210 191 139 133 139 154 153 148 162 164 160 167 166 163 161 159 157 156 156 151 152 159 175 191 175 191 203 202 200 204 202 209 214 212 213 192 198 174 174 187 164 159 185 224 242 248 252 250 250 250 250 190 93 90 78 70 69 68 142 240 250 249 188 92 127 165 151 153 162 176 144 147 195 198 137 64 67 63 
222 208 177 194 201 204 203 205 202 193 199 209 209 195 188 189 193 195 196 198 193 207 208 216 149 152 156 161 167 168 167 172 171 170 169 169 169 164 162 160 162 160 158 156 155 153 154 162 171 188 190 206 206 211 200 177 202 201 199 169 165 166 166 172 220 199 195 248 252 253 251 251 251 217 95 87 80 77 74 63 185 247 251 251 211 99 134 189 154 165 156 160 130 159 199 187 180 95 71 74 
214 225 210 189 201 205 206 206 217 210 202 208 214 215 207 205 202 197 201 208 208 211 217 228 161 153 159 165 169 171 172 175 175 175 171 171 170 168 167 167 166 165 163 164 163 160 155 156 154 154 157 165 173 186 180 174 180 193 170 188 154 163 166 180 188 187 241 248 249 253 252 250 249 227 99 90 75 76 71 90 237 248 249 252 229 123 128 180 163 162 146 158 125 152 187 177 154 131 73 85 
210 231 229 201 203 214 217 205 216 222 213 211 210 218 215 213 217 213 209 214 221 226 228 225 177 155 163 169 172 175 176 175 174 177 174 172 173 172 167 166 164 166 164 165 166 165 165 163 161 162 166 164 164 164 162 162 166 171 169 172 177 187 194 196 194 201 247 248 246 253 253 250 249 235 105 92 85 72 65 149 248 251 249 253 243 141 136 161 186 161 163 176 152 163 176 168 162 163 101 84 
213 219 229 224 204 217 219 218 217 221 221 214 212 214 211 210 214 215 207 213 219 220 217 225 215 161 169 175 176 178 178 177 180 179 176 175 174 173 171 171 167 166 164 164 166 168 168 164 162 166 170 173 172 172 175 176 176 182 184 183 182 197 201 202 202 227 252 253 253 253 253 252 250 243 123 88 82 67 79 197 249 252 249 254 246 165 114 185 214 211 162 159 155 164 158 158 175 143 156 78 
213 223 233 228 217 218 222 219 217 214 220 214 213 208 210 215 215 209 205 210 215 218 220 224 221 164 174 181 180 179 181 180 184 182 180 178 177 174 175 174 173 168 170 168 168 169 170 168 167 169 172 175 176 181 183 185 186 191 195 194 190 200 207 207 208 245 253 253 254 254 254 253 252 246 146 87 79 73 104 239 251 251 252 253 249 184 147 149 178 203 202 163 179 174 186 186 193 171 167 132 
214 229 241 236 233 223 227 226 224 224 222 219 220 212 220 218 218 218 215 221 218 222 228 229 218 166 175 179 182 183 183 186 187 187 183 181 180 177 176 176 179 175 175 173 175 173 173 174 173 174 177 179 180 185 187 188 192 196 200 199 203 208 213 212 214 249 253 253 254 254 253 251 250 247 202 90 74 84 195 246 252 252 250 252 248 179 157 156 165 180 170 169 169 155 195 190 189 163 193 190 
222 234 240 235 237 233 225 225 228 230 227 227 225 223 223 225 225 225 222 222 219 221 222 230 212 168 180 184 188 189 186 190 190 188 188 187 185 182 181 182 184 181 180 180 180 179 180 180 180 182 184 186 185 189 193 196 198 199 201 204 208 210 216 218 220 248 253 253 254 254 249 247 248 245 237 109 83 174 245 250 253 253 251 252 248 172 146 158 158 172 170 163 178 164 174 179 181 149 162 169 
