31 36 39 41 45 43 48 50 52 64 64 68 67 64 59 65 74 78 77 77 78 78 79 84 79 77 80 77 73 70 73 69 71 70 71 68 65 65 69 76 83 83 80 77 81 76 72 77 85 84 77 74 72 74 72 74 71 70 75 84 73 76 72 83 85 83 87 86 82 82 85 76 76 74 73 65 74 61 63 61 55 59 63 59 56 51 55 57 54 51 47 49 49 48 47 44 45 42 38 35 
39 43 41 43 42 45 50 54 57 60 61 63 67 65 68 75 76 82 83 82 89 84 83 87 85 84 84 79 69 73 74 75 74 77 77 82 81 76 74 71 80 80 91 85 83 82 79 84 90 81 82 77 77 75 76 83 80 77 81 79 68 80 79 75 77 77 84 83 78 76 81 75 71 75 77 78 70 66 68 61 61 62 65 67 66 62 58 58 57 55 55 51 53 54 50 46 43 43 42 38 
43 46 50 54 54 55 58 58 64 66 67 70 70 70 71 80 85 84 88 88 89 92 90 88 91 91 90 83 79 76 79 76 79 81 84 87 75 76 71 78 75 84 82 83 81 79 77 84 85 87 77 79 78 74 77 76 81 83 74 77 78 78 78 71 80 88 83 77 76 81 82 79 74 69 68 73 77 79 75 70 73 68 64 64 65 63 58 59 56 57 54 54 52 52 52 51 48 42 40 41 
44 44 50 54 55 54 54 58 59 65 67 71 73 70 82 87 88 92 96 98 99 98 93 97 101 98 90 90 86 82 78 83 80 86 79 77 85 89 77 74 79 82 85 84 78 89 80 75 76 81 73 88 79 71 69 75 71 78 75 68 74 77 73 82 72 73 80 76 78 76 78 79 80 72 71 68 74 69 72 75 77 79 70 69 68 68 63 58 54 58 60 55 54 53 53 51 48 44 45 44 
43 43 45 49 53 56 56 61 68 69 74 77 73 80 90 93 100 96 102 105 107 107 101 104 107 99 99 93 90 92 90 90 93 91 84 87 81 81 84 83 83 71 80 82 81 80 73 79 78 81 82 84 73 78 72 75 79 80 78 81 78 80 80 78 78 77 73 77 77 76 78 77 76 81 77 71 70 68 74 68 79 74 80 79 76 66 65 68 58 54 54 55 56 53 51 52 52 47 45 43 
43 44 48 49 53 54 61 66 70 77 86 82 85 96 100 109 113 117 119 115 115 115 113 107 102 93 99 93 94 97 97 92 90 89 87 84 82 79 80 79 77 80 81 79 83 81 73 80 80 83 75 75 79 76 79 88 80 75 82 81 82 80 81 80 73 74 82 86 82 83 78 79 81 90 77 73 75 79 79 83 80 85 88 80 74 73 72 66 61 57 57 55 59 57 56 50 51 49 46 44 
45 47 52 51 52 55 61 67 81 80 83 86 93 97 109 116 122 125 127 123 122 118 116 110 97 100 100 97 104 102 100 98 95 94 84 79 79 78 78 77 80 80 81 78 78 74 74 78 77 79 76 73 78 75 76 78 79 73 82 90 90 84 90 89 83 87 86 86 81 80 82 88 84 87 84 81 80 81 90 83 79 86 82 76 75 72 66 66 66 76 61 64 66 60 58 56 57 55 49 48 
53 61 57 56 58 62 66 73 79 89 91 93 100 107 110 115 118 123 127 132 132 123 116 114 102 100 104 104 104 102 99 96 91 87 83 82 82 78 80 82 82 76 83 77 76 79 69 74 73 71 69 73 76 80 82 76 81 85 88 85 96 83 84 91 92 91 87 87 84 78 86 93 87 79 84 88 90 88 84 81 77 82 74 84 79 76 71 70 68 64 61 64 65 61 61 60 62 59 57 52 
56 57 56 75 78 65 67 78 88 91 91 101 109 117 120 116 118 131 124 117 123 118 110 112 109 105 103 106 105 102 98 97 91 89 85 85 81 78 79 78 80 79 81 83 84 76 79 75 73 76 72 84 75 82 79 86 84 86 84 83 92 82 86 88 92 93 92 91 96 91 96 93 83 90 95 94 92 93 86 81 79 76 74 70 70 72 68 68 67 65 65 63 64 63 65 70 65 62 64 53 
73 54 57 70 86 97 85 83 91 92 95 104 107 113 114 113 118 115 111 114 117 114 104 106 108 106 107 109 105 101 98 93 89 88 93 79 81 79 90 82 81 88 86 81 85 80 83 78 77 73 82 88 81 77 81 92 83 83 79 81 79 83 81 86 92 98 94 90 91 95 96 96 96 94 92 89 89 89 89 80 73 77 72 78 71 68 69 67 64 63 68 69 71 71 74 69 62 60 58 54 
81 71 58 59 90 105 96 87 86 87 97 98 109 105 105 108 106 107 108 107 107 101 103 108 100 101 110 104 105 99 96 91 87 85 80 81 79 84 82 82 82 89 83 79 79 80 76 72 74 83 76 80 81 83 82 83 83 80 79 78 83 82 84 81 79 82 84 87 81 87 93 88 93 89 86 88 84 81 77 80 77 79 78 73 70 67 68 64 67 65 69 71 75 79 80 70 64 58 57 56 
78 95 100 96 92 86 87 85 81 84 90 96 103 103 100 103 105 105 103 106 100 108 100 103 98 107 106 103 104 97 98 95 85 86 83 81 83 89 81 90 91 85 76 78 80 80 72 75 77 82 81 84 86 95 87 87 84 90 88 90 90 86 87 83 77 80 84 80 83 77 84 83 90 95 88 83 80 78 80 81 76 73 79 75 69 70 67 69 69 70 69 74 83 85 82 72 65 60 56 57 
79 86 103 112 106 95 79 79 80 85 97 100 102 99 99 98 98 104 100 98 98 96 95 91 101 103 101 101 101 104 101 96 90 93 93 86 85 87 89 91 90 87 87 81 79 78 74 86 80 82 82 82 86 85 84 81 84 85 79 82 81 80 86 89 84 78 88 86 81 84 87 89 88 86 79 81 78 80 82 81 80 76 77 74 71 72 73 76 75 73 66 68 75 68 69 68 68 70 63 62 
77 62 80 101 100 109 95 78 79 86 90 94 92 96 97 97 99 98 99 94 96 98 90 95 99 99 101 98 94 96 94 94 94 93 94 86 86 85 86 91 90 88 84 80 82 85 82 87 93 89 83 94 93 89 84 87 79 79 79 81 86 87 79 87 83 87 87 85 86 88 87 94 86 81 80 80 78 80 77 74 74 71 71 70 74 80 77 76 76 72 73 69 70 69 63 62 63 65 67 66 
56 59 61 64 69 67 71 72 75 83 89 90 89 98 96 95 94 98 93 90 90 92 94 99 95 96 97 94 95 93 93 92 89 89 89 95 89 90 96 96 103 87 86 89 84 87 89 85 84 93 92 90 88 91 82 82 83 77 85 84 90 93 84 82 75 85 80 87 94 89 86 86 79 82 80 81 77 77 77 76 72 70 72 75 77 85 80 76 74 75 75 73 71 67 62 62 65 61 62 58 
59 54 55 57 58 61 60 63 71 81 85 84 91 95 89 90 93 92 88 84 87 88 87 90 90 90 91 91 91 89 96 91 86 87 90 95 93 94 98 94 91 97 93 89 94 91 92 88 90 86 86 80 83 80 81 86 81 79 82 84 84 92 84 78 85 87 94 96 96 91 82 82 83 87 84 87 81 82 81 75 77 77 75 80 85 84 75 71 70 73 72 73 69 69 69 64 62 61 60 59 
54 59 61 59 62 69 68 63 72 73 78 81 90 87 85 85 84 85 84 84 79 79 85 83 88 89 90 89 89 88 85 85 88 90 93 97 93 94 98 96 99 94 96 91 93 93 89 95 92 87 85 82 79 81 81 77 75 84 85 85 85 86 81 86 92 97 105 95 90 86 82 87 89 85 88 84 81 84 77 79 80 76 77 78 82 80 81 77 74 79 73 70 70 72 68 65 63 62 62 60 
54 54 52 55 60 62 57 60 68 70 80 79 80 79 83 83 78 77 77 79 76 81 80 87 88 84 85 85 85 84 81 85 89 84 87 95 96 100 97 94 97 101 99 100 93 98 97 96 94 91 83 82 78 83 85 79 86 82 79 81 78 79 84 85 93 93 93 93 86 83 84 81 86 78 79 77 80 81 81 84 78 78 80 81 78 77 80 72 72 77 76 70 69 66 65 63 67 62 59 57 
44 47 51 55 58 57 56 62 67 71 74 73 77 77 83 79 73 73 72 79 79 86 78 79 76 77 78 76 79 85 84 86 88 85 87 93 94 99 100 97 101 96 97 98 97 97 98 94 90 85 82 81 82 83 82 88 83 82 88 81 80 74 81 81 88 96 94 88 85 78 82 77 74 75 72 75 77 78 79 80 80 84 84 82 83 89 82 79 81 85 85 81 74 72 65 63 62 60 57 56 
51 50 51 52 58 50 61 64 64 66 71 67 70 72 75 68 74 77 76 78 78 82 76 78 75 76 78 76 84 82 81 82 79 85 85 86 89 97 94 97 97 99 98 97 96 94 90 89 89 91 83 81 81 81 78 82 84 88 81 79 75 77 79 85 84 83 84 85 82 84 79 75 73 73 76 74 76 77 79 80 81 82 81 79 74 73 82 83 83 83 82 80 77 75 68 64 62 59 57 57 
48 50 52 54 52 52 58 64 66 67 70 71 67 71 71 68 80 78 82 90 78 82 78 76 76 76 79 75 79 85 80 78 79 80 85 84 90 91 95 95 88 98 94 94 93 93 90 84 91 95 91 96 92 84 82 79 82 78 77 77 81 82 78 82 88 88 84 77 75 78 77 76 75 80 80 80 85 80 81 88 83 87 80 76 73 73 73 77 85 84 83 79 72 71 66 63 62 60 59 54 
48 51 53 55 51 52 58 62 63 69 68 71 71 81 64 61 67 71 75 78 74 78 83 74 77 75 72 79 82 80 86 82 81 78 89 85 89 88 96 90 91 90 94 94 94 91 89 87 91 88 92 96 94 89 88 84 81 84 83 85 82 90 86 89 90 87 82 81 82 81 77 80 80 79 79 78 82 82 81 83 77 75 74 77 79 80 78 84 83 77 75 70 66 63 62 60 59 57 56 52 
46 48 54 54 50 56 58 61 61 64 65 67 64 67 63 63 60 65 74 81 68 82 74 71 71 75 77 73 75 81 83 80 81 83 86 81 83 84 93 91 91 88 92 90 96 93 90 90 87 86 83 88 81 80 80 81 88 90 88 87 83 81 81 85 90 86 86 81 79 75 76 78 78 79 77 78 80 83 83 80 75 73 76 80 82 85 85 83 82 83 75 70 66 64 62 58 56 56 52 58 
50 50 53 51 54 58 60 60 63 66 64 63 61 60 68 63 72 76 78 72 68 68 75 68 70 74 76 78 80 77 76 82 82 81 82 78 86 85 86 87 87 89 94 91 99 98 93 85 86 82 80 86 87 85 86 83 84 83 86 83 83 79 79 80 78 74 74 73 72 75 74 72 73 77 78 79 88 82 81 77 75 73 74 83 83 86 84 83 84 78 72 71 64 62 60 57 56 58 71 99 
58 57 55 53 53 58 60 64 66 67 73 64 65 67 79 64 77 90 85 71 66 65 73 78 69 78 74 74 74 81 77 80 81 75 79 85 83 94 87 87 93 94 96 95 94 95 92 91 89 83 84 84 82 88 83 87 86 84 79 78 78 82 81 81 76 70 73 73 70 70 75 72 76 76 76 79 77 75 78 77 78 78 78 82 74 76 80 76 70 68 68 66 63 58 58 57 62 91 120 126 
50 53 51 51 54 56 57 61 62 63 70 67 64 63 65 70 68 72 70 74 73 70 73 71 77 82 74 68 76 79 81 82 83 83 89 87 93 88 87 86 89 90 93 92 94 95 94 93 86 87 87 89 90 89 85 79 82 82 80 82 80 78 78 75 74 71 71 71 71 72 75 76 80 86 88 81 78 78 75 81 82 80 80 78 78 78 77 72 67 65 64 64 63 60 59 75 105 123 132 124 
50 49 44 48 57 61 60 67 67 75 77 65 63 62 65 65 73 74 75 72 69 78 73 72 73 73 75 74 77 78 78 82 83 87 91 90 87 90 89 93 88 84 92 89 92 94 97 98 94 99 96 94 89 92 86 86 80 78 80 81 75 79 78 73 73 75 77 77 78 81 82 84 91 87 83 83 80 75 73 76 79 80 81 80 79 72 67 64 63 61 61 59 60 64 89 119 130 128 110 87 
46 48 51 59 62 62 61 66 70 77 72 75 60 67 67 67 75 82 86 83 72 75 71 71 72 74 74 76 71 70 69 73 78 82 85 91 89 88 91 91 89 93 92 93 95 94 95 94 95 94 90 94 91 87 82 77 76 75 76 74 82 78 76 76 77 78 79 82 81 85 88 85 88 86 85 83 84 79 86 84 83 78 77 77 71 68 65 62 62 61 60 61 73 109 120 128 115 95 75 65 
43 41 53 61 61 59 62 74 71 67 64 61 58 61 66 71 66 68 67 71 78 71 67 66 68 68 71 75 73 78 74 80 81 85 90 88 89 93 91 89 88 86 86 86 90 91 87 86 90 88 88 88 85 80 76 75 79 79 76 76 79 76 80 82 77 81 84 84 92 91 82 80 83 85 87 85 90 90 88 89 80 75 71 69 66 64 63 60 59 59 62 88 119 124 118 104 84 68 76 86 
38 43 45 50 52 61 61 60 58 59 62 57 64 63 69 67 63 65 63 66 65 66 67 66 67 68 69 75 73 77 74 78 72 81 87 86 82 87 83 81 82 87 83 79 84 81 81 82 87 85 81 90 87 82 77 75 80 79 75 78 74 75 80 76 76 78 77 77 85 86 82 77 79 81 81 80 82 85 83 82 76 70 69 66 63 63 60 58 59 71 105 126 122 109 92 73 72 87 92 91 
39 43 47 52 51 53 54 56 56 54 53 58 57 63 62 64 62 61 63 69 61 65 69 62 66 70 71 72 67 72 71 74 77 82 85 86 85 83 82 85 86 84 83 81 79 84 85 84 86 90 86 85 87 86 83 78 73 72 75 81 75 72 73 78 77 76 76 80 82 78 76 78 77 84 86 84 85 82 74 71 69 66 65 63 61 60 60 60 86 116 126 120 102 84 71 85 91 92 94 96 
41 46 48 47 52 53 53 53 53 50 54 53 61 58 62 63 59 58 61 63 58 60 62 65 65 67 59 65 67 66 69 70 76 82 82 82 84 83 82 85 85 84 81 79 80 80 83 85 82 82 84 83 78 78 80 76 78 80 78 73 75 70 71 70 73 72 71 74 75 75 76 77 77 80 82 85 82 77 72 68 66 63 60 59 57 59 66 97 118 124 110 93 74 79 93 95 95 97 99 101 
42 45 44 46 51 53 54 49 48 53 53 61 57 60 59 57 62 59 60 63 59 58 63 61 63 67 62 65 64 67 71 75 75 73 71 75 74 79 83 86 84 85 82 77 79 84 85 83 83 84 83 82 79 73 77 80 75 73 71 71 69 72 72 74 75 73 73 75 77 81 80 78 79 77 77 75 76 73 70 66 67 65 60 57 60 79 110 122 115 98 78 74 92 96 97 99 100 101 102 102 
44 46 46 49 49 49 55 57 53 51 53 56 54 61 59 54 62 61 61 58 56 58 57 60 64 67 64 65 63 68 69 71 74 73 77 77 82 87 84 86 88 82 79 79 79 88 84 83 85 77 77 77 76 75 79 78 76 71 76 73 71 73 75 73 73 73 72 75 76 79 81 84 80 73 75 72 71 68 67 68 64 62 61 66 95 116 116 104 84 73 82 94 96 99 101 103 103 105 106 105 
43 43 46 50 49 52 49 47 50 52 54 57 54 55 58 56 53 55 57 57 57 61 56 57 64 67 70 69 65 67 68 64 65 68 72 76 80 81 79 85 87 84 84 84 85 86 88 83 84 77 77 78 81 77 76 71 75 71 70 71 72 74 75 73 73 74 70 77 78 82 84 79 75 73 69 68 67 66 65 64 60 59 75 107 117 110 94 77 80 94 98 99 100 102 102 106 107 106 107 107 
45 51 50 49 50 50 47 49 50 52 57 53 52 54 54 58 55 59 62 63 63 63 58 66 64 69 70 78 77 72 69 66 69 71 71 75 76 79 77 80 85 84 81 79 85 85 85 84 76 75 74 75 74 71 71 75 70 72 73 76 80 83 81 76 77 74 75 78 76 79 76 70 71 73 68 66 66 65 61 60 63 93 116 112 101 85 78 89 95 98 101 102 103 105 106 107 109 109 109 108 
47 48 48 51 47 44 44 45 47 52 52 53 56 59 58 62 60 65 61 60 61 58 63 65 65 65 66 71 71 71 71 73 72 73 75 83 86 85 85 86 89 89 83 84 84 85 83 76 73 69 69 68 70 69 66 69 70 72 77 82 87 80 75 71 71 68 72 74 75 72 68 69 65 66 65 63 62 60 61 77 109 115 105 87 75 88 98 99 99 100 104 106 107 108 109 109 111 111 111 109 
45 42 46 47 45 44 47 49 49 50 53 53 55 58 56 58 58 58 63 60 60 65 65 64 62 63 63 70 70 75 75 72 75 76 78 77 80 84 78 79 81 82 80 79 81 79 82 70 67 68 69 70 68 69 71 73 75 84 84 80 79 78 71 72 69 70 71 68 68 65 65 64 64 65 66 65 63 63 92 114 109 92 78 83 99 99 100 102 104 105 106 108 110 110 111 111 111 111 111 111 
46 43 42 41 40 44 46 50 53 51 52 54 54 56 54 56 60 58 57 60 67 66 64 67 65 63 66 69 67 71 72 72 75 79 79 82 82 81 77 81 80 84 80 80 77 79 74 68 68 71 68 71 68 68 70 70 72 76 78 74 71 69 72 73 71 65 67 64 62 62 61 63 64 64 64 61 77 106 109 96 80 76 94 101 102 101 102 105 107 109 109 110 111 111 111 111 111 111 111 110 
43 41 37 37 39 42 46 50 54 51 51 50 53 56 57 55 61 63 59 62 64 63 62 67 63 63 68 68 72 72 73 72 75 73 78 81 83 80 83 82 81 85 81 80 79 74 70 70 68 70 68 63 64 70 76 83 79 83 74 68 70 70 69 68 63 60 61 61 60 62 64 64 60 59 62 91 108 99 87 74 87 100 100 101 102 105 107 107 108 110 111 111 111 111 111 111 111 111 112 110 
39 38 38 38 38 39 48 50 53 48 49 50 54 54 57 59 57 57 57 60 62 62 63 63 62 67 67 68 72 71 72 71 74 79 90 95 85 76 74 74 78 81 81 81 80 81 77 72 66 64 63 65 65 66 71 76 75 75 67 65 64 66 66 68 66 64 58 60 59 61 59 56 56 72 101 103 92 77 81 96 100 99 101 104 105 107 109 109 109 110 111 112 112 112 112 111 111 110 112 110 
38 38 39 40 40 45 54 51 55 48 47 49 52 55 56 60 60 58 59 55 58 59 59 64 65 67 69 90 106 101 99 108 112 113 116 126 95 46 74 73 84 134 164 118 105 154 160 123 78 66 61 61 62 65 67 67 65 62 63 63 67 67 66 59 61 61 58 61 59 56 56 60 87 100 91 79 75 92 98 100 100 102 105 106 107 108 110 111 111 111 112 112 112 112 112 111 110 110 112 110 
43 36 38 36 38 42 46 48 47 47 49 50 50 53 54 52 54 58 57 59 57 61 64 71 95 123 138 138 132 121 114 115 121 119 110 65 35 50 77 139 206 182 95 75 91 84 96 148 123 51 55 58 59 59 58 60 58 56 58 62 58 58 60 59 58 59 58 58 57 55 71 97 91 77 69 83 96 97 99 100 103 106 107 110 111 111 111 111 112 112 112 112 112 112 112 112 111 111 110 111 
35 35 34 36 40 40 42 45 46 46 51 50 52 54 53 54 52 52 54 57 59 79 104 116 121 128 144 141 134 129 125 115 105 82 38 46 68 106 168 216 205 159 86 70 99 100 56 85 125 54 41 56 58 56 55 54 55 59 62 59 57 58 58 57 56 54 53 51 59 86 92 80 68 72 88 94 95 97 101 104 106 108 109 109 110 110 111 112 112 112 112 112 113 113 112 112 112 112 111 111 
32 34 38 39 41 42 45 48 47 46 50 52 55 54 56 51 53 55 54 65 82 92 91 112 109 126 148 125 109 116 122 90 63 61 93 133 163 192 206 214 186 151 88 73 83 79 51 67 104 96 33 50 55 54 54 54 55 55 55 54 53 54 54 54 50 48 52 72 87 81 72 68 83 90 92 95 99 100 105 105 107 109 111 110 111 111 111 111 112 112 112 112 113 113 112 112 112 112 111 111 
39 41 38 40 42 47 46 45 49 49 47 48 51 53 52 55 58 68 101 109 92 106 132 126 159 199 194 103 98 73 101 184 202 196 191 196 208 200 220 213 196 176 132 81 46 42 52 90 123 130 41 39 53 55 55 54 56 55 54 51 49 50 49 48 46 61 82 79 66 60 76 87 90 92 95 98 101 103 105 107 108 109 111 110 111 112 112 112 112 112 112 112 113 113 112 112 112 112 111 111 
41 40 37 42 45 48 47 45 42 44 45 46 50 54 56 57 57 116 158 150 130 127 144 190 208 209 200 196 178 141 161 213 216 210 220 225 228 226 224 218 214 203 167 123 67 69 124 165 183 149 43 34 49 53 52 53 54 56 51 50 50 46 45 56 75 75 69 61 70 87 87 88 90 93 97 99 102 104 106 109 109 109 111 110 111 111 111 111 111 111 112 112 113 113 112 112 111 111 110 109 
42 45 47 48 51 46 45 45 44 42 46 47 50 50 52 50 59 125 140 129 136 164 198 220 224 216 218 230 238 237 240 245 242 236 231 230 227 219 209 203 211 201 202 211 191 206 208 214 209 145 35 28 46 52 52 50 50 47 49 47 46 53 75 81 71 59 63 84 90 89 90 92 94 96 98 101 103 105 108 109 109 108 109 111 111 111 111 111 111 111 112 112 112 114 112 112 111 111 111 109 
32 34 38 43 45 46 48 44 47 47 48 48 52 49 46 50 59 121 134 143 170 200 222 231 227 224 228 233 241 243 244 247 244 238 232 222 217 206 201 203 213 216 225 231 226 223 214 213 186 83 30 25 50 50 49 49 50 50 46 47 68 87 80 69 62 77 87 88 88 91 92 94 96 97 99 101 102 104 106 107 107 108 110 109 111 110 111 111 111 111 112 112 112 113 112 112 111 110 110 109 
40 39 40 45 47 52 54 51 54 55 51 50 49 49 49 55 83 125 145 166 198 217 229 235 232 226 222 214 218 230 243 242 239 232 223 213 208 199 204 214 212 208 214 209 196 187 186 195 115 42 31 36 51 51 48 47 46 47 61 79 77 71 64 71 84 86 86 89 91 93 94 95 98 99 100 101 102 103 106 109 108 109 110 110 111 110 111 111 111 111 112 112 111 110 112 111 112 110 111 108 
41 46 50 50 50 48 49 47 49 50 52 52 51 48 48 57 109 133 162 192 222 236 237 234 217 205 198 206 220 232 239 229 212 223 229 229 226 226 229 229 215 200 191 184 180 185 171 128 90 93 76 71 58 51 45 43 54 73 77 73 64 68 80 84 83 85 87 90 93 95 95 97 100 100 100 101 105 128 113 103 111 111 111 111 111 111 111 111 111 111 112 112 111 111 111 110 112 110 110 110 
45 49 51 53 51 50 49 45 46 48 49 48 47 44 51 72 134 156 189 212 231 234 218 200 193 196 202 209 202 206 218 160 115 149 223 239 240 229 217 211 212 208 202 191 180 144 134 135 159 161 165 158 150 138 104 83 74 63 58 60 74 82 83 83 85 88 89 91 92 94 96 97 98 99 101 101 135 145 143 120 111 111 110 111 111 111 111 110 111 112 112 112 112 111 112 111 111 111 111 111 
50 53 54 54 54 50 49 48 52 49 49 48 47 46 52 89 146 160 184 203 213 209 192 189 192 199 198 184 177 189 144 87 78 106 207 229 232 232 229 231 223 209 196 195 143 141 166 167 184 168 173 176 177 174 170 160 134 94 66 79 78 80 82 85 87 90 91 93 94 95 98 98 100 100 101 126 135 139 142 130 104 111 109 111 111 111 111 110 111 112 112 112 112 111 112 112 111 111 111 111 
51 54 53 47 44 47 47 45 48 46 51 49 44 45 54 109 155 154 179 193 184 191 193 199 201 200 204 211 216 207 118 126 79 101 198 220 226 227 218 206 174 163 146 148 152 179 159 153 173 148 147 160 166 163 164 166 164 151 148 97 84 89 87 88 86 88 90 92 94 95 96 97 97 93 93 121 121 121 135 124 101 111 110 111 111 111 111 111 112 113 112 112 112 112 111 111 111 111 110 110 
51 53 52 50 48 48 48 46 44 44 44 41 40 42 55 120 154 158 162 166 166 175 184 194 203 210 217 225 230 227 169 103 72 131 212 220 219 207 179 152 142 161 150 189 199 171 130 143 162 155 146 149 152 150 156 169 163 159 172 152 112 115 108 102 103 101 102 102 95 93 89 83 79 83 90 103 121 133 139 129 106 111 110 111 111 111 111 111 112 112 112 112 112 111 111 111 111 111 111 111 
50 50 49 48 46 45 43 43 42 42 43 43 42 48 59 109 144 140 148 152 174 174 176 177 180 180 183 197 213 225 216 141 157 220 214 208 199 173 143 122 116 165 182 202 202 180 142 138 150 156 152 152 155 150 152 164 164 163 176 166 131 110 117 112 112 117 117 117 114 109 103 102 94 80 86 96 109 110 105 103 108 111 111 111 111 111 111 112 112 112 111 111 111 111 111 111 111 111 111 111 
47 46 44 42 41 40 41 41 43 43 44 44 43 46 57 88 114 123 134 156 170 173 172 176 179 178 174 185 196 213 221 211 197 206 200 185 174 150 135 121 125 168 176 190 196 174 141 138 138 141 148 152 158 159 157 146 152 161 173 167 142 107 117 115 116 113 112 110 110 120 120 118 98 88 96 105 97 91 94 101 107 108 108 108 109 110 111 112 111 111 111 111 111 111 111 111 111 111 111 110 
40 43 46 46 45 46 47 48 44 42 41 41 43 44 48 60 91 112 123 150 168 175 176 181 184 181 175 177 193 196 180 146 144 148 144 138 144 122 121 118 125 159 181 186 174 151 144 143 136 137 144 153 161 162 158 153 157 162 170 178 171 130 108 111 108 104 105 105 101 97 91 93 82 83 86 88 89 95 100 102 104 105 107 106 107 108 109 110 109 110 111 111 111 110 111 111 111 111 112 110 
41 44 47 47 47 48 47 49 45 45 45 44 43 44 44 48 62 90 109 140 163 157 168 184 185 175 167 164 164 154 132 116 113 116 116 131 134 123 113 120 144 154 152 170 149 144 142 135 139 140 155 160 162 153 148 148 153 161 161 156 164 171 126 95 83 74 70 75 81 88 91 92 94 96 93 93 93 95 99 102 104 105 106 106 107 107 107 109 109 111 112 111 111 110 111 110 111 111 112 110 
42 44 42 41 42 43 41 43 42 40 38 38 37 39 38 39 45 60 93 121 140 132 136 158 177 189 174 154 138 122 119 111 108 110 114 117 109 105 107 132 145 129 140 132 132 140 137 136 144 145 150 154 150 143 148 149 154 152 150 146 160 173 170 127 67 85 89 91 92 92 93 95 96 95 93 93 93 96 100 102 103 103 105 105 106 107 107 107 108 110 109 110 109 110 111 111 111 111 110 109 
39 39 39 38 37 36 35 35 35 35 35 36 38 38 39 41 44 48 60 87 117 126 119 94 85 102 116 142 143 135 128 128 112 102 108 109 105 103 101 87 82 78 83 93 118 129 115 133 130 132 134 136 142 148 150 153 157 147 143 152 161 156 168 161 103 79 89 90 91 92 92 92 93 93 91 93 95 97 100 101 102 103 104 104 105 107 107 106 112 119 110 111 110 111 111 111 111 111 110 109 
46 48 47 49 49 50 51 53 57 59 59 63 66 69 71 73 76 76 80 82 90 118 112 72 72 75 68 66 72 81 89 95 98 101 102 101 93 94 88 80 80 86 96 108 125 137 108 111 117 123 129 128 135 150 154 158 155 157 162 166 165 160 154 168 159 96 82 92 91 91 91 92 92 92 92 92 94 99 100 101 101 101 102 105 104 107 125 129 136 125 128 109 111 110 111 111 111 109 109 108 
76 77 80 84 83 86 86 86 89 86 83 85 88 88 89 90 89 85 87 87 88 103 122 109 110 97 89 80 77 73 75 85 99 95 97 99 101 96 103 112 122 126 131 132 129 124 93 95 111 117 119 124 139 155 154 157 161 172 172 171 168 165 154 169 176 161 121 96 91 91 92 93 93 92 92 94 96 98 99 98 98 103 104 104 103 128 127 122 129 128 137 115 112 112 111 111 112 110 109 108 
79 76 80 81 77 78 75 74 74 74 75 75 73 70 69 70 69 65 69 65 65 73 102 114 118 117 110 103 88 77 77 79 80 87 96 106 113 118 121 126 125 116 113 113 96 85 97 109 119 113 113 133 144 147 154 157 170 177 175 173 170 172 166 169 171 163 161 143 124 96 92 91 91 92 92 94 96 96 96 97 97 98 94 92 100 124 125 112 123 128 133 120 112 109 111 111 112 110 109 108 
59 54 58 53 46 45 49 48 47 48 49 47 47 45 46 46 46 46 47 48 47 48 59 97 105 98 97 92 82 74 71 72 82 97 104 108 108 105 99 94 113 110 96 94 93 104 101 111 113 113 131 136 140 150 161 165 174 176 174 170 166 166 162 161 154 155 162 165 164 149 141 121 111 108 114 110 112 109 103 97 79 76 88 94 103 122 134 122 120 123 126 99 108 111 110 111 112 110 109 107 
37 39 37 36 37 38 40 41 41 42 43 47 49 49 51 53 56 56 58 58 59 61 58 59 85 85 90 92 88 86 84 89 102 109 117 100 90 80 93 107 101 99 104 105 101 106 99 104 113 128 141 137 138 151 157 161 166 167 168 163 161 151 152 147 147 148 149 156 161 151 144 132 130 128 127 111 109 120 121 119 109 98 99 112 112 123 130 138 137 132 123 100 110 110 110 110 110 109 107 106 
44 47 46 47 47 50 51 50 51 52 52 54 54 53 55 55 56 60 60 59 60 62 62 61 77 83 92 95 97 100 93 94 106 114 89 87 87 93 102 101 107 110 105 104 98 98 112 118 124 135 142 144 149 146 143 145 150 156 155 151 146 142 135 133 133 135 138 143 141 135 130 127 125 117 115 110 111 100 110 115 103 108 115 110 110 111 103 103 111 115 106 106 107 107 108 108 109 109 107 105 
42 44 45 45 47 49 50 51 51 51 51 52 53 55 54 56 56 59 59 59 58 58 56 61 78 89 99 99 101 101 99 107 109 103 94 91 82 83 101 109 100 98 106 105 107 108 120 124 131 134 135 134 132 132 139 139 142 148 146 143 133 129 126 124 126 129 131 133 136 128 121 126 127 121 115 110 105 91 98 99 100 104 92 89 96 92 91 93 96 98 102 106 105 105 106 106 106 106 106 104 
43 45 46 46 47 49 50 51 53 53 53 52 52 51 50 52 52 53 53 51 52 54 56 74 87 84 90 90 98 101 98 95 99 96 97 85 81 100 106 105 97 92 96 96 109 120 126 131 133 129 123 118 126 132 139 139 142 137 132 124 122 124 119 113 114 117 126 127 128 125 122 123 125 120 114 108 96 89 84 83 86 88 91 95 95 94 95 95 97 100 103 105 105 105 104 104 104 104 105 104 
54 58 59 58 61 63 65 72 72 70 65 62 59 58 61 61 58 60 56 53 54 54 54 70 88 88 84 85 83 85 90 96 100 103 106 103 88 84 85 83 92 103 115 124 131 129 130 128 129 126 125 129 134 133 135 135 133 125 117 112 108 108 112 120 125 128 124 119 120 116 104 98 88 80 74 74 82 86 92 93 96 95 95 95 94 93 94 93 97 100 102 103 104 104 104 104 104 104 103 102 
75 75 76 73 77 76 74 74 70 65 56 51 48 46 46 45 44 45 43 45 46 48 51 55 90 92 92 88 88 91 92 96 95 96 98 101 107 110 103 109 120 125 128 123 121 122 118 118 117 122 126 125 128 125 125 122 118 117 116 104 103 122 126 132 137 119 89 81 71 63 63 74 81 83 86 90 92 91 92 93 94 97 94 93 92 92 94 96 99 100 101 102 102 102 102 102 102 102 102 101 
53 53 52 49 48 48 47 47 47 46 45 47 49 52 53 53 63 69 73 74 78 70 71 76 89 98 93 89 87 83 91 105 108 102 100 100 104 107 110 109 111 118 121 116 114 112 109 113 120 123 120 121 122 121 117 118 120 113 110 105 117 124 116 115 114 66 47 73 78 81 83 83 83 84 85 88 89 91 91 92 92 95 93 92 92 92 95 97 99 100 99 100 101 101 101 101 102 102 99 99 
43 49 51 55 58 61 64 67 64 76 75 76 76 75 70 60 64 61 57 53 50 51 52 49 73 88 96 97 91 90 90 89 93 101 106 107 104 103 100 103 113 113 112 115 116 119 122 126 122 125 127 129 121 115 109 105 100 100 104 105 81 66 59 64 70 67 77 79 79 80 82 82 82 83 85 86 88 90 91 90 91 93 92 91 91 91 94 97 98 98 98 98 100 101 100 100 101 101 100 100 
70 76 76 76 68 68 63 64 57 50 50 53 46 44 53 51 53 51 55 50 58 56 61 54 74 78 88 90 95 96 98 97 96 88 85 90 102 111 116 122 120 120 125 124 125 128 128 120 116 116 118 111 105 97 95 94 98 70 50 53 63 70 79 77 77 77 77 79 79 80 81 82 83 83 84 85 86 88 89 90 91 92 90 90 89 90 93 95 96 97 98 98 98 100 100 100 99 99 99 99 
51 49 45 46 56 47 53 51 51 52 49 44 45 59 54 55 56 52 52 52 60 61 57 58 77 80 81 77 86 82 88 90 92 89 84 86 87 87 96 104 108 113 114 116 118 114 116 112 109 101 99 95 97 89 98 95 66 39 62 76 76 79 78 78 77 77 77 79 78 80 81 83 83 83 83 85 86 88 89 90 90 90 89 88 90 91 93 96 96 96 97 97 98 99 99 100 100 99 99 98 
49 50 50 49 43 48 52 53 51 50 46 50 52 46 57 60 53 51 56 54 55 53 56 69 79 85 80 80 76 74 67 75 76 76 70 68 69 74 77 81 81 83 87 90 93 94 93 91 91 95 100 97 91 84 83 67 39 60 75 77 77 77 76 76 76 76 77 78 78 79 80 81 83 83 83 85 86 87 88 88 88 88 88 88 90 91 93 95 95 95 96 96 97 98 98 99 99 98 98 96 
52 48 48 47 54 48 43 45 55 47 52 52 52 53 50 47 49 59 54 56 57 52 51 75 75 72 76 76 73 70 69 66 65 67 64 66 64 67 72 72 75 78 79 82 87 87 88 88 90 90 84 75 79 85 70 40 58 73 76 78 78 77 75 76 76 76 76 78 78 78 79 81 82 83 83 84 85 85 86 86 86 88 88 88 90 90 91 93 93 93 95 94 95 96 96 96 97 96 96 95 
46 52 51 55 47 47 47 44 40 45 52 54 54 54 48 52 52 50 61 61 53 52 59 73 78 78 67 65 68 73 78 72 69 78 73 76 80 75 75 73 82 86 85 82 83 80 80 77 81 82 82 83 83 73 42 56 72 71 72 81 73 75 75 75 77 77 77 77 77 79 78 81 81 82 82 83 85 84 86 85 85 85 85 86 88 89 90 91 91 92 94 95 94 96 96 96 96 96 96 94 
41 49 44 52 53 45 47 43 53 45 45 50 58 52 52 54 55 57 54 50 53 56 65 72 74 67 60 64 72 72 80 82 80 83 75 79 80 82 84 81 78 82 83 82 82 83 85 81 82 87 87 86 71 47 50 70 72 73 87 99 104 74 74 76 76 77 77 78 77 79 79 80 81 82 81 81 82 83 84 84 83 83 84 85 87 88 89 90 90 91 92 93 94 95 95 96 96 95 95 93 
55 54 55 56 63 71 63 70 70 73 75 63 46 50 54 56 55 57 51 57 51 52 68 69 75 74 70 72 70 77 78 88 92 94 81 75 79 81 83 90 92 89 87 89 93 94 96 96 92 92 84 67 32 52 68 70 73 78 99 98 100 74 72 76 77 77 77 79 79 80 80 80 80 81 81 81 81 82 82 82 82 82 84 85 86 87 88 89 89 89 90 92 92 94 93 95 95 94 93 91 
74 75 81 80 75 78 78 66 72 80 80 61 51 51 47 49 59 53 56 52 48 57 67 65 74 72 70 73 67 67 69 81 87 88 88 89 87 83 85 86 93 91 94 96 101 102 96 97 93 81 57 31 44 65 71 71 71 78 88 92 93 93 70 76 77 78 78 78 78 80 79 79 80 80 80 80 80 81 81 81 81 81 83 84 85 86 87 87 88 88 90 91 91 93 93 95 93 93 91 89 
74 77 81 74 69 79 71 60 47 54 51 48 39 43 45 45 41 47 51 52 45 62 70 72 70 68 69 71 72 68 68 71 74 75 75 78 83 78 81 81 80 85 91 92 97 96 94 87 74 51 28 46 63 65 64 68 72 78 91 103 98 89 73 74 76 76 76 77 76 78 78 80 80 80 80 79 78 78 78 78 78 80 82 83 85 86 87 87 86 87 88 89 90 91 91 93 93 93 91 89 
48 45 48 48 40 32 29 21 20 28 29 35 43 39 43 41 51 47 46 47 52 63 71 68 75 77 80 78 76 72 73 73 73 72 69 74 76 77 77 80 81 81 86 89 92 93 81 68 54 57 73 78 73 75 80 83 85 88 91 81 65 67 70 71 73 74 74 75 74 75 76 77 78 78 79 80 79 77 77 77 77 78 81 82 84 84 85 85 85 85 86 87 89 90 90 90 92 90 91 89 
17 24 34 19 29 28 18 19 28 30 22 28 32 47 45 51 45 46 50 46 54 63 66 70 71 80 83 81 84 84 77 75 74 74 74 77 77 76 75 78 82 82 81 87 79 73 69 61 53 65 69 83 81 81 84 78 73 67 66 67 67 67 69 70 70 71 71 72 72 72 73 76 75 77 78 79 78 76 75 76 77 77 80 82 83 84 85 85 85 84 85 87 87 89 88 88 88 88 88 86 
22 35 22 22 26 36 42 40 44 29 22 30 31 38 41 43 51 47 47 43 61 62 67 69 73 78 84 86 86 84 80 77 74 71 69 73 71 72 75 82 79 78 79 76 74 66 57 62 68 73 79 87 78 65 60 62 70 68 66 65 66 67 70 69 69 69 67 69 68 71 73 73 75 74 77 76 76 74 73 74 76 76 78 81 82 83 84 85 84 84 84 84 84 86 88 88 86 86 86 83 
42 37 29 30 26 21 33 24 37 34 20 27 34 40 36 39 40 49 48 49 58 64 65 70 77 82 85 84 83 78 75 76 74 72 69 65 62 66 72 78 75 73 76 76 72 59 46 62 62 69 75 59 50 58 62 65 68 67 65 65 67 67 68 70 68 68 68 68 68 69 70 71 73 75 76 76 74 74 73 74 76 77 78 78 80 82 82 83 83 83 83 83 83 85 85 85 86 84 84 82 
29 40 24 24 32 38 31 29 37 37 36 36 43 32 35 39 40 41 44 41 57 64 68 69 70 75 84 87 83 80 76 75 74 74 71 69 68 71 72 75 71 73 76 96 104 54 41 70 61 53 56 53 55 58 62 64 66 66 64 64 67 66 66 68 68 68 68 68 66 67 68 69 71 73 74 74 72 72 71 72 74 76 77 78 80 82 82 82 83 82 81 81 81 82 82 82 84 83 80 78 
24 31 35 31 33 21 18 28 33 32 32 27 34 42 36 37 38 46 40 40 58 63 64 69 74 77 81 81 78 75 76 71 75 72 73 72 76 82 76 71 74 91 117 132 117 58 40 67 70 55 61 57 55 56 60 62 64 66 62 62 64 64 65 66 67 67 67 67 67 67 68 70 71 72 72 72 72 71 70 71 73 74 76 78 80 81 81 81 81 80 80 79 79 80 81 80 81 79 77 75 
17 18 23 43 29 29 21 23 30 37 28 21 29 30 41 41 47 37 39 40 57 61 63 67 77 75 76 73 73 71 73 72 79 77 79 77 77 76 74 82 95 117 135 142 133 99 41 59 76 57 61 60 56 54 58 60 62 65 63 61 63 65 65 65 64 65 65 66 67 67 67 69 69 70 71 71 71 71 70 70 72 73 76 77 79 80 80 80 80 80 79 78 77 77 78 79 79 78 76 74 
19 23 28 15 16 15 24 31 36 38 25 21 29 31 35 35 37 47 42 39 54 59 65 70 73 74 73 71 70 70 72 75 71 71 73 69 71 74 83 90 101 107 115 128 130 127 112 81 78 62 55 59 56 53 56 59 60 64 64 61 62 63 64 65 64 65 65 66 66 67 67 68 69 69 67 67 68 68 69 70 71 72 75 77 78 79 79 79 79 78 77 76 74 74 74 75 76 74 74 72 
22 28 19 15 16 15 18 31 25 35 30 22 29 34 42 36 37 34 44 47 51 58 65 67 76 73 70 70 69 67 70 71 73 71 70 69 76 82 85 83 93 101 100 110 114 116 120 120 117 108 85 66 56 54 54 57 56 62 66 63 60 62 62 63 65 65 65 66 65 66 67 67 68 70 74 73 65 68 69 69 70 72 74 76 78 77 78 79 78 77 76 75 74 72 72 71 72 70 71 69 
23 29 22 19 18 21 32 24 24 33 31 34 33 42 32 35 38 38 39 40 47 57 61 66 72 66 64 65 63 65 68 72 73 72 72 79 85 84 80 80 95 100 102 102 111 115 111 112 112 110 108 109 110 106 92 88 68 57 62 60 59 61 61 62 64 64 65 66 67 67 67 66 68 84 88 96 69 66 69 69 70 73 73 74 76 77 77 78 76 75 75 74 72 69 69 68 68 67 67 64 
17 17 27 31 24 29 23 21 25 31 30 29 27 36 42 35 37 36 45 34 44 52 58 64 73 68 65 64 65 65 68 71 70 76 81 82 83 84 81 89 97 104 104 107 105 110 109 109 104 102 104 113 121 124 123 120 114 99 79 64 55 61 61 63 63 63 63 64 66 67 66 67 74 77 95 92 80 65 67 69 70 73 73 73 75 75 75 75 74 74 74 72 70 67 65 64 64 64 63 60 
18 18 20 23 31 27 28 21 23 25 35 29 26 31 33 43 43 47 37 35 38 53 56 62 74 68 65 65 65 66 71 71 78 82 79 81 86 83 85 89 96 100 100 103 102 101 106 104 97 98 102 108 115 114 113 113 116 113 112 104 85 68 61 59 63 62 63 63 62 65 71 85 88 90 89 83 70 65 67 70 70 71 71 72 73 74 74 74 73 71 70 69 68 65 62 61 61 61 60 57 
16 19 20 31 18 16 21 32 30 30 37 23 24 33 33 34 37 37 45 39 33 48 52 57 64 71 65 64 63 66 67 72 80 76 79 85 88 90 95 97 101 97 101 100 99 101 103 101 96 93 88 88 98 95 86 93 100 95 95 95 90 92 98 94 88 79 74 76 76 76 86 93 97 95 96 93 81 64 68 69 70 69 70 70 71 72 72 72 71 70 68 67 65 62 60 58 57 57 56 53 
17 19 29 21 19 18 21 20 34 30 31 23 23 23 27 38 33 35 33 41 42 42 46 48 54 59 62 61 62 61 67 70 75 76 78 83 89 96 95 101 103 98 99 94 92 85 88 91 90 90 89 85 76 66 67 70 62 59 62 63 60 68 84 98 97 92 94 90 84 80 83 86 90 85 78 67 65 65 66 66 68 67 69 69 70 69 69 70 69 67 65 64 62 59 58 55 55 53 51 50 
27 30 24 23 23 23 24 29 30 25 31 30 26 18 33 27 30 34 35 34 42 30 43 44 47 51 56 52 54 58 63 69 68 68 71 77 87 94 94 96 97 93 93 90 89 79 78 87 90 92 90 76 61 59 55 53 54 51 52 54 58 60 68 78 77 78 79 72 65 66 66 69 66 62 61 62 62 63 63 64 65 66 66 66 67 67 67 67 66 66 65 62 61 58 55 52 51 50 48 45 
25 22 28 29 24 23 28 30 26 25 29 19 21 25 30 30 29 34 32 42 37 34 31 39 43 45 48 55 54 58 60 63 62 66 75 75 79 82 86 86 85 87 84 74 78 81 84 81 76 72 63 59 56 54 56 57 59 55 51 52 59 69 65 66 57 47 46 47 53 55 58 61 60 60 61 61 61 61 61 61 62 63 63 63 63 63 64 64 63 62 61 58 57 54 52 49 47 45 43 40 
21 23 23 25 28 26 30 25 26 23 21 20 25 15 21 29 39 35 40 35 35 38 33 32 38 39 44 48 52 56 57 58 57 59 65 66 68 68 69 59 70 73 74 75 74 69 64 58 53 52 49 46 47 45 40 39 41 41 46 48 52 66 60 49 42 46 51 56 59 59 59 59 58 58 59 60 60 60 60 60 60 61 61 61 61 61 61 60 60 60 58 56 56 54 51 47 44 41 41 38 
20 22 23 22 26 22 23 30 26 22 23 29 16 18 22 24 24 35 35 38 33 36 34 42 33 34 36 39 42 47 49 49 45 47 48 50 51 45 42 38 40 52 50 49 46 43 44 45 45 41 37 56 50 44 51 48 44 47 52 53 55 55 51 50 53 53 55 56 56 57 57 58 57 56 57 57 57 57 57 58 58 59 59 58 57 57 58 57 56 56 55 53 51 49 48 45 41 38 35 32 
