25 27 24 27 28 28 27 28 27 29 28 31 28 29 29 28 28 25 28 27 27 27 28 28 29 30 29 29 30 29 28 28 26 28 28 28 29 29 29 28 28 27 27 28 28 32 32 30 26 26 27 25 26 23 24 23 23 23 27 31 35 34 40 60 63 42 31 46 64 68 65 66 70 72 80 87 84 85 90 87 90 95 93 100 96 92 89 82 83 94 91 85 83 85 73 70 78 85 78 72 
25 26 27 29 30 28 29 27 29 30 28 31 28 30 30 29 28 28 26 27 27 28 30 31 30 29 30 30 30 28 29 29 26 28 27 25 28 26 27 25 27 27 29 28 27 29 30 29 27 25 23 21 22 23 22 21 19 20 25 32 36 55 57 36 30 50 68 69 66 68 70 78 81 77 83 87 86 91 95 104 119 168 206 222 173 108 94 88 91 82 87 87 80 72 78 80 82 84 85 79 
25 27 25 29 31 29 29 28 30 30 30 31 28 28 28 30 29 28 26 29 28 28 29 31 31 30 28 28 28 28 28 26 27 28 29 27 27 27 27 26 26 27 26 26 25 26 26 25 22 20 19 18 15 11 6 6 5 5 6 8 12 18 20 48 73 75 71 76 77 81 82 86 85 87 91 94 96 102 131 188 237 247 246 177 101 86 87 93 88 92 85 84 79 80 80 85 90 93 88 80 
25 27 27 27 29 27 29 29 28 28 27 26 28 28 29 27 30 28 26 28 27 27 30 29 30 28 27 27 27 27 25 26 27 27 27 25 28 27 27 25 25 27 28 25 22 23 22 20 19 17 13 9 6 5 5 5 6 7 7 9 8 9 10 17 32 53 75 86 88 86 89 91 92 99 106 114 147 202 239 251 250 238 162 104 92 87 91 93 91 95 88 86 84 85 87 92 91 88 82 83 
27 29 28 29 29 28 29 30 29 28 28 28 27 28 29 29 28 28 28 28 27 28 28 29 28 28 28 25 25 26 26 25 25 25 26 25 27 25 25 23 25 24 24 20 21 21 20 17 13 10 12 12 9 9 8 6 8 8 8 9 13 12 15 23 29 102 180 160 141 133 126 116 133 148 180 223 247 249 251 249 209 131 107 98 93 90 100 95 94 94 89 86 83 86 84 85 87 80 85 86 
27 28 28 30 27 28 27 29 28 26 28 30 28 28 28 29 28 27 27 29 28 26 28 28 26 27 27 26 24 25 25 25 23 23 23 21 21 23 24 22 23 21 19 18 17 15 12 10 8 9 13 11 11 12 7 8 38 36 22 29 35 29 24 29 38 141 245 249 248 250 248 248 248 250 250 254 253 250 225 157 106 101 105 102 93 93 92 99 96 98 97 87 85 84 86 91 85 84 90 89 
26 28 28 28 27 29 29 30 29 27 28 30 29 29 28 30 28 27 27 27 26 27 26 31 28 26 27 26 25 23 25 24 25 23 25 20 22 21 20 20 19 20 18 17 15 14 12 11 11 11 8 6 6 7 4 11 56 65 64 48 36 61 76 68 74 117 228 246 249 249 249 249 250 250 247 245 211 158 121 100 96 92 94 92 87 99 100 96 99 105 97 96 95 96 94 90 87 94 95 94 
27 28 29 29 27 26 27 26 28 27 27 29 27 28 29 28 29 29 26 27 26 25 27 30 28 25 26 25 25 24 22 22 23 21 22 20 20 18 20 17 16 17 20 20 15 13 13 9 8 7 7 8 8 7 3 9 20 26 37 41 52 55 52 88 92 103 121 166 194 198 197 182 169 159 131 118 115 109 114 103 104 102 102 100 93 103 101 102 99 99 108 102 103 103 96 90 92 92 95 101 
26 27 28 29 28 28 27 26 28 26 26 27 28 29 28 28 28 29 28 27 26 26 27 27 28 26 28 25 21 24 23 21 22 20 20 18 17 18 20 15 19 24 26 18 14 15 15 10 11 8 8 8 9 10 7 9 10 15 18 21 18 29 29 74 93 98 99 104 120 111 106 109 109 119 111 111 105 102 105 108 104 102 98 95 98 100 104 102 99 102 112 107 109 107 97 100 101 102 100 102 
27 26 26 28 26 27 26 28 29 28 26 28 29 29 28 30 28 27 29 30 27 27 27 31 27 25 25 26 24 22 21 21 19 19 19 17 17 16 19 24 26 21 22 17 16 18 15 10 10 10 11 9 10 10 13 15 9 10 11 12 13 16 19 33 86 102 99 124 210 199 103 107 110 114 114 102 102 107 112 114 109 106 110 100 99 101 102 98 106 101 112 117 117 112 101 99 98 95 103 100 
29 27 26 26 27 28 29 30 30 29 28 29 30 30 30 29 28 27 27 26 28 29 30 29 27 25 26 24 22 22 21 20 17 18 17 17 18 17 23 29 29 25 25 23 20 17 16 14 15 14 15 14 10 12 17 18 18 13 14 12 13 15 16 20 33 66 98 176 202 228 182 99 103 104 112 109 105 108 114 116 108 105 106 111 101 97 101 112 109 107 114 115 111 104 112 109 109 104 104 98 
23 24 25 25 27 27 29 30 29 29 28 29 27 28 29 30 29 27 29 28 25 28 28 27 26 24 23 21 20 21 21 18 17 17 18 19 20 27 36 36 37 29 32 26 28 24 20 21 21 19 23 19 15 15 17 20 23 20 16 17 14 18 17 18 22 30 73 170 172 231 224 165 119 106 116 114 112 106 106 113 111 108 114 112 112 104 104 113 116 113 111 119 119 113 122 114 114 122 103 104 
26 24 27 27 28 27 30 29 29 29 27 26 27 28 29 30 32 29 28 28 25 25 27 26 26 24 24 21 21 21 20 20 24 22 23 24 30 38 53 44 34 37 40 41 34 38 36 32 37 37 32 23 17 17 18 18 22 26 22 21 19 20 20 19 21 23 36 122 155 201 214 222 210 167 114 106 108 110 112 110 108 111 118 116 115 113 107 108 117 115 117 120 126 117 114 116 113 105 104 93 
25 25 27 29 28 28 28 30 29 27 29 30 29 30 30 33 33 29 28 28 28 26 26 29 28 26 26 25 23 24 24 24 28 51 80 34 29 45 52 53 44 48 48 50 53 53 55 49 51 55 52 33 20 21 21 20 22 25 26 25 26 26 25 21 21 24 38 168 146 154 151 198 223 218 199 121 119 116 111 121 108 111 120 123 117 123 120 119 111 118 120 117 121 111 117 112 110 96 95 98 
25 26 26 26 29 30 30 29 28 29 32 35 34 33 33 33 31 31 29 25 26 27 27 27 26 25 25 25 25 25 24 26 31 103 75 30 40 52 59 58 58 53 52 57 60 61 62 67 69 67 68 51 30 25 26 23 29 33 33 29 33 33 30 23 28 33 72 200 173 133 119 192 215 228 236 161 122 125 116 114 114 113 117 119 115 116 116 114 106 106 119 124 119 109 110 103 100 100 97 102 
25 27 28 27 28 28 29 28 27 28 29 33 34 33 33 32 29 28 28 27 26 26 24 25 24 24 26 27 27 27 29 25 21 31 47 30 53 49 56 58 57 53 54 49 49 52 58 62 69 71 75 60 38 36 33 35 42 50 41 41 37 34 32 35 63 133 174 210 193 134 124 222 234 235 239 195 125 133 123 120 119 117 125 126 120 126 129 119 125 123 122 119 118 111 109 109 109 110 109 108 
28 29 30 31 26 27 32 28 29 31 32 36 34 34 31 30 32 27 26 27 25 26 26 27 27 28 29 29 28 23 25 32 48 65 54 34 49 49 54 55 50 43 38 43 42 44 57 64 71 76 72 63 43 44 48 55 66 76 54 46 42 41 44 52 154 243 236 216 198 120 113 169 225 225 195 146 118 122 120 120 127 126 132 128 128 131 128 122 125 125 118 111 123 116 110 108 111 111 109 107 
24 29 32 35 30 30 31 32 32 33 36 35 32 33 31 30 33 29 28 28 29 28 29 28 29 32 33 25 23 35 53 64 61 60 33 47 36 46 53 48 39 32 31 36 41 49 58 66 76 76 61 58 71 68 71 205 231 237 202 167 162 156 165 131 218 240 227 201 130 125 113 115 179 207 185 118 127 136 135 139 125 125 126 125 121 122 121 129 124 114 115 110 119 120 117 116 123 120 104 105 
26 28 32 42 37 32 32 29 30 27 30 32 33 36 35 35 34 32 31 32 32 32 31 33 30 20 23 33 54 64 61 57 64 64 28 49 35 38 43 37 35 30 33 45 49 52 67 73 79 78 69 61 81 81 107 241 251 251 252 250 245 245 239 237 236 232 201 122 118 121 107 117 124 130 115 112 123 131 139 134 119 137 131 143 142 128 127 135 125 119 120 117 119 111 109 114 125 120 106 102 
49 39 42 50 45 36 35 28 28 29 30 33 34 32 31 33 36 35 33 33 35 55 61 24 15 26 58 63 61 65 68 67 71 55 37 46 32 35 39 27 27 32 36 42 50 60 71 76 80 78 59 35 54 63 197 246 247 249 248 246 245 245 244 241 218 185 139 126 114 115 112 111 109 115 110 116 119 117 126 122 114 119 132 142 140 132 121 122 121 117 123 122 123 116 120 118 127 117 111 114 
94 87 82 87 99 64 96 52 34 30 30 29 32 31 32 36 37 32 33 38 88 122 98 47 43 54 61 68 67 70 68 73 75 40 48 46 33 33 29 23 22 29 35 43 53 64 76 80 82 82 48 33 31 43 205 249 251 248 243 236 219 202 186 159 131 123 123 126 125 116 115 122 125 125 121 116 122 113 121 120 122 135 138 144 137 135 119 133 132 123 125 126 124 123 119 117 122 128 122 125 
63 80 88 95 126 75 101 49 37 34 29 30 30 33 32 38 37 57 45 28 52 67 54 46 39 66 63 73 71 72 70 77 78 30 54 36 34 34 25 19 23 25 32 41 50 64 73 80 80 81 48 39 39 31 116 243 247 240 224 160 125 122 119 114 117 127 126 126 119 125 121 125 121 124 132 127 128 119 114 117 122 129 134 147 147 137 134 143 142 125 125 130 130 128 117 122 131 129 126 129 
64 56 55 84 117 77 56 70 70 74 64 55 42 33 35 49 99 99 40 43 65 67 63 59 51 58 68 72 72 77 81 82 73 34 54 35 32 27 22 18 23 26 33 39 45 57 69 78 81 79 71 73 66 32 40 191 235 182 127 120 116 121 115 116 124 120 121 124 130 127 127 123 122 124 132 132 134 132 125 123 125 126 138 142 154 145 142 143 131 131 142 138 137 136 127 132 143 137 129 125 
83 86 81 75 89 93 55 92 52 53 58 72 69 63 79 79 68 57 67 70 63 63 65 66 65 72 78 79 79 85 89 90 61 43 49 32 31 22 21 20 23 30 34 37 44 52 68 79 82 82 83 82 61 40 45 202 174 125 125 130 121 122 124 120 125 123 115 126 121 122 121 134 122 127 134 132 131 133 134 129 135 137 146 149 160 155 154 149 145 142 141 136 134 141 138 139 134 129 128 134 
33 45 61 69 79 71 64 101 49 45 41 40 38 37 46 53 60 64 75 68 65 62 70 73 77 80 84 85 82 83 86 89 48 62 40 30 25 19 19 20 25 31 33 40 45 56 69 77 77 83 85 79 58 39 57 197 117 125 125 124 119 123 120 117 123 117 115 122 128 128 126 121 122 126 139 126 133 136 132 140 140 142 147 146 150 143 147 151 149 160 150 148 145 138 129 130 131 139 136 132 
24 14 17 48 52 51 50 59 63 61 61 58 54 48 42 43 46 68 76 72 72 71 75 78 73 81 88 87 95 90 90 97 49 53 30 30 24 19 20 24 29 36 37 40 50 64 70 76 78 72 77 90 74 38 79 158 111 120 126 120 120 120 115 108 112 115 116 118 123 129 122 126 127 133 126 134 145 141 134 139 143 147 143 151 156 152 158 162 146 150 142 141 135 143 141 133 136 135 132 136 
59 41 35 29 24 23 16 21 21 30 43 49 55 58 64 71 45 70 74 74 77 78 77 86 79 88 88 90 95 94 98 77 56 45 30 31 26 23 24 27 35 41 44 47 55 65 77 83 75 58 66 89 83 53 87 104 120 121 121 114 112 116 123 124 118 115 105 119 130 129 131 136 136 135 141 139 139 135 151 147 149 150 150 148 161 158 153 170 158 151 147 149 156 138 136 137 134 140 132 133 
63 59 58 58 54 43 34 23 29 21 14 20 25 37 59 93 62 62 73 73 79 80 84 85 90 86 92 90 95 100 99 64 61 49 36 32 25 20 24 28 43 51 55 65 70 76 81 80 58 44 51 80 84 60 61 91 128 126 117 117 107 105 113 118 120 114 116 124 127 139 129 121 140 143 140 143 142 143 157 146 151 149 154 153 161 160 149 160 153 149 151 138 145 144 134 139 144 135 140 144 
31 51 60 49 43 51 49 45 47 35 23 19 20 33 29 51 41 39 73 67 79 86 88 89 80 85 88 98 94 91 99 54 61 36 34 29 23 23 28 36 50 59 66 76 80 80 73 59 45 39 47 70 85 61 33 82 116 120 114 101 102 114 120 131 118 117 129 131 135 134 135 130 144 132 139 145 150 151 149 154 145 147 153 151 152 149 155 156 158 161 161 150 147 135 133 133 141 133 140 135 
29 31 24 55 29 22 39 61 50 36 41 46 51 60 56 36 51 20 66 57 79 91 94 89 87 89 88 91 90 97 93 53 55 29 32 26 25 27 34 42 57 65 71 80 72 51 46 45 44 41 41 66 78 58 28 93 117 119 118 117 112 125 126 131 118 123 129 136 143 137 147 143 144 146 145 152 148 153 154 157 155 154 165 158 152 154 163 157 161 159 162 153 144 143 141 132 143 141 136 128 
29 58 22 27 49 48 32 24 55 45 30 50 52 78 54 25 54 21 50 60 77 86 97 87 89 88 88 91 90 100 80 52 50 35 39 32 29 31 39 50 58 66 72 84 76 55 40 37 36 36 34 48 72 58 40 105 124 116 118 113 127 121 119 124 132 127 132 140 146 146 148 151 146 150 149 154 150 157 161 160 149 150 159 158 158 155 154 160 157 151 151 151 156 137 142 139 138 141 141 133 
17 32 60 34 22 28 44 41 31 43 55 35 36 71 51 16 52 95 59 64 70 83 90 89 90 85 86 88 101 97 55 59 46 30 40 31 31 32 43 51 64 75 85 84 69 46 37 30 29 37 36 53 78 61 52 117 120 119 122 116 124 130 123 127 124 126 135 138 145 143 151 151 146 145 158 151 151 161 160 158 156 156 153 155 157 164 159 161 153 148 144 152 154 151 138 143 139 138 137 135 
43 22 27 50 44 35 27 49 52 28 26 43 46 71 70 42 55 160 110 60 42 65 97 93 88 85 88 93 98 92 36 66 40 34 39 31 30 32 41 57 75 85 87 89 73 49 36 34 33 34 36 52 78 54 58 116 118 120 121 119 115 109 123 130 124 129 135 144 146 145 152 147 150 152 160 153 151 156 157 155 154 155 155 160 152 157 148 151 152 159 153 156 143 153 145 148 135 145 147 146 
45 58 31 27 27 60 34 28 39 42 31 35 58 86 86 51 28 122 127 63 63 76 98 94 87 89 89 96 92 83 31 70 48 48 41 36 32 37 48 58 72 77 85 87 84 84 60 55 52 53 46 59 81 52 70 121 112 122 116 128 123 118 121 132 131 131 135 138 145 155 158 161 149 148 144 156 158 152 155 159 159 156 155 163 156 157 158 164 152 150 160 156 150 147 147 148 137 146 142 147 
16 28 37 50 23 27 53 48 27 26 54 41 37 52 74 55 21 54 50 27 55 69 97 93 83 83 92 99 98 77 30 73 63 71 53 37 33 39 40 51 65 74 85 86 89 88 71 62 70 68 69 58 73 50 74 116 111 113 119 113 124 119 121 131 134 141 145 148 151 153 153 158 156 159 150 157 166 155 157 150 152 156 160 166 158 151 161 159 153 160 165 162 158 152 152 141 141 144 149 148 
42 26 21 47 59 22 25 23 54 32 33 54 46 40 64 72 32 30 43 17 54 77 94 105 92 80 85 89 97 68 30 69 75 73 57 37 37 35 38 48 60 75 83 86 88 91 84 80 82 87 82 75 72 51 67 130 120 130 123 121 127 132 133 133 140 148 145 143 153 152 157 153 156 163 160 157 159 160 150 154 163 158 158 157 156 152 146 150 160 162 161 164 156 148 145 149 150 153 148 149 
34 62 22 25 36 54 44 19 33 59 41 30 30 56 62 91 68 25 42 27 36 82 87 92 89 82 81 82 95 67 24 53 71 72 72 58 44 43 42 53 64 81 83 82 84 85 91 90 87 88 90 83 71 53 71 130 122 112 127 119 128 127 129 141 136 142 139 144 152 144 151 153 156 153 153 157 151 152 157 156 156 158 154 160 159 154 162 163 162 165 164 162 158 153 146 153 153 156 162 164 
21 41 67 34 24 21 41 61 23 31 43 46 33 41 67 84 85 23 41 44 20 81 88 88 86 91 83 88 96 65 23 48 59 53 69 71 65 61 57 69 78 83 85 89 91 87 91 92 87 87 85 80 76 58 82 109 113 114 121 117 133 137 137 143 139 143 146 146 152 147 161 160 150 156 156 158 156 155 159 158 155 162 156 168 166 165 159 151 164 167 167 163 159 144 146 145 146 155 158 163 
22 18 29 58 50 20 29 39 63 36 26 41 57 34 44 57 82 36 25 53 23 55 82 87 96 96 91 80 77 55 33 57 54 50 56 63 66 64 60 67 79 87 85 84 87 85 77 69 51 58 64 53 72 49 93 116 123 128 131 132 135 134 128 147 138 146 140 155 159 144 149 149 156 157 153 153 158 163 163 163 160 159 165 161 165 152 151 158 157 164 165 157 160 162 150 155 147 142 143 142 
69 34 26 22 37 67 31 26 36 37 57 31 40 63 47 46 88 62 31 49 36 30 81 88 102 91 92 71 77 48 49 42 54 57 45 39 29 28 24 26 34 43 49 58 74 83 67 47 34 30 34 32 49 45 101 126 129 120 117 131 134 135 139 138 131 137 144 150 153 153 150 146 152 154 160 156 147 152 160 160 164 163 177 174 163 167 158 168 161 166 166 164 159 167 162 157 154 145 151 149 
25 47 57 25 21 32 62 46 34 31 47 68 39 39 48 74 95 92 45 41 54 21 68 83 95 91 88 72 74 56 57 37 36 35 21 21 17 16 19 17 15 19 16 19 29 42 62 81 53 28 23 25 34 48 103 124 124 130 134 127 123 123 129 141 137 142 145 148 153 157 158 154 164 147 153 149 148 156 161 165 164 158 169 173 164 169 177 167 163 161 167 168 162 177 166 159 160 157 153 153 
27 17 30 70 28 21 27 25 64 38 33 37 38 48 39 59 96 94 60 25 62 35 43 85 94 99 82 73 69 116 66 59 70 73 70 75 80 84 80 66 52 45 35 25 20 20 23 39 64 45 21 24 29 68 118 129 132 137 141 139 129 138 136 147 150 148 149 150 149 160 161 164 167 158 153 160 157 159 154 177 172 161 166 169 176 175 167 161 168 173 171 171 166 164 167 152 154 152 155 150 
68 21 20 31 63 48 36 26 38 68 53 31 28 53 59 42 54 84 73 26 51 53 28 86 95 100 82 79 93 78 52 49 54 53 48 55 54 61 72 82 91 97 91 78 60 51 47 48 38 49 39 23 37 73 125 134 132 126 129 127 147 136 135 132 141 153 154 157 163 161 154 155 160 169 161 162 161 157 158 169 170 166 163 164 173 170 168 166 169 175 167 170 167 166 171 172 165 156 161 154 
46 69 24 21 28 27 61 38 30 40 41 54 34 39 54 55 41 71 88 49 35 57 27 66 93 100 95 92 126 105 67 43 39 39 37 38 43 50 58 68 54 39 35 40 47 47 44 41 37 41 36 24 48 91 116 133 115 124 128 153 205 188 136 141 149 153 149 157 159 156 162 162 160 165 163 173 167 161 160 163 159 167 157 162 165 163 172 166 166 165 166 164 162 165 173 172 171 166 158 155 
27 40 70 45 34 29 37 67 56 31 25 37 67 43 36 30 58 76 107 89 28 56 45 36 90 87 105 96 134 126 90 46 32 26 25 23 22 25 40 68 72 66 49 36 38 46 43 42 39 29 26 24 42 48 77 167 179 176 180 170 178 211 160 140 150 152 161 158 154 152 159 159 163 165 159 161 154 163 165 172 172 164 171 167 172 176 176 165 159 164 175 167 166 160 159 160 167 160 153 158 
22 28 29 37 65 29 25 31 38 54 35 33 38 57 48 36 48 70 91 101 34 41 57 26 82 91 103 65 124 136 118 41 27 23 20 21 19 24 24 27 32 43 55 76 72 50 36 39 49 46 37 34 35 61 86 205 239 223 221 211 201 220 226 206 144 145 159 155 155 151 156 160 164 160 168 167 151 152 163 168 175 166 179 170 174 171 175 177 165 169 175 169 157 168 166 161 166 167 170 163 
66 42 32 25 41 74 49 29 21 37 62 51 29 30 39 61 38 51 62 101 59 31 63 38 50 94 99 50 104 145 151 108 83 71 45 27 24 25 31 42 59 80 105 90 92 103 72 62 63 64 55 44 46 52 62 98 224 241 248 239 211 221 236 242 201 152 144 144 159 159 160 162 166 166 168 169 157 156 168 176 171 168 166 172 165 168 169 175 160 163 160 175 169 165 169 162 163 166 166 170 
37 45 55 27 26 36 51 57 34 28 36 53 52 39 38 45 68 48 48 98 92 45 63 64 34 102 175 197 215 236 242 245 242 225 185 111 68 64 71 72 74 66 76 133 151 220 220 202 203 182 181 179 121 80 114 167 231 234 250 234 220 244 246 242 237 165 155 154 155 155 166 176 161 160 164 166 162 165 183 169 168 167 170 162 165 177 174 165 166 167 169 169 171 167 164 168 161 167 174 170 
23 30 57 78 37 30 24 33 69 53 27 30 29 63 45 39 43 42 73 100 113 58 42 80 46 167 244 234 199 200 213 190 147 126 116 96 77 68 60 58 54 49 48 104 161 249 250 254 255 254 255 253 250 244 251 251 251 237 237 181 231 240 237 230 194 151 151 153 160 154 159 164 169 165 161 178 175 173 174 164 167 175 171 174 168 168 165 173 168 171 172 168 174 168 166 165 169 165 165 166 
33 23 35 47 68 63 33 29 35 55 59 44 39 47 63 56 42 52 58 98 96 78 28 71 125 198 106 65 74 143 197 197 173 160 142 106 71 55 55 56 45 47 48 78 142 240 251 254 255 255 255 255 253 254 254 252 251 238 154 144 153 200 223 206 149 151 146 149 152 160 158 170 165 164 167 177 176 172 177 179 171 170 177 175 175 166 164 165 165 176 176 170 168 170 166 170 167 166 165 163 
83 47 28 34 27 42 73 40 30 32 26 64 52 34 43 33 63 46 52 66 91 92 41 80 133 83 88 102 141 154 171 167 149 163 155 132 97 64 53 52 47 48 53 72 110 215 251 254 254 254 254 255 255 254 254 252 251 189 141 149 139 146 160 145 149 149 148 147 149 168 155 164 167 161 167 171 177 169 170 178 176 175 170 170 168 172 170 176 174 178 180 173 171 167 170 166 165 172 156 162 
36 73 69 57 28 35 44 71 60 46 29 41 62 67 42 36 46 65 60 43 81 93 73 119 159 181 183 189 193 169 162 147 113 149 182 167 121 79 65 59 59 68 71 67 80 146 234 250 251 252 253 254 255 254 254 252 239 122 141 141 139 144 141 142 148 143 147 141 150 163 156 159 160 167 176 168 172 169 166 172 175 165 164 164 169 173 170 173 180 164 168 164 163 162 159 162 169 161 160 157 
29 38 33 63 62 27 32 41 34 68 55 31 43 42 53 50 46 52 41 62 70 101 138 160 145 122 117 103 87 67 51 47 64 113 174 202 207 167 93 81 77 90 102 99 91 90 118 170 210 248 253 254 255 254 254 252 194 129 144 140 149 148 144 142 145 143 144 143 140 151 167 166 169 165 172 172 175 169 162 177 168 166 167 176 175 173 173 168 173 168 166 165 164 165 168 164 170 165 160 164 
41 50 24 37 62 77 46 43 26 43 67 67 41 32 45 64 61 50 41 51 77 119 136 123 123 117 108 95 90 89 113 104 59 46 82 124 111 160 165 99 98 106 108 112 111 109 102 130 158 219 251 252 254 254 253 246 142 146 146 146 147 145 135 140 136 137 141 144 148 146 149 159 162 163 161 166 165 176 175 180 162 157 167 174 168 162 167 159 162 167 164 167 163 165 166 157 156 153 150 160 
78 49 28 29 37 40 55 64 31 37 43 49 53 46 39 48 50 46 50 44 61 84 71 82 111 108 112 121 149 196 217 184 175 153 186 186 192 129 110 153 112 111 107 101 93 103 106 125 142 228 250 251 252 251 238 180 122 126 131 138 137 133 139 144 139 133 134 144 152 151 159 157 158 159 162 155 158 168 167 170 168 166 167 168 165 169 162 162 162 159 174 170 165 165 163 161 163 151 151 160 
29 65 72 38 25 37 27 51 76 42 34 33 37 64 64 42 42 45 58 38 41 45 68 90 121 165 215 231 234 235 178 144 184 153 205 231 213 195 126 165 147 139 101 97 82 77 82 111 154 250 247 229 198 154 123 127 121 121 126 140 140 135 148 143 137 139 149 152 151 151 151 164 154 154 162 161 164 152 154 156 163 173 170 161 164 164 167 168 165 165 168 170 158 157 159 156 156 158 161 154 
26 34 51 80 74 46 29 39 46 67 63 35 37 41 58 57 56 38 49 40 36 50 84 120 205 239 243 236 216 218 156 171 182 149 160 218 237 216 180 148 179 165 127 100 81 78 117 115 131 210 158 131 123 113 111 123 122 127 133 134 138 145 139 142 140 140 145 143 148 142 150 152 154 150 166 161 165 162 161 162 168 165 166 167 155 164 163 168 166 166 167 175 167 162 160 161 156 160 164 160 
34 25 30 46 37 70 56 30 34 38 35 72 64 36 39 33 52 72 70 45 47 53 81 143 201 225 232 222 209 217 198 196 198 161 200 200 220 221 183 157 150 237 234 207 190 210 230 105 82 123 126 125 118 115 106 122 123 128 125 133 136 136 141 139 142 135 139 140 131 142 160 156 160 154 159 161 161 155 161 163 160 160 160 165 166 159 171 176 165 159 165 163 171 164 170 157 161 166 155 163 
78 57 55 50 27 39 61 75 76 42 29 46 61 64 62 35 43 60 90 43 55 69 94 148 178 209 229 229 232 229 185 194 186 180 236 236 236 241 237 198 175 159 215 240 232 135 101 77 103 133 127 123 124 121 133 123 128 126 135 139 136 133 123 122 144 130 131 128 134 139 149 156 155 149 159 164 159 158 156 154 160 161 162 162 168 168 169 163 165 162 162 167 171 170 165 165 156 155 155 162 
38 64 76 60 38 27 34 39 50 45 28 34 45 39 57 63 35 65 87 53 71 101 142 168 166 170 222 236 242 244 233 194 193 225 243 247 245 243 245 232 223 212 179 147 135 85 81 102 111 124 113 120 121 128 136 128 124 124 128 136 133 137 140 123 134 130 133 130 126 133 142 146 158 162 151 155 158 154 146 153 152 151 161 169 168 166 169 167 159 163 165 161 168 164 163 171 163 156 153 158 
27 54 29 50 75 59 38 45 30 48 75 65 56 31 41 49 76 75 90 59 86 152 205 211 208 201 207 230 241 242 235 221 222 232 238 242 240 230 226 225 216 226 230 208 99 57 55 65 97 112 113 120 111 120 131 139 122 119 134 127 129 136 133 119 118 130 133 133 124 129 147 142 141 150 154 157 154 152 153 157 159 153 168 173 163 159 157 165 162 169 164 159 158 165 165 162 166 166 157 160 
83 42 24 39 40 58 73 59 28 33 44 62 54 54 33 41 46 43 75 73 94 194 238 241 236 235 233 225 221 220 224 218 213 215 219 224 231 234 221 197 198 200 213 222 191 78 53 50 62 114 127 119 117 124 127 111 123 124 128 132 138 127 127 126 123 117 132 139 131 131 136 146 153 150 148 145 154 152 167 157 152 154 162 167 164 165 162 162 155 157 166 155 163 168 151 150 163 168 167 158 
50 69 42 31 31 43 30 63 73 37 38 48 32 55 72 50 45 40 52 62 70 169 236 235 222 224 229 228 229 217 192 187 179 194 215 229 238 243 237 230 228 228 224 218 218 183 67 47 50 107 129 125 116 113 127 121 114 119 120 120 130 120 129 129 127 126 137 142 143 145 144 150 152 142 143 145 153 159 160 160 158 158 162 163 165 166 157 164 158 158 161 166 164 164 166 160 163 160 156 163 
33 44 77 67 60 56 26 38 51 76 83 41 34 37 43 50 62 45 45 59 45 68 185 228 216 208 205 214 208 217 210 204 208 207 211 231 240 239 226 238 245 247 248 246 232 228 123 54 59 109 120 119 126 120 127 114 117 123 120 124 130 123 123 131 131 126 139 154 154 147 150 148 144 134 143 147 155 150 145 150 153 155 153 154 151 155 153 156 166 153 163 164 164 167 163 159 168 164 157 155 
28 34 40 68 74 57 33 27 39 53 36 67 55 29 35 32 45 71 68 59 100 64 111 221 214 195 176 163 154 206 211 189 231 242 236 236 231 234 219 190 205 240 250 251 251 245 146 57 89 107 123 119 125 117 123 115 119 118 121 121 120 123 124 123 127 113 121 135 148 150 145 146 149 151 140 143 148 150 154 155 156 155 160 165 164 160 168 159 165 154 156 157 160 175 163 160 163 151 158 153 
35 28 33 71 28 61 70 46 52 47 29 37 53 70 60 29 40 44 51 52 78 75 95 161 123 152 169 161 126 206 219 205 205 244 251 250 235 192 133 111 108 153 240 248 249 240 103 77 110 113 122 111 115 111 119 110 118 119 112 115 112 114 124 124 114 114 117 132 141 153 150 135 151 150 142 146 145 152 151 154 153 153 152 147 164 157 152 161 155 152 148 163 163 166 167 163 157 153 158 154 
80 73 81 34 27 37 44 79 93 50 30 32 39 49 40 67 44 35 50 40 53 70 76 86 96 141 156 125 127 182 191 210 205 218 248 250 228 127 112 140 108 138 175 223 218 164 78 102 115 121 123 115 103 117 121 112 116 123 110 112 110 118 125 119 118 111 126 127 135 140 132 132 141 137 142 149 148 152 146 154 156 156 152 145 151 160 154 156 150 150 145 156 161 164 154 161 158 154 155 149 
38 88 68 43 29 25 34 73 32 60 73 43 43 38 33 42 62 72 53 38 50 54 50 72 58 69 99 136 153 97 92 142 156 178 217 248 207 95 118 125 93 110 123 188 175 79 93 104 107 105 109 110 106 113 112 112 113 113 123 119 121 124 124 120 115 122 132 133 145 146 136 144 143 152 145 138 142 144 149 139 157 146 149 147 155 155 157 155 149 153 151 153 158 160 160 166 161 142 149 150 
41 52 27 57 68 46 61 45 32 39 45 75 82 42 29 38 44 50 56 67 42 50 40 56 67 77 67 99 156 107 70 128 88 77 130 214 229 122 98 92 95 115 144 177 111 92 100 96 107 111 114 97 94 102 113 105 112 111 121 123 124 123 121 114 117 133 130 129 133 130 140 146 145 150 153 139 143 148 149 153 150 143 139 150 151 150 148 158 145 152 164 159 159 150 153 157 149 149 147 144 
84 27 23 28 36 87 86 40 29 27 37 70 32 62 63 39 56 36 42 48 72 71 43 50 53 53 60 94 123 144 66 105 113 62 92 109 169 215 206 201 214 242 225 144 100 99 101 99 103 112 118 103 100 113 118 107 116 114 122 122 120 130 122 110 121 131 131 124 113 121 126 131 136 144 142 129 135 139 138 140 146 150 145 156 142 139 143 145 147 157 159 158 159 149 147 154 150 151 156 156 
71 53 33 24 30 80 32 68 70 45 61 54 32 38 44 82 69 31 35 41 50 40 65 64 59 52 55 66 115 153 94 74 128 82 73 101 106 116 127 152 149 148 135 104 98 89 99 115 104 103 111 113 115 121 114 115 107 119 115 117 116 119 126 123 120 128 127 117 119 125 122 133 135 140 129 122 138 137 134 141 142 150 147 141 132 146 142 143 150 153 154 156 154 142 147 150 152 147 149 154 
32 67 69 49 57 54 26 35 44 76 88 46 28 31 36 62 38 68 55 45 46 40 45 51 71 54 43 51 86 136 124 66 112 112 63 93 100 110 110 113 118 102 102 96 90 97 94 101 93 104 102 112 112 116 117 109 112 112 104 108 117 111 109 118 125 123 116 125 127 139 135 131 128 136 142 138 143 143 145 147 139 146 161 151 147 150 146 146 153 153 162 162 157 153 154 153 155 146 140 144 
29 34 43 100 83 38 33 25 35 62 36 62 72 51 58 43 37 36 54 80 54 33 35 56 43 49 63 76 55 111 156 94 83 134 78 77 92 99 113 107 107 93 89 98 93 94 98 97 91 102 102 102 105 108 110 106 104 103 98 100 102 104 105 112 122 124 128 131 119 130 123 132 134 140 136 139 141 144 150 145 155 150 151 152 150 147 142 146 160 156 152 155 156 158 158 156 148 149 144 129 
24 28 46 81 32 65 67 42 50 59 31 40 42 79 82 40 31 31 53 44 44 68 73 56 38 50 51 64 63 97 127 125 71 120 105 58 91 97 106 105 108 93 97 101 96 89 90 96 94 95 95 99 101 103 100 111 97 97 98 105 103 111 112 122 129 129 127 133 133 125 122 136 142 134 132 140 139 146 148 142 149 153 149 146 154 151 152 148 145 139 151 147 143 141 158 165 153 146 147 142 
35 40 88 29 27 35 43 81 97 41 31 30 40 79 32 60 69 59 68 31 38 40 71 51 53 40 51 51 42 59 98 123 86 86 128 74 75 90 91 100 106 93 89 96 91 87 90 85 87 91 95 93 99 106 105 106 108 98 101 102 107 112 107 122 122 130 127 131 131 121 125 134 138 135 130 138 148 141 146 143 147 156 149 148 161 155 143 147 148 145 136 129 142 141 142 127 161 143 144 138 
80 111 52 32 23 28 41 89 35 66 68 41 58 57 32 36 41 87 59 41 26 41 61 35 43 68 78 34 40 44 83 108 106 69 125 104 62 90 95 113 106 102 88 91 94 89 93 87 87 90 98 104 104 107 102 109 97 104 104 107 118 106 107 111 114 127 140 128 123 126 128 131 135 133 140 146 146 135 132 139 146 148 149 155 140 142 144 141 144 139 130 135 138 142 145 140 135 138 143 125 
80 51 56 71 33 28 61 60 31 38 45 89 92 39 29 29 41 76 26 54 63 81 43 29 41 64 43 60 61 67 62 67 82 64 97 124 71 79 94 109 111 105 87 84 94 97 99 94 90 88 100 106 102 103 102 104 104 106 100 104 103 111 117 117 120 121 120 127 125 130 133 134 144 140 137 138 138 138 137 134 134 141 149 147 141 134 131 133 122 131 138 136 123 135 148 141 140 130 140 138 
91 21 30 40 72 97 79 32 28 30 35 87 31 59 60 36 76 62 43 23 30 69 60 51 36 61 36 39 60 64 67 66 61 48 64 134 94 62 88 95 104 108 102 91 83 85 89 90 93 91 101 98 103 101 102 100 97 97 103 109 115 113 117 117 116 125 130 125 132 132 139 124 128 131 144 137 140 136 136 139 135 138 143 139 127 119 125 130 133 137 129 123 103 110 113 134 131 136 136 128 
32 26 20 26 37 83 43 69 47 35 50 70 32 32 29 79 36 29 46 57 34 72 27 52 82 64 69 71 68 62 65 57 40 39 58 94 88 62 78 89 102 106 106 101 91 89 93 86 84 84 85 92 99 97 91 88 94 105 109 107 118 105 104 106 105 119 130 127 122 122 131 130 131 123 119 121 123 137 129 137 133 130 123 127 114 128 134 127 126 126 109 98 111 116 108 120 128 129 113 119 
57 31 25 23 64 37 29 36 62 88 89 29 28 25 45 52 30 38 68 87 75 78 71 74 81 74 71 64 73 50 56 44 41 50 71 71 43 51 61 90 88 103 107 104 94 95 92 92 90 89 96 99 104 95 92 94 95 101 101 111 107 106 105 104 102 105 116 122 119 122 116 118 118 103 109 111 116 117 123 117 124 118 128 123 115 127 129 121 116 120 107 92 105 110 116 114 122 127 118 119 
43 70 65 82 77 23 20 24 32 79 46 69 58 40 91 68 54 66 67 80 101 89 90 80 84 54 56 66 44 45 57 56 53 56 52 64 63 79 61 82 85 96 98 95 90 85 94 89 89 89 90 94 102 99 99 104 100 98 92 94 96 94 102 109 93 101 113 108 107 113 115 114 116 115 112 103 104 110 98 103 104 112 111 106 109 112 115 112 111 114 102 103 106 104 115 117 115 125 123 121 
24 25 80 67 64 62 31 23 30 80 17 24 54 86 96 102 91 59 81 74 85 100 76 70 44 39 45 52 64 66 62 56 51 53 55 52 82 96 55 41 51 48 43 40 36 38 45 56 80 88 91 93 98 98 99 102 100 99 99 98 91 93 100 97 99 94 93 95 103 111 117 116 118 113 115 112 106 115 118 106 109 116 114 112 114 112 100 116 122 111 91 105 116 118 114 122 122 124 126 126 
19 30 91 20 24 29 60 70 90 59 62 81 93 96 116 123 81 59 78 71 66 92 55 49 65 60 61 57 58 63 61 71 62 56 56 72 88 86 83 81 78 62 47 40 40 41 43 39 37 50 77 86 89 93 99 106 99 99 103 96 81 75 101 90 96 108 108 104 103 110 104 105 111 112 112 109 101 113 113 118 116 123 117 120 125 127 109 112 120 99 96 114 112 115 108 115 127 123 121 117 
20 77 34 12 21 38 61 75 94 106 113 105 94 73 88 99 65 51 89 72 66 87 87 97 69 64 64 83 52 56 58 58 87 92 70 56 69 95 103 108 106 109 98 85 60 50 47 45 42 39 37 56 83 86 90 95 96 97 91 95 94 89 92 104 98 105 97 98 106 104 102 107 117 110 105 102 108 105 107 109 114 110 118 115 120 116 102 116 122 118 115 115 108 104 106 109 110 122 124 123 
72 76 53 80 100 106 111 90 110 106 99 99 60 30 46 94 76 89 99 79 65 76 89 87 51 72 98 98 69 20 55 99 68 54 55 89 116 118 122 122 117 119 121 109 100 91 60 51 47 45 41 40 42 77 82 85 82 98 94 100 96 95 92 100 104 101 96 92 104 97 112 103 105 100 98 101 99 101 99 103 107 109 109 115 116 118 105 105 114 114 108 108 110 100 106 123 116 113 119 116 
89 105 116 120 115 118 107 76 70 63 67 37 36 57 52 68 80 81 98 95 68 69 80 71 23 62 95 107 73 51 99 64 57 52 87 111 116 115 119 113 117 119 117 122 119 107 101 74 53 49 48 47 44 41 76 85 81 84 94 99 98 96 95 98 91 101 99 95 96 96 106 110 115 108 98 102 101 106 100 101 113 104 111 115 101 107 105 114 108 109 107 105 109 109 100 112 109 110 106 105 
106 112 111 105 97 94 39 18 19 22 42 61 87 109 99 90 93 83 83 90 46 47 48 59 47 86 87 119 98 68 69 62 56 64 109 93 102 108 111 112 110 117 118 119 123 120 115 104 89 57 49 49 49 45 53 77 81 80 93 96 96 94 101 97 78 83 93 97 91 95 101 116 108 108 95 100 106 103 101 104 93 102 111 115 95 100 104 106 109 111 112 117 108 108 109 97 97 105 98 97 
90 72 56 72 45 18 22 47 80 82 105 104 97 106 87 73 75 89 76 32 19 29 56 27 27 43 82 116 125 83 56 61 57 88 110 86 97 107 109 111 110 108 113 117 119 122 121 113 108 94 57 52 52 50 40 71 74 79 84 88 91 96 100 98 97 89 94 98 99 87 95 103 101 102 95 99 103 111 102 97 97 105 102 98 102 95 97 102 104 112 112 115 109 104 101 115 113 95 97 103 
20 11 11 29 53 84 104 117 115 95 96 91 80 85 42 34 32 67 38 46 36 37 54 27 25 25 67 91 144 108 64 61 59 102 109 82 88 103 108 109 112 108 109 116 115 121 121 118 111 107 71 57 50 48 47 56 79 80 80 80 88 100 100 100 102 105 98 101 101 96 100 90 91 94 101 90 96 101 88 92 91 89 96 101 97 90 90 94 103 101 107 106 106 118 110 108 108 99 97 100 
33 67 70 99 113 118 117 105 94 71 57 77 61 28 22 24 49 48 23 26 35 68 38 20 15 31 42 58 134 135 83 59 63 113 113 81 79 93 104 106 112 109 108 110 109 110 112 118 116 102 103 62 48 49 48 44 82 81 77 78 92 84 97 99 96 98 102 97 106 94 97 100 91 89 97 87 97 101 97 98 98 91 95 100 92 86 86 98 94 100 99 95 99 101 113 110 105 102 103 97 
98 102 101 122 114 103 94 100 34 27 25 73 37 57 47 43 70 18 23 24 34 51 20 49 45 77 28 28 102 133 88 65 64 106 132 81 76 87 96 99 103 109 109 103 109 110 110 115 115 115 105 145 64 43 44 39 69 70 68 78 86 90 96 97 100 98 100 96 97 97 94 97 94 87 92 96 90 90 93 96 95 93 98 99 95 93 86 89 98 110 100 95 90 89 90 100 100 90 94 91 
111 99 93 84 79 67 55 28 19 19 39 60 19 30 42 79 53 48 30 22 54 26 16 17 23 55 29 64 93 132 122 94 87 81 158 80 77 81 91 95 98 107 111 114 113 111 116 116 118 117 102 102 53 43 34 36 69 69 70 81 89 92 94 97 93 101 102 92 93 86 90 100 83 69 94 91 94 82 87 87 95 91 98 96 93 92 87 92 88 96 98 96 101 94 84 87 87 80 78 82 
106 36 27 21 40 67 43 39 21 22 76 19 19 23 25 75 19 31 51 63 74 27 18 14 47 31 23 44 97 149 162 118 164 74 156 118 86 82 86 95 97 101 108 111 114 111 116 120 118 110 103 102 41 38 32 35 59 64 75 75 88 96 91 92 96 95 94 84 88 84 83 82 86 80 78 83 87 87 96 93 103 95 93 93 91 84 86 87 92 87 87 76 80 81 81 75 75 77 79 76 
35 14 14 17 70 20 15 31 53 87 61 25 23 19 27 73 18 26 29 76 25 48 54 59 53 16 49 56 88 147 216 135 160 104 92 192 128 98 86 96 100 104 108 107 113 115 113 114 118 109 105 101 40 32 26 38 52 55 56 70 82 85 88 82 77 77 86 90 89 91 86 80 81 91 88 88 94 84 85 90 89 94 94 80 75 77 78 74 76 75 74 68 67 71 73 71 67 67 69 65 
16 14 11 31 59 8 14 18 21 70 22 50 59 61 82 32 19 16 23 76 16 25 24 60 39 38 60 77 70 106 211 164 113 103 84 123 197 131 104 99 102 104 105 103 107 110 113 109 112 109 105 97 39 26 27 48 52 53 61 70 83 81 80 81 73 73 80 80 75 83 79 73 72 81 74 71 81 75 78 78 75 82 82 79 72 74 76 78 72 70 69 76 71 67 62 62 51 45 45 34 
44 29 31 73 14 12 8 10 46 43 11 15 20 60 56 51 47 36 59 37 16 23 24 63 15 29 48 63 48 73 125 144 121 91 96 80 120 182 126 110 112 106 105 104 106 107 110 108 102 102 91 93 27 25 49 56 55 53 58 68 72 72 75 80 77 84 76 74 73 76 76 74 69 72 77 68 72 62 72 72 71 75 73 78 73 75 71 67 64 53 44 37 30 24 25 30 45 142 159 126 
19 40 72 47 38 23 13 15 79 11 9 11 18 80 17 19 31 58 80 45 21 18 37 37 19 22 38 44 26 52 89 139 148 91 88 90 73 92 153 127 120 113 109 112 107 106 106 102 102 102 81 87 27 56 63 55 61 54 48 58 65 70 73 72 72 71 71 76 72 75 70 72 69 75 67 70 67 60 67 73 64 59 57 54 45 36 27 23 28 37 49 53 62 64 63 58 52 52 42 30 
11 35 44 8 25 44 52 83 47 13 10 10 37 52 10 15 19 62 33 23 45 56 66 18 16 14 54 24 27 33 81 106 157 101 76 77 75 69 66 100 141 139 125 117 114 110 108 108 105 74 81 61 63 67 62 57 51 47 46 51 59 72 74 72 65 63 64 64 71 70 67 71 62 66 60 59 50 42 34 30 26 22 28 37 46 55 60 60 58 58 49 41 36 31 30 30 27 28 39 32 
8 63 10 9 13 13 33 54 21 48 50 54 69 15 13 11 15 71 12 21 19 51 35 39 41 51 47 13 18 25 47 72 134 120 80 70 74 69 68 62 58 71 90 104 105 106 92 74 48 62 87 65 63 65 64 58 37 37 42 49 54 63 68 67 64 60 64 59 56 51 48 38 42 49 46 33 40 51 64 68 70 64 56 51 42 37 32 32 31 30 27 29 31 30 28 26 26 24 26 28 
25 57 6 9 8 7 68 13 8 14 16 70 38 43 28 18 44 39 11 18 20 71 15 18 22 53 31 34 29 57 26 39 102 134 82 79 73 70 69 68 64 60 49 47 46 47 40 40 62 99 59 59 57 59 60 59 27 25 44 57 48 62 60 53 45 35 34 32 37 46 52 56 121 146 107 78 62 55 44 37 32 34 32 32 31 31 32 30 27 28 27 28 26 26 26 26 24 23 25 25 
