73 107 180 182 198 199 192 210 212 224 219 225 226 229 225 227 224 226 225 218 217 215 213 212 217 228 222 225 227 223 230 237 238 238 235 240 241 234 237 237 237 240 245 242 237 243 245 250 248 246 248 252 251 249 248 251 253 252 252 250 242 177 122 135 86 73 66 65 80 72 84 73 40 20 15 8 7 8 10 11 10 10 9 9 11 14 17 18 22 28 33 35 34 38 34 27 31 27 26 27 
77 123 163 176 191 203 216 213 217 217 215 220 224 225 212 214 215 218 212 212 207 219 219 227 231 228 214 210 214 206 211 209 217 221 225 229 223 223 230 234 239 244 245 248 247 247 247 251 253 253 252 253 252 250 251 251 252 248 244 237 209 83 57 105 91 66 78 81 41 73 85 52 49 32 10 8 7 8 11 15 13 10 8 9 12 15 19 23 25 31 31 34 29 25 23 19 24 35 37 45 
79 140 165 180 195 208 222 216 217 212 206 200 203 204 212 210 215 213 217 212 213 221 224 240 238 235 234 222 227 223 232 224 227 221 217 219 225 231 236 241 247 249 247 249 252 251 249 253 253 253 251 251 250 251 251 247 249 243 177 189 145 86 81 106 82 68 58 39 51 40 80 59 41 20 13 8 7 9 11 12 11 11 12 13 19 16 18 33 54 76 89 116 78 66 58 35 29 44 34 41 
88 146 160 169 174 177 188 196 206 199 198 196 205 220 225 224 231 230 229 223 232 227 230 240 247 251 250 242 238 241 243 244 247 248 244 239 231 235 242 233 241 245 241 248 252 251 248 252 252 251 249 249 249 248 246 241 249 213 132 156 96 92 79 85 64 46 36 26 25 29 37 65 52 37 14 8 6 9 10 18 21 44 16 20 21 33 55 58 100 110 105 73 50 50 42 57 54 31 33 35 
96 129 139 147 155 173 195 206 208 210 217 218 222 230 238 239 245 245 248 243 244 241 241 245 247 251 252 247 248 248 246 246 252 253 252 251 249 245 242 232 236 242 240 245 248 248 248 251 250 249 246 239 217 139 74 56 113 155 111 119 83 71 58 60 62 29 21 20 17 18 34 44 38 25 12 5 6 9 16 17 16 31 48 48 44 70 63 77 118 109 96 97 111 98 89 60 52 63 45 46 
112 142 158 178 201 208 218 218 222 229 238 234 230 236 242 242 246 245 246 248 249 247 241 248 247 252 248 247 249 246 250 250 252 253 253 252 251 250 249 246 242 237 240 240 241 243 245 243 234 210 195 136 67 40 32 31 32 30 57 110 75 50 53 47 39 21 12 12 12 17 28 30 24 23 8 7 8 10 20 37 18 16 26 53 95 90 98 109 144 130 128 124 102 121 85 51 54 74 66 63 
126 157 182 196 216 226 227 226 224 232 239 239 240 243 242 242 248 246 248 249 246 248 243 248 247 250 249 245 246 245 252 254 254 253 251 251 249 250 251 250 249 246 245 239 238 239 220 195 173 128 93 52 24 18 17 21 25 27 24 34 53 96 84 61 38 28 15 11 12 13 17 15 17 15 11 8 7 10 20 26 20 23 33 48 89 90 106 103 68 100 112 98 89 74 65 56 49 53 56 60 
144 138 156 180 215 224 231 237 239 239 240 237 241 244 247 247 248 250 251 246 247 248 246 250 250 250 249 248 250 252 253 255 255 254 252 252 253 253 252 253 253 252 249 249 238 225 189 145 90 65 43 34 28 21 18 16 21 22 24 19 17 43 72 71 35 19 16 15 10 9 9 10 13 11 8 7 7 11 20 16 14 16 26 53 75 96 83 64 73 61 65 51 51 50 97 75 45 44 54 62 
171 165 155 156 186 210 229 240 238 241 240 239 245 248 249 251 247 248 250 251 249 248 249 252 250 253 253 248 247 248 255 255 255 255 254 253 254 254 253 253 252 251 252 248 208 162 113 83 67 51 32 28 24 24 23 22 22 20 20 20 21 19 28 31 11 11 8 7 7 7 7 7 7 8 7 6 8 11 14 16 21 18 15 26 68 101 82 59 43 36 54 58 90 89 81 72 73 60 46 41 
187 196 194 183 169 193 219 231 240 246 244 242 246 247 248 251 249 246 245 251 247 249 251 252 251 253 253 252 252 251 255 255 255 255 254 254 254 252 252 251 251 247 231 193 119 97 108 85 52 40 29 22 21 21 18 19 16 13 14 14 11 14 11 9 6 6 5 5 5 4 4 4 5 5 6 5 7 11 15 14 11 15 30 37 53 79 65 45 39 36 48 75 55 52 60 51 45 45 47 40 
180 203 211 214 203 200 202 207 231 237 241 249 246 244 248 249 249 250 248 251 247 250 252 253 252 251 252 251 252 253 255 255 255 255 254 254 254 254 253 252 247 194 138 109 91 97 71 38 25 19 17 15 17 19 21 21 19 17 16 14 11 10 8 9 7 5 4 4 4 3 3 4 5 6 6 5 7 12 10 8 4 13 23 39 39 36 50 39 34 26 42 45 49 44 30 27 49 45 38 40 
178 195 213 213 220 223 217 211 219 227 237 242 242 244 251 250 251 251 250 251 253 251 251 253 252 251 250 250 251 253 255 255 255 255 254 254 253 252 249 244 195 128 91 77 47 74 39 16 12 11 10 10 10 11 13 15 15 15 17 19 21 18 16 15 11 8 4 3 3 3 3 3 4 5 5 4 6 9 9 6 4 8 13 17 14 28 32 18 24 23 19 29 28 22 18 26 36 36 36 30 
182 193 210 214 217 228 239 236 225 220 223 232 239 242 247 249 248 249 252 253 251 248 249 253 252 249 248 251 252 252 255 255 255 255 254 254 253 238 202 153 113 70 58 35 22 38 18 10 10 9 7 8 8 9 8 9 9 10 11 12 12 12 13 15 17 13 10 6 3 3 3 3 3 3 3 3 5 7 8 6 6 6 10 10 9 12 15 13 13 17 16 16 17 15 17 18 22 24 20 29 
194 191 199 217 228 229 242 241 237 236 227 231 232 235 240 245 246 250 252 253 252 251 250 251 253 249 249 251 252 254 255 255 255 255 254 253 243 169 117 75 50 34 25 15 15 11 12 10 8 8 8 8 8 8 8 7 7 7 7 7 7 7 8 9 11 12 14 16 10 5 3 3 3 3 3 3 3 7 7 5 7 7 7 9 10 10 10 10 9 9 11 12 12 9 8 10 14 16 18 18 
197 200 207 221 229 231 240 241 241 246 243 236 232 230 235 242 245 247 249 251 252 252 251 250 252 248 247 248 252 254 255 255 254 254 253 237 147 121 61 32 17 12 14 14 10 10 9 8 8 7 7 7 7 8 7 7 7 6 6 6 6 6 7 10 10 12 16 17 19 14 6 3 3 3 3 3 3 6 6 5 7 7 7 8 9 9 7 7 7 7 8 10 10 10 8 7 11 14 15 16 
207 215 214 231 234 236 243 249 245 245 245 245 245 239 230 232 237 241 245 250 250 252 251 251 249 247 248 248 253 254 255 255 254 254 224 142 134 70 36 23 17 12 10 10 9 10 8 7 7 7 9 9 8 7 7 7 7 7 7 7 7 7 7 8 12 11 12 11 17 20 17 9 4 3 3 3 3 5 5 4 5 6 6 8 9 8 7 6 7 7 8 7 9 8 7 8 9 11 13 13 
216 222 223 232 235 239 244 249 247 249 249 251 250 248 241 237 231 236 239 246 250 252 251 252 248 249 251 249 252 253 253 253 249 220 167 134 123 64 37 29 20 18 19 15 15 14 12 11 11 12 12 9 8 8 7 8 8 8 8 8 7 7 8 8 9 12 11 14 17 21 20 18 11 3 3 2 2 3 4 3 4 5 6 7 7 7 7 7 7 7 7 6 8 7 7 7 8 12 14 14 
220 223 231 232 237 240 247 250 247 250 251 251 250 250 247 247 244 235 229 234 241 243 246 244 246 250 250 247 252 253 251 250 217 194 148 133 119 76 45 33 19 22 26 24 23 23 23 20 15 13 10 10 10 10 9 9 11 10 11 11 9 9 10 9 9 10 10 11 14 17 18 21 21 15 6 2 2 2 3 3 3 4 4 6 7 7 7 7 7 7 7 7 8 7 8 7 8 10 12 12 
217 222 226 231 239 246 249 246 246 250 251 252 251 249 247 247 247 244 239 233 232 232 237 234 243 247 248 247 251 250 242 175 137 114 89 100 88 75 45 37 22 25 27 26 23 22 19 14 11 11 12 11 12 12 13 12 13 12 11 11 10 10 10 12 12 10 11 12 13 15 14 16 18 19 15 5 3 2 2 3 3 5 6 6 7 6 6 8 7 7 8 8 8 8 7 8 9 10 10 12 
213 220 224 226 238 248 248 246 249 248 245 246 246 247 243 242 245 242 240 231 223 219 215 210 223 228 237 241 245 231 171 101 73 57 61 56 56 49 49 28 26 27 22 21 18 16 14 10 10 11 11 11 12 13 13 12 12 11 10 12 12 10 10 12 11 10 9 10 11 10 11 12 11 13 20 16 5 2 2 2 3 4 4 5 7 6 7 7 6 7 6 8 7 7 7 7 8 8 10 13 
208 213 213 220 231 234 239 240 243 239 236 237 237 235 242 237 235 234 234 228 227 226 218 212 208 205 216 213 190 150 165 59 43 44 40 40 33 22 22 22 21 22 19 16 12 13 11 10 10 9 9 10 11 10 10 11 12 12 11 12 12 11 11 12 10 10 11 10 9 10 11 11 11 11 14 18 17 8 3 3 2 3 4 4 6 6 7 6 6 8 7 6 7 7 7 7 8 8 9 10 
181 188 191 204 212 218 225 230 232 232 237 240 237 234 244 236 238 238 241 238 235 243 240 239 229 228 230 189 138 177 139 61 42 31 32 23 19 21 16 15 14 14 15 11 11 12 9 10 10 10 10 10 10 10 10 10 10 9 10 11 11 9 9 10 11 11 9 9 9 9 9 9 10 11 8 11 14 21 14 4 2 3 3 3 5 6 7 6 6 8 8 6 7 6 7 7 8 8 8 8 
179 190 197 207 220 230 234 237 238 240 248 247 245 244 249 244 248 248 248 248 248 250 251 250 247 247 192 170 161 157 112 64 52 26 20 15 13 12 16 10 9 10 13 13 11 12 12 13 13 15 13 13 13 13 13 11 11 10 11 17 19 17 16 14 11 10 9 8 7 7 7 8 9 10 9 9 12 14 18 17 5 2 3 3 4 4 6 6 5 6 7 6 6 7 7 7 7 7 7 8 
201 212 222 228 238 245 248 248 248 251 252 251 251 251 251 250 252 252 250 251 251 251 252 252 250 219 188 189 179 123 82 59 47 29 17 12 11 10 13 10 13 13 11 12 12 12 9 9 17 10 7 6 6 6 6 7 8 7 7 6 5 7 9 9 11 12 13 11 9 8 8 8 8 8 8 9 11 11 10 13 15 6 3 3 3 4 4 6 5 5 6 6 7 7 7 7 7 7 8 8 
214 229 236 240 245 247 250 251 252 252 252 250 252 252 252 250 252 251 251 252 252 252 250 249 212 189 193 145 125 81 50 40 45 47 20 10 10 10 20 18 12 11 13 22 12 12 11 8 12 15 19 23 23 23 20 16 14 11 11 15 16 14 10 10 8 6 7 8 13 13 15 15 10 11 11 13 13 15 14 14 18 13 2 3 3 4 5 5 5 5 5 5 7 7 8 6 7 7 7 7 
209 226 232 241 244 249 250 251 253 253 252 251 253 253 253 250 250 252 250 252 253 252 250 220 204 217 169 135 63 39 39 36 54 67 29 23 18 34 27 9 6 6 11 16 15 12 7 9 16 23 29 25 20 11 8 4 4 4 5 8 20 23 15 14 14 8 7 6 6 7 8 8 8 14 20 23 21 21 15 11 14 15 3 3 3 4 5 5 5 5 5 5 7 7 8 7 6 6 6 6 
194 220 232 240 247 251 252 252 253 253 252 253 254 254 253 252 251 252 252 254 254 252 219 213 217 194 130 105 72 37 35 40 65 53 28 15 17 14 8 6 8 10 10 8 5 4 6 12 14 9 8 9 9 8 5 3 3 4 5 9 17 15 10 9 10 7 6 8 5 5 6 7 7 6 13 22 24 23 17 16 17 12 3 3 3 3 3 3 3 3 4 4 5 5 6 6 7 7 7 7 
188 200 218 236 245 249 251 251 251 251 252 253 254 254 253 253 252 252 254 253 252 234 211 207 153 111 78 76 54 32 30 39 46 32 21 10 7 9 11 12 13 14 9 4 4 5 7 8 8 5 5 4 4 3 4 3 4 4 6 11 9 8 8 8 8 7 7 8 6 5 5 5 6 6 4 6 8 13 15 15 9 4 2 3 3 3 3 3 3 3 5 4 4 4 5 5 6 7 7 7 
223 216 207 223 236 248 250 251 252 253 254 253 253 254 253 253 252 252 254 252 237 217 173 122 88 51 41 61 46 36 27 31 38 19 13 13 11 9 8 7 7 5 4 4 4 5 4 4 4 6 8 6 6 7 10 13 13 14 19 13 8 6 6 5 6 6 6 8 7 6 4 5 5 5 3 3 4 4 4 3 2 2 2 3 3 3 3 3 3 3 5 3 4 4 5 5 6 7 7 7 
239 237 230 223 224 238 244 251 252 253 254 253 253 255 255 254 254 252 253 245 218 173 91 66 47 32 36 48 48 39 34 38 39 22 11 8 7 5 4 3 2 2 3 4 4 4 4 5 6 7 7 8 10 15 19 18 15 15 10 7 6 6 7 5 6 6 5 6 8 9 5 3 3 3 3 3 3 3 3 2 2 2 2 3 3 3 3 3 3 3 3 3 4 4 4 4 4 5 6 7 
239 240 244 243 233 228 236 244 248 251 253 254 254 255 255 255 255 253 244 222 178 93 50 44 40 34 40 47 49 34 35 29 23 16 12 7 5 6 6 5 5 4 4 4 4 4 3 6 8 8 10 15 18 22 21 16 9 8 6 4 5 5 6 5 6 5 4 6 7 10 8 4 3 3 2 3 3 3 4 3 2 2 2 2 2 2 2 2 3 3 3 3 4 4 4 4 4 3 4 4 
238 243 248 250 246 237 232 235 239 246 251 252 254 255 255 255 255 251 219 150 109 68 41 31 30 45 43 37 41 44 33 21 14 10 6 5 4 3 4 4 4 3 6 7 7 6 8 9 11 13 17 17 21 24 23 25 23 14 8 6 6 6 6 6 7 5 4 6 7 8 9 4 3 4 4 3 3 3 5 4 2 2 2 2 2 2 2 2 2 4 3 3 4 4 4 4 3 3 4 4 
241 246 248 248 251 249 245 234 233 240 246 248 251 252 253 253 252 235 144 85 76 53 34 24 24 36 45 38 43 32 36 36 13 9 7 7 6 5 5 6 6 8 8 9 11 16 16 17 16 21 24 22 25 23 18 21 19 12 9 6 6 5 4 4 5 5 4 5 5 8 5 5 4 5 8 6 3 5 6 5 1 2 2 2 2 2 2 2 2 2 2 4 3 3 4 4 3 3 3 3 
243 246 251 249 251 250 251 250 244 238 239 244 249 251 252 252 248 177 96 69 55 37 27 25 29 40 51 46 45 34 35 30 28 18 14 12 10 8 7 7 8 8 9 10 12 13 17 20 22 23 20 18 17 19 15 17 17 16 14 14 11 9 9 8 9 6 4 4 4 5 4 4 3 4 10 9 2 4 9 10 3 2 2 2 2 2 2 2 2 2 3 3 3 3 4 4 3 3 3 3 
245 246 250 247 250 250 252 252 252 246 242 240 244 249 251 251 223 118 90 61 49 33 37 34 36 48 43 43 47 38 30 26 19 14 11 9 8 8 7 8 9 9 13 16 14 17 21 24 23 25 22 21 23 23 19 24 26 29 29 27 23 25 22 21 25 20 12 5 4 4 4 4 4 4 7 9 3 5 7 11 6 3 2 2 2 2 2 2 2 2 3 3 3 3 3 5 5 4 4 4 
250 249 250 250 250 249 251 252 252 251 250 245 243 243 243 245 160 87 67 57 41 33 37 48 47 41 43 39 38 34 30 23 16 12 12 10 10 9 10 11 11 13 16 18 19 17 18 21 26 26 25 26 25 24 26 22 21 25 28 30 23 23 20 16 19 25 29 29 26 21 14 6 6 5 6 8 4 5 8 11 12 4 2 2 2 2 2 2 2 2 2 2 3 3 4 4 4 4 5 5 
250 250 249 251 250 251 252 252 252 252 253 250 250 246 239 234 123 73 61 62 38 41 43 46 56 58 49 39 35 39 33 29 29 26 21 20 14 12 14 13 10 12 12 16 20 20 18 20 22 20 26 28 31 23 22 21 18 17 26 27 22 21 17 12 15 19 30 47 65 70 63 51 26 9 5 12 10 5 8 14 19 6 2 2 2 2 2 2 2 2 2 2 3 3 4 4 5 4 5 4 
251 251 250 251 251 250 251 251 251 251 252 252 252 247 241 193 105 66 58 49 45 33 38 43 38 49 57 45 44 40 32 23 22 19 18 15 14 13 12 13 10 10 11 16 16 17 18 16 19 21 24 24 18 18 23 21 16 14 16 18 24 20 13 11 11 10 26 47 68 83 86 84 74 55 29 18 10 4 10 15 22 10 3 2 2 2 2 2 2 2 2 2 3 3 2 4 5 5 5 5 
247 247 247 248 246 247 250 251 249 247 247 247 246 245 236 146 106 66 53 47 48 34 31 45 38 39 37 49 49 37 26 18 18 17 20 17 15 11 12 11 9 9 9 10 11 13 15 17 16 16 19 16 18 23 15 11 18 25 20 18 23 26 15 10 16 17 12 18 48 64 75 77 79 82 63 33 13 6 6 13 24 13 6 2 1 2 2 2 2 2 2 2 2 2 3 3 5 6 8 6 
240 240 243 239 235 243 244 241 239 238 239 240 240 240 226 127 87 64 53 47 43 32 33 37 43 38 32 40 41 45 30 23 18 18 20 17 14 10 11 11 10 9 8 8 9 11 9 13 10 9 11 15 25 10 16 18 14 14 31 26 26 23 16 14 10 13 20 16 15 17 38 55 53 48 42 37 23 13 8 10 19 15 10 3 1 2 2 2 2 2 2 2 2 2 2 3 5 6 8 7 
224 226 228 232 234 238 236 240 240 241 242 243 246 245 226 117 75 64 44 39 38 35 29 43 41 40 37 36 32 32 37 30 22 18 20 15 13 11 10 9 8 7 7 9 10 12 12 9 10 11 12 18 9 20 50 21 17 14 29 26 25 23 18 15 11 9 10 14 15 16 14 22 26 24 27 26 25 28 22 12 15 19 13 7 2 2 3 3 3 3 3 3 3 3 2 3 4 6 6 7 
230 232 233 239 241 243 246 249 250 251 251 250 249 241 200 120 68 51 35 37 33 33 33 35 41 41 43 32 28 28 30 29 22 17 16 13 10 9 9 9 8 7 7 8 9 11 12 11 22 30 23 14 7 22 56 29 21 14 29 30 27 24 21 18 12 10 8 5 9 15 15 16 21 19 22 22 20 18 24 32 16 15 19 11 8 4 2 3 3 3 3 3 3 3 3 3 4 5 5 5 
246 247 246 249 250 251 252 253 254 254 254 253 250 236 170 90 68 45 42 40 36 34 38 34 42 44 34 35 28 26 28 23 23 17 17 15 17 11 9 10 8 6 5 6 8 9 13 31 42 40 34 26 12 19 17 26 50 62 35 29 28 28 25 23 17 12 8 4 5 7 7 8 17 24 21 20 14 24 31 51 29 14 22 16 11 10 2 3 3 3 3 3 3 3 4 5 4 4 4 5 
250 250 247 246 249 251 253 252 253 253 253 252 235 205 161 79 55 46 38 45 40 37 38 34 35 37 35 31 27 30 26 20 22 20 16 15 12 12 12 10 9 7 5 6 6 9 14 34 46 48 42 32 22 49 80 77 82 46 30 24 26 26 24 24 22 15 10 7 6 6 5 7 8 22 33 40 38 40 56 65 64 32 12 19 12 8 4 2 3 4 3 4 4 4 3 4 5 6 7 6 
250 250 248 248 249 251 253 250 252 253 251 235 169 134 149 65 51 39 38 42 42 40 41 34 36 35 37 38 31 29 28 21 20 18 15 12 9 9 15 11 9 8 7 6 6 7 10 21 47 54 53 42 26 14 22 30 21 21 20 20 23 25 23 25 22 18 13 10 7 6 6 7 11 23 41 59 59 55 54 61 75 70 41 19 19 11 8 5 5 6 5 6 5 5 6 5 6 6 8 9 
246 247 247 251 252 251 250 251 252 253 245 197 103 93 157 69 46 37 39 41 42 41 34 31 30 36 37 35 31 26 25 19 17 16 14 11 10 11 10 9 7 7 7 7 7 7 10 15 20 40 46 34 20 23 18 18 17 22 22 21 21 23 27 24 23 21 18 12 10 10 11 9 16 27 38 52 65 70 61 64 75 81 66 30 19 17 11 7 7 7 6 8 6 6 9 11 11 8 6 8 
241 245 247 251 251 249 249 252 251 252 245 198 90 78 103 52 37 31 30 31 33 37 36 31 29 32 38 34 36 32 24 21 17 13 13 12 11 14 9 6 7 7 7 7 7 7 9 12 13 12 11 12 19 23 18 17 19 21 20 19 24 25 25 28 26 26 27 18 18 17 15 13 20 26 35 47 54 62 64 61 60 71 75 59 29 21 20 12 9 9 7 8 10 8 10 12 16 15 10 7 
236 240 246 251 251 248 250 252 251 253 248 199 102 63 50 41 37 31 25 27 29 33 37 33 28 25 25 31 38 31 24 21 17 14 12 11 10 10 8 7 7 7 7 7 7 7 9 10 13 13 12 13 15 18 20 15 17 20 31 34 28 25 24 27 28 25 22 21 20 20 19 16 17 30 30 39 51 59 63 73 72 69 64 70 56 23 22 19 13 9 10 10 10 12 13 11 13 14 17 10 
232 238 242 247 251 251 250 251 250 251 251 230 149 73 50 41 38 27 20 19 22 26 32 36 26 22 24 34 40 27 19 16 14 14 12 10 11 10 8 7 7 7 7 6 7 6 7 11 12 13 11 11 13 13 20 15 13 18 24 25 29 28 29 24 24 20 21 21 19 18 17 20 22 31 37 40 48 59 72 78 86 82 77 62 51 37 18 18 16 12 11 12 11 11 9 9 11 11 18 20 
242 236 236 242 241 245 249 252 251 251 251 248 214 129 56 36 38 28 20 18 21 26 31 33 25 23 27 40 32 25 20 15 13 13 11 10 13 12 8 7 7 7 7 7 7 8 8 10 11 11 15 16 13 14 18 12 12 20 26 28 25 28 22 18 17 20 21 19 19 18 20 23 29 36 43 41 48 57 69 79 80 79 64 37 43 37 16 18 21 22 18 12 11 13 16 10 11 11 12 17 
251 248 238 235 239 240 243 247 251 252 252 252 242 157 67 39 37 34 26 17 23 29 24 25 24 26 31 36 32 25 20 18 16 15 14 13 12 12 9 8 7 7 7 8 8 9 11 14 13 14 13 15 18 17 16 15 16 18 24 28 26 27 25 23 23 26 22 18 21 17 17 23 26 29 40 47 44 50 67 71 74 63 49 33 34 37 12 14 16 17 23 24 20 14 20 18 12 11 11 15 
253 253 251 248 241 236 232 236 245 251 251 251 246 163 77 42 37 37 32 21 18 21 25 28 22 28 30 31 33 31 23 18 15 15 14 13 12 12 12 10 9 9 9 9 10 11 13 16 15 19 18 21 23 21 16 19 18 20 27 23 21 20 22 23 27 21 19 19 18 19 20 23 24 28 35 44 43 48 55 62 61 43 40 36 28 37 16 23 17 11 14 18 21 20 22 27 17 11 10 12 
251 251 251 253 249 242 234 228 238 242 248 251 243 169 106 62 45 48 32 26 15 18 30 36 36 41 34 21 23 29 29 23 19 17 15 11 10 11 13 14 13 14 13 12 13 16 18 20 20 20 18 20 24 25 24 20 22 25 23 18 16 18 22 22 18 17 16 16 23 23 25 24 23 22 28 35 41 45 47 51 38 48 35 29 24 34 10 14 12 12 13 12 13 15 23 28 20 9 10 12 
253 252 250 252 250 249 242 230 236 234 239 245 237 177 105 91 70 40 38 34 19 15 19 55 69 55 31 21 22 28 34 31 26 19 14 12 10 9 9 11 13 17 16 14 16 20 22 24 27 25 27 23 26 22 23 24 24 21 18 18 19 22 21 14 13 14 19 19 22 22 23 24 25 24 28 26 31 41 45 41 37 45 36 34 28 24 8 7 8 9 8 8 7 9 13 21 19 11 7 8 
251 252 246 248 250 250 246 237 230 229 230 232 230 189 92 89 122 58 26 25 38 16 14 36 98 97 55 39 70 81 51 38 46 56 41 26 14 10 9 9 12 17 17 20 20 23 28 32 28 26 25 28 26 24 25 27 26 22 23 22 21 23 17 14 13 15 17 19 18 23 26 26 30 29 30 25 28 27 37 35 45 39 51 42 27 25 12 5 6 6 6 6 6 6 7 9 10 9 6 6 
243 239 240 243 240 237 232 228 228 223 214 214 212 180 87 69 116 120 44 26 27 24 16 20 42 97 144 96 134 133 80 42 51 46 49 44 40 23 12 13 15 14 15 20 22 22 27 29 25 27 26 26 23 21 24 22 19 23 19 17 21 26 24 17 17 17 16 19 23 29 28 30 31 36 34 31 32 31 25 30 45 42 52 47 34 23 21 6 4 5 6 6 7 7 8 8 9 8 6 6 
230 244 244 233 227 227 227 227 227 222 214 206 202 162 93 48 64 133 78 35 29 26 20 15 17 35 83 141 171 178 99 60 33 35 34 23 26 18 14 19 19 23 19 16 20 23 25 30 28 27 28 26 25 21 21 24 22 19 15 15 21 27 28 23 19 18 20 21 23 31 36 38 37 41 41 40 38 36 38 37 37 36 39 43 41 31 24 12 6 6 5 7 7 7 8 8 9 8 7 5 
237 249 246 242 240 240 235 237 239 240 238 234 230 166 91 49 39 73 122 65 31 24 21 21 16 17 41 132 152 157 67 62 37 37 34 20 18 23 40 19 19 23 25 23 18 20 24 27 28 23 20 20 19 20 19 22 23 22 22 20 19 23 26 29 26 23 24 26 28 35 45 45 50 51 55 54 49 44 48 41 46 47 43 42 47 42 30 28 10 9 8 7 5 6 8 8 9 8 8 6 
252 252 248 248 248 245 245 249 248 247 245 245 248 224 117 77 38 32 50 88 76 35 20 17 19 19 19 70 109 146 78 75 52 44 40 13 17 21 33 19 20 12 14 15 16 18 25 32 29 25 19 18 18 20 18 19 21 27 26 24 25 22 26 28 27 28 28 31 33 32 44 54 62 63 63 65 65 65 56 54 52 49 56 47 48 50 36 27 44 17 12 11 8 7 8 8 8 8 8 7 
253 251 249 250 248 244 242 247 250 250 249 246 248 241 187 108 60 37 30 35 50 71 53 22 18 16 17 25 43 96 75 96 69 44 68 26 34 32 30 27 17 12 16 21 23 24 25 26 27 21 16 14 16 18 15 16 21 24 27 27 24 23 24 24 25 23 24 26 24 21 30 44 56 61 65 64 63 66 67 55 56 59 53 64 52 49 36 30 92 74 38 16 11 8 8 9 11 8 8 7 
249 250 249 250 250 249 244 244 242 247 247 249 249 246 231 183 86 60 34 26 29 40 56 64 37 19 13 17 18 45 73 71 45 66 88 26 48 31 28 23 18 21 22 27 30 22 15 16 17 19 16 16 16 18 17 18 19 22 28 28 26 24 26 23 24 23 21 19 18 18 23 35 49 55 58 67 62 59 65 64 56 69 66 62 56 54 35 30 111 159 126 66 26 15 12 10 9 12 9 9 
243 250 252 250 249 248 243 244 245 244 247 249 250 247 246 245 209 94 57 45 28 26 32 36 47 47 33 21 18 26 23 51 59 53 54 26 26 20 19 22 26 24 24 27 25 25 16 17 18 18 23 18 17 17 19 21 21 20 28 30 30 27 25 22 22 22 21 23 22 23 25 25 30 37 43 53 65 70 70 68 61 67 67 59 63 52 37 36 155 214 204 166 100 46 22 16 14 13 11 10 
242 250 250 248 247 247 244 246 247 246 250 251 252 250 251 247 248 239 171 105 56 39 29 28 29 32 43 43 38 31 21 19 30 34 32 36 33 29 28 27 26 22 22 22 21 21 32 18 22 20 25 30 21 19 21 22 22 21 26 31 34 30 26 21 22 20 20 22 23 32 33 30 24 24 26 37 58 71 67 65 62 69 71 60 69 55 39 40 180 233 237 225 185 147 78 32 23 23 14 14 
245 250 250 248 245 248 242 245 249 252 252 252 251 249 249 248 249 243 243 243 214 151 102 86 75 66 67 63 77 96 82 47 33 27 26 22 24 28 34 40 41 37 32 28 24 19 19 25 22 23 23 31 33 25 22 23 24 24 28 34 35 31 27 24 23 22 23 25 28 35 32 28 36 48 46 30 39 61 68 65 61 69 71 55 66 51 44 62 212 239 218 189 240 216 176 74 42 29 18 15 
249 252 251 250 250 248 246 249 251 248 251 252 253 250 249 248 248 244 242 242 245 245 245 243 244 244 244 239 235 230 229 230 213 183 145 124 113 127 142 167 171 156 133 108 76 45 34 27 22 24 27 32 37 34 27 23 24 24 25 32 36 35 33 30 25 25 28 29 32 32 41 31 25 20 22 26 28 41 62 62 61 69 59 53 63 52 53 87 215 236 167 186 244 248 227 155 75 35 24 17 
246 250 250 249 250 250 246 250 251 249 252 252 253 250 251 252 248 244 243 245 247 246 246 248 250 249 249 250 250 245 232 235 241 244 248 250 247 249 248 251 252 251 252 251 252 229 178 113 48 30 28 30 37 45 45 43 30 28 28 31 34 37 37 35 31 31 32 33 34 35 26 19 24 24 23 25 31 34 55 53 59 53 54 58 52 54 145 176 240 229 135 155 241 249 249 223 133 75 42 21 
242 248 248 250 249 248 249 252 250 251 252 253 253 251 251 251 248 247 248 248 247 247 249 250 252 250 251 252 251 251 241 238 238 238 246 250 249 248 250 254 254 254 253 253 253 252 248 246 223 141 60 42 42 56 114 137 101 50 30 29 32 37 39 34 37 38 36 33 31 26 21 23 23 23 32 38 41 50 45 56 47 49 44 51 51 88 196 219 235 209 211 223 232 251 252 249 228 135 64 40 
232 239 243 246 244 247 251 251 249 251 253 254 254 253 252 252 247 249 251 251 248 250 252 252 252 252 250 251 252 252 251 246 241 238 241 242 245 246 249 253 253 254 254 254 253 254 254 254 253 253 251 232 206 165 152 180 158 96 55 38 38 66 86 72 52 44 35 30 28 22 24 32 36 28 23 25 34 43 38 52 46 40 44 49 53 114 204 238 184 185 249 234 226 251 247 247 246 244 160 76 
225 232 237 239 240 244 249 248 250 252 252 252 252 252 253 252 250 251 252 252 250 252 253 252 252 252 250 251 252 252 253 253 248 239 244 243 246 245 248 248 253 254 254 254 255 255 255 255 255 255 254 252 251 250 250 237 180 149 144 64 42 62 115 132 104 54 36 34 23 25 31 35 31 29 11 19 34 35 44 49 43 42 49 55 54 184 210 232 134 231 251 206 228 246 244 241 247 250 246 192 
213 227 231 235 236 237 245 247 251 250 250 252 253 252 252 252 251 252 253 253 253 253 253 252 253 253 252 252 253 253 252 253 251 248 243 239 246 249 246 251 252 255 254 255 255 255 255 255 255 255 255 254 253 251 252 250 239 196 139 110 62 66 108 155 142 103 48 28 26 28 29 27 29 37 20 22 37 36 45 45 40 46 54 52 148 225 176 172 196 249 251 225 223 243 245 245 248 248 250 246 
220 223 223 227 229 227 245 248 249 248 248 249 252 250 251 252 250 250 250 251 252 253 253 252 252 253 252 252 253 251 251 250 249 250 247 248 250 240 239 251 253 253 253 255 255 255 255 254 254 254 255 254 253 251 252 251 251 249 218 160 128 70 68 113 155 124 78 30 25 27 26 28 31 35 42 43 45 39 41 44 47 51 52 122 243 229 130 139 241 251 248 242 245 246 248 248 247 250 250 248 
207 227 216 208 201 209 229 236 239 242 243 238 241 248 250 250 248 248 244 246 249 250 248 249 249 250 248 246 247 242 244 247 243 245 244 245 241 234 231 240 251 250 252 254 254 254 254 253 253 253 254 253 253 253 252 254 253 252 248 230 180 133 84 84 111 126 75 35 26 28 29 32 35 41 41 38 42 44 46 50 47 45 104 213 247 230 130 156 249 247 242 244 244 248 248 248 248 248 249 246 
182 217 216 205 188 183 204 202 225 237 227 226 235 237 236 240 237 234 234 235 239 240 237 242 241 237 238 240 234 232 238 241 232 233 236 242 235 239 237 229 229 243 247 250 251 251 251 252 252 250 250 251 251 251 253 251 249 252 253 251 247 213 173 146 91 79 74 41 34 38 30 20 25 31 44 47 39 42 51 54 61 147 225 242 230 223 197 238 249 244 240 247 243 242 248 246 244 246 248 246 
203 227 235 230 214 204 210 204 201 211 203 215 225 219 222 226 225 227 229 230 235 235 234 235 236 236 235 237 235 232 234 233 231 233 237 242 236 230 238 233 224 213 221 229 240 240 247 247 245 247 247 246 245 249 244 244 241 244 246 243 247 248 240 223 207 174 137 93 59 44 32 31 34 42 56 58 46 40 58 93 142 229 200 241 221 227 238 250 239 237 240 244 241 241 245 244 241 246 243 236 
240 243 243 244 235 232 236 234 231 208 203 209 209 208 215 225 222 230 234 238 240 238 241 238 243 244 241 242 240 232 239 241 241 240 240 247 249 244 246 249 248 241 230 238 224 233 232 232 240 236 239 235 242 236 236 237 239 240 240 234 243 234 242 246 241 234 234 225 176 123 83 74 74 71 70 65 61 66 95 128 210 236 239 235 224 230 235 230 224 223 228 233 237 239 222 217 198 178 169 146 
233 243 246 247 238 236 248 244 237 229 237 223 216 211 221 220 232 243 247 245 248 249 249 245 248 244 247 251 249 245 250 249 248 247 248 251 252 250 249 249 251 253 247 247 238 239 237 236 239 233 237 234 240 238 236 239 236 235 242 245 237 238 250 245 236 245 241 239 241 240 218 188 146 99 73 64 67 76 96 144 233 234 224 190 177 136 124 118 116 122 119 119 112 122 135 142 143 126 125 115 
239 240 242 247 240 243 245 247 242 242 249 242 230 221 222 215 227 238 244 248 248 250 250 252 252 250 252 251 251 249 250 250 252 252 252 253 253 252 253 252 251 252 251 253 251 250 247 234 226 224 236 232 231 240 233 243 245 247 247 237 248 249 250 249 245 250 247 246 248 246 243 241 243 232 187 121 83 76 134 208 234 226 185 118 82 70 83 90 81 85 82 90 105 118 105 121 120 127 112 107 
240 239 239 244 243 239 240 245 246 246 249 242 235 234 230 220 217 220 230 240 244 247 249 249 250 250 250 249 250 250 249 250 250 251 250 250 252 250 253 253 252 254 253 252 253 254 251 245 240 245 244 237 237 241 237 245 249 249 247 250 250 251 252 251 252 253 251 252 251 249 249 248 248 243 167 123 101 105 165 206 233 216 124 72 69 74 81 97 93 104 93 97 131 126 117 93 113 115 115 94 
240 239 241 244 242 229 224 240 246 247 248 246 244 242 237 230 222 224 227 232 238 243 244 250 251 251 250 249 250 251 250 249 248 251 251 253 252 253 251 251 252 253 253 253 253 254 253 254 253 251 244 235 235 243 240 241 247 247 252 247 251 251 251 253 253 254 252 252 252 252 249 249 249 236 125 132 112 124 185 227 240 175 98 75 72 77 106 122 121 119 102 118 129 150 136 116 139 147 143 120 
241 241 242 241 243 231 218 228 243 244 247 248 246 240 234 233 233 232 231 226 229 229 242 249 250 250 250 250 247 252 252 251 249 249 252 249 251 252 252 250 248 252 251 249 249 252 254 254 255 252 250 241 243 236 231 238 245 244 248 247 247 250 252 253 254 254 253 252 252 252 250 250 250 221 133 120 115 151 222 247 237 166 105 77 69 81 123 125 155 145 135 154 160 183 174 154 152 173 174 132 
240 239 240 244 244 241 228 236 237 242 243 244 245 247 242 235 228 242 239 230 225 228 228 235 243 245 248 248 248 251 250 248 247 250 251 250 252 252 252 253 253 254 252 252 251 248 248 249 252 253 251 250 251 249 247 247 246 240 247 240 239 248 252 254 253 253 253 253 252 252 251 251 248 183 113 112 160 238 249 250 240 208 146 117 103 91 139 135 170 164 152 154 176 179 157 153 156 146 143 138 
240 239 243 244 244 242 242 239 238 239 247 245 242 244 244 234 228 242 242 238 233 226 223 225 232 239 242 248 248 249 250 246 249 251 252 249 251 251 252 253 254 254 253 253 250 251 252 248 247 251 252 253 252 251 251 248 248 247 246 248 248 248 252 254 253 253 254 254 253 253 251 251 245 160 118 165 231 241 248 250 243 213 196 170 144 153 144 150 167 175 140 152 165 142 112 101 80 103 91 95 
238 241 244 245 247 245 248 245 244 243 249 248 242 240 238 231 237 245 244 242 243 239 228 226 230 234 238 242 244 247 250 249 250 249 249 249 249 251 253 253 253 253 252 251 252 251 252 248 249 250 248 252 253 253 252 249 248 246 242 244 249 247 252 254 254 253 254 254 253 252 252 252 242 206 222 237 234 243 249 248 242 228 223 194 160 168 155 133 129 111 123 116 127 93 82 62 62 68 67 67 
218 231 239 241 242 244 247 248 246 246 251 249 242 240 238 235 243 247 243 242 245 240 241 237 233 234 234 239 240 242 245 247 249 248 249 251 253 253 252 253 253 254 253 254 254 253 252 251 251 248 248 249 249 252 252 252 252 250 244 242 244 246 250 253 253 253 252 252 253 252 250 235 217 225 233 233 238 242 249 238 228 217 211 177 180 176 127 87 105 82 86 84 91 79 61 62 52 60 61 54 
165 187 207 218 225 226 241 245 247 236 246 247 240 240 243 237 243 248 241 244 247 246 247 247 243 238 226 232 238 242 245 247 247 249 249 250 252 251 252 254 253 254 254 254 254 252 251 251 253 251 247 247 247 248 248 252 252 252 251 248 248 248 252 254 252 253 253 253 253 245 214 195 209 214 225 226 235 237 240 214 187 188 168 167 160 164 138 73 63 68 81 48 64 54 50 53 50 51 42 45 
114 126 146 170 180 198 217 216 229 216 239 238 243 247 241 237 249 245 237 245 248 246 247 248 248 244 235 232 237 236 239 242 247 247 248 250 250 249 254 254 254 254 254 253 253 252 253 253 252 252 252 249 249 248 248 250 253 252 249 251 251 251 250 240 236 248 246 228 216 195 182 201 200 213 225 222 212 207 217 168 129 126 139 167 160 163 114 62 58 41 39 50 41 35 38 36 33 35 36 33 
114 120 114 121 133 145 159 183 170 186 211 207 233 245 239 233 238 242 236 248 247 248 245 243 243 246 244 234 223 222 229 234 239 245 247 249 251 253 253 253 253 253 254 254 254 254 254 253 252 253 252 248 250 250 252 252 252 252 251 251 252 251 229 211 237 237 190 154 134 159 195 199 188 213 223 224 193 176 192 166 96 76 119 152 162 159 107 62 55 29 34 27 23 26 23 20 22 21 20 21 
135 129 119 113 116 120 114 121 106 136 153 176 204 223 233 233 233 232 227 235 241 241 236 235 234 235 230 224 220 217 207 215 226 236 235 245 248 250 252 253 253 253 252 254 254 254 254 253 253 254 253 252 251 250 251 251 251 252 251 252 252 246 219 244 244 203 154 128 133 157 185 196 211 224 229 228 185 188 183 151 104 86 84 97 108 128 120 83 48 36 30 24 22 22 23 20 18 18 21 25 
181 159 139 137 139 132 126 115 101 94 96 125 152 179 196 207 206 211 216 222 231 232 233 228 227 228 226 223 222 220 206 203 211 212 225 230 237 246 250 249 251 252 249 252 254 254 254 254 254 254 253 253 251 251 251 251 250 251 253 253 252 244 251 248 234 207 152 135 158 177 200 221 230 231 230 225 177 202 189 164 114 96 76 72 61 69 70 66 56 50 45 39 42 41 37 45 41 44 55 65 
212 207 193 181 187 167 150 146 128 103 98 100 107 122 126 145 155 172 191 198 211 229 229 230 227 231 227 233 231 231 222 215 211 208 201 204 226 237 236 245 249 251 252 253 254 254 253 252 251 252 253 253 251 250 245 249 252 251 252 251 251 246 247 240 234 212 172 167 171 174 205 232 236 235 223 195 146 173 192 157 103 72 62 56 52 50 42 53 64 65 64 66 67 78 96 96 96 97 109 107 
234 232 224 219 217 208 184 188 188 165 138 133 121 103 98 103 110 119 144 162 171 192 206 222 229 233 236 237 239 242 237 233 231 218 210 205 204 211 214 222 231 245 246 250 251 249 249 251 250 249 249 248 248 245 246 249 251 251 235 229 234 237 233 240 239 223 202 185 160 177 208 225 220 187 177 128 75 83 112 96 62 56 49 46 47 52 54 59 62 61 67 75 86 99 108 104 107 101 113 109 
222 227 230 228 231 229 219 225 225 205 193 191 188 161 129 106 109 102 115 127 140 158 188 201 212 230 229 230 237 243 240 244 239 236 227 211 217 211 187 184 206 220 235 246 247 246 245 246 246 241 243 239 246 241 245 245 245 238 156 140 205 237 235 239 236 220 219 192 177 146 206 182 131 92 84 70 62 59 56 51 48 49 51 53 53 58 64 62 61 70 86 93 101 106 107 104 104 100 115 104 
173 189 198 213 229 228 229 234 232 215 227 225 228 214 185 167 162 145 128 115 131 127 135 151 165 176 185 200 208 226 231 236 236 235 233 233 232 216 213 206 193 178 219 234 236 241 244 241 242 237 239 231 239 234 240 246 243 169 105 172 231 241 241 235 229 226 224 191 149 105 113 81 64 62 67 64 56 53 49 48 51 69 91 98 100 109 108 107 106 102 100 104 108 115 109 114 105 102 111 105 
111 128 146 164 195 207 217 219 219 212 216 230 230 212 178 198 218 212 192 163 146 128 136 121 123 127 127 141 162 187 199 213 220 227 235 239 239 230 234 227 210 206 205 227 222 237 243 243 244 242 245 248 247 240 241 240 201 135 202 212 231 224 232 233 236 229 207 157 114 74 67 62 58 58 59 63 59 57 50 50 71 105 110 108 108 117 111 109 113 106 104 106 110 112 105 108 103 101 113 115 
96 95 91 114 124 147 164 183 178 184 210 200 190 199 208 224 233 232 226 214 203 190 176 152 143 123 111 109 113 118 134 166 178 199 209 227 225 227 235 232 225 221 226 228 228 236 242 243 240 243 249 248 250 249 247 209 133 169 211 163 172 200 232 231 229 196 149 104 63 59 62 59 57 57 52 51 53 54 74 102 100 110 110 107 110 117 113 108 110 111 113 113 114 99 110 113 99 105 109 115 
89 87 88 99 112 98 99 115 127 143 173 177 173 175 184 220 240 235 239 234 234 232 224 206 192 168 147 134 122 123 111 116 129 134 157 198 195 207 216 227 233 234 231 229 236 236 238 240 245 248 249 250 251 248 235 190 209 178 176 113 109 225 185 154 155 119 72 53 48 52 54 55 52 52 54 49 48 76 101 105 109 111 112 113 115 119 109 112 116 108 112 116 115 113 115 115 105 104 114 112 
86 84 88 94 93 95 94 98 92 109 119 108 120 154 170 204 225 227 235 239 248 243 241 237 229 217 207 191 174 160 144 136 129 107 120 139 141 152 180 204 209 216 226 236 237 235 236 237 243 242 244 248 250 246 248 251 224 181 149 104 114 200 130 88 46 49 39 41 39 47 47 48 53 56 57 53 55 94 104 107 110 110 112 113 111 112 110 106 113 113 113 114 114 118 114 112 111 111 117 115 
88 86 88 89 96 97 101 97 85 91 94 82 92 106 121 163 188 197 217 230 239 236 238 241 240 238 230 221 213 202 198 189 162 144 130 121 105 116 109 136 156 178 207 218 225 227 227 228 232 241 244 245 247 247 250 251 246 235 192 169 154 169 136 47 32 32 32 35 49 50 53 54 56 58 52 49 73 99 106 107 109 111 112 111 106 111 107 108 104 116 116 115 119 117 112 110 115 113 118 116 
78 82 86 85 88 108 89 87 81 94 89 86 85 83 101 113 129 143 170 200 210 218 227 231 236 238 238 238 237 231 224 224 216 201 188 165 141 127 123 119 115 149 149 168 183 202 210 217 216 228 233 240 243 243 248 248 251 250 228 159 87 185 175 80 33 24 29 32 46 49 49 49 53 51 42 66 98 101 103 104 106 107 110 111 108 115 112 112 113 119 118 120 117 116 113 115 114 116 119 109 
78 89 79 78 89 86 92 84 81 82 77 81 93 104 108 99 100 108 112 135 151 164 181 201 213 220 226 235 237 233 236 242 239 225 223 216 210 198 173 154 140 144 132 122 129 156 176 196 199 209 217 224 229 239 247 248 249 250 247 199 123 138 187 116 42 21 23 34 43 42 41 50 53 56 70 78 89 95 99 103 104 106 109 110 111 114 113 110 113 118 120 124 116 114 120 119 115 118 117 115 
