166 166 166 166 166 167 168 168 169 169 169 170 170 171 172 173 174 177 179 183 191 196 195 193 194 180 174 183 169 133 80 77 78 78 82 82 78 78 84 83 84 86 87 89 89 90 91 90 90 93 90 92 87 93 105 112 100 98 96 99 108 117 115 107 107 88 82 79 79 82 86 84 84 81 84 82 88 98 96 96 97 96 92 86 82 86 91 93 95 92 81 77 74 74 75 76 80 82 87 84 
164 164 164 164 164 165 165 165 166 166 167 168 168 168 168 169 170 173 175 179 185 194 195 193 193 191 174 180 180 158 87 79 79 79 81 79 80 80 82 84 86 83 89 88 90 91 92 87 93 98 86 92 96 98 110 118 108 95 103 105 112 123 118 116 104 87 83 80 85 90 86 84 83 83 84 86 99 99 98 98 96 94 86 85 88 93 94 92 91 81 76 75 74 73 75 77 84 86 88 91 
164 164 163 163 163 163 163 163 164 164 165 166 166 165 166 167 168 170 172 176 180 190 195 194 195 195 187 175 185 173 133 83 80 76 77 78 82 83 85 83 82 91 90 89 91 93 89 90 96 101 99 95 100 107 117 124 115 103 113 110 116 126 119 121 107 90 87 87 96 90 86 84 84 84 85 101 101 100 102 101 98 89 86 86 92 95 97 91 83 80 75 74 75 79 79 82 89 89 91 91 
165 165 164 163 163 163 163 163 163 163 164 165 165 165 165 165 167 168 169 173 175 182 194 193 193 195 195 179 182 184 164 106 76 76 77 82 82 86 81 86 90 89 88 90 90 91 86 93 98 102 106 104 101 112 124 129 116 114 116 111 121 126 123 121 119 94 90 96 98 90 85 87 87 87 101 105 109 107 101 96 91 86 87 92 94 95 92 84 77 76 75 77 78 83 82 85 91 89 92 94 
165 165 165 164 164 163 163 163 163 163 164 165 165 164 163 164 165 167 167 171 173 178 187 193 193 195 195 190 174 185 179 150 86 75 81 83 81 80 82 87 87 87 91 93 93 85 90 91 94 104 108 107 108 108 126 127 126 123 119 115 126 128 127 115 118 106 99 105 96 88 88 90 90 103 110 114 109 104 98 91 88 89 91 94 94 93 85 79 79 77 77 77 80 81 86 88 91 92 94 93 
177 167 165 164 165 165 165 165 165 165 165 165 165 165 165 165 166 166 166 168 172 175 180 193 194 196 195 194 182 177 187 174 123 89 87 83 79 85 85 88 87 88 90 92 89 87 93 90 89 103 114 117 115 108 123 126 122 131 126 122 136 133 127 113 118 117 116 105 96 94 92 95 107 110 115 121 112 101 93 88 89 93 95 96 95 87 82 80 78 78 80 85 80 86 90 87 90 92 92 97 
192 167 167 166 166 166 165 165 165 165 165 165 165 165 165 165 164 164 165 167 169 170 175 184 194 196 194 195 193 177 188 184 160 104 86 84 84 83 88 88 90 91 88 88 89 95 92 90 94 105 109 120 121 111 120 130 125 132 137 137 145 137 126 121 126 130 112 100 97 98 101 113 113 113 122 123 108 96 87 88 93 95 97 97 89 82 79 78 77 82 85 89 89 89 89 92 92 94 98 102 
195 183 168 168 167 165 165 165 165 165 165 165 165 165 165 164 163 163 165 167 168 169 174 179 188 196 195 196 195 188 177 190 177 145 97 92 83 88 90 90 93 90 84 86 94 95 90 91 97 106 108 119 121 118 129 136 132 139 141 144 148 137 131 134 139 126 104 103 105 104 116 121 122 124 124 118 103 90 89 89 97 96 99 91 85 80 80 79 83 85 85 91 91 92 90 93 93 99 102 104 
196 192 172 168 168 165 166 165 166 166 166 165 165 164 164 162 162 162 165 166 168 168 172 177 185 196 196 196 196 196 179 185 189 171 114 88 87 89 86 92 91 88 89 94 98 98 92 97 102 107 109 115 122 122 137 139 137 143 142 147 150 143 137 142 141 120 108 109 114 120 123 127 130 128 122 112 97 97 95 98 101 101 96 86 82 79 80 82 85 87 89 90 90 94 90 94 96 100 103 102 
198 195 182 168 169 168 165 167 166 166 166 165 165 164 164 162 162 163 165 166 168 168 171 174 180 189 197 197 197 197 191 179 193 185 151 102 95 91 89 89 85 87 94 100 103 98 98 96 106 107 112 114 125 130 143 143 145 146 143 149 151 144 143 143 138 117 114 118 123 126 133 136 135 132 121 110 115 113 112 110 109 101 91 86 80 82 85 87 84 91 90 89 95 94 93 94 100 103 101 101 
195 196 190 173 170 167 167 167 168 168 166 165 165 165 165 164 164 163 164 166 168 169 170 173 176 184 193 198 196 196 196 183 186 186 177 126 93 92 91 83 83 87 93 93 94 99 104 102 109 108 102 116 129 132 143 145 150 147 146 151 151 145 147 147 134 121 129 127 137 142 142 135 130 126 119 125 119 116 115 112 105 95 90 86 84 86 90 87 89 91 91 93 95 92 94 100 100 105 103 104 
195 195 193 182 170 170 169 169 169 168 167 166 166 167 166 165 165 164 165 166 168 168 170 173 175 177 185 197 198 197 196 194 179 190 187 162 108 94 88 90 90 89 94 94 103 106 105 113 107 107 108 120 125 133 143 146 154 148 152 156 150 147 153 149 134 127 138 143 145 145 142 135 123 114 124 131 122 114 111 103 99 93 90 86 87 90 87 88 92 92 93 94 92 93 101 101 101 104 103 102 
191 195 195 192 174 171 170 169 169 168 167 167 167 167 167 166 166 165 165 166 168 168 170 172 173 176 181 193 197 197 198 196 189 183 193 184 148 100 97 95 90 94 98 107 114 118 115 122 114 112 118 127 122 134 143 148 153 153 156 157 146 145 154 151 136 135 147 149 149 143 140 134 128 131 137 132 122 115 111 97 93 92 91 89 90 87 91 93 93 91 95 94 94 103 105 103 102 103 103 101 
183 197 196 195 184 172 172 170 170 169 168 168 168 168 168 168 166 166 166 166 168 168 169 171 172 175 178 187 198 198 198 198 197 183 193 192 176 129 102 99 98 103 106 112 117 120 125 126 122 123 133 134 125 133 145 150 158 158 161 155 145 150 159 155 136 148 151 153 149 146 142 139 140 138 131 129 123 121 113 104 99 100 96 94 92 91 94 93 94 92 96 96 106 103 104 104 103 104 102 92 
177 191 198 197 196 177 172 172 171 170 169 169 169 169 169 169 168 168 167 167 167 168 169 171 171 173 176 181 191 198 198 199 201 198 185 196 186 158 123 110 109 112 119 118 114 118 125 133 136 132 142 139 139 139 142 153 161 164 163 157 151 156 161 152 151 155 156 152 149 143 141 137 136 135 134 131 127 119 106 103 102 109 101 93 92 92 92 95 94 93 93 104 108 102 101 100 103 98 90 81 
175 182 197 199 198 188 172 175 172 171 171 170 169 168 168 168 168 168 168 168 167 168 169 171 171 173 174 177 184 195 199 198 201 200 191 189 193 171 141 115 107 111 119 123 127 116 109 124 139 141 144 143 147 149 137 154 163 167 164 163 158 164 162 157 159 157 155 151 145 139 141 142 142 138 135 129 126 116 107 107 102 109 98 95 94 90 93 96 98 98 102 104 105 99 97 100 100 90 83 83 
172 178 194 198 200 195 178 175 173 173 172 171 170 169 169 169 169 169 170 170 169 168 169 171 171 172 173 175 180 189 199 200 199 201 199 184 190 183 169 130 120 121 115 116 128 134 128 119 137 149 145 148 149 156 140 155 165 170 167 163 161 163 160 160 161 162 158 155 146 145 146 145 143 140 136 130 121 117 118 114 112 117 109 104 101 96 91 93 100 102 103 103 101 99 100 99 89 80 83 87 
168 177 185 198 200 197 190 176 174 174 173 172 171 171 171 171 171 171 171 171 170 168 169 171 171 172 173 176 179 184 197 202 199 197 194 188 182 192 184 150 126 125 123 125 134 132 138 138 139 146 151 154 158 161 147 164 170 171 167 166 166 161 160 165 165 164 162 153 152 149 144 143 140 139 133 123 123 126 119 110 111 116 111 102 101 100 94 97 103 103 103 102 99 100 98 88 83 81 85 88 
172 174 181 195 202 200 195 179 175 175 174 173 173 172 171 171 170 170 171 171 171 170 170 171 171 172 173 174 177 182 190 202 200 200 199 198 188 187 187 170 142 136 134 135 142 137 139 138 145 145 153 160 163 163 154 173 173 169 170 167 165 163 166 168 165 164 157 154 151 152 150 144 140 145 142 137 137 125 110 114 112 116 104 98 99 97 99 102 104 106 102 102 101 99 91 84 82 86 86 89 
177 170 179 187 201 201 200 192 177 176 174 174 174 173 173 173 171 171 172 173 173 172 171 171 171 172 173 174 177 180 185 198 202 200 200 199 197 186 186 170 151 135 138 142 149 146 149 143 147 149 155 164 168 166 165 178 173 168 171 166 167 170 168 166 162 158 155 155 155 153 150 148 148 151 143 136 128 119 119 116 117 114 99 97 95 93 102 107 109 110 107 102 100 92 84 85 84 84 89 94 
175 175 175 181 196 203 200 199 181 177 175 175 174 173 173 173 173 172 172 172 172 172 172 172 172 173 174 175 177 179 184 190 203 200 199 199 197 190 183 173 160 147 138 137 145 148 149 152 150 152 158 168 172 170 170 177 172 168 173 172 170 171 172 167 158 157 160 159 157 157 151 150 149 141 126 116 109 109 109 115 121 109 94 97 95 99 107 119 129 135 130 102 95 88 82 83 83 90 93 93 
176 177 172 180 188 203 202 202 194 180 178 176 175 174 174 174 174 173 172 173 173 173 173 173 173 173 175 175 176 179 182 186 197 205 202 200 200 190 178 174 162 155 144 135 141 152 150 154 156 157 163 170 173 171 171 175 174 169 174 169 170 171 162 158 161 156 160 157 155 150 146 145 144 133 113 112 111 111 118 127 116 98 96 98 100 103 104 124 139 142 147 115 94 106 85 83 84 89 89 97 
177 177 174 174 184 195 202 202 201 186 179 177 176 176 176 176 175 174 173 174 174 174 174 174 175 172 174 175 176 178 181 184 191 202 200 200 197 193 182 171 165 158 154 139 135 142 155 157 158 159 166 171 173 173 171 175 177 171 177 171 171 169 166 164 161 158 157 154 153 145 144 142 138 138 131 129 127 125 123 113 104 97 99 98 103 105 104 113 132 138 148 152 141 133 92 88 84 91 95 99 
180 179 178 172 183 188 203 205 203 198 179 178 177 176 176 176 175 175 175 174 176 177 176 175 175 175 175 175 176 178 181 183 187 195 199 192 185 186 187 178 174 160 158 154 148 142 144 155 162 166 167 171 172 174 172 178 183 176 174 173 170 168 165 162 158 157 157 152 146 143 145 139 142 151 151 147 146 138 121 119 106 101 102 106 106 112 126 145 158 160 166 168 165 151 141 118 93 94 93 91 
180 179 178 178 177 184 198 204 203 204 187 179 177 177 177 177 176 176 176 176 177 176 176 176 176 176 176 175 176 178 181 183 186 189 195 190 184 177 178 178 170 163 160 161 158 158 156 156 159 162 166 171 173 173 171 178 184 177 172 171 170 166 164 162 157 154 151 143 140 146 147 146 154 160 163 157 152 155 151 150 139 132 127 132 140 149 157 171 176 177 173 170 174 171 161 161 117 94 93 90 
179 179 178 181 174 182 188 206 204 204 199 181 180 179 178 178 177 177 177 176 177 176 176 176 176 176 176 176 176 178 180 182 185 187 193 195 188 178 173 173 167 166 161 168 169 164 165 166 165 162 164 167 172 173 170 174 182 175 173 173 167 167 166 163 160 155 150 146 146 149 152 154 162 165 166 158 153 156 167 176 173 167 162 163 161 162 175 177 178 182 174 168 167 161 156 157 119 95 89 87 
180 180 180 179 179 178 187 200 207 204 203 191 181 181 180 179 179 179 178 178 178 177 177 177 177 177 177 177 177 178 180 181 185 186 191 192 196 184 177 172 170 167 164 165 173 170 171 173 173 172 169 170 169 171 171 168 173 173 174 174 167 166 167 165 163 158 154 155 156 155 153 160 162 164 162 159 156 158 171 183 182 178 177 173 167 168 176 176 175 178 171 165 159 158 165 162 120 93 88 86 
182 182 181 181 181 178 184 192 207 206 205 201 183 183 181 180 180 180 180 179 179 178 178 178 178 178 178 178 178 178 180 181 183 186 188 189 186 188 184 176 171 165 169 166 165 169 171 173 175 178 179 176 165 163 166 168 167 169 170 170 167 168 168 166 166 163 160 160 160 163 157 160 164 166 162 161 162 161 163 173 180 180 179 172 166 161 164 164 170 175 178 175 174 172 164 133 98 92 87 86 
182 182 182 182 182 182 178 187 200 207 207 204 192 184 183 181 181 181 180 179 179 178 178 178 178 178 178 177 177 179 181 182 182 186 189 189 181 182 179 175 166 162 166 170 169 166 167 168 168 167 164 167 165 161 162 163 165 167 167 168 168 168 166 165 167 167 164 165 167 170 163 163 165 172 167 168 166 162 163 170 175 179 177 168 164 162 162 165 167 168 170 172 167 153 142 114 93 88 88 87 
183 183 183 182 182 184 178 184 190 206 209 207 204 186 183 182 182 182 182 181 181 180 180 180 180 180 179 178 178 180 181 182 183 185 187 189 182 179 176 173 168 162 161 172 170 166 165 161 161 158 157 160 158 161 163 164 166 170 171 172 171 169 169 169 171 171 167 171 172 174 172 175 171 173 169 172 170 164 164 164 167 172 169 160 155 145 136 139 143 142 138 126 115 107 103 92 86 86 87 87 
184 184 183 182 182 183 182 180 188 199 208 210 207 194 185 184 183 183 183 182 182 181 181 181 181 181 180 180 180 180 181 182 184 185 187 192 187 180 180 178 173 168 166 163 168 170 161 157 156 157 159 162 161 166 167 170 172 172 172 173 172 168 174 177 178 174 175 179 177 177 179 177 182 180 174 174 168 164 161 156 144 127 115 110 127 129 130 130 119 123 109 104 105 97 91 89 89 87 84 84 
184 184 184 184 184 183 184 180 184 193 207 210 209 205 188 185 184 184 183 182 182 182 181 182 183 182 181 182 182 182 182 182 184 186 188 191 188 185 189 193 185 172 164 162 160 161 159 160 161 160 159 164 164 165 165 169 175 174 175 175 175 172 179 181 179 181 184 187 189 188 188 185 188 185 175 172 167 164 159 150 125 99 82 88 104 117 123 123 113 106 97 96 97 93 90 90 88 87 87 86 
184 184 184 185 185 184 185 183 179 188 200 210 211 208 199 185 185 185 184 184 184 183 183 183 183 182 181 182 182 182 182 182 184 186 187 186 190 187 180 183 180 170 161 157 157 160 163 164 164 163 163 164 164 166 164 167 175 176 177 177 177 176 183 186 184 186 190 192 188 191 191 188 181 184 174 176 172 161 158 145 104 87 85 88 93 99 102 105 107 99 94 94 92 89 91 90 89 87 84 83 
185 185 185 186 186 186 184 186 182 185 192 210 210 211 208 190 186 186 185 184 184 184 183 183 183 183 182 182 184 184 184 183 183 185 186 185 189 189 182 173 172 166 159 159 162 166 167 168 168 167 165 164 163 167 165 165 171 175 176 178 180 181 188 195 190 185 187 192 187 185 187 185 184 184 179 181 174 161 158 141 103 91 89 90 92 92 94 98 97 93 91 90 88 88 91 93 87 82 86 87 
187 187 187 187 187 187 184 186 186 180 188 200 211 212 210 200 187 186 187 186 186 185 184 184 184 184 184 183 183 184 184 184 184 184 185 186 188 188 187 175 169 163 161 163 166 169 169 170 171 170 169 169 167 171 172 174 173 174 175 177 186 185 189 194 189 180 182 182 184 186 186 186 188 184 183 186 177 167 159 144 121 105 105 93 92 93 94 94 94 92 86 87 89 91 89 89 87 87 89 87 
193 193 193 191 190 189 187 188 187 181 186 193 206 211 213 208 193 186 187 187 187 186 185 185 186 185 184 183 182 183 184 184 184 184 183 185 188 186 185 174 163 162 165 167 169 174 175 175 173 172 171 172 173 177 181 185 184 178 176 175 182 184 186 186 186 185 185 180 184 186 185 186 184 184 181 181 172 165 158 148 143 125 105 93 94 95 94 93 92 86 87 89 88 87 88 86 87 88 89 86 
203 203 204 205 205 204 204 205 203 201 190 191 202 211 212 211 201 187 187 187 187 187 186 186 187 186 184 184 184 184 184 184 184 185 184 182 187 187 179 168 160 164 167 170 172 176 177 177 174 174 174 174 175 179 182 185 188 186 183 188 187 191 191 188 187 185 185 187 189 184 184 185 182 181 181 177 170 161 160 156 155 138 118 102 98 94 92 92 88 86 87 86 86 87 89 89 87 89 88 85 
190 190 190 189 191 191 192 192 192 193 194 191 194 205 210 211 207 195 189 189 189 188 187 188 188 187 185 185 185 184 184 184 185 186 186 185 180 181 171 163 162 169 169 171 174 176 176 176 174 174 173 173 175 177 179 180 184 184 182 186 190 192 191 196 193 188 185 185 185 184 181 180 182 178 176 173 168 165 160 160 159 154 142 120 106 92 91 91 85 88 88 86 86 87 88 89 88 88 82 85 
190 190 189 189 190 189 189 189 190 190 190 192 193 200 209 210 210 202 189 188 188 188 188 188 187 187 186 186 186 186 186 185 186 186 186 183 179 168 164 164 168 171 170 170 172 173 174 175 173 174 174 173 173 173 174 175 178 179 182 185 189 189 190 196 196 192 189 187 187 187 186 181 179 177 174 173 167 165 163 163 153 148 128 107 97 93 88 87 87 89 87 87 86 88 88 87 88 84 83 85 
192 192 192 191 189 188 188 188 188 188 189 189 189 190 196 198 199 193 191 189 189 189 189 189 188 188 187 187 187 186 186 186 186 186 184 178 169 162 163 167 168 169 169 169 171 171 172 173 172 173 173 173 173 172 172 172 172 174 178 183 186 188 190 194 194 194 194 197 190 182 181 179 177 177 176 177 171 171 167 162 155 150 136 115 100 91 88 88 87 89 87 87 88 88 87 87 86 84 86 84 
193 193 193 193 193 192 191 191 190 190 190 190 190 190 189 188 188 189 190 190 191 190 190 190 189 189 188 188 188 187 186 186 186 186 181 173 165 165 165 168 166 167 168 168 169 170 170 171 171 172 173 173 173 170 171 172 171 172 175 178 180 183 185 189 189 189 190 194 190 183 177 175 177 179 178 177 172 171 168 165 161 161 149 138 123 102 92 89 90 84 83 87 89 87 84 86 85 86 88 85 
194 194 194 194 194 193 193 193 192 192 192 192 192 192 191 191 192 191 190 191 192 191 191 191 190 190 189 187 187 187 186 185 187 186 178 168 164 166 167 166 166 167 167 167 169 169 169 169 170 170 174 173 172 172 171 170 170 171 171 173 174 175 177 178 182 183 182 190 190 184 180 177 179 179 177 175 174 168 169 165 161 159 152 144 134 119 101 91 90 87 89 88 89 86 86 87 85 86 87 84 
194 194 194 195 195 193 193 193 194 194 193 194 194 193 192 192 193 192 191 191 192 192 192 192 191 191 190 189 189 188 187 186 185 180 171 165 165 167 168 168 167 168 169 168 171 169 169 169 167 167 171 170 170 171 170 170 169 168 166 168 168 170 172 173 174 175 174 180 184 180 178 177 175 174 177 175 171 171 166 162 164 161 154 147 139 125 107 94 86 91 93 91 87 86 86 84 85 86 85 86 
196 196 196 196 196 195 195 195 193 193 193 194 194 194 194 194 193 193 192 192 192 192 192 192 192 191 190 189 189 188 188 188 180 173 168 167 167 169 168 167 168 169 168 170 171 170 169 171 168 167 169 169 167 168 169 168 167 165 164 163 165 164 164 165 165 166 166 169 171 169 164 162 162 164 167 164 162 160 158 163 165 161 157 150 137 111 91 88 89 87 90 100 87 84 83 79 82 85 86 89 
197 197 197 196 196 196 196 196 194 194 194 194 194 194 194 194 193 193 193 192 192 192 192 192 193 191 191 191 191 189 188 179 171 171 167 169 168 169 170 169 169 167 166 169 169 169 169 168 167 168 166 166 166 167 168 169 169 167 164 163 163 164 163 161 161 160 159 161 162 162 155 150 149 141 141 140 140 138 147 152 158 160 163 151 128 109 100 91 91 90 99 112 87 84 83 82 84 84 86 88 
197 197 197 196 196 196 196 196 195 195 194 194 194 194 194 194 193 193 193 192 192 192 192 192 193 192 191 191 190 185 179 173 169 171 166 165 166 167 168 169 169 164 165 168 169 170 166 168 169 165 165 166 167 165 166 170 168 166 165 167 164 161 162 163 163 161 156 157 158 160 161 157 150 145 152 152 153 153 153 153 158 157 156 150 136 125 117 109 101 97 112 108 84 82 80 83 84 85 89 87 
199 199 198 197 197 197 197 197 196 196 196 196 196 195 195 195 195 195 194 194 193 194 194 193 193 192 191 189 181 174 170 163 167 167 168 165 165 166 170 171 169 168 171 172 174 174 169 174 174 170 168 166 169 166 166 166 163 165 167 168 164 163 163 164 164 164 157 157 153 155 157 156 154 154 157 156 157 156 153 150 155 151 157 160 153 144 139 137 133 132 127 111 90 79 79 81 84 86 89 91 
200 200 199 199 199 199 199 199 197 197 197 197 197 196 196 196 196 196 195 195 195 194 193 193 192 189 187 180 175 167 162 156 159 164 173 172 170 171 176 175 175 176 181 180 186 183 181 183 179 176 172 173 174 174 171 168 163 164 166 167 166 164 163 163 163 164 164 162 161 154 153 163 159 155 155 153 157 157 155 153 153 150 160 165 163 153 149 143 137 132 126 130 89 79 80 83 86 86 90 87 
201 201 201 200 200 199 199 199 198 198 198 198 198 198 198 198 196 196 196 195 194 193 192 189 186 183 174 170 174 174 159 155 157 160 170 186 183 182 180 180 181 183 187 187 195 192 189 187 185 179 179 174 178 179 179 174 166 169 170 169 165 165 164 164 163 164 162 160 162 158 166 170 168 161 156 151 149 150 148 148 149 150 162 169 172 171 163 153 139 125 126 109 82 79 83 85 85 86 89 87 
202 202 202 201 201 201 200 200 199 199 199 199 199 198 198 198 198 198 197 197 197 192 187 182 173 169 163 172 179 162 163 163 167 169 178 187 188 190 191 186 187 184 186 191 200 195 195 191 189 185 181 175 177 178 180 177 178 180 177 169 170 168 169 169 169 169 164 161 158 158 163 166 169 168 161 154 150 148 141 142 144 146 149 160 167 168 164 155 144 139 126 100 85 86 93 86 86 86 87 88 
202 202 202 201 201 201 202 202 200 200 200 200 200 199 198 198 196 196 196 195 193 192 189 186 177 169 173 174 163 163 168 169 168 174 178 180 184 191 192 191 187 183 182 190 200 200 204 198 194 191 185 181 181 178 178 180 183 184 180 177 176 175 178 180 178 172 172 169 166 161 160 162 167 173 164 154 152 150 145 147 141 140 136 147 161 166 161 154 152 153 147 128 100 101 100 82 83 88 91 89 
215 215 214 213 212 211 210 210 209 208 206 203 204 204 200 196 191 192 191 195 188 189 194 199 199 181 182 183 172 166 176 176 179 181 180 183 186 192 194 195 190 188 186 188 194 205 209 204 202 196 189 188 187 181 180 180 180 182 181 181 180 181 185 184 183 180 179 175 171 164 166 159 163 170 164 156 157 153 153 153 144 139 129 132 139 146 143 155 165 165 163 153 107 82 83 79 83 92 92 86 
222 222 223 223 221 222 222 222 217 212 206 210 210 209 205 198 191 190 197 207 206 209 200 206 212 202 188 185 195 182 193 197 196 195 193 194 195 198 202 200 195 194 192 186 189 204 213 212 208 200 195 194 190 187 183 180 179 182 181 182 184 189 189 190 190 187 186 179 174 172 171 161 160 162 161 161 157 156 159 161 151 146 140 142 133 133 139 158 174 173 167 172 163 136 98 86 98 99 95 90 
223 223 224 223 224 222 221 221 216 215 210 205 204 198 193 189 180 175 186 199 205 203 193 217 218 208 196 192 211 205 205 210 214 213 208 208 207 204 207 205 199 196 193 193 188 191 202 209 208 205 201 196 191 189 187 184 183 183 183 182 185 189 191 194 191 190 187 185 182 179 172 168 168 163 157 158 156 156 162 165 160 157 155 156 148 143 154 155 162 167 172 171 168 155 149 111 114 110 116 112 
223 223 223 222 224 221 221 221 220 214 226 214 199 193 193 189 186 183 174 178 188 188 176 186 215 199 198 194 211 213 211 208 214 222 223 220 220 212 205 203 204 202 199 197 195 194 191 199 204 208 206 200 196 194 190 187 186 185 184 182 184 189 195 196 195 194 190 187 183 180 178 176 171 165 162 158 158 156 160 162 164 166 167 161 154 151 158 144 139 143 152 155 163 169 168 151 153 132 131 131 
210 210 211 210 212 210 210 209 209 204 206 227 231 216 198 194 191 192 187 179 183 185 181 175 179 195 199 192 197 203 199 197 197 211 220 222 224 222 216 218 217 212 207 204 197 200 193 192 197 201 203 202 200 199 193 188 189 187 187 184 184 190 195 197 193 191 186 184 183 182 185 182 173 169 165 159 156 156 159 161 170 172 171 168 162 156 152 141 134 128 135 136 146 152 156 163 159 143 150 168 
206 206 206 205 205 205 205 205 203 202 197 204 221 232 226 208 196 191 195 191 192 185 184 186 180 204 207 197 193 191 191 191 189 188 201 214 221 224 223 226 230 226 218 209 211 221 211 196 192 195 199 202 201 201 198 194 191 190 191 187 185 186 194 192 188 186 182 181 182 183 186 182 180 175 167 159 159 157 159 157 166 171 176 178 177 176 168 156 148 143 142 145 151 155 158 166 170 177 186 182 
198 198 199 200 200 199 199 199 197 197 196 188 196 216 224 225 211 206 201 202 199 188 191 196 200 216 219 209 203 200 198 193 189 192 187 204 218 220 222 220 224 222 217 215 216 224 219 210 199 194 200 201 203 204 202 199 194 194 195 191 189 188 188 191 189 186 184 184 187 188 187 185 185 177 170 162 164 161 156 156 159 171 180 186 184 181 180 174 165 159 159 163 168 172 179 186 194 195 191 181 
200 200 199 198 198 197 197 197 196 193 193 193 187 193 215 222 211 215 211 205 211 193 198 210 220 224 223 215 211 206 203 198 197 206 202 195 213 219 215 211 207 205 209 214 221 228 225 217 208 201 201 203 206 207 204 201 197 194 195 195 193 189 189 190 188 186 188 190 191 190 189 189 188 183 174 166 166 164 160 156 155 172 184 193 190 188 188 183 179 172 164 171 182 185 191 192 200 202 196 185 
207 206 205 205 205 205 205 205 205 203 204 205 201 191 191 211 210 204 201 201 210 210 216 223 228 226 219 213 212 209 207 208 208 209 211 201 214 228 226 218 209 196 198 211 214 225 224 218 211 207 208 206 204 205 203 203 200 196 198 199 195 189 187 187 186 186 188 192 193 193 193 191 188 184 175 167 171 174 170 163 157 163 177 191 195 191 194 192 187 179 166 174 191 193 196 197 201 203 191 186 
208 207 206 206 206 206 206 206 206 205 205 204 200 195 187 194 201 199 201 205 210 221 225 229 230 225 218 216 215 215 218 220 217 217 222 212 230 236 234 229 222 202 187 193 206 216 224 221 218 211 210 206 206 205 203 203 200 198 199 199 195 193 192 188 188 189 187 189 188 188 187 186 187 182 175 170 170 175 170 165 161 161 172 183 189 194 195 193 188 179 167 173 184 190 195 195 202 205 194 188 
209 209 208 208 208 207 207 207 207 205 204 203 198 190 184 190 197 204 204 209 219 227 225 227 228 225 224 221 218 222 222 223 228 230 226 217 230 232 235 237 226 212 193 182 200 210 228 228 221 216 211 204 204 202 202 201 200 199 200 200 199 197 195 193 190 188 189 188 187 187 186 186 184 180 173 170 170 177 177 167 161 159 158 161 168 175 175 176 178 169 160 168 176 184 185 185 193 202 192 193 
209 209 209 208 208 208 208 208 208 207 204 200 196 188 184 188 194 205 209 209 212 217 217 219 221 223 226 226 225 229 226 230 230 232 206 148 145 178 213 238 232 213 196 174 193 199 219 230 228 225 216 205 201 201 196 200 205 203 200 200 201 198 198 198 193 187 189 193 191 189 187 186 184 180 176 169 170 178 175 164 157 151 139 118 115 114 115 110 117 116 117 133 161 184 186 175 172 175 177 183 
209 209 209 208 208 209 209 209 209 208 206 198 188 187 187 190 193 194 194 199 207 216 217 220 220 228 228 226 231 233 233 230 231 236 156 65 63 79 171 219 233 222 204 182 182 194 205 226 237 235 223 210 202 198 199 204 206 202 204 204 204 201 199 196 193 189 191 192 193 191 186 185 184 181 178 170 169 175 171 164 157 149 128 96 85 83 77 78 80 83 83 88 99 116 118 127 127 121 131 134 
210 210 210 210 210 210 210 210 209 209 208 204 191 186 191 197 202 203 203 208 209 212 213 221 224 226 233 233 239 241 237 229 227 226 130 62 55 58 134 219 224 226 217 202 181 180 188 217 239 235 226 212 205 198 200 203 204 203 204 204 204 202 198 194 193 191 188 187 190 189 187 187 184 180 175 171 169 171 164 159 152 150 130 102 89 80 77 78 79 82 84 85 87 75 70 86 106 117 110 101 
211 211 211 211 211 211 211 211 209 209 209 207 200 188 193 202 206 208 210 213 208 207 214 222 223 232 238 240 239 240 237 229 215 212 159 71 62 67 156 225 224 222 220 207 194 182 178 196 228 232 217 207 200 196 197 199 201 201 202 204 204 202 198 195 197 195 190 186 187 186 187 185 182 179 177 173 165 168 170 164 161 150 123 101 83 79 78 81 80 83 85 85 73 68 70 70 73 89 94 87 
212 212 212 212 212 212 212 212 211 211 211 210 205 191 194 202 205 208 210 210 209 211 214 224 226 231 238 241 239 240 241 239 231 216 203 129 85 84 175 208 212 218 218 210 201 201 206 190 189 212 215 209 202 198 197 198 203 204 202 205 204 201 199 199 198 196 192 189 189 190 188 187 182 177 173 171 167 172 178 168 146 118 98 88 82 78 80 80 80 83 85 70 69 69 70 73 70 73 78 86 
213 213 213 213 213 212 212 212 212 212 212 210 203 193 191 201 205 208 210 206 208 213 218 227 232 234 238 241 235 236 239 242 236 234 228 194 140 154 190 213 222 221 216 211 207 202 199 196 190 178 199 207 204 198 194 196 202 202 206 205 202 203 201 199 198 197 194 190 191 194 191 188 186 180 176 173 170 171 162 142 114 89 87 81 82 79 81 82 83 82 65 64 64 68 75 72 74 76 83 87 
214 214 214 214 214 213 212 212 213 213 213 211 205 196 190 199 203 204 211 208 207 213 220 227 231 237 241 238 234 236 236 241 244 246 242 238 235 232 233 230 228 227 221 222 222 222 221 211 195 185 166 179 190 190 189 192 194 197 201 201 202 206 206 205 201 196 192 189 190 193 194 190 184 179 175 174 173 175 163 142 106 85 80 80 81 78 80 83 81 66 63 67 69 70 72 71 78 89 81 79 
215 215 215 215 215 215 215 215 214 214 214 215 208 199 193 196 200 205 209 206 207 214 219 225 228 237 238 235 235 232 233 233 238 247 252 253 249 245 240 239 237 230 223 230 234 221 205 164 163 174 163 142 156 166 167 173 183 191 193 199 205 205 205 204 200 196 192 190 189 189 194 192 187 179 172 169 170 174 167 147 102 83 81 82 77 79 85 77 68 69 70 70 67 67 69 75 83 83 80 80 
216 216 216 216 216 216 216 216 212 214 215 212 209 194 191 193 197 203 206 200 204 214 220 226 231 236 239 235 236 233 232 230 231 239 246 251 251 247 240 237 234 230 228 224 220 201 118 92 90 91 155 147 142 150 158 162 170 172 181 196 201 205 205 205 202 198 193 190 187 185 189 192 191 183 177 170 168 173 170 149 98 84 78 80 81 84 74 66 70 68 67 67 69 71 77 80 78 78 82 83 
217 217 217 218 218 218 215 215 210 204 207 202 201 190 193 198 199 199 204 200 202 216 221 228 232 239 240 240 241 239 234 235 240 246 251 252 251 244 235 228 221 215 210 201 171 119 86 122 95 56 111 159 150 152 155 156 158 169 160 183 197 201 203 204 204 200 197 194 190 185 184 187 190 187 181 175 176 173 165 132 91 81 81 85 81 70 64 63 64 63 66 67 71 76 80 77 76 79 83 83 
218 218 218 218 218 217 208 199 196 194 193 192 205 197 193 198 203 199 198 199 203 214 220 227 231 238 243 242 240 243 245 246 244 246 251 251 246 245 239 230 220 209 198 188 157 94 84 136 129 77 106 139 150 155 161 159 158 150 149 159 196 197 202 206 205 202 199 194 189 187 185 186 184 181 181 176 174 174 157 120 96 87 86 81 65 61 63 65 67 68 71 68 78 81 77 76 79 82 83 83 
219 219 219 218 218 217 214 206 196 196 197 199 202 204 192 193 197 200 199 201 207 216 221 227 228 237 242 247 248 248 243 236 233 233 231 233 239 239 241 236 233 224 212 198 156 93 104 146 132 78 97 134 146 149 151 150 148 146 142 157 194 202 203 205 203 201 198 196 194 190 186 185 182 180 177 174 173 168 145 106 86 87 79 69 68 67 68 68 67 65 69 79 79 76 78 79 84 84 83 81 
219 219 219 220 219 218 215 204 195 190 200 209 213 207 199 195 199 207 214 211 213 219 222 224 228 234 240 244 249 238 229 220 217 209 171 148 181 216 233 239 235 232 232 233 217 135 116 140 94 71 146 149 157 153 155 153 148 151 153 161 199 202 202 205 203 198 196 196 195 191 185 182 182 179 177 175 171 160 117 89 84 78 68 66 65 72 67 66 66 67 75 77 80 81 80 83 81 80 82 78 
219 219 219 221 219 217 214 208 200 196 200 205 210 210 207 200 199 206 218 221 222 225 227 226 230 232 237 240 242 235 230 220 212 128 99 104 122 200 207 227 230 230 235 235 227 181 108 109 83 101 162 150 154 161 156 152 152 158 153 171 202 203 205 203 202 198 196 195 193 190 184 182 181 181 179 175 167 150 120 98 86 77 71 72 74 73 69 69 72 76 77 76 80 82 83 81 80 80 76 77 
219 219 218 215 213 213 217 218 221 220 212 213 218 220 216 213 202 204 218 229 229 227 225 226 226 228 231 234 238 239 237 232 141 82 68 86 127 225 223 226 229 232 230 222 230 221 188 173 159 168 154 147 156 161 157 158 158 157 162 194 203 206 207 204 201 198 196 196 194 191 184 182 182 182 181 176 163 142 113 99 88 82 77 79 79 75 73 72 77 78 79 75 79 84 82 84 80 70 73 77 
220 220 220 218 222 226 227 222 220 214 210 210 209 213 210 211 196 198 211 229 232 232 228 224 224 226 226 226 232 235 238 217 89 54 47 56 123 226 237 238 240 234 223 214 212 211 204 199 187 172 164 171 168 165 164 166 171 182 199 209 209 209 206 202 199 197 196 197 195 190 184 183 184 182 179 174 154 138 122 118 109 101 95 96 92 80 76 77 81 78 79 79 78 79 82 80 74 78 80 80 
222 222 222 221 217 215 212 208 201 197 202 201 204 209 209 198 198 196 205 224 233 234 233 227 221 223 223 223 222 227 233 219 125 86 71 95 194 231 237 238 237 234 223 218 218 208 198 185 182 190 186 186 192 199 200 203 203 205 207 210 212 211 208 204 200 198 196 197 195 190 186 185 184 180 176 165 149 144 142 140 139 137 131 127 110 89 85 84 85 84 82 81 78 78 75 73 76 80 81 81 
223 223 223 222 218 206 212 211 206 200 199 196 208 210 197 204 194 187 196 210 225 231 234 228 223 221 223 221 219 226 230 228 217 194 182 212 231 238 236 233 228 214 197 190 187 197 196 213 211 202 193 199 205 208 208 209 210 210 211 212 211 211 208 205 200 197 197 195 193 188 188 186 184 178 167 158 153 156 157 164 165 160 158 154 144 128 111 95 88 90 98 93 94 78 74 74 76 78 80 80 
223 223 224 223 225 222 207 202 212 205 201 194 194 191 202 200 186 190 193 205 213 226 225 223 221 220 220 219 220 226 227 229 224 231 232 237 243 240 227 222 199 185 195 192 204 226 226 222 212 200 199 205 210 211 211 212 213 212 210 212 213 212 210 208 202 199 197 194 191 190 190 186 178 165 160 159 165 172 175 177 178 178 170 165 157 161 157 158 152 132 111 109 109 97 88 80 81 84 85 85 
223 223 223 224 224 225 226 216 201 205 204 204 206 213 218 213 204 202 204 203 205 217 211 213 215 218 218 220 220 218 217 216 216 229 233 234 234 230 220 207 195 208 202 202 221 233 222 215 203 198 206 207 207 210 209 217 215 210 210 212 214 213 209 204 200 199 197 193 191 189 187 182 172 161 163 170 181 188 190 191 192 191 183 174 169 168 171 176 183 177 149 131 106 110 102 86 84 84 87 90 
224 224 224 224 224 225 226 226 221 208 184 181 190 198 204 211 209 213 215 211 210 208 206 206 210 211 213 216 215 207 205 209 218 223 222 224 223 222 205 203 220 221 207 214 219 219 212 207 201 201 209 210 210 210 209 215 214 209 209 212 213 212 209 204 201 198 196 193 190 188 182 175 166 163 169 181 191 198 196 195 200 200 189 176 171 173 177 177 187 181 176 163 133 137 116 89 82 88 92 95 
224 224 224 224 224 225 226 226 225 220 217 221 219 209 197 195 189 206 216 205 207 210 212 217 214 207 207 210 207 202 209 216 217 223 221 219 216 216 214 220 221 216 211 219 220 214 209 202 199 208 213 214 214 212 211 210 210 206 206 207 208 207 204 204 200 196 194 191 186 179 175 171 163 167 176 189 194 196 196 196 199 195 189 172 166 178 179 180 188 188 191 188 176 152 147 103 86 92 96 100 
227 227 227 227 227 227 227 227 226 226 226 225 225 223 220 210 205 199 198 199 201 209 214 224 215 207 211 213 212 212 214 213 212 210 220 228 233 232 230 226 223 219 216 220 220 216 210 205 205 212 216 215 212 214 212 210 207 206 203 202 204 204 199 199 196 193 186 183 179 176 176 173 168 172 181 187 192 191 190 186 181 173 161 153 167 177 178 183 191 193 200 204 197 174 156 120 91 98 97 100 
227 227 227 227 227 227 227 227 227 227 227 227 227 226 226 224 221 204 186 198 184 204 213 215 211 209 218 217 217 220 222 220 217 216 217 219 226 231 233 225 221 215 214 218 217 210 205 203 205 210 213 213 212 211 209 206 204 204 202 200 201 200 197 191 188 189 185 180 179 178 173 172 170 172 175 172 170 169 170 157 133 102 90 90 109 144 173 186 194 203 211 207 202 193 170 138 103 98 101 111 
227 227 227 227 227 227 227 227 228 228 228 228 228 228 227 226 223 203 199 190 175 200 201 203 208 210 213 217 220 219 220 220 215 214 217 222 224 224 222 219 215 216 220 216 213 210 204 201 206 209 209 209 209 209 208 206 203 204 206 204 203 198 194 189 184 183 182 180 180 179 172 169 163 166 179 188 201 204 214 203 172 122 94 91 85 82 116 172 196 210 208 202 207 200 188 153 115 103 108 108 
226 226 226 227 227 227 227 227 228 228 228 228 228 228 228 228 222 215 223 197 184 203 195 195 202 208 208 211 217 216 213 211 203 201 206 208 212 216 217 216 211 210 209 208 204 203 203 204 206 207 206 206 206 205 205 205 202 199 203 202 199 195 190 188 186 185 185 183 179 175 165 162 183 203 211 217 221 215 220 220 195 158 107 89 82 79 93 119 184 201 200 197 194 195 184 166 139 115 111 111 
226 226 226 227 227 228 229 229 228 228 228 228 228 228 228 228 225 224 226 219 200 209 203 183 194 200 205 204 208 206 204 199 194 198 201 200 204 208 207 207 205 203 200 201 201 200 203 207 206 204 205 205 205 204 204 204 202 199 199 198 196 191 185 186 186 184 183 181 174 166 163 184 213 221 222 221 222 223 217 224 212 187 119 89 82 81 81 92 162 198 199 198 192 195 189 161 130 123 114 108 
228 228 227 227 227 228 228 228 227 227 228 229 229 228 228 228 229 229 230 224 222 214 218 205 211 198 201 198 200 199 200 199 200 202 203 202 204 204 204 205 204 204 203 204 204 205 203 203 206 205 205 205 206 205 206 203 200 200 199 200 200 194 185 185 183 182 176 171 163 166 181 200 218 227 225 223 224 225 219 221 223 206 162 99 85 82 87 88 115 184 189 196 191 193 191 173 133 119 101 88 
228 228 228 228 228 228 228 228 228 228 228 229 229 229 229 229 230 230 229 227 227 226 225 221 224 206 198 194 195 200 199 203 205 205 204 204 206 206 205 204 207 205 204 206 206 205 201 201 203 205 204 206 208 206 203 201 198 195 193 196 200 196 187 181 179 175 169 166 173 188 196 205 214 227 228 227 225 225 225 217 225 219 191 120 86 90 91 91 91 136 170 186 191 191 188 173 150 103 86 91 
228 228 228 229 229 229 229 229 229 229 229 229 229 230 230 230 232 232 230 229 227 228 227 226 226 220 202 193 187 197 202 203 204 202 202 202 204 202 204 204 202 203 201 203 202 203 200 199 199 202 202 204 207 207 202 200 195 195 193 193 196 191 184 174 161 170 165 177 193 199 203 205 211 219 229 227 225 226 227 222 219 227 211 166 103 94 93 92 97 103 123 155 180 185 182 164 136 100 87 92 
229 229 229 229 229 229 229 229 230 230 229 227 229 230 231 231 230 230 230 230 231 230 230 230 231 231 219 197 191 201 198 195 198 190 194 198 195 197 199 197 196 195 194 195 197 197 196 197 195 196 198 200 203 205 199 199 194 189 186 183 180 174 172 168 179 194 193 197 201 202 205 207 209 215 225 228 227 227 227 226 217 226 222 198 127 95 90 99 96 99 109 122 142 147 162 132 97 89 93 92 
230 230 229 229 229 230 231 231 230 230 231 232 233 234 234 234 235 235 236 238 238 237 237 237 236 235 229 210 208 209 194 194 196 193 201 198 192 197 194 188 190 186 192 195 197 194 194 190 186 187 187 190 193 198 197 190 181 178 175 177 181 187 191 196 201 202 202 202 203 202 205 207 207 213 219 228 227 227 227 227 223 220 227 211 171 108 96 103 98 99 105 110 127 113 117 118 98 79 86 89 
230 232 233 234 234 236 237 237 238 238 238 237 238 238 239 239 238 237 236 235 235 233 232 231 231 230 226 220 221 218 207 208 213 204 211 210 212 210 206 200 200 200 203 208 205 200 197 190 192 195 194 191 189 190 187 179 182 189 196 201 201 205 204 205 204 204 203 203 203 203 204 205 206 210 215 223 228 228 228 228 227 220 225 223 202 149 106 98 100 102 108 112 101 83 91 104 92 86 88 91 
239 239 239 239 239 238 237 237 236 236 235 234 234 233 233 233 233 233 232 232 232 232 231 230 231 230 229 226 227 227 225 219 225 218 219 216 213 213 212 207 206 206 207 208 210 210 207 206 209 214 215 214 211 207 203 200 204 208 210 208 207 207 207 207 206 205 204 204 204 203 205 205 207 209 211 218 227 228 228 228 226 227 216 227 216 187 132 99 102 108 108 97 86 84 90 92 85 89 94 94 
235 234 233 234 234 234 233 233 232 232 233 232 232 233 233 233 233 234 234 233 233 234 233 231 231 228 226 223 221 220 217 213 215 214 216 219 219 223 225 224 222 222 221 220 218 217 216 218 219 218 218 219 217 216 215 213 212 211 211 210 209 208 208 208 207 206 205 205 205 204 204 205 207 209 211 215 221 228 228 228 228 227 221 221 224 207 160 107 106 107 92 86 90 89 91 85 87 95 94 89 
232 233 234 233 233 233 232 232 233 233 233 235 234 234 234 233 230 228 226 224 222 221 221 222 222 222 223 225 226 227 229 229 228 228 228 227 227 226 224 222 222 222 222 221 220 218 218 219 221 219 218 218 216 216 215 214 214 214 213 211 210 209 209 208 207 205 205 205 204 204 205 205 207 209 210 214 219 227 230 227 226 228 226 217 225 218 192 126 101 92 92 87 88 89 86 88 90 92 87 88 
234 233 232 232 233 234 232 230 229 226 224 222 220 220 221 221 221 224 225 227 228 229 230 230 232 231 231 230 230 230 229 228 228 228 228 227 227 225 224 224 224 224 224 223 222 220 219 219 222 221 220 219 218 217 216 215 215 215 214 213 211 210 210 209 208 207 207 206 205 206 206 206 207 209 210 213 216 221 228 228 226 228 225 222 219 224 207 167 101 90 89 86 86 83 85 87 90 84 86 87 
223 220 219 216 217 216 218 221 222 225 227 229 230 230 231 231 230 230 230 230 232 231 231 231 231 230 230 230 229 228 228 227 228 228 228 228 228 227 226 226 225 224 224 224 222 222 222 221 222 220 220 220 220 218 217 217 216 215 215 214 213 212 211 210 209 207 208 207 206 206 207 207 206 208 209 211 213 215 225 227 227 225 225 226 218 223 218 190 124 87 87 89 82 83 88 86 84 87 84 85 
