137 140 157 163 140 117 103 65 88 111 143 156 157 157 138 121 129 130 103 98 115 94 67 116 152 135 152 186 139 106 125 129 90 55 52 55 58 94 98 88 96 87 81 85 82 92 99 83 88 73 78 71 63 42 54 76 43 59 76 94 105 107 47 95 106 103 97 60 69 63 60 65 54 47 50 91 102 77 88 78 97 106 110 91 100 80 88 70 70 59 72 79 95 97 99 113 97 99 75 71 
93 84 87 96 90 89 90 77 90 86 94 104 92 92 93 78 78 78 75 75 79 81 85 92 89 88 100 98 85 72 72 77 75 77 82 84 80 84 77 78 73 72 73 70 69 69 76 81 75 65 69 76 70 61 49 56 53 68 66 57 64 76 58 50 96 138 112 90 112 57 78 93 89 106 126 114 119 93 74 80 101 103 102 103 92 91 71 74 90 81 96 92 77 59 65 69 91 100 101 80 
48 62 52 45 38 37 40 42 38 50 58 63 57 51 65 64 59 56 52 61 73 78 73 82 80 69 66 67 69 69 54 64 67 76 77 70 80 76 67 61 47 42 49 44 53 59 69 76 72 63 57 49 61 66 69 64 60 55 58 62 67 70 60 59 102 107 109 124 107 58 99 130 72 62 87 98 106 98 82 99 115 102 103 91 100 91 87 86 83 97 97 83 84 75 72 103 86 109 96 97 
39 43 45 43 46 49 49 48 41 41 36 43 56 63 59 63 61 59 65 78 82 93 89 85 90 102 96 104 108 89 79 74 73 67 70 67 64 60 60 38 56 73 76 87 106 109 115 105 88 78 72 69 76 88 89 83 87 86 81 78 67 67 90 96 106 84 116 112 81 75 111 124 79 72 69 69 82 108 85 105 96 88 90 98 103 95 89 78 82 77 81 86 84 81 95 110 110 115 96 90 
42 42 55 64 63 57 51 50 46 48 46 53 56 62 67 62 68 63 56 61 60 58 65 64 54 60 59 59 68 75 74 68 67 59 59 62 57 58 77 89 90 93 97 100 102 101 91 75 71 82 99 102 104 105 102 100 106 107 106 104 96 94 75 62 112 121 126 124 124 90 125 114 87 103 110 122 79 105 105 85 94 86 105 98 90 89 74 75 75 90 104 68 82 83 92 95 79 86 82 72 
47 47 46 51 49 39 44 44 50 51 61 52 50 53 58 59 50 65 70 72 68 56 59 70 77 71 74 76 81 87 83 78 70 70 71 72 81 74 70 78 81 87 104 102 107 100 82 90 102 112 108 99 101 108 113 120 112 116 117 117 110 103 84 71 118 126 131 130 127 103 135 133 109 123 113 127 101 93 114 102 100 87 80 94 82 80 83 80 81 88 113 85 70 71 92 90 102 101 75 71 
49 56 38 25 38 46 45 55 55 44 41 51 69 73 66 74 75 67 71 67 68 73 82 93 97 115 114 99 97 100 109 112 115 90 74 72 90 87 85 82 85 75 81 88 80 75 66 80 98 126 110 114 121 111 94 105 120 129 126 120 116 109 108 82 122 126 136 137 136 118 134 135 111 149 114 124 104 99 119 117 92 92 109 86 84 85 75 105 109 85 90 81 95 110 107 116 93 82 83 60 
58 37 33 42 44 39 50 51 54 60 58 55 56 65 66 62 69 71 83 87 93 98 104 109 100 106 111 112 112 116 117 114 110 112 85 78 80 95 103 100 99 91 88 90 75 80 87 102 109 107 125 125 122 112 118 105 119 117 113 107 103 103 96 91 129 135 133 142 141 131 132 152 150 153 137 113 106 117 116 112 95 92 88 83 98 83 103 91 103 108 87 69 82 102 111 118 93 68 78 91 
77 71 69 64 61 57 60 53 55 63 63 72 68 78 67 81 98 99 86 100 89 90 97 97 90 97 106 105 103 111 107 107 104 106 85 79 82 83 69 77 90 105 104 96 68 68 82 114 117 119 119 120 116 122 118 108 113 113 107 121 131 128 106 88 125 129 143 141 140 130 127 143 156 162 137 116 92 115 114 92 98 104 83 79 77 87 120 131 116 115 98 79 72 74 125 106 85 96 100 101 
84 89 88 73 59 58 54 72 71 61 59 58 50 60 70 64 77 80 85 76 88 69 92 104 113 117 114 112 107 109 108 104 90 88 75 67 76 81 91 91 87 78 95 87 80 86 86 94 106 127 140 122 107 111 123 124 116 105 101 113 110 115 119 110 125 134 140 143 141 138 129 148 145 155 122 124 117 119 111 107 98 99 85 77 74 72 102 99 103 78 102 72 60 70 87 92 100 106 116 127 
110 113 116 98 84 89 76 52 52 57 60 72 73 51 64 61 68 72 78 92 80 90 99 107 102 107 105 98 104 93 93 76 77 96 99 99 95 93 108 113 95 92 86 72 72 91 109 116 96 93 92 110 110 105 111 107 116 122 89 83 94 104 92 103 126 127 145 146 140 136 143 151 148 159 133 115 117 110 110 95 104 100 107 85 89 80 91 101 104 88 91 94 92 92 77 95 108 103 102 78 
136 129 116 96 76 85 105 97 81 88 86 63 72 74 72 62 59 67 63 78 82 91 90 103 96 96 92 95 85 90 96 113 115 95 91 93 96 90 97 103 99 90 76 70 70 79 87 107 109 114 117 102 118 118 121 114 107 97 107 108 114 111 112 109 130 128 144 148 145 133 142 143 149 152 142 106 98 88 96 65 74 93 85 101 96 101 102 100 91 111 90 96 97 95 76 82 87 97 98 97 
84 90 98 100 93 91 85 77 74 95 81 87 75 77 60 69 74 70 64 67 70 80 80 73 77 87 88 96 98 103 102 104 91 78 78 85 93 86 87 103 92 99 111 95 81 88 93 103 100 88 98 93 99 94 99 96 100 90 97 103 109 119 123 125 133 134 136 144 143 135 147 144 145 154 144 114 102 84 108 94 93 101 97 107 115 115 115 83 89 110 100 111 103 92 87 84 89 84 86 89 
99 103 91 94 91 80 71 77 70 71 94 96 96 102 103 76 62 64 61 55 56 64 78 86 94 91 89 80 84 77 86 95 104 94 81 65 89 91 85 86 99 97 83 80 73 70 77 93 106 103 99 93 99 96 106 112 103 107 121 109 106 109 104 122 131 132 134 138 139 137 150 142 151 152 133 142 108 100 94 91 90 89 99 97 97 100 119 121 135 108 81 93 109 80 81 78 94 95 88 82 
85 95 74 85 97 89 90 86 92 101 92 91 101 89 89 89 86 75 68 67 66 59 56 64 77 81 82 77 78 80 78 86 71 75 79 70 75 85 80 74 67 69 76 75 65 69 82 78 82 80 78 91 98 97 102 105 105 102 106 100 106 112 104 120 135 131 136 139 138 136 150 145 151 165 158 144 111 71 81 92 93 97 80 109 119 113 109 97 117 94 105 104 76 87 92 89 91 95 81 92 
89 76 81 99 88 82 94 78 83 80 76 80 82 99 108 100 105 79 70 61 56 52 50 55 55 52 57 58 65 74 68 63 68 59 61 62 69 63 78 75 72 80 71 71 67 59 58 70 87 76 68 86 94 95 103 102 101 106 107 114 98 97 96 117 130 133 139 135 144 145 154 148 167 173 158 143 114 89 105 99 100 108 130 118 96 102 86 101 103 99 107 85 79 81 80 90 89 92 89 102 
80 78 83 81 75 79 68 58 71 75 77 75 67 65 60 62 75 77 70 68 59 47 47 46 47 51 63 62 70 60 56 55 53 62 67 65 68 57 54 64 66 78 89 85 85 74 63 67 77 76 79 76 69 75 70 80 87 85 93 86 98 93 105 121 136 134 142 134 140 140 145 156 163 171 157 152 112 92 115 101 97 100 89 97 92 89 100 100 90 105 89 98 102 102 97 85 81 73 76 109 
79 82 81 85 79 57 52 52 52 51 55 61 59 58 57 55 62 68 69 68 61 59 57 54 56 59 64 64 77 92 88 84 75 75 77 68 77 74 65 73 80 65 74 79 81 76 73 67 71 81 90 93 92 85 89 91 69 80 91 94 98 90 85 121 133 131 143 139 140 145 150 153 169 164 156 137 116 81 107 108 97 89 116 114 102 90 66 90 110 94 83 82 93 96 101 104 69 77 87 114 
59 59 59 53 39 41 45 46 47 52 52 49 49 56 55 53 51 45 45 45 48 54 49 49 51 62 97 122 123 125 126 130 153 152 136 108 89 89 96 95 113 111 116 112 109 101 75 61 61 57 52 69 74 74 73 73 75 74 69 76 73 79 93 134 140 139 138 140 126 144 146 151 162 172 158 134 97 99 112 101 94 72 93 91 80 88 83 92 83 84 85 92 104 97 84 86 92 76 91 103 
87 92 86 78 80 89 97 96 103 123 134 136 108 114 134 134 147 155 160 162 149 138 129 121 128 124 127 126 127 117 136 157 155 146 136 125 141 152 145 144 145 144 139 123 116 117 117 72 48 55 45 48 50 54 64 65 63 69 72 77 87 88 85 133 149 146 150 140 124 143 147 153 160 177 147 130 109 128 118 92 91 98 95 84 87 93 80 85 77 83 88 83 88 88 104 87 75 90 94 101 
172 180 183 184 175 165 159 147 148 168 179 179 166 170 175 169 176 182 179 166 162 156 137 130 129 125 130 136 145 141 147 147 154 152 150 148 146 159 166 170 166 143 125 107 92 81 65 65 48 39 63 59 38 22 20 19 21 26 29 42 48 45 56 137 146 149 153 147 147 154 154 166 165 171 142 128 107 108 126 94 96 91 88 83 84 81 89 79 87 87 90 95 82 83 85 71 86 87 91 68 
181 175 182 182 176 167 172 169 156 171 179 184 168 162 175 181 172 178 186 165 136 125 126 134 135 139 143 152 156 156 128 120 144 146 137 144 159 163 169 171 155 141 124 115 129 129 74 46 42 46 69 60 59 59 52 32 18 12 11 12 13 21 25 151 144 154 145 152 150 157 157 163 167 167 129 112 102 124 109 93 83 61 77 77 75 84 111 113 124 114 131 107 107 89 92 101 96 84 59 70 
128 152 165 142 177 176 188 194 175 182 192 187 179 176 188 177 170 174 154 125 119 126 136 148 152 148 153 162 165 105 94 118 125 124 125 132 152 157 135 126 115 97 80 71 70 89 82 55 52 46 61 67 70 73 70 69 60 50 47 36 87 105 106 166 155 157 148 147 147 153 149 160 170 167 130 114 111 96 90 79 73 63 86 82 103 104 107 88 88 102 123 113 89 83 99 111 90 74 65 86 
101 113 144 150 148 186 184 187 191 172 181 186 161 155 184 200 178 141 112 107 116 121 130 142 149 152 158 161 116 85 114 113 119 117 106 93 83 68 71 63 44 37 33 51 61 56 65 93 106 73 65 68 60 62 64 78 96 90 111 126 112 93 107 162 170 151 148 156 143 141 139 147 162 145 133 124 102 84 81 74 72 65 100 116 93 113 76 91 128 111 117 94 102 95 96 86 76 100 106 105 
154 163 168 170 164 122 171 166 149 143 159 167 142 120 126 167 159 106 95 100 109 117 137 148 148 149 128 84 56 67 82 106 113 125 127 132 141 150 117 71 58 51 36 31 43 54 68 73 81 84 81 90 74 62 54 43 51 75 121 140 149 148 139 120 144 154 152 159 142 138 144 152 162 138 128 122 105 121 99 95 88 82 96 92 101 99 88 104 109 102 95 97 91 79 88 112 103 83 98 98 
146 161 130 120 164 175 168 155 156 143 149 132 124 147 169 160 123 93 89 88 99 111 125 139 122 98 80 72 82 109 133 158 170 175 166 155 140 109 86 79 94 90 67 62 52 62 73 78 98 93 92 81 76 46 63 73 79 58 81 85 126 137 144 160 175 155 153 165 145 141 149 163 167 124 140 111 96 82 89 90 95 81 83 86 86 105 91 95 105 87 86 78 83 108 115 86 84 83 101 90 
136 127 134 134 196 184 178 168 149 156 184 164 142 136 161 182 148 101 84 85 104 121 130 129 121 101 87 110 130 143 157 159 153 148 144 135 137 144 135 140 140 101 109 121 97 101 124 130 130 128 128 87 80 88 92 96 100 93 81 92 73 83 130 146 150 146 155 154 137 139 151 161 154 136 128 124 125 119 93 82 91 105 94 98 116 115 96 105 87 98 103 94 94 99 93 65 64 99 84 81 
168 158 183 182 143 171 183 166 147 155 165 178 154 154 143 134 127 100 87 90 103 105 106 109 103 95 103 118 135 143 147 148 154 148 151 162 171 166 167 158 142 107 117 145 145 138 137 167 160 149 146 116 81 79 83 88 95 98 92 107 98 69 114 143 149 151 150 155 139 136 155 167 150 140 127 112 119 124 109 86 87 94 99 106 82 69 86 83 113 121 101 73 81 104 98 110 85 85 80 93 
208 206 195 207 209 196 183 156 151 168 157 175 178 176 175 157 123 95 85 89 92 89 98 96 88 95 114 128 141 141 135 135 143 163 185 192 192 196 197 177 168 140 137 183 192 171 159 147 170 183 174 156 128 94 81 79 82 117 122 111 101 102 117 139 143 132 141 151 142 142 159 166 144 147 125 99 93 101 120 119 116 115 111 95 101 88 109 121 96 114 101 97 91 89 102 84 95 97 81 94 
200 207 207 198 191 194 185 170 182 189 161 151 142 150 167 155 115 94 85 75 79 81 84 85 101 110 114 119 129 134 139 134 178 212 222 222 214 212 210 207 194 182 155 174 203 179 163 162 171 161 137 156 140 120 125 86 76 90 112 113 121 110 111 136 131 132 134 148 154 151 158 162 137 132 123 90 114 96 111 119 105 75 88 104 104 105 110 108 92 96 97 107 102 110 122 102 82 101 79 100 
210 206 193 188 188 197 204 185 177 183 173 146 122 147 143 132 109 91 83 75 83 82 82 86 93 99 105 120 139 147 133 169 208 226 229 228 219 222 227 213 189 173 187 185 191 182 157 160 165 131 156 160 176 158 131 81 75 93 110 106 103 117 91 90 119 136 137 150 153 159 162 171 150 140 114 93 103 123 130 99 83 88 87 98 84 85 91 88 108 98 105 108 97 107 97 106 104 86 101 106 
218 221 200 210 216 194 200 218 211 198 190 155 124 151 181 143 111 88 86 87 86 79 75 84 92 107 121 131 161 170 188 213 225 218 230 238 231 234 225 173 133 148 163 206 220 188 183 164 149 131 129 139 112 104 86 55 69 82 93 108 112 128 127 109 86 110 143 148 157 157 168 167 126 115 94 111 118 83 99 117 107 94 101 105 96 118 87 87 108 128 126 126 104 89 88 84 96 129 120 101 
222 220 216 197 213 209 210 198 196 198 205 204 190 194 197 148 119 92 83 88 92 92 103 110 115 127 134 159 178 172 196 215 219 220 231 237 233 241 229 173 72 55 79 117 174 181 218 178 107 79 84 84 58 30 39 50 60 73 82 93 88 118 120 127 130 92 94 135 157 162 165 146 114 113 103 97 110 111 114 112 115 94 102 92 103 89 98 101 169 174 164 153 138 130 109 97 100 114 117 113 
215 208 203 195 204 214 212 206 207 206 205 210 213 219 200 151 123 99 101 106 115 117 127 125 124 133 158 190 183 129 195 203 217 223 231 237 242 245 238 197 91 50 63 83 91 167 195 186 106 63 67 64 55 32 45 51 54 72 98 81 78 96 103 119 131 134 108 85 127 156 159 136 99 91 87 68 83 100 111 110 122 84 78 95 108 114 120 170 205 188 166 149 132 122 106 93 90 87 101 108 
211 211 216 220 218 218 219 212 201 206 211 213 219 221 214 156 122 100 105 112 121 123 127 126 128 147 197 182 126 61 126 200 213 222 232 237 242 243 242 219 159 65 32 60 75 77 139 141 131 66 59 58 53 32 34 36 65 98 109 86 103 119 110 109 117 124 132 106 87 121 118 109 79 63 61 63 76 110 122 122 113 114 110 180 172 155 178 206 208 195 161 154 143 151 139 118 90 88 86 66 
222 223 223 221 220 221 223 219 215 215 221 221 221 222 217 158 147 115 104 107 111 118 122 127 138 177 206 153 101 54 109 196 216 232 231 226 230 236 240 232 212 160 59 45 63 54 72 122 188 114 54 58 60 40 40 44 66 87 93 97 112 138 135 124 110 90 85 85 86 85 69 64 53 42 45 58 96 95 100 114 118 108 130 195 189 193 209 206 196 185 149 162 157 147 124 111 124 79 85 80 
225 224 226 224 223 220 219 219 220 217 221 222 223 223 215 159 149 123 108 104 105 101 110 133 153 181 188 96 43 92 111 195 224 223 215 212 223 229 240 235 233 206 147 48 36 50 54 140 175 133 70 68 52 40 51 54 69 81 84 99 133 159 130 124 133 121 95 73 80 86 96 90 71 51 53 63 86 103 74 77 117 139 156 164 194 210 200 193 189 186 168 167 163 175 139 106 115 95 96 85 
210 211 211 209 209 218 220 221 223 224 223 226 224 217 213 170 149 132 108 102 100 94 96 131 173 203 188 150 108 123 137 186 202 197 199 212 223 235 239 239 235 193 181 86 117 111 50 120 169 167 94 58 47 39 52 61 71 81 82 104 120 140 152 152 141 139 130 91 83 120 165 173 164 147 112 99 104 83 101 143 167 166 174 186 195 207 208 205 194 197 196 190 186 176 145 130 113 108 95 89 
224 226 227 226 226 211 210 212 217 202 185 196 208 211 185 172 155 150 125 100 101 97 98 119 165 210 226 200 187 171 169 165 167 182 202 221 229 238 242 242 225 193 174 93 133 183 79 50 130 157 114 51 52 43 57 75 88 93 92 88 106 128 143 149 144 173 140 127 107 91 149 182 183 182 178 173 174 182 192 187 180 177 172 187 205 213 223 220 207 208 201 185 182 162 157 152 125 96 88 98 
190 189 189 189 189 187 188 184 167 180 174 158 153 167 169 159 145 151 141 118 99 97 95 104 127 154 185 196 206 181 150 142 155 180 212 223 234 248 245 244 223 198 170 85 127 122 67 48 107 174 161 63 52 58 71 82 88 90 87 86 86 100 124 125 155 162 173 163 158 162 156 167 177 184 183 183 189 193 190 187 178 175 174 189 202 208 214 217 205 190 174 148 129 128 113 124 119 103 91 94 
162 152 155 156 160 152 141 132 128 132 124 140 148 138 135 136 138 152 148 133 120 104 89 93 97 100 119 158 186 164 126 137 172 209 227 229 241 248 246 236 219 199 163 87 123 118 86 61 90 151 161 69 59 73 84 90 98 96 89 80 82 93 106 118 143 170 173 187 185 183 186 181 178 168 169 166 164 174 178 178 173 161 156 172 182 184 195 201 176 163 133 123 120 101 112 123 119 103 97 115 
162 156 150 154 153 139 137 137 131 120 117 108 121 118 116 127 138 140 149 150 144 134 117 119 125 124 127 150 168 165 111 113 165 189 214 209 228 235 235 225 217 197 130 35 86 116 90 73 79 153 127 77 71 86 95 96 94 88 87 87 92 91 93 111 130 159 168 179 181 183 176 165 165 160 164 165 165 171 172 167 160 153 164 176 180 184 189 175 146 129 133 141 145 140 146 135 113 109 99 94 
147 145 143 141 134 135 139 125 124 122 122 130 155 154 132 128 129 126 137 141 147 151 157 167 177 177 189 193 181 168 128 88 114 143 159 149 182 207 211 229 210 184 95 41 62 117 86 56 55 119 101 73 88 100 101 98 98 91 84 81 81 80 80 91 98 138 171 179 171 168 170 174 166 163 159 168 167 169 162 165 163 154 158 172 180 175 142 126 114 81 119 122 130 126 107 95 97 108 86 82 
137 141 141 140 138 141 135 117 129 134 114 132 161 156 136 128 119 118 126 129 126 120 116 111 91 131 190 188 108 138 148 95 72 71 80 97 125 149 172 177 152 130 51 41 58 122 86 39 65 88 87 75 93 93 93 93 94 92 85 81 82 89 90 88 90 109 166 177 174 170 164 163 158 158 156 159 157 157 145 155 160 145 119 141 158 134 99 99 103 118 109 124 113 113 96 103 113 91 99 97 
141 140 139 137 132 130 126 115 121 125 114 123 147 146 130 125 117 111 110 117 124 128 106 91 75 62 86 110 98 87 136 124 61 61 66 43 58 79 97 108 110 79 58 49 80 107 78 79 81 85 79 82 87 90 95 100 102 100 96 92 89 86 83 87 94 108 157 169 165 160 157 152 153 154 151 152 144 135 137 149 142 133 120 91 96 79 100 88 97 83 92 113 108 105 110 116 110 88 83 104 
145 145 144 142 141 136 131 123 148 145 115 129 153 156 142 135 128 121 119 121 101 157 154 131 100 68 56 79 111 130 129 139 95 63 61 16 53 38 33 79 87 86 73 49 69 58 85 82 87 85 81 84 81 83 87 91 93 97 101 100 99 96 89 94 106 142 154 160 154 144 140 144 151 150 143 139 126 111 99 101 103 91 96 86 106 110 103 117 97 84 84 87 100 97 104 119 111 122 109 113 
145 145 144 142 139 135 133 132 147 146 96 109 143 154 144 141 139 133 126 115 88 178 211 189 141 89 86 99 119 138 141 146 117 61 46 30 36 22 62 126 109 72 55 72 51 97 112 99 86 67 80 78 78 77 74 81 83 83 92 96 101 104 106 106 122 156 163 176 173 166 151 134 139 137 127 108 91 69 52 43 64 81 85 80 98 90 97 110 113 107 98 108 115 126 120 110 113 105 111 99 
142 144 143 141 140 136 131 126 140 139 95 97 123 141 136 142 141 128 117 128 98 174 218 215 205 155 127 119 115 127 135 138 137 112 56 43 78 76 90 74 72 79 75 73 100 97 101 121 82 108 111 90 82 80 80 81 85 85 87 89 94 99 114 148 157 160 168 176 183 172 165 159 134 98 78 48 43 49 43 34 54 63 75 95 99 100 101 101 99 91 113 119 108 113 101 96 106 104 108 123 
141 144 144 143 142 136 133 126 135 125 86 98 114 135 133 132 139 126 121 119 92 173 212 211 212 161 171 151 131 117 130 167 178 191 200 192 164 138 122 93 91 91 103 113 94 95 98 65 113 129 133 126 112 95 87 83 80 79 76 80 80 83 94 124 150 150 148 135 134 132 97 77 67 42 42 40 37 50 49 89 92 112 110 104 113 99 109 104 103 79 92 122 113 126 121 122 129 129 146 130 
129 134 136 132 132 120 128 128 127 112 84 81 99 128 129 115 115 103 101 106 74 131 172 177 186 143 147 144 133 118 106 115 183 183 192 184 167 170 149 156 113 171 182 181 170 148 90 96 109 117 124 121 114 108 100 85 69 58 53 55 55 64 70 68 70 70 61 34 29 35 31 29 31 31 34 46 47 56 70 82 104 111 84 106 112 89 108 129 106 92 99 100 120 128 118 99 83 93 114 114 
120 115 113 110 109 101 98 95 98 92 68 66 74 96 99 105 106 77 71 81 71 119 160 152 148 106 110 116 125 114 107 99 166 186 174 173 194 172 184 139 193 206 205 204 189 100 115 121 110 94 92 96 91 89 81 68 52 47 51 62 83 96 92 76 54 38 43 31 25 28 21 28 29 33 46 82 70 89 110 106 101 94 112 103 97 108 120 139 110 88 84 95 130 113 110 107 87 88 98 106 
121 116 111 105 102 97 103 107 106 84 65 54 62 67 72 67 73 58 53 63 56 80 112 121 121 95 101 92 106 105 96 91 115 194 193 181 167 185 136 195 203 199 203 185 87 95 104 115 108 103 97 80 67 61 58 59 59 79 82 95 119 130 116 81 54 34 32 29 26 28 32 33 44 57 96 95 105 102 141 115 107 117 106 124 98 99 78 95 80 74 106 103 160 136 122 101 108 86 100 109 
102 103 104 99 97 74 77 99 102 88 72 47 60 76 69 59 58 49 53 58 47 76 110 104 102 87 89 77 79 85 87 85 83 162 182 188 183 175 193 203 203 199 173 71 72 99 95 93 92 92 98 94 89 91 91 89 81 80 91 110 110 109 98 70 36 33 27 27 30 33 35 35 47 80 109 107 99 102 100 82 107 112 111 121 95 87 80 95 93 115 119 105 106 127 127 130 142 120 103 118 
85 90 90 89 87 72 71 73 78 74 61 36 42 46 49 56 52 45 57 64 56 82 114 114 115 100 75 65 65 70 79 85 93 120 170 167 171 178 189 195 202 159 73 101 99 94 94 95 101 108 103 94 88 94 103 99 89 85 96 105 107 97 82 47 31 32 30 24 24 25 30 43 70 98 90 104 101 124 131 120 100 103 115 110 86 90 87 92 95 104 101 113 105 106 95 109 151 125 115 96 
99 98 93 86 82 79 80 75 71 72 66 56 51 64 74 77 81 74 90 111 94 119 134 126 123 91 68 54 50 68 76 84 97 101 184 182 181 190 189 166 106 78 106 112 110 105 96 98 106 114 113 104 103 98 96 98 96 94 99 107 101 85 78 49 34 33 29 34 26 21 36 49 82 94 90 112 114 133 135 99 104 109 103 89 91 71 94 101 96 115 110 115 128 122 114 110 105 90 90 114 
93 94 92 92 91 89 93 91 74 111 103 85 74 99 93 73 75 85 109 100 95 91 91 91 86 80 64 53 46 59 65 85 99 110 156 205 187 154 114 89 108 100 108 107 101 98 99 102 116 116 112 102 96 100 99 108 113 117 110 96 91 95 99 43 32 29 31 29 25 35 36 61 103 98 99 105 119 126 111 120 112 89 95 103 97 86 99 103 92 102 95 117 113 80 100 108 112 107 103 118 
139 140 141 139 111 110 123 113 77 99 99 103 100 117 109 121 96 100 100 100 90 91 93 97 93 79 60 57 53 50 60 75 96 109 121 125 102 101 105 107 121 115 109 100 90 93 109 116 107 96 95 99 98 100 113 120 128 123 112 93 92 125 117 54 34 31 30 26 21 29 35 67 92 103 104 113 119 145 124 108 106 93 75 105 105 101 112 111 133 126 132 131 112 104 100 101 102 89 91 102 
133 137 143 143 111 136 141 134 119 119 96 87 96 97 104 105 103 100 108 91 105 106 90 93 93 80 67 61 68 65 60 80 98 117 123 124 119 114 109 108 110 123 117 108 101 105 116 116 104 95 89 91 99 115 116 120 127 122 115 105 121 138 87 44 31 33 30 26 33 36 40 59 107 110 108 135 133 120 104 111 106 90 87 103 127 137 117 110 116 108 103 122 122 116 114 123 121 101 97 124 
94 100 106 111 111 100 106 113 115 84 94 68 72 73 73 78 84 89 75 77 97 70 72 92 105 87 76 66 78 76 65 84 105 113 120 106 106 117 113 120 129 120 127 118 111 116 122 120 105 93 86 91 105 107 110 120 125 122 115 130 143 121 70 40 32 26 32 29 39 31 49 58 107 137 122 110 95 88 113 121 105 100 108 109 111 108 121 107 97 110 108 110 124 129 133 118 114 115 115 105 
16 17 18 19 22 19 21 31 37 29 26 27 28 28 28 30 41 42 38 44 82 69 73 84 100 91 79 68 71 75 76 87 103 117 116 104 106 111 111 119 127 121 122 121 121 127 125 109 100 94 90 97 110 118 120 119 128 121 127 141 138 97 49 42 31 31 33 36 40 36 36 89 116 114 116 110 90 104 108 96 92 119 121 131 113 96 106 101 113 120 123 139 121 126 110 122 126 110 108 109 
15 17 18 19 19 20 21 23 23 24 27 29 30 34 39 42 40 42 42 36 72 77 62 86 90 83 73 65 64 77 85 89 100 105 115 122 114 105 116 122 128 127 125 125 122 122 121 112 104 102 100 109 121 122 129 143 141 139 137 145 131 99 51 33 29 29 29 33 39 40 52 90 109 111 119 124 125 109 97 108 122 113 122 126 120 105 111 107 104 132 134 124 131 106 117 113 105 106 110 79 
16 18 19 20 20 21 23 24 25 26 27 30 34 36 40 41 42 37 46 48 44 59 53 87 90 83 77 71 72 82 93 96 99 99 98 109 116 116 122 120 119 114 114 123 126 122 119 121 118 110 106 108 115 121 126 136 146 154 153 149 129 66 40 38 29 25 32 35 47 48 77 112 117 118 135 119 121 90 117 140 122 102 100 108 113 112 114 109 113 120 129 113 118 121 91 92 97 99 123 105 
17 19 20 22 22 23 25 26 27 28 29 29 33 35 46 43 36 36 38 38 40 41 49 76 96 94 86 82 86 89 96 102 100 108 109 109 110 113 114 122 122 121 124 122 124 122 119 121 119 109 106 109 121 122 129 156 156 146 141 143 110 61 33 29 28 31 35 26 44 49 84 95 110 143 134 136 113 101 109 111 124 99 110 118 110 94 127 108 127 112 111 106 121 105 124 108 101 93 93 98 
19 21 22 24 25 26 26 27 28 30 32 35 48 51 39 37 37 39 41 41 42 43 48 77 97 104 99 100 96 101 94 94 98 100 103 109 106 100 103 106 112 118 119 121 121 120 119 117 112 113 117 117 121 131 155 159 155 152 157 121 70 44 35 27 31 28 32 29 34 83 104 97 105 136 118 134 118 120 116 111 100 95 100 113 97 136 129 112 106 99 112 117 109 140 112 102 100 99 126 116 
21 22 23 24 26 27 28 30 31 33 35 37 38 38 39 40 41 45 46 46 48 46 54 84 104 106 100 98 96 103 101 91 95 96 91 86 80 80 81 97 99 100 111 108 99 98 113 117 127 118 117 120 117 122 133 139 173 169 168 112 59 47 35 45 37 35 29 29 40 49 86 87 102 115 115 113 133 117 118 101 101 92 88 107 137 163 144 135 121 102 104 87 88 93 100 108 102 100 97 112 
23 24 26 27 28 30 31 33 35 38 39 40 41 42 43 44 46 47 50 51 53 52 70 89 105 107 106 95 95 98 98 92 84 86 89 83 81 80 74 87 100 109 106 113 123 126 125 134 131 126 148 134 131 136 129 133 135 141 114 88 52 34 35 32 42 32 25 30 31 42 56 81 136 131 116 109 135 108 115 123 124 79 94 137 178 192 170 150 131 120 94 90 103 105 127 99 81 88 93 116 
24 26 28 29 30 32 34 36 38 39 41 43 45 46 47 49 50 51 52 54 57 64 93 112 112 105 106 103 95 101 100 92 94 99 96 98 96 88 79 84 89 102 105 113 114 116 127 144 150 141 172 151 159 164 159 150 136 113 92 97 61 36 44 46 44 43 36 36 33 37 36 57 79 89 113 107 117 116 107 108 108 117 91 94 112 156 152 147 143 132 116 113 130 110 101 111 94 110 110 97 
25 27 29 31 32 34 36 39 41 42 43 44 47 49 50 52 55 56 58 61 82 131 127 130 113 104 98 99 96 96 104 106 102 108 116 118 99 93 89 80 87 103 123 141 143 138 149 136 138 149 158 143 154 169 173 178 170 158 150 146 130 75 48 43 39 32 39 37 27 27 38 38 38 38 42 64 94 102 111 105 106 112 85 70 109 137 131 141 135 124 144 126 110 115 101 109 116 106 91 96 
30 31 32 34 35 39 41 43 45 47 48 49 51 54 55 57 59 61 69 99 127 125 127 127 114 106 92 90 88 87 103 109 111 116 115 120 111 104 95 93 103 137 152 165 146 142 135 119 127 167 164 163 167 181 193 201 203 197 186 177 167 162 151 115 91 64 60 45 38 35 32 35 50 39 41 47 57 64 73 96 87 86 106 116 133 139 136 160 144 108 116 139 98 119 114 87 93 104 110 81 
33 34 35 38 39 42 44 46 47 48 50 52 54 55 58 60 65 85 117 137 148 148 125 125 116 113 94 95 92 93 103 105 119 114 120 108 97 88 97 100 104 135 156 159 142 138 134 101 136 168 165 159 165 173 188 195 204 209 206 194 198 198 194 181 162 159 148 121 107 70 40 47 57 69 40 59 57 48 48 50 82 113 151 148 161 164 158 156 110 107 103 105 111 95 97 110 105 103 105 105 
33 35 37 40 43 45 47 49 51 53 54 56 59 62 65 82 128 150 156 161 159 152 128 130 125 123 108 100 96 107 108 113 109 107 110 108 98 90 102 106 116 135 156 148 145 122 121 114 144 161 164 172 168 173 179 188 194 194 191 188 190 175 170 167 175 180 179 158 142 136 132 127 144 143 141 146 143 143 142 138 146 147 153 145 148 154 155 124 83 92 125 108 117 100 97 111 106 86 101 94 
37 40 41 44 46 47 49 52 55 57 58 60 64 74 124 163 168 164 152 140 133 132 131 127 128 120 114 103 100 105 106 116 112 108 112 114 109 107 115 130 130 133 147 141 150 133 129 139 158 165 159 164 165 170 183 179 170 158 155 169 184 197 185 161 178 177 185 185 177 163 161 151 152 159 160 156 163 140 134 135 150 154 144 141 145 125 104 78 108 109 119 106 90 88 92 110 101 91 84 105 
39 42 45 48 50 53 55 56 57 60 63 68 92 135 145 147 144 138 140 152 162 176 176 142 126 118 115 101 95 97 110 120 116 112 111 113 114 122 121 128 133 135 137 140 138 138 145 144 152 158 159 155 159 163 159 160 166 174 178 176 184 196 195 183 179 167 157 161 160 161 161 163 158 156 152 139 136 119 112 116 127 127 132 131 126 112 114 130 104 108 122 101 89 99 105 107 107 113 113 95 
44 47 49 52 54 60 62 63 65 67 82 121 136 140 144 151 165 175 185 188 159 159 160 149 119 111 105 99 95 101 123 121 117 114 112 116 115 127 131 122 126 126 140 140 141 128 136 148 146 141 143 141 161 166 164 163 159 164 165 167 167 170 175 172 175 163 145 141 151 147 157 154 148 151 139 134 138 129 125 111 138 144 131 115 106 80 109 96 83 135 122 126 129 117 100 99 111 114 109 107 
46 49 51 54 57 62 64 66 74 114 143 145 157 168 178 185 186 188 191 191 171 147 160 148 126 107 98 99 100 113 117 116 114 115 123 122 121 126 132 134 129 133 150 155 141 136 147 138 125 119 132 145 147 158 165 168 168 158 165 167 168 162 159 150 156 155 142 135 143 144 142 142 129 130 138 148 149 142 132 136 151 132 108 83 90 95 91 110 100 127 137 149 131 130 119 124 116 106 93 112 
49 52 55 58 61 65 69 98 148 160 167 180 184 187 186 180 178 174 169 160 156 159 171 169 139 113 104 104 101 100 115 117 110 109 117 124 124 133 132 136 134 149 148 156 141 121 121 126 139 143 153 158 161 143 161 166 167 166 159 157 138 131 138 129 140 146 141 126 137 146 139 136 136 152 166 156 128 112 107 104 90 95 91 100 85 110 101 103 91 77 132 148 139 125 129 132 114 110 107 105 
55 58 61 64 67 88 143 169 176 182 185 185 183 179 177 171 158 148 158 170 174 166 149 147 147 123 120 109 102 109 115 123 115 116 119 123 122 135 136 130 116 130 128 138 127 115 112 119 155 161 161 142 154 150 153 155 157 153 139 127 112 126 118 116 134 142 137 124 123 137 148 141 151 157 147 124 107 82 96 97 85 88 88 109 98 102 113 114 89 116 116 129 135 118 127 134 101 77 95 103 
59 61 66 75 127 177 181 182 182 179 175 169 162 162 166 166 171 183 185 175 158 149 156 155 144 129 110 114 113 117 123 113 123 122 127 129 130 139 125 106 105 111 113 115 121 120 128 135 139 153 164 148 142 151 150 148 149 147 136 117 123 116 110 125 125 115 104 118 96 63 96 134 183 161 138 116 99 115 108 86 88 95 95 75 118 105 98 119 119 100 135 104 111 105 109 113 103 108 78 81 
67 72 109 166 183 181 175 162 160 164 168 172 170 168 178 182 178 170 158 145 142 140 136 147 164 168 97 105 115 119 131 126 116 126 133 135 138 142 119 98 111 105 111 112 117 127 129 139 137 141 146 129 144 145 149 143 135 136 125 101 123 124 93 70 85 63 47 45 50 38 52 74 139 204 179 126 92 94 96 83 107 124 121 88 101 125 118 123 122 96 99 109 123 115 129 122 112 101 86 92 
90 150 179 177 168 157 158 170 181 184 178 173 171 179 174 156 142 143 156 155 148 157 175 176 173 174 95 109 116 119 126 140 132 127 123 137 135 130 117 113 115 118 118 112 109 120 126 130 138 132 138 122 127 130 128 130 118 121 124 113 123 113 88 71 57 51 52 51 51 50 62 78 96 142 154 132 97 107 104 112 127 105 100 99 104 128 124 109 116 127 107 114 109 110 124 128 120 123 105 125 
164 167 161 161 169 179 182 177 169 163 164 166 167 161 160 161 159 161 161 174 183 184 175 174 175 167 125 101 120 122 122 124 133 122 116 130 130 115 122 129 138 122 128 122 124 121 123 134 128 124 136 131 117 118 119 110 121 115 115 116 116 116 110 105 92 80 71 60 61 66 69 80 92 107 116 98 97 98 117 114 120 110 83 86 102 122 130 121 107 117 96 99 115 110 118 104 108 120 117 104 
173 178 183 191 193 187 180 180 183 184 186 186 187 193 195 184 182 195 205 205 195 190 193 201 202 206 173 92 106 119 121 120 125 117 124 129 132 114 125 136 141 138 135 130 132 136 133 128 133 135 122 118 115 113 120 125 131 128 123 119 116 115 115 108 102 94 87 79 75 71 73 77 86 95 99 76 97 99 113 85 105 86 93 98 108 99 98 73 85 92 91 83 95 111 88 105 107 118 113 132 
220 225 221 216 215 221 227 227 227 221 221 227 229 224 213 212 223 229 227 217 208 217 224 222 193 126 87 84 95 122 124 118 119 122 113 118 121 115 124 131 135 127 134 135 124 125 136 134 132 134 133 129 132 133 136 139 135 127 122 130 126 118 120 116 113 112 108 101 88 81 75 74 73 70 59 67 85 100 83 80 108 127 127 133 108 110 99 84 94 87 69 75 91 100 88 106 90 90 105 106 
198 198 202 199 219 224 226 224 227 228 227 225 217 209 207 218 222 221 214 210 221 228 227 222 105 70 60 75 90 98 101 113 124 116 109 119 128 139 145 149 147 130 115 112 111 111 108 113 125 134 133 132 131 135 130 125 127 130 136 138 134 129 128 132 138 137 121 104 101 94 89 86 72 67 63 65 71 92 110 89 114 102 110 107 111 106 88 95 89 88 86 79 69 102 73 63 64 76 85 90 
204 207 216 217 196 195 184 227 229 230 219 210 220 230 231 231 231 223 214 217 230 233 232 230 142 77 76 81 81 95 94 95 110 121 120 124 128 129 136 133 133 121 109 97 88 88 99 121 120 117 120 117 117 120 119 121 126 127 129 130 133 137 139 141 134 130 131 125 118 100 85 79 76 81 69 79 87 96 99 118 107 80 104 86 74 98 103 103 98 102 91 86 127 112 106 123 106 77 85 102 
155 159 168 167 165 165 164 167 162 156 146 151 160 161 158 152 152 147 145 140 149 149 146 137 117 85 68 75 79 97 103 90 91 105 119 122 122 116 121 104 94 91 93 83 77 76 83 81 77 87 93 103 102 103 107 111 112 120 127 132 136 145 144 137 135 136 138 131 121 114 97 70 50 61 93 106 108 96 104 95 104 108 110 96 89 139 129 116 100 82 98 73 102 78 77 81 69 62 72 89 
78 85 89 131 150 153 129 150 144 141 132 143 154 158 159 141 150 146 151 142 160 158 154 140 131 73 73 72 83 100 112 93 86 96 103 125 134 113 106 106 104 123 121 113 110 118 104 109 109 92 96 90 85 81 84 90 104 109 112 114 121 123 126 129 137 143 140 132 121 117 115 99 94 95 81 99 91 110 100 81 75 82 84 112 97 109 100 104 101 94 89 77 84 100 88 96 90 81 75 77 
69 84 73 87 96 111 118 150 146 146 149 147 157 156 152 136 152 154 157 143 161 157 155 145 142 90 73 68 74 102 110 90 78 94 101 115 128 113 108 110 109 117 115 117 116 132 98 108 111 125 130 123 112 93 107 104 117 104 94 88 100 98 106 114 109 117 104 104 88 90 97 97 99 92 102 108 75 100 120 85 110 99 82 101 93 87 108 110 99 112 103 104 109 131 113 106 95 71 62 75 
60 83 108 127 125 124 117 138 147 153 157 140 152 146 144 135 160 158 158 145 157 152 144 139 135 138 123 114 88 92 102 91 88 86 92 113 114 117 107 113 127 116 124 135 122 122 112 115 109 119 118 125 114 120 117 111 123 117 99 92 101 106 108 105 111 104 92 100 81 102 103 96 105 107 111 89 101 105 87 79 88 92 102 100 89 99 95 113 113 106 116 127 118 136 110 102 92 96 112 103 
50 79 93 147 149 143 141 134 156 156 156 139 157 155 155 140 159 154 150 138 148 147 152 146 142 145 134 109 78 77 81 83 85 91 93 109 109 112 106 111 118 114 119 137 131 131 124 111 117 107 115 121 103 103 116 101 122 136 104 96 97 109 116 104 114 103 101 107 111 112 106 104 103 129 112 113 99 89 102 100 99 96 120 109 89 66 95 97 107 97 103 121 100 74 86 73 100 122 104 101 
41 76 82 127 136 145 151 137 154 157 155 138 159 159 157 141 156 149 146 139 147 152 151 141 131 143 146 138 95 94 84 82 94 87 94 96 104 117 119 119 111 104 113 138 121 113 111 110 110 103 106 101 99 87 98 116 130 112 95 95 90 103 112 102 106 104 106 104 108 110 96 88 92 107 109 108 91 100 100 92 108 121 118 111 137 110 65 93 87 85 111 107 105 91 84 75 92 126 105 71 
31 70 81 112 151 153 153 135 156 156 155 139 159 159 157 143 158 158 158 151 149 155 158 154 143 152 150 137 91 96 101 85 97 84 95 107 118 113 108 105 103 115 119 128 113 107 102 98 102 105 97 106 115 100 92 124 138 128 99 96 115 99 116 107 97 95 103 98 113 105 109 113 106 122 121 108 102 101 106 103 114 102 99 108 144 120 93 69 90 97 102 113 93 88 92 90 99 114 98 79 
23 62 79 91 151 153 152 134 157 156 155 140 159 159 157 148 152 158 158 154 146 156 158 153 138 151 149 133 93 100 103 84 95 90 100 91 125 108 116 99 111 129 127 118 120 125 115 105 100 98 87 104 103 103 93 121 125 114 102 105 113 113 92 91 100 106 96 102 122 113 100 94 116 110 113 100 98 114 115 125 124 112 120 116 112 110 86 92 108 101 82 98 95 103 98 100 94 74 85 92 
21 54 76 76 143 150 150 135 156 156 155 143 152 157 157 150 147 154 150 147 138 148 147 143 126 138 132 122 81 98 112 82 98 86 89 87 98 121 127 105 118 115 114 112 117 108 99 104 111 110 105 104 106 93 89 89 112 118 102 109 109 90 98 107 102 114 99 102 110 103 90 91 97 110 99 119 102 98 119 106 104 88 101 112 125 112 98 90 102 113 98 96 101 112 110 89 71 60 81 94 
20 44 73 71 119 151 151 139 149 156 154 151 145 156 154 149 134 148 147 142 131 143 143 144 135 151 150 133 83 89 98 88 100 93 94 99 95 120 110 112 114 108 108 117 106 101 97 107 106 127 128 103 88 95 85 85 106 104 99 117 102 120 108 89 82 96 88 124 119 106 100 98 92 80 104 106 102 102 95 91 95 112 90 91 123 123 97 99 98 81 79 97 99 119 91 78 84 79 73 83 
25 35 69 73 93 149 154 148 140 153 156 153 140 157 156 153 139 155 149 144 135 154 153 152 141 157 153 131 87 87 86 88 101 100 83 104 95 116 115 118 124 130 125 116 111 105 102 109 128 114 100 88 89 78 83 86 124 128 95 92 107 106 95 96 101 89 92 102 105 111 94 91 107 119 115 89 101 102 98 119 123 121 91 91 89 97 102 92 95 90 92 91 95 106 101 99 105 100 80 73 
33 26 67 76 74 137 151 152 134 152 154 156 138 158 155 155 140 156 154 151 139 154 152 153 140 158 153 114 82 85 83 91 98 100 83 99 85 114 115 105 108 122 120 109 110 108 110 112 110 108 106 106 91 84 96 107 138 126 104 89 100 100 93 88 87 101 94 98 96 110 94 92 101 97 94 92 97 96 114 101 126 109 86 94 93 83 81 96 116 103 99 86 83 89 85 108 100 100 79 70 
50 21 58 74 67 114 151 150 135 155 154 152 138 158 156 153 136 156 154 150 136 157 159 158 144 164 156 133 90 86 85 102 97 99 83 110 87 113 104 104 112 127 125 113 108 100 100 102 106 114 109 97 90 98 89 90 130 125 121 107 91 90 92 101 118 107 108 95 101 104 96 93 76 84 91 103 106 114 104 109 105 101 108 103 97 82 78 89 119 94 123 99 107 71 92 100 105 105 89 104 
69 20 49 71 66 91 147 150 136 155 155 152 139 157 155 152 133 153 150 148 135 156 151 150 136 157 152 134 94 81 95 101 100 96 81 103 92 103 121 115 121 122 104 111 112 105 103 99 105 118 110 105 101 107 102 103 113 114 109 98 77 82 84 88 101 100 88 88 101 101 96 73 65 80 89 104 114 117 104 95 109 124 103 117 105 69 76 84 80 103 119 110 96 99 110 98 106 113 117 111 
81 23 40 68 67 80 130 148 135 153 154 150 141 155 155 146 126 141 145 142 130 146 144 143 131 149 145 120 93 83 94 98 95 92 87 109 105 90 104 121 123 114 111 112 107 100 102 131 106 105 104 109 88 90 88 111 108 117 116 101 89 82 87 93 95 103 84 79 94 95 92 94 88 78 85 102 101 92 94 105 113 96 106 97 94 87 104 76 87 80 80 117 78 95 95 93 95 116 113 96 
