202 200 196 197 197 191 192 195 189 181 188 190 184 183 189 194 197 202 205 201 201 200 200 204 196 196 194 203 215 214 211 211 212 211 208 206 203 204 198 194 194 196 190 182 186 181 192 222 228 228 226 227 228 220 147 79 66 168 243 242 242 249 250 250 250 250 250 250 250 250 250 250 250 250 250 250 250 250 250 250 250 250 250 250 250 250 250 250 250 250 250 250 250 250 250 250 250 250 249 246 
203 203 201 201 199 197 193 192 188 185 182 186 187 185 183 187 195 198 200 199 200 198 196 208 203 198 200 195 195 204 211 207 212 208 212 216 212 210 205 203 199 187 163 137 118 115 131 205 221 226 232 225 223 176 84 86 73 126 232 238 243 249 249 250 250 250 250 250 250 250 250 250 250 250 250 250 250 250 250 250 250 250 250 250 250 250 250 250 250 250 250 250 250 250 250 250 250 250 250 249 
204 205 200 203 203 196 195 193 191 193 183 189 186 186 182 186 185 196 193 192 193 189 198 207 210 201 207 199 186 189 190 200 198 201 205 206 207 206 203 200 177 152 106 68 67 76 82 161 211 219 228 228 194 91 82 74 66 82 213 234 240 251 250 250 250 250 250 250 250 250 250 250 250 250 250 250 250 250 250 250 250 250 250 250 250 250 250 250 250 250 250 250 250 250 250 250 250 250 249 249 
207 206 205 207 206 203 205 199 197 189 188 188 184 184 181 184 182 189 189 190 194 183 195 205 205 198 198 199 187 186 196 193 189 186 184 187 186 182 174 152 123 86 57 66 70 70 66 106 189 219 221 210 132 66 99 64 62 57 193 230 242 248 249 250 250 250 250 250 250 250 250 250 250 250 250 250 250 250 250 250 250 250 250 250 250 250 250 250 250 250 250 250 250 250 250 250 250 250 248 248 
204 205 207 209 210 206 207 199 199 196 197 191 190 183 177 181 177 178 181 187 188 191 186 201 203 189 181 178 170 153 168 178 172 161 144 127 113 101 85 71 62 62 70 73 70 65 60 73 176 217 211 154 73 88 81 57 62 45 146 232 241 249 250 250 250 250 250 250 250 250 250 250 250 250 250 250 250 250 250 250 250 250 250 250 250 250 250 250 250 250 250 250 250 250 250 250 250 250 248 248 
200 204 206 208 211 207 207 203 204 204 199 195 195 190 188 184 180 175 173 178 186 192 184 188 190 166 147 120 106 91 104 105 101 96 86 71 58 52 49 58 67 73 74 67 65 61 58 56 134 196 177 81 74 90 67 47 56 46 81 216 237 248 250 250 250 250 250 250 250 250 250 250 250 250 250 250 250 250 250 250 250 250 250 250 250 250 250 250 250 250 250 250 250 250 250 250 250 250 248 248 
190 198 204 208 210 210 207 205 201 204 204 202 195 186 186 188 189 180 171 172 172 180 182 171 163 139 112 82 67 54 56 64 63 61 58 53 51 52 53 64 75 74 71 67 60 55 45 39 64 178 117 57 85 75 60 47 46 47 84 213 240 248 246 249 250 250 250 250 250 250 250 250 250 250 250 250 250 250 250 250 250 250 250 250 250 250 250 250 250 250 250 250 250 250 250 250 250 250 250 250 
187 192 193 201 205 207 205 205 204 207 207 197 172 160 175 197 198 188 180 176 167 165 150 142 120 97 77 58 51 47 44 42 50 52 53 54 52 54 63 67 64 64 58 48 48 44 36 32 34 118 71 72 73 65 60 46 38 40 84 230 234 245 248 248 249 250 250 250 250 250 250 250 250 250 250 250 250 250 250 250 250 250 250 250 250 250 250 250 250 250 250 250 250 250 250 250 250 250 250 250 
189 186 181 193 196 200 199 203 203 203 194 172 131 133 167 195 205 194 193 184 172 155 132 105 83 65 54 50 45 46 42 37 41 47 51 53 50 55 59 61 57 57 51 47 36 33 28 26 28 58 70 81 67 71 63 52 40 38 74 214 237 244 246 248 249 250 250 250 250 250 250 250 250 250 250 250 250 250 250 250 250 250 250 250 250 250 250 250 250 250 250 250 250 250 250 250 250 250 250 250 
194 186 186 180 184 193 196 198 196 188 165 131 92 112 166 196 202 199 198 188 164 135 112 92 79 66 52 49 47 45 40 36 34 36 43 45 45 50 53 50 53 46 43 36 30 28 23 24 29 45 82 68 61 68 66 56 42 36 31 149 227 243 247 249 249 250 250 250 250 250 250 250 250 250 250 250 250 250 250 250 250 250 250 250 250 250 250 250 250 250 250 250 250 250 250 250 250 250 250 250 
197 194 190 183 184 185 183 183 184 174 138 95 65 99 151 186 199 198 186 166 133 99 78 75 76 74 62 48 47 44 40 36 36 32 34 35 40 46 48 45 41 37 34 29 26 24 22 26 30 65 97 63 67 57 52 60 44 36 37 128 221 244 243 247 249 250 250 250 250 250 250 250 250 250 250 250 250 250 250 250 250 250 250 250 250 250 250 250 250 250 250 250 250 250 250 250 250 250 250 250 
197 201 198 190 187 189 184 176 167 152 115 75 61 89 142 183 192 181 159 129 88 62 59 59 62 66 66 58 50 43 39 38 37 31 28 28 33 40 36 33 34 28 28 25 24 21 22 32 45 82 102 62 65 59 59 62 48 45 33 94 219 235 237 249 250 250 250 250 250 250 250 250 250 250 250 250 250 250 250 250 250 250 250 250 250 250 250 250 250 250 250 250 250 250 250 250 250 250 250 250 
201 197 197 199 197 189 183 174 155 128 96 73 67 88 135 167 172 143 114 78 55 48 50 49 52 54 55 57 57 49 39 38 36 36 34 40 44 41 34 26 22 21 27 25 26 26 26 34 46 81 89 68 51 73 77 74 69 52 53 54 202 219 237 247 248 250 250 250 250 250 250 250 250 250 250 250 250 250 250 250 250 250 250 250 250 250 250 250 250 250 250 250 250 250 250 250 250 250 250 250 
203 201 197 201 200 195 190 170 148 116 84 76 73 88 118 135 131 97 72 55 49 46 48 48 51 48 49 51 53 52 46 41 41 41 39 42 40 38 27 27 19 15 22 27 26 28 26 37 34 51 69 53 53 81 83 80 79 82 65 54 178 225 241 246 247 250 250 250 250 250 250 250 250 250 250 250 250 250 250 250 250 250 250 250 250 250 250 250 250 250 250 250 250 250 250 250 250 250 250 250 
203 202 201 196 199 197 188 174 146 111 78 69 70 78 90 99 88 63 52 49 48 46 44 46 46 45 45 45 46 47 47 45 39 35 37 38 36 36 31 26 18 14 17 23 24 28 31 34 23 30 38 52 44 65 72 87 80 85 91 59 141 225 237 248 250 250 250 250 250 250 250 250 250 250 250 250 250 250 250 250 250 250 250 250 250 250 250 250 250 250 250 250 250 250 250 250 250 250 250 250 
201 198 198 195 201 199 190 179 148 111 74 66 67 68 69 69 63 57 51 48 48 47 43 44 42 43 40 41 44 41 38 35 33 34 33 31 34 32 35 32 22 18 25 23 20 29 37 29 21 23 23 49 54 67 111 114 122 103 85 58 116 227 237 248 248 249 249 250 250 250 250 250 250 250 250 250 250 250 250 250 250 250 250 250 250 250 250 250 250 250 250 250 250 250 250 250 250 250 250 250 
198 199 200 200 202 199 193 181 155 115 71 61 60 59 59 59 57 54 53 49 49 49 45 43 42 39 34 39 40 37 31 28 23 20 17 18 23 24 27 28 28 35 40 32 34 27 31 27 19 19 14 23 52 75 95 79 75 66 57 33 117 220 232 246 247 248 248 250 250 250 250 250 250 250 250 250 250 250 250 250 250 250 250 250 250 250 250 250 250 250 250 250 250 250 250 250 250 250 250 250 
198 200 199 200 200 201 196 179 155 116 71 60 60 56 56 56 53 53 51 48 47 47 43 42 40 38 38 41 34 26 21 15 12 13 15 15 20 22 23 25 29 35 30 30 29 24 31 24 25 24 13 11 21 49 55 46 44 56 51 40 161 220 229 246 248 248 248 250 250 250 250 250 250 250 250 250 250 250 250 250 250 250 250 250 250 250 250 250 250 250 250 250 250 250 250 250 250 250 250 250 
198 198 199 201 199 201 196 179 152 113 68 57 57 55 54 55 53 53 49 45 45 43 41 41 39 35 37 32 23 15 13 12 11 13 18 17 22 24 23 27 32 29 22 24 42 43 47 36 30 28 26 12 12 28 39 50 46 77 64 36 152 218 236 245 246 248 248 250 250 250 250 250 250 250 250 250 250 250 250 250 250 250 250 250 250 250 250 250 250 250 250 250 250 250 250 250 250 250 250 250 
196 196 199 198 199 204 197 178 146 105 64 49 51 55 53 51 51 51 49 46 46 42 40 38 36 36 36 22 16 13 15 16 17 21 27 35 36 46 36 37 28 24 30 40 56 58 61 60 57 42 33 14 17 54 67 43 48 86 45 55 201 207 227 242 249 248 248 250 250 250 250 250 250 250 250 250 250 250 250 250 250 250 250 250 250 250 250 250 250 250 250 250 250 250 250 250 250 250 250 250 
195 194 196 194 196 201 196 176 138 96 59 31 44 51 49 48 49 50 50 49 46 43 39 35 31 37 25 20 19 19 23 26 31 37 43 46 54 56 33 27 22 21 36 50 64 68 53 56 58 65 47 25 10 28 66 63 64 82 38 102 214 220 236 249 248 248 248 250 250 250 250 250 250 250 250 250 250 250 250 250 250 250 250 250 250 250 250 250 250 250 250 250 250 250 250 250 250 250 250 250 
191 195 196 193 196 198 190 171 133 77 41 52 38 47 47 46 45 46 48 49 46 43 38 33 29 33 28 31 33 30 30 33 36 40 39 43 41 40 29 22 21 23 40 51 61 64 62 63 61 59 71 51 10 9 47 58 52 66 28 138 230 220 238 246 248 248 249 250 250 250 250 250 250 250 250 250 250 250 250 250 250 250 250 250 250 250 250 250 250 250 250 250 250 250 250 250 250 250 250 250 
192 196 194 191 192 193 188 168 120 51 50 61 31 46 46 46 44 44 43 45 47 43 38 32 32 36 34 27 31 31 31 29 28 36 49 46 45 35 26 19 22 33 50 56 60 63 62 61 71 73 75 64 22 6 32 47 55 64 48 148 225 225 235 245 249 246 249 250 250 250 250 250 250 250 250 250 250 250 250 250 250 250 250 250 250 250 250 250 250 250 250 250 250 250 250 250 250 250 250 250 
190 196 194 190 188 190 183 159 92 62 87 48 25 41 43 44 42 40 41 43 44 43 35 33 32 38 38 29 37 42 28 32 25 28 48 44 38 25 18 19 23 41 61 74 65 54 59 76 83 87 75 70 41 7 24 69 57 59 48 202 229 236 221 244 249 248 249 250 250 250 250 250 250 250 250 250 250 250 250 250 250 250 250 250 250 250 250 250 250 250 250 250 250 250 250 250 250 250 250 250 
190 189 190 192 187 190 176 133 60 99 85 30 23 41 40 40 42 39 38 40 40 40 40 40 33 37 47 50 43 47 42 31 35 29 39 38 37 21 19 25 34 60 87 80 80 57 61 64 65 69 59 67 55 10 13 42 51 53 67 213 228 234 223 244 247 247 250 250 250 250 250 250 250 250 250 250 250 250 250 250 250 250 250 250 250 250 250 250 250 250 250 250 250 250 250 250 250 250 250 250 
191 189 189 194 195 188 169 90 67 116 76 24 22 36 36 37 39 36 35 38 40 40 36 39 31 41 42 50 22 32 51 34 43 33 37 35 31 20 27 27 39 60 60 44 58 59 55 41 31 41 26 45 64 25 8 32 54 42 123 197 230 238 226 239 242 245 247 250 250 250 250 250 250 250 250 250 250 250 250 250 250 250 250 250 250 250 250 250 250 250 250 250 250 250 250 250 250 250 250 250 
193 194 185 192 194 187 162 48 95 113 57 19 27 37 36 36 36 34 38 44 43 29 30 40 39 36 38 54 25 22 35 24 41 33 39 33 31 21 26 33 48 72 44 39 48 57 57 41 35 25 24 37 59 45 15 29 60 56 142 215 239 240 236 235 241 247 250 250 250 250 250 250 250 250 250 250 250 250 250 250 250 250 250 250 250 250 250 250 250 250 250 250 250 250 250 250 250 250 250 250 
197 193 182 192 193 186 123 38 105 81 27 18 34 41 36 30 33 42 39 35 35 25 35 40 47 35 38 56 40 16 32 24 27 44 43 27 29 23 30 31 50 75 67 61 55 55 48 44 43 39 26 33 54 82 34 31 61 54 159 221 235 245 241 236 241 246 248 250 250 250 250 250 250 250 250 250 250 250 250 250 250 250 250 250 250 250 250 250 250 250 250 250 250 250 250 250 250 250 250 250 
196 186 186 193 195 181 80 43 70 58 41 16 40 41 30 29 36 34 33 34 32 35 37 48 52 44 55 58 65 29 19 22 19 68 59 44 40 25 29 30 61 71 73 57 45 43 60 55 64 50 40 38 61 86 74 28 42 67 181 225 240 242 240 224 239 247 247 250 250 250 250 250 250 250 250 250 250 250 250 250 250 250 250 250 250 250 250 250 250 250 250 250 250 250 250 250 250 250 250 250 
190 190 189 194 188 161 42 44 58 88 98 30 50 32 32 33 30 27 39 35 33 44 34 48 58 64 61 81 77 52 28 29 36 70 71 54 39 26 34 34 72 81 74 41 40 41 63 76 88 60 48 46 52 66 91 34 37 75 161 215 239 241 241 229 239 248 249 250 250 250 250 250 250 250 250 250 250 250 250 250 250 250 250 250 250 250 250 250 250 250 250 250 250 250 250 250 250 250 250 250 
192 191 192 193 189 154 30 39 56 75 101 53 34 37 30 24 28 32 49 40 37 37 36 54 78 63 63 82 78 55 36 42 43 63 71 60 38 38 36 42 75 78 68 36 40 50 70 79 89 85 54 43 38 62 86 62 48 77 186 229 238 243 243 229 244 250 249 250 250 250 250 250 250 250 250 250 250 250 250 250 250 250 250 250 250 250 250 250 250 250 250 250 250 250 250 250 250 250 250 250 
194 191 192 195 189 112 31 54 69 52 45 51 33 26 19 25 34 41 46 37 47 49 64 81 81 70 70 85 83 53 34 39 39 64 72 70 61 58 49 53 73 77 57 43 42 57 70 87 96 98 57 54 50 69 71 77 47 102 215 229 236 240 243 233 236 248 247 248 248 250 250 250 250 250 250 250 250 250 250 250 250 250 250 250 250 250 250 248 248 250 250 250 250 250 250 250 250 250 248 248 
194 194 195 194 194 105 26 52 61 62 40 35 30 21 16 29 51 50 32 30 49 67 91 97 71 85 81 76 74 53 30 23 37 69 77 68 72 68 69 64 69 77 56 44 41 53 66 111 122 120 71 46 50 60 64 76 53 113 212 226 238 246 249 237 242 245 247 248 248 250 250 250 250 250 250 250 250 250 250 250 250 250 250 250 250 250 250 248 248 250 250 250 250 250 250 250 250 250 248 248 
191 192 195 196 192 139 27 41 62 66 44 35 24 20 23 39 50 42 27 39 48 87 112 110 86 77 91 78 69 49 32 28 39 72 73 58 65 72 76 74 68 67 63 57 40 49 80 104 125 121 89 40 48 56 60 64 51 92 180 231 240 248 247 247 239 242 246 248 248 250 250 250 250 250 250 250 250 250 250 250 250 250 250 250 250 250 250 248 248 250 250 250 250 250 250 250 250 250 248 248 
189 188 190 186 193 140 35 34 65 63 47 34 18 25 25 46 57 43 45 50 57 99 113 108 87 80 90 77 54 45 42 37 43 56 53 52 57 66 79 70 66 58 63 60 62 60 78 98 120 118 95 47 73 54 55 64 53 87 183 232 246 248 250 247 242 235 245 248 248 250 250 250 250 250 250 250 250 250 250 250 250 250 250 250 250 250 250 250 250 250 250 250 250 250 250 250 250 250 249 248 
187 186 187 184 187 136 41 46 58 61 44 25 21 32 31 49 66 38 61 65 85 101 106 78 59 64 65 65 56 47 46 41 46 48 39 45 46 57 63 57 58 53 59 69 97 74 77 81 105 98 80 55 53 47 52 54 48 109 204 234 246 250 249 247 239 234 245 248 248 250 250 250 250 250 250 250 250 250 250 250 250 250 250 250 250 250 250 250 250 250 250 250 250 250 250 250 250 250 249 245 
190 188 186 185 181 121 42 51 65 68 48 25 21 30 43 61 57 42 61 90 107 122 90 54 45 51 45 46 41 44 57 50 45 32 38 38 44 40 44 49 54 54 53 63 75 78 83 81 88 80 69 59 66 51 52 55 37 90 215 236 241 244 246 245 240 237 244 248 248 250 250 250 250 250 250 250 250 250 250 250 250 250 250 250 250 250 250 250 250 250 250 250 250 250 250 250 250 250 247 245 
187 185 186 185 178 113 70 67 60 60 45 26 20 30 58 57 51 41 52 88 109 93 67 54 45 41 37 33 33 43 50 42 25 25 35 37 38 35 38 47 54 57 57 56 52 53 62 64 72 72 79 87 81 54 53 52 40 86 174 234 231 231 229 236 239 238 239 248 248 250 250 250 250 250 250 250 249 251 251 249 250 249 249 250 249 250 250 250 250 250 250 250 250 250 249 249 249 248 249 248 
188 181 180 182 179 111 85 70 49 52 35 28 23 50 80 74 59 50 59 99 114 90 58 48 44 34 32 29 31 32 28 22 18 20 20 24 31 31 35 45 62 62 63 58 54 49 55 60 68 72 81 113 93 58 57 45 50 106 206 231 231 233 240 242 241 235 239 247 250 250 250 250 250 250 250 249 250 251 251 249 248 249 247 249 248 250 250 250 250 250 250 250 250 250 249 249 249 247 248 246 
187 186 182 182 170 99 88 62 46 51 31 26 27 54 74 73 51 53 66 97 105 83 56 34 27 36 39 33 22 18 18 20 20 16 16 23 27 28 35 51 56 65 64 52 49 46 43 68 67 48 69 79 73 58 51 44 49 113 212 229 239 242 242 243 246 234 236 248 248 250 250 250 250 250 250 250 251 251 251 250 249 245 243 248 249 250 250 250 250 250 250 250 250 250 250 250 248 247 247 246 
185 188 186 184 173 108 78 55 53 50 39 28 33 56 69 53 42 56 68 95 111 73 55 32 32 39 50 38 30 23 18 18 18 23 23 20 24 26 28 40 51 61 53 39 36 32 32 78 60 46 71 64 63 56 46 46 52 57 161 203 229 242 239 237 242 231 239 248 250 250 250 250 250 250 250 249 250 250 250 247 244 240 248 248 247 250 250 250 250 250 250 250 250 250 250 249 247 247 247 246 
192 189 192 188 176 101 68 51 59 52 43 27 42 65 73 45 51 70 62 90 114 75 50 37 34 33 42 30 28 17 19 18 20 33 19 18 20 25 30 33 52 60 63 44 30 25 41 97 73 48 61 66 56 58 45 47 53 44 179 234 243 244 244 239 239 234 242 249 249 250 250 250 250 250 250 250 250 249 245 239 239 245 248 248 248 250 250 250 250 250 250 250 250 250 249 248 248 249 246 245 
193 190 193 188 164 91 61 45 57 53 32 22 47 63 61 49 71 70 66 96 102 74 59 43 36 31 26 34 36 23 19 15 16 18 15 15 20 28 27 29 49 63 72 50 36 30 46 90 64 38 64 56 51 60 47 46 55 34 101 206 226 238 238 237 230 231 243 249 249 250 250 250 250 250 250 249 249 242 233 239 248 248 247 248 248 250 250 250 250 250 250 250 250 249 248 247 247 246 245 244 
193 192 193 187 166 108 58 52 55 48 31 27 47 65 60 56 70 76 79 85 99 80 58 51 45 50 59 51 40 22 17 19 23 18 17 23 27 38 32 31 46 64 79 75 59 42 45 81 65 38 54 41 54 60 45 57 63 28 130 230 244 239 240 238 233 223 237 249 250 249 249 249 250 250 249 249 237 223 235 245 247 250 248 249 249 250 250 250 250 250 250 250 249 248 247 246 245 244 245 243 
192 192 193 191 178 138 68 55 45 31 29 34 52 66 65 70 76 98 86 84 98 75 65 56 60 92 67 39 35 23 23 32 31 29 32 30 32 37 35 41 56 66 80 92 81 59 54 67 76 54 58 50 49 50 45 48 63 25 88 193 230 232 234 241 244 222 215 242 246 246 248 247 249 249 247 242 233 240 248 249 250 250 250 250 250 250 250 250 250 250 250 249 248 247 246 246 245 244 243 244 
192 194 197 195 192 178 112 51 37 33 29 36 49 64 57 69 81 88 95 77 91 79 73 72 87 95 45 34 24 23 52 64 47 42 30 38 38 44 38 42 60 78 88 90 92 93 81 60 69 53 53 54 55 51 47 61 54 38 121 231 233 225 234 244 233 232 216 217 218 226 230 238 236 227 235 233 239 246 247 251 250 250 250 250 250 250 250 250 250 250 250 249 248 248 245 245 245 243 241 244 
193 196 196 197 193 192 149 55 39 32 25 33 45 62 73 68 81 87 82 91 100 88 89 101 106 68 31 24 29 41 79 56 41 39 42 32 42 48 52 52 70 110 110 87 89 95 90 72 54 52 61 66 55 52 52 56 53 67 152 214 236 240 244 247 241 241 242 233 235 228 235 224 229 237 238 237 246 247 249 250 250 250 250 250 250 250 250 250 250 249 249 249 247 248 243 244 246 242 241 243 
192 196 195 197 199 197 167 53 33 28 25 25 43 68 86 101 89 92 101 103 110 90 95 85 72 52 47 30 40 53 46 39 39 39 33 34 42 59 59 61 74 86 96 81 87 83 81 78 71 61 77 70 61 65 68 54 52 81 182 214 224 231 235 238 242 245 247 244 239 246 247 246 248 250 249 247 248 248 250 250 249 250 250 250 250 250 250 250 250 248 248 248 246 247 242 246 248 242 241 240 
193 198 199 195 194 200 162 58 36 33 26 27 47 67 82 89 91 91 96 109 115 101 86 53 61 57 37 23 33 48 32 41 43 37 43 52 45 57 66 70 72 88 78 78 80 80 69 68 81 72 68 74 65 74 73 51 54 95 214 232 242 239 247 246 248 248 248 250 242 245 248 244 249 248 249 249 250 249 250 250 249 250 250 250 250 250 250 250 250 248 248 246 243 242 240 244 243 237 239 240 
195 195 194 192 198 196 159 64 46 44 39 37 57 76 72 59 84 107 106 105 104 82 49 31 43 37 27 23 39 42 46 57 52 60 67 61 50 50 68 70 74 86 67 75 75 85 73 46 63 73 58 76 86 72 58 58 62 153 216 234 242 236 244 245 242 247 248 247 247 249 247 247 251 249 249 249 250 249 250 249 249 250 250 250 250 250 250 250 250 248 248 245 241 241 239 239 239 238 240 237 
195 191 196 195 196 192 162 67 51 50 50 45 60 73 73 77 104 119 103 97 94 64 45 34 39 39 38 34 56 43 66 69 65 63 66 64 50 71 74 68 69 82 74 82 77 68 75 40 57 73 73 73 81 61 60 61 61 186 220 235 245 244 247 248 246 249 248 245 248 248 248 247 246 248 250 250 250 250 250 250 250 250 250 250 250 250 250 249 248 244 248 241 237 239 239 242 240 239 238 239 
193 189 195 198 196 197 175 76 63 62 51 47 62 70 68 103 124 120 97 93 82 80 67 46 42 42 45 41 59 54 78 72 53 61 77 70 42 75 79 66 75 84 74 71 66 58 57 47 59 59 67 64 73 59 65 52 69 203 236 244 248 245 241 247 249 249 248 249 250 248 248 248 249 250 250 250 250 250 250 250 250 250 250 250 250 250 250 249 248 243 247 244 239 234 238 240 237 235 236 235 
192 190 196 194 194 195 176 72 59 64 43 48 68 77 85 99 111 101 95 91 101 93 80 80 59 47 50 41 52 47 59 77 78 72 80 72 47 65 67 70 72 93 84 75 60 57 48 55 59 56 56 45 62 64 70 82 69 199 233 246 244 247 243 250 249 247 249 249 249 248 248 249 249 250 250 250 250 250 250 250 250 250 250 250 250 250 250 249 248 246 243 240 238 231 232 234 236 233 235 238 
188 185 192 194 197 193 178 70 58 54 47 45 55 64 100 103 99 99 96 104 117 111 112 115 72 40 37 35 44 51 59 66 85 87 77 61 47 49 62 87 77 84 87 83 71 53 59 57 63 65 60 56 77 70 87 93 63 193 237 247 247 249 248 249 248 248 249 250 250 250 249 248 248 249 250 250 250 250 250 250 250 250 250 250 250 248 248 250 248 248 240 238 239 234 232 233 230 228 230 231 
183 183 185 191 193 186 180 78 57 61 52 59 56 73 111 96 111 123 113 131 125 137 137 120 85 63 50 43 46 44 53 65 90 91 78 52 37 60 59 86 80 73 63 70 78 85 83 75 56 49 57 70 84 88 129 99 84 209 245 248 248 248 248 249 246 248 249 250 250 249 248 248 248 249 250 250 250 250 250 250 250 250 250 250 250 247 247 247 247 247 242 237 234 236 231 229 234 236 231 228 
174 181 185 186 185 184 180 100 58 78 57 61 45 69 83 88 119 133 128 131 134 142 135 131 106 94 67 49 54 38 54 62 97 88 63 43 45 56 56 85 93 64 55 84 81 100 97 88 67 52 58 78 87 155 170 122 78 205 228 245 249 248 247 249 248 248 249 250 250 248 247 247 248 249 250 250 250 250 250 250 250 250 250 250 250 248 248 246 243 244 241 236 237 236 229 227 234 230 230 227 
179 185 185 183 184 179 180 124 55 69 63 52 44 56 66 86 120 128 124 132 132 146 137 134 123 114 86 76 65 47 56 59 80 79 44 33 59 45 51 47 70 71 52 92 118 103 95 86 79 57 82 146 178 185 169 153 105 214 241 247 248 248 248 249 247 247 249 249 249 250 250 249 248 248 248 249 250 250 250 250 250 250 250 250 249 247 248 246 243 243 241 235 232 231 230 224 226 226 230 226 
186 188 189 191 187 182 181 134 43 52 72 53 52 60 60 82 101 115 119 126 134 125 129 132 121 114 99 116 92 70 58 69 88 78 52 47 61 64 51 62 54 70 64 95 120 115 103 109 87 76 151 206 193 163 165 160 126 219 243 248 247 248 248 248 247 246 248 249 249 250 250 249 248 248 248 248 250 250 250 250 250 250 250 250 249 247 247 245 247 242 241 241 236 230 226 225 224 226 227 223 
188 187 192 192 188 186 185 160 53 57 78 74 75 75 67 69 94 111 123 127 120 125 142 135 110 123 127 139 126 97 80 78 97 83 68 65 91 130 52 69 52 63 76 114 131 116 114 125 93 87 180 204 165 140 166 157 116 227 240 246 247 248 248 247 248 245 247 247 247 250 250 249 248 248 248 248 250 250 250 250 250 250 250 250 249 247 248 247 246 244 240 239 235 230 226 226 224 224 223 227 
191 185 192 191 188 189 186 183 74 53 74 74 68 71 60 77 97 118 117 117 112 112 120 123 115 130 142 141 143 119 108 110 114 83 62 81 83 51 47 56 53 61 87 123 132 107 113 114 88 110 148 163 146 125 144 141 88 210 244 248 247 248 248 248 247 248 247 247 246 248 248 250 250 250 250 250 250 250 250 250 250 250 250 250 250 249 250 249 248 243 238 239 234 233 228 221 218 216 220 222 
188 185 189 187 191 185 192 191 104 42 59 74 73 80 63 84 108 115 107 120 119 95 111 120 130 123 145 149 165 145 142 149 136 103 78 101 99 31 53 41 70 57 97 146 122 120 120 114 105 119 131 119 121 113 129 129 74 163 231 243 248 249 249 249 249 249 247 243 243 248 248 250 250 250 250 250 250 250 250 250 250 250 250 250 250 249 250 248 247 245 240 241 237 231 227 225 224 224 219 223 
189 189 193 190 189 190 194 195 149 61 57 73 78 78 69 88 110 102 100 123 115 98 109 110 115 115 130 151 166 164 161 148 120 106 96 120 126 58 58 76 77 76 122 151 132 119 104 96 85 114 108 107 105 118 129 118 82 190 236 243 246 248 249 248 249 246 244 240 241 248 248 250 250 250 250 250 250 250 250 250 250 250 250 250 250 249 250 249 248 247 242 236 238 229 217 212 218 215 218 229 
190 195 195 192 190 194 193 198 173 70 59 68 65 78 76 90 109 101 104 126 120 120 105 99 106 124 121 148 158 156 155 119 86 102 111 124 118 81 74 123 67 94 126 152 132 100 89 60 61 98 96 104 107 102 113 107 80 168 235 243 244 248 249 249 249 248 243 239 244 249 249 249 250 250 250 250 250 250 250 250 250 250 250 250 250 250 250 250 250 245 239 237 239 236 235 222 216 222 218 224 
191 195 197 195 194 199 196 199 193 104 65 61 69 83 83 90 100 103 112 110 132 138 119 114 101 110 115 138 144 112 113 93 86 101 102 105 100 86 111 86 82 108 137 152 128 101 73 48 50 75 87 89 105 95 108 92 76 160 237 235 241 249 250 248 249 248 244 241 245 249 249 249 250 250 250 250 250 250 250 250 250 250 250 250 250 250 250 250 250 247 243 237 236 232 234 225 212 219 213 218 
194 197 196 196 197 201 197 199 199 142 71 53 70 92 90 95 101 102 121 121 137 144 125 122 110 112 108 112 114 86 83 78 68 86 92 83 68 54 82 75 91 133 146 152 121 101 50 43 54 72 66 83 101 98 94 69 58 159 239 240 244 248 249 246 249 249 247 247 246 249 249 249 250 250 250 250 250 250 250 250 250 250 250 250 250 250 250 250 250 247 246 236 232 232 227 228 224 208 205 216 
193 199 195 196 198 202 196 198 197 182 87 52 72 96 108 101 97 101 126 131 129 136 130 131 117 113 94 86 85 74 70 78 70 67 86 73 47 36 52 79 93 136 135 134 106 91 42 48 63 72 64 79 96 106 86 67 56 102 211 230 242 249 248 245 250 247 243 240 246 249 249 249 250 250 250 250 249 249 250 250 250 250 250 250 250 250 250 250 250 246 245 239 239 228 224 229 224 213 214 209 
193 199 198 198 199 200 202 201 198 196 123 58 69 91 108 102 103 107 128 134 129 141 122 122 107 97 83 79 76 74 73 72 73 60 62 64 39 31 34 65 95 116 116 115 100 76 42 49 54 66 67 80 92 114 83 61 45 91 228 232 241 249 248 245 249 247 245 241 245 249 249 249 250 250 250 250 248 248 250 250 250 250 250 250 250 250 250 250 250 247 245 241 240 235 224 222 220 215 212 215 
194 196 201 199 197 202 198 200 199 196 160 69 75 93 105 107 113 116 131 140 136 137 129 109 94 91 90 79 74 69 69 66 69 56 49 50 45 32 34 61 94 108 109 107 91 56 45 70 61 53 73 83 93 95 72 54 43 67 214 225 243 248 246 246 248 248 245 239 239 249 249 249 250 250 250 250 248 248 250 250 250 250 250 250 250 250 250 250 250 248 246 245 242 240 228 224 229 217 209 212 
198 198 201 198 198 199 197 200 198 199 177 89 76 85 96 111 128 128 127 139 140 141 133 99 85 83 89 84 67 70 67 77 66 60 57 54 47 40 50 84 116 120 102 94 73 45 63 71 59 53 80 101 89 73 51 53 51 64 193 233 242 249 239 245 247 249 244 238 247 249 249 250 250 250 250 250 249 249 249 249 250 250 250 250 250 250 250 250 250 249 248 243 242 234 230 221 220 220 212 209 
195 198 198 198 196 198 197 197 196 196 189 130 74 79 86 95 125 135 123 139 136 131 124 111 106 94 98 81 77 80 76 85 84 72 65 64 52 47 63 93 106 127 94 80 57 60 83 72 59 60 83 111 95 59 43 57 67 62 152 231 243 245 244 249 247 248 247 244 246 250 250 250 250 250 250 250 250 250 248 248 250 250 250 250 250 250 250 250 250 249 250 247 243 240 233 229 221 219 205 211 
196 198 196 196 197 200 199 201 199 195 197 169 85 79 80 93 115 131 130 133 121 128 127 124 130 108 112 97 79 73 80 87 88 82 57 47 48 68 95 108 111 102 64 70 61 87 108 92 62 69 94 119 90 59 41 56 87 69 107 217 235 244 241 248 250 249 244 245 249 250 250 250 250 250 250 250 250 250 248 248 249 250 250 250 250 250 250 250 250 249 250 248 244 242 233 233 229 220 214 205 
199 198 197 197 197 200 198 198 198 198 198 191 116 79 77 79 97 117 127 131 121 119 127 133 130 109 104 96 88 78 72 84 79 65 48 45 54 80 115 111 95 62 57 60 68 100 117 91 61 82 113 127 87 58 43 72 96 79 65 186 236 236 239 244 247 248 247 247 248 250 250 250 250 250 250 250 250 250 249 249 250 250 250 250 250 250 250 250 250 249 250 248 246 243 237 230 228 214 216 199 
196 196 197 198 196 198 197 199 199 198 199 196 156 91 78 77 81 104 113 127 124 116 116 117 126 102 95 93 83 80 69 65 65 53 42 54 59 77 104 93 65 56 50 63 58 97 98 65 77 94 129 113 92 51 47 70 89 91 78 165 238 227 243 246 248 248 248 247 249 250 250 250 250 250 250 250 250 250 250 250 250 250 250 250 250 250 250 250 250 249 250 249 246 246 240 231 227 227 217 207 
195 196 198 198 197 199 199 201 201 199 198 197 184 122 84 85 79 89 101 109 118 109 109 102 115 100 92 85 86 71 61 54 50 58 47 47 59 77 81 67 60 54 45 76 65 79 82 69 95 116 112 107 98 42 54 81 85 83 72 124 210 220 242 246 247 248 248 247 249 250 250 250 250 250 250 250 250 250 250 250 250 250 250 250 250 250 250 250 250 249 250 249 245 247 239 232 230 230 216 213 
192 194 198 199 198 200 198 198 202 200 199 198 197 169 99 89 84 78 91 93 102 103 98 85 98 91 78 75 71 61 48 55 53 64 49 55 68 62 59 66 61 51 42 50 73 64 70 83 117 106 86 115 90 42 57 83 81 79 71 115 220 231 242 247 247 248 248 248 249 249 250 250 250 250 250 250 250 250 250 250 250 249 250 250 250 250 250 250 250 249 250 249 249 246 244 235 230 230 226 219 
196 195 198 198 198 199 200 197 197 198 199 200 200 197 139 88 91 82 78 93 95 93 78 75 78 74 67 60 55 59 55 60 63 57 55 56 63 66 69 59 53 39 45 43 63 54 52 88 103 85 93 119 81 54 75 91 89 87 60 97 205 222 244 248 248 247 249 250 250 248 249 250 250 250 250 250 250 250 250 250 248 248 249 250 250 250 250 250 250 250 250 249 248 245 245 239 237 227 217 215 
196 196 196 199 198 198 198 196 195 197 200 199 195 195 170 94 94 90 79 97 97 94 73 74 66 64 69 54 55 60 56 58 62 64 63 66 72 72 70 52 44 45 48 48 53 60 61 98 85 93 106 117 85 68 94 104 96 96 77 90 191 209 236 245 245 246 248 250 250 249 248 249 250 250 250 250 250 250 250 250 248 248 249 250 250 250 250 250 250 250 250 249 250 247 246 239 231 232 225 222 
190 194 192 197 197 198 198 198 201 199 199 200 197 196 187 120 90 94 79 104 96 92 77 80 74 68 73 61 60 68 67 68 72 82 74 70 68 69 64 56 47 51 56 49 48 56 72 79 78 101 118 101 67 77 97 98 104 89 84 79 152 225 238 247 247 248 249 250 250 250 248 249 250 250 250 250 250 250 250 250 249 248 249 250 250 250 250 250 250 250 250 249 250 248 246 242 238 231 228 228 
195 194 190 196 195 198 200 199 198 196 195 197 196 195 196 161 81 84 84 93 93 104 95 85 77 62 67 62 54 64 78 94 91 96 128 120 106 92 85 75 61 59 53 43 51 61 69 78 80 114 112 75 66 91 62 69 78 83 71 69 103 192 232 235 247 248 247 250 250 250 250 250 250 250 250 250 250 250 250 250 250 250 250 250 250 250 250 250 250 250 250 250 250 249 243 241 236 225 224 224 
193 195 194 196 197 197 197 197 194 195 196 193 200 196 195 186 94 59 72 63 61 76 79 76 80 63 80 78 63 66 77 103 127 149 189 191 184 182 166 134 99 59 56 43 51 67 72 70 85 102 95 67 83 81 37 44 54 74 66 59 77 146 239 245 245 248 247 250 250 250 250 250 250 250 250 250 250 250 250 250 250 250 250 250 250 250 250 250 250 250 250 250 250 249 246 243 238 230 224 216 
194 198 197 196 197 196 196 193 194 197 199 195 199 195 192 185 107 58 69 70 49 36 59 83 87 65 96 94 70 59 85 156 180 190 200 202 199 200 196 195 179 134 130 115 83 65 69 66 80 89 82 87 87 55 27 21 33 49 41 45 65 119 234 242 246 248 248 250 250 250 250 250 250 250 250 250 250 250 250 250 250 250 250 250 250 250 250 250 250 250 250 250 250 249 247 242 233 228 226 228 
194 195 197 196 197 199 198 197 196 196 191 197 195 197 194 183 153 93 68 65 46 30 61 80 80 40 40 42 41 62 122 184 194 199 202 204 200 199 202 197 198 189 190 191 153 70 65 58 67 81 79 90 64 46 23 21 33 35 35 44 71 101 217 239 240 247 250 248 249 250 250 250 250 250 250 250 250 250 250 250 250 250 250 250 250 250 250 250 250 250 250 250 250 249 248 244 238 232 230 224 
192 194 199 197 198 195 194 198 198 194 193 196 199 197 195 191 181 144 82 69 54 38 43 36 31 18 17 15 62 114 158 195 198 199 202 203 203 200 202 199 201 200 199 200 192 142 88 57 69 81 79 71 59 40 20 19 23 30 38 32 47 66 189 239 245 249 250 249 249 250 250 250 250 250 250 250 250 250 250 250 250 250 250 250 250 250 250 250 250 250 250 250 250 249 249 245 240 231 227 223 
193 192 198 195 197 193 194 196 198 195 193 193 197 196 195 197 195 178 110 72 49 36 23 24 26 29 35 38 52 71 114 136 150 187 203 203 201 202 201 198 195 200 199 198 201 193 171 124 95 69 51 57 68 37 21 23 23 19 24 23 20 35 150 242 245 248 246 245 249 250 250 250 250 250 250 250 250 250 250 250 250 250 250 250 250 250 250 250 250 250 250 250 250 250 250 246 243 240 226 214 
193 194 193 193 194 194 197 198 198 197 194 194 198 197 198 199 200 192 161 87 60 36 19 17 21 24 24 35 31 36 38 44 62 83 117 203 201 199 199 200 199 201 203 202 204 202 199 192 178 141 69 53 74 52 24 30 23 20 21 20 30 34 89 214 245 248 246 248 248 250 250 250 250 250 250 250 250 250 250 250 250 250 250 250 250 250 250 250 250 250 250 250 250 249 247 247 244 239 232 219 
192 192 188 186 194 193 196 202 198 195 195 198 198 195 196 195 198 195 190 137 69 57 35 23 23 34 32 36 32 32 34 44 71 65 135 203 203 199 197 196 200 200 201 199 203 203 203 204 200 196 145 65 79 71 35 41 32 21 18 22 29 45 61 188 243 250 246 249 249 250 250 250 250 250 250 250 250 250 250 250 250 250 250 250 250 250 250 250 250 250 250 250 250 249 247 247 246 241 236 221 
192 191 190 191 195 199 199 199 196 197 198 199 199 198 199 198 199 200 193 188 120 56 46 45 44 48 52 57 49 35 40 56 80 138 200 201 201 200 199 200 200 201 203 200 203 208 208 208 201 196 161 109 76 88 53 49 31 21 23 23 21 24 50 161 232 247 247 248 248 250 250 250 250 250 250 250 250 250 250 250 250 250 250 250 250 250 250 250 250 250 250 250 250 249 247 247 244 239 229 214 
193 192 190 194 197 200 201 199 198 198 198 197 198 192 197 201 201 198 196 197 175 93 44 46 66 74 75 69 68 58 58 87 172 195 200 205 201 201 195 201 200 203 202 201 207 207 209 208 201 172 134 134 101 95 76 64 32 22 22 20 20 16 28 115 242 248 248 249 250 250 250 250 250 250 250 250 250 250 250 250 250 250 250 250 250 250 250 250 250 250 250 250 250 250 249 249 245 243 232 214 
189 191 195 196 199 200 201 200 201 198 197 196 195 174 191 194 193 196 197 194 193 156 46 47 57 60 59 51 52 57 113 176 199 199 202 201 199 201 198 201 198 200 202 205 206 206 208 204 192 137 139 141 137 102 99 74 45 23 26 33 20 18 20 72 240 244 249 250 250 250 250 250 250 250 250 250 250 250 250 250 250 250 250 250 250 250 250 250 250 250 250 250 250 250 250 250 250 245 232 210 
189 192 196 199 198 201 201 199 200 194 195 198 196 196 197 195 194 196 201 199 196 184 112 56 61 55 61 68 101 153 187 196 199 200 199 201 203 201 198 198 200 201 203 203 206 204 205 204 178 128 139 147 151 134 110 92 55 30 27 32 23 18 22 50 200 240 247 250 250 250 250 250 250 250 250 250 250 250 250 250 250 250 250 250 250 250 250 250 250 250 250 250 250 250 250 250 248 242 232 214 
191 191 196 200 197 197 199 199 199 197 202 199 198 196 196 197 199 198 200 196 198 194 184 130 104 124 143 173 192 198 198 195 199 200 202 202 202 201 201 199 203 202 203 200 205 207 207 203 160 138 147 150 147 156 133 101 58 37 34 24 21 17 20 54 206 228 247 248 249 250 250 250 250 250 250 250 250 250 250 250 250 250 250 250 250 250 250 250 250 250 250 250 250 250 250 250 249 245 233 222 
191 193 196 198 197 196 196 197 200 198 200 197 200 197 197 196 199 198 200 198 201 201 199 191 176 179 188 196 200 198 194 195 200 201 195 203 203 200 201 199 203 206 204 202 204 206 208 197 153 142 144 156 156 166 158 129 73 45 31 26 18 20 20 56 211 243 244 248 249 250 250 250 250 250 250 250 250 250 250 250 250 250 250 250 250 250 250 250 250 250 250 250 250 250 250 250 249 245 234 226 
194 197 195 197 198 199 200 197 198 195 198 200 196 199 199 197 198 197 199 199 202 201 202 199 198 192 195 197 197 202 195 196 199 199 200 201 202 199 199 198 200 202 198 205 208 206 201 193 153 146 158 154 158 163 170 164 119 75 48 34 20 19 16 29 157 234 244 247 250 250 250 250 250 250 250 250 250 250 250 250 250 250 250 250 250 250 250 250 250 250 250 250 250 250 250 250 249 245 237 228 
193 196 196 196 195 198 198 195 196 196 199 198 191 195 197 196 197 197 200 200 198 203 199 199 202 195 194 198 201 200 197 200 199 202 203 202 198 198 196 199 201 204 203 208 205 205 198 192 151 148 150 161 162 160 171 173 158 111 67 41 27 15 15 21 70 217 248 250 248 250 250 250 250 250 250 250 250 250 250 250 250 250 250 250 250 250 250 250 250 250 250 250 250 250 250 250 248 246 236 225 
191 195 196 197 198 198 198 195 199 201 199 194 194 192 195 196 199 199 195 200 197 200 198 199 200 197 197 204 201 198 198 202 205 203 200 202 201 198 201 204 203 204 206 208 202 202 198 193 153 150 157 155 164 170 182 181 173 138 84 44 26 14 21 23 61 233 247 248 251 250 250 250 250 250 250 250 250 250 250 250 250 250 250 250 250 250 250 250 250 250 250 250 250 250 250 250 249 247 240 226 
193 195 197 195 194 194 197 195 197 200 202 199 199 195 197 196 197 198 200 199 197 200 202 204 201 199 202 202 203 197 196 203 204 206 201 204 196 200 197 200 202 204 205 206 204 201 202 186 146 147 154 169 173 181 182 181 176 148 107 58 23 16 28 18 28 140 245 249 251 250 250 250 250 250 250 250 250 250 250 250 250 250 250 250 250 250 250 250 250 250 250 250 250 250 250 250 250 248 241 227 
192 195 191 192 195 197 196 195 200 201 199 200 198 198 201 197 202 200 201 199 199 203 203 200 200 200 204 203 202 190 194 202 203 201 203 201 197 199 202 205 204 205 202 205 206 207 200 179 151 154 161 158 173 182 181 186 176 139 120 78 30 19 20 24 26 84 235 248 249 250 250 250 250 250 250 250 250 250 250 250 250 250 250 250 250 250 250 250 250 250 250 250 250 250 250 250 250 248 242 233 
189 192 189 193 195 196 196 198 198 199 198 196 198 201 200 199 198 200 201 198 199 200 202 197 199 200 201 199 200 186 194 202 204 204 204 201 202 203 206 205 205 204 199 204 208 206 200 170 147 159 164 175 171 184 185 178 162 140 106 75 29 22 23 35 48 124 223 247 251 250 250 250 250 250 250 250 250 250 250 250 250 250 250 250 250 250 250 250 250 250 250 250 250 250 250 250 250 248 242 229 
186 187 192 193 199 197 194 198 200 201 202 201 202 201 200 200 197 199 199 193 199 201 203 199 198 203 202 201 198 190 198 205 204 206 203 201 205 205 206 205 204 202 200 204 206 205 196 165 153 156 165 164 181 182 183 174 177 148 106 70 35 29 33 32 60 164 208 243 248 250 250 250 250 250 250 250 250 250 250 250 250 250 250 250 250 250 250 250 250 250 250 250 250 250 250 250 248 247 243 230 
192 193 194 196 200 200 197 199 196 200 202 202 201 198 198 200 200 198 199 192 198 200 199 200 202 204 204 199 193 196 202 204 205 207 202 204 205 206 207 207 205 201 203 204 206 207 193 170 163 162 157 170 183 192 190 194 193 146 106 69 36 25 31 25 68 189 235 246 248 250 250 250 250 250 250 250 250 250 250 250 250 250 250 250 250 250 250 250 250 250 250 250 250 250 250 250 248 247 239 224 
