106 87 71 85 124 134 154 160 166 170 170 178 177 171 167 169 181 187 181 180 178 184 194 178 165 168 169 179 181 184 188 191 195 199 196 198 191 194 198 201 206 207 205 202 198 202 208 213 205 210 210 208 213 206 210 211 209 210 207 207 215 207 203 204 206 207 210 211 207 208 207 205 194 195 199 202 193 192 201 207 206 204 207 215 210 213 214 213 210 213 217 214 213 216 209 205 202 206 202 195 
96 92 87 112 132 145 158 164 164 169 171 174 179 176 172 172 185 194 187 187 177 190 182 159 164 166 164 172 176 183 192 191 198 200 196 194 193 192 197 201 204 207 200 204 200 200 207 212 204 211 206 213 212 208 210 215 207 209 210 210 212 212 207 203 208 210 208 209 208 206 206 209 207 196 194 199 188 197 202 207 206 207 205 207 214 214 210 210 208 210 212 213 215 212 211 204 198 199 208 205 
84 96 96 109 122 152 166 165 168 171 171 174 174 171 172 170 182 192 185 189 186 190 173 175 174 172 175 175 175 176 179 184 189 192 196 193 194 196 201 203 199 207 202 205 204 205 203 209 205 210 212 212 211 209 209 207 209 213 210 207 210 216 211 210 208 207 205 205 208 205 205 204 203 206 195 186 188 198 203 207 211 210 209 208 210 214 213 212 214 214 211 210 208 207 212 205 198 197 197 199 
89 101 108 111 122 159 169 163 167 168 168 173 178 178 175 171 186 193 189 185 190 187 175 178 182 186 186 192 190 190 185 183 184 187 193 194 197 201 204 203 203 206 202 206 206 209 205 207 208 210 214 212 211 207 209 211 211 214 209 211 212 212 212 211 210 203 198 201 208 199 203 203 198 201 201 185 192 203 207 207 209 209 210 205 206 214 216 216 214 213 213 208 209 210 208 202 196 200 202 204 
96 106 117 116 120 151 165 167 162 165 170 170 174 174 179 178 184 187 190 183 191 178 184 185 187 186 191 189 194 194 192 190 192 187 191 195 198 199 204 201 202 205 208 205 208 210 208 206 211 214 214 210 210 207 210 212 215 209 209 212 207 208 211 209 209 205 205 202 198 201 203 205 198 200 193 186 199 206 205 206 208 213 214 211 212 211 214 214 215 211 206 212 211 211 210 207 201 196 203 203 
117 115 116 121 124 147 161 168 165 166 166 171 176 172 178 182 181 183 190 188 189 174 188 190 181 187 186 193 199 202 201 195 195 189 186 190 195 197 203 204 202 205 210 206 207 208 209 208 210 208 209 208 211 209 212 211 211 207 212 209 208 204 206 207 209 207 204 200 196 199 197 206 198 193 185 194 205 209 213 210 204 209 215 221 217 220 219 210 210 207 206 211 212 208 208 204 198 197 200 200 
119 121 114 119 120 147 156 166 170 166 163 168 169 173 178 177 184 183 186 190 188 179 186 192 158 178 192 205 201 184 185 174 191 198 196 193 195 192 201 204 206 204 208 205 208 208 208 209 210 207 206 208 211 210 207 212 209 212 210 206 208 207 203 204 206 205 205 185 165 134 151 202 201 195 182 197 209 212 210 213 213 213 213 209 212 213 213 207 206 208 213 213 208 207 206 208 197 194 199 197 
113 116 121 123 113 149 156 163 174 172 168 168 171 177 179 180 184 188 184 182 169 173 188 181 171 146 204 203 159 163 168 138 166 191 202 204 199 200 200 203 205 205 206 207 205 207 207 209 210 207 209 209 213 214 209 213 212 212 210 208 209 205 198 195 178 165 142 115 142 135 177 191 176 173 188 200 206 209 207 208 208 211 216 211 209 206 212 210 208 204 210 212 209 207 204 203 202 202 199 198 
115 120 116 122 116 147 157 158 165 172 168 172 173 177 176 176 180 184 182 181 166 172 181 180 168 174 194 195 176 141 159 166 154 164 187 200 205 206 206 204 205 204 201 206 206 209 205 206 207 209 214 208 211 211 211 212 211 215 210 206 211 206 194 144 112 126 153 156 127 87 98 107 97 141 176 179 205 211 208 204 201 212 219 217 215 216 215 215 214 202 206 212 207 206 202 201 198 198 199 198 
119 120 122 124 122 151 160 153 161 175 173 172 172 175 175 178 177 180 188 182 175 184 186 178 149 194 182 155 181 165 181 190 154 155 154 174 205 211 211 204 207 202 205 210 209 209 206 205 208 213 213 205 214 213 210 212 210 214 217 213 209 199 186 165 161 180 187 165 152 129 129 148 149 145 168 165 190 208 211 212 207 211 214 217 216 215 212 213 215 212 209 211 207 210 208 204 204 201 200 200 
121 119 120 121 119 153 158 156 157 168 181 175 176 177 179 179 180 186 191 180 181 187 189 188 145 180 177 149 181 196 198 196 196 165 133 130 191 205 210 208 207 208 212 212 209 205 209 200 211 211 211 207 212 207 209 208 210 209 214 213 204 193 208 215 210 199 192 206 206 192 177 166 170 153 144 159 174 187 201 213 211 212 217 218 215 216 211 211 209 215 211 210 209 209 205 201 200 200 200 199 
123 119 119 116 119 150 158 160 159 163 177 181 179 176 179 177 180 185 187 182 183 188 191 183 133 163 173 142 190 194 199 202 194 192 179 159 171 205 205 210 207 212 210 211 207 208 204 200 208 209 208 208 212 211 209 205 213 212 209 203 189 205 217 216 205 203 217 219 221 220 200 175 162 141 136 153 154 168 187 190 204 209 213 215 214 220 218 211 209 216 215 208 208 207 204 204 198 194 198 197 
118 120 121 123 120 143 159 163 164 168 169 184 176 179 182 177 180 186 181 184 186 185 190 190 139 148 175 149 191 196 193 200 205 198 200 161 179 210 200 206 206 209 211 212 208 206 203 206 207 207 210 212 210 213 213 208 212 211 202 179 195 205 204 193 200 216 224 225 225 211 197 175 156 150 144 175 167 184 195 194 194 200 214 214 217 212 216 212 212 213 209 207 205 204 203 203 201 193 195 191 
119 116 121 125 126 136 163 162 169 171 169 176 183 186 185 182 187 182 183 185 189 189 193 166 104 164 184 138 188 194 199 195 204 201 205 197 157 189 202 204 208 209 209 209 207 203 204 203 212 210 211 207 211 212 211 213 212 206 178 182 194 201 205 206 215 217 216 211 210 214 211 182 164 169 160 142 184 193 197 202 204 199 201 210 218 216 210 211 211 209 213 211 204 200 199 198 197 196 194 191 
121 118 118 123 123 132 165 165 169 167 170 176 182 184 184 188 185 181 181 184 188 189 191 191 164 180 178 173 193 199 199 202 206 206 202 196 188 192 195 193 195 206 211 214 209 211 205 210 209 210 210 205 211 207 207 210 207 184 189 205 205 218 221 222 224 218 209 207 217 217 216 195 164 162 162 141 181 192 198 195 203 208 208 202 203 208 216 211 212 208 210 209 200 202 197 195 195 191 192 185 
122 123 123 122 117 125 163 169 170 165 173 174 180 184 186 177 180 181 185 184 184 188 188 175 150 193 157 146 199 197 192 199 202 200 203 192 171 160 160 159 151 172 197 205 206 204 201 208 209 209 211 209 206 205 203 210 193 185 208 210 216 224 224 223 222 220 217 217 222 223 218 204 171 160 147 149 191 195 196 201 202 202 210 214 209 208 207 206 212 211 210 208 204 201 204 201 197 190 192 182 
123 124 121 118 121 121 158 172 169 168 169 165 173 188 177 175 180 185 189 187 185 189 193 137 124 190 192 174 202 193 197 192 195 183 175 143 124 103 94 101 96 104 142 175 178 160 168 176 182 191 194 192 189 197 190 175 192 208 220 223 227 224 221 218 219 224 223 221 222 221 215 203 164 154 127 174 199 201 200 196 203 204 205 211 211 213 210 208 201 208 213 207 204 200 204 201 197 190 186 181 
125 124 124 125 121 125 162 168 174 169 169 164 169 175 184 182 187 186 188 185 183 184 188 178 162 168 142 176 200 192 186 166 156 144 123 98 88 84 88 90 85 86 104 130 118 106 108 108 113 124 134 131 139 147 149 182 210 221 223 224 222 218 216 214 222 226 226 219 218 217 203 187 168 144 144 193 201 201 206 205 203 203 207 209 207 216 216 213 212 203 196 204 207 206 200 197 190 190 177 165 
121 119 121 123 124 126 157 169 177 172 174 175 170 176 181 182 189 189 187 187 188 186 176 142 173 183 161 180 181 166 149 121 107 90 80 76 71 72 93 98 84 60 90 118 97 89 90 79 74 84 97 87 91 112 170 211 220 224 219 212 209 216 214 215 226 225 222 215 207 196 190 194 184 149 146 168 195 203 209 209 208 204 207 210 214 209 214 215 207 204 191 178 190 204 204 196 194 188 177 160 
119 121 120 116 123 124 154 168 175 180 178 182 177 171 179 185 188 185 186 193 190 185 179 159 171 135 116 163 137 110 97 89 79 70 67 66 69 56 61 71 62 59 84 94 71 72 72 72 101 101 88 85 86 103 181 217 224 222 213 202 205 215 213 215 225 219 220 216 206 197 168 176 190 170 167 163 192 210 211 208 207 210 208 206 210 213 211 209 205 198 186 170 157 171 186 188 190 187 175 162 
119 118 119 121 124 122 157 171 172 179 183 182 176 176 179 182 185 187 191 195 190 180 176 154 160 144 110 114 88 79 69 71 75 76 67 60 63 64 62 75 58 57 97 93 62 64 72 106 98 101 92 91 97 97 148 219 222 218 210 203 205 207 212 218 221 219 220 216 210 191 157 152 171 157 163 199 203 211 216 211 205 209 208 211 210 208 210 208 203 189 174 166 164 164 158 173 184 179 165 170 
111 116 114 117 112 116 161 169 171 179 184 183 181 182 182 181 184 188 190 191 184 169 141 119 116 102 84 77 69 67 64 62 70 67 61 69 66 66 60 68 60 68 125 115 69 88 139 99 115 105 78 87 98 88 140 221 223 216 210 203 200 203 210 221 223 220 220 218 215 197 176 151 144 140 190 206 212 208 214 214 209 205 209 212 212 211 207 202 197 184 166 169 169 162 145 154 179 174 149 176 
102 103 103 108 103 110 160 171 170 179 184 186 185 184 182 185 186 183 185 187 179 136 98 85 89 78 70 78 75 73 64 62 64 65 66 66 62 63 62 73 81 74 126 113 94 127 114 105 109 90 93 107 107 96 173 225 222 219 214 205 201 204 212 219 224 224 223 219 216 204 184 148 130 166 197 205 208 210 213 210 212 207 209 208 211 211 208 203 189 171 159 174 174 156 148 189 185 168 171 174 
54 54 61 64 75 100 160 171 170 177 183 187 187 184 183 189 185 184 186 180 147 97 73 70 80 91 94 108 113 110 89 91 94 96 89 74 65 65 64 79 110 88 132 118 133 142 120 119 100 102 98 88 95 140 212 222 222 217 214 207 205 212 216 217 222 221 216 209 205 193 175 154 175 197 203 204 207 210 213 212 207 209 208 211 210 210 208 198 188 169 162 172 164 148 184 202 200 193 191 182 
31 39 39 39 45 83 158 170 170 176 185 189 190 190 191 188 183 183 182 143 94 66 64 66 68 72 85 113 125 119 112 113 112 108 94 82 85 91 90 104 137 134 195 209 219 218 211 187 113 68 95 116 140 205 219 219 219 215 210 207 206 213 216 215 217 215 208 193 185 181 189 194 199 204 208 207 207 211 210 213 214 210 210 212 208 206 205 197 187 168 163 171 149 174 203 207 203 200 196 187 
36 40 44 41 43 75 157 173 171 178 186 190 194 193 192 190 187 184 146 84 61 60 50 42 40 47 51 63 79 95 90 66 72 75 88 79 69 88 98 94 162 206 227 235 235 229 228 233 200 125 79 113 205 222 216 216 213 212 208 200 204 207 215 216 214 206 190 183 193 196 197 200 200 211 208 210 210 204 210 209 209 211 210 209 211 204 200 192 183 169 164 155 161 197 199 203 203 201 198 193 
52 83 71 37 53 88 158 171 170 176 185 190 194 191 193 191 190 172 88 60 59 51 49 40 56 61 45 40 44 43 44 40 42 40 42 45 46 62 107 149 210 218 187 176 189 207 223 231 230 193 118 113 199 222 222 214 213 210 210 202 199 204 208 212 207 185 189 195 198 200 198 203 205 211 207 205 204 206 202 206 205 206 209 211 209 205 197 186 173 167 160 135 184 197 201 204 204 202 197 195 
61 70 68 42 82 98 156 175 175 176 189 191 195 191 189 194 188 138 61 48 55 61 60 50 63 75 87 56 49 45 43 44 42 43 47 53 85 141 184 186 164 115 66 67 82 127 191 212 222 215 154 97 176 218 220 213 211 212 211 209 201 197 199 200 182 174 195 199 201 199 201 207 210 208 209 202 205 209 208 206 207 202 205 208 205 200 190 180 174 163 154 146 195 197 201 205 204 202 197 198 
41 65 57 33 89 96 138 173 176 177 190 192 194 192 190 181 172 92 56 44 67 67 78 75 63 53 64 89 55 55 54 50 46 57 106 168 194 204 196 153 78 47 48 47 55 57 99 171 195 196 160 92 133 197 212 211 209 214 214 216 212 200 204 201 187 194 194 197 200 202 204 208 209 206 203 202 208 209 208 204 205 195 204 210 211 203 189 178 171 164 137 169 193 195 199 200 202 198 198 202 
32 32 30 34 92 98 124 170 179 180 188 192 193 192 199 168 109 57 49 57 97 87 71 86 83 51 54 62 64 70 64 59 86 161 206 213 217 213 176 128 62 57 56 62 56 55 57 86 153 159 164 143 98 129 191 207 206 214 217 218 215 204 199 199 202 203 198 198 199 199 205 207 205 202 199 204 204 212 207 205 203 189 199 215 214 202 191 172 170 159 122 170 191 193 196 198 202 202 198 204 
36 29 31 37 104 101 120 158 178 184 185 192 190 189 177 113 61 49 55 90 128 112 81 55 61 51 45 57 77 93 83 120 190 216 214 208 219 199 142 108 69 57 57 57 53 48 52 56 110 146 163 185 148 85 128 195 207 213 218 217 215 199 204 203 204 204 201 200 202 203 206 203 198 199 202 205 202 208 208 207 199 190 198 213 215 204 189 175 170 153 119 181 188 192 195 197 199 203 201 203 
101 97 91 93 111 113 125 143 177 184 184 191 193 190 122 61 52 54 61 109 146 131 87 49 47 57 68 76 85 117 132 189 221 223 201 207 221 182 132 105 70 60 64 60 53 51 48 50 82 127 162 199 204 125 84 162 204 216 218 209 204 208 210 207 203 204 204 204 206 205 203 198 197 201 206 206 205 207 208 207 194 192 203 209 211 203 186 176 170 147 130 189 184 188 191 193 196 201 202 200 
122 116 119 118 119 120 123 130 169 179 187 189 188 141 61 55 58 77 96 113 128 110 71 54 57 66 80 121 164 182 195 221 226 220 209 222 216 153 118 95 69 52 103 84 43 67 55 49 85 136 134 191 201 184 108 150 205 220 208 200 210 212 212 210 203 206 209 206 205 201 199 198 199 205 204 205 206 205 207 205 191 191 205 211 210 202 185 175 165 134 152 192 186 186 189 193 197 202 196 198 
124 116 116 125 122 120 121 121 156 178 187 185 143 71 66 89 125 130 151 171 188 179 156 140 120 142 173 212 220 224 225 231 214 206 223 231 208 141 117 93 71 55 112 84 49 64 70 50 90 141 118 170 183 186 140 139 206 208 202 207 211 209 208 206 204 209 208 204 203 197 196 200 205 207 202 202 209 207 210 200 188 193 205 212 208 199 185 172 163 123 166 195 192 187 187 195 198 199 198 199 
125 120 119 122 121 122 118 121 139 173 182 162 71 63 115 178 185 191 216 229 236 238 232 221 219 232 235 239 240 239 233 229 204 216 232 227 202 149 131 95 75 61 77 72 49 81 80 57 81 119 114 160 163 181 143 131 198 197 200 202 203 201 202 205 209 209 204 204 205 203 203 203 208 207 205 200 206 206 205 194 186 196 208 213 204 197 183 166 151 116 168 198 193 190 189 193 193 195 199 200 
114 119 117 119 116 122 116 123 128 167 170 97 57 93 172 222 230 234 240 246 247 245 243 240 242 243 243 245 245 245 238 237 230 235 232 226 210 159 135 105 78 71 64 61 59 111 77 77 84 97 111 150 159 184 144 121 183 189 192 195 197 196 201 207 208 202 204 206 202 202 203 203 201 210 205 204 204 203 203 186 187 198 209 210 205 192 182 162 147 111 166 188 195 194 192 191 192 200 198 199 
114 114 120 121 118 116 115 116 119 148 137 61 71 135 202 228 236 239 242 246 249 249 246 245 246 248 248 248 245 243 241 243 244 240 231 224 224 189 141 116 90 81 73 67 117 115 96 98 97 96 128 147 171 189 134 91 158 187 193 197 201 207 209 209 210 208 207 207 204 203 207 206 206 209 205 201 201 206 202 183 189 199 208 214 205 187 181 156 146 119 183 183 197 194 193 191 189 193 193 199 
102 99 107 105 112 110 109 109 109 120 88 56 93 151 212 232 239 242 243 245 249 248 244 246 245 245 245 246 246 244 247 247 247 239 222 220 235 207 154 134 111 84 84 93 117 115 122 123 118 121 134 144 171 196 118 70 160 189 196 202 203 210 212 209 211 212 209 208 204 204 207 207 203 205 202 195 199 205 204 179 192 199 207 213 201 181 178 146 140 137 193 192 180 196 196 195 193 191 191 194 
101 101 100 100 100 99 100 98 96 88 59 54 88 167 214 233 241 241 242 243 247 246 243 245 244 243 243 245 245 247 249 249 246 236 212 217 242 213 152 158 151 115 114 138 152 140 144 149 149 146 155 152 158 194 127 103 176 195 200 204 211 214 215 212 213 215 216 214 211 209 208 204 206 204 203 198 203 202 200 186 198 200 204 206 194 183 178 144 133 159 188 194 185 187 196 193 194 187 193 194 
111 111 113 113 116 115 116 118 113 65 52 57 114 176 219 235 241 242 241 240 246 241 239 244 238 229 232 240 240 240 245 243 242 237 229 237 244 226 169 202 201 171 179 185 175 168 168 163 176 168 179 169 183 203 135 133 186 193 203 210 215 219 217 215 217 219 220 217 210 206 207 207 211 208 203 205 204 203 192 192 201 201 195 196 186 182 178 141 119 178 185 188 195 187 189 197 195 189 191 192 
109 106 106 108 109 106 107 103 89 56 50 59 110 184 228 237 237 237 233 228 235 236 237 220 197 166 178 224 231 229 240 241 239 231 231 246 247 235 201 223 232 222 218 209 189 182 190 186 199 205 204 195 201 202 130 152 183 195 208 219 220 222 223 222 222 222 221 217 207 202 203 206 211 210 205 197 198 205 191 194 205 197 197 189 180 180 172 138 125 181 180 187 195 192 184 196 193 193 193 194 
120 121 120 119 118 115 118 117 79 53 46 59 126 213 233 238 234 224 205 190 191 200 175 140 111 102 114 170 199 200 211 226 233 225 231 246 244 238 207 234 242 241 236 220 207 191 199 203 207 211 219 210 211 199 136 172 194 207 214 223 223 223 224 224 223 223 222 217 211 207 205 205 209 209 203 190 194 201 197 195 207 199 194 183 177 176 160 121 164 185 180 181 190 195 187 187 193 198 195 193 
118 117 116 118 118 114 115 112 60 50 47 73 160 225 231 229 198 182 146 126 122 103 76 63 74 87 101 103 133 160 186 207 233 233 241 244 245 243 234 245 246 242 234 229 213 209 205 198 211 227 209 220 226 168 169 197 205 214 219 220 223 227 225 225 223 225 225 220 214 210 207 209 211 211 208 197 193 197 200 199 207 198 184 186 179 171 151 111 186 187 182 181 182 187 193 179 192 198 193 195 
116 117 118 118 119 119 118 101 53 47 52 114 191 217 217 190 126 101 90 86 85 82 66 53 66 82 94 97 103 117 154 194 224 238 245 246 249 244 245 246 243 242 234 229 208 202 191 194 218 229 197 213 209 162 188 206 210 216 219 217 221 228 227 225 223 225 226 221 214 211 209 210 215 216 209 197 195 194 196 202 207 189 169 188 178 174 135 116 172 184 191 180 174 180 191 185 179 193 199 200 
116 117 118 119 118 118 118 85 53 49 76 151 186 184 183 134 84 66 64 90 121 111 93 64 65 88 95 104 111 99 112 172 210 230 239 244 248 247 245 247 238 232 237 225 217 211 205 217 230 224 206 216 190 168 190 207 213 214 217 218 219 229 228 225 223 225 225 219 213 211 210 213 219 219 209 198 200 199 201 202 203 182 166 193 178 172 110 142 175 169 179 184 179 176 186 188 175 190 198 194 
123 118 121 122 120 120 116 76 52 55 102 145 154 158 141 97 76 61 62 102 118 101 88 74 76 87 102 113 114 99 94 118 175 210 235 240 242 246 246 246 244 240 234 221 226 212 222 225 233 223 210 208 186 198 209 211 213 215 218 222 221 226 230 226 224 221 223 219 213 216 215 217 222 220 213 197 201 205 208 207 208 179 166 190 177 166 95 155 183 177 161 174 185 172 178 182 180 179 189 195 
118 121 119 120 125 124 117 68 55 75 109 130 119 103 96 91 87 58 57 79 102 98 84 73 73 91 102 94 107 118 108 106 126 173 219 234 241 245 247 245 247 242 232 235 234 220 235 240 239 221 220 175 195 209 219 218 215 214 214 218 221 224 229 226 223 220 223 221 215 219 216 217 220 223 216 198 203 211 210 211 202 176 168 181 171 157 101 125 166 178 174 162 180 179 178 179 185 178 177 190 
120 117 120 117 120 123 117 67 58 83 72 75 72 76 88 95 83 48 51 62 74 76 71 62 79 130 200 142 106 124 121 111 113 133 167 216 233 243 247 247 246 246 241 237 237 240 240 244 229 222 198 165 203 215 219 219 219 216 216 217 221 228 230 229 221 220 223 222 221 220 218 215 218 220 212 199 206 213 212 213 197 180 172 173 158 136 123 113 121 158 173 165 164 176 181 175 177 186 171 184 
121 120 119 120 121 120 113 79 91 66 42 51 56 70 87 97 85 51 56 52 44 53 58 82 80 96 120 93 92 114 115 116 114 122 123 179 226 242 249 250 249 247 243 243 243 242 245 231 217 224 167 184 204 214 218 219 219 219 217 215 221 231 231 227 221 219 224 223 221 222 221 219 216 219 208 200 211 217 217 214 195 190 180 175 153 121 154 155 127 105 145 160 157 159 176 173 175 184 181 176 
122 121 121 121 119 117 118 100 81 52 41 47 52 62 83 92 88 61 62 53 36 50 55 92 64 62 84 87 96 100 105 104 117 121 121 155 206 241 252 251 250 247 244 249 249 242 230 220 227 206 157 194 206 206 217 222 222 221 215 209 223 234 228 225 224 221 221 221 222 221 222 224 218 219 209 204 217 221 219 209 197 190 188 176 142 119 175 183 160 121 96 131 136 147 163 174 176 183 185 171 
120 125 120 121 121 122 120 109 72 49 39 40 51 59 78 81 81 69 67 58 39 45 54 104 82 152 70 88 102 95 102 102 115 125 114 121 184 239 250 251 249 248 247 246 245 230 223 231 235 198 195 208 211 212 211 216 223 217 210 208 226 234 225 218 220 218 217 219 222 218 219 225 223 218 210 207 219 221 216 206 196 197 194 170 126 138 153 186 179 153 104 103 110 112 138 165 182 180 178 177 
122 123 123 122 122 120 123 118 69 41 42 42 47 59 72 76 77 75 70 59 44 48 56 102 65 52 59 91 103 89 98 106 110 117 117 106 145 219 247 245 243 245 245 241 233 217 231 235 230 187 202 211 215 214 218 211 219 215 201 204 224 231 219 212 215 213 215 218 222 218 209 220 222 219 209 206 215 215 214 199 203 200 191 168 124 155 160 154 189 172 145 90 111 110 100 132 174 177 180 182 
120 120 121 121 122 122 119 121 83 43 46 48 48 63 74 77 73 78 74 61 50 52 63 105 76 73 95 106 100 95 104 112 110 108 109 97 113 188 224 228 224 236 236 235 233 230 233 224 213 201 212 220 224 219 217 213 216 202 209 215 211 230 213 204 207 208 212 215 217 217 204 207 221 218 205 206 218 209 210 203 208 201 193 172 127 175 169 157 172 193 176 130 83 117 109 105 141 172 181 183 
122 121 123 123 124 122 124 125 103 48 48 46 45 59 78 84 71 72 82 69 55 51 65 89 87 73 84 89 93 106 106 105 98 85 83 80 103 141 178 176 176 216 208 221 226 221 210 190 210 219 221 224 224 223 213 210 205 205 225 228 218 218 208 200 205 207 210 211 211 212 205 197 220 218 207 209 219 207 205 210 210 206 198 179 132 185 185 166 153 190 190 163 95 92 116 115 121 147 174 173 
113 116 123 120 122 120 118 121 113 58 48 43 44 55 75 76 77 75 76 77 65 52 61 79 74 75 93 84 104 93 83 87 87 71 65 75 97 110 137 129 159 171 187 214 211 200 191 203 224 228 232 229 224 218 208 205 200 224 231 230 223 214 205 199 204 211 213 211 208 210 204 196 219 221 210 211 209 201 201 217 213 206 196 178 140 197 193 175 160 159 194 172 131 72 101 122 126 123 143 167 
117 117 123 120 116 116 117 118 118 90 51 47 49 53 67 69 75 79 79 78 80 66 58 69 76 86 98 100 81 74 89 78 75 61 62 74 89 97 110 130 155 161 199 215 203 183 192 219 232 234 235 231 225 217 205 199 216 227 232 229 222 214 201 200 208 214 213 211 209 211 203 201 223 219 207 206 210 195 200 219 219 210 202 184 137 176 200 179 167 153 161 189 162 118 64 107 130 128 111 125 
118 127 119 121 118 118 123 123 121 108 52 48 48 47 67 69 64 72 78 79 78 79 74 66 65 75 90 90 78 81 86 76 69 53 58 58 59 81 105 141 156 197 196 192 189 173 201 227 235 236 235 235 225 212 195 205 215 226 230 227 217 210 200 201 210 217 218 217 212 211 202 205 225 213 203 211 211 184 209 220 217 205 189 177 141 161 187 196 182 167 142 173 176 151 100 78 125 137 124 108 
119 117 119 122 117 119 117 115 118 116 72 50 51 50 64 68 51 57 69 75 73 74 80 78 73 74 83 92 93 93 84 71 63 51 50 56 57 80 108 131 163 196 177 183 184 183 212 230 238 242 238 231 220 193 200 210 218 224 224 223 216 207 200 204 212 219 220 219 215 213 200 208 223 210 209 213 205 178 217 219 217 210 198 170 143 167 157 192 186 170 149 145 186 162 143 73 115 134 125 120 
123 120 121 122 119 122 122 119 122 117 94 57 54 58 60 72 52 43 47 60 69 75 85 82 82 82 82 83 89 92 85 73 65 66 71 66 69 85 108 130 139 143 165 192 197 202 224 232 233 235 236 226 203 195 210 208 216 218 217 219 215 204 201 207 215 223 225 221 216 212 196 217 225 215 210 208 199 184 217 219 222 212 196 160 158 171 153 164 201 181 167 152 157 180 155 111 74 122 130 121 
122 121 120 120 122 123 120 121 120 118 114 71 56 59 55 62 64 46 42 40 53 75 85 79 64 63 71 79 88 95 115 145 153 157 148 132 120 118 130 129 120 123 186 201 196 217 230 234 236 233 228 212 186 206 210 211 218 218 213 218 211 199 203 209 216 222 226 220 215 209 193 219 225 219 200 203 191 180 219 220 226 214 199 155 170 178 164 144 197 189 171 161 150 176 158 150 97 92 136 120 
120 121 121 121 121 122 121 123 121 116 118 104 65 57 58 58 66 50 37 40 39 55 73 73 59 48 45 49 56 68 93 147 187 198 196 167 137 119 112 102 87 139 192 199 208 224 230 232 234 230 217 192 207 214 213 212 217 213 210 211 202 194 204 205 215 219 218 211 210 207 190 218 220 213 198 195 185 185 221 226 229 219 200 147 177 187 172 150 179 208 183 168 161 173 187 158 140 72 130 123 
120 118 117 123 123 119 118 118 122 119 122 123 87 62 58 55 59 61 29 33 35 39 55 65 52 47 49 51 48 46 45 85 144 156 157 114 87 71 62 79 133 180 185 205 219 221 228 230 231 224 203 196 219 214 216 213 212 204 203 203 201 193 203 204 215 219 217 210 207 201 191 212 210 200 192 183 186 192 221 226 225 214 196 146 179 180 177 165 159 211 203 179 164 161 196 171 151 89 104 133 
121 119 122 120 122 119 121 117 120 116 119 118 113 81 62 57 65 72 44 27 36 48 39 38 41 41 46 50 50 39 41 48 63 80 70 57 48 45 100 180 189 152 177 213 226 229 230 230 229 215 176 209 218 214 213 213 211 194 194 200 201 190 192 208 218 218 215 209 210 197 185 207 205 190 182 175 196 194 218 227 224 214 191 153 189 174 175 177 163 185 202 188 164 134 182 184 158 121 75 134 
121 119 119 120 122 120 116 116 118 120 124 117 117 111 77 68 70 74 62 47 28 29 37 30 29 33 43 45 40 39 37 34 35 42 39 40 49 96 183 192 148 130 195 213 225 231 229 228 220 185 129 193 215 210 208 209 204 181 183 190 192 184 192 211 224 223 218 209 205 187 179 211 211 191 175 165 203 195 218 229 226 214 185 149 187 179 180 182 169 162 221 213 191 139 157 185 166 140 63 123 
121 125 119 123 123 119 119 120 120 120 116 115 118 120 109 79 72 63 53 45 39 33 34 35 31 32 55 76 68 60 44 33 32 37 33 38 48 120 182 155 103 155 206 206 215 225 228 220 199 136 72 147 197 200 186 180 177 172 166 156 154 157 189 212 224 222 201 188 178 152 174 199 197 189 160 146 191 196 220 228 225 215 181 156 194 190 182 184 172 158 224 218 173 120 146 194 173 150 82 87 
122 119 119 122 122 119 120 122 123 121 117 120 121 119 119 105 74 57 45 43 39 40 46 50 45 42 44 49 57 62 55 45 39 36 29 23 33 80 123 102 78 157 191 208 221 210 211 208 174 75 48 100 163 184 184 187 194 204 206 199 186 166 177 194 201 201 203 199 195 178 173 172 158 160 153 127 123 182 214 225 221 214 173 162 198 196 188 179 176 168 210 178 166 157 146 182 183 158 121 65 
122 120 119 121 122 118 120 119 120 121 122 120 120 121 121 121 94 63 44 41 42 48 68 63 51 47 47 51 46 46 43 42 43 43 41 32 29 32 45 40 48 94 121 145 178 142 134 129 89 36 40 101 172 190 191 196 202 206 211 213 210 210 207 205 203 214 224 224 223 226 226 225 223 222 213 190 150 140 167 190 208 203 157 154 202 199 189 180 174 163 169 202 189 172 155 158 185 165 132 58 
119 119 120 118 120 120 121 121 121 121 121 120 120 119 121 118 113 72 51 45 46 58 73 71 65 58 55 57 53 52 50 42 38 39 40 40 45 45 44 46 46 53 57 65 67 62 64 60 48 23 55 132 179 191 186 198 206 206 207 210 211 206 209 204 203 212 221 221 224 229 227 229 231 222 205 193 173 176 180 161 145 159 140 154 184 201 196 180 170 163 159 203 189 172 164 143 171 168 142 74 
117 119 119 122 118 119 120 120 120 118 122 121 122 118 120 118 116 83 56 50 49 65 79 74 69 69 66 63 62 56 48 47 45 45 44 42 43 44 45 44 45 47 42 44 48 47 48 51 61 68 77 89 110 164 193 204 209 209 209 208 207 208 207 201 200 206 206 209 217 220 219 218 220 214 209 208 215 205 194 177 177 159 130 165 167 197 193 178 169 161 149 191 187 171 170 154 150 164 151 108 
120 121 121 123 120 118 119 119 118 120 123 119 117 123 118 125 122 100 64 57 54 65 74 73 76 70 68 71 69 64 61 60 64 65 54 51 47 49 53 53 52 56 58 56 47 48 46 53 56 65 68 76 71 89 168 210 220 218 214 210 207 203 204 211 208 205 209 219 223 223 224 221 223 223 216 212 217 209 189 156 134 136 157 175 153 198 194 182 170 166 150 176 191 177 175 162 138 156 152 134 
122 121 122 121 118 120 119 120 121 121 119 118 122 121 124 127 119 115 81 66 66 75 71 70 71 64 62 66 67 69 70 67 67 70 64 60 57 56 60 58 61 62 66 65 66 53 53 58 63 65 61 61 72 81 149 211 219 216 215 212 209 209 211 209 207 207 215 221 218 222 226 226 229 231 229 227 228 222 211 183 146 121 98 131 141 202 198 189 177 171 155 158 180 177 178 172 143 149 145 131 
118 117 117 122 119 123 121 122 120 123 122 119 121 122 119 118 121 117 102 77 69 69 78 73 69 69 63 64 68 72 62 63 65 68 65 61 61 61 67 62 65 66 69 78 78 76 70 71 73 72 70 58 62 93 172 213 217 213 212 211 211 212 210 213 203 206 217 220 222 224 229 235 236 238 236 235 234 229 205 172 172 166 142 78 116 201 201 195 183 174 160 155 174 178 181 183 148 147 139 101 
118 117 117 121 121 121 122 123 120 118 123 118 121 122 122 120 120 121 119 105 83 72 69 67 63 68 68 68 63 67 65 64 65 65 61 59 57 59 62 70 75 71 72 80 84 81 78 79 82 82 77 83 78 132 199 213 219 219 216 216 216 216 215 212 206 205 211 214 220 221 225 230 237 237 232 235 235 230 207 177 181 187 191 128 84 157 195 199 190 183 165 156 166 178 182 189 156 144 120 81 
116 119 118 121 122 119 121 122 120 121 120 120 122 118 122 123 123 123 119 121 104 83 70 59 57 59 58 66 68 67 67 66 62 58 56 56 61 56 59 73 75 77 88 92 88 85 82 86 92 91 97 105 144 194 209 213 216 221 222 223 221 220 217 212 205 204 208 217 222 222 224 229 234 235 232 231 231 230 218 209 199 196 202 182 135 148 159 192 191 188 172 157 159 175 181 190 166 136 83 100 
117 118 119 121 123 120 120 121 120 121 119 122 119 120 122 117 120 119 119 121 113 116 87 72 59 64 62 63 67 65 63 60 57 55 53 49 54 57 61 71 78 79 85 91 87 89 84 92 91 98 97 149 202 213 212 213 211 225 227 226 224 224 219 214 205 208 216 222 220 218 220 228 232 234 234 226 219 221 215 196 185 183 173 156 172 187 202 200 196 193 182 160 157 170 181 192 168 114 69 102 
120 123 120 122 121 119 119 121 119 121 119 121 119 120 117 118 120 118 120 122 112 125 113 84 72 73 75 75 76 69 72 66 59 58 55 53 54 60 62 67 76 83 89 94 91 91 95 91 97 96 145 199 212 217 221 222 222 230 230 230 229 229 224 221 215 218 223 227 224 221 223 230 233 235 234 233 227 219 214 205 179 150 115 77 98 151 176 200 199 197 189 166 153 165 172 177 159 96 95 88 
118 120 118 120 120 118 118 119 118 119 118 120 120 120 119 123 122 119 120 117 110 121 118 112 102 98 86 74 77 72 73 81 72 70 66 57 56 58 58 57 70 77 91 91 88 91 96 93 97 92 179 208 213 221 228 229 231 231 232 233 232 232 226 222 221 225 230 232 230 227 229 236 237 237 237 236 232 229 216 189 149 122 152 156 138 163 170 187 198 202 196 172 148 153 161 151 107 101 116 101 
121 119 119 118 120 116 118 120 120 121 119 122 121 123 123 120 120 122 120 117 112 122 117 120 120 121 117 111 82 78 83 87 85 71 65 64 58 59 61 63 72 82 89 92 92 91 96 106 85 70 98 180 213 224 230 229 229 231 232 232 233 230 228 225 228 233 234 235 235 234 233 232 229 231 234 234 232 226 201 185 155 156 174 173 177 194 193 193 196 203 201 175 147 144 143 98 89 107 99 102 
120 118 118 120 121 118 119 120 119 123 120 121 119 119 120 123 123 118 119 119 108 122 120 122 121 120 120 120 118 112 100 85 78 72 70 63 62 57 55 64 76 81 89 96 100 100 102 90 65 58 55 103 178 214 220 218 218 218 220 220 222 226 224 227 232 235 234 232 235 233 233 233 226 217 216 214 223 216 188 175 171 184 164 159 187 190 193 193 195 200 200 173 143 118 92 78 112 127 129 111 
118 118 116 120 120 118 117 116 119 119 121 118 118 120 117 123 122 120 120 119 109 121 122 122 120 119 120 123 119 124 127 113 93 81 77 79 74 65 67 73 77 82 88 96 103 105 80 64 51 46 43 82 133 167 203 205 204 206 204 200 201 207 210 223 225 228 229 226 228 233 233 227 223 223 220 212 208 193 167 158 141 146 165 182 193 186 188 188 188 191 191 159 111 78 73 86 94 94 98 98 
118 116 116 117 119 120 119 118 118 118 121 118 117 122 121 121 120 120 121 121 112 121 119 122 119 122 126 120 124 127 123 123 123 118 113 108 109 108 105 85 76 76 80 86 106 96 72 77 53 45 49 64 83 89 147 189 199 203 197 198 204 222 218 213 200 207 214 211 215 226 231 229 223 227 224 226 225 199 130 113 136 175 187 189 180 184 181 174 178 174 164 111 76 72 89 105 109 95 90 86 
118 120 118 115 116 118 116 116 118 119 117 117 117 122 118 122 120 121 119 119 112 118 116 113 119 116 119 117 118 116 114 116 118 120 121 119 118 119 121 111 85 78 86 92 105 111 138 173 145 116 103 57 57 60 71 116 178 204 192 191 213 222 222 210 173 170 144 140 155 178 204 226 228 211 200 211 227 209 173 118 115 144 182 172 166 165 162 158 147 120 89 81 81 72 81 97 102 101 104 108 
121 119 117 117 118 116 116 117 125 117 118 118 119 119 122 121 124 120 119 120 114 121 125 131 132 131 131 126 125 125 126 127 128 132 128 129 129 130 126 125 121 118 122 124 113 123 135 184 192 191 185 71 57 109 111 88 87 112 130 180 222 220 219 204 179 188 79 57 64 77 130 186 199 184 167 177 199 171 171 179 155 152 160 143 143 139 133 116 88 76 81 76 105 50 49 53 64 85 102 110 
119 117 118 119 117 117 117 117 120 117 116 120 120 119 121 118 121 119 118 119 112 122 121 121 122 122 122 122 124 125 123 120 124 125 120 120 122 124 121 122 119 120 123 128 117 126 124 153 182 192 194 140 121 191 180 159 125 95 86 151 235 221 215 195 193 122 59 59 59 122 188 190 178 176 169 154 159 151 150 142 126 119 118 115 108 95 90 82 79 82 78 105 87 35 35 38 39 65 94 113 
121 118 117 119 117 119 117 117 118 117 118 121 118 118 118 116 118 117 119 121 109 119 118 117 118 120 121 122 122 125 124 126 121 120 119 120 123 120 122 122 122 122 120 122 113 120 119 125 136 182 189 191 191 200 214 210 203 189 175 207 245 241 233 181 105 72 68 89 148 212 201 198 180 192 189 185 171 157 136 120 111 111 108 97 87 83 86 90 95 89 89 134 51 37 30 34 38 55 86 121 
121 120 119 119 117 116 116 117 117 118 117 119 116 117 118 115 117 118 115 120 112 119 120 120 117 120 118 121 120 122 118 120 123 121 117 122 120 119 120 120 124 123 123 121 116 124 120 121 125 173 195 198 195 193 198 211 208 178 170 202 245 242 224 162 153 154 155 168 196 206 194 187 178 185 174 166 154 142 128 112 101 99 97 97 91 97 100 99 94 97 128 124 52 37 37 34 38 48 79 109 
122 121 118 118 116 115 117 115 116 116 117 117 115 123 117 115 118 122 121 120 111 118 119 120 118 118 119 118 119 117 114 121 120 121 125 123 122 119 121 122 124 121 119 119 115 123 119 120 123 151 196 199 198 193 199 204 203 174 152 159 200 212 180 175 176 173 170 168 196 187 192 168 166 151 139 136 128 121 103 96 99 105 103 106 105 105 100 105 103 125 155 116 44 37 37 41 38 41 57 75 
119 122 122 117 119 117 118 116 119 118 116 113 119 120 118 117 120 117 119 118 112 120 117 120 119 118 119 118 119 121 119 120 121 121 120 123 119 124 122 121 120 120 119 119 116 122 120 120 123 126 170 199 197 197 199 206 207 201 162 158 170 177 176 172 165 163 156 156 165 182 163 145 146 128 125 123 114 112 111 122 125 123 123 119 111 107 114 110 128 168 151 111 59 63 55 42 35 39 41 41 
119 121 118 115 117 117 116 115 117 116 116 118 121 119 118 117 119 116 117 118 112 122 118 119 117 117 116 118 120 121 121 124 121 121 121 123 122 120 123 123 120 122 122 120 118 123 122 120 121 122 129 168 189 195 196 203 205 204 195 173 176 182 173 159 153 156 142 147 169 162 159 170 172 172 180 148 145 141 134 132 131 127 120 119 124 122 120 132 167 164 146 108 79 87 94 82 62 42 40 40 
118 118 118 118 116 116 116 114 119 119 118 117 114 118 118 116 116 117 118 118 112 120 120 117 118 116 116 121 119 119 119 120 121 119 120 118 118 119 120 120 121 119 121 118 119 120 123 120 122 122 119 126 171 190 193 205 204 205 199 202 189 192 187 182 188 197 202 199 200 199 202 191 188 186 191 197 168 149 144 138 139 137 136 140 139 133 149 167 167 153 139 100 88 95 94 94 92 80 51 40 
120 114 117 117 118 120 117 116 117 117 115 116 116 118 116 117 117 116 117 119 110 120 119 122 120 119 118 117 118 119 118 120 122 121 119 117 117 119 118 122 122 121 119 119 120 121 121 118 121 125 120 119 131 171 190 205 206 204 198 204 200 202 204 201 198 204 205 207 210 200 201 196 190 193 185 187 194 188 172 164 156 151 153 157 174 182 157 161 166 140 121 96 96 97 95 94 93 92 90 70 
122 116 117 118 119 118 116 119 117 116 115 116 116 117 115 116 116 117 119 117 111 118 120 122 117 117 118 119 118 120 120 120 120 121 118 119 116 118 118 119 120 118 118 116 118 120 119 120 122 120 121 119 121 140 184 201 207 205 200 200 199 197 208 209 200 195 203 212 214 209 200 203 198 190 192 183 183 184 185 192 192 191 189 176 155 144 159 175 149 120 89 100 93 95 95 93 93 90 89 92 
116 117 119 119 117 118 119 115 116 117 114 115 118 115 115 116 114 115 116 117 115 120 120 120 116 119 118 119 116 121 120 120 119 119 119 119 120 121 119 117 118 120 121 116 117 120 121 121 118 119 122 123 122 123 169 198 201 201 203 199 198 195 203 207 206 197 195 209 214 217 206 205 207 193 188 187 183 178 172 169 164 158 150 142 149 161 175 164 120 101 91 98 94 95 96 92 92 92 93 93 
120 119 121 119 118 116 119 114 116 116 117 119 116 114 118 115 118 115 117 117 115 120 118 118 117 119 119 117 121 121 120 120 119 119 120 121 122 119 118 118 117 121 118 117 117 120 120 119 119 120 121 117 117 118 149 198 199 199 204 197 192 196 198 199 206 201 195 199 207 214 217 211 208 209 195 189 186 178 180 169 159 155 156 165 167 183 164 115 98 98 91 98 96 93 94 92 93 92 92 93 
121 118 119 120 120 116 117 115 116 112 113 118 118 115 115 120 116 115 117 114 113 118 116 115 120 117 118 116 121 118 118 118 118 119 119 118 120 119 119 120 115 119 118 115 117 120 120 119 120 119 119 116 118 116 127 181 195 194 197 198 192 191 198 201 199 209 205 191 192 199 209 214 213 207 209 205 194 186 178 171 175 176 174 177 187 163 120 102 99 99 90 95 95 94 95 93 92 90 88 90 
119 118 118 118 117 117 116 116 114 116 116 116 117 118 116 119 118 117 115 115 111 116 117 117 118 118 117 119 121 116 116 120 118 120 119 119 120 118 118 123 118 118 117 115 119 119 117 120 119 117 119 116 116 115 118 131 174 194 191 192 193 189 193 196 195 192 205 203 193 195 193 195 201 204 201 199 192 192 185 183 188 196 194 186 150 114 103 101 98 98 92 94 95 96 95 93 93 91 91 91 
116 116 115 116 117 117 116 115 115 117 117 116 118 116 118 115 120 119 116 111 108 118 117 117 117 116 117 118 120 120 117 118 121 119 120 118 119 118 118 120 120 120 119 115 119 117 120 118 119 119 118 116 117 114 114 112 126 172 182 180 183 186 183 187 193 191 187 199 204 193 193 197 198 201 201 195 204 202 196 200 208 198 177 143 115 104 102 101 101 97 95 96 96 96 95 94 93 92 91 92 
115 116 117 121 119 117 116 117 114 114 115 118 114 118 117 115 115 116 117 114 112 114 117 117 116 116 121 118 118 119 121 119 120 118 117 121 119 118 115 118 119 120 119 112 124 122 119 118 119 118 114 115 118 114 114 114 113 126 170 182 177 173 176 178 179 190 188 178 182 197 195 182 186 188 196 207 207 208 208 201 191 165 130 111 106 105 98 99 101 93 95 94 94 95 95 95 90 94 92 90 
117 117 119 117 118 120 116 118 114 115 116 118 116 118 114 118 115 118 117 117 112 113 117 116 118 117 120 120 118 120 117 121 119 121 120 119 119 120 119 120 121 117 119 113 119 119 118 121 117 113 113 115 114 114 115 110 111 113 127 157 162 165 164 164 166 168 175 176 158 161 171 173 163 161 163 171 186 193 192 173 141 116 109 109 103 101 101 99 100 93 96 93 93 97 95 94 91 93 90 91 
117 116 118 115 117 118 116 118 116 117 114 118 115 115 113 117 116 119 118 114 111 112 118 116 117 116 118 119 117 118 117 120 119 121 120 120 118 119 118 118 116 119 119 111 120 119 119 119 115 116 116 116 114 114 115 115 114 112 116 113 119 122 124 123 126 126 129 139 141 137 127 122 118 115 115 114 126 135 133 122 110 108 109 106 103 99 99 98 97 95 100 95 95 95 94 93 96 93 89 92 
