56 59 84 110 133 109 88 75 76 77 81 79 111 170 197 207 211 215 223 229 223 219 212 194 168 110 25 2 4 5 34 120 219 191 165 153 137 110 109 116 138 133 142 115 102 136 127 159 159 156 139 115 93 93 78 95 98 86 114 123 104 102 87 81 96 81 79 82 72 108 100 108 111 120 136 151 156 175 193 218 195 204 196 217 191 204 219 238 231 195 181 200 204 200 157 71 78 35 33 130 
82 60 45 62 107 118 92 101 89 80 92 102 72 92 158 193 204 209 213 220 225 224 219 205 184 158 97 11 3 2 19 130 228 204 129 153 105 135 132 169 127 123 114 113 115 117 143 149 158 149 102 44 74 93 97 108 129 95 81 102 81 102 109 90 92 28 41 90 130 136 138 134 131 137 143 151 159 181 192 192 187 209 200 221 193 214 221 233 239 203 182 206 204 201 133 56 59 41 28 131 
147 79 42 37 46 67 74 95 87 85 85 79 70 74 79 143 186 199 205 211 221 225 223 212 200 173 145 83 13 4 19 124 201 165 170 112 109 168 118 136 103 116 133 111 102 128 131 154 138 114 83 79 84 100 123 100 97 50 67 62 59 61 68 73 44 52 30 111 133 137 139 136 139 142 139 150 175 185 182 188 181 199 197 214 189 217 223 223 240 215 184 206 203 202 117 68 66 41 38 141 
181 152 98 35 21 20 62 86 96 98 113 100 84 86 79 84 129 182 194 199 210 220 223 215 207 192 163 142 95 33 24 73 104 131 117 99 101 99 103 142 112 131 156 106 109 89 102 111 102 82 74 78 124 140 121 93 79 83 25 20 33 89 60 57 102 81 35 99 137 141 139 141 143 145 146 151 180 198 203 211 208 191 185 207 182 215 232 224 229 223 190 209 207 204 103 84 74 35 50 125 
205 191 170 131 58 13 14 41 79 92 117 111 88 83 83 77 75 132 181 196 201 203 212 220 217 206 187 160 149 131 82 46 58 76 88 102 109 139 110 196 133 115 112 120 111 87 67 90 85 106 62 100 131 103 77 96 75 62 69 76 73 79 68 68 91 102 92 65 109 139 137 137 140 145 145 151 188 211 222 219 220 217 189 197 169 201 232 235 218 216 197 209 207 202 65 51 71 38 76 122 
218 211 197 180 156 82 19 21 27 58 106 108 119 89 76 77 68 102 139 186 196 198 210 216 222 214 204 184 166 155 130 88 51 48 70 115 115 210 122 192 152 120 144 109 123 88 72 100 91 104 88 93 131 66 91 95 80 90 63 76 80 75 77 77 76 75 99 72 76 90 88 99 126 133 139 146 187 204 208 215 207 209 207 185 169 215 223 237 229 197 199 208 204 192 77 86 61 39 93 107 
223 218 215 201 160 82 73 70 40 26 54 118 170 141 83 74 59 69 88 122 186 192 207 215 220 221 216 206 188 172 157 128 102 74 70 95 76 199 130 131 110 140 133 133 137 132 79 94 109 81 111 86 77 64 105 135 95 95 126 91 80 75 82 76 89 70 83 71 71 63 64 80 82 75 63 85 176 182 206 224 225 220 199 164 158 222 229 232 239 205 200 208 203 166 72 77 48 40 122 80 
223 223 221 200 125 126 130 125 119 108 110 171 189 190 135 80 47 24 38 52 136 137 174 205 216 222 221 216 204 189 181 171 158 139 111 83 59 81 76 95 104 109 113 141 155 139 97 96 82 143 137 97 63 84 132 131 113 109 97 73 82 75 83 83 106 71 75 49 76 61 62 68 63 58 62 104 185 184 197 202 216 218 200 189 186 219 229 228 238 212 202 209 203 141 66 65 47 40 159 67 
222 224 218 187 181 170 173 164 173 175 185 211 204 195 194 156 111 65 32 28 49 25 71 173 210 218 222 221 215 206 195 188 180 170 160 131 107 89 53 50 84 100 113 151 142 98 107 94 80 104 152 147 118 121 119 117 86 109 88 77 82 78 70 76 89 75 58 62 76 61 68 65 68 65 78 163 195 193 212 208 204 216 222 217 194 216 234 233 231 216 210 209 204 135 85 83 58 36 134 64 
219 220 191 157 168 199 195 190 196 197 201 223 232 209 219 197 171 146 136 67 27 30 47 139 202 215 221 221 219 213 208 197 192 186 180 169 149 129 109 63 43 59 104 132 153 146 115 92 98 131 124 99 138 158 101 130 98 76 88 79 87 91 71 77 88 106 84 99 70 61 61 63 74 57 80 203 196 200 203 203 223 228 220 211 211 213 235 236 226 219 216 212 207 94 52 84 43 43 155 69 
220 199 170 161 204 200 199 203 206 207 209 215 242 219 220 223 205 181 144 42 24 28 40 111 193 211 218 218 218 215 212 205 202 194 190 186 176 165 146 125 80 50 54 63 65 138 93 85 115 139 107 77 123 138 102 100 58 70 84 76 71 81 75 79 86 77 82 134 70 68 69 64 63 69 103 218 208 191 206 221 219 213 214 220 212 221 227 239 225 216 218 210 209 89 76 76 35 60 137 59 
229 191 195 196 207 200 197 210 213 211 199 202 239 227 227 231 228 199 80 15 23 24 46 67 170 195 213 215 215 215 212 208 205 197 191 191 188 182 180 171 157 88 26 32 63 116 95 80 118 134 106 62 130 161 151 152 87 81 112 98 71 74 80 75 83 71 85 128 76 74 74 72 70 80 143 218 214 188 214 219 215 225 229 224 212 231 222 232 229 200 214 211 200 80 94 68 42 81 136 49 
218 190 186 208 203 200 194 208 210 195 203 209 227 233 232 242 227 110 20 8 19 30 60 27 112 169 196 206 213 214 213 211 207 197 186 192 189 195 194 189 174 148 55 46 58 61 83 85 80 117 126 109 82 106 103 88 93 88 101 104 83 77 113 108 81 81 99 131 70 69 75 69 70 105 201 213 214 178 191 190 211 222 216 202 204 234 231 225 238 203 215 207 177 52 74 59 45 121 113 44 
146 180 213 212 202 195 189 204 209 204 206 213 225 238 235 228 113 28 14 8 11 34 53 19 33 134 174 189 205 213 212 211 207 200 177 173 187 193 203 198 185 163 106 62 43 31 59 122 159 120 95 109 104 75 81 73 97 84 101 100 99 86 109 112 90 86 123 122 82 71 84 74 68 134 213 208 221 196 187 175 208 201 205 186 197 229 234 227 235 220 220 209 156 84 92 62 38 150 69 45 
141 150 214 211 203 188 189 206 209 207 207 213 224 227 212 106 35 18 10 12 34 56 44 19 15 41 155 180 190 203 212 207 204 199 183 155 183 190 190 208 203 173 129 138 63 29 31 145 192 196 184 123 99 97 84 80 99 84 91 83 106 93 81 88 97 85 108 102 90 79 91 89 83 158 219 209 221 192 196 200 220 208 221 213 213 223 237 233 229 227 218 205 128 71 80 57 43 162 61 40 
137 171 207 211 201 184 193 202 201 198 202 209 223 170 62 41 28 14 12 18 69 58 58 33 19 6 62 165 177 183 202 206 186 184 190 153 170 184 173 204 209 188 139 169 154 71 27 58 183 229 226 176 88 122 84 83 105 89 93 82 110 102 82 82 85 94 100 70 102 94 93 94 112 180 218 206 220 182 170 199 219 212 208 209 226 221 239 238 219 223 214 208 113 59 81 53 47 134 66 35 
132 188 193 203 197 185 194 202 204 205 197 191 149 46 34 29 21 11 13 47 68 37 95 131 84 12 7 73 146 147 145 165 151 101 144 150 141 136 161 185 198 195 164 152 185 162 63 42 122 192 219 216 168 108 99 104 104 99 104 88 101 100 85 86 103 91 74 62 109 100 73 74 160 201 222 206 218 157 159 194 220 222 196 202 222 231 232 241 220 223 217 211 102 91 85 44 75 155 62 29 
115 170 177 188 190 184 190 196 201 205 187 113 42 27 23 22 13 21 56 78 61 39 78 162 129 37 13 23 54 53 37 44 78 35 35 73 68 86 106 153 174 191 184 137 194 193 144 54 89 79 161 181 156 102 92 90 85 107 112 114 116 109 95 90 122 92 85 90 106 97 76 87 196 205 224 210 198 124 195 203 205 222 209 193 220 232 227 239 225 227 217 207 55 67 81 51 89 144 41 27 
116 92 142 160 183 181 184 195 197 181 88 33 27 23 20 15 26 55 100 75 58 50 45 122 73 35 31 45 37 24 17 16 21 18 23 22 32 27 42 69 96 133 150 125 131 164 152 68 53 33 56 82 81 66 56 60 61 104 126 118 120 113 108 100 108 97 101 95 104 96 86 106 207 209 218 215 163 89 202 213 211 210 215 197 218 230 224 237 226 227 217 190 77 82 65 52 104 104 46 28 
114 116 99 114 156 175 180 196 197 89 30 24 18 21 15 27 51 85 110 89 52 32 27 44 17 11 20 34 22 9 8 11 16 18 18 31 47 36 31 50 45 46 47 51 43 51 51 37 29 22 18 25 15 23 27 25 26 47 81 65 83 91 113 105 98 97 108 106 111 110 99 125 212 211 206 217 130 97 170 212 227 212 204 216 217 231 231 233 223 224 214 165 79 86 63 46 156 77 44 31 
114 125 99 98 102 155 177 196 169 37 23 16 13 17 16 57 93 135 108 41 24 8 14 22 18 16 18 29 17 7 6 12 21 25 51 99 138 111 108 126 85 40 32 26 21 23 18 18 22 26 27 23 22 22 29 28 22 10 10 9 16 23 43 48 61 70 98 92 101 98 102 164 202 216 183 201 113 102 173 189 223 218 199 225 221 233 237 223 217 220 214 132 59 62 63 38 166 72 43 29 
121 121 93 98 95 103 164 189 131 27 22 18 15 18 44 86 126 103 52 9 5 3 3 15 25 15 21 18 29 11 11 14 15 21 43 111 181 191 176 181 166 110 73 42 24 27 17 21 22 26 28 30 31 27 40 48 30 17 12 7 6 8 9 8 8 12 19 22 26 22 31 47 52 61 58 81 74 67 71 97 144 174 186 220 229 232 240 207 211 216 210 136 88 85 65 45 155 72 36 34 
106 101 86 99 97 91 115 169 102 28 25 31 31 55 70 101 110 29 10 6 3 2 1 9 19 6 6 10 13 13 12 16 33 65 105 135 180 204 210 204 192 173 135 74 53 57 25 22 19 22 22 30 32 31 35 39 33 29 22 16 12 15 12 19 18 20 14 10 7 8 10 20 40 72 98 119 130 134 127 119 118 118 118 166 218 229 240 198 208 215 210 97 70 94 45 56 145 68 33 36 
113 96 90 95 95 90 92 128 80 26 31 48 74 81 70 83 88 29 4 6 2 1 3 15 11 6 18 25 33 42 44 46 74 132 172 176 189 205 210 219 210 198 183 126 102 98 54 33 23 21 22 34 33 30 30 30 44 41 36 32 26 22 24 25 27 30 20 17 15 10 18 23 45 83 125 145 142 135 126 134 139 141 110 99 131 192 222 180 211 212 210 80 67 88 47 86 140 46 32 49 
126 111 100 100 92 94 89 93 58 31 51 69 98 67 53 19 33 10 3 4 4 6 18 30 27 26 39 78 123 139 149 132 118 154 186 210 201 203 208 224 228 213 200 167 144 105 83 62 39 25 29 31 29 30 32 33 35 35 31 38 41 34 41 35 30 21 30 34 29 20 26 30 54 118 164 172 167 163 163 177 185 191 183 160 123 101 127 141 197 206 195 75 79 69 47 106 116 42 30 54 
123 106 101 102 92 91 91 96 52 35 46 91 121 56 34 6 7 6 9 10 20 34 51 33 25 28 97 162 160 169 181 179 157 148 180 212 224 209 212 219 229 224 206 196 170 138 137 118 60 54 32 30 28 29 27 35 29 25 22 28 33 41 32 23 14 11 12 27 32 41 33 54 87 132 164 194 189 185 194 209 210 208 204 196 184 144 113 92 136 188 153 39 43 70 42 138 76 42 30 45 
112 101 104 100 98 92 90 85 53 33 30 97 120 53 20 11 23 32 43 47 30 16 7 6 16 75 173 182 179 190 194 183 185 183 167 200 223 219 212 219 228 226 211 205 196 152 150 149 109 80 43 33 31 35 32 31 36 37 31 28 25 25 24 16 9 5 5 16 28 50 59 72 101 138 185 201 196 198 204 205 209 208 201 200 191 177 168 143 119 103 91 41 37 75 32 134 57 40 34 42 
87 98 104 99 95 93 96 75 43 17 15 40 41 16 28 37 45 29 17 15 6 4 4 7 34 133 188 175 169 191 200 194 195 198 177 186 218 222 218 217 230 228 218 218 212 163 160 156 137 97 52 36 31 31 38 34 36 32 36 38 29 25 23 15 6 2 4 11 21 38 51 75 105 149 187 195 197 204 206 204 204 203 196 191 184 181 161 160 142 103 38 27 30 52 35 128 62 33 33 26 
124 98 104 98 95 91 99 54 37 15 20 9 14 38 50 40 26 17 15 7 5 4 5 10 60 171 190 201 190 186 197 204 198 199 194 174 201 223 215 211 228 226 223 219 212 169 150 144 143 128 53 32 30 29 40 38 42 33 28 32 35 35 29 19 7 2 1 6 11 24 35 59 88 144 166 182 195 204 210 208 201 199 198 196 186 177 162 140 125 109 54 39 27 18 20 91 51 32 34 21 
120 98 98 96 95 93 99 49 26 10 12 13 37 60 49 54 31 21 19 11 5 5 7 14 98 190 193 190 192 194 186 203 203 205 196 182 194 220 204 217 226 226 224 222 205 171 159 150 146 116 52 30 30 34 38 36 39 24 18 23 34 44 37 26 15 8 1 4 7 17 26 46 84 135 141 184 201 199 206 210 200 196 188 187 180 168 152 121 89 63 63 43 34 31 20 25 17 13 13 8 
114 102 101 97 92 95 97 38 9 5 7 25 53 65 61 65 46 31 19 14 9 6 8 21 111 168 144 108 134 176 192 202 210 211 205 191 188 199 218 220 227 228 227 212 208 170 144 131 125 106 64 34 32 38 39 38 30 16 11 21 26 34 39 40 32 18 5 9 6 10 15 32 62 112 143 183 196 197 200 203 193 182 164 148 153 133 119 97 63 31 26 34 40 38 35 19 24 19 15 6 
109 107 105 99 94 93 80 17 4 5 11 30 49 57 65 71 63 52 38 23 10 7 14 37 116 124 74 95 151 196 203 201 213 215 208 196 181 187 223 221 228 229 224 222 209 183 147 149 160 149 88 46 36 44 42 38 30 21 16 19 25 36 39 36 34 29 17 14 7 7 10 16 50 112 157 171 170 185 192 190 181 167 148 121 108 93 68 36 21 17 12 15 29 39 48 30 27 35 43 33 
114 93 89 99 97 92 53 10 3 6 16 33 43 42 61 70 69 72 60 34 18 16 28 47 71 74 89 149 201 214 215 206 213 221 222 199 148 187 213 218 227 230 221 214 209 181 155 150 160 150 91 58 33 40 44 45 35 24 20 15 26 29 33 34 34 30 20 11 4 4 8 13 57 104 148 166 168 166 170 168 160 154 132 90 66 56 26 9 6 7 4 3 5 20 39 34 29 45 49 61 
131 102 47 96 100 92 55 10 6 9 22 35 35 36 59 58 65 72 76 59 33 25 35 43 63 78 116 197 221 224 220 216 208 223 231 215 165 175 199 208 226 228 222 213 203 190 152 139 135 120 76 38 31 42 43 42 34 27 18 12 11 21 26 24 22 19 12 8 2 2 1 12 59 86 131 160 165 150 146 154 133 114 91 68 46 24 10 3 5 4 1 2 2 5 15 32 33 60 83 91 
132 106 39 91 100 97 83 16 9 13 20 25 29 32 47 50 55 58 51 53 48 60 85 79 75 93 116 185 227 226 220 214 206 208 222 223 202 175 170 198 215 225 226 213 203 186 156 116 108 95 64 27 19 26 31 38 32 21 19 12 11 12 17 22 20 14 8 9 2 2 5 14 37 80 120 148 139 127 124 132 119 83 61 43 18 10 4 3 3 3 2 1 1 2 9 27 52 75 114 123 
137 105 53 100 97 96 80 32 15 17 20 27 30 40 39 46 45 35 35 44 84 121 115 90 91 104 116 155 222 227 218 205 185 195 195 208 200 184 158 167 200 223 220 214 213 204 158 103 58 55 43 22 16 15 20 21 19 20 16 17 12 9 16 17 19 8 4 5 2 2 9 17 45 84 117 130 129 117 97 68 56 35 29 20 9 4 2 2 3 2 2 1 1 2 5 11 51 62 105 130 
126 98 42 102 96 105 62 53 23 23 25 27 33 43 40 53 43 30 35 49 85 125 112 90 67 73 108 142 188 223 212 211 190 189 177 168 146 121 104 122 177 218 219 222 219 213 169 137 40 31 30 17 10 9 10 14 15 11 11 12 10 9 14 13 14 6 2 3 2 2 7 21 35 73 116 116 107 88 67 35 18 8 9 5 7 3 1 2 2 1 2 3 4 2 1 8 25 47 81 119 
123 90 37 100 97 105 48 53 38 30 31 28 45 44 56 58 37 36 50 51 61 85 116 71 64 40 69 138 153 215 218 208 201 189 182 160 128 76 39 42 96 201 219 219 221 208 177 175 59 16 16 10 8 6 10 11 11 11 11 11 11 9 8 8 8 5 2 2 2 2 5 11 28 40 66 85 80 73 53 35 11 4 5 3 2 2 2 2 1 1 1 5 5 6 3 1 7 16 45 77 
118 82 35 97 100 112 64 44 59 37 31 32 45 43 59 56 31 56 26 24 49 61 82 87 66 38 59 90 125 187 218 203 201 188 177 157 122 82 35 34 27 85 194 212 207 208 184 184 99 12 8 5 5 4 6 7 6 9 10 10 11 11 9 8 6 3 1 1 2 2 5 6 19 13 28 63 66 52 29 19 9 3 3 4 1 2 2 2 2 1 2 3 3 12 12 5 7 10 31 39 
126 80 35 98 100 115 67 36 62 38 28 30 39 44 46 53 33 45 58 85 34 47 56 72 73 44 50 64 115 162 207 213 217 195 170 145 123 85 49 31 27 30 101 194 197 206 182 183 129 11 5 4 3 4 4 4 5 7 8 10 10 13 11 9 7 3 2 1 1 2 4 4 6 8 13 23 40 31 14 10 3 1 2 4 2 2 2 2 2 2 2 1 2 4 9 17 14 15 35 49 
130 83 37 100 96 118 77 32 57 47 32 24 41 31 31 39 31 42 150 219 37 33 49 51 74 56 55 73 126 189 211 219 223 212 177 144 120 92 44 38 26 25 30 145 195 201 191 175 100 7 2 4 4 7 4 4 6 7 8 9 9 10 10 9 7 3 2 1 3 4 3 3 2 5 4 5 10 22 10 10 7 1 2 2 3 2 2 1 1 2 2 4 5 2 4 8 26 34 40 56 
122 75 36 98 100 94 78 33 59 53 27 24 33 22 18 31 32 37 64 101 53 42 45 45 58 76 74 94 166 204 208 221 218 205 176 135 119 94 46 35 38 28 29 117 184 196 185 177 59 5 2 2 2 3 3 4 4 5 5 5 5 8 10 12 7 4 2 1 4 4 4 5 5 7 4 8 11 14 10 4 4 1 2 1 2 2 1 1 1 1 1 4 4 2 2 8 16 35 40 69 
117 80 28 98 103 116 88 36 55 56 30 29 25 19 22 38 41 52 45 34 61 65 50 44 47 55 65 107 149 196 199 211 199 191 162 130 120 103 93 63 43 31 34 94 186 192 194 185 58 5 2 2 2 3 2 3 3 3 4 4 4 5 6 11 8 4 2 1 4 4 6 6 13 14 17 14 13 8 5 3 1 1 2 2 2 1 1 1 1 1 2 4 1 2 5 12 18 23 28 62 
110 84 25 102 102 126 84 33 49 55 40 28 23 38 87 96 60 55 62 51 49 54 59 50 48 47 55 75 129 162 171 176 166 158 139 132 124 125 130 109 53 38 34 73 179 189 189 191 48 3 2 2 3 2 2 2 4 5 6 5 4 4 4 6 7 3 2 2 4 7 8 10 13 24 45 28 13 5 4 2 1 1 2 2 2 1 1 1 1 1 3 5 5 5 12 20 23 28 13 30 
117 85 23 101 108 125 80 33 36 42 49 28 22 58 142 119 85 57 56 52 56 63 62 53 53 43 41 59 99 128 142 144 138 129 121 126 136 146 166 153 82 40 30 59 171 188 191 176 57 4 2 3 4 3 3 3 4 7 7 6 5 4 4 5 5 3 1 2 3 8 8 16 22 31 37 52 27 9 3 1 1 1 1 1 1 1 1 1 1 1 2 4 10 13 18 27 29 24 11 13 
95 87 22 96 102 100 86 38 35 38 58 36 24 59 155 144 111 81 47 47 49 59 57 49 38 33 39 69 115 136 138 137 122 111 115 127 140 139 141 157 110 54 29 53 152 187 195 145 36 5 2 4 5 5 4 4 6 9 9 9 8 4 4 4 4 3 0 2 2 5 11 17 25 40 54 76 70 47 13 0 1 1 1 1 1 1 1 0 1 1 4 7 19 26 28 31 22 16 10 9 
100 94 22 96 112 108 83 32 34 39 59 47 30 35 157 194 161 147 90 63 52 48 51 36 28 34 50 74 127 144 141 130 112 121 125 130 148 127 131 119 96 61 28 30 115 167 183 84 12 2 1 3 4 4 5 5 6 7 8 10 7 7 6 4 4 2 1 1 1 3 10 22 39 66 85 89 90 63 25 2 2 1 1 1 1 2 2 1 1 2 8 12 21 32 31 29 21 16 10 9 
97 93 21 98 116 112 74 28 23 26 53 65 50 42 98 189 200 165 116 74 58 40 42 29 36 47 62 88 135 147 149 135 131 132 134 135 145 126 114 95 78 51 25 21 89 171 142 39 8 1 0 4 4 4 5 6 6 6 8 11 13 10 7 6 5 2 1 1 1 1 8 21 46 87 93 95 91 59 31 13 3 0 1 1 1 2 2 2 1 2 4 18 21 30 22 19 16 14 9 8 
103 92 22 93 117 106 76 29 27 20 33 54 61 61 50 77 106 85 57 64 59 37 38 51 56 71 86 113 124 125 137 139 151 147 124 118 122 130 85 82 71 52 26 23 106 164 97 25 10 2 4 4 5 4 5 6 6 7 8 11 11 13 9 8 5 2 1 1 1 2 7 19 50 85 104 100 102 86 36 18 3 1 2 1 1 1 1 3 1 1 2 12 21 28 13 13 12 8 6 7 
113 92 25 93 102 95 81 32 26 22 25 35 53 67 65 67 64 56 55 59 47 42 56 59 64 72 97 118 116 115 127 140 145 144 133 109 93 115 59 56 56 53 32 25 132 167 100 17 9 2 4 4 5 5 5 6 6 8 7 13 12 13 17 10 4 1 1 1 1 2 2 20 55 92 108 126 106 102 47 15 3 1 2 1 1 1 1 3 1 1 4 17 30 23 13 13 8 5 7 6 
124 88 25 90 97 90 83 37 27 25 28 31 50 58 70 63 59 47 51 42 36 39 48 57 60 59 87 114 116 112 120 136 128 118 101 92 70 75 46 56 53 50 35 30 148 187 101 14 8 2 3 2 3 5 5 4 6 6 7 9 8 9 10 7 4 3 2 3 1 0 1 10 48 77 124 130 111 101 51 17 4 2 1 2 2 2 2 2 2 4 11 20 30 20 8 13 10 8 7 4 
134 85 27 87 128 89 84 41 27 24 26 31 48 53 66 73 68 64 60 47 40 39 41 56 58 45 60 90 102 90 110 105 92 85 85 78 61 59 48 52 55 49 38 42 164 200 97 17 7 1 2 2 2 4 4 4 6 6 4 3 3 3 2 4 13 8 6 8 8 3 3 4 21 71 126 144 114 103 53 24 4 2 2 2 2 2 2 2 5 10 18 23 15 7 5 7 8 7 5 3 
138 86 32 89 125 87 86 45 25 22 25 26 39 45 68 70 68 66 64 65 63 43 33 37 50 44 60 70 79 67 73 64 51 50 62 61 52 49 47 52 54 35 40 41 166 202 78 18 1 1 1 1 1 1 1 3 4 7 4 2 4 5 8 11 14 15 7 4 4 3 3 3 13 61 107 142 125 113 69 28 6 1 2 2 2 1 1 5 7 8 22 28 13 9 7 5 4 4 2 2 
143 85 38 85 115 84 83 52 26 20 25 23 28 40 56 67 70 65 64 62 53 45 35 31 42 60 60 53 62 64 62 63 79 33 40 49 48 48 49 52 48 30 44 43 173 185 44 16 1 1 1 1 1 1 1 3 1 5 8 6 12 10 17 20 15 8 9 8 7 6 6 6 8 59 115 140 130 128 86 44 10 2 2 2 2 1 1 5 7 8 27 27 22 11 8 5 4 4 1 2 
148 85 40 70 98 85 88 68 23 27 24 27 29 39 54 68 70 70 72 65 47 41 36 32 41 52 56 43 52 55 66 91 103 39 29 30 41 41 53 48 34 31 39 41 173 141 27 9 1 1 1 1 1 1 1 2 2 2 5 6 29 8 14 13 13 13 15 9 15 15 8 5 13 57 119 144 129 132 96 66 20 3 2 2 2 1 2 6 5 10 26 31 28 17 14 5 4 1 2 2 
156 85 45 90 109 86 83 71 26 27 23 24 28 42 59 83 107 96 68 50 48 43 37 36 50 52 55 51 45 48 91 60 30 24 33 39 35 37 44 39 29 37 36 30 139 79 17 4 1 1 1 1 1 1 2 2 2 2 5 4 15 8 7 10 16 12 11 12 14 14 10 9 14 55 121 149 143 131 110 100 42 3 2 2 2 1 1 4 4 10 22 35 29 18 11 10 6 3 2 2 
163 88 47 91 104 87 83 78 28 20 21 20 23 33 76 165 206 189 146 58 38 47 42 34 47 52 47 59 57 57 89 34 39 21 25 69 29 39 47 32 28 31 34 23 66 27 13 1 2 2 2 2 2 2 2 2 2 2 11 8 5 3 3 10 12 13 18 15 14 19 13 14 24 66 130 159 163 139 117 112 68 8 1 2 2 2 1 3 3 9 15 32 31 25 20 14 10 7 3 2 
172 86 49 88 98 89 86 83 32 21 20 19 18 22 71 197 219 217 176 76 40 50 42 35 33 41 46 49 63 71 60 49 37 12 21 47 25 42 37 29 26 33 40 22 24 11 6 2 1 2 2 2 2 2 2 2 2 2 12 5 6 1 1 7 5 13 21 19 18 20 16 12 29 89 144 169 185 168 128 125 94 27 3 2 2 2 1 2 3 8 16 33 35 31 28 16 12 7 3 2 
182 87 61 54 93 87 86 83 42 28 17 16 16 16 39 162 185 169 108 40 33 40 38 37 48 51 43 47 59 84 46 67 38 13 22 35 29 39 33 32 27 38 28 24 13 9 2 3 3 4 5 5 5 2 2 2 2 2 2 3 4 4 4 6 4 4 14 16 20 21 21 20 45 101 161 176 195 186 153 131 115 58 8 2 1 0 1 1 4 7 11 21 32 33 24 11 7 4 4 3 
188 89 76 71 89 85 87 82 53 42 21 12 13 16 22 70 120 97 45 37 37 21 27 42 49 58 44 48 57 84 48 42 33 38 29 28 25 27 37 31 26 21 23 15 12 6 2 5 6 9 6 5 7 2 2 2 2 1 1 4 6 4 5 4 5 6 8 8 17 25 31 21 42 115 170 183 201 195 176 143 120 81 17 1 1 1 1 1 2 7 8 24 34 33 15 7 6 3 4 3 
199 92 90 63 88 87 87 86 66 42 42 16 12 14 16 20 34 28 36 47 64 21 25 51 65 49 23 35 56 80 48 52 41 51 42 34 23 28 34 38 32 22 13 7 9 4 4 7 9 9 6 4 4 3 2 2 3 2 3 8 19 2 3 4 8 11 9 9 18 25 36 38 41 127 168 186 202 205 198 153 127 108 53 4 1 2 2 1 2 4 8 19 33 34 14 6 5 4 4 4 
203 103 101 49 90 90 83 83 76 51 45 33 15 11 11 17 21 17 23 15 30 21 33 40 44 23 20 48 85 92 52 37 30 25 25 28 25 31 33 40 43 36 32 10 6 6 5 8 5 5 5 4 5 3 2 2 3 3 4 6 15 3 2 5 10 15 15 15 23 32 44 48 55 143 165 204 201 217 200 167 145 124 84 19 2 0 1 6 3 6 8 21 40 33 12 9 5 3 4 4 
184 113 113 37 89 89 83 84 83 82 63 26 32 19 15 13 15 19 20 27 31 27 37 33 28 25 30 53 95 130 87 43 24 27 28 35 51 48 47 47 53 47 29 6 8 9 6 6 6 4 4 5 9 5 2 2 4 3 4 6 9 4 4 10 14 20 23 24 23 42 54 55 70 157 174 195 204 220 207 176 162 146 106 27 3 1 1 6 7 7 10 21 36 28 13 6 4 4 4 2 
164 136 128 41 90 85 87 82 83 99 91 42 17 34 57 29 17 20 21 21 23 13 14 13 12 31 87 96 99 128 135 107 57 46 51 57 58 63 54 49 41 29 18 10 12 9 6 4 4 5 4 4 13 5 2 2 3 3 6 6 6 5 10 16 26 33 34 35 36 55 57 60 85 162 187 196 209 222 212 191 173 156 128 51 6 2 2 2 6 10 14 31 30 25 10 6 5 5 4 2 
170 155 145 59 82 84 82 82 81 97 97 63 28 63 112 81 81 82 66 26 12 13 25 42 21 9 29 44 58 61 64 60 39 34 22 28 34 44 35 23 15 25 27 18 10 10 7 5 2 2 2 3 9 1 1 4 6 4 4 5 5 7 20 38 42 44 49 56 53 55 54 79 106 161 195 200 214 221 218 200 183 166 146 79 16 8 3 2 6 21 32 42 27 18 11 8 6 5 3 1 
151 190 155 70 72 84 79 80 80 124 97 70 51 77 115 103 94 123 129 51 24 56 40 30 27 4 5 5 8 12 56 90 38 36 36 33 44 41 52 23 18 17 23 27 18 12 9 4 1 0 0 2 2 1 2 4 7 4 4 7 8 17 36 46 41 41 50 51 46 47 62 84 122 160 188 205 219 221 225 209 190 174 155 121 57 32 5 7 10 15 44 38 19 13 9 7 6 6 4 3 
118 160 158 114 46 84 79 79 78 122 83 74 57 66 88 104 105 134 135 121 68 63 73 37 32 4 4 4 5 7 84 114 42 46 44 43 42 74 110 29 28 28 24 34 39 16 10 4 3 0 0 2 2 2 2 2 3 5 7 10 23 31 40 47 48 39 35 30 40 45 49 76 133 174 186 209 224 225 227 215 195 177 166 146 90 34 8 8 13 14 60 37 16 10 6 6 10 3 2 2 
100 118 127 104 57 88 81 76 90 113 79 71 64 59 64 94 95 125 147 148 125 73 35 36 19 4 4 4 5 19 85 96 45 46 44 45 39 91 109 32 34 33 29 31 68 61 14 9 4 2 1 1 1 2 3 2 4 8 10 14 34 45 48 46 42 41 26 28 39 38 44 68 139 189 200 214 228 222 229 219 200 181 174 163 118 22 6 9 10 13 27 33 18 6 8 13 21 15 4 1 
78 107 120 89 86 81 82 79 90 94 72 69 69 60 56 56 71 100 121 143 142 104 80 38 12 3 4 4 5 26 91 80 50 43 43 42 42 100 96 35 39 40 32 33 81 90 30 15 8 7 5 3 2 2 4 4 6 17 27 36 35 43 42 46 50 36 26 33 39 42 53 83 133 184 201 211 224 226 230 218 209 185 177 173 144 58 21 5 5 9 23 32 23 26 21 18 19 18 7 5 
27 37 36 49 59 71 81 87 103 116 70 70 71 71 63 47 45 87 98 117 147 150 112 78 38 5 5 4 4 16 102 74 47 42 43 36 45 77 76 37 41 34 34 32 100 79 32 27 17 15 7 8 4 4 7 10 19 26 28 31 39 39 49 48 49 36 29 28 35 40 58 92 130 169 198 205 219 228 229 221 217 196 185 179 163 94 29 13 3 7 19 22 24 15 27 20 10 12 10 3 
77 83 49 57 42 31 25 32 43 62 66 72 77 72 63 71 33 53 82 94 113 136 141 114 69 19 6 4 3 7 60 55 43 42 38 37 48 124 68 36 36 33 35 39 72 63 27 32 34 32 22 20 17 12 17 17 24 23 19 20 26 32 46 40 40 30 28 27 29 40 51 95 130 169 198 214 224 225 226 225 221 213 202 189 169 112 41 18 7 5 23 24 32 17 14 8 12 6 9 6 
219 190 156 128 103 85 63 58 55 51 45 38 35 41 49 68 52 24 48 71 87 117 112 97 56 43 5 6 5 7 25 35 41 42 40 42 58 126 56 39 34 36 36 46 107 52 32 30 31 32 58 64 28 20 20 21 17 15 16 18 19 22 26 34 29 26 27 26 28 32 59 117 144 175 201 220 226 228 223 227 225 227 213 196 176 132 63 32 17 13 24 36 43 28 25 27 15 12 15 12 
245 246 246 246 245 230 203 173 141 108 85 59 67 61 59 47 45 38 24 45 65 99 92 59 43 55 9 6 6 14 18 25 43 43 42 43 70 117 48 36 35 36 35 53 121 39 34 32 31 29 79 100 49 31 20 12 13 13 15 14 16 13 17 35 23 22 19 20 23 23 43 89 139 181 205 221 225 224 220 224 227 228 220 198 177 158 90 45 17 9 21 40 68 35 19 33 43 27 23 23 
249 249 246 248 246 246 247 247 246 247 239 214 179 147 123 84 74 76 36 27 43 65 87 63 53 68 16 4 4 12 18 16 41 43 41 41 59 91 38 35 36 33 31 64 113 33 35 33 34 36 89 118 49 53 51 27 15 12 12 14 14 15 17 26 20 15 18 17 20 18 24 57 115 185 207 219 220 221 216 219 222 222 220 199 187 175 127 75 32 17 29 65 59 23 31 29 35 36 35 33 
249 248 247 247 247 247 247 247 247 247 246 245 243 241 245 241 225 194 141 28 24 41 60 62 63 61 25 4 5 4 5 12 50 52 46 44 86 97 37 39 37 36 34 61 92 31 36 34 36 40 111 114 62 63 69 68 37 18 13 12 13 12 14 19 20 21 22 16 18 19 17 34 78 162 197 205 215 214 211 209 212 212 213 204 200 186 148 119 58 26 27 35 49 46 34 29 24 26 25 25 
249 249 249 249 249 249 249 249 249 249 248 246 245 242 244 246 246 244 242 120 24 17 41 52 62 50 53 26 18 17 12 12 30 28 25 32 51 60 49 45 43 41 35 78 81 35 35 38 40 52 119 104 64 66 69 65 54 33 15 14 12 14 13 18 15 19 25 21 18 18 15 23 53 140 176 196 208 209 201 196 191 196 198 196 195 188 154 120 58 26 27 35 44 50 44 23 23 22 12 14 
249 249 250 249 249 249 249 249 249 249 248 246 247 248 248 248 249 246 244 238 117 22 22 45 61 49 163 101 72 62 51 46 64 57 65 56 45 29 31 24 30 35 35 71 71 42 43 44 49 62 99 85 67 68 72 74 48 65 24 14 10 11 11 11 12 14 20 19 16 12 16 17 42 95 133 166 191 197 173 166 150 154 152 143 161 147 106 68 24 11 16 28 43 57 52 30 10 10 6 9 
250 250 249 249 249 249 249 249 249 249 249 249 249 249 249 249 249 249 249 246 239 109 26 25 51 63 224 173 103 86 85 103 218 206 175 142 107 72 69 65 62 40 42 32 29 36 35 36 45 60 109 78 69 67 68 64 46 77 59 15 9 9 10 14 10 12 13 13 17 13 14 17 22 46 65 109 143 135 109 93 77 70 81 77 80 73 40 15 13 11 11 25 47 51 37 39 23 13 9 8 
250 250 249 249 249 249 249 249 249 249 249 249 249 249 249 249 249 249 249 247 248 228 86 31 42 94 240 224 162 101 91 125 237 243 245 245 242 235 219 190 156 117 94 71 64 59 65 61 63 68 55 41 32 39 43 50 53 74 57 19 13 11 12 10 11 9 8 9 9 10 10 11 15 22 27 42 54 44 34 35 36 40 44 46 47 50 30 12 7 11 13 32 52 67 56 75 83 90 45 15 
252 252 250 250 248 249 251 252 250 250 249 249 249 248 249 249 249 249 249 248 249 250 215 84 65 150 243 243 220 154 112 163 240 241 245 244 244 244 242 243 242 243 242 230 199 169 138 102 78 52 49 70 62 57 46 33 20 25 61 41 21 17 15 10 10 8 9 9 11 9 12 9 11 14 19 19 19 21 30 34 36 43 40 40 44 43 30 16 10 11 14 26 54 66 86 115 125 140 150 111 
252 251 250 250 249 252 252 252 250 250 249 249 249 250 249 249 249 249 249 249 249 250 249 219 169 236 243 245 246 217 185 219 243 243 245 246 247 246 243 243 244 243 243 242 244 241 237 244 238 215 182 150 118 85 52 69 39 31 29 62 49 47 43 24 18 13 11 10 11 10 15 9 11 16 17 26 26 31 33 41 43 43 40 41 44 40 41 26 18 18 17 37 35 57 77 108 135 157 158 172 
252 252 252 252 252 252 252 252 252 252 251 251 251 249 248 248 248 248 249 249 249 249 249 249 249 249 249 249 249 242 236 242 244 244 247 249 245 245 245 245 245 244 244 244 244 244 243 240 241 240 240 239 239 237 223 193 164 132 88 82 99 52 38 26 31 26 22 12 9 10 11 11 14 14 18 34 36 40 38 41 36 36 35 39 37 44 42 41 33 28 27 33 32 48 61 82 112 143 164 165 
252 252 252 252 252 252 252 252 252 251 251 251 251 249 249 248 248 249 249 249 249 249 249 249 249 249 249 249 249 248 244 246 247 247 248 248 245 245 245 245 245 245 244 244 244 244 244 241 241 241 240 239 239 239 239 237 238 237 236 228 212 143 80 41 16 16 24 25 16 19 14 13 14 16 23 26 29 42 39 38 42 40 39 39 41 43 39 44 37 40 39 34 32 32 48 47 73 114 153 173 
252 252 252 252 252 252 251 250 249 249 251 251 251 251 251 251 251 251 251 251 251 252 252 252 252 251 250 249 249 249 249 249 247 247 244 246 247 247 247 247 245 245 245 244 244 244 245 243 244 244 241 239 239 239 237 235 236 235 235 238 235 227 181 106 61 31 17 15 23 29 29 16 17 14 24 19 19 35 39 38 34 40 32 33 29 29 33 42 43 35 26 24 27 34 35 34 51 70 124 151 
252 252 252 253 252 252 251 251 249 249 251 251 251 251 251 251 251 251 251 252 251 252 251 251 252 251 250 249 249 249 249 249 247 247 249 248 247 247 247 247 245 245 246 245 244 244 244 242 243 243 241 239 239 239 239 238 238 237 235 239 236 234 232 213 137 85 69 41 23 21 31 19 17 14 18 16 17 21 30 28 27 25 26 23 23 23 24 36 46 34 26 25 23 21 29 32 34 39 49 88 
252 252 252 251 251 252 252 252 250 250 251 252 252 252 251 251 252 252 252 250 249 250 250 250 251 250 249 249 249 249 249 249 249 249 249 250 248 245 245 245 245 245 245 245 245 243 243 241 243 242 243 241 239 239 239 239 239 239 239 237 236 237 233 234 222 162 111 92 77 41 24 29 22 21 17 17 13 14 13 15 19 20 18 18 14 21 26 34 43 41 37 33 24 20 25 25 30 35 41 43 
252 252 252 252 252 252 252 251 251 251 251 252 252 252 252 251 252 252 251 248 248 250 250 251 251 251 250 249 248 249 250 250 249 249 249 250 248 245 245 245 245 245 245 245 244 243 245 244 245 241 239 243 240 240 240 239 239 239 239 238 237 237 234 235 230 209 202 133 112 95 59 41 34 34 23 21 16 12 15 15 15 16 18 9 22 21 17 22 31 36 35 34 31 24 29 31 27 34 33 38 
252 252 252 252 252 252 251 251 252 252 252 252 252 252 252 252 252 252 248 246 247 251 251 251 252 252 251 251 251 250 250 250 243 249 249 250 248 246 246 245 245 245 245 244 243 243 244 245 243 244 243 241 240 241 241 240 239 239 239 239 236 237 234 234 236 215 226 223 165 113 101 66 37 37 39 35 32 19 18 21 21 14 16 10 23 23 13 15 18 16 21 28 30 36 40 36 35 34 34 32 
252 252 252 252 252 252 253 253 253 253 252 252 253 253 253 253 252 252 251 252 251 251 250 251 252 251 251 251 251 250 248 247 226 248 249 250 248 247 246 246 247 247 245 244 244 243 245 245 243 244 244 242 242 241 241 242 240 239 239 239 237 237 235 235 237 214 225 228 228 194 123 105 85 49 29 29 32 26 26 28 22 26 21 17 20 21 12 13 13 9 17 21 24 24 29 30 34 38 37 40 
252 252 252 252 252 252 252 252 254 253 252 252 252 254 254 254 252 252 252 252 252 252 252 252 251 251 251 252 252 250 248 247 241 248 248 249 249 246 247 247 248 248 246 245 245 245 244 242 243 243 243 241 240 241 241 241 240 240 239 239 239 237 237 235 237 214 224 227 229 230 210 134 105 96 79 51 31 25 23 21 18 19 25 23 22 14 10 11 13 10 11 16 17 22 20 23 32 33 29 27 
251 252 252 252 252 252 252 253 254 254 253 253 253 254 254 254 253 251 251 252 251 252 252 252 251 251 251 252 252 251 250 250 249 248 248 249 249 247 248 248 248 248 247 246 246 246 245 245 244 244 243 244 244 242 242 242 240 240 241 240 239 237 237 235 238 212 225 228 229 230 227 222 157 102 104 103 88 56 37 28 20 15 16 12 14 12 11 10 14 16 13 11 11 11 13 20 20 26 30 25 
252 252 252 252 252 252 253 254 254 254 254 254 254 254 254 254 252 252 248 251 251 252 252 252 252 252 252 251 251 252 251 251 249 249 248 250 250 249 249 249 249 248 247 247 247 245 244 244 245 244 243 243 243 243 242 242 242 242 242 241 240 238 238 234 239 216 225 228 228 228 228 225 223 176 115 108 108 100 94 91 78 66 44 20 26 16 13 8 12 15 23 21 16 12 11 17 19 19 24 21 
252 252 253 252 252 253 254 254 253 253 253 254 254 254 254 254 253 253 249 251 253 251 252 252 252 252 252 252 252 252 251 251 250 250 250 249 250 249 249 249 249 248 248 247 246 246 246 247 245 244 244 244 244 242 242 241 240 237 235 239 241 240 238 236 240 214 222 218 222 227 230 224 220 211 189 117 112 102 99 101 68 83 55 24 76 63 34 32 13 11 11 10 10 10 12 14 19 22 16 14 
252 253 254 252 252 254 254 254 252 252 252 254 254 254 254 254 254 253 251 253 252 253 253 252 252 252 252 252 252 252 251 251 250 250 252 249 248 248 248 248 248 248 249 248 246 247 247 247 245 243 246 246 244 243 233 187 195 200 233 241 244 242 239 237 240 216 227 225 220 231 228 222 215 207 208 167 110 104 102 105 85 72 50 29 83 72 40 57 30 12 12 11 13 8 10 16 18 18 20 17 
253 253 252 253 253 252 253 253 253 253 253 254 254 254 254 254 253 252 251 251 251 251 252 252 252 252 252 252 252 252 252 250 250 251 250 246 240 244 245 236 243 249 249 248 246 247 247 247 245 245 245 244 244 244 242 239 242 240 241 243 245 243 239 236 240 219 229 229 225 233 229 227 217 208 202 171 128 116 101 104 102 96 44 49 116 56 48 55 36 17 17 16 12 11 7 6 6 15 25 35 
251 250 253 254 254 252 252 252 254 254 254 254 254 254 254 254 252 252 252 252 252 252 252 252 252 252 252 252 252 252 252 248 248 250 243 108 39 125 172 143 186 249 249 247 247 247 247 247 245 246 243 245 246 246 246 244 243 243 243 243 244 243 241 238 241 221 233 233 232 233 228 226 222 204 196 174 126 128 119 105 98 95 37 67 101 62 53 54 26 18 21 21 23 22 18 12 6 6 7 18 
254 254 253 254 254 254 253 253 254 254 254 254 254 254 254 254 253 253 253 252 252 252 252 252 252 252 252 252 252 252 251 246 247 247 173 23 20 36 113 113 130 244 250 248 246 243 247 247 247 247 246 246 246 247 247 244 242 243 242 242 243 243 242 240 239 218 236 235 234 230 229 227 224 212 202 169 132 131 127 121 106 87 40 85 79 67 51 67 22 20 19 20 26 25 18 21 21 19 20 16 
254 254 254 254 254 254 254 254 254 254 254 254 254 254 254 254 254 254 254 252 252 252 252 252 252 252 252 252 252 252 251 245 246 226 106 23 56 28 103 108 116 237 244 249 247 245 247 247 248 248 247 245 245 247 247 244 242 244 242 242 242 243 242 239 237 217 232 235 234 229 229 224 220 208 203 170 131 130 124 125 128 110 66 79 70 78 59 81 16 20 22 19 29 41 14 14 15 27 36 19 
254 254 254 254 254 254 254 254 254 254 254 254 254 254 254 254 254 254 254 252 252 251 252 252 252 251 251 252 252 251 251 248 245 173 77 24 28 19 71 88 101 216 234 243 246 248 248 248 248 247 247 246 245 246 246 245 245 243 242 243 243 244 240 236 238 218 230 235 233 233 226 219 216 209 202 169 132 135 129 125 123 126 117 108 83 68 71 84 30 31 23 22 28 29 15 15 19 32 25 15 
254 254 254 254 254 254 254 254 254 254 254 254 254 254 254 254 254 254 254 252 252 253 252 252 252 251 251 252 252 251 250 249 219 141 59 31 23 25 30 38 47 73 104 137 175 200 222 236 242 245 246 248 245 245 245 245 245 242 242 241 240 239 236 234 238 219 230 235 232 233 229 220 212 200 206 161 132 135 129 127 123 125 119 122 126 123 120 117 112 103 92 72 60 44 30 27 34 39 26 12 
