148 140 101 54 37 70 79 47 23 18 33 100 168 209 191 150 132 157 151 151 164 152 140 173 149 140 173 179 154 152 169 186 182 187 202 181 191 170 174 136 124 144 184 165 164 182 186 178 162 157 174 205 205 203 161 159 144 167 129 160 171 177 176 205 191 169 177 151 170 177 189 179 166 198 152 159 191 195 167 159 173 140 117 147 156 199 198 194 220 191 175 180 182 187 190 187 161 180 177 182 
158 151 136 92 48 71 71 35 23 24 44 128 172 192 168 161 133 152 160 180 178 158 156 184 158 154 154 189 178 154 167 167 171 204 169 178 203 181 152 136 143 133 176 159 150 175 179 140 121 104 152 213 206 191 134 145 143 195 119 178 182 196 190 194 170 153 149 185 178 187 180 174 175 200 157 158 165 168 162 169 145 132 119 137 150 172 184 196 216 213 202 189 192 162 164 157 168 178 171 147 
170 148 133 100 46 68 78 38 25 27 64 148 177 186 175 161 153 158 173 173 149 152 140 150 173 176 197 196 203 217 192 193 200 192 144 162 204 193 156 105 145 118 185 175 180 172 179 132 129 127 155 190 187 186 165 144 153 155 159 160 187 197 196 198 177 175 158 188 195 187 195 189 166 159 173 160 177 154 153 162 171 140 153 152 157 156 196 201 210 209 199 196 171 158 154 141 161 142 148 132 
161 169 147 103 42 63 79 40 28 34 101 167 164 175 174 162 158 151 157 183 165 143 136 151 169 178 205 199 209 214 207 213 193 167 129 153 186 166 134 117 113 139 175 189 167 167 165 149 158 142 147 172 195 167 141 124 153 151 167 183 183 191 191 182 162 172 175 184 187 204 192 190 158 127 173 178 173 134 147 172 174 174 162 155 164 203 194 190 183 192 194 199 177 178 147 142 160 172 167 160 
164 185 185 134 56 64 90 58 36 65 135 159 150 165 163 157 150 150 157 163 150 159 146 162 165 158 179 199 212 219 213 176 129 120 142 181 207 184 161 167 119 141 181 163 160 147 138 148 139 160 156 184 193 179 171 157 182 164 194 184 183 203 187 187 170 149 144 161 152 163 164 161 145 163 200 193 192 145 143 127 150 163 154 151 173 191 209 173 184 194 190 157 159 158 167 162 173 158 169 160 
183 179 184 134 42 57 85 60 36 105 155 149 167 174 164 157 173 169 155 179 175 160 146 162 172 158 157 188 212 203 207 183 154 117 148 183 201 206 203 161 137 166 203 212 170 135 131 122 151 174 189 175 166 172 186 161 177 147 178 201 192 179 191 202 185 172 194 203 172 186 183 120 177 196 189 179 188 175 123 128 179 132 170 144 195 210 197 195 175 192 181 139 110 152 174 167 162 123 126 164 
182 173 158 145 55 52 54 31 30 68 152 156 171 169 191 172 183 175 167 184 173 173 175 162 166 149 156 186 212 200 185 158 120 99 123 198 190 209 213 187 181 177 194 195 151 154 142 152 149 141 149 152 163 181 191 185 158 167 198 194 196 207 169 190 198 143 140 163 134 143 164 126 146 183 172 175 155 177 125 157 190 168 153 173 178 197 187 188 204 176 180 143 125 146 160 163 157 150 177 191 
190 180 165 160 89 53 46 26 28 67 169 172 159 177 197 183 185 176 181 165 165 182 177 173 171 184 150 183 206 208 197 181 159 129 113 176 196 198 223 210 180 191 173 191 140 141 166 169 150 137 121 135 142 176 160 138 169 173 170 155 192 193 199 185 196 139 150 156 130 107 173 200 197 183 174 169 162 164 205 192 193 184 171 179 182 195 179 186 162 157 171 173 179 165 165 185 199 187 181 188 
188 181 163 166 145 107 44 31 36 114 182 164 171 152 175 181 180 169 167 166 144 179 167 145 182 196 175 179 199 208 206 202 175 151 146 202 192 201 203 206 203 189 194 181 163 151 168 168 165 137 125 162 150 183 173 179 184 182 187 168 160 183 178 171 192 161 134 154 121 115 178 195 194 151 167 157 128 156 159 182 183 195 177 169 179 164 179 182 152 152 169 186 175 172 133 172 176 206 203 185 
193 170 152 170 161 147 133 67 55 146 182 170 170 155 190 175 159 170 151 162 155 179 171 156 172 205 207 209 198 190 205 201 196 168 157 178 157 190 181 196 201 206 185 184 159 160 154 179 169 176 139 105 131 177 195 199 171 193 197 167 192 196 194 192 192 173 137 146 117 129 166 190 147 170 150 160 169 180 161 175 186 176 181 184 188 204 207 205 174 159 175 191 176 179 187 150 99 177 175 180 
190 181 160 170 171 168 145 93 76 147 168 188 170 142 156 158 177 179 183 134 133 174 180 166 150 150 190 208 175 183 200 194 174 145 144 153 184 181 171 192 202 206 189 191 182 144 155 169 193 185 153 100 109 143 187 207 190 180 190 177 182 191 193 188 165 170 155 159 140 143 143 146 190 156 180 163 171 192 187 165 182 150 165 165 188 199 183 191 176 149 110 158 166 178 197 164 176 172 181 191 
198 190 158 170 172 170 153 140 140 160 170 197 182 151 158 161 174 194 189 161 160 167 197 187 170 157 188 194 183 184 189 194 180 153 121 132 179 142 175 174 197 201 190 165 156 161 183 188 190 161 155 114 114 121 199 194 190 197 209 174 177 188 200 202 189 174 169 168 123 155 185 168 195 170 152 143 157 176 192 187 167 163 174 197 196 215 190 189 169 165 110 116 171 178 140 125 140 201 184 154 
200 199 177 173 187 176 153 143 140 149 167 191 188 185 173 186 167 190 178 193 160 169 186 171 145 162 182 199 181 161 201 200 173 148 152 178 185 156 157 184 192 184 156 151 138 180 188 184 145 122 118 140 115 169 196 196 203 193 179 160 165 184 178 190 197 182 165 168 151 140 186 181 197 178 169 148 148 169 195 200 190 165 185 193 191 169 193 184 172 177 134 144 155 149 173 185 157 182 196 178 
203 197 178 183 180 167 123 128 141 163 176 187 200 182 173 168 173 188 154 144 156 159 198 192 175 129 162 185 197 174 199 192 145 123 136 168 185 180 188 208 195 176 128 121 136 180 198 175 166 158 146 99 125 135 166 191 177 209 206 190 174 136 162 178 210 199 201 207 165 159 169 173 158 182 182 190 190 190 198 209 217 198 195 184 149 169 186 161 191 179 145 151 132 174 157 172 163 192 205 191 
203 198 190 183 183 174 135 149 144 153 189 171 170 171 138 169 170 168 164 155 166 167 191 160 137 138 171 186 202 213 203 167 148 133 105 118 175 155 165 194 173 158 141 129 141 142 149 167 183 174 144 143 135 153 182 192 189 219 186 157 149 139 150 192 199 191 174 191 178 164 167 178 177 182 184 189 197 166 176 209 193 191 195 168 153 179 155 180 115 136 173 144 152 181 179 184 187 196 175 168 
199 190 184 187 188 174 160 151 144 146 169 157 164 171 157 170 173 173 177 188 184 188 196 169 153 137 154 185 216 193 168 155 145 125 140 126 173 168 203 190 202 175 136 101 120 146 172 177 187 161 119 114 152 133 180 203 210 207 175 122 155 154 164 189 197 171 163 174 194 177 174 177 189 192 194 192 190 180 185 202 190 199 197 208 195 180 165 182 149 166 188 129 159 184 177 182 187 190 196 114 
197 186 177 195 197 179 171 154 153 150 153 171 172 175 170 175 185 167 170 175 197 200 184 170 140 89 128 175 202 187 152 122 135 126 119 173 174 180 209 222 188 167 187 160 167 182 175 196 182 180 167 129 118 112 202 201 197 180 178 156 172 131 167 178 175 188 202 203 193 179 183 178 177 184 168 172 183 193 207 205 179 179 192 197 178 169 138 145 197 199 167 118 155 183 181 191 175 190 191 168 
189 199 204 198 192 177 167 153 144 129 169 189 186 187 176 165 175 191 182 183 180 171 160 175 127 105 116 171 195 192 166 151 151 133 138 160 166 143 177 203 189 181 166 140 155 154 154 193 176 180 182 123 107 139 184 199 198 195 163 212 178 191 183 158 170 187 179 174 204 192 201 197 200 201 177 178 194 212 208 175 193 201 190 174 177 181 172 186 179 201 152 125 145 154 169 196 188 174 173 192 
195 203 205 173 173 196 178 155 128 162 175 172 165 163 166 178 181 202 183 181 171 161 143 151 127 145 145 153 188 216 201 177 172 176 198 178 170 165 163 218 193 172 153 130 170 178 189 206 202 190 159 144 153 180 192 205 188 169 212 204 187 202 119 208 213 182 186 199 185 191 188 190 201 164 201 193 179 184 194 182 188 185 185 199 175 193 174 189 163 172 187 183 139 156 198 185 174 177 164 184 
196 187 177 162 167 187 181 169 175 199 182 165 164 171 167 180 176 192 204 174 166 173 152 148 180 171 122 139 186 213 192 157 156 175 195 215 197 192 152 191 207 194 172 183 170 165 176 180 188 167 183 161 146 152 191 212 186 205 205 172 207 190 169 193 182 182 195 197 191 199 203 195 203 175 195 172 199 173 163 172 168 179 184 185 167 161 181 189 192 174 212 197 141 179 171 152 181 190 173 180 
204 196 191 178 185 194 171 161 193 204 190 171 160 173 167 182 162 197 199 193 163 174 166 155 179 168 138 161 186 185 163 117 141 171 193 192 189 165 173 178 196 201 190 183 172 179 191 190 170 190 184 151 180 157 201 208 193 203 174 188 205 184 177 190 190 181 190 196 183 199 201 204 190 195 167 178 179 151 182 164 164 182 177 148 151 191 190 158 164 150 159 177 167 189 179 206 215 202 177 184 
205 200 206 209 197 187 179 176 195 204 185 173 157 183 182 188 171 172 199 204 182 179 191 141 168 147 162 179 176 148 116 114 161 184 194 197 190 171 146 156 160 206 204 182 158 166 163 155 163 190 179 164 184 196 210 207 178 199 210 188 189 185 195 206 168 127 139 179 182 200 200 202 199 191 170 140 172 197 174 171 158 174 190 205 200 144 173 188 182 167 169 145 207 196 202 216 203 215 171 202 
197 186 192 203 196 189 177 186 207 195 195 196 180 181 156 155 179 212 212 205 195 201 177 164 152 167 170 178 171 143 113 87 115 152 195 173 158 146 168 152 165 203 160 155 184 172 158 146 183 195 205 204 199 204 212 210 191 201 204 188 200 154 151 152 93 118 132 123 122 147 194 190 189 183 175 155 169 180 166 169 143 157 185 185 168 201 194 193 167 154 176 176 193 179 204 209 207 201 179 171 
190 206 200 204 183 180 184 187 201 206 205 203 187 190 177 174 185 189 170 179 196 177 198 172 143 181 202 194 161 125 117 115 164 178 186 183 160 156 163 107 174 167 162 174 193 181 165 161 149 184 156 193 197 206 206 194 197 186 204 206 198 157 155 106 56 58 51 46 88 132 117 183 193 203 185 205 201 193 153 161 169 124 155 193 205 209 207 204 188 151 176 172 186 169 178 193 200 182 191 200 
190 207 209 210 180 184 194 179 167 187 194 197 188 184 191 180 173 183 164 170 168 168 189 152 161 153 190 159 141 159 189 156 169 188 188 192 184 166 175 153 170 182 184 169 160 159 172 158 163 153 151 166 183 190 194 193 184 161 193 215 193 183 149 82 55 45 34 37 39 90 63 108 171 195 192 208 202 168 127 129 163 175 172 144 201 205 199 205 207 195 191 162 163 154 182 192 191 193 201 188 
195 210 211 210 197 194 172 178 171 173 177 199 193 186 190 162 161 185 176 174 172 188 186 148 128 168 176 175 149 177 194 180 200 211 214 198 168 176 166 143 143 177 186 163 158 138 159 156 157 163 153 173 154 177 184 200 202 178 203 210 177 166 181 111 56 48 35 25 27 48 53 40 84 136 171 200 207 192 163 105 112 165 148 193 182 204 175 215 179 177 142 138 171 189 193 202 197 195 197 172 
193 204 196 202 193 188 197 185 187 185 190 188 188 173 176 156 174 184 200 168 175 186 172 154 156 169 168 158 152 192 181 172 195 210 205 202 177 181 177 177 167 175 183 161 142 149 173 153 149 164 183 161 185 166 187 168 185 158 185 180 182 167 169 125 57 45 31 25 24 25 23 30 35 67 139 171 158 146 155 124 135 133 178 199 199 207 187 203 197 140 153 118 183 184 180 197 213 193 193 191 
163 196 197 191 182 189 195 182 184 169 177 190 173 166 191 170 161 191 204 155 178 179 164 153 174 167 175 154 151 170 172 197 195 204 216 206 175 156 168 167 186 174 184 159 149 129 99 87 78 98 95 109 132 136 133 108 117 115 118 173 196 199 191 137 62 46 29 30 23 19 18 20 31 37 89 141 165 179 168 147 107 119 142 152 171 184 201 192 192 160 125 107 160 188 190 185 185 197 180 179 
158 197 190 197 188 181 190 204 180 160 170 192 188 174 190 171 177 167 176 166 192 182 185 171 184 167 172 145 132 173 178 204 189 196 210 206 151 143 171 175 149 149 113 79 57 40 23 30 26 27 24 29 35 26 25 24 27 31 33 75 142 167 171 127 54 38 30 31 25 17 21 22 25 34 64 140 158 137 119 92 76 110 97 69 67 130 163 166 169 168 167 152 156 169 168 183 163 193 176 160 
181 196 206 199 174 189 199 213 177 167 192 194 180 180 181 176 169 180 176 182 193 189 191 190 182 183 179 133 114 147 149 173 194 206 191 139 111 130 110 93 67 63 34 48 42 26 18 29 23 30 22 26 25 17 17 17 18 19 20 24 59 158 200 133 56 55 62 70 48 29 63 69 30 44 99 112 121 149 100 37 25 23 34 37 69 112 139 172 190 173 145 169 192 188 163 191 190 202 189 141 
191 200 199 186 189 192 205 202 166 156 194 192 186 201 183 190 180 179 184 169 183 163 162 201 193 187 163 151 139 137 157 197 179 146 122 92 69 65 60 69 53 41 54 62 31 21 24 29 42 41 30 37 23 24 25 30 25 28 17 17 27 64 108 110 76 76 81 75 54 73 100 98 66 25 32 43 61 69 49 26 31 22 22 31 33 52 145 151 186 186 148 139 174 163 174 191 174 143 208 214 
186 204 206 173 168 192 193 184 161 162 177 192 184 190 177 190 189 191 184 178 188 156 170 180 182 164 151 130 136 130 109 191 158 121 90 76 43 36 37 35 28 33 52 41 17 13 25 19 24 39 36 36 39 36 36 34 24 25 19 19 17 22 54 63 59 51 44 46 54 76 82 59 38 23 40 49 42 39 25 26 24 25 24 28 35 55 74 181 201 150 167 156 171 174 158 170 197 200 188 112 
192 205 194 180 158 191 186 192 171 160 161 181 189 184 168 198 203 185 196 181 178 182 169 187 155 146 146 146 146 125 134 155 140 124 101 66 35 23 25 20 23 18 20 18 13 12 11 16 25 33 31 28 35 31 24 20 20 20 27 28 31 46 63 76 66 46 44 54 70 94 91 76 56 21 28 35 34 30 25 19 31 54 56 27 24 71 185 170 164 190 121 159 184 188 198 208 193 182 147 182 
185 196 201 172 185 199 191 185 158 155 171 175 165 165 161 181 188 178 175 164 191 203 196 193 169 161 165 142 146 123 118 137 126 115 96 73 48 33 23 23 29 22 20 20 22 19 13 14 13 17 17 21 19 18 23 18 21 26 28 31 46 56 61 57 55 62 58 41 47 55 91 53 19 19 23 31 30 31 24 22 23 25 38 67 52 46 89 179 179 166 181 176 169 202 185 189 166 159 170 205 
185 182 188 195 192 176 172 174 166 162 174 176 160 152 153 155 171 159 152 143 185 204 187 165 166 169 174 158 135 137 122 126 97 103 93 78 59 52 47 39 44 41 48 58 44 36 40 30 18 18 17 17 21 23 19 17 27 26 34 42 48 43 45 42 40 37 32 20 22 25 50 28 16 21 22 27 29 23 21 18 25 27 26 31 33 44 94 130 182 167 177 177 207 193 186 166 164 165 176 205 
183 192 188 183 181 156 178 187 176 170 188 191 189 174 155 159 169 174 162 171 189 193 177 154 156 159 166 145 143 134 93 54 94 116 91 59 48 70 73 69 64 58 54 39 35 40 37 37 40 31 47 54 44 37 23 27 32 31 38 31 28 45 55 57 59 41 32 27 30 21 44 28 18 19 24 28 25 26 24 26 26 30 31 31 35 32 30 61 80 65 65 101 177 183 179 169 160 149 143 153 
193 203 197 211 203 185 170 182 186 169 189 186 166 178 180 176 165 183 176 185 184 168 172 157 156 174 163 128 138 153 104 46 79 88 67 48 38 58 79 75 71 59 48 43 35 54 39 52 36 46 64 61 49 37 28 33 41 36 28 26 26 27 42 65 55 64 50 28 26 28 34 38 38 23 22 21 20 29 43 48 55 47 59 47 48 39 38 37 34 35 76 129 163 174 178 193 206 195 180 156 
192 195 194 185 191 192 172 188 200 171 178 176 163 160 184 176 170 182 174 189 200 187 170 147 146 160 170 157 147 127 44 39 61 50 35 26 27 48 47 49 42 46 35 37 43 46 42 44 40 45 48 34 37 34 46 41 36 24 17 13 11 14 14 14 28 70 65 51 53 45 45 40 32 34 33 29 37 51 56 59 68 49 62 55 70 56 42 36 27 23 46 120 149 186 177 151 164 174 173 160 
189 182 185 186 178 182 168 179 196 184 177 170 160 168 186 172 169 169 163 188 173 174 163 153 137 169 188 167 147 108 54 36 27 31 37 27 27 34 44 33 32 34 35 38 42 51 42 41 43 34 32 30 32 30 28 19 16 12 11 10 10 10 12 14 14 20 31 38 36 38 41 33 44 34 34 41 44 50 48 57 49 54 62 74 99 69 51 49 30 24 45 66 144 153 174 209 200 202 185 177 
189 183 177 183 177 181 188 193 191 187 188 176 164 167 198 185 167 183 179 158 162 155 153 176 174 181 181 188 176 141 66 27 30 38 68 73 62 84 43 39 40 32 36 35 28 23 24 30 30 26 22 24 22 19 14 11 9 8 9 9 9 11 12 13 12 12 15 21 29 29 24 44 38 25 27 29 30 28 28 28 31 39 55 91 115 100 103 100 92 86 158 185 164 180 223 233 190 136 152 181 
182 197 187 173 167 164 172 177 193 188 198 187 158 169 189 178 167 169 179 158 133 138 139 183 162 194 180 196 179 165 80 46 40 45 81 116 123 110 94 83 89 77 60 45 40 36 38 40 43 40 28 17 10 11 13 7 9 8 8 8 8 9 10 12 12 12 15 18 19 18 16 23 19 19 18 17 18 21 23 25 30 37 62 98 140 135 137 142 167 218 245 250 242 250 249 236 197 135 162 192 
198 189 188 175 164 174 179 181 198 187 183 187 175 168 159 175 156 154 178 176 167 149 163 159 152 171 146 162 175 174 109 60 44 56 79 95 121 115 87 111 96 83 61 47 52 61 69 68 61 42 36 15 13 22 19 23 11 11 8 9 8 7 9 12 15 16 18 19 16 17 15 15 15 14 15 14 20 19 22 26 35 45 69 111 162 161 176 203 242 253 254 253 253 252 247 242 224 173 113 168 
197 191 184 178 163 185 179 153 167 172 171 159 187 168 150 170 160 142 171 162 187 180 173 164 178 161 137 182 190 161 170 102 55 52 79 80 101 101 82 67 49 38 32 41 51 61 55 47 37 50 29 20 20 24 48 62 25 12 11 11 11 14 16 16 17 17 19 20 28 19 13 14 17 14 12 16 23 30 38 40 49 63 90 144 178 175 224 251 253 255 255 255 255 255 254 254 248 227 173 142 
191 200 198 190 187 185 166 161 178 182 162 171 187 173 151 168 182 198 202 176 207 170 157 160 175 170 185 182 191 185 193 147 65 55 59 64 50 40 35 34 25 24 28 28 28 31 30 37 28 29 23 18 18 27 23 13 10 11 14 13 14 17 16 16 16 18 20 29 37 45 34 30 14 17 16 18 28 41 54 71 88 131 166 187 211 210 250 254 254 255 255 255 254 254 255 254 250 235 189 164 
184 177 199 201 196 171 168 167 179 179 174 165 188 171 137 157 177 204 189 171 181 174 179 161 149 157 198 200 218 210 187 128 82 71 57 43 36 29 32 27 16 14 24 31 24 43 45 40 29 35 21 11 11 11 10 11 11 11 14 13 11 12 13 13 13 16 33 53 66 78 96 104 82 31 21 36 59 76 104 130 155 173 182 190 204 224 242 249 251 249 250 252 251 253 253 251 252 231 172 110 
175 187 178 183 205 170 158 170 159 175 182 174 181 168 146 150 185 193 165 152 171 183 161 133 104 160 214 218 229 215 209 88 87 65 44 32 37 60 52 26 16 10 12 16 34 37 13 9 10 11 8 8 8 7 8 11 10 9 8 8 9 10 11 10 11 14 35 69 92 116 130 124 84 48 29 50 68 82 91 98 112 109 107 116 120 106 86 82 85 96 90 131 178 226 240 229 223 212 183 153 
184 185 189 172 176 167 171 175 164 169 173 170 178 190 178 185 194 182 145 149 164 175 173 170 152 165 213 221 212 185 114 73 80 51 40 56 62 67 46 24 12 10 10 11 11 12 13 13 16 14 14 18 12 7 7 7 9 10 9 8 7 7 7 8 8 11 31 92 123 138 143 123 81 50 46 46 51 52 48 42 41 28 27 32 41 44 33 36 30 32 35 76 149 179 191 191 196 210 169 172 
193 181 196 180 198 180 181 180 178 156 173 169 163 183 189 194 185 189 151 167 195 172 139 137 159 159 193 202 202 126 85 84 81 46 56 61 52 25 27 12 12 14 20 42 47 58 62 51 47 40 48 37 15 9 6 6 8 8 8 9 10 9 7 8 8 11 25 78 119 139 147 140 119 84 57 74 81 78 68 36 30 33 24 24 26 33 33 31 34 41 49 137 174 198 172 173 191 202 166 173 
186 194 193 178 212 190 187 192 187 181 157 159 155 184 204 198 172 184 165 177 173 178 145 134 149 175 192 153 163 96 90 61 47 39 48 48 29 23 27 19 35 21 16 20 17 23 56 101 97 98 93 72 61 52 34 23 14 14 11 21 15 11 9 11 17 18 19 57 110 138 146 148 133 111 97 88 97 110 114 105 74 37 26 23 23 23 30 30 35 46 57 139 137 177 192 174 179 148 174 188 
191 193 194 197 216 200 201 188 187 156 159 144 144 160 195 190 161 179 170 184 193 176 172 140 121 161 154 129 115 61 47 31 41 56 75 69 54 49 80 133 141 53 24 39 18 35 146 172 176 185 179 137 120 111 85 79 61 45 43 25 14 24 22 41 53 42 75 100 115 163 147 149 138 127 127 135 140 139 135 114 77 46 39 30 26 28 26 38 43 56 131 190 182 193 187 177 175 178 177 194 
195 201 190 191 204 182 179 176 173 152 162 139 130 176 185 182 165 164 175 190 180 184 197 152 142 177 174 152 88 43 33 42 45 69 89 88 85 81 142 233 234 104 34 31 62 119 156 224 238 135 64 46 64 83 128 130 124 115 100 87 96 99 110 138 142 166 188 186 202 170 153 157 147 139 142 151 161 163 163 146 129 103 73 52 36 32 30 36 45 107 109 152 206 194 209 196 185 175 173 179 
195 192 182 178 174 175 165 190 179 164 170 154 139 143 174 172 158 172 194 176 190 171 171 152 152 182 179 173 124 98 91 62 61 72 70 62 58 52 44 108 162 169 75 63 103 104 149 225 195 92 52 34 33 43 59 152 149 153 160 166 175 185 204 220 237 241 233 249 222 183 172 167 165 164 163 169 178 176 156 141 131 123 100 95 72 56 76 71 76 107 121 123 186 221 165 171 160 151 190 205 
208 192 194 187 173 167 168 165 185 171 169 181 195 186 182 180 161 168 187 180 184 174 194 164 147 191 178 173 146 121 112 101 99 76 56 38 38 38 30 27 28 41 98 162 189 200 233 232 186 130 67 57 72 107 78 151 173 181 190 201 214 234 249 252 251 248 249 227 194 195 201 193 191 184 192 202 203 192 170 145 137 136 141 147 147 161 183 177 157 189 179 163 222 174 188 206 177 192 188 192 
207 178 181 182 166 168 165 162 199 172 168 178 198 199 172 162 163 174 194 199 193 180 176 179 189 213 184 165 162 150 125 121 106 64 35 29 30 32 36 36 41 44 70 116 149 159 196 242 243 198 141 157 220 209 154 182 202 214 225 236 242 247 239 243 243 234 229 225 234 234 223 217 223 220 226 229 235 217 180 173 174 181 194 211 230 239 247 250 251 252 252 251 250 244 232 201 181 194 186 201 
199 174 190 185 167 190 189 176 190 166 184 177 197 206 178 144 149 179 193 206 190 180 184 166 186 212 193 176 190 156 126 123 89 51 36 30 27 24 23 22 55 120 111 56 93 177 242 246 252 253 252 252 251 246 197 204 225 245 252 253 253 250 253 251 250 250 249 249 249 246 242 243 241 247 250 236 212 198 187 184 189 209 233 247 252 252 253 252 252 252 253 253 253 253 250 230 185 178 191 188 
206 183 177 170 174 193 167 153 186 139 162 180 195 194 183 164 145 148 180 200 167 159 168 196 199 181 185 194 187 171 130 93 60 48 38 31 31 30 29 97 220 238 163 56 107 115 194 243 252 253 252 254 252 227 189 215 246 254 254 254 254 255 254 254 253 252 253 253 248 245 244 248 251 251 252 244 205 185 190 206 222 234 246 251 253 252 252 252 251 251 252 253 254 253 249 223 200 178 193 168 
220 209 175 175 171 172 138 175 207 161 172 183 186 182 187 169 170 144 187 208 185 157 177 197 180 177 188 202 199 163 114 50 36 32 31 35 40 42 44 101 201 181 53 47 111 57 129 238 250 244 247 239 211 179 212 244 251 253 251 248 248 246 239 240 247 249 242 220 209 222 234 240 240 245 246 231 202 194 180 195 211 215 216 223 220 234 235 220 220 215 227 236 244 252 247 240 205 172 162 145 
207 197 151 169 191 187 164 188 217 181 172 182 162 169 167 156 144 139 194 185 166 162 147 165 184 175 186 193 185 135 100 39 19 18 22 34 50 75 91 83 91 120 93 61 56 55 74 176 243 237 219 153 154 160 171 213 223 189 145 125 136 143 131 163 204 174 96 51 117 195 218 232 245 238 235 237 236 220 218 203 207 210 218 203 178 218 195 215 217 204 208 196 200 235 251 247 230 207 165 169 
205 198 183 187 184 191 196 191 223 202 178 182 158 169 178 181 165 142 180 153 151 175 156 159 187 177 181 183 194 131 49 26 22 15 18 19 29 61 84 82 99 109 65 45 59 78 65 117 148 110 87 73 74 72 66 58 49 41 45 55 61 52 55 52 42 31 31 68 159 223 243 250 251 238 222 228 233 239 245 235 228 220 183 191 201 185 211 193 205 207 208 207 200 234 253 247 234 187 155 157 
175 191 188 170 171 198 187 193 234 213 194 191 174 161 172 189 186 180 198 169 184 195 157 149 165 161 186 188 196 153 79 49 46 42 25 30 40 49 55 42 36 27 18 12 14 54 88 83 67 51 30 22 20 15 10 13 13 20 38 39 35 32 33 23 22 30 84 177 208 209 222 231 241 240 233 226 218 210 190 168 204 184 198 167 191 200 210 192 197 204 207 198 204 215 246 235 213 182 179 170 
185 198 196 183 170 185 170 187 197 188 199 182 176 158 155 178 185 184 203 172 192 182 165 165 159 146 190 188 188 179 145 111 90 76 88 72 74 71 75 72 59 64 46 23 13 13 16 18 20 18 12 11 10 11 11 17 27 43 60 69 60 59 55 50 69 90 116 159 177 216 210 213 198 209 209 191 180 204 192 143 158 199 178 166 192 205 210 194 179 196 208 205 199 210 202 198 197 208 196 183 
195 200 192 184 177 172 184 186 178 188 197 191 178 150 140 183 164 161 199 175 190 203 168 180 148 126 192 189 172 168 164 160 135 107 85 113 119 107 103 94 102 95 74 59 44 32 23 17 17 20 13 10 12 16 23 28 37 73 110 113 112 121 123 122 142 148 150 191 123 172 170 195 182 205 199 200 219 205 211 207 138 203 187 184 161 210 210 196 169 191 204 194 198 204 177 200 201 207 182 148 
183 203 192 197 163 168 172 161 163 167 179 185 156 123 148 188 169 166 189 202 204 201 192 153 121 150 199 175 160 170 174 171 176 111 79 119 119 128 130 110 79 69 64 54 46 44 43 37 32 44 62 32 21 29 48 77 98 109 132 165 170 166 162 167 175 183 162 159 161 190 165 191 203 205 209 221 203 211 211 212 182 180 188 192 200 178 212 208 196 200 198 187 194 201 188 186 195 196 174 150 
175 200 194 201 160 160 174 162 180 171 173 192 169 144 155 196 208 189 196 188 186 208 195 163 148 135 185 193 203 173 170 171 162 148 126 100 120 134 121 127 107 75 60 57 44 34 31 29 37 55 66 81 68 71 88 100 112 137 156 192 183 165 130 165 161 195 173 161 166 175 181 205 183 200 211 212 201 198 192 179 192 153 198 192 202 203 209 209 196 190 177 188 204 205 202 195 203 194 202 194 
186 193 193 186 187 182 179 190 202 191 188 200 177 162 151 204 212 210 188 169 190 191 183 184 184 173 184 200 182 166 172 143 141 149 146 148 117 104 124 124 104 88 63 53 55 40 38 47 69 113 132 116 131 143 166 172 173 176 187 192 186 173 154 167 187 197 156 163 178 175 179 219 207 197 219 213 207 210 203 197 187 180 205 185 200 201 218 216 218 210 201 175 187 197 202 203 204 223 211 168 
184 194 191 197 192 178 164 203 179 174 191 176 177 162 182 180 183 201 194 193 185 199 178 177 208 188 188 181 188 168 168 120 129 143 160 153 147 120 109 97 108 90 70 62 64 69 66 92 125 149 157 159 172 186 195 186 171 189 198 199 144 156 174 177 192 212 187 168 172 181 182 166 190 197 208 206 198 202 209 192 197 177 195 173 200 207 200 212 219 212 191 190 181 193 205 209 214 197 206 204 
197 186 203 212 192 179 172 192 162 171 190 179 189 170 174 170 175 183 207 214 200 186 172 170 179 170 185 203 156 162 163 142 148 142 166 164 154 109 133 118 106 88 82 75 80 106 117 195 203 177 171 180 188 195 198 170 157 181 203 176 162 171 174 192 182 175 189 149 165 162 170 156 171 178 194 192 187 210 182 182 201 178 174 179 183 161 165 191 194 206 191 197 185 195 191 198 204 212 197 203 
205 183 180 194 192 192 206 199 190 183 186 175 167 162 158 164 157 199 211 194 173 169 173 163 155 172 186 181 171 157 159 165 168 170 142 150 164 131 116 134 159 156 137 150 155 160 186 204 202 183 190 192 185 182 196 185 163 187 208 205 186 163 180 192 159 138 172 155 211 216 212 205 128 167 181 203 205 215 213 169 125 164 169 167 168 156 100 133 185 197 204 198 195 205 191 185 202 204 210 203 
207 199 190 177 187 199 191 198 189 183 176 177 165 174 177 160 171 187 192 188 184 198 174 144 149 147 175 197 184 174 157 175 176 169 142 180 187 167 141 134 154 170 176 167 158 173 213 214 201 175 186 190 177 193 197 148 93 162 186 187 195 165 156 145 151 120 151 165 193 193 194 205 171 124 177 199 194 194 185 178 149 149 161 157 115 107 117 156 160 206 162 203 180 190 207 187 197 201 203 189 
202 207 193 193 173 175 178 193 200 196 178 179 163 187 171 160 168 150 177 186 165 197 188 164 178 181 204 174 170 169 167 177 190 199 189 213 216 189 152 163 139 178 195 175 142 158 203 203 196 184 181 172 182 199 210 181 140 137 202 196 190 193 181 147 147 163 134 160 155 198 209 181 149 168 193 200 187 183 197 164 132 112 140 190 207 175 178 169 144 171 192 194 188 192 192 194 195 187 196 203 
198 205 195 194 160 137 207 207 211 207 172 170 165 174 178 159 168 160 182 191 183 188 197 176 183 190 174 181 162 189 190 171 198 196 210 197 214 199 134 151 155 182 189 168 172 155 201 203 197 170 191 189 195 211 194 195 190 160 200 201 166 187 153 146 154 158 107 132 178 188 188 200 157 153 189 190 191 176 183 175 176 147 124 161 183 171 198 162 145 171 174 200 183 174 187 184 167 181 195 169 
200 181 177 183 172 149 194 208 196 213 221 195 175 179 152 166 161 168 184 196 181 194 212 169 175 200 188 174 160 161 160 191 196 206 200 208 204 162 167 160 184 173 195 182 157 189 207 182 183 172 188 185 186 179 195 216 182 144 173 196 159 179 194 177 174 192 167 155 160 165 158 174 156 140 192 194 186 181 179 158 154 157 195 186 169 178 196 165 119 131 192 197 206 197 187 205 188 195 191 164 
192 177 172 177 177 178 181 207 180 202 213 201 168 157 162 161 163 176 170 186 161 169 186 164 171 201 189 185 174 171 157 165 176 200 199 176 186 186 166 155 150 160 190 174 170 196 186 177 172 190 205 198 190 190 199 207 211 208 193 200 204 172 180 180 187 182 207 209 198 168 182 154 139 150 175 192 187 192 193 181 179 141 189 176 193 143 164 189 174 110 172 204 202 194 170 188 204 210 199 181 
185 184 185 188 201 179 161 214 201 203 210 212 194 175 193 159 161 186 162 177 174 157 136 158 197 208 195 167 171 169 159 153 160 195 178 179 192 159 187 171 142 180 170 176 157 180 190 189 178 163 203 212 211 194 183 175 161 189 214 191 180 170 197 205 191 181 201 168 196 203 204 187 165 145 186 196 183 217 197 187 179 150 182 198 172 151 176 193 171 142 165 186 204 208 200 195 210 185 179 196 
205 192 184 178 202 178 133 171 174 175 214 197 186 181 198 177 152 162 166 184 182 161 162 165 197 198 182 161 166 164 159 133 136 189 148 154 167 174 197 188 151 162 179 176 148 164 172 144 168 163 201 195 205 204 173 153 172 201 211 192 166 177 212 190 179 167 184 200 179 185 168 165 169 149 178 182 175 179 197 181 178 169 172 160 154 171 138 166 155 138 178 196 180 195 204 190 195 202 192 177 
201 191 185 156 191 158 132 180 199 172 192 168 146 155 177 183 187 190 187 166 168 172 197 195 211 207 182 181 165 185 177 165 146 166 156 148 166 189 202 191 194 190 182 161 143 166 167 149 141 139 201 195 191 164 209 205 190 194 217 196 195 200 200 181 177 161 193 179 160 177 183 163 173 146 169 149 147 164 192 205 188 161 181 187 151 148 150 148 119 105 185 186 186 188 180 153 183 195 186 139 
218 216 199 169 185 175 179 199 192 165 173 171 151 133 156 174 182 198 183 165 140 138 192 203 199 196 187 184 188 188 189 174 149 173 169 134 165 186 165 155 183 182 173 175 150 170 183 151 116 158 170 195 166 164 201 173 159 158 161 207 210 205 213 209 168 133 178 191 175 149 172 156 128 151 169 166 162 167 153 178 192 173 176 169 187 143 122 123 95 127 190 190 172 175 182 186 202 191 135 124 
213 222 207 170 189 190 174 181 183 176 163 173 157 150 198 177 164 177 177 155 146 169 214 215 216 201 180 151 135 160 164 144 149 155 125 124 145 187 179 169 185 204 201 177 188 198 173 176 180 155 179 186 158 177 192 192 187 158 174 206 200 207 209 195 172 182 154 197 154 159 163 154 159 126 148 160 161 175 164 164 182 171 179 187 181 178 145 109 125 166 190 175 146 179 131 155 199 191 177 164 
212 220 197 157 207 214 187 174 176 183 174 178 163 179 194 176 176 165 156 134 127 142 189 218 217 211 188 181 171 164 155 152 177 162 157 148 165 188 194 193 210 212 188 172 188 215 183 178 152 166 152 175 171 176 181 186 181 171 152 193 213 193 207 198 189 153 177 197 175 191 178 177 167 130 143 169 192 184 184 168 144 181 162 124 152 170 196 188 140 178 207 197 156 150 164 101 179 184 192 167 
208 207 195 180 220 223 191 185 169 167 166 186 171 178 184 169 182 183 166 140 142 138 169 204 205 182 184 216 208 165 162 170 190 165 179 201 189 173 181 209 203 179 166 153 166 187 190 184 174 177 155 160 179 197 201 185 193 209 191 181 202 190 202 180 148 151 192 177 193 188 176 165 146 193 187 196 195 171 148 155 153 165 147 132 129 162 178 157 146 147 192 180 141 125 165 88 169 178 149 160 
202 200 197 184 196 214 182 175 166 165 177 188 182 172 150 137 172 201 174 144 140 160 179 207 197 156 173 199 184 183 180 186 183 174 177 195 204 191 212 203 188 157 148 156 179 192 189 173 158 140 155 165 176 192 189 203 206 214 202 196 214 196 204 156 168 178 178 192 196 189 176 173 190 194 188 189 199 182 177 145 162 159 172 168 165 149 109 131 128 153 167 185 146 160 142 164 176 175 184 185 
215 203 195 184 210 211 185 174 169 158 162 183 175 144 116 142 193 194 182 145 139 143 178 208 196 147 149 169 182 192 187 173 167 145 147 196 195 192 175 171 188 161 161 153 161 166 163 143 177 177 164 161 174 186 170 186 188 202 187 159 130 164 185 172 174 188 172 168 174 193 202 190 203 178 165 197 198 161 149 144 158 149 156 166 163 153 138 165 127 149 161 171 152 142 123 148 191 180 186 153 
191 176 205 200 196 187 183 168 175 160 171 192 163 147 132 149 160 170 175 164 166 155 159 202 182 138 168 161 172 185 175 160 137 141 166 207 205 174 168 171 183 140 156 194 171 170 169 156 168 162 188 218 208 206 196 190 188 169 191 161 113 172 158 148 163 170 187 174 184 181 184 187 186 178 209 185 170 171 161 182 180 179 151 191 206 157 174 155 121 147 148 188 195 155 149 189 211 193 167 128 
191 157 197 191 192 179 207 194 176 160 186 189 168 152 157 163 150 159 159 155 171 172 174 198 188 159 150 133 153 160 163 140 107 115 174 172 153 161 148 139 157 166 177 182 190 184 162 151 163 167 153 170 203 203 191 187 159 169 163 155 127 143 157 150 151 166 201 188 171 192 175 187 200 210 182 155 160 147 165 171 157 150 172 150 167 167 159 138 154 144 142 185 190 179 189 205 202 163 171 142 
197 152 182 185 182 173 211 199 183 159 194 191 188 173 168 156 175 151 126 141 177 199 192 157 151 159 140 125 142 176 173 156 123 137 152 138 136 168 156 155 178 194 181 189 180 167 154 148 171 171 190 167 185 189 183 179 167 175 181 151 149 168 186 176 171 200 194 181 139 186 180 195 196 200 163 162 165 152 132 156 156 182 187 167 190 183 185 171 184 142 179 203 200 207 210 198 191 201 173 142 
207 158 185 192 161 143 194 216 205 188 178 158 163 163 174 173 184 169 149 167 192 192 178 159 169 139 115 140 153 156 153 145 136 138 152 156 165 168 185 156 153 170 174 183 184 177 154 156 174 187 179 196 184 195 184 188 168 173 151 135 112 168 203 177 181 181 210 181 163 177 186 196 207 207 182 166 146 135 128 132 166 165 189 186 180 143 167 153 150 161 176 199 208 218 201 198 170 170 143 167 
218 162 199 201 173 147 160 215 214 183 189 178 153 162 176 163 191 182 148 142 184 193 177 175 186 175 163 159 146 150 165 154 157 162 163 153 156 187 191 159 158 182 178 191 190 175 138 141 180 177 185 188 177 196 178 177 162 142 140 164 154 179 169 163 178 149 140 186 166 185 213 197 184 198 159 139 149 151 140 149 170 179 155 173 193 194 151 139 148 167 192 205 212 214 206 166 155 162 154 141 
211 143 173 203 186 157 177 205 217 201 185 167 176 179 171 134 176 169 152 148 170 199 197 190 194 191 190 162 121 135 163 159 160 152 160 144 168 163 167 176 178 188 167 184 192 177 154 146 137 181 202 191 174 174 177 178 177 183 160 111 147 169 175 183 170 173 155 173 171 181 190 197 174 158 154 152 160 163 175 186 149 142 138 128 179 177 114 121 177 174 175 196 193 200 197 176 174 168 153 164 
227 151 160 184 168 188 184 195 227 221 188 161 201 170 171 152 159 163 142 133 168 180 208 208 221 193 187 154 133 113 160 171 168 144 156 170 150 133 165 183 161 180 146 167 173 163 186 152 145 203 190 184 188 175 187 192 191 172 176 124 152 175 167 161 154 171 163 162 169 155 179 169 145 157 160 141 181 204 156 144 176 171 146 151 134 166 164 133 202 197 202 187 196 192 193 154 146 154 151 171 
226 157 167 202 192 182 188 182 217 225 188 185 215 176 158 147 131 146 174 164 153 167 205 196 194 199 189 164 137 156 193 190 165 156 168 154 135 140 157 199 178 166 155 165 154 128 117 129 187 199 183 189 195 188 181 181 160 185 174 161 173 139 158 171 163 156 148 164 172 195 208 202 149 149 146 181 198 204 191 178 176 132 141 135 155 159 149 111 160 193 192 206 206 193 177 180 138 130 120 173 
211 173 157 215 194 186 209 195 183 183 174 184 195 158 177 161 127 136 197 190 164 160 199 176 206 210 191 180 172 151 170 159 166 157 156 143 143 134 178 188 150 157 171 166 148 154 107 153 186 192 190 185 192 199 189 171 187 189 170 183 187 156 142 135 134 148 141 151 164 173 201 161 187 170 167 176 175 162 179 198 157 153 167 159 153 115 130 161 150 188 180 195 196 201 187 169 171 139 157 169 
211 175 156 204 189 194 202 183 166 175 179 184 185 167 167 162 149 147 168 187 170 176 171 187 217 214 185 168 157 158 148 167 172 157 154 151 133 146 179 186 155 161 186 172 167 175 158 180 188 174 197 176 187 189 197 182 181 171 172 169 183 153 164 165 162 162 141 158 177 175 183 185 155 146 136 158 155 132 150 183 166 158 138 148 161 116 138 152 157 165 198 198 190 171 170 165 157 174 183 161 
206 202 174 194 177 169 185 167 155 187 197 182 168 166 151 153 128 149 172 206 198 178 156 202 229 201 179 164 137 127 140 173 178 155 182 141 129 150 179 196 157 162 189 192 188 166 186 171 179 175 184 171 180 183 195 183 189 176 147 158 167 164 163 177 160 162 151 149 173 185 162 153 149 144 167 160 173 189 174 137 139 167 159 157 118 147 188 167 109 150 170 173 179 210 171 182 194 192 188 196 
189 200 171 177 180 172 164 145 132 140 198 191 181 159 158 153 158 163 165 206 183 135 155 186 221 185 161 166 160 155 151 181 171 149 176 166 163 193 198 210 185 160 167 177 159 185 171 150 159 183 183 193 198 182 162 182 199 186 180 182 190 175 161 139 162 186 161 185 207 169 169 160 187 171 173 189 183 162 159 148 167 151 167 141 111 168 203 185 143 134 167 159 156 158 141 127 159 148 198 181 
178 207 174 178 188 180 160 160 144 130 198 214 187 179 169 147 166 174 142 190 188 152 145 182 211 186 157 157 148 158 135 147 162 170 157 190 186 182 196 201 204 168 178 178 143 175 178 155 133 169 175 162 181 172 182 191 204 181 182 193 188 173 141 150 178 174 171 163 168 164 192 206 178 155 132 165 133 170 177 186 174 139 167 148 160 180 177 148 178 122 144 183 176 152 172 152 161 157 170 131 
168 216 177 186 175 183 181 166 154 158 161 209 221 160 152 156 181 158 142 180 180 161 157 164 202 191 153 152 131 137 149 157 137 155 150 193 187 200 199 176 192 176 177 166 157 185 174 153 133 144 179 155 167 159 174 193 213 177 179 190 197 183 162 166 183 194 193 185 170 118 131 150 147 153 156 142 163 141 134 160 170 141 131 137 135 125 116 124 146 159 159 152 139 124 128 147 168 149 154 148 
113 217 177 184 169 170 177 160 149 123 140 201 219 156 167 174 179 176 173 187 170 150 152 172 195 176 167 170 160 154 155 156 161 170 182 198 184 192 182 160 177 169 163 183 184 181 157 189 163 162 179 181 189 174 183 208 204 197 181 187 212 192 163 154 159 155 169 151 117 127 177 149 149 167 173 155 123 146 166 182 149 122 155 151 167 157 153 144 178 150 143 132 115 134 153 104 161 170 139 140 
142 223 179 162 173 170 185 174 157 115 152 207 219 162 145 159 171 172 188 197 186 161 142 152 174 195 177 184 174 157 180 169 162 153 171 175 166 178 162 164 194 155 163 191 178 145 149 159 146 153 180 165 182 191 182 189 202 207 202 197 214 206 212 178 170 187 183 166 157 142 170 141 147 182 170 129 134 136 174 161 145 111 131 139 164 145 135 144 129 142 168 150 126 151 173 161 149 156 162 171 
131 221 197 171 167 169 183 168 157 129 153 196 222 161 129 143 150 150 168 185 180 143 134 126 150 197 191 167 150 163 161 175 173 152 157 152 164 159 141 159 174 160 156 182 178 184 187 168 153 130 153 167 169 183 193 189 187 204 194 207 194 205 211 205 197 173 168 164 164 164 172 156 156 173 155 176 152 158 164 145 120 139 133 149 127 120 122 129 146 136 143 147 150 130 142 145 141 175 133 117 
132 221 180 149 144 159 173 157 153 130 141 167 188 172 153 161 158 144 164 185 187 171 154 137 162 205 203 191 183 158 130 126 142 150 149 146 142 140 130 143 163 170 145 167 148 155 154 171 155 132 153 157 165 190 207 178 187 205 199 206 194 201 193 203 199 194 184 200 189 135 137 143 140 158 171 172 149 147 137 136 135 141 126 113 135 164 192 148 102 95 82 123 145 147 136 151 119 179 131 134 
