209 209 209 209 208 210 210 209 209 208 208 208 208 206 205 205 205 206 205 205 207 207 207 209 209 207 208 210 208 208 208 206 205 207 208 207 208 209 210 210 211 212 212 212 214 214 213 213 210 209 208 209 207 207 207 207 207 206 205 204 203 202 201 200 200 198 199 198 198 183 154 155 152 161 164 169 158 165 176 182 183 190 208 178 181 176 179 178 175 173 180 184 186 193 208 187 185 213 221 165 
211 211 213 211 213 211 210 210 209 210 210 209 209 207 208 206 208 207 206 209 207 209 207 210 208 209 208 210 207 208 209 208 207 208 208 209 208 210 208 212 212 212 213 213 212 212 211 208 211 209 208 209 208 208 208 207 207 207 205 204 205 204 202 202 202 198 200 199 199 175 155 157 160 161 169 177 153 159 170 180 185 192 211 184 171 177 172 164 184 178 194 209 200 188 193 183 190 214 231 171 
213 212 213 214 211 211 210 212 211 213 211 211 210 211 210 209 209 208 209 208 209 209 208 209 208 209 208 208 208 210 211 208 208 207 208 208 209 211 210 211 213 213 211 213 211 211 211 207 207 207 207 208 207 207 209 199 208 206 204 205 203 203 203 201 201 199 199 199 200 168 151 157 168 165 171 162 156 153 160 173 176 183 206 171 162 177 173 173 180 174 184 206 196 180 180 179 196 214 235 201 
212 214 212 212 214 213 212 212 214 212 212 211 210 210 208 207 208 208 207 210 209 210 208 208 210 210 212 210 209 210 209 210 210 208 209 211 209 210 213 214 213 214 210 197 170 146 138 159 167 174 186 200 203 205 206 206 206 207 206 205 205 203 202 202 200 200 201 199 200 151 146 155 160 158 172 170 165 159 170 175 172 168 173 163 136 148 164 164 181 184 211 223 181 170 185 193 189 200 224 194 
214 215 213 215 212 216 215 214 215 213 212 214 213 212 210 209 210 209 209 210 211 212 209 210 212 212 212 215 209 212 212 210 212 213 212 212 212 211 213 215 214 209 187 155 146 121 102 88 98 99 111 121 144 182 205 206 209 208 205 206 204 205 205 198 200 193 198 199 199 148 148 158 160 158 174 175 156 155 164 165 147 143 152 158 149 129 147 154 145 177 206 232 177 176 185 197 196 199 232 184 
216 216 216 215 215 217 214 214 216 213 213 214 213 212 210 212 210 210 209 209 211 212 211 211 211 210 212 210 210 212 212 212 211 213 213 214 213 214 215 216 213 206 185 165 146 114 102 104 97 95 99 101 94 114 149 155 164 188 201 202 205 200 204 204 194 197 181 190 195 142 146 164 175 168 177 159 144 143 143 142 136 137 128 131 139 138 145 141 131 162 201 201 168 170 202 205 195 183 206 176 
216 215 218 217 216 218 217 215 218 215 215 214 213 211 212 209 211 209 210 212 211 212 210 213 212 213 213 213 210 214 213 212 212 211 214 213 214 214 213 209 195 166 143 125 113 111 108 111 97 104 104 112 110 110 113 111 108 107 142 186 188 200 201 198 187 185 168 162 174 134 145 162 168 173 164 144 146 147 146 153 148 150 125 120 131 139 149 145 111 125 179 196 182 178 180 224 225 212 232 195 
216 219 218 220 217 217 218 217 217 217 216 213 214 213 213 212 211 211 211 210 211 213 213 214 214 213 214 213 213 213 215 214 212 214 213 215 214 216 216 207 164 139 134 145 133 116 113 112 116 119 124 123 117 116 102 104 109 108 96 140 169 179 180 177 168 166 133 133 128 130 145 149 141 160 151 141 140 132 143 166 173 152 145 141 144 147 165 141 120 120 139 182 169 174 195 213 238 224 236 209 
220 218 220 218 220 219 220 218 218 217 218 217 216 214 213 213 214 214 214 213 213 214 215 215 213 214 214 215 214 213 215 213 213 212 214 215 216 217 215 197 147 134 137 140 145 128 122 120 121 132 136 122 128 126 106 100 108 109 116 125 124 123 135 148 152 147 131 120 117 132 144 122 132 166 154 149 147 155 164 158 141 148 148 145 147 155 155 145 130 141 126 151 197 188 198 201 230 240 226 200 
220 222 222 221 221 223 220 219 219 220 218 216 215 214 214 213 213 213 214 211 212 213 214 215 215 213 215 213 216 215 215 216 214 215 215 215 217 217 211 181 137 143 143 145 154 155 135 134 137 139 134 116 129 132 108 108 113 124 130 126 131 142 153 153 158 143 136 141 129 149 141 118 136 160 173 170 171 167 170 168 162 164 165 162 158 156 151 141 139 165 140 167 197 194 212 214 210 223 218 190 
222 222 223 224 224 220 222 220 219 221 218 218 218 217 216 213 215 213 214 212 209 213 214 214 217 216 215 215 212 215 216 218 215 215 214 215 216 214 202 172 148 144 149 159 154 145 136 134 148 152 140 117 114 121 112 111 121 123 134 138 144 149 158 155 153 150 148 154 153 161 147 136 138 154 171 181 182 183 179 183 182 182 176 171 167 159 149 147 142 149 126 191 189 180 196 223 215 224 238 190 
221 223 223 226 225 224 225 220 219 222 219 218 219 219 218 217 215 214 215 214 215 215 216 216 218 216 216 216 214 216 217 214 217 213 211 214 214 213 196 159 142 141 154 157 147 145 134 137 143 165 160 141 124 126 121 126 133 140 149 143 146 151 157 156 163 158 167 166 164 157 143 134 137 150 158 173 178 179 183 190 202 202 195 186 177 166 156 140 134 135 150 178 200 207 209 236 233 229 243 201 
226 226 229 226 224 223 223 223 221 222 220 220 218 218 217 218 217 216 215 216 215 217 213 217 217 218 218 215 216 217 215 216 216 216 214 216 217 210 170 147 142 140 151 157 149 154 143 139 146 161 169 156 143 140 130 141 144 153 158 159 168 171 163 159 167 171 168 164 162 158 152 150 148 148 155 158 164 175 178 194 199 195 186 180 185 180 151 134 127 128 123 178 220 214 205 229 229 230 231 200 
225 223 223 225 229 225 224 221 222 223 223 222 220 220 219 216 216 219 214 217 216 219 218 217 219 220 217 218 217 219 218 218 217 214 217 218 213 180 159 159 153 154 159 150 156 158 158 149 151 152 154 158 147 158 157 153 156 163 170 172 179 180 173 172 183 179 170 168 162 164 167 166 165 167 163 163 162 162 169 180 184 182 191 186 187 171 149 131 123 108 111 172 222 221 203 227 245 241 216 221 
227 227 226 227 225 225 231 224 226 222 224 222 220 218 220 219 217 218 218 216 219 218 219 218 218 219 217 220 219 219 219 219 215 217 217 216 175 162 159 150 151 156 162 159 161 170 176 169 158 158 159 165 165 172 175 165 162 168 170 180 190 182 176 191 184 177 168 166 172 179 179 183 183 182 179 175 170 170 168 171 173 172 180 194 184 163 140 132 118 105 123 165 217 234 209 207 249 239 208 225 
230 227 230 229 229 227 227 227 226 225 225 222 221 219 219 218 219 219 216 217 218 219 220 220 218 217 220 218 219 221 220 219 220 218 207 165 156 144 154 154 158 162 168 161 166 170 180 175 158 162 161 161 169 167 174 169 175 178 177 188 188 178 175 179 177 179 186 190 186 187 182 184 191 202 204 190 186 184 184 184 179 177 174 172 171 159 135 130 122 116 161 182 218 236 221 210 243 246 211 210 
229 228 227 226 228 230 228 226 225 223 225 222 221 220 222 218 217 216 217 216 218 219 219 216 219 216 218 218 220 221 219 219 218 211 162 152 155 154 161 167 169 171 171 165 168 171 181 175 166 166 162 162 163 161 173 167 173 179 189 195 193 185 181 181 184 189 194 190 186 188 185 185 189 205 211 204 197 197 198 191 181 174 168 167 164 147 139 121 116 111 147 186 218 227 226 208 229 248 222 205 
229 230 228 230 229 227 227 227 228 227 222 223 223 223 223 221 218 217 217 219 221 218 218 219 220 218 217 221 221 222 219 215 204 178 157 161 168 167 173 173 180 190 188 172 173 176 177 187 176 177 169 165 166 169 168 169 170 178 189 193 199 189 182 179 188 195 195 200 196 192 187 187 192 202 207 207 205 206 201 188 180 168 159 154 166 155 142 126 116 131 173 190 225 216 227 214 225 250 219 212 
230 228 230 230 229 228 228 229 228 225 226 228 223 223 222 221 220 217 217 219 221 220 220 222 220 222 218 219 218 220 220 206 182 170 166 170 175 174 190 194 202 189 181 180 182 181 182 188 187 183 177 180 181 176 173 170 170 176 187 190 193 186 182 183 199 199 201 202 195 189 188 188 190 190 195 209 210 205 195 185 177 167 150 161 186 166 159 136 121 147 192 205 222 219 217 228 218 236 215 212 
232 229 232 230 229 231 230 228 229 227 226 224 224 220 223 220 220 220 219 217 220 222 221 224 224 221 219 219 222 221 204 174 169 164 170 160 176 178 197 199 190 188 184 183 182 186 182 188 183 178 179 180 182 181 174 178 173 183 186 188 194 192 189 190 208 201 202 203 200 198 198 192 187 189 195 209 219 212 196 181 181 175 167 172 189 185 200 170 156 165 207 218 213 220 201 218 218 232 220 205 
232 232 229 233 230 231 228 231 229 226 226 226 226 224 222 223 220 220 219 221 223 224 221 223 222 221 221 220 222 211 175 148 157 158 162 153 173 177 191 193 192 189 185 190 198 197 185 181 179 181 178 176 174 179 181 187 186 177 179 185 198 195 187 196 210 217 219 211 212 205 197 192 196 197 193 199 210 201 177 157 152 169 191 181 171 172 193 183 207 188 201 216 207 207 219 197 201 223 217 209 
234 233 231 232 232 233 231 229 232 231 228 227 228 226 226 222 221 221 220 224 222 222 221 223 221 221 220 222 221 195 168 148 161 154 163 145 167 171 178 182 182 182 183 190 198 196 185 179 182 187 180 177 178 183 181 189 195 185 182 188 199 192 187 200 220 217 212 216 210 194 191 195 201 205 198 193 187 177 172 160 167 178 172 167 171 167 173 187 223 194 194 201 193 201 219 211 216 224 226 213 
233 232 233 233 232 230 232 231 231 231 228 226 226 227 226 225 224 223 223 223 224 224 224 223 224 224 223 221 214 187 169 161 161 169 173 152 166 174 179 173 174 177 179 177 174 182 181 187 187 191 188 189 181 182 178 190 197 191 187 196 195 189 181 195 198 190 192 192 184 177 184 196 198 205 200 190 189 180 170 158 175 175 169 160 149 165 186 213 221 196 181 203 197 205 228 222 213 218 220 199 
233 234 231 233 234 233 233 234 230 228 230 227 225 225 226 225 226 225 223 225 226 225 225 225 225 224 223 221 210 180 174 158 153 177 171 168 179 181 181 180 182 180 183 177 172 175 183 187 184 192 191 190 187 180 179 183 192 187 171 177 175 179 176 188 195 194 196 192 193 196 200 201 197 194 190 187 185 178 170 171 169 160 173 165 164 179 204 205 212 192 192 198 198 194 219 219 212 224 235 204 
235 232 232 233 235 234 233 233 231 231 230 230 226 225 224 226 226 226 225 226 224 227 226 228 225 225 225 222 211 179 158 149 152 159 166 174 175 181 185 192 190 187 184 179 179 172 174 175 178 186 182 184 187 186 187 185 187 170 160 166 169 165 169 181 185 191 188 193 197 205 202 207 199 196 188 181 178 178 175 171 164 162 159 187 202 188 205 226 201 199 196 200 197 194 206 222 220 241 237 201 
236 234 236 234 235 234 235 233 234 231 232 232 227 230 228 227 230 227 226 227 227 228 227 228 228 226 225 224 214 181 152 150 158 155 155 172 168 181 186 192 196 190 187 183 173 172 178 173 173 175 176 181 189 193 201 200 178 161 159 164 163 160 168 178 179 188 197 196 201 203 199 197 200 199 188 175 169 166 164 159 153 155 166 176 199 212 204 225 199 206 187 196 208 199 206 212 226 242 240 195 
238 236 235 238 237 233 235 235 235 232 235 232 231 231 231 229 230 228 227 228 228 228 227 228 227 225 224 225 217 182 153 154 161 166 168 167 164 169 183 200 207 200 191 183 176 179 173 170 170 174 172 171 177 188 182 172 167 164 161 171 171 167 171 172 182 190 193 203 196 195 194 189 195 198 188 176 160 150 146 151 156 161 171 173 197 220 207 220 206 190 183 189 204 220 213 189 208 234 223 207 
238 235 235 237 237 236 237 236 233 234 233 233 231 232 231 229 227 227 228 230 227 228 229 228 230 229 226 222 217 177 151 157 159 171 170 158 162 175 186 194 198 204 204 203 193 183 179 172 163 169 165 167 174 183 185 179 179 168 159 166 174 173 177 181 192 196 201 197 193 198 199 194 187 182 177 170 161 150 144 156 159 181 178 182 197 215 195 208 220 180 184 209 196 206 217 210 220 234 231 207 
240 236 236 237 238 238 238 236 236 234 233 235 232 232 233 230 229 229 230 231 228 229 229 231 231 232 231 224 204 160 156 161 164 160 163 163 160 177 182 188 191 194 201 198 192 185 177 167 160 154 162 164 170 179 187 191 190 169 159 156 166 177 183 189 185 200 204 197 195 195 191 181 172 169 163 161 161 155 151 150 146 209 214 186 201 212 213 210 226 177 194 200 186 204 223 215 207 217 229 206 
241 239 240 238 239 239 237 236 237 235 235 234 232 235 234 232 230 229 229 229 229 230 233 234 232 232 229 217 181 161 160 170 174 169 153 157 163 172 174 182 193 195 198 203 200 191 179 170 161 149 159 160 167 183 193 185 184 171 166 165 164 165 167 172 174 189 193 186 185 180 173 169 159 160 157 146 139 145 153 152 149 207 203 202 197 186 208 195 200 178 206 214 200 193 226 236 230 223 234 217 
242 239 241 242 241 242 239 240 239 235 236 234 235 231 232 233 232 230 231 231 232 231 230 235 235 231 227 212 183 164 166 179 174 157 149 154 172 170 187 202 203 192 184 186 190 199 195 178 168 157 155 157 169 177 182 178 179 180 168 163 166 163 157 163 171 178 183 177 171 160 155 156 168 162 123 125 145 172 159 184 167 208 201 202 200 199 231 203 208 179 203 214 217 194 224 231 236 221 224 214 
240 243 241 243 242 240 240 240 239 237 237 236 237 234 234 234 232 233 233 233 230 231 231 233 233 231 225 215 187 166 170 169 159 144 153 163 173 180 195 193 190 180 185 182 185 198 198 190 177 166 156 152 164 163 164 172 177 171 172 178 176 164 157 166 169 173 168 169 161 156 169 176 147 146 134 143 152 170 172 202 184 224 207 223 200 202 225 201 212 185 196 217 220 200 198 212 232 228 222 205 
243 244 244 243 240 239 240 241 238 239 237 236 235 233 234 233 233 232 231 232 232 233 230 235 231 230 226 210 186 166 165 164 157 151 164 160 179 184 194 189 187 187 190 188 195 203 209 204 185 171 156 152 147 151 164 168 167 172 184 192 176 163 162 164 173 164 174 154 157 157 147 118 134 163 146 145 170 169 185 204 216 210 211 238 204 209 206 213 208 199 185 209 228 213 200 226 236 242 224 223 
243 245 243 242 244 240 240 240 236 237 237 234 234 236 234 233 232 231 231 230 234 233 234 233 230 228 222 209 181 171 163 169 157 165 169 168 180 181 186 183 188 198 188 182 190 199 204 197 194 192 183 158 150 151 156 155 161 177 188 188 182 183 187 184 175 178 163 143 131 130 149 121 152 153 162 168 165 169 200 213 224 196 221 239 223 196 204 222 196 207 181 194 230 229 203 229 232 246 228 228 
245 245 240 242 246 243 240 237 238 237 239 238 236 234 232 234 231 232 233 232 230 231 229 232 231 229 223 217 184 170 171 168 165 169 176 167 174 174 176 180 195 191 179 186 199 202 202 198 197 195 188 187 165 157 153 156 158 169 182 183 187 185 185 174 160 154 165 147 140 169 152 136 139 148 165 149 168 183 213 220 203 204 227 230 230 205 196 200 201 200 194 189 234 240 206 224 225 240 229 225 
242 243 244 244 247 243 244 240 242 239 238 237 238 235 236 235 234 234 234 233 233 232 232 232 232 233 232 226 195 178 166 167 168 175 179 169 171 167 176 182 184 185 185 191 189 187 184 196 211 211 195 183 174 162 158 160 161 165 171 181 181 176 171 162 152 149 168 150 182 166 149 133 145 145 159 174 172 196 225 210 217 208 233 207 224 233 199 208 202 208 204 185 232 245 220 220 238 239 227 227 
246 243 241 245 245 243 242 242 240 240 239 237 236 238 237 235 237 233 235 233 233 235 233 234 235 233 232 230 201 172 157 148 159 170 186 176 180 179 182 183 182 183 192 184 185 185 187 196 200 199 205 207 198 187 172 169 167 170 173 180 183 175 172 163 158 166 166 180 171 152 157 156 130 159 170 190 189 201 203 227 227 209 223 211 221 238 207 207 205 211 210 183 223 243 230 220 232 243 239 217 
244 245 245 245 245 245 246 244 242 238 240 235 238 237 236 238 236 236 234 234 235 234 235 234 233 232 231 226 218 191 165 147 156 177 184 184 183 191 188 184 186 194 197 197 193 195 204 188 193 188 183 182 191 192 192 177 161 168 176 181 187 190 187 178 175 177 166 167 157 139 158 159 144 169 184 182 180 174 197 223 230 197 207 237 214 234 226 204 204 202 219 183 216 242 245 231 215 248 216 220 
246 246 247 246 246 243 244 244 242 241 240 236 239 237 237 236 237 237 235 235 234 235 235 236 235 238 235 230 222 199 171 156 162 175 183 190 189 199 193 187 197 201 200 204 203 203 205 201 190 180 181 178 174 181 173 183 179 170 176 182 184 189 190 181 174 164 159 147 140 146 167 143 139 172 181 188 181 180 211 220 223 193 205 243 210 226 231 202 200 207 221 187 203 243 247 232 218 241 217 225 
247 248 246 247 245 244 244 244 242 241 241 240 240 239 236 237 238 236 239 234 234 235 233 236 239 237 234 228 222 197 178 172 171 179 179 190 195 197 191 196 204 195 203 205 204 202 199 198 201 195 188 181 173 176 181 185 186 180 168 162 165 171 175 172 171 169 162 168 166 174 164 166 164 177 185 194 181 186 222 239 240 214 195 243 211 203 225 193 193 211 224 189 189 238 237 217 219 241 213 232 
244 246 244 246 247 246 244 244 242 242 242 243 240 239 238 239 237 237 236 235 236 236 235 238 239 238 236 230 219 199 181 170 168 166 174 176 183 188 195 201 204 193 203 201 202 198 191 192 196 202 194 189 182 177 184 183 185 183 184 175 161 171 179 183 185 186 182 172 170 161 154 156 159 172 208 217 186 213 231 238 242 223 197 247 218 205 206 183 191 216 225 181 185 228 247 232 231 246 211 228 
248 246 247 246 246 247 245 244 244 242 240 241 242 240 236 238 238 237 236 237 235 234 236 239 240 237 233 229 218 193 176 164 166 156 179 175 188 193 189 200 204 201 199 199 202 199 197 199 202 195 199 198 183 180 178 172 179 181 186 187 176 166 183 190 187 179 177 171 163 144 167 182 159 177 195 218 185 216 235 236 232 211 198 242 227 212 185 189 191 218 224 188 188 208 241 245 240 247 211 223 
246 245 247 246 248 246 247 245 243 241 241 242 241 240 238 239 238 237 239 237 236 237 236 240 239 239 236 229 221 192 172 157 157 167 176 182 187 194 195 195 204 202 195 201 201 198 191 192 193 191 189 188 187 183 180 171 180 188 198 196 186 170 167 183 189 179 174 169 166 173 160 157 153 169 180 216 189 207 240 243 233 203 190 232 225 218 182 190 204 200 221 198 193 188 207 234 242 247 227 220 
245 247 247 243 246 248 246 247 241 243 243 242 240 238 240 237 240 238 237 236 236 236 236 240 236 237 236 229 216 195 173 156 164 166 163 161 169 180 186 195 202 196 193 190 195 188 185 193 193 188 188 185 184 180 173 177 180 182 187 186 182 177 176 172 185 176 168 157 151 150 159 164 162 167 172 204 191 202 238 246 230 193 204 212 232 197 199 190 212 195 200 208 208 187 201 240 252 243 222 226 
248 247 246 242 247 248 245 247 242 245 242 243 243 241 237 239 239 237 237 237 237 236 237 240 237 240 238 227 220 197 179 160 161 150 150 155 155 159 161 175 180 180 183 178 192 179 178 180 181 179 173 172 169 171 168 171 167 171 175 181 181 163 165 171 178 178 174 172 174 171 167 164 152 165 161 178 196 198 233 242 221 201 225 223 233 194 205 188 204 199 183 213 220 189 211 232 252 238 216 232 
249 247 245 243 247 248 243 246 244 243 244 242 242 241 240 240 239 238 238 237 237 236 238 239 239 238 238 231 219 202 177 173 170 162 164 166 161 159 167 166 166 178 175 184 187 172 171 177 178 169 166 168 167 167 162 165 165 160 168 178 177 165 167 172 163 171 180 188 188 186 173 161 158 163 162 160 205 206 234 242 224 214 217 204 211 200 187 177 186 183 186 218 230 194 222 232 249 235 220 225 
244 248 243 245 245 246 245 246 243 244 242 241 242 240 239 238 239 238 238 237 235 235 238 239 239 238 237 235 224 210 191 182 175 174 172 174 185 172 170 174 173 175 188 187 187 185 187 186 188 181 176 176 182 172 175 169 163 168 170 177 172 168 176 169 169 186 201 203 194 178 171 169 168 163 153 162 208 185 215 232 215 214 202 206 210 211 179 180 206 192 189 207 220 193 221 233 248 243 225 213 
248 247 247 248 246 247 245 243 243 241 243 242 242 239 239 239 240 237 237 239 238 239 236 240 238 240 237 235 231 218 213 187 174 173 177 184 182 175 174 178 176 188 195 196 202 214 211 200 193 189 192 198 182 186 177 169 172 168 174 169 169 167 166 169 175 169 185 191 191 183 171 165 158 148 170 180 193 197 201 240 225 223 194 195 215 218 176 179 186 204 188 201 215 208 196 223 241 220 216 224 
249 247 248 248 242 245 246 242 246 242 242 240 243 239 239 239 241 236 238 236 236 236 237 239 238 238 239 238 234 228 216 198 174 177 182 171 163 179 172 167 183 190 195 196 214 222 217 204 203 202 208 208 199 196 191 178 174 174 168 162 165 162 166 158 164 168 165 179 188 183 179 165 151 152 175 193 185 193 205 244 234 223 202 183 216 218 176 173 176 207 188 193 209 202 191 229 249 220 227 227 
248 249 248 246 246 246 245 243 244 243 243 241 240 240 238 239 238 234 236 237 235 238 236 238 240 238 238 238 237 232 226 201 178 169 159 135 148 175 169 160 180 187 187 193 206 211 210 200 205 201 208 204 202 201 195 181 168 164 148 148 149 151 157 156 149 162 170 185 182 180 171 162 154 151 157 209 176 178 201 237 232 211 220 176 211 203 180 183 186 199 181 198 206 199 194 220 251 221 231 227 
248 251 248 248 251 245 247 243 244 244 241 242 241 239 239 237 237 238 234 236 235 237 238 240 239 240 238 238 237 235 231 219 187 158 137 128 145 168 178 166 180 183 184 189 203 208 210 206 202 199 208 206 203 203 203 191 189 180 181 178 174 169 165 162 162 158 162 180 187 182 171 164 149 141 153 173 172 191 176 212 210 195 215 197 187 186 180 191 184 177 186 194 206 195 198 216 251 222 229 216 
251 248 249 247 247 246 244 246 245 241 240 238 240 239 241 238 236 236 236 235 236 234 237 238 236 240 238 238 237 237 235 228 198 174 143 145 155 160 178 189 181 190 183 185 206 212 212 210 207 207 205 200 205 206 216 219 225 228 225 221 209 197 190 179 171 159 157 179 182 182 175 167 160 146 150 146 154 169 169 196 212 193 221 186 195 192 184 188 176 185 200 212 201 194 197 197 234 214 215 219 
247 247 249 248 246 248 244 244 244 242 243 239 238 239 239 237 237 236 235 235 234 234 238 239 239 239 237 237 237 237 235 233 195 175 150 144 162 160 168 191 194 190 190 200 209 214 220 215 213 213 208 215 220 222 228 233 236 236 236 228 217 204 187 172 166 156 156 178 182 188 180 176 179 168 147 145 162 185 190 178 173 198 197 192 184 211 176 188 187 190 196 225 209 194 190 216 242 202 207 218 
245 248 247 248 246 245 247 244 245 244 243 239 238 239 238 240 237 235 235 233 237 235 238 237 240 237 236 237 237 237 235 233 200 160 155 157 161 164 172 184 187 200 211 217 213 219 224 221 218 220 216 219 224 225 227 230 231 220 221 219 217 207 189 176 164 158 148 164 179 180 179 175 169 163 155 156 158 148 156 163 172 204 181 197 189 210 196 184 184 193 210 227 201 181 210 249 249 227 223 215 
249 246 245 248 248 248 243 246 242 241 241 240 238 238 238 235 236 235 236 233 234 235 235 239 238 237 235 237 237 236 237 233 213 149 153 162 165 162 161 168 175 198 215 218 218 224 231 226 224 224 216 212 217 216 224 227 226 216 206 206 211 205 195 183 169 157 151 159 174 181 175 167 160 159 162 159 155 150 143 163 167 183 187 186 207 207 191 204 193 182 210 217 188 183 218 249 248 231 241 228 
248 248 247 249 248 246 244 246 243 241 240 241 240 238 236 235 234 236 235 234 234 235 235 236 236 238 237 236 232 234 236 228 181 142 150 157 156 156 153 164 162 189 198 209 213 223 229 226 223 222 216 220 220 221 226 227 224 215 208 204 199 194 189 170 161 144 145 150 164 167 177 171 166 167 164 158 158 158 148 137 154 177 186 183 205 212 188 198 194 189 189 212 192 196 219 246 241 228 247 245 
250 246 248 248 247 246 246 243 242 241 241 240 240 238 234 234 235 236 235 234 234 234 236 237 236 235 236 233 232 230 232 216 137 142 152 159 165 159 141 142 160 173 180 199 209 221 225 218 217 217 221 220 224 232 230 227 229 223 214 206 192 186 178 166 165 158 156 163 165 162 163 175 183 190 187 180 174 168 151 135 140 153 175 184 195 212 180 204 183 196 187 207 207 202 216 240 235 221 237 237 
247 247 247 247 248 246 245 245 243 238 240 239 239 237 236 235 234 236 234 235 233 233 235 235 232 233 235 234 235 235 228 200 137 145 154 171 153 137 131 150 173 184 198 209 218 218 214 218 214 216 221 227 237 239 232 230 232 230 219 208 199 188 184 176 174 170 170 172 185 166 177 170 173 167 159 154 149 152 157 150 126 152 151 187 189 190 162 178 178 178 187 201 206 208 212 230 244 220 224 230 
249 247 245 244 247 245 245 243 240 240 238 239 237 238 231 236 236 232 234 233 233 233 234 235 234 235 235 235 234 232 205 178 141 145 158 154 143 137 140 163 183 196 209 222 229 227 224 223 222 224 223 230 231 231 228 230 231 229 217 208 202 200 200 193 191 189 184 191 196 173 165 170 172 170 166 165 159 144 135 147 145 150 167 172 166 156 155 160 164 158 176 201 205 213 212 232 247 224 217 234 
246 247 244 244 245 246 241 245 242 242 239 238 237 238 237 236 237 236 234 234 235 235 234 234 233 234 232 233 230 208 180 163 152 157 158 148 152 147 150 162 167 174 188 207 221 224 227 226 232 230 228 227 227 222 219 218 211 213 207 208 211 216 212 197 192 186 187 221 199 191 179 182 181 176 174 176 173 172 173 169 163 169 174 170 152 141 153 158 178 178 172 189 201 200 215 244 238 225 223 229 
248 246 243 245 246 245 244 243 243 241 240 239 239 238 235 235 235 233 234 230 232 233 232 233 232 226 228 224 211 175 161 154 153 156 160 155 164 167 161 146 152 165 173 189 198 211 216 220 224 230 231 230 229 222 215 213 209 212 216 224 226 225 215 203 191 187 214 225 220 208 199 192 185 186 191 189 180 179 174 170 171 176 176 159 155 144 145 151 168 195 196 194 190 195 221 245 230 219 233 234 
248 248 246 247 245 245 241 243 244 237 241 243 238 236 237 233 235 231 235 231 228 228 232 227 218 211 206 200 189 176 174 169 154 146 150 157 154 172 150 146 148 157 172 187 198 201 210 219 229 227 219 222 227 223 218 213 206 212 220 221 224 220 212 204 199 212 222 223 230 222 219 201 203 210 200 191 182 178 173 170 171 171 174 172 168 163 159 146 146 175 186 203 201 196 211 241 216 211 235 242 
247 247 247 245 244 244 247 244 240 240 241 240 238 237 235 237 233 235 232 226 225 225 221 208 197 199 196 189 179 174 175 189 186 183 169 168 168 168 154 140 161 169 173 181 185 200 204 218 222 220 215 222 225 222 214 210 214 213 214 217 221 222 221 218 216 220 215 221 229 230 221 215 215 211 200 192 189 185 181 174 173 174 171 174 170 164 161 158 151 148 177 209 206 178 186 218 223 220 247 251 
249 245 248 243 245 245 242 243 243 239 241 240 238 238 234 236 237 235 228 220 214 209 198 196 193 189 188 179 195 205 196 193 183 183 177 179 174 169 160 149 164 171 161 168 172 184 191 202 204 211 218 214 218 216 216 218 220 219 216 216 220 219 223 220 221 218 221 223 224 223 219 222 224 218 204 194 192 184 182 182 183 177 182 179 173 169 161 154 148 139 158 188 171 150 146 204 215 227 247 252 
247 244 242 246 244 243 244 241 239 240 239 239 238 240 234 234 234 229 214 198 191 188 196 195 189 188 186 188 190 190 189 180 178 177 178 180 179 175 172 172 175 170 167 163 167 173 181 188 197 204 204 201 211 214 221 222 223 224 221 218 218 216 218 222 222 218 214 211 210 218 222 231 230 226 215 205 197 193 185 184 187 186 175 169 173 172 171 168 165 157 154 155 161 147 160 182 206 226 239 244 
244 244 242 244 243 242 238 243 239 238 238 237 239 235 233 231 222 214 193 189 187 191 183 180 181 179 186 194 198 188 174 175 187 198 203 208 204 203 199 193 184 176 172 175 173 168 168 176 200 213 209 204 206 214 222 221 223 221 222 221 217 211 203 202 208 210 212 217 222 224 229 233 234 229 226 218 201 195 195 194 192 184 186 187 181 178 183 176 171 182 170 164 168 168 170 190 217 230 235 232 
244 241 245 245 245 240 241 241 241 241 239 234 237 231 224 217 199 187 193 192 191 187 175 164 163 168 173 165 161 163 182 203 220 229 231 234 233 232 231 228 224 216 194 181 168 174 175 167 194 212 208 210 213 217 223 231 229 217 213 215 212 210 205 205 210 209 220 228 231 231 227 230 235 237 232 219 213 205 199 192 182 181 183 187 191 193 189 193 194 184 178 177 178 176 170 193 221 238 242 235 
236 239 242 244 242 241 245 240 237 233 228 228 221 215 205 193 179 181 185 185 183 180 181 182 181 179 170 157 166 181 192 200 215 227 234 239 238 237 236 233 235 230 225 218 200 179 178 188 209 216 210 208 210 217 233 237 235 223 206 200 200 208 214 213 213 220 225 226 222 220 224 228 233 230 226 221 210 206 201 190 181 187 201 207 208 201 193 197 197 191 190 197 188 173 180 189 224 239 231 229 
242 240 240 237 239 239 231 229 229 224 219 211 207 195 186 179 176 180 191 197 191 194 184 181 188 189 180 185 190 196 195 198 207 218 230 232 237 238 239 234 232 231 230 225 221 206 184 178 191 192 194 207 210 225 235 237 230 217 210 212 215 228 236 240 238 236 230 228 227 226 229 227 225 228 225 221 210 199 193 183 183 189 193 199 206 206 208 205 197 201 204 188 173 172 166 168 206 224 225 245 
242 240 235 239 241 230 226 226 222 206 195 194 193 179 167 165 180 177 187 194 206 207 212 217 217 217 219 221 218 215 213 213 212 219 227 228 231 230 231 230 228 230 226 226 227 223 208 177 178 184 191 192 202 224 227 237 238 226 221 218 230 240 244 244 241 239 235 228 225 224 224 224 222 224 222 209 196 185 184 190 193 197 208 223 226 220 204 196 200 202 196 192 190 172 158 145 175 218 241 250 
242 234 237 244 230 221 225 222 202 192 190 192 181 183 197 205 197 194 199 206 212 222 228 227 229 224 223 225 229 229 228 226 227 231 231 226 218 213 209 208 212 219 224 230 232 227 226 192 173 176 178 186 203 218 219 219 222 216 209 218 239 242 241 238 238 235 235 233 235 229 222 220 221 222 213 200 198 190 183 185 195 203 208 215 219 208 197 197 196 196 197 210 205 188 172 155 155 197 230 232 
240 228 239 238 217 222 219 202 193 188 186 183 196 210 214 205 206 209 215 221 224 228 230 231 233 232 231 225 225 225 219 210 208 209 201 199 195 204 209 202 216 228 237 239 240 237 230 212 174 176 174 180 205 212 219 215 208 209 214 229 235 240 241 241 241 236 229 228 233 236 231 227 217 212 205 195 185 179 180 188 192 200 209 205 196 192 188 183 183 192 208 203 196 199 193 169 146 183 232 235 
229 230 238 236 212 220 206 190 190 190 188 205 208 198 197 216 224 234 236 232 229 234 234 236 236 237 232 229 217 206 203 191 173 172 203 202 206 214 212 198 213 244 248 243 237 231 235 224 183 177 187 192 197 203 205 209 208 216 221 222 221 220 221 222 225 230 229 227 219 211 211 225 220 209 198 192 180 167 174 178 182 185 183 185 182 178 177 178 186 191 189 184 192 210 197 170 140 164 210 215 
226 230 235 224 204 218 196 185 199 193 210 198 189 212 225 229 226 223 218 220 223 230 235 234 237 227 230 225 209 196 174 164 185 184 203 203 210 200 201 187 202 238 249 244 236 221 218 224 190 183 182 179 190 195 197 200 204 206 212 211 214 222 220 219 219 218 221 227 224 216 204 189 192 204 189 178 171 162 155 152 159 165 167 170 171 166 168 188 203 207 203 198 202 213 192 176 145 121 170 212 
219 225 223 227 207 209 182 202 197 200 185 191 200 212 221 197 174 174 202 205 213 219 228 234 227 235 229 214 194 179 148 173 191 203 195 204 200 190 188 181 192 220 229 236 239 227 211 216 208 206 180 171 177 191 199 197 193 194 201 204 206 214 223 223 219 215 215 214 210 210 202 194 185 180 178 157 157 165 148 146 137 141 149 156 162 172 182 199 204 204 192 189 194 197 180 165 147 142 191 203 
217 209 223 225 193 188 179 211 195 182 186 207 210 224 178 49 64 111 148 200 211 225 226 225 231 223 207 198 175 148 115 156 188 202 191 208 189 180 186 179 185 196 222 229 235 232 215 211 213 214 192 174 169 172 184 193 192 194 196 202 213 225 224 215 208 201 200 206 208 203 199 186 178 183 188 180 146 157 159 157 153 151 140 141 136 135 144 146 148 143 149 166 197 199 168 150 151 168 224 232 
224 195 211 204 187 176 185 203 191 188 199 212 227 230 103 45 130 117 108 219 220 225 217 193 179 167 184 176 154 135 101 130 179 198 188 201 195 185 191 186 178 174 197 217 233 225 215 203 211 210 202 187 178 167 170 187 192 191 196 203 211 217 215 214 214 206 199 196 199 200 192 188 183 178 190 199 186 160 158 141 146 146 150 133 133 136 144 137 136 133 139 158 175 180 163 165 172 173 227 234 
227 201 187 180 176 175 184 200 193 191 210 224 227 232 138 75 139 129 134 208 224 209 185 165 151 154 170 168 156 135 96 112 211 211 189 205 195 183 195 179 167 157 169 196 227 222 204 197 202 206 203 188 185 167 174 197 192 195 197 197 205 203 198 197 200 208 209 195 191 189 190 173 179 188 190 192 202 201 195 184 177 170 137 129 151 158 160 151 136 147 142 148 161 159 166 169 185 184 219 234 
221 204 183 167 162 174 179 206 203 207 218 228 225 231 215 121 165 161 212 226 207 178 180 154 143 143 152 160 153 136 91 29 71 139 155 185 175 190 169 163 146 139 157 177 206 210 192 186 182 182 201 204 196 174 191 208 202 196 199 203 207 206 208 202 197 196 190 195 187 176 178 184 170 154 155 172 175 180 178 172 163 141 123 136 148 160 148 130 152 163 138 148 153 149 170 172 173 183 192 209 
203 197 182 170 161 165 179 196 215 227 225 231 238 236 216 189 200 212 215 195 178 173 175 161 146 119 134 151 163 139 95 78 71 52 106 134 135 137 139 133 120 137 151 161 190 192 180 182 177 187 190 187 191 201 206 201 205 198 194 190 192 195 194 196 198 190 185 182 186 180 161 158 172 165 155 153 156 156 151 150 135 115 123 142 149 146 130 125 164 163 166 170 154 153 170 154 163 206 209 212 
217 201 185 172 168 172 181 200 210 229 239 242 239 240 229 216 215 201 172 167 170 167 148 106 46 40 41 94 140 142 96 89 119 109 133 140 144 144 148 150 149 132 149 153 191 192 195 200 185 194 181 176 190 202 216 229 211 198 193 187 179 174 177 181 183 182 179 181 173 173 169 165 150 157 162 152 153 149 137 133 125 112 132 158 153 145 133 125 150 166 176 188 190 177 172 205 197 208 221 220 
227 212 192 186 178 186 204 215 226 236 247 250 245 234 218 204 185 168 148 127 126 116 95 50 48 31 37 35 83 118 83 108 125 123 128 137 141 142 142 139 145 146 133 148 191 202 218 220 223 221 219 205 181 177 181 195 207 224 192 179 181 181 180 176 170 173 178 175 175 174 168 163 168 168 160 156 144 135 133 137 138 121 138 160 167 153 137 184 184 186 182 193 208 198 190 186 208 220 223 233 
210 205 197 183 177 175 177 205 228 228 228 235 233 222 204 189 175 155 137 106 83 78 74 57 79 53 29 28 28 84 90 118 131 125 126 136 139 140 140 138 142 147 130 151 181 183 198 213 220 218 223 231 229 214 195 183 171 174 183 180 176 192 192 186 183 179 177 169 160 163 164 162 158 151 141 128 116 131 148 147 162 141 133 157 158 144 145 204 203 190 187 193 210 204 189 197 213 229 241 247 
204 199 185 177 177 174 193 201 199 216 231 231 220 207 200 200 193 167 148 145 112 85 75 51 76 52 28 27 35 96 97 109 126 125 126 133 139 140 139 139 143 141 133 168 201 207 199 208 200 189 207 228 235 227 213 195 175 153 156 167 169 192 213 210 209 197 190 183 180 173 163 150 133 126 127 126 115 126 146 164 185 155 144 141 137 162 186 206 219 190 191 206 216 208 189 194 213 232 246 251 
205 189 182 186 180 183 166 173 193 211 216 201 195 195 158 148 210 188 185 179 153 119 106 50 42 33 36 46 95 114 84 95 125 111 136 139 142 138 141 136 129 125 148 192 218 221 210 209 216 215 221 215 200 197 193 184 175 161 139 157 163 161 182 190 187 178 166 156 151 149 157 150 139 133 128 119 129 157 157 164 172 178 160 168 204 209 188 197 223 200 204 236 227 234 183 203 224 234 244 250 
210 207 207 193 183 167 158 155 171 186 191 197 212 195 107 98 171 198 205 179 161 151 143 121 57 48 54 117 140 122 89 73 73 49 161 123 114 117 117 124 137 150 164 183 205 208 198 207 202 190 195 197 189 169 159 165 164 161 147 140 151 155 152 150 152 148 151 138 126 134 137 141 138 135 142 143 164 174 162 169 194 188 201 216 213 183 198 190 221 224 202 229 225 214 205 208 231 227 234 245 
221 216 213 199 184 183 169 164 174 190 193 207 213 143 35 81 136 165 187 186 181 156 152 126 120 117 120 139 146 121 80 48 64 136 143 163 139 139 132 139 132 133 154 180 194 192 189 191 201 199 199 184 162 154 147 143 152 149 154 140 147 150 149 141 137 137 144 146 131 133 134 155 186 170 162 165 170 189 167 192 193 202 207 205 180 182 195 196 210 231 211 221 222 205 205 226 234 241 239 237 
224 224 220 211 188 198 191 161 163 174 177 192 192 140 29 33 50 142 204 189 187 166 161 131 117 127 144 142 135 115 88 96 149 149 155 166 150 160 165 150 141 135 154 187 197 202 203 195 176 188 208 194 171 172 149 143 136 134 144 137 138 142 139 131 124 132 155 172 155 167 170 192 221 195 171 172 186 164 165 201 208 204 200 191 202 189 182 192 210 218 219 202 199 200 216 219 232 243 251 244 
223 223 221 218 203 212 210 193 158 159 159 178 170 166 117 85 69 114 167 187 200 198 192 165 135 145 152 146 125 115 100 101 115 118 140 172 156 174 188 166 144 147 169 184 198 200 197 182 168 176 177 166 157 161 167 135 117 109 146 155 146 137 133 130 135 158 177 192 174 188 195 201 199 196 174 168 191 157 174 207 213 201 191 196 216 190 184 185 210 206 218 194 191 198 229 211 223 245 251 250 
221 220 220 221 219 212 218 214 184 160 155 157 166 163 159 160 159 156 163 168 168 184 186 201 187 161 164 152 132 119 111 113 117 126 148 159 169 158 199 201 163 149 165 190 199 209 208 178 159 172 179 180 171 158 139 126 112 95 92 113 142 147 148 170 194 197 204 207 182 192 211 215 215 202 178 182 184 178 203 212 213 186 178 217 213 182 196 198 197 194 207 175 191 200 231 234 223 235 247 243 
218 220 217 220 221 217 219 219 215 188 158 160 156 156 159 161 160 166 161 165 171 172 172 176 195 183 172 160 142 135 138 131 129 145 175 173 164 176 165 201 196 186 164 195 214 203 175 149 159 177 178 163 137 132 124 122 130 137 143 147 159 150 166 190 198 208 216 214 196 187 206 214 210 196 173 187 179 171 190 205 202 184 180 207 210 187 213 217 200 184 192 174 200 200 227 237 234 233 237 229 
219 219 220 218 217 217 219 216 215 211 201 173 162 157 157 170 178 176 174 175 178 184 196 196 191 189 176 172 148 147 153 161 146 146 191 215 182 170 192 183 187 199 198 186 197 194 171 147 176 197 187 155 129 113 117 123 135 148 156 163 174 183 166 190 200 203 209 205 189 169 173 199 207 176 182 192 185 168 191 205 194 183 177 208 211 182 222 224 207 190 189 179 191 195 220 234 236 229 229 227 
219 215 217 216 215 215 216 214 214 211 212 209 199 182 161 155 165 185 201 207 210 212 222 230 226 211 198 179 169 156 160 162 171 162 168 190 199 189 183 192 177 213 231 216 195 160 147 152 175 177 167 148 137 116 104 121 137 150 163 169 181 187 188 168 182 191 200 195 182 179 179 181 196 190 183 199 180 173 187 189 176 187 177 212 218 190 212 220 199 182 172 186 205 206 210 225 243 249 246 245 
216 216 217 213 216 214 212 212 212 213 210 208 210 208 200 180 152 162 169 182 200 209 215 217 225 226 225 218 204 188 176 175 178 179 173 172 171 184 183 175 176 171 178 174 153 126 137 136 157 156 148 145 131 116 118 129 133 152 162 177 189 190 192 190 174 179 157 180 173 164 184 194 178 165 155 163 171 181 178 189 189 189 183 219 218 188 210 205 188 181 177 190 200 211 223 223 220 227 239 243 
214 213 215 214 213 214 211 210 210 212 211 208 209 205 205 203 187 163 151 154 159 166 172 180 196 203 200 204 214 213 211 202 197 204 203 200 189 176 176 167 158 162 144 126 122 129 116 135 156 158 163 151 144 131 123 133 153 171 184 187 187 189 188 188 188 186 185 182 166 160 180 123 128 157 170 169 154 173 179 189 191 189 205 214 200 181 208 208 189 174 190 184 208 216 227 238 241 237 241 247 
214 212 213 214 214 212 211 210 209 213 208 208 209 208 207 204 205 201 186 169 153 145 139 138 142 151 158 174 191 193 193 196 194 193 195 190 185 189 178 159 145 139 141 133 127 112 121 142 166 188 178 173 176 168 155 153 159 172 183 186 190 190 187 188 186 186 187 188 186 175 158 64 169 175 174 173 173 175 177 192 185 202 218 221 208 188 212 213 182 183 188 191 208 214 216 228 225 227 227 241 
210 211 211 212 212 212 213 211 210 209 209 207 207 207 206 206 204 202 198 200 196 192 180 164 142 127 124 126 135 150 164 171 176 183 188 184 176 171 164 152 142 139 137 147 140 141 152 179 199 202 198 194 188 185 187 189 189 188 192 192 189 185 185 183 186 187 182 184 182 182 175 135 151 174 173 174 175 173 176 187 182 197 214 218 196 196 209 217 192 177 169 188 205 208 214 210 213 215 225 226 
211 210 210 211 210 212 212 210 208 208 208 206 206 205 204 203 201 201 202 202 204 204 204 203 199 189 176 167 162 151 159 159 155 144 152 157 161 157 151 150 159 159 146 142 156 176 198 204 201 201 199 197 197 196 195 192 194 193 191 188 188 183 180 182 184 183 184 183 179 179 178 179 177 175 175 173 174 172 164 164 187 192 215 206 195 201 218 201 189 182 177 200 211 210 208 212 199 211 225 223 
207 208 208 207 209 210 208 208 209 208 207 206 206 204 204 203 200 200 200 201 203 201 201 203 200 199 198 197 198 199 194 191 192 192 187 182 180 183 190 192 190 189 193 200 205 206 205 201 201 200 199 199 198 196 196 196 192 191 192 186 186 187 181 185 184 184 183 181 178 179 178 177 178 176 174 171 167 165 168 169 161 173 183 197 204 192 223 198 188 178 172 195 213 220 210 207 210 208 214 225 
207 208 207 209 207 208 210 206 207 207 205 204 202 202 203 199 198 198 200 199 201 201 201 202 202 200 198 200 199 200 200 198 197 199 198 198 199 201 201 200 203 204 205 203 203 203 203 200 201 198 194 197 194 195 195 194 194 191 188 188 187 186 182 180 181 176 176 177 177 177 175 176 172 171 165 165 163 170 172 169 166 165 164 159 174 177 210 197 190 182 182 201 204 206 215 217 203 197 199 202 
