138 156 146 151 149 151 157 158 152 161 160 141 143 161 177 178 168 169 167 165 159 158 157 150 151 155 171 160 134 112 99 106 80 111 126 138 145 149 157 159 140 167 165 137 143 169 167 169 176 177 177 175 176 176 180 178 163 171 172 173 171 174 176 176 172 176 176 170 172 170 173 163 163 160 153 151 158 158 155 158 163 155 148 157 148 146 148 153 154 160 157 145 159 144 141 144 132 140 163 161 
157 149 148 140 160 140 147 141 125 122 130 133 144 161 182 175 169 167 166 168 157 153 149 147 149 149 159 170 157 108 109 105 92 126 137 141 142 146 166 165 173 171 161 158 160 169 176 178 175 180 183 180 179 177 179 167 156 158 153 159 169 174 173 172 169 172 176 166 165 162 157 156 164 158 155 153 151 156 157 156 163 157 151 155 151 152 151 147 148 148 145 139 143 137 149 138 133 150 159 161 
145 146 134 145 154 150 148 141 134 144 122 138 144 167 179 176 172 171 161 161 155 152 150 141 140 145 161 168 171 146 141 138 140 142 151 150 156 159 169 174 165 172 172 167 175 185 184 185 185 186 187 181 180 179 163 160 152 152 140 148 174 173 169 171 169 172 169 164 166 155 154 157 155 149 150 160 158 156 155 157 157 155 151 150 144 141 140 148 147 155 152 145 142 146 150 133 155 168 166 182 
148 152 159 161 179 154 149 150 145 150 129 135 149 169 183 178 166 168 159 153 153 150 145 140 136 136 170 176 173 160 168 168 161 156 158 142 153 163 166 172 174 173 172 178 182 179 178 182 189 178 178 179 164 164 158 152 143 140 128 137 179 174 169 169 169 165 162 165 161 157 157 150 154 150 164 178 165 173 183 176 173 177 163 140 145 134 121 184 169 171 179 177 179 174 191 92 159 194 202 196 
148 144 146 159 154 152 147 148 142 139 138 155 148 180 177 170 160 161 166 162 157 148 145 134 142 134 177 173 173 168 173 161 160 171 151 137 138 148 158 175 181 178 179 181 184 183 184 186 180 172 172 162 152 150 147 145 133 128 129 150 175 174 169 165 161 161 158 155 158 151 155 144 145 156 148 160 180 181 149 123 132 141 139 143 141 134 124 176 184 177 155 133 140 114 156 187 204 194 184 180 
144 155 152 151 159 149 136 149 143 140 155 155 153 175 177 171 157 167 159 157 160 156 139 136 154 128 163 172 166 159 169 169 168 164 142 142 145 145 147 153 176 188 188 188 185 184 185 175 175 165 160 155 150 149 144 145 131 124 112 149 173 172 169 164 161 156 153 159 156 150 149 145 148 145 149 146 135 147 174 177 149 136 134 134 133 129 126 116 111 131 151 176 181 176 187 182 188 187 184 180 
152 154 157 145 142 143 155 158 145 147 159 150 157 167 169 160 157 154 151 155 155 142 139 129 155 132 155 170 167 169 174 174 174 156 147 147 145 145 148 154 154 158 164 182 181 177 177 172 164 155 154 146 151 149 138 132 119 122 111 149 170 170 166 161 158 155 156 151 148 147 145 144 141 143 146 155 150 147 141 169 182 172 146 130 120 133 146 150 158 183 190 178 179 177 178 178 184 181 176 177 
139 155 149 138 139 154 170 167 152 140 153 175 162 166 158 156 153 146 143 142 145 139 131 124 120 137 159 169 176 178 180 182 169 151 151 148 145 138 137 144 150 148 159 180 177 168 171 161 153 150 146 139 129 127 127 124 117 113 110 150 168 160 150 152 156 160 150 147 141 139 141 139 139 137 138 145 142 146 149 138 139 141 127 150 176 200 180 186 172 175 168 170 172 171 182 176 175 180 180 185 
146 141 150 146 155 140 125 128 138 143 136 157 155 158 159 157 154 148 137 131 135 136 129 124 130 152 166 177 180 187 187 182 163 155 151 142 145 143 137 132 136 149 154 176 168 168 157 160 153 142 130 121 119 125 119 117 111 106 107 149 158 156 156 150 153 150 152 142 144 136 138 133 130 130 137 130 125 113 131 154 142 162 188 199 192 190 183 186 167 174 174 171 176 175 185 175 179 176 179 182 
146 155 148 154 156 143 145 144 137 146 137 127 148 154 145 157 148 139 131 130 131 131 129 118 136 151 168 175 182 190 185 172 156 150 147 145 142 137 137 138 157 154 147 168 158 155 142 148 139 131 125 105 119 130 116 108 106 101 110 141 160 154 147 146 141 143 142 138 134 130 133 131 121 117 121 118 103 159 180 182 177 187 176 177 176 188 174 169 167 172 170 166 174 171 169 174 180 175 176 173 
150 153 144 147 146 133 138 141 131 115 120 134 131 153 143 135 139 140 129 125 126 130 123 124 145 168 168 177 187 185 183 175 154 149 141 144 140 139 139 140 151 153 145 157 158 149 142 143 126 128 123 121 123 117 109 108 105 99 123 145 152 146 143 141 136 134 132 134 124 125 125 124 134 133 154 181 195 194 150 185 159 169 187 172 183 181 175 207 177 185 189 190 192 187 198 173 179 178 182 178 
152 149 133 154 143 147 158 159 143 132 145 135 132 160 141 142 135 134 122 119 122 119 119 126 163 174 180 182 183 183 177 171 151 148 139 144 139 142 142 141 141 146 142 143 151 143 143 130 129 124 119 117 113 105 90 97 108 119 145 151 157 134 134 129 120 112 106 87 95 108 146 184 204 202 191 192 170 178 185 188 165 193 180 173 187 190 180 177 173 167 162 157 157 161 154 173 175 174 175 171 
149 147 137 153 141 151 149 136 148 147 135 138 174 174 151 133 135 129 120 114 114 113 113 149 176 170 187 186 186 186 176 170 154 143 140 138 138 142 139 138 141 147 138 137 149 136 147 137 130 124 116 109 98 92 94 120 137 146 156 156 161 144 128 114 95 89 104 159 196 208 195 195 188 176 178 183 185 176 176 180 168 175 175 176 175 178 179 183 168 185 188 181 189 187 193 170 183 182 181 174 
157 158 153 148 146 153 146 151 152 113 131 158 172 177 166 151 127 121 120 115 106 115 135 162 172 186 193 187 185 180 170 166 157 143 140 137 138 136 136 140 139 137 129 128 141 143 142 128 125 127 107 101 98 88 104 133 150 155 150 148 159 160 154 140 155 183 201 196 184 184 185 188 187 179 178 181 172 181 175 172 172 170 183 184 182 180 181 180 174 166 175 156 165 166 164 174 178 175 179 172 
156 153 148 136 149 149 155 150 147 98 141 155 178 174 173 172 167 147 122 116 123 143 160 168 171 189 188 183 173 170 161 154 153 148 137 139 138 136 137 138 134 130 124 125 126 135 138 128 118 113 108 102 90 88 111 135 157 157 147 148 162 185 196 205 194 187 184 186 178 182 184 181 183 180 187 183 166 180 176 177 177 174 174 181 177 182 177 174 171 185 180 159 172 172 168 172 182 171 174 175 
150 132 159 160 154 145 152 156 114 119 135 165 171 173 174 172 176 174 159 154 162 166 174 167 177 182 177 167 168 159 151 145 143 158 143 138 136 131 135 136 131 130 128 121 120 126 142 128 123 119 111 102 93 119 141 159 174 182 188 189 189 191 187 184 186 179 183 184 183 183 180 182 179 181 184 182 174 193 162 167 163 171 179 182 174 180 181 184 177 178 183 181 191 187 187 174 184 175 180 170 
149 103 141 140 149 149 156 157 111 141 158 174 171 177 179 177 177 175 168 159 166 167 166 172 181 178 170 169 158 146 152 142 137 146 158 136 132 132 127 130 131 133 129 121 124 140 153 159 134 119 110 107 106 153 185 199 200 198 193 181 170 183 178 184 183 184 183 186 184 180 179 180 181 183 182 182 169 185 180 179 176 184 189 172 178 172 178 179 175 171 176 172 172 164 157 176 185 174 170 168 
158 118 146 160 146 154 160 162 141 127 145 173 171 182 177 181 181 171 165 166 164 166 177 182 174 172 162 159 153 147 146 140 135 143 162 153 130 130 126 127 133 125 122 118 129 142 158 163 153 133 139 170 197 203 195 186 186 181 187 182 169 181 183 184 181 187 187 187 184 181 180 182 180 175 175 184 177 170 177 174 171 169 166 175 181 179 176 177 180 174 177 176 176 193 191 168 180 169 175 179 
161 160 150 148 150 154 157 162 147 140 142 166 172 176 184 185 180 174 166 160 164 172 176 184 171 165 158 155 149 146 140 139 134 143 164 168 147 125 122 122 117 122 118 129 146 154 159 173 187 203 200 197 192 184 188 183 181 184 184 182 168 181 184 182 182 185 183 181 184 182 183 181 178 178 185 188 171 174 176 170 185 183 169 173 182 179 179 178 179 179 173 177 174 172 171 171 175 170 172 178 
166 162 156 150 163 159 160 159 154 140 142 168 179 183 177 178 173 172 166 167 172 172 177 177 172 165 152 151 146 145 142 139 138 142 165 167 161 139 129 125 119 112 127 155 172 185 199 199 196 186 189 186 183 182 184 184 182 184 183 188 173 179 181 187 184 183 183 181 180 178 179 178 180 177 175 171 161 190 161 185 164 173 188 172 170 181 175 178 178 178 175 173 175 177 182 177 173 178 175 171 
155 147 143 155 150 159 160 160 153 131 113 169 180 171 179 167 163 168 164 160 174 172 177 174 165 160 150 147 146 147 141 141 140 139 163 165 161 159 135 134 147 169 201 203 188 186 186 185 186 184 182 180 183 184 185 187 184 184 185 184 171 181 183 182 181 181 181 178 178 179 175 175 179 175 173 175 173 193 157 181 157 176 169 171 173 180 173 176 172 172 173 174 172 178 176 176 174 175 174 171 
156 156 153 154 151 142 157 153 147 133 126 168 173 172 165 159 171 163 160 153 170 170 177 173 163 155 149 146 145 145 145 139 136 159 175 167 138 164 188 203 201 196 190 190 185 184 185 186 185 183 183 185 189 186 186 192 191 186 183 183 177 181 180 181 181 184 182 182 180 180 179 177 179 178 176 177 167 179 183 177 180 184 180 173 175 177 168 185 178 173 169 166 169 174 173 175 176 175 172 168 
150 151 142 152 152 159 158 157 142 149 143 168 169 167 163 156 165 168 160 148 170 178 179 170 158 157 147 141 141 140 136 135 143 167 185 198 203 201 195 189 190 187 187 184 182 183 186 185 185 185 188 190 186 187 185 189 188 180 181 184 181 180 178 182 178 180 180 178 178 178 177 176 180 177 178 179 179 171 169 169 168 161 165 183 172 174 169 190 175 180 180 183 181 181 194 159 174 180 181 179 
138 151 136 150 154 165 152 151 155 125 139 176 163 163 160 162 164 164 161 158 165 178 177 173 154 152 144 140 139 137 136 173 192 211 202 195 192 188 186 184 183 185 183 184 180 181 182 182 182 186 185 182 183 182 181 186 190 184 180 180 181 178 179 183 179 178 181 177 180 176 175 178 175 172 179 181 181 179 181 172 173 173 175 182 175 173 168 187 160 164 162 184 156 165 164 166 172 175 176 170 
146 150 149 151 156 158 155 162 123 128 146 182 172 156 150 149 153 154 155 159 173 175 160 170 151 149 149 172 185 203 200 195 189 186 181 184 186 181 186 186 186 187 183 181 182 182 181 184 181 178 181 183 183 182 180 181 181 182 183 181 180 175 180 178 178 179 180 181 180 177 175 178 178 174 171 172 174 174 178 164 168 177 175 177 181 178 162 185 172 167 172 176 169 174 177 179 177 174 175 175 
152 149 156 145 159 157 142 139 123 140 152 180 177 165 145 142 145 142 149 148 170 174 170 164 168 186 202 197 193 190 192 189 186 185 184 182 184 180 183 186 184 184 185 187 182 179 180 182 179 179 177 176 182 180 176 176 181 180 182 180 181 171 182 178 180 178 178 178 175 172 177 175 173 175 176 167 171 175 167 195 174 174 172 178 181 180 170 177 185 182 188 162 167 173 172 175 166 173 173 168 
137 149 142 150 160 145 142 138 133 142 140 174 177 172 153 135 138 133 139 148 175 179 188 204 200 192 188 185 186 185 187 184 185 184 185 182 183 183 186 186 190 192 190 184 182 181 179 181 178 181 178 177 178 179 177 178 182 184 178 180 178 166 177 178 177 178 178 174 177 172 177 173 175 177 171 177 178 176 167 200 169 173 174 172 173 178 173 156 159 157 156 162 166 162 161 166 174 175 177 174 
136 144 146 150 147 141 137 154 136 148 151 182 178 166 161 151 136 132 155 183 203 201 196 192 188 186 185 185 185 184 184 184 186 186 184 183 182 184 183 182 186 183 184 181 180 182 181 180 177 176 177 176 178 180 180 175 177 179 179 177 174 164 176 177 178 177 178 175 177 173 174 174 178 177 169 175 177 171 176 178 162 169 171 171 175 176 173 203 175 186 186 188 186 188 194 165 171 175 180 172 
122 138 149 152 146 131 138 140 156 162 152 170 172 167 178 192 189 199 196 193 187 184 185 185 185 183 184 184 184 185 184 184 184 184 185 185 185 185 182 181 182 182 180 180 182 179 181 180 179 177 178 177 179 180 179 176 177 183 183 179 175 166 173 173 177 175 176 176 175 174 172 168 174 177 175 177 174 176 177 174 177 176 172 173 176 174 164 177 170 171 169 169 174 168 168 168 177 174 171 165 
129 139 149 156 138 141 141 148 151 135 137 182 198 202 201 191 184 186 185 185 189 187 184 185 185 184 184 186 185 183 184 184 184 183 179 180 181 179 183 183 183 182 179 179 178 178 179 176 177 177 179 179 179 180 183 178 175 181 182 181 183 169 168 172 176 178 176 177 173 176 176 176 171 170 172 169 166 169 173 171 164 170 174 172 175 175 178 178 174 186 176 172 177 173 182 165 177 173 174 170 
176 132 146 140 148 131 152 142 163 191 200 199 192 188 187 185 184 185 185 185 184 187 184 185 184 182 185 184 180 184 184 183 184 179 181 179 181 180 183 183 182 180 177 177 175 177 177 178 172 174 179 177 180 179 178 178 176 179 181 179 180 171 167 176 180 176 176 176 174 174 177 175 170 169 167 181 183 167 178 171 187 182 168 180 173 171 171 174 166 160 176 167 168 178 170 172 178 173 170 174 
167 118 141 142 153 164 197 202 192 188 184 184 185 185 187 185 185 185 182 183 184 186 184 184 180 183 181 180 181 179 179 183 183 181 179 179 179 180 182 180 180 178 176 181 179 179 180 175 175 176 178 178 177 180 180 178 177 177 180 181 180 174 164 174 178 180 175 175 172 176 173 170 174 173 166 182 166 161 177 166 168 174 186 164 172 176 173 174 172 187 178 170 175 168 163 171 181 172 172 170 
155 139 167 188 201 195 188 185 180 183 183 184 182 182 184 184 182 184 184 186 182 165 154 148 149 150 156 165 168 174 178 178 178 178 180 182 176 183 184 180 181 176 176 177 182 179 179 176 175 178 178 178 177 178 178 178 178 179 181 185 180 175 163 172 176 175 175 176 173 173 172 169 171 170 174 185 163 173 195 168 172 178 182 167 173 177 177 177 168 176 192 178 187 186 187 169 179 175 170 171 
202 192 184 180 184 182 182 182 182 180 181 184 182 183 184 183 185 186 183 178 181 101 74 68 69 59 64 63 66 67 74 97 126 113 113 121 154 178 176 178 178 174 174 179 180 177 176 175 179 176 179 180 178 179 176 177 177 178 182 182 178 178 163 170 173 174 174 173 174 173 171 169 169 169 167 170 183 175 155 182 175 177 164 182 176 178 176 170 164 162 158 159 156 157 167 163 172 171 171 175 
182 184 180 184 184 184 181 179 181 178 178 183 181 183 184 182 187 188 183 182 177 105 76 75 76 71 66 55 55 54 61 60 61 65 64 72 81 114 176 176 179 179 179 181 180 178 177 179 175 177 177 178 177 176 173 177 179 178 182 179 175 176 168 170 175 174 176 172 171 170 174 177 173 168 178 168 170 168 180 174 161 165 184 178 173 172 175 168 161 172 168 180 189 190 188 165 169 171 167 170 
182 183 182 183 183 183 181 181 180 180 179 183 180 182 183 183 183 184 181 181 178 159 87 80 83 83 81 76 66 60 59 51 51 54 62 63 67 59 112 153 175 179 179 180 174 175 176 177 177 178 174 178 180 179 178 176 175 176 177 176 174 178 170 165 175 177 176 175 176 176 174 175 172 178 170 192 181 170 173 160 179 180 176 169 171 173 162 200 179 174 179 171 156 154 163 173 170 171 170 171 
183 183 181 181 183 185 180 180 181 178 180 182 182 182 182 181 180 179 183 180 179 177 151 91 91 89 93 93 80 65 62 61 58 63 64 66 67 72 80 102 130 153 170 176 175 175 179 180 178 177 178 180 179 178 175 176 174 174 173 174 175 175 178 171 175 178 175 177 175 174 172 173 173 173 178 176 148 162 155 195 170 174 175 170 174 172 161 155 153 164 171 171 170 153 165 175 163 164 168 170 
180 178 177 180 183 182 179 182 181 180 179 183 183 184 182 179 176 180 180 181 181 175 178 175 131 94 107 101 101 84 72 76 74 60 59 98 104 92 109 144 145 155 160 169 169 168 164 168 175 175 173 176 176 176 173 174 175 175 178 178 178 174 174 165 173 173 178 175 176 177 176 174 174 176 163 184 185 186 189 162 159 180 175 173 172 165 136 160 188 168 169 171 175 191 168 169 176 172 173 167 
135 140 147 149 160 174 174 185 206 185 179 181 175 180 180 177 174 179 179 179 177 180 179 177 184 161 93 84 92 97 83 74 74 71 79 79 120 131 142 143 140 136 140 145 146 140 140 146 157 162 173 176 172 178 178 176 175 176 175 174 177 179 174 165 174 175 178 175 174 174 173 171 171 177 173 157 171 175 161 171 174 170 170 165 157 138 112 184 143 116 157 164 161 162 184 151 157 167 163 167 
74 74 78 103 92 91 122 88 206 197 201 183 170 194 183 179 176 179 183 179 177 180 179 179 180 179 169 141 96 71 63 57 54 67 91 123 137 132 135 136 140 143 133 122 124 124 133 142 145 146 157 161 171 174 175 175 175 178 174 178 182 181 173 164 175 176 174 176 176 172 174 176 174 175 167 196 176 173 170 168 162 165 166 158 140 105 90 187 124 101 141 154 151 156 189 154 173 167 167 168 
76 75 74 104 108 105 116 91 172 163 168 162 134 164 181 187 181 181 180 181 176 179 182 178 177 178 178 177 173 157 122 82 65 91 109 112 119 124 125 122 132 125 105 83 124 122 107 123 156 151 133 134 140 168 183 187 186 185 177 177 176 184 176 166 169 173 172 175 175 172 173 173 175 177 160 183 169 167 162 175 167 181 178 154 113 75 83 175 173 147 137 149 173 174 178 155 157 166 160 161 
141 143 145 158 151 153 154 135 156 167 179 176 169 163 138 150 182 174 166 180 176 164 173 168 186 178 183 188 175 177 175 141 103 102 105 113 111 114 107 103 95 89 65 72 85 107 96 110 139 147 137 119 116 134 161 187 184 189 187 174 168 177 173 165 165 172 171 171 172 171 176 170 171 173 160 184 168 178 179 165 157 144 132 137 124 99 95 88 114 102 135 149 161 162 152 166 157 163 154 158 
177 177 176 179 177 179 176 177 176 179 177 177 177 178 164 175 177 178 178 177 176 180 191 190 179 185 189 177 181 209 196 135 111 105 112 101 108 103 93 89 88 86 87 70 80 92 91 115 133 138 153 152 134 119 139 164 174 180 179 155 140 149 172 183 175 171 163 166 164 167 172 168 167 161 148 188 157 110 91 99 103 108 116 109 104 92 83 79 80 109 167 123 174 175 167 153 154 159 162 161 
177 177 177 178 177 178 178 178 178 178 178 177 176 176 176 178 179 177 175 179 182 180 177 177 177 177 180 180 178 174 149 116 111 113 108 100 94 93 78 82 86 85 79 73 78 94 114 123 120 126 127 132 136 143 138 153 160 174 196 177 143 126 137 167 167 137 129 128 128 128 129 130 129 122 107 95 91 83 84 78 81 88 86 88 87 72 89 101 100 164 170 148 174 152 187 147 161 162 159 161 
177 177 177 177 176 178 175 177 178 178 178 175 176 178 176 177 177 176 177 177 179 177 176 175 176 176 178 179 177 171 152 119 110 106 99 85 76 79 77 73 67 65 69 73 93 104 110 119 124 125 128 134 136 131 142 127 150 159 146 149 151 124 112 126 140 120 93 94 95 94 89 88 87 86 91 85 129 177 85 73 79 78 79 93 103 124 126 116 116 171 156 173 143 140 177 146 169 156 152 159 
176 177 178 176 177 177 168 174 178 178 180 177 179 179 176 175 176 177 177 174 176 175 172 171 174 174 176 175 172 169 146 131 121 115 112 104 98 85 72 67 68 73 82 91 102 108 114 118 122 117 112 125 112 109 116 120 137 159 176 151 149 139 111 100 112 107 95 96 99 95 96 98 96 87 96 132 179 142 110 111 134 141 144 145 145 139 137 131 125 151 172 188 182 183 187 149 157 161 157 164 
176 176 176 175 175 174 174 175 180 178 180 178 177 179 178 176 176 177 176 176 172 164 150 133 118 107 100 91 87 82 78 108 107 116 106 106 99 89 83 75 66 74 80 91 91 93 102 114 108 99 101 95 66 42 75 83 117 124 114 113 115 165 149 102 90 79 87 92 91 84 88 101 109 133 153 166 167 166 160 165 157 164 159 148 146 143 146 136 140 148 142 126 129 134 140 149 150 160 165 149 
176 175 174 175 176 176 177 176 181 179 177 178 179 179 179 177 175 175 174 155 117 98 92 96 82 88 77 70 55 41 48 86 99 103 104 104 97 98 89 85 78 70 66 80 81 81 88 98 105 105 83 78 63 59 56 60 73 89 106 112 111 124 166 151 93 79 93 108 122 141 153 157 159 159 158 157 153 152 155 150 143 145 148 151 149 140 139 142 181 179 176 174 176 171 169 149 151 154 157 160 
177 176 176 177 175 178 178 177 177 177 177 178 177 177 180 175 172 146 96 80 76 74 86 78 75 76 60 60 58 47 45 69 100 96 98 102 95 88 71 67 70 56 55 68 68 72 78 85 85 87 75 61 43 50 50 63 94 111 114 115 116 121 130 145 150 146 156 145 154 158 159 158 163 162 149 154 163 158 141 176 173 169 147 146 149 144 141 149 146 164 167 148 150 155 188 139 162 156 150 159 
176 175 175 177 175 178 178 180 177 176 177 176 177 178 180 176 153 90 82 77 80 74 70 70 70 58 49 57 59 54 51 56 88 100 93 90 83 85 78 60 65 46 65 70 69 66 63 73 83 80 64 49 44 49 56 73 85 113 122 125 118 127 132 121 129 107 90 105 149 156 159 163 155 152 154 190 166 170 182 162 154 177 170 143 149 147 140 141 133 159 157 126 140 136 152 141 156 150 153 160 
175 174 175 176 175 176 177 179 179 177 176 178 177 176 180 177 147 106 87 83 80 79 69 69 80 73 62 61 61 63 57 68 69 78 93 90 87 87 74 49 52 55 73 62 65 79 74 70 69 80 85 83 78 81 75 71 95 122 136 144 142 129 125 130 127 98 71 92 131 148 155 153 153 149 155 178 146 150 181 142 137 162 186 141 144 155 152 159 194 181 178 189 188 184 185 141 150 159 154 154 
177 176 175 175 176 176 178 179 178 177 176 175 178 177 178 177 174 172 159 134 99 79 79 77 75 77 74 65 64 64 65 62 65 65 72 88 91 84 74 71 76 72 69 69 85 91 87 86 81 79 82 89 87 92 100 97 106 111 111 110 124 136 137 132 138 136 91 90 131 145 150 155 159 151 146 165 182 178 156 200 185 173 151 149 147 153 147 131 134 170 160 129 134 133 189 135 155 145 150 145 
177 176 175 173 174 176 176 177 177 176 175 175 178 177 179 178 178 178 175 178 173 166 140 113 88 85 81 72 61 65 70 62 53 67 73 71 86 98 102 93 87 80 82 88 89 96 81 78 80 79 80 87 94 103 91 107 113 114 110 111 113 130 140 145 144 145 149 132 135 141 145 146 152 149 151 155 148 147 142 141 143 143 144 149 143 149 147 153 155 153 143 155 160 152 146 135 139 134 101 72 
175 175 175 174 175 177 178 176 176 176 176 177 178 178 180 178 178 175 174 179 177 176 174 175 173 171 160 129 91 64 68 70 70 81 93 103 97 106 127 116 100 95 88 85 79 81 79 75 65 66 85 94 86 80 95 104 114 111 111 109 113 124 131 141 144 143 138 146 157 156 146 150 149 149 151 150 153 148 150 153 153 148 139 146 147 136 123 167 159 159 161 158 172 167 163 117 110 109 127 122 
176 176 176 175 174 176 178 176 175 176 177 175 176 177 177 176 174 174 176 178 178 174 173 176 177 173 170 154 134 112 116 96 90 93 98 93 90 90 88 89 89 93 102 96 89 87 81 73 76 83 85 81 84 93 97 100 104 101 104 105 112 116 117 124 128 130 128 128 133 148 160 158 151 150 153 157 154 155 150 138 144 147 141 143 132 104 94 76 84 85 116 128 136 140 117 108 89 88 92 80 
175 175 175 174 174 176 178 178 174 174 177 176 177 178 178 179 176 177 176 176 176 175 176 175 178 172 143 134 114 106 116 102 78 78 78 85 81 86 85 84 86 89 86 81 80 84 94 81 83 86 90 88 90 92 97 100 103 102 106 104 115 120 118 120 122 124 120 115 112 115 128 142 140 134 140 142 142 139 125 190 133 107 99 98 83 71 64 68 67 123 185 161 158 171 175 104 93 76 89 96 
176 176 175 174 174 176 178 176 175 173 176 176 176 177 177 177 175 177 176 174 175 180 188 185 180 157 125 115 112 110 110 106 94 72 65 66 63 71 68 77 78 85 85 83 88 87 90 94 89 92 94 92 90 93 91 95 96 99 101 105 111 112 112 112 112 121 115 107 103 102 100 101 106 116 120 119 117 119 104 187 116 85 84 87 78 67 62 71 66 148 142 128 120 93 186 80 90 82 72 87 
177 175 173 173 176 177 177 174 175 173 174 175 176 178 178 179 176 178 176 177 177 177 176 170 158 139 120 100 93 103 108 110 95 76 70 62 66 62 66 72 73 69 73 78 84 83 88 95 92 97 100 99 96 96 97 95 93 92 91 97 97 91 100 101 102 101 100 95 94 90 89 94 107 106 106 107 104 104 89 148 103 79 79 92 97 92 97 102 96 152 178 167 136 145 179 109 113 112 104 97 
173 174 173 174 175 175 176 175 177 174 174 173 174 175 175 176 174 177 180 178 175 169 164 155 141 119 105 98 88 96 110 99 85 79 77 80 75 78 82 88 92 86 83 79 71 78 78 76 80 81 83 84 88 96 91 88 89 89 90 89 92 93 87 91 91 89 88 88 83 77 90 102 99 94 98 95 95 96 91 98 110 129 138 143 147 143 144 143 140 138 141 159 136 151 133 138 127 128 132 130 
173 175 174 173 174 173 173 175 176 173 174 175 176 175 177 175 173 174 177 172 155 148 145 129 122 119 102 94 90 88 97 93 76 72 73 78 67 66 85 82 86 89 91 94 96 91 92 93 87 86 84 91 98 91 94 87 83 88 89 90 91 95 93 91 89 86 85 72 80 87 99 108 106 118 123 133 139 145 145 139 143 146 146 146 149 148 146 147 146 141 161 184 182 171 146 133 144 139 136 138 
176 173 176 175 176 175 175 175 174 175 174 176 178 176 178 172 170 160 156 149 146 139 131 122 108 103 92 87 91 92 88 87 76 79 75 67 62 65 64 59 49 55 62 68 75 74 79 71 64 68 70 76 89 101 103 104 107 109 114 122 129 136 139 141 135 128 114 110 134 141 140 142 149 146 155 167 164 165 162 167 173 169 158 148 153 150 153 149 141 171 177 149 149 164 190 132 145 142 144 140 
175 172 176 173 172 173 174 176 174 175 173 175 173 175 174 172 163 148 147 135 127 124 120 104 99 84 84 83 89 89 85 81 79 73 71 70 72 63 63 63 59 64 53 54 60 70 70 71 68 72 78 76 87 96 122 154 161 153 155 154 150 151 149 151 148 148 146 135 147 145 145 143 146 150 157 170 166 162 173 178 164 162 157 142 150 144 142 141 136 164 170 139 136 142 183 133 150 150 149 144 
174 173 173 173 172 173 174 175 174 175 175 177 174 175 173 171 153 144 133 127 116 115 107 98 87 88 85 90 96 83 83 83 87 75 74 74 77 67 65 69 70 64 69 65 59 62 63 64 63 70 79 87 100 132 155 158 158 156 155 156 153 150 152 149 145 146 144 139 149 147 145 148 149 146 148 141 135 161 178 129 143 146 144 154 154 151 149 176 168 163 181 163 161 176 177 143 150 145 149 147 
175 175 171 173 172 173 174 175 174 175 174 174 174 174 174 161 144 132 127 118 110 103 94 85 88 78 90 90 80 91 91 82 79 76 81 86 76 72 73 73 75 73 76 75 67 66 74 68 72 78 91 120 146 163 161 160 156 156 156 159 155 150 149 149 149 147 148 149 147 148 146 148 144 149 150 170 179 165 151 188 163 157 136 146 155 150 147 161 157 156 149 148 150 151 164 147 150 148 150 147 
175 173 174 174 175 173 175 175 172 171 174 173 175 168 167 139 133 110 104 113 105 101 99 96 93 89 87 89 80 86 85 81 77 78 78 78 74 78 75 79 80 82 72 79 73 80 79 83 80 110 151 163 162 160 160 155 156 157 156 156 154 146 151 149 149 147 148 141 150 150 147 148 144 151 164 181 155 144 142 146 167 180 164 147 157 148 144 147 146 136 154 185 182 162 154 149 153 151 149 150 
174 173 173 174 175 172 172 173 172 171 172 172 173 170 146 126 125 99 106 107 97 99 103 97 91 87 90 83 84 83 85 84 81 78 80 81 82 80 75 70 73 80 78 72 74 78 84 95 121 154 163 158 161 160 161 156 157 156 157 158 157 151 148 151 150 148 150 140 153 153 154 147 149 148 157 150 150 145 144 138 139 140 165 153 151 151 151 149 140 161 181 148 144 165 180 144 158 158 156 153 
172 171 172 171 172 172 174 173 173 172 172 173 171 148 122 114 101 95 102 99 92 87 89 91 91 84 85 88 83 86 83 82 78 82 84 91 81 86 81 77 82 86 85 81 89 103 131 153 161 162 160 161 159 160 159 156 155 157 156 156 153 152 151 152 154 150 152 140 150 151 147 151 153 151 147 151 150 155 172 180 182 162 148 152 150 151 151 155 147 173 168 144 152 150 186 134 148 150 161 149 
174 174 175 173 173 173 174 173 173 172 171 173 162 122 100 87 82 90 100 98 90 86 89 90 93 87 87 93 91 86 82 81 79 84 84 86 87 88 90 93 100 105 114 122 145 159 165 165 163 160 161 161 160 158 157 156 155 153 156 156 155 153 151 152 152 150 150 136 146 149 149 147 150 153 147 145 144 181 147 181 145 164 173 149 154 154 151 154 150 159 188 160 156 182 174 147 153 147 155 159 
172 172 173 173 174 173 172 171 172 171 171 175 149 90 74 76 84 84 90 102 88 92 89 92 94 93 91 91 90 84 82 82 77 70 74 81 86 86 91 96 105 123 148 161 163 166 165 165 163 164 163 161 158 158 159 155 153 155 157 152 151 153 150 150 151 151 147 138 144 151 149 146 148 147 145 150 145 181 152 184 138 167 175 139 160 148 150 145 148 144 144 160 158 153 145 155 155 147 149 154 
173 174 174 172 173 174 173 172 172 170 167 167 138 81 76 71 74 79 91 97 86 89 86 93 89 88 88 89 85 84 81 76 77 80 79 80 86 85 87 89 94 98 111 134 151 162 167 165 164 164 161 160 162 158 159 155 157 159 160 157 156 156 148 148 147 145 144 139 134 146 148 148 146 147 149 153 144 151 176 182 138 183 155 148 146 150 154 152 152 150 163 178 166 163 142 155 158 150 152 152 
173 171 172 174 173 172 171 172 171 170 171 167 130 74 71 76 76 72 94 125 95 84 80 83 86 84 85 85 78 77 78 82 88 91 92 90 93 90 90 87 89 92 94 87 99 113 146 162 160 158 162 161 160 160 159 160 159 155 163 156 153 148 145 144 143 126 125 144 133 144 148 147 143 144 149 156 147 139 130 135 132 131 145 154 152 152 152 151 143 172 181 145 152 183 184 149 192 142 156 150 
171 172 171 171 170 170 172 173 169 170 173 167 122 76 73 72 71 72 129 165 142 105 91 82 83 83 78 80 80 86 90 89 88 90 91 91 92 87 90 84 83 81 80 76 83 85 82 95 120 142 145 131 118 125 131 132 135 134 135 134 128 113 119 116 110 95 110 132 128 141 146 150 146 149 149 145 142 184 187 194 192 192 178 149 148 154 151 150 144 177 164 135 151 146 175 125 168 161 150 151 
172 168 172 173 172 171 170 172 172 171 171 171 105 61 69 74 73 77 125 163 166 167 160 140 119 100 97 95 95 94 95 94 93 94 93 93 92 90 89 88 84 80 73 71 72 72 72 76 82 86 97 96 88 88 89 88 86 87 86 88 85 89 79 80 87 91 91 85 124 145 146 145 147 145 156 149 146 187 139 141 148 145 150 161 157 158 157 155 144 160 174 180 183 178 173 183 186 143 156 155 
174 169 173 174 172 172 170 173 173 172 170 161 98 74 80 86 76 83 120 161 165 168 172 173 169 150 120 104 96 92 96 92 95 96 94 94 93 90 88 85 81 77 69 65 62 67 71 74 80 81 94 79 73 70 73 73 70 72 77 76 79 82 80 85 96 100 96 92 117 137 147 149 147 148 151 148 149 190 153 152 154 157 160 155 150 155 155 151 152 162 159 158 152 154 164 155 140 148 154 153 
177 172 172 174 174 173 172 173 173 171 171 151 86 68 93 95 83 78 122 161 165 168 169 171 170 173 169 163 147 124 105 89 83 84 88 89 90 93 98 99 95 89 81 74 68 71 78 83 97 128 158 147 137 151 156 153 156 150 141 133 116 93 77 82 80 68 78 108 128 138 148 154 150 154 154 149 141 163 177 179 176 173 172 159 159 160 155 150 150 153 153 152 149 149 153 160 157 149 146 154 
176 174 172 173 173 172 172 173 175 173 170 133 78 79 91 94 87 91 136 164 165 167 169 170 171 170 171 170 169 169 163 152 137 135 140 142 151 158 167 168 164 156 150 140 141 143 151 160 163 162 163 159 160 160 159 160 160 157 155 155 156 152 150 144 132 122 119 130 139 138 147 152 151 157 155 154 154 156 154 149 147 143 145 150 159 157 158 157 149 152 154 148 150 150 153 160 155 152 150 148 
170 173 174 172 171 172 173 172 172 171 154 98 79 91 98 88 84 111 152 170 170 169 169 170 171 172 171 170 169 170 168 169 166 166 169 166 166 164 170 170 168 167 167 164 164 160 166 162 167 164 161 159 160 161 159 160 160 157 157 160 161 157 154 150 147 140 136 140 141 133 151 149 149 155 155 155 155 157 153 154 146 194 182 153 157 156 155 154 152 155 148 172 170 148 153 152 156 154 155 156 
165 174 175 174 172 172 172 170 171 166 129 80 84 92 90 90 94 126 162 170 167 168 170 171 169 171 170 168 170 170 168 169 167 170 170 164 166 168 169 166 171 171 169 166 167 166 162 162 164 162 161 158 162 164 160 158 160 162 159 160 158 157 152 149 150 149 144 147 145 132 146 149 154 156 155 151 156 154 157 161 150 145 146 156 159 153 152 157 155 154 137 188 183 143 156 159 152 154 154 153 
169 176 173 175 171 171 170 170 169 154 99 76 90 96 90 90 108 155 170 171 167 166 171 170 169 166 167 168 169 170 170 166 166 168 168 166 167 167 166 167 169 168 168 167 165 163 161 162 163 163 160 160 162 160 160 162 161 160 161 159 155 156 154 149 150 148 148 147 147 139 147 153 153 152 153 153 151 159 155 153 158 155 159 162 156 149 154 160 153 153 144 194 189 144 154 156 156 156 152 150 
167 171 171 174 170 170 169 166 167 137 88 84 98 90 81 96 138 168 174 171 170 167 172 173 173 170 170 169 170 168 171 174 170 169 170 170 170 170 169 171 165 166 167 164 164 164 162 161 161 164 161 161 161 163 158 159 160 157 156 158 161 156 155 154 150 151 151 151 149 142 150 153 155 151 153 154 156 152 157 154 158 151 152 160 154 153 158 156 155 157 151 146 148 150 157 159 155 154 155 155 
167 174 172 171 169 168 170 167 151 112 85 94 93 85 90 130 163 169 170 170 170 169 168 172 172 171 173 171 170 171 169 173 169 170 171 170 167 167 169 174 170 165 167 168 168 167 165 164 164 162 163 166 162 161 163 163 163 162 161 162 160 154 157 157 153 155 152 152 153 145 150 152 154 151 150 150 163 168 154 154 152 151 156 157 154 155 157 160 151 154 156 158 149 155 155 160 161 157 154 154 
168 174 171 169 168 171 170 165 133 101 96 96 90 86 116 155 167 172 168 169 169 169 169 173 173 171 170 172 168 169 167 170 167 169 170 170 169 170 169 170 174 168 170 167 167 166 167 164 161 164 164 162 162 164 164 161 164 163 164 165 161 157 156 156 153 153 155 152 152 151 143 156 151 151 154 146 175 154 142 141 141 145 150 160 157 159 154 158 149 164 158 151 161 157 157 159 160 155 151 153 
172 166 173 171 169 170 166 151 112 101 98 93 96 111 149 165 169 170 172 171 169 169 168 170 172 170 171 170 169 170 168 170 171 168 170 172 169 170 169 172 169 169 169 167 168 166 164 162 160 162 165 164 162 161 160 158 163 167 165 163 160 158 156 157 157 152 155 152 152 151 142 159 152 152 179 188 180 189 189 189 191 201 177 143 154 154 156 142 160 184 142 148 148 152 151 151 151 152 155 155 
171 169 171 171 166 163 149 127 94 88 87 90 113 142 164 169 171 170 171 170 168 170 169 168 171 171 169 171 168 170 171 168 168 167 168 168 169 169 171 169 169 171 171 168 169 167 165 167 163 161 165 164 164 162 162 163 161 161 161 158 160 156 153 151 157 155 155 154 154 154 140 155 151 153 150 142 143 143 142 140 136 142 149 153 158 159 145 173 180 170 167 167 169 168 178 150 155 162 161 149 
171 165 170 171 160 142 117 91 83 88 100 119 147 163 171 171 169 170 171 169 169 171 171 169 168 169 173 173 169 170 171 168 167 168 166 167 167 169 169 169 168 166 165 165 166 169 166 168 165 163 169 166 163 164 162 165 161 161 162 159 159 154 157 158 155 157 157 158 156 152 139 159 155 151 152 155 145 140 152 148 148 147 151 152 159 160 150 170 171 172 160 157 164 161 172 145 152 154 155 158 
169 162 170 163 139 103 75 74 104 125 148 159 168 168 170 169 168 170 170 168 168 169 169 170 171 169 171 174 175 171 168 169 168 165 164 167 167 168 166 165 165 165 164 167 168 170 167 165 164 164 162 165 164 164 163 163 161 160 160 158 159 160 156 156 158 160 157 157 156 153 140 155 156 152 148 174 181 186 191 144 175 191 165 152 152 153 156 151 157 156 157 152 157 156 153 154 157 156 154 151 
171 164 166 157 133 107 100 116 146 160 167 167 171 170 170 169 169 171 169 165 167 169 169 170 171 169 171 170 169 170 168 167 167 166 167 170 169 169 166 162 162 165 166 167 166 166 168 168 164 163 164 165 163 164 161 162 161 162 159 160 159 157 159 157 156 158 156 157 157 157 146 155 161 161 145 189 159 151 175 144 147 151 191 149 152 158 158 155 158 155 154 156 154 153 154 158 156 158 158 154 
172 169 167 165 154 145 147 157 166 166 167 168 168 167 170 169 169 170 167 168 170 170 169 168 168 168 167 167 168 170 171 169 168 167 167 166 165 167 166 164 163 166 167 171 167 167 171 169 166 163 165 164 163 166 165 162 163 163 155 162 161 160 159 156 156 157 156 158 157 154 149 145 152 152 146 186 150 157 190 148 160 178 168 147 156 151 151 159 161 160 158 158 157 154 157 157 154 149 151 151 
171 170 167 166 167 163 163 169 169 168 166 167 166 165 167 170 171 170 169 166 170 167 169 170 168 167 166 166 168 167 168 169 168 165 166 164 166 167 167 163 167 170 168 170 168 168 170 168 168 166 162 162 159 161 161 160 162 163 161 158 158 162 161 158 157 158 159 156 156 155 157 144 151 151 145 176 156 143 161 188 179 165 147 160 156 155 160 162 150 171 169 149 153 155 153 149 178 154 153 153 
169 165 164 167 165 166 169 169 167 167 169 168 167 166 165 166 168 170 169 167 167 167 168 169 167 169 167 165 168 168 167 167 166 167 166 168 167 168 168 165 166 168 169 171 166 168 169 166 167 166 159 163 162 159 159 161 161 164 163 162 161 160 158 158 157 156 157 155 156 155 156 145 159 156 152 151 149 153 148 142 150 154 154 159 156 153 156 160 155 161 155 172 185 171 162 167 186 148 151 154 
166 168 168 169 167 167 167 163 166 166 167 166 166 166 168 167 167 169 170 167 165 169 169 169 169 169 167 164 165 167 168 164 165 167 164 164 165 167 167 166 166 167 169 169 165 167 168 165 164 163 162 162 161 158 160 160 161 162 162 162 161 161 158 158 157 156 158 155 153 154 159 143 157 154 150 156 148 151 156 154 159 151 151 160 158 154 157 159 159 155 150 155 166 177 179 168 160 150 153 155 
169 170 168 170 166 168 166 167 169 166 168 168 168 168 167 168 169 169 171 169 168 169 168 167 168 167 165 165 167 168 168 168 169 167 165 165 166 168 165 164 164 166 167 166 167 167 166 166 163 163 162 159 159 159 160 165 163 163 162 161 162 162 159 157 157 157 158 158 160 157 156 142 157 157 150 153 151 153 153 154 155 151 153 156 153 157 157 154 152 179 193 180 157 157 145 150 158 155 154 153 
168 169 167 168 165 168 168 168 168 166 168 169 169 169 168 168 169 169 169 166 167 167 168 167 168 167 165 165 166 166 166 166 171 169 166 165 166 166 165 164 165 166 166 165 165 164 168 169 166 161 164 164 163 160 158 162 163 163 162 161 161 163 161 158 157 160 158 157 156 154 155 146 153 160 155 153 150 155 150 154 154 155 152 155 152 153 152 157 157 165 155 151 150 153 152 152 154 150 155 155 
167 167 162 167 167 167 165 164 167 168 170 169 169 169 167 167 167 167 169 167 170 170 170 167 170 167 165 164 164 166 167 168 167 169 167 163 165 167 166 165 167 167 166 164 165 168 166 169 165 160 159 160 161 160 159 162 163 165 163 162 158 161 163 160 157 160 160 156 159 156 156 151 150 159 155 157 154 155 154 153 153 153 152 154 152 157 157 155 151 169 170 175 172 179 185 148 149 150 155 157 
168 167 162 167 168 167 165 163 166 167 167 169 168 168 167 167 167 167 167 165 167 166 164 162 163 167 166 165 164 166 166 167 166 168 166 165 166 164 165 167 168 168 167 164 165 166 166 168 161 164 162 161 161 163 161 160 160 163 164 162 159 161 160 158 160 159 161 158 155 155 158 153 137 162 158 157 156 158 155 153 153 153 154 154 153 155 159 160 149 162 175 148 152 142 149 159 163 161 156 155 
168 165 164 165 166 165 163 164 166 166 166 168 167 167 167 168 168 168 168 164 166 168 165 166 166 167 167 167 166 165 164 164 166 165 164 164 166 166 165 166 166 166 168 164 165 163 167 166 163 165 164 163 161 161 160 162 162 161 165 162 161 160 159 158 161 159 159 159 158 157 159 156 144 161 163 155 156 155 152 159 155 152 155 154 152 153 153 156 152 174 169 148 156 158 159 158 157 156 158 163 
170 166 160 165 166 166 166 165 165 165 166 165 166 167 166 168 169 168 168 166 167 166 166 165 166 167 166 165 165 164 164 164 167 165 166 167 165 166 165 163 170 165 163 164 166 167 165 162 165 162 165 162 160 164 162 162 158 162 164 158 156 158 158 157 158 158 157 160 156 158 160 160 147 160 155 154 153 154 155 155 157 157 155 158 157 156 159 160 160 158 155 153 157 157 152 155 157 152 154 154 
168 166 164 164 167 167 167 168 167 166 165 163 165 166 166 166 167 168 167 167 167 168 165 167 165 168 170 168 165 165 165 165 167 165 164 166 166 163 167 168 164 168 165 167 166 165 165 167 166 164 162 159 162 162 162 162 161 165 163 163 162 159 157 158 156 158 157 158 157 160 159 159 146 160 156 155 154 154 155 155 155 158 155 154 154 158 156 155 157 160 154 154 156 155 153 157 155 154 154 153 
170 168 170 164 168 168 168 167 167 164 164 165 166 168 167 165 166 168 167 169 167 165 167 165 166 167 170 166 164 164 164 165 165 164 165 166 167 169 165 163 165 167 166 166 166 164 165 166 165 164 160 159 160 163 164 162 159 162 158 160 157 157 158 157 157 157 159 158 160 158 159 157 149 155 158 156 155 156 156 156 157 156 154 158 156 155 153 157 155 154 158 152 152 154 156 159 157 153 157 152 
170 169 170 163 169 167 169 166 170 166 166 167 166 167 168 166 168 167 169 170 167 168 166 165 166 169 169 164 165 163 165 166 166 166 166 166 168 167 163 165 165 171 168 166 167 162 167 166 166 162 161 159 161 161 161 165 159 160 158 160 159 161 159 157 164 159 163 159 157 157 159 157 149 152 157 155 155 156 155 158 154 156 155 158 155 155 155 156 159 155 155 155 153 152 158 159 156 155 156 154 
