87 96 101 106 108 108 111 91 82 120 109 85 68 70 122 96 109 104 86 104 124 126 127 116 106 93 101 117 102 123 91 101 184 173 156 103 105 105 105 104 128 117 127 136 126 142 142 133 132 119 114 145 137 140 155 131 110 191 167 163 123 114 169 165 142 139 106 108 123 113 139 139 144 137 149 170 154 155 158 134 127 143 113 129 157 113 82 114 107 106 125 150 97 105 116 147 152 133 149 154 
86 97 101 103 106 106 108 90 71 118 106 88 70 71 103 94 121 97 111 109 127 136 164 137 103 107 112 95 105 117 106 133 148 142 115 96 95 104 111 99 122 133 124 138 107 153 147 129 142 97 117 103 119 94 137 114 90 167 137 134 130 94 155 146 128 163 95 97 129 119 109 128 153 113 128 166 132 138 164 193 119 130 130 135 148 85 74 120 103 108 156 174 141 132 155 157 151 137 140 167 
86 93 98 105 111 106 104 89 74 116 102 101 87 93 93 109 115 102 103 99 133 130 135 118 111 97 99 110 96 93 100 98 147 163 110 119 104 116 132 81 139 118 116 121 109 128 113 108 158 107 113 116 116 155 164 125 96 153 117 141 116 110 172 121 116 162 151 120 105 138 146 163 152 98 144 161 115 133 137 171 135 162 119 156 121 128 113 144 151 115 140 127 152 112 131 125 129 136 160 171 
88 94 98 105 114 102 103 87 70 118 101 87 92 99 94 104 114 106 98 110 170 143 134 117 104 116 91 114 106 86 95 92 175 173 115 151 110 129 128 64 110 142 130 121 144 128 136 129 141 105 132 129 151 151 141 137 147 134 124 131 87 99 151 150 176 165 166 178 151 148 180 152 157 134 148 126 119 135 168 136 154 138 131 140 137 119 114 148 172 121 133 177 146 123 133 148 136 154 173 161 
105 97 99 107 110 101 103 88 75 114 94 80 70 81 101 105 103 100 103 91 108 123 150 95 100 97 105 110 129 121 114 130 181 143 124 159 108 158 171 103 129 137 147 142 133 96 148 121 121 141 124 136 128 181 136 127 98 119 157 121 58 113 125 167 108 178 137 136 115 171 124 129 149 132 137 153 136 112 147 137 129 116 142 141 124 105 93 91 124 125 115 196 193 140 151 159 162 156 149 147 
87 92 103 106 103 102 104 93 84 114 105 84 79 71 89 105 106 95 116 108 99 126 153 137 107 103 91 98 105 115 94 118 141 130 114 151 120 159 163 98 142 134 141 140 117 107 139 139 128 124 127 152 129 149 130 119 108 137 172 120 107 142 159 141 129 170 160 152 116 174 129 124 134 127 135 150 153 137 152 173 149 118 125 139 171 141 92 99 108 107 107 173 192 94 115 183 153 183 145 173 
89 88 109 108 102 102 103 92 77 110 104 80 81 64 88 112 82 107 109 103 118 130 193 163 113 83 78 87 106 97 108 125 160 126 116 157 167 172 127 99 129 141 197 130 114 113 135 131 146 141 130 170 151 135 129 107 108 130 100 106 124 134 104 130 127 145 157 177 132 142 123 135 123 134 124 139 139 157 154 141 121 82 120 101 112 106 111 103 123 156 105 154 177 114 132 168 148 171 150 161 
93 87 112 110 104 101 107 93 78 115 110 91 77 86 86 106 84 113 102 98 136 112 135 128 108 97 71 87 113 93 108 102 126 135 116 173 155 186 131 119 122 132 118 139 148 116 155 116 170 144 165 134 158 139 115 156 115 135 151 98 133 175 99 124 168 144 145 115 138 154 111 149 146 133 115 95 111 140 138 124 121 85 126 105 98 60 84 133 132 148 76 131 169 123 101 164 125 151 160 162 
99 99 114 109 105 101 106 91 75 115 109 83 74 79 101 129 113 92 91 119 129 88 155 125 107 93 71 90 118 113 110 100 104 103 143 147 169 157 170 125 79 117 121 116 112 106 134 122 138 139 149 128 143 133 114 151 149 148 125 133 124 164 124 116 140 117 107 135 127 129 93 107 132 123 102 90 100 134 112 124 118 86 116 96 87 57 90 90 148 132 138 152 152 103 116 150 148 141 155 168 
99 107 114 110 107 107 102 89 74 114 110 86 70 85 104 122 108 100 93 96 138 120 156 159 108 100 102 99 103 116 119 92 121 89 149 143 126 127 128 109 86 135 126 134 120 105 103 129 158 136 117 135 134 113 106 128 144 127 138 141 110 146 140 110 119 96 136 187 132 119 88 121 117 97 96 85 90 94 83 98 139 95 90 98 83 81 109 81 110 112 172 201 159 105 151 167 128 116 160 157 
97 114 117 111 108 103 103 94 68 110 109 77 82 76 116 138 93 99 94 87 134 149 145 163 90 105 133 91 95 105 76 118 144 85 114 140 106 122 103 103 84 160 136 114 105 120 134 111 128 141 115 135 136 105 125 158 92 147 161 166 136 114 151 141 122 100 118 135 118 116 108 110 95 90 84 86 97 87 65 68 79 93 128 128 107 62 133 104 135 135 145 167 109 136 158 149 109 134 143 150 
90 112 117 111 108 107 102 96 79 113 110 81 80 83 114 149 101 123 89 87 109 160 132 163 111 88 105 87 101 98 84 111 129 99 133 170 124 145 117 107 86 145 125 118 150 122 142 146 134 144 149 146 117 128 144 149 92 129 139 104 140 154 149 156 118 113 127 109 133 106 94 77 76 84 83 79 93 81 63 53 60 69 82 102 85 91 145 160 144 110 135 134 114 126 117 115 147 159 155 175 
92 102 106 109 111 109 106 95 76 109 105 82 79 88 123 114 119 135 94 99 121 133 164 150 105 74 100 80 80 141 101 109 118 109 165 161 126 129 111 131 91 124 143 114 140 110 112 156 165 132 156 135 101 136 150 130 119 126 131 105 145 105 146 156 132 99 111 113 99 90 72 68 62 68 81 69 68 86 81 60 49 67 74 76 98 89 80 74 117 85 133 131 118 146 123 112 153 151 124 172 
98 109 106 111 107 112 109 100 71 111 107 96 87 91 130 94 97 114 105 108 109 150 132 144 108 103 99 79 100 132 99 151 154 101 143 160 111 134 119 145 116 103 144 140 89 116 147 165 162 142 125 121 121 135 141 143 145 126 151 148 126 140 179 179 136 101 130 82 76 82 72 59 55 62 68 59 63 70 95 74 60 68 60 58 66 75 65 70 84 81 109 124 133 147 156 141 134 140 152 179 
93 109 110 110 108 110 110 100 72 108 104 90 80 93 130 114 107 115 89 105 104 148 117 145 110 109 93 85 106 96 85 129 146 124 124 139 116 108 123 114 87 108 118 133 128 118 161 141 143 141 136 122 125 136 153 135 126 150 125 133 120 146 147 173 135 129 86 68 64 79 83 62 51 57 57 55 67 73 80 93 79 70 59 47 53 68 64 87 85 101 114 166 133 180 167 152 127 148 153 186 
96 104 112 112 111 110 110 102 69 105 105 83 70 87 107 106 116 121 99 128 97 129 139 141 114 95 78 87 107 96 88 91 125 121 96 146 132 130 153 107 100 132 121 126 133 95 141 157 123 134 137 140 156 136 132 153 134 137 152 102 99 106 152 152 133 107 79 72 69 68 75 72 51 47 44 64 67 70 66 90 84 70 52 51 75 71 65 63 70 86 165 165 135 124 160 135 137 171 175 187 
97 105 109 114 108 111 112 102 71 105 97 77 78 99 87 106 111 111 90 117 118 135 132 141 108 92 80 88 92 96 98 99 153 138 140 136 144 122 137 114 122 121 137 123 105 83 107 131 149 145 134 116 114 137 104 136 121 122 129 131 130 135 135 134 111 84 74 76 77 73 63 61 61 44 43 57 58 53 56 58 84 74 52 68 75 65 75 57 76 77 110 97 129 109 152 135 123 129 161 192 
101 113 115 115 109 108 109 101 69 100 93 78 108 104 97 113 101 86 110 99 113 132 173 149 134 128 130 116 89 95 111 117 120 136 109 107 146 109 132 150 125 136 156 128 128 121 125 112 126 107 136 149 142 140 102 106 156 109 148 151 133 119 153 132 89 79 72 69 73 72 59 56 60 56 47 40 42 35 49 59 69 63 43 54 57 41 64 54 55 84 100 96 147 121 153 156 135 118 188 176 
99 109 112 119 110 112 109 97 73 101 94 69 111 84 95 107 96 97 105 94 115 141 158 131 160 130 106 107 99 110 105 117 133 114 135 136 131 118 113 123 124 119 142 167 170 141 115 120 110 130 133 136 141 150 119 135 142 138 140 132 103 142 137 85 74 74 60 60 70 68 60 51 38 49 52 48 38 26 35 63 57 45 31 44 29 33 53 42 55 117 93 119 124 102 141 161 152 145 147 145 
99 106 112 119 110 113 110 99 61 99 92 81 97 82 106 95 117 112 102 99 98 143 138 100 144 106 102 90 84 120 88 112 115 97 128 159 162 131 138 96 77 142 122 167 170 146 123 155 134 139 124 112 146 128 122 136 147 144 120 122 102 148 93 64 60 56 47 57 65 57 54 49 39 32 41 42 37 17 23 53 62 51 43 35 18 32 50 43 54 126 89 118 93 105 141 143 122 143 121 143 
99 108 111 116 111 113 106 98 55 81 86 70 86 91 106 101 97 117 87 112 96 145 113 131 114 132 109 96 83 117 95 120 111 95 85 185 134 142 120 134 110 149 128 131 185 149 132 156 109 111 116 129 113 148 148 166 156 139 122 107 140 102 70 62 50 44 41 43 50 50 40 41 36 31 28 29 33 12 17 45 62 48 44 26 14 24 52 57 61 100 87 112 105 134 157 161 155 154 153 135 
98 108 113 115 110 113 109 100 57 69 70 67 80 89 81 99 91 111 98 116 100 127 119 99 142 143 98 108 99 96 92 111 118 111 103 182 132 141 122 125 129 157 168 171 160 142 160 119 144 150 148 124 99 106 158 126 169 184 128 132 115 78 63 49 45 38 34 38 37 37 25 26 24 25 24 23 24 22 21 40 46 38 33 24 24 25 50 71 84 112 93 94 100 116 157 146 154 141 159 96 
99 109 113 113 107 113 108 100 54 66 63 75 67 93 78 100 94 115 86 128 105 122 119 116 144 161 96 104 85 101 89 101 113 145 115 175 138 126 132 110 132 137 115 155 141 141 127 126 170 140 126 132 122 135 143 129 104 95 136 121 72 65 55 49 36 27 31 28 24 28 22 19 15 13 22 24 25 33 25 42 57 44 32 17 32 38 43 76 94 108 89 109 136 124 139 117 148 146 136 110 
101 109 114 114 109 110 105 104 63 84 71 74 69 68 97 96 92 114 91 107 100 139 122 106 152 151 116 91 110 78 109 100 97 130 121 157 138 93 147 130 135 134 109 126 111 110 137 140 144 140 99 109 117 129 169 150 142 81 130 88 67 54 40 35 27 25 23 21 21 18 23 17 16 13 16 27 22 32 46 48 43 41 33 19 28 37 36 55 62 71 54 117 136 107 136 92 112 125 112 143 
99 106 112 112 107 113 108 109 63 86 82 79 73 83 88 86 91 93 105 88 104 141 96 112 133 167 111 81 120 84 109 112 147 130 105 152 128 92 124 127 133 118 125 110 135 133 131 169 143 148 139 112 87 171 146 149 122 137 92 61 43 34 28 27 23 23 20 21 20 21 22 22 19 8 10 22 32 26 34 45 41 25 25 19 10 12 21 48 76 47 68 156 101 111 155 106 108 131 148 143 
96 105 112 112 108 113 112 111 57 85 89 89 80 92 88 93 90 101 90 102 108 117 125 121 138 184 116 96 102 89 86 112 153 89 122 162 135 120 124 115 135 138 122 125 117 124 152 129 124 146 129 124 112 171 145 140 123 100 59 40 29 26 25 23 23 20 17 18 14 14 18 19 16 9 11 13 30 38 30 17 18 18 14 9 6 5 30 36 57 52 96 164 84 117 158 136 134 160 157 156 
97 103 110 113 104 113 111 111 60 95 96 86 75 84 92 103 90 97 115 114 131 116 130 123 141 180 117 92 75 91 80 96 115 104 114 144 159 162 120 120 152 170 138 110 112 119 139 129 130 143 114 104 140 162 124 100 72 54 40 33 26 28 21 20 18 16 16 18 14 17 15 18 22 14 10 11 21 36 39 24 9 11 11 5 6 10 39 37 41 44 67 125 134 174 168 151 182 159 137 131 
97 102 109 112 104 111 104 109 61 97 94 79 84 100 89 96 101 91 125 102 135 129 114 110 138 160 114 81 98 81 90 114 105 120 115 177 189 143 110 159 142 149 147 108 141 131 135 129 126 142 134 109 159 151 85 68 54 47 37 29 29 27 19 22 17 14 16 15 15 17 11 18 18 19 11 10 14 29 38 35 21 14 13 8 7 10 30 36 40 27 37 94 149 189 172 149 158 128 132 150 
97 102 112 113 106 110 104 106 64 110 95 82 83 102 86 100 91 83 113 94 115 114 128 110 143 181 128 86 94 88 133 113 123 97 125 139 157 126 95 123 169 131 158 123 112 113 131 124 111 135 138 124 152 98 75 62 53 42 32 27 25 22 20 19 16 14 18 16 19 16 13 18 19 16 8 4 5 18 32 32 26 23 23 19 18 14 9 34 58 37 69 102 119 187 145 112 118 101 141 138 
98 103 111 112 107 111 106 106 64 111 100 72 90 74 85 120 93 99 113 110 123 103 159 122 133 183 142 91 103 108 104 99 99 91 135 150 136 117 110 138 161 180 161 102 148 125 123 115 140 114 141 134 118 76 75 62 54 45 38 30 29 19 20 18 17 15 15 16 18 22 18 19 20 19 10 6 4 12 28 34 31 23 27 31 34 26 16 38 67 40 77 90 103 172 115 107 112 132 155 131 
95 101 110 109 106 110 107 107 63 112 106 75 85 83 78 106 97 99 121 111 138 117 144 83 153 202 94 105 81 118 88 90 148 111 152 146 141 120 128 127 106 141 121 83 92 107 116 119 133 147 120 100 72 73 69 65 63 56 48 40 33 29 28 23 15 12 12 13 10 11 23 17 16 15 9 6 5 9 21 32 32 26 23 29 36 40 30 60 51 39 62 83 84 175 111 107 141 164 187 144 
98 103 110 111 110 114 109 114 61 113 108 88 112 85 84 93 87 95 134 111 123 99 132 92 150 176 125 87 105 89 100 99 120 115 162 175 125 97 90 120 102 158 152 87 141 101 126 135 127 116 72 64 71 72 75 69 61 54 42 32 26 20 17 13 14 12 8 10 8 7 18 14 13 9 10 9 5 7 11 25 32 31 26 29 31 33 44 51 56 57 54 69 83 179 141 116 135 166 177 143 
101 107 109 114 108 115 109 108 61 114 109 87 102 87 89 89 107 116 133 109 99 92 133 140 116 173 131 110 110 102 106 135 81 138 143 143 120 95 94 106 82 146 163 99 125 98 130 125 134 102 57 65 74 65 69 65 68 62 51 41 32 23 18 17 17 12 6 6 8 7 11 13 12 8 11 12 9 9 6 18 27 29 24 23 26 37 38 32 40 74 66 60 112 110 120 101 133 168 160 120 
99 110 111 118 113 115 109 109 59 112 107 85 89 84 87 96 120 109 142 112 92 110 110 116 123 173 105 95 89 116 105 95 88 122 149 162 136 95 114 138 113 176 176 126 127 110 127 114 131 78 61 74 66 67 67 62 62 52 45 44 39 36 29 21 11 6 5 5 9 5 6 9 13 12 11 13 6 3 6 15 22 25 27 23 25 34 41 33 37 98 60 65 99 107 111 109 130 175 116 100 
102 109 113 117 115 114 110 109 60 116 110 90 74 93 87 101 103 106 92 116 131 129 101 87 111 170 127 116 93 122 98 118 96 123 137 217 109 88 110 133 105 160 162 126 84 111 140 128 130 70 77 73 73 74 69 65 58 44 33 29 29 32 32 26 16 11 7 5 7 5 6 6 7 12 5 6 5 3 3 6 17 22 24 23 29 36 39 33 37 72 80 82 90 126 155 117 150 150 99 90 
100 111 113 114 113 113 109 111 60 115 111 88 69 79 90 104 99 120 85 115 124 94 97 80 108 160 100 110 90 115 122 102 105 130 153 142 108 111 125 97 162 177 146 90 68 107 121 142 98 79 73 75 69 68 70 59 52 43 38 31 25 26 22 18 18 12 6 5 7 5 6 4 7 12 7 6 4 1 4 4 11 19 23 26 24 34 40 35 42 61 71 81 91 127 113 122 120 148 139 134 
99 108 113 110 107 106 104 112 69 116 112 77 79 91 106 103 106 106 88 118 120 105 111 83 105 167 148 91 103 96 104 92 103 126 140 127 86 145 157 105 131 114 173 129 89 108 92 115 80 68 68 65 63 59 59 56 54 49 45 35 28 21 20 20 20 18 11 6 6 4 4 3 6 10 10 4 2 0 4 3 9 16 16 21 29 37 40 37 39 68 68 96 138 129 128 125 112 116 138 125 
98 106 111 106 105 102 102 108 63 112 106 86 67 87 89 109 110 112 107 116 122 122 100 83 95 159 126 89 105 114 124 115 105 109 160 148 62 115 146 109 119 127 168 145 114 110 99 80 72 65 65 63 65 62 66 68 65 63 56 44 45 36 30 22 17 14 13 11 5 4 6 6 4 9 8 4 2 1 3 3 4 9 19 21 34 33 47 46 49 50 73 84 150 142 141 117 136 133 123 96 
98 104 112 110 108 105 102 102 57 107 101 89 76 93 106 94 121 105 112 130 97 103 98 82 104 156 100 83 95 95 104 130 105 133 131 138 100 132 126 74 128 141 182 155 94 91 75 78 74 66 62 63 69 76 75 67 60 56 52 47 42 41 37 32 24 18 13 14 11 6 4 10 12 13 16 12 3 3 2 3 3 6 18 17 27 32 44 45 59 51 78 67 101 138 146 118 130 139 118 111 
99 105 110 112 110 111 105 104 75 117 97 93 73 96 106 81 108 101 99 128 116 89 113 69 118 127 124 88 83 92 94 157 94 156 115 135 131 107 110 95 162 186 198 156 102 77 73 75 70 70 68 75 82 77 65 53 50 47 47 44 39 34 29 29 29 25 20 17 15 10 4 12 26 22 28 20 10 3 6 3 2 4 15 20 24 35 39 50 76 85 88 80 88 135 103 149 127 131 135 151 
98 103 107 109 108 113 102 103 58 114 103 97 89 93 112 87 99 103 107 122 106 102 102 94 122 129 118 82 94 106 82 106 106 189 116 176 133 117 117 155 164 185 180 123 79 65 67 67 67 67 66 74 80 76 64 56 52 49 45 42 41 37 33 29 34 27 24 15 14 13 7 31 36 34 41 25 14 8 6 3 4 5 10 19 22 23 35 50 66 59 117 86 88 149 80 137 112 121 147 130 
99 101 107 112 109 111 104 110 57 111 105 95 78 85 105 89 103 101 106 139 149 104 101 137 144 130 94 88 118 100 86 94 91 135 113 144 127 118 130 129 115 109 91 70 63 63 54 60 64 61 68 68 68 66 66 65 58 50 43 44 41 38 42 39 40 37 35 29 23 23 19 36 32 37 41 30 21 21 4 3 4 3 5 14 14 19 27 43 55 67 96 85 81 115 98 133 100 118 164 131 
101 102 106 111 108 112 110 108 59 110 104 99 99 84 136 89 86 87 89 142 126 99 112 121 127 145 105 92 90 79 103 106 96 115 111 115 121 137 95 116 102 70 58 60 63 57 59 61 58 68 66 65 61 61 62 58 58 54 49 42 40 37 35 40 49 52 49 47 47 50 32 34 33 36 40 38 27 31 23 28 8 4 3 9 12 12 26 35 44 81 88 68 68 114 130 109 90 120 148 111 
100 102 102 110 108 116 111 103 51 108 105 96 110 79 132 108 99 97 98 122 102 122 97 83 115 128 95 83 88 96 140 124 96 105 105 117 178 149 115 119 81 51 47 48 51 48 52 59 64 64 66 66 61 53 56 55 53 52 48 43 46 40 43 47 47 48 55 69 68 60 35 34 35 32 39 41 24 31 42 38 7 5 5 7 11 8 20 36 48 69 73 56 57 125 109 123 104 97 153 120 
96 101 105 111 112 114 106 104 52 110 103 98 84 74 111 107 104 101 109 102 96 96 108 92 97 158 108 103 91 97 143 119 84 106 91 137 124 137 141 90 65 47 43 31 28 37 52 64 58 61 66 58 47 53 60 56 56 58 56 53 48 41 48 54 44 50 66 68 71 72 64 42 40 42 37 28 21 34 62 31 13 13 13 8 5 11 19 34 61 75 60 48 46 103 116 113 130 123 126 149 
94 99 103 110 111 115 108 106 50 107 96 96 82 81 108 97 93 100 115 127 109 91 85 65 62 92 118 162 95 84 89 93 72 93 106 106 114 140 124 72 58 56 53 38 19 30 47 57 51 52 54 55 51 53 50 52 60 71 65 51 43 43 55 51 43 58 59 69 89 87 76 56 38 54 37 28 28 47 69 32 24 25 25 17 5 27 40 45 89 84 64 44 33 97 84 122 164 103 73 140 
97 101 104 111 108 112 111 111 73 104 91 102 86 76 96 95 100 95 108 123 111 82 58 62 62 86 116 178 88 98 81 73 69 76 89 103 130 108 92 70 62 54 51 44 24 35 46 51 51 54 56 58 51 47 48 50 63 63 65 49 46 48 49 42 54 61 69 98 87 78 79 78 57 39 33 41 49 74 70 33 29 33 42 37 28 43 58 75 104 80 59 36 58 108 61 132 103 107 99 129 
99 102 106 109 108 120 113 99 74 103 89 93 70 66 76 95 88 70 97 104 82 62 61 59 80 128 108 162 133 94 70 58 65 73 89 109 132 92 79 66 52 44 39 40 41 45 41 49 50 51 50 47 51 47 46 50 48 50 50 54 51 48 44 52 58 60 70 74 74 61 51 50 65 56 49 52 71 99 52 30 30 44 49 57 56 54 85 91 100 69 51 30 91 130 64 118 106 145 114 118 
99 98 106 111 111 123 110 100 76 103 91 80 72 69 86 93 101 82 94 82 68 60 50 60 116 131 99 136 91 75 61 58 59 75 80 93 92 75 67 49 45 36 33 42 42 46 46 45 51 57 53 48 40 39 42 44 44 51 55 56 53 49 51 67 73 70 71 90 86 71 62 51 56 63 50 50 52 106 43 23 35 50 58 71 74 85 100 84 83 65 51 55 133 106 94 130 113 116 116 107 
101 100 108 118 115 113 107 114 100 96 98 70 74 72 77 78 103 97 87 64 38 18 39 100 100 136 119 106 73 58 57 50 57 66 69 80 76 68 51 36 36 33 32 40 45 40 43 46 51 63 54 44 40 38 36 39 43 49 60 56 48 44 64 59 46 48 64 55 52 72 76 70 62 66 56 39 49 78 37 25 28 52 65 67 76 108 92 67 59 66 49 85 58 74 84 104 145 143 165 128 
102 102 103 121 120 122 108 102 76 99 102 80 84 72 84 90 102 89 66 27 15 7 22 97 83 116 110 77 54 43 51 39 53 57 56 63 62 67 51 37 25 20 27 37 42 41 38 47 58 65 57 49 44 40 36 39 40 46 50 51 42 48 60 38 40 42 38 37 58 90 93 85 91 81 56 48 68 48 24 29 32 47 65 57 58 97 76 53 55 65 66 73 34 66 101 100 173 148 184 128 
104 119 118 125 107 114 108 97 66 97 100 83 73 75 75 105 92 76 26 15 11 10 16 34 46 81 111 67 52 46 43 37 35 33 31 48 58 74 82 72 50 21 28 38 42 44 36 47 57 62 61 60 54 43 35 32 35 42 44 42 40 57 45 44 40 38 22 38 61 83 97 106 94 95 86 69 66 31 22 26 24 36 62 45 66 74 60 47 44 57 54 51 38 74 84 99 132 130 175 130 
111 125 128 112 103 113 110 96 62 106 104 106 74 72 98 92 82 41 16 14 10 21 29 35 50 127 80 71 76 68 55 43 35 24 28 34 39 53 67 85 80 60 33 36 38 37 41 48 56 60 62 59 54 52 43 34 34 39 37 37 48 45 40 41 36 32 20 41 56 71 87 113 112 97 80 78 66 21 18 18 15 23 41 49 71 64 56 42 41 51 45 27 31 61 82 94 96 145 140 118 
100 109 122 110 106 116 114 106 71 102 96 73 67 68 123 93 70 17 13 15 27 36 50 68 122 112 78 98 91 65 60 46 39 35 32 29 31 46 57 70 81 77 64 35 31 32 42 44 54 55 54 57 53 52 47 39 40 40 39 44 44 32 40 39 28 20 20 39 36 48 70 62 53 52 63 64 49 42 17 15 18 20 20 44 65 59 49 32 35 37 44 30 23 67 103 168 113 148 174 175 
97 106 104 110 110 116 115 114 86 107 96 73 78 73 84 92 54 11 15 30 43 61 83 106 154 69 70 100 80 62 56 38 38 39 34 30 33 33 47 54 68 74 73 63 41 35 41 48 47 48 56 59 55 58 58 52 49 43 41 52 45 29 26 24 30 12 21 26 25 40 54 41 43 54 59 54 47 46 36 20 17 15 16 27 51 47 44 29 28 32 41 29 35 76 129 150 108 114 193 180 
97 106 100 108 112 109 113 106 77 110 101 81 68 74 87 86 43 12 25 45 62 70 89 157 141 31 42 84 72 56 44 45 41 36 38 38 25 26 29 41 35 60 79 84 65 39 38 44 48 48 50 51 55 66 70 61 44 41 48 54 39 33 24 24 28 10 14 23 27 29 33 33 42 50 48 52 60 49 48 31 24 20 22 25 38 43 34 22 25 37 34 26 42 85 119 139 94 94 151 153 
103 103 98 110 109 109 110 107 68 117 137 117 84 82 88 79 40 22 43 59 70 73 94 166 113 19 35 67 66 63 63 64 41 48 65 62 30 26 22 32 37 46 78 87 75 51 39 38 45 45 43 46 57 63 65 56 47 44 50 45 39 32 23 22 21 8 9 23 24 17 23 25 35 41 42 42 48 51 47 35 26 26 26 27 32 33 34 36 27 36 42 37 38 80 121 139 101 101 150 125 
103 100 99 113 107 112 109 110 53 112 123 99 90 87 82 82 40 35 51 72 75 78 108 159 85 32 39 58 60 61 86 74 70 74 129 99 74 62 34 23 32 43 55 64 66 57 48 38 43 45 40 45 52 46 52 52 52 50 43 38 39 27 23 16 6 4 7 15 18 9 24 31 28 36 40 34 41 44 47 48 38 31 25 26 23 22 37 32 30 31 29 36 53 81 81 116 105 97 134 111 
102 102 101 114 109 114 103 103 51 108 124 87 72 79 79 97 48 51 66 83 86 79 111 133 60 50 49 47 44 61 92 94 90 143 186 170 128 92 68 25 23 39 38 100 108 93 66 42 42 42 40 43 45 48 54 55 50 45 42 44 38 26 20 7 2 4 4 10 13 9 24 28 26 18 9 8 13 34 47 38 43 44 30 31 20 19 27 30 30 31 27 30 43 75 88 87 118 124 127 112 
101 103 107 117 107 111 101 101 54 113 131 100 76 78 88 106 70 66 85 89 93 81 102 113 43 59 48 43 55 74 86 85 130 196 212 205 157 101 65 33 20 25 30 61 121 180 84 45 43 46 39 38 40 44 55 56 45 34 35 39 36 25 18 6 2 4 6 8 10 13 23 29 21 19 2 1 0 2 12 32 39 42 46 38 26 26 25 26 30 40 42 34 46 76 89 95 109 111 120 128 
103 104 104 115 105 108 104 100 56 117 130 94 84 80 82 111 98 85 103 99 87 78 78 70 34 35 45 50 65 77 98 109 151 209 219 202 171 121 69 43 18 11 28 29 33 44 47 48 38 40 40 35 39 41 48 50 42 32 32 30 28 28 18 5 3 2 5 8 7 13 16 21 13 18 5 2 0 1 2 5 13 35 38 30 29 23 28 25 31 54 65 52 56 80 77 100 103 97 107 109 
104 103 104 116 107 109 108 102 52 119 116 102 81 71 82 109 113 104 102 80 73 72 64 60 24 26 52 59 74 84 100 107 158 190 186 196 177 137 69 53 38 9 22 18 24 44 48 38 34 37 41 33 33 39 45 43 36 33 33 29 29 30 23 12 6 7 9 8 5 14 20 25 21 24 10 1 1 1 5 4 3 15 41 31 27 29 35 36 38 32 51 42 42 129 83 98 87 93 118 143 
102 105 112 118 112 109 109 102 53 117 102 101 75 90 92 112 125 115 91 66 70 71 64 70 29 38 64 68 88 89 78 80 120 148 173 182 163 128 75 62 45 15 12 15 13 53 48 46 32 33 44 37 34 36 35 37 38 40 29 32 32 40 33 24 9 16 9 4 7 25 27 29 29 15 18 3 1 2 8 7 9 16 30 34 27 32 37 35 36 39 30 31 54 104 91 90 111 119 128 147 
104 109 113 117 106 105 109 103 52 107 84 98 71 75 96 114 131 122 84 68 66 77 84 61 42 53 75 80 92 91 92 73 66 96 142 156 153 102 91 86 68 33 8 9 12 44 47 41 32 26 40 41 40 42 38 42 46 35 31 37 38 44 31 22 17 23 13 16 20 27 32 34 29 13 9 6 2 7 12 9 11 10 19 24 37 42 40 40 30 31 27 33 92 74 75 85 122 151 195 132 
106 122 117 120 105 111 103 101 49 98 79 85 82 77 114 142 128 117 84 66 55 64 85 76 65 70 79 92 113 105 123 48 32 59 121 133 96 99 121 99 69 42 18 5 12 24 35 27 27 20 34 44 47 45 39 44 51 28 29 33 42 42 33 24 24 29 22 34 38 25 27 21 30 28 10 10 18 18 21 18 14 17 24 36 45 45 40 40 34 28 23 32 71 64 82 93 142 150 192 134 
107 118 119 118 109 109 103 99 50 95 85 78 70 81 161 185 133 117 95 69 64 79 88 70 66 66 74 106 124 117 115 27 23 37 82 92 56 121 125 90 57 39 25 9 10 18 25 22 20 17 34 46 44 40 36 44 42 21 25 32 38 35 29 29 36 44 41 46 55 32 31 23 19 23 20 18 30 29 22 17 18 22 32 41 37 32 35 45 41 36 23 21 26 87 111 73 125 153 167 134 
105 113 120 122 113 112 107 104 54 92 86 82 79 91 113 183 150 119 99 72 69 87 75 64 53 61 75 107 119 126 101 35 30 26 63 56 48 117 119 104 81 38 15 11 11 18 22 19 15 12 25 34 34 35 32 30 24 18 24 34 31 31 31 36 47 45 46 57 73 47 38 30 23 15 27 19 24 29 23 14 20 30 36 37 45 41 42 41 34 35 29 38 73 96 95 64 103 112 92 102 
104 116 119 123 109 113 105 105 72 104 87 86 77 107 113 177 163 131 104 77 73 79 69 45 49 55 73 90 99 122 86 33 21 18 39 44 50 107 112 87 59 33 18 16 17 30 28 20 17 12 21 27 28 29 24 20 16 20 26 30 32 26 39 45 58 57 62 86 88 72 50 42 25 22 25 24 15 19 23 21 27 43 46 44 58 53 44 35 31 32 38 96 109 109 100 75 94 79 95 130 
103 115 118 122 109 113 103 100 60 107 83 94 95 115 103 152 139 131 100 72 69 68 57 48 51 56 73 89 90 135 93 31 25 20 45 49 58 119 107 67 53 40 33 41 42 45 33 21 16 14 19 20 20 22 18 13 15 22 27 27 30 25 41 76 95 96 105 117 80 66 73 59 34 36 37 32 23 21 22 23 32 48 52 37 44 34 35 34 28 27 16 23 70 100 94 64 104 114 111 141 
102 114 116 117 106 110 102 100 54 105 81 92 80 73 81 102 124 123 90 68 72 77 69 63 64 65 65 83 96 128 85 17 24 29 67 67 63 119 110 79 54 27 21 26 45 48 33 18 16 14 19 18 15 14 22 15 19 29 28 29 39 34 54 125 138 133 122 127 86 54 89 71 46 46 47 44 38 26 30 34 47 53 35 29 25 18 28 30 27 17 12 15 73 80 87 69 98 102 90 135 
101 113 118 118 105 110 104 104 57 109 81 87 79 78 77 92 118 119 87 67 66 69 57 48 53 71 59 71 89 105 79 18 27 42 87 98 67 120 108 79 37 19 11 26 42 38 35 15 14 12 18 19 19 25 24 19 19 27 37 34 58 70 83 149 155 146 147 117 86 54 65 94 65 44 44 45 46 31 37 44 48 50 33 26 26 16 20 31 31 15 5 11 69 91 83 95 97 98 98 128 
100 112 118 117 106 111 105 105 60 114 87 91 80 79 77 96 113 110 88 70 77 74 50 41 34 52 64 63 79 80 67 37 39 66 112 126 88 114 108 77 57 43 27 23 40 38 28 19 18 15 18 16 20 34 21 19 15 26 36 49 93 124 150 168 164 154 142 102 76 73 83 91 76 64 40 23 34 34 37 46 44 42 26 35 43 42 47 61 62 16 7 9 39 97 90 80 101 110 109 136 
99 113 117 119 108 112 104 102 61 114 92 88 65 87 82 90 119 98 81 72 86 67 49 45 30 52 66 67 70 74 58 61 72 97 135 148 137 94 93 78 54 29 18 13 21 27 32 30 22 17 20 16 23 33 19 14 11 19 31 62 130 148 169 174 170 159 140 116 113 118 119 97 54 55 39 33 32 42 43 46 43 35 38 67 72 79 59 66 55 20 9 13 60 85 88 94 102 138 159 197 
95 112 116 116 104 111 105 103 62 112 100 90 68 78 77 95 106 94 80 73 72 69 63 38 25 46 56 62 60 74 63 75 109 142 171 170 140 102 62 54 40 18 13 15 20 29 31 23 24 23 24 20 22 27 16 11 6 15 35 57 128 154 163 160 166 172 176 167 159 145 135 91 52 42 45 38 34 40 50 43 47 50 49 77 85 100 79 63 49 25 15 21 60 77 102 118 103 151 151 140 
94 112 116 114 106 111 103 102 61 112 104 97 79 81 90 97 93 90 84 77 74 84 83 43 22 42 46 59 50 64 87 95 142 157 163 167 133 104 53 48 40 21 11 17 21 40 41 32 25 30 24 21 20 19 14 10 9 23 39 45 110 137 140 145 152 167 181 183 185 156 126 86 57 43 49 38 34 34 37 36 44 66 79 108 85 104 88 68 60 31 27 39 61 82 91 123 102 143 111 122 
97 111 118 115 103 110 103 101 61 113 110 97 74 76 85 92 72 73 73 75 80 69 106 51 42 48 37 52 51 60 77 108 164 178 166 148 134 90 52 44 38 16 12 11 17 47 42 35 18 24 23 22 20 21 14 12 12 25 30 36 83 95 138 128 145 156 164 161 155 154 145 79 55 42 42 35 32 39 39 62 86 109 143 121 98 90 80 66 59 28 35 54 69 90 96 145 83 97 104 130 
98 110 120 117 104 109 104 100 64 112 111 96 83 80 89 82 56 58 64 66 74 69 130 46 34 50 33 42 48 61 71 94 171 181 163 149 125 89 65 41 32 14 10 14 22 46 52 34 16 19 20 20 18 24 16 11 24 30 29 28 51 59 127 149 136 164 171 170 119 119 132 91 55 40 33 28 33 57 89 81 90 133 135 97 75 75 82 60 44 27 52 46 79 89 93 105 95 119 122 135 
98 110 122 116 106 107 102 98 64 111 119 101 89 75 97 69 42 43 52 56 59 79 143 73 36 44 33 41 47 59 64 65 127 159 142 141 110 78 55 32 19 13 7 13 35 55 52 21 20 26 22 23 19 29 28 18 41 44 35 28 35 39 96 171 122 152 185 184 160 113 120 110 54 35 33 35 50 147 152 110 90 143 123 145 104 91 86 50 34 21 86 59 87 54 113 116 96 115 156 110 
102 114 122 118 104 110 102 97 63 109 118 97 86 82 82 58 35 32 45 53 51 76 145 108 26 27 37 44 54 59 52 58 73 103 96 101 85 67 43 17 13 9 5 14 45 51 38 15 23 34 27 26 21 23 32 23 28 39 39 36 31 34 55 130 126 93 172 196 186 176 119 107 44 39 44 62 102 121 132 135 119 100 141 125 115 87 83 44 27 15 33 73 70 82 106 107 107 107 91 79 
105 115 120 118 101 113 104 98 63 112 111 98 77 74 95 53 23 23 40 51 48 66 131 118 33 28 49 51 65 47 50 46 53 63 65 40 40 31 18 9 8 9 16 25 44 50 20 16 18 31 26 24 23 20 28 28 19 24 28 33 22 23 25 64 129 83 109 171 197 199 155 91 60 43 55 126 164 128 127 143 133 105 159 99 91 73 70 35 26 34 58 89 52 85 108 106 113 121 104 94 
102 110 118 119 105 114 106 100 63 112 99 97 79 82 90 56 14 18 29 40 44 55 111 127 49 37 65 59 55 50 44 32 37 35 35 29 21 19 17 16 20 28 51 51 54 31 23 23 19 20 26 21 24 22 27 27 13 15 26 32 26 25 23 24 70 130 100 137 131 114 85 77 59 58 116 146 136 109 130 142 125 141 125 83 84 91 68 39 37 62 63 73 66 86 112 132 132 137 155 109 
100 110 118 118 106 117 108 101 65 120 109 98 84 79 93 62 21 21 16 30 38 47 83 123 76 54 77 65 54 54 42 36 31 29 37 33 36 30 36 42 50 71 74 68 40 29 27 26 25 23 21 18 24 27 31 29 16 18 33 39 44 38 32 28 34 107 89 115 100 61 43 60 89 100 152 170 125 106 134 147 129 116 126 65 116 109 63 46 51 50 70 65 79 104 113 128 112 105 121 169 
99 111 119 120 111 119 107 100 67 121 112 84 82 88 99 78 25 22 13 18 29 36 53 88 66 53 70 65 58 53 42 36 35 49 59 66 63 67 71 106 86 125 113 102 71 48 38 34 30 26 24 20 26 29 36 39 29 28 31 37 51 54 45 44 50 55 70 91 102 69 75 152 140 131 138 152 134 134 136 139 142 124 107 105 112 84 51 32 35 45 67 77 92 96 86 88 93 96 127 164 
98 113 119 120 113 118 107 99 69 118 120 72 75 84 95 95 36 22 10 9 17 28 35 57 61 44 60 64 69 57 48 54 65 78 77 80 81 96 103 134 97 171 145 149 153 117 95 65 36 32 29 26 34 32 37 46 40 41 37 38 44 68 55 56 55 60 58 81 104 103 153 183 123 93 145 110 158 145 107 138 167 130 117 136 143 84 52 42 60 60 77 110 105 69 104 104 92 95 134 143 
101 111 120 119 113 115 108 100 70 114 123 88 79 93 93 92 61 26 15 9 11 16 30 38 55 84 70 73 68 58 58 87 82 111 100 89 86 91 103 125 122 145 135 183 198 126 133 120 94 51 40 34 40 45 47 53 50 48 42 38 44 66 57 60 62 82 79 94 105 121 119 160 112 108 168 138 162 197 127 130 151 134 141 159 134 93 60 56 77 65 55 118 75 80 127 120 80 93 108 94 
98 116 118 115 112 111 108 103 71 115 122 110 85 79 84 95 80 32 25 15 12 31 81 65 97 94 94 123 84 80 79 100 99 92 101 109 123 92 121 142 129 171 165 168 141 133 167 151 99 117 100 67 53 55 53 56 57 50 50 45 50 60 66 64 94 116 108 111 128 142 147 148 141 136 147 139 156 140 111 141 134 157 146 140 153 82 79 60 77 73 62 118 75 77 100 97 88 97 97 138 
102 116 118 114 115 116 112 101 69 118 120 105 91 78 81 102 89 59 26 15 25 74 115 91 99 90 95 86 87 80 88 89 106 90 77 124 159 104 142 160 155 184 164 144 147 118 182 171 125 140 128 133 114 97 100 63 62 49 44 53 53 57 81 78 93 118 111 128 133 97 155 144 153 121 165 141 148 135 135 145 148 133 120 125 152 90 98 76 68 64 96 89 101 85 114 109 97 130 111 141 
102 118 121 119 116 117 114 104 65 110 115 93 70 70 80 103 82 79 50 38 38 86 111 101 109 98 91 94 105 88 83 93 90 97 77 93 180 130 179 155 113 145 169 132 127 154 178 149 131 121 137 148 123 136 149 110 89 68 64 60 64 65 98 104 112 107 114 157 142 95 125 136 150 127 138 130 133 133 123 131 158 123 108 105 91 112 108 79 85 78 95 88 102 102 117 104 102 110 118 107 
103 115 121 119 121 113 114 105 68 111 104 90 71 81 84 97 106 105 64 47 39 45 78 95 104 112 105 115 94 103 90 68 102 121 99 103 162 120 169 175 154 107 149 133 107 157 152 100 130 140 115 164 129 154 144 122 114 92 119 103 97 95 112 123 103 109 114 169 114 87 109 139 149 148 142 161 151 147 124 118 117 80 112 120 99 108 118 87 86 81 93 94 103 94 105 70 84 105 91 98 
104 115 117 121 118 114 110 101 67 111 101 91 80 75 72 105 105 93 81 56 40 38 42 94 120 111 102 111 93 103 63 75 121 123 94 148 129 171 201 235 154 144 168 188 146 139 181 119 144 147 161 160 131 142 114 133 106 96 142 133 127 135 149 147 120 136 121 145 105 86 120 138 164 141 141 165 118 141 119 154 154 97 109 156 148 124 123 98 107 88 94 114 123 99 94 69 112 121 87 105 
101 113 117 119 115 114 109 102 65 112 104 92 92 88 73 112 93 95 91 76 47 42 43 70 102 82 106 113 85 107 66 83 116 118 93 130 130 182 229 220 157 162 205 148 166 165 210 144 142 161 91 152 160 131 103 129 115 99 129 182 143 156 122 174 118 133 128 133 84 113 122 163 128 130 113 141 117 112 152 170 144 74 98 123 118 154 137 129 103 95 97 87 116 94 86 96 150 122 122 119 
100 112 119 118 115 110 107 102 63 111 106 93 83 81 79 97 116 114 81 86 66 52 64 92 103 93 113 107 89 117 107 76 99 113 103 96 127 147 229 227 159 155 219 134 139 119 204 113 139 137 94 146 112 123 117 109 102 122 143 177 132 161 133 174 123 115 107 133 91 132 145 131 147 127 137 128 127 98 134 130 148 112 71 135 85 89 85 117 92 95 90 109 144 86 88 127 109 179 152 101 
100 110 121 118 108 111 105 101 65 107 104 89 74 84 89 93 117 133 101 96 105 116 110 96 82 87 106 116 106 117 122 78 118 108 99 116 139 119 200 195 153 211 226 151 145 120 190 128 135 179 103 127 128 101 150 127 98 115 157 138 124 141 148 163 96 127 128 113 98 98 104 111 137 113 117 132 150 104 113 114 126 132 100 136 86 103 91 78 128 109 97 86 158 106 107 97 82 178 104 112 
98 109 118 118 110 108 107 102 65 107 108 89 91 107 110 91 115 124 98 95 107 121 103 89 104 103 124 134 100 102 99 79 117 105 144 114 103 152 189 166 130 192 221 182 145 147 162 174 143 151 115 149 160 139 162 86 127 128 133 138 129 128 94 196 143 128 151 103 105 82 102 119 134 118 126 130 180 145 159 109 123 121 112 125 89 134 69 55 108 120 96 88 142 99 104 147 87 126 84 93 
97 112 116 115 111 110 109 102 65 112 114 98 77 102 100 98 95 113 98 110 112 111 95 98 100 93 105 104 99 116 100 75 103 102 135 115 146 152 177 210 138 119 189 155 134 171 213 162 155 114 144 156 123 122 155 83 150 134 138 132 136 114 98 156 182 157 141 112 127 95 117 130 100 131 114 157 185 174 140 156 145 121 110 124 94 124 64 86 98 104 100 95 104 90 113 129 118 131 124 101 
98 112 117 112 111 111 109 103 67 110 118 99 91 82 88 106 107 100 97 89 106 89 118 101 106 90 95 91 130 101 105 92 117 110 139 157 161 127 195 153 105 103 165 147 160 175 172 132 150 134 125 146 122 125 122 115 117 127 128 112 131 137 113 132 155 134 148 82 157 102 124 120 74 132 152 154 186 135 129 163 130 106 115 92 100 133 92 106 96 112 92 72 108 104 87 120 126 106 111 83 
98 110 116 112 108 114 111 103 68 107 116 96 70 92 90 96 105 108 126 81 86 85 111 91 110 98 107 100 110 100 104 106 110 110 105 137 130 142 231 194 119 113 156 116 157 179 157 119 151 162 95 103 133 142 122 118 108 128 113 134 142 115 112 132 139 133 107 62 116 106 115 111 120 108 142 151 154 158 142 172 120 78 80 107 110 121 98 85 114 147 85 70 119 141 99 114 105 109 121 100 
99 113 118 115 112 117 113 103 70 105 115 100 80 84 84 92 91 95 89 95 76 91 123 91 105 104 101 91 86 85 91 110 104 121 139 108 141 140 196 165 127 111 162 100 177 148 141 149 145 105 105 139 112 184 133 126 136 103 100 138 135 114 112 108 135 153 113 86 98 129 104 95 144 109 146 154 124 174 121 132 141 78 96 119 126 126 100 104 84 116 89 81 95 135 128 108 96 119 128 128 
99 111 114 116 113 118 114 104 69 106 115 99 77 82 91 79 101 94 86 109 102 104 97 98 110 83 94 106 87 84 94 112 121 107 110 137 121 139 199 156 155 116 147 125 168 123 146 127 143 107 125 164 142 137 132 132 118 102 112 138 146 143 98 138 159 147 157 100 90 68 107 88 101 119 152 147 155 163 155 117 144 72 91 114 138 140 119 75 88 105 96 95 110 111 122 120 108 125 126 124 
101 116 118 119 117 123 113 105 70 108 114 100 88 90 87 87 105 90 100 102 114 85 91 83 101 104 109 93 79 88 87 144 129 97 105 125 140 212 199 138 172 135 153 143 75 122 149 108 123 122 141 130 148 161 152 140 137 135 105 121 108 117 110 118 155 157 145 116 68 75 94 83 134 130 170 150 150 148 143 128 101 96 99 116 131 121 122 73 92 114 101 84 92 107 71 119 98 118 109 96 
