179 80 73 35 105 79 49 58 71 46 26 76 80 26 32 47 74 72 108 55 47 71 65 89 108 134 58 76 55 59 40 67 78 75 51 95 63 65 65 71 48 77 76 56 47 44 43 50 46 57 29 63 52 61 60 27 14 37 38 47 46 30 26 46 32 16 24 23 10 45 25 8 23 58 39 46 46 33 32 36 24 31 58 25 70 70 33 30 24 27 11 78 130 148 143 116 13 8 65 65 
172 82 79 47 98 62 59 53 54 42 28 44 61 23 30 58 73 75 83 52 61 66 70 104 79 103 79 71 46 42 56 95 81 47 33 75 69 50 49 52 53 68 68 40 54 41 42 42 56 60 29 41 61 58 60 24 13 35 35 42 42 33 31 36 31 16 9 17 25 44 9 8 30 33 59 50 35 35 31 19 35 24 64 31 66 62 47 27 32 22 11 78 131 155 137 112 3 3 11 23 
173 48 80 52 109 57 72 56 36 21 26 28 52 25 37 76 77 89 82 62 61 63 71 95 73 94 82 75 40 29 69 99 55 37 38 59 87 36 38 48 53 71 57 52 63 49 41 42 39 56 39 45 86 63 53 35 12 42 35 39 48 36 39 26 32 27 18 27 48 30 12 8 20 31 48 55 42 40 37 26 54 15 46 49 70 58 30 18 39 20 19 78 128 144 148 113 2 10 33 62 
180 26 46 31 85 42 53 63 44 27 29 37 48 33 43 47 57 58 72 56 44 72 74 79 81 95 83 83 45 19 50 90 57 61 55 65 83 33 30 82 60 77 62 39 59 51 45 57 45 51 50 113 180 137 65 36 11 55 52 40 43 37 37 23 22 40 23 20 55 49 29 21 32 52 42 40 40 32 38 25 59 13 22 49 66 48 29 29 30 13 16 85 131 145 156 71 3 21 95 96 
175 20 66 35 112 51 56 93 62 44 43 41 45 34 26 30 38 47 54 43 57 81 87 99 112 105 100 65 61 62 60 67 74 78 64 71 71 53 59 88 59 71 46 63 51 54 45 61 55 59 120 204 216 200 138 76 26 37 49 31 29 32 34 31 20 46 30 21 39 38 30 32 41 41 26 24 23 25 42 18 58 7 19 56 54 65 34 26 20 17 19 96 133 145 136 12 2 19 34 23 
170 18 96 47 137 62 70 128 75 66 49 56 53 50 53 47 53 63 52 71 81 99 101 110 120 113 109 84 82 85 72 68 92 97 88 77 78 62 78 66 60 66 24 74 70 78 55 59 52 107 204 228 224 213 200 150 59 28 36 21 25 28 38 31 31 34 17 37 50 26 24 23 44 36 33 25 13 25 45 16 51 8 18 64 55 51 27 13 17 28 14 40 109 144 83 4 4 16 34 19 
165 23 105 65 156 65 106 119 64 51 39 52 58 69 73 59 56 65 65 90 99 108 91 115 117 114 106 102 111 113 101 90 113 124 111 103 102 101 99 69 64 60 36 76 100 74 69 75 122 195 227 233 233 223 219 197 127 52 30 8 27 35 33 43 42 19 33 43 49 21 24 40 24 21 38 34 16 21 41 15 50 11 10 64 57 54 20 11 17 26 26 24 74 87 50 7 7 20 43 41 
173 38 62 59 148 59 105 88 53 28 42 57 88 89 86 53 30 44 65 92 100 90 74 108 109 109 101 98 110 120 111 110 130 150 142 140 149 155 146 121 85 63 52 66 103 69 80 155 208 219 222 230 236 223 207 187 141 71 26 19 39 48 13 42 27 16 26 36 36 12 19 47 11 18 33 39 12 35 30 27 41 24 11 32 35 23 17 20 30 17 33 33 50 42 17 40 16 38 37 38 
181 47 57 51 144 84 82 84 54 35 63 101 105 85 73 30 18 45 61 76 75 52 66 88 89 99 100 98 108 113 101 111 137 160 157 157 159 158 161 160 135 102 78 63 86 90 160 210 217 216 214 224 227 217 179 157 140 76 21 26 30 31 25 29 12 19 39 40 10 8 28 43 17 34 39 44 12 49 34 29 38 26 29 23 41 44 21 24 44 19 26 30 34 67 33 51 44 36 20 29 
177 45 50 49 92 61 79 64 48 52 103 108 93 79 49 23 16 50 45 49 34 29 60 62 72 93 92 96 109 108 94 110 140 155 152 148 144 141 153 162 157 143 116 106 110 173 205 213 209 201 194 211 224 218 184 189 147 55 39 29 15 26 35 21 17 28 59 44 17 9 29 29 15 36 66 39 25 63 57 34 40 29 30 27 42 79 26 26 42 17 30 22 28 55 87 38 65 45 50 48 
175 58 62 43 96 61 64 63 57 92 98 97 76 72 44 24 13 45 27 34 18 29 40 42 64 74 88 97 106 105 93 112 135 143 140 140 137 128 142 155 152 147 142 163 180 203 204 201 188 177 173 198 224 206 192 178 83 43 46 35 27 38 30 35 36 58 61 35 20 26 41 29 14 39 63 19 35 65 62 37 31 38 19 33 37 81 38 14 60 26 19 24 50 57 78 60 45 38 27 13 
167 62 78 57 99 56 55 48 84 103 87 91 66 61 36 20 16 29 31 29 20 13 19 29 50 57 83 90 98 100 102 116 123 124 126 122 122 110 133 145 144 141 139 162 187 190 184 176 159 155 158 184 204 182 151 114 43 34 52 33 28 35 26 30 34 54 41 27 12 35 45 28 5 48 37 23 38 65 48 45 28 32 20 19 34 69 39 3 60 21 43 40 44 19 40 77 42 32 48 53 
157 55 99 64 113 48 53 44 111 83 76 91 67 58 36 23 24 31 37 21 8 5 22 27 37 63 82 84 93 103 109 109 106 108 116 103 103 98 122 130 132 128 129 140 166 170 160 148 138 139 140 164 176 149 108 67 11 48 57 28 29 35 22 32 49 24 28 26 26 46 62 33 4 45 36 56 62 60 29 45 23 40 28 16 30 50 42 25 37 34 33 52 35 21 36 44 58 54 44 55 
146 52 125 81 106 73 72 80 108 89 85 92 86 59 48 38 36 32 24 13 11 14 50 37 53 77 81 85 98 99 108 93 85 93 94 91 88 85 98 109 114 114 117 119 135 137 129 121 117 114 124 143 148 123 89 40 26 42 24 35 26 43 28 44 39 22 35 34 25 52 61 22 7 43 44 80 83 69 30 42 27 36 37 12 26 38 42 73 59 64 39 55 44 28 34 33 38 57 45 25 
106 52 132 97 104 65 91 124 96 100 104 101 100 67 68 60 50 43 36 43 39 55 81 53 72 75 78 85 98 84 92 70 62 68 58 61 63 70 78 90 93 92 92 96 96 94 80 62 60 80 112 140 165 141 104 34 40 32 21 37 27 41 25 58 17 35 43 42 17 47 53 12 11 46 47 84 72 77 31 32 27 36 32 25 27 16 21 77 82 60 47 48 42 48 47 38 19 37 47 21 
98 51 136 100 108 48 105 126 92 101 115 109 112 84 83 70 63 58 54 40 33 41 55 40 56 54 65 75 75 60 61 34 31 38 41 33 35 55 50 57 60 62 62 48 46 39 32 26 47 70 95 125 135 105 97 57 36 27 22 34 38 29 15 55 18 43 41 39 8 38 29 3 15 63 55 88 71 84 64 31 35 34 21 37 33 6 20 77 93 57 56 63 37 34 54 36 28 30 23 20 
92 34 124 92 108 52 143 132 112 116 119 113 114 99 91 79 56 51 40 25 25 26 32 23 28 23 40 46 40 34 31 25 37 66 57 44 51 53 50 62 34 34 34 31 39 29 26 22 24 31 57 74 64 48 95 88 31 14 27 14 38 17 21 42 29 47 30 41 8 58 34 9 30 18 45 99 69 83 81 34 52 19 18 40 44 5 19 86 79 59 65 78 37 43 47 52 44 25 29 38 
97 30 112 91 98 77 161 152 137 141 127 117 115 105 94 90 56 46 34 28 33 39 44 49 43 30 30 30 28 26 46 54 61 88 74 75 66 60 48 48 34 32 35 46 38 29 25 26 19 20 30 50 36 22 82 83 36 31 43 29 41 27 47 53 37 33 43 56 20 68 75 10 31 8 62 99 82 90 61 30 43 44 47 26 52 12 25 74 80 65 84 62 54 45 30 37 51 37 36 34 
113 39 97 105 95 120 169 155 143 146 144 119 111 106 97 89 61 43 52 46 55 60 67 76 66 43 30 17 37 55 70 79 71 101 80 92 71 54 45 51 48 44 56 50 32 36 40 30 16 16 36 47 33 22 75 79 55 51 66 75 53 41 60 71 35 44 65 85 42 72 119 34 25 12 91 99 85 60 12 31 53 26 52 69 66 50 66 72 82 82 83 63 56 53 30 46 53 32 17 13 
104 18 73 95 99 158 178 165 152 145 149 131 112 114 100 85 65 59 69 63 71 75 71 79 63 35 34 36 71 69 83 94 81 105 77 77 56 63 72 69 44 48 59 50 52 60 47 27 13 28 54 51 32 34 77 90 80 71 96 115 94 87 100 111 69 87 110 120 82 84 130 82 24 22 73 44 23 8 17 45 37 26 64 95 34 54 69 77 97 79 62 50 48 55 42 33 22 31 8 15 
95 29 56 79 97 184 188 182 154 137 154 149 127 116 110 94 74 89 75 72 78 84 66 78 56 37 60 70 76 84 96 101 79 91 66 66 73 89 88 61 51 66 83 71 87 59 36 34 36 51 80 60 51 60 97 111 99 99 126 147 139 141 144 163 140 140 156 156 130 118 124 98 49 36 23 8 5 18 57 52 20 41 52 37 16 75 62 67 74 72 33 49 28 40 53 34 37 21 15 22 
88 36 54 81 121 190 216 195 168 143 156 156 138 123 118 106 82 110 78 77 79 95 71 80 67 63 76 80 86 99 104 95 73 77 68 79 95 105 97 94 107 131 136 108 123 89 88 91 73 96 124 100 95 97 111 122 118 125 154 167 166 173 180 193 191 188 190 185 178 151 136 113 75 57 48 47 33 44 64 38 28 46 54 23 15 47 55 37 20 35 25 24 29 42 54 35 29 21 20 37 
74 32 34 102 155 210 222 194 182 159 151 147 144 131 124 114 92 115 88 87 80 93 80 90 84 87 82 88 94 101 107 95 81 73 96 92 108 137 145 170 177 187 178 172 174 175 165 159 151 171 181 161 160 147 139 146 147 150 172 182 183 202 211 207 204 205 203 203 197 177 162 140 103 78 56 68 51 33 64 49 41 43 31 4 6 35 51 15 12 12 18 17 22 41 34 41 29 26 24 53 
68 35 39 110 171 221 197 176 173 166 161 152 147 136 131 118 104 112 95 92 86 90 92 111 96 93 91 97 103 108 114 106 89 97 129 127 152 194 207 199 211 208 204 207 211 214 211 206 209 210 207 203 199 194 186 186 183 183 190 198 197 217 224 217 208 204 202 204 202 196 183 162 136 120 92 86 56 49 64 52 52 27 6 6 9 24 38 34 53 13 29 38 47 32 35 27 35 19 29 51 
62 50 51 89 172 205 155 158 166 164 165 167 154 138 129 121 108 116 100 104 94 90 108 132 105 92 103 108 112 115 121 115 112 142 155 174 209 222 224 221 220 219 219 222 227 227 222 220 222 214 208 206 204 209 208 207 202 202 206 208 206 214 224 222 212 203 199 200 201 199 191 181 168 158 147 107 82 85 76 52 53 30 29 17 21 22 49 60 53 24 34 46 42 40 55 54 50 22 47 55 
51 73 51 83 166 191 164 168 155 159 169 183 156 147 147 125 108 121 111 111 96 99 116 151 114 102 113 115 124 126 131 133 152 174 194 218 234 233 231 227 227 226 225 230 232 231 227 225 225 217 210 206 202 205 209 208 210 208 210 208 208 208 215 219 212 210 199 197 197 195 192 188 185 184 177 140 98 120 93 67 58 46 77 48 31 41 67 56 40 31 42 43 28 41 42 44 38 29 45 54 
54 75 48 95 183 197 179 157 152 162 184 193 182 157 156 137 112 119 119 114 101 109 114 164 127 120 116 113 133 139 145 169 182 202 222 233 238 236 233 232 228 227 227 230 232 231 230 227 224 219 210 208 202 202 204 205 208 209 212 210 211 207 206 213 211 212 201 195 193 190 191 190 190 190 185 162 132 154 131 92 77 61 89 55 32 60 74 57 41 36 58 40 44 56 49 43 64 28 44 32 
60 58 86 113 190 180 170 161 155 184 224 212 193 152 151 140 126 127 131 116 112 116 119 178 147 157 128 113 144 164 168 201 210 223 230 237 241 239 232 232 226 229 226 229 231 231 230 227 225 220 212 207 206 197 199 198 205 209 211 211 213 207 203 204 206 210 203 197 191 185 185 186 183 187 187 175 169 179 147 126 106 106 116 46 58 59 49 69 58 34 56 32 39 54 48 41 48 32 42 30 
44 44 116 113 186 194 160 171 170 215 232 203 167 140 148 158 148 143 143 126 125 120 128 184 162 184 150 122 150 179 191 217 226 227 229 235 239 239 229 227 222 221 218 223 229 229 229 226 225 219 212 209 207 193 198 197 199 204 207 206 208 204 201 201 200 206 204 197 187 182 179 181 181 183 183 178 176 184 167 164 139 132 127 52 64 77 48 65 48 49 30 44 59 52 41 34 39 20 54 52 
44 44 107 120 175 187 177 170 182 225 209 171 158 149 157 170 165 162 158 147 138 125 143 189 173 197 175 142 158 195 209 227 229 230 230 236 234 231 228 224 220 214 212 224 228 226 228 226 225 217 212 209 208 193 195 192 193 198 202 199 201 199 198 196 194 200 201 194 185 181 175 178 178 179 179 180 180 180 178 176 161 162 128 75 58 85 38 46 50 50 48 60 66 35 42 41 20 31 40 44 
38 67 119 132 178 190 185 154 189 208 170 158 153 155 170 171 171 171 166 158 145 134 154 192 177 197 189 158 180 209 223 228 229 230 229 232 226 228 228 223 214 208 213 219 219 218 226 224 222 215 210 208 206 194 193 189 190 193 196 194 195 196 192 194 189 192 192 188 181 176 174 175 174 175 175 177 178 179 177 177 172 175 148 117 76 89 57 40 59 41 36 37 54 35 35 18 30 26 51 41 
39 95 109 140 166 185 155 142 182 169 143 141 155 159 175 173 171 167 163 157 148 142 166 190 172 184 194 180 201 220 225 225 226 228 227 226 224 226 225 219 207 213 216 216 214 213 221 220 216 211 208 206 204 194 191 191 191 188 191 189 189 191 189 188 183 182 181 180 173 171 172 170 168 172 176 176 177 179 182 178 177 177 172 162 125 107 89 60 61 37 18 50 46 36 32 28 45 9 53 72 
47 67 64 113 141 152 135 137 153 138 117 104 123 150 170 170 158 151 147 146 143 147 170 188 166 169 194 193 209 221 222 221 223 225 223 223 220 223 223 214 210 216 217 213 214 207 215 216 208 206 204 204 203 194 192 193 190 189 186 184 186 187 188 183 180 176 173 167 164 168 170 166 167 164 168 171 172 175 179 175 177 173 172 175 168 160 136 112 95 45 38 47 67 110 141 91 45 6 47 60 
26 56 56 112 131 133 120 125 113 105 100 90 94 116 137 154 141 130 125 136 130 149 166 183 157 154 187 196 215 213 217 215 220 223 221 221 218 219 217 211 216 217 214 210 211 203 202 210 201 199 202 202 200 194 191 195 190 187 183 181 182 182 185 180 179 167 162 153 154 160 166 165 160 155 158 167 170 167 177 175 172 163 168 181 176 179 167 173 159 139 112 112 153 203 207 169 86 17 44 54 
16 66 63 113 129 109 91 83 96 87 72 72 75 89 103 112 113 101 109 121 119 133 155 179 151 138 169 185 209 204 207 206 217 218 216 219 216 215 212 211 213 212 208 207 206 205 190 197 195 193 198 204 196 194 194 194 189 185 183 179 177 180 182 183 172 161 155 146 147 152 158 154 149 146 149 157 163 168 174 166 164 160 165 175 180 180 183 192 187 191 185 187 205 222 219 211 158 72 71 70 
10 52 73 124 94 63 73 76 67 50 42 44 50 55 70 97 102 93 105 106 114 115 142 169 148 119 151 163 187 193 197 202 212 212 213 217 214 211 207 211 212 212 205 204 205 206 189 187 193 190 194 200 196 195 197 193 189 188 184 179 175 177 181 179 169 166 154 148 144 144 145 141 136 143 147 151 155 161 164 164 156 156 165 173 173 179 186 193 193 200 198 202 214 224 219 218 187 124 61 58 
6 41 84 76 60 54 53 44 27 35 48 44 50 45 39 61 87 79 93 81 98 90 129 158 138 102 130 135 158 179 184 189 202 207 207 213 214 209 204 209 208 208 200 200 202 206 194 187 186 188 191 197 195 194 194 192 191 192 186 179 173 175 179 176 171 164 161 156 146 138 135 135 130 135 138 146 149 153 159 159 150 153 166 165 167 175 185 189 198 201 205 205 212 221 222 219 198 134 52 52 
12 45 70 49 60 36 24 27 26 38 49 79 61 52 42 51 65 72 71 50 65 62 113 144 125 89 105 115 129 161 174 179 183 196 197 205 210 206 203 205 205 205 199 198 201 206 199 187 185 187 187 193 194 191 191 193 193 194 187 179 172 174 174 172 165 163 162 154 141 133 129 128 125 128 134 139 142 146 153 152 151 155 162 163 162 173 182 186 195 201 200 204 208 221 222 210 189 130 52 47 
27 51 62 44 44 27 15 37 39 43 47 92 83 60 53 51 57 70 64 57 42 40 92 130 111 78 82 97 108 142 166 170 171 183 185 194 202 202 199 200 200 202 197 198 201 204 197 187 180 184 185 192 191 189 191 194 196 196 186 177 172 171 171 162 162 159 150 142 133 129 126 120 121 125 131 134 136 143 147 146 150 153 157 155 156 172 180 183 191 196 198 200 209 218 221 214 189 156 82 65 
18 50 58 43 43 24 28 47 53 52 49 82 96 71 54 55 47 51 62 63 57 58 81 116 99 70 65 81 88 124 150 162 163 164 175 183 192 197 197 197 198 198 193 195 199 202 194 186 178 177 183 188 189 186 186 193 195 193 186 175 174 169 163 160 160 151 142 131 125 117 117 117 115 118 124 127 135 141 144 144 152 152 150 147 154 164 176 178 185 193 194 200 211 217 223 218 200 192 110 59 
30 44 62 44 51 27 31 55 58 61 56 71 98 82 55 52 42 42 53 55 66 81 87 112 89 65 56 71 70 101 129 146 151 150 167 169 183 190 194 196 195 193 188 189 195 198 192 183 178 173 181 184 186 185 183 187 192 184 181 171 171 171 165 164 160 149 140 131 121 111 105 104 105 107 114 123 131 134 141 147 150 150 146 145 150 162 167 174 184 188 190 193 206 215 221 217 211 206 139 62 
33 42 73 38 53 50 33 52 63 66 64 66 99 92 65 44 44 44 57 63 64 89 100 108 81 65 57 64 75 86 117 139 138 144 153 160 174 180 190 194 194 187 186 186 188 192 190 179 178 172 177 180 185 182 180 181 185 177 172 166 169 167 166 169 159 148 136 127 119 112 97 84 83 83 83 105 122 126 135 144 147 148 144 141 146 157 158 166 173 182 186 192 206 215 219 212 216 216 174 67 
22 22 81 64 34 50 32 47 60 67 66 67 94 86 74 48 39 49 74 71 68 95 112 92 78 62 66 69 87 93 116 133 135 138 144 155 163 171 182 191 193 183 181 182 183 188 185 177 175 170 173 178 180 179 177 177 174 173 165 168 165 163 164 161 153 148 137 127 114 105 96 81 55 89 17 35 75 92 110 131 144 145 141 135 142 152 156 159 171 178 183 192 206 214 217 211 205 208 193 97 
5 32 70 77 37 37 47 52 53 61 69 71 87 84 81 61 43 47 82 85 79 98 111 80 76 75 97 93 102 97 121 131 137 133 130 148 158 161 175 188 189 183 178 180 180 182 179 174 172 168 169 175 176 174 171 171 171 165 162 164 164 161 158 156 155 142 127 113 105 95 102 68 42 113 12 26 52 27 52 75 136 140 137 135 142 149 151 153 163 167 178 189 198 205 207 202 172 159 158 126 
7 57 73 75 88 47 61 69 50 50 69 69 78 91 87 73 63 52 86 92 85 104 112 82 80 97 121 111 118 103 121 137 141 135 115 134 154 156 168 182 189 184 174 177 176 176 172 172 169 166 167 173 170 166 166 166 167 162 161 163 164 162 160 159 150 136 126 112 96 92 94 44 42 123 16 42 49 37 41 54 94 113 124 130 141 146 145 149 154 162 173 181 195 204 214 213 186 143 147 96 
12 42 82 70 138 94 46 59 63 45 56 79 76 93 86 70 67 65 94 98 93 111 120 95 102 119 145 137 131 107 130 143 150 137 118 118 148 152 163 179 186 186 174 174 172 171 166 167 163 162 163 166 164 161 166 163 160 162 160 163 158 154 153 143 136 131 128 117 98 96 79 25 37 114 13 41 38 64 76 82 56 35 77 88 102 105 124 140 145 155 168 176 196 209 218 220 211 185 171 96 
23 24 91 54 110 140 95 49 65 70 51 60 84 88 85 72 72 79 97 104 101 121 135 110 127 127 151 148 151 112 144 149 151 142 129 113 143 150 162 171 183 190 177 173 170 164 158 161 163 159 158 159 162 162 161 155 159 158 159 155 150 140 142 136 131 127 124 112 102 74 65 36 67 111 18 58 64 65 47 40 47 18 28 58 47 42 32 83 86 95 145 170 193 205 215 208 205 197 180 95 
34 25 71 59 67 147 145 93 51 70 66 46 72 81 85 83 86 92 104 112 114 134 149 128 137 129 145 162 164 98 147 158 155 150 140 118 138 149 158 167 177 189 182 173 169 156 153 151 157 157 156 159 161 158 157 155 157 154 150 149 145 138 136 134 135 126 118 110 100 63 65 50 77 111 49 66 44 40 30 26 49 19 37 28 45 28 18 32 14 16 41 131 189 197 205 197 193 194 155 57 
27 29 73 76 46 111 152 152 99 60 67 54 49 77 88 88 92 110 102 116 131 143 161 143 138 128 158 176 150 105 154 163 161 157 156 143 140 147 154 167 173 189 188 176 167 154 149 147 150 152 154 155 157 157 156 156 153 145 145 143 140 144 144 142 142 134 129 119 101 77 74 76 90 109 41 42 25 42 22 36 41 28 36 20 37 27 23 34 16 9 9 44 156 189 191 183 162 152 99 45 
23 26 78 76 47 70 145 155 148 106 57 46 43 58 86 95 81 110 120 128 146 153 162 152 146 147 181 176 127 107 151 150 157 153 159 163 155 145 152 160 170 187 192 181 170 153 152 146 147 155 157 159 162 160 156 154 152 148 147 140 135 143 149 150 148 145 133 125 107 101 99 95 106 114 41 42 39 37 21 37 31 39 30 43 36 17 29 30 12 6 6 21 78 171 180 170 117 76 78 75 
28 25 82 73 51 43 111 137 147 132 98 70 68 71 97 95 96 100 141 142 151 162 174 165 162 169 191 176 121 60 102 137 131 147 158 168 159 151 147 150 165 185 196 187 175 155 157 147 147 150 155 162 166 163 153 147 142 139 141 142 146 145 145 145 146 140 129 116 103 90 86 60 79 107 70 48 45 31 25 39 48 29 31 35 35 18 13 35 31 11 12 10 29 90 136 129 91 84 69 63 
33 35 109 74 80 62 68 137 135 136 119 96 83 81 86 98 103 121 146 159 160 177 180 179 177 178 193 171 125 32 40 103 125 134 156 167 162 157 141 139 158 184 199 191 175 159 158 148 146 141 146 152 154 152 151 148 147 142 139 134 135 134 137 139 143 136 124 114 102 60 49 17 44 94 58 45 58 24 66 64 66 37 35 19 28 22 9 23 35 44 18 22 29 29 28 73 74 50 26 59 
23 28 101 76 131 113 53 135 136 132 136 127 124 95 86 90 93 121 160 178 178 191 194 200 186 180 185 161 124 32 10 66 125 133 165 166 174 156 144 129 146 180 197 188 169 165 158 149 147 137 138 138 139 140 146 147 142 136 123 100 78 70 72 111 133 143 131 111 93 54 40 31 56 89 58 64 58 36 85 62 55 41 33 32 21 13 15 19 8 25 19 8 18 29 13 63 32 15 25 77 
14 18 111 55 159 105 45 110 131 131 136 148 154 124 96 106 110 120 172 193 199 204 212 209 191 182 171 143 106 30 4 46 119 145 165 171 179 153 148 133 140 151 172 182 164 168 158 154 146 138 130 127 128 131 135 136 139 130 109 78 49 40 34 52 116 140 143 126 98 60 39 42 78 70 60 63 46 41 77 75 64 31 44 27 22 23 39 23 16 35 7 6 6 22 11 30 7 27 65 94 
8 18 123 98 169 62 46 65 125 132 130 136 150 133 122 122 129 152 190 219 224 228 231 226 198 181 164 118 82 14 4 49 115 146 164 178 171 152 155 170 164 150 149 171 165 169 159 158 148 130 124 123 125 126 131 139 142 131 108 75 45 35 31 29 81 135 148 146 121 92 72 62 77 99 81 55 49 68 67 87 60 39 50 39 29 31 48 19 47 14 5 6 4 16 10 36 20 44 80 71 
8 21 121 148 129 54 66 45 72 124 125 127 138 133 139 159 149 160 207 232 239 241 238 236 212 185 169 117 70 12 10 45 104 141 162 170 165 153 164 204 214 207 207 211 203 184 165 160 143 134 131 124 126 128 131 132 133 124 103 64 40 30 26 26 52 131 139 150 144 121 100 76 92 109 65 60 76 84 73 74 37 49 40 28 17 9 23 15 26 3 1 5 4 12 16 39 17 46 74 53 
33 34 113 126 71 54 58 44 52 86 111 128 123 127 126 174 164 174 220 240 246 245 245 242 226 194 170 126 78 39 39 52 107 140 159 158 156 150 179 228 232 230 228 232 229 212 180 160 148 144 139 133 128 127 127 129 134 129 96 54 33 26 24 26 38 130 147 141 146 138 119 108 108 118 44 57 92 83 74 50 39 58 80 24 18 19 32 20 9 5 4 9 3 14 15 27 6 55 77 34 
30 67 107 54 31 36 43 56 70 47 75 109 111 115 140 181 173 186 230 246 249 246 247 245 237 201 171 139 95 82 69 84 126 150 163 152 155 154 199 234 236 239 237 237 231 221 202 169 151 148 142 135 131 125 122 127 130 125 96 63 30 23 22 27 37 118 144 151 143 144 139 124 112 117 52 54 36 67 64 50 55 38 49 25 18 27 24 18 13 10 6 5 2 14 41 25 10 35 46 34 
38 74 118 40 46 38 36 53 53 43 46 75 125 116 126 180 175 192 239 247 248 247 247 246 242 216 173 141 121 115 110 121 150 165 165 155 163 178 225 238 241 244 243 240 232 222 213 183 149 149 139 133 126 123 122 124 121 115 84 60 29 22 22 27 36 124 148 152 158 151 146 134 119 115 63 46 33 46 54 47 34 24 37 28 27 34 12 14 14 11 4 6 3 7 32 29 11 18 45 51 
17 21 111 57 45 32 58 56 42 35 42 40 89 118 138 181 180 203 241 247 248 248 249 247 244 225 184 150 137 131 142 152 168 163 163 163 197 223 240 243 244 244 243 240 232 224 216 190 151 145 143 139 134 130 124 124 118 110 79 40 19 20 21 29 42 132 155 162 160 162 154 143 129 113 60 54 56 59 68 21 30 37 29 29 37 24 15 12 11 6 4 5 2 12 33 23 6 35 63 54 
11 20 90 53 48 26 43 51 50 35 37 47 49 89 145 180 184 220 244 247 248 248 249 247 245 233 192 157 152 150 153 167 175 169 173 197 224 242 243 244 244 244 243 241 226 218 211 190 154 138 143 137 131 124 122 117 111 99 62 28 19 21 25 40 65 133 142 152 162 161 160 146 129 117 70 80 85 71 70 18 34 45 23 14 14 29 18 7 14 12 5 4 2 8 21 17 30 47 60 23 
24 46 98 23 79 34 44 55 53 27 50 54 39 54 149 183 189 228 247 248 248 248 248 248 246 239 202 176 164 169 171 186 199 199 209 236 241 246 244 243 244 244 243 238 198 174 192 183 147 122 144 139 135 129 116 106 107 99 84 34 23 28 29 48 98 146 155 145 146 154 155 139 129 120 89 110 110 101 97 60 56 56 42 20 26 34 6 14 11 15 16 6 2 28 45 46 51 39 33 26 
8 37 102 11 80 67 54 57 45 42 56 55 51 60 124 184 184 227 248 248 248 248 248 248 246 240 219 194 194 198 205 221 235 234 238 247 247 247 246 243 245 242 242 232 165 75 79 144 135 105 144 144 135 125 107 104 112 115 102 72 40 41 50 91 121 140 159 162 154 146 146 140 125 116 113 124 122 126 123 109 99 82 91 61 51 31 21 16 8 25 33 33 5 24 42 56 38 52 51 45 
9 60 95 32 47 83 72 87 39 56 66 41 63 56 85 182 183 206 245 247 248 248 248 248 248 243 239 228 224 227 235 242 244 244 246 246 247 247 248 244 246 243 232 204 127 47 8 51 120 83 135 143 134 123 118 118 122 118 112 108 100 102 113 126 138 152 155 164 164 157 149 141 131 120 125 130 130 138 136 134 133 125 132 121 106 101 87 62 37 53 73 86 11 6 25 11 33 40 43 43 
10 61 96 36 19 59 99 115 46 67 67 51 64 53 71 177 178 200 242 248 248 248 248 247 247 245 241 237 235 238 240 244 245 243 246 247 247 248 248 245 244 243 214 174 114 52 6 7 56 67 126 146 143 137 133 132 131 124 124 122 124 124 125 129 142 160 164 163 171 163 145 133 123 124 130 133 138 141 142 143 145 143 150 151 147 148 149 144 133 131 126 132 58 9 17 7 41 30 27 21 
12 47 85 38 21 53 101 83 40 59 64 47 42 56 50 169 179 185 238 248 248 248 248 248 246 242 228 208 202 214 231 238 239 241 243 244 245 247 247 245 243 239 208 162 115 63 9 3 17 61 118 145 142 137 134 129 129 128 130 132 134 133 137 143 153 166 168 162 165 170 154 128 124 125 133 136 141 144 145 150 153 159 161 157 162 159 157 160 166 171 148 147 121 58 28 27 31 29 7 6 
6 49 68 39 28 79 98 62 53 58 58 53 55 61 68 164 171 178 233 248 248 248 248 248 245 229 194 166 161 169 181 191 206 215 235 242 245 246 247 245 245 239 205 154 114 57 4 2 6 41 119 149 138 134 128 123 130 134 139 138 135 134 140 149 159 171 171 162 148 147 141 132 125 127 136 141 144 145 150 154 157 166 167 159 161 157 158 160 165 175 163 137 150 111 68 64 31 16 22 18 
4 24 42 28 24 81 71 61 57 57 73 75 102 80 98 152 147 169 222 244 248 248 247 247 243 212 170 148 141 138 136 147 156 182 210 231 245 245 247 245 245 240 215 153 108 52 3 1 5 39 125 133 129 127 131 133 134 139 139 137 137 137 141 147 149 154 163 150 141 128 128 124 124 129 137 141 146 150 155 158 160 168 172 160 156 150 157 158 165 171 171 155 167 136 108 95 18 17 23 31 
9 21 27 30 40 45 52 47 54 48 78 137 155 110 87 117 111 141 206 245 248 248 247 245 233 193 149 124 117 118 119 122 130 158 175 207 239 243 246 247 246 241 224 161 118 52 2 0 10 71 121 117 120 133 138 134 135 140 142 141 139 138 139 141 144 141 142 139 129 118 119 123 125 131 139 145 150 153 155 159 162 169 171 160 152 146 154 160 163 165 169 167 176 147 134 124 58 18 34 43 
14 36 37 49 50 40 43 29 65 49 84 141 155 114 70 81 87 109 201 240 248 248 247 243 228 181 147 111 96 100 108 123 123 135 150 169 202 239 243 246 245 241 232 179 116 61 3 1 33 103 134 132 139 140 133 130 136 140 139 137 139 138 137 135 135 145 137 136 122 117 121 126 129 136 144 148 154 157 156 159 164 166 166 156 145 145 148 160 159 164 170 174 179 151 153 159 116 30 18 44 
19 73 49 46 36 26 28 47 98 71 104 139 147 104 43 58 70 88 163 234 248 247 247 243 220 180 155 117 87 83 82 102 127 137 137 142 159 211 236 243 241 240 235 205 115 61 6 5 74 124 138 143 142 137 135 139 137 138 139 142 139 136 141 138 133 129 138 132 123 123 126 129 136 142 148 151 155 159 158 159 163 162 160 149 139 141 151 153 160 162 173 183 183 168 175 170 153 79 25 39 
21 82 55 62 26 24 51 103 95 88 106 118 130 96 30 23 50 84 130 198 232 242 243 237 208 186 164 118 62 37 33 64 111 134 133 127 125 160 214 238 240 243 237 226 141 52 18 58 133 134 140 142 140 142 143 144 143 145 145 140 135 136 139 138 130 129 131 132 131 133 132 135 138 143 149 155 158 158 159 158 157 159 155 146 140 146 156 156 162 166 173 189 189 194 196 171 167 119 29 49 
24 71 44 49 30 42 87 84 88 96 108 114 101 61 23 23 46 67 97 150 204 235 235 225 196 180 156 113 44 6 5 35 102 137 138 127 117 124 157 204 226 239 240 233 200 149 118 169 153 139 140 145 148 149 147 145 145 146 143 142 143 144 141 138 133 129 134 131 132 137 141 139 142 144 147 154 157 162 168 159 158 157 157 151 150 156 167 167 173 179 177 188 197 211 213 186 173 117 33 36 
30 54 35 36 42 91 139 99 82 94 93 81 59 38 20 23 38 49 75 116 142 208 214 207 185 171 155 107 48 2 3 28 100 129 140 140 119 116 132 146 181 216 234 232 222 215 206 185 153 147 148 151 154 156 153 148 149 149 150 151 154 155 151 142 137 133 140 141 137 139 144 143 148 149 149 152 158 165 170 170 162 161 168 162 165 174 182 186 189 190 192 192 206 221 220 190 176 101 35 39 
50 61 23 36 78 136 144 69 78 86 76 53 42 34 23 20 35 56 96 96 113 157 183 187 174 167 160 112 69 3 3 37 98 112 137 145 135 119 128 134 150 178 207 220 219 211 198 167 152 157 155 151 151 150 151 152 152 150 153 157 156 157 154 146 136 137 140 148 149 146 149 148 151 155 155 161 160 171 173 178 173 170 183 183 186 195 200 204 206 206 203 205 210 224 226 187 172 51 44 25 
55 50 34 87 103 152 143 62 65 73 57 42 29 32 35 37 42 62 84 86 97 124 152 156 155 157 168 137 89 7 12 71 101 111 138 147 142 133 138 166 184 186 173 183 180 176 164 153 158 159 159 155 152 151 154 158 159 155 157 162 165 165 157 146 141 144 148 155 159 157 160 160 160 168 166 169 175 182 186 185 176 164 171 156 140 129 164 211 220 221 215 217 218 225 227 198 167 67 43 33 
23 76 94 103 110 155 129 39 62 58 38 35 23 39 46 48 51 61 73 81 86 97 128 120 118 135 162 147 96 21 52 107 117 130 143 151 136 139 159 188 191 190 164 171 168 174 169 157 155 159 158 159 158 158 161 162 164 161 160 165 168 171 162 147 147 153 160 167 170 170 168 172 174 177 185 189 194 196 188 166 114 83 78 73 58 26 43 126 202 226 220 225 225 229 230 210 170 121 50 57 
53 80 62 48 110 129 73 33 49 39 49 28 29 46 53 58 50 50 62 81 72 67 97 86 85 100 135 146 85 72 112 127 136 139 143 136 126 139 169 189 187 182 167 159 166 172 171 163 160 159 160 159 164 168 169 170 171 169 165 166 170 173 170 159 156 162 169 177 184 185 185 186 188 192 196 198 192 163 99 92 78 52 35 63 44 11 30 53 79 123 172 221 235 233 232 215 181 141 62 44 
65 33 20 69 93 85 34 40 31 56 51 30 40 57 71 56 53 43 61 76 58 57 75 72 71 73 91 123 86 54 116 131 124 124 119 112 126 148 173 186 180 169 168 153 158 169 170 169 161 157 160 164 166 168 172 174 176 175 171 172 176 171 168 167 167 173 184 184 190 197 198 197 195 184 152 137 122 76 45 55 46 34 25 49 39 9 38 49 52 55 67 174 232 234 231 216 179 151 70 68 
72 25 35 88 58 47 36 22 50 56 36 40 51 71 85 59 50 39 45 72 41 42 53 72 64 61 60 87 79 43 89 108 110 118 116 120 134 153 174 176 171 159 168 149 154 161 170 170 165 163 162 166 170 173 170 177 180 180 177 176 180 177 170 170 174 181 198 201 198 199 192 176 149 93 48 77 56 36 38 36 33 33 32 59 53 23 47 46 48 46 44 105 206 228 227 211 197 157 82 81 
45 21 20 54 52 41 25 27 41 25 34 49 51 103 80 47 40 32 39 62 35 27 39 71 50 36 55 64 60 46 74 104 111 119 111 134 139 155 170 160 158 151 164 157 150 153 167 172 172 170 170 169 171 177 177 179 184 184 182 182 181 182 176 173 184 187 201 199 193 170 130 88 69 38 23 62 42 39 54 37 48 71 48 70 74 35 41 47 52 46 38 72 135 202 216 209 208 180 102 88 
56 20 32 54 42 19 32 45 20 32 36 51 77 112 64 57 29 28 33 45 34 20 26 61 51 8 26 54 46 46 81 112 118 97 115 143 142 151 164 147 148 148 156 161 155 157 155 169 171 172 177 176 177 181 183 187 189 187 186 188 185 186 183 175 175 181 161 148 116 75 45 53 31 19 39 45 34 28 52 40 46 82 36 69 68 33 34 41 60 32 32 49 69 120 184 215 207 178 105 98 
64 35 43 59 26 22 39 25 23 37 40 65 98 101 70 35 24 20 22 28 17 14 18 50 56 12 11 48 39 46 84 102 94 96 141 142 143 142 153 142 141 145 147 160 163 163 158 166 170 173 179 181 183 184 187 190 194 192 192 193 189 187 185 176 166 156 116 85 77 43 37 31 13 13 40 44 36 33 64 31 58 68 41 67 51 28 43 37 51 14 31 51 44 58 118 195 198 155 69 107 
69 47 36 40 24 37 25 14 36 35 48 81 106 85 46 31 27 19 25 15 12 13 21 48 62 23 8 32 38 44 76 82 87 132 154 140 141 131 144 135 138 143 147 159 169 167 165 166 171 179 182 186 188 188 190 194 196 196 195 198 193 188 181 170 151 124 85 45 54 22 38 11 9 5 32 65 40 46 96 47 67 45 80 59 52 34 72 52 40 11 42 45 33 65 77 136 170 107 40 86 
71 52 54 39 39 26 6 19 35 34 50 94 106 72 36 39 32 32 40 18 12 11 30 56 67 39 24 55 33 47 66 78 127 154 155 145 141 124 141 129 135 139 148 154 170 172 173 169 174 180 188 188 192 191 191 196 199 200 200 199 194 181 163 148 130 92 63 47 41 22 27 22 26 23 27 71 70 84 109 48 40 50 43 39 58 34 68 48 54 31 60 33 21 53 39 111 117 50 44 64 
57 55 66 47 43 13 5 18 34 35 57 94 95 47 38 45 38 45 46 20 20 13 54 75 76 60 49 83 41 64 61 121 148 157 157 146 142 126 140 127 141 141 143 159 162 181 175 173 179 183 193 194 194 194 196 199 202 200 198 194 183 167 126 123 101 84 47 58 31 43 27 22 32 34 25 58 76 95 134 46 35 61 56 53 42 35 47 56 51 40 84 47 23 47 46 69 49 39 37 45 
40 30 57 60 38 7 4 13 25 31 50 88 73 38 40 45 43 58 34 25 41 28 82 101 94 82 79 112 70 104 99 147 153 161 155 148 148 131 143 132 150 148 147 161 167 180 185 179 184 189 194 199 197 199 201 204 203 192 184 173 153 133 83 97 66 60 46 52 30 45 43 23 15 36 36 51 76 99 136 62 41 79 56 66 28 24 22 56 40 51 79 59 29 49 55 40 50 29 32 40 
30 28 51 64 49 15 3 7 15 27 49 79 47 35 34 43 58 64 54 62 61 50 100 121 116 97 105 132 108 131 130 139 153 168 160 150 156 140 146 148 155 159 156 158 167 176 187 185 186 192 191 199 200 199 195 195 190 165 152 129 115 99 55 67 60 56 39 26 28 31 51 38 18 42 47 47 61 96 120 70 41 103 66 39 48 24 15 55 30 48 45 50 33 47 59 57 55 10 32 43 
20 25 33 59 53 39 16 6 8 23 47 65 32 31 38 60 80 62 79 85 75 71 119 138 130 116 118 151 131 135 152 125 144 172 167 151 165 153 151 162 156 170 168 165 162 173 182 191 189 193 187 184 197 191 171 160 147 123 106 83 81 69 35 52 75 63 31 29 26 41 42 56 31 46 38 91 51 90 99 68 50 77 64 43 65 59 26 52 33 45 25 39 42 45 59 68 27 20 40 44 
14 18 18 52 48 56 52 36 20 22 36 48 41 41 61 89 93 65 88 96 86 96 136 151 137 131 121 138 120 113 149 117 123 168 168 159 164 161 156 166 167 173 177 171 166 171 177 186 189 184 174 156 181 180 138 114 95 82 73 61 57 56 34 30 46 69 34 36 30 38 47 61 54 46 59 70 30 79 101 75 45 40 45 45 51 56 44 45 46 60 43 47 21 41 58 68 25 21 22 19 
14 20 13 21 33 43 61 74 63 56 51 63 72 76 88 94 104 88 100 103 94 109 147 164 147 140 116 101 90 86 120 109 113 149 163 160 163 166 164 168 173 173 177 178 167 164 167 178 180 176 155 121 145 151 112 88 52 74 87 56 53 45 40 28 38 63 36 32 48 37 43 39 57 43 73 18 43 58 99 77 55 50 38 46 32 36 29 70 78 56 54 60 50 47 51 59 38 19 19 15 
12 7 12 42 47 39 46 60 61 76 78 81 82 84 87 109 117 96 106 102 84 97 137 173 154 139 114 79 81 87 79 104 100 123 162 150 158 162 164 162 175 177 175 178 168 157 156 168 151 162 125 81 110 110 76 42 56 57 57 66 67 39 33 35 49 57 35 35 30 22 26 29 48 34 64 53 74 79 70 81 41 35 53 43 39 53 49 75 79 70 87 72 64 48 57 43 19 34 19 55 
9 15 13 84 78 50 49 51 44 51 65 74 76 79 73 111 105 94 95 96 63 85 122 176 161 135 121 73 80 74 65 78 66 93 155 136 143 156 151 158 168 174 169 167 169 145 138 158 135 132 92 60 66 76 55 34 63 47 35 50 67 63 47 55 69 31 37 32 38 13 29 33 53 78 75 97 48 67 43 66 28 46 54 23 49 53 57 79 67 60 47 67 77 58 36 43 15 33 46 52 
12 18 20 90 97 60 41 39 54 47 68 69 74 69 63 90 86 70 72 76 50 46 90 172 162 130 111 53 48 86 62 72 62 60 120 120 120 139 131 136 144 159 165 145 153 121 113 129 112 94 68 55 65 62 50 56 40 49 33 46 52 51 63 75 66 49 36 34 29 17 29 47 44 67 116 104 38 46 52 49 28 54 31 24 25 30 63 69 48 54 44 34 41 59 44 46 25 34 45 54 
43 28 20 93 98 64 35 29 57 57 57 54 54 61 72 62 57 50 48 59 69 43 71 162 161 129 94 62 59 73 30 51 59 57 77 105 90 105 109 99 113 128 154 125 116 98 87 96 90 62 57 49 63 55 81 126 85 50 44 52 60 47 39 73 70 52 52 36 20 29 39 62 75 70 126 122 49 30 55 35 33 45 25 26 21 61 56 27 36 60 35 45 42 82 59 31 29 38 57 67 
83 31 24 72 76 34 27 28 41 55 44 48 42 39 59 43 55 43 54 55 63 35 44 142 156 122 66 65 105 80 25 55 54 57 42 71 63 63 75 67 75 99 131 102 83 64 73 67 73 60 45 33 53 33 64 156 136 77 57 48 28 43 39 46 75 47 76 34 36 28 40 40 72 121 136 97 26 30 43 46 24 32 10 36 29 47 12 28 63 39 36 68 40 69 36 28 46 34 57 71 
82 29 28 40 41 34 16 22 20 59 52 54 28 34 46 45 56 53 51 44 52 27 22 111 149 119 58 56 138 109 46 64 48 31 28 42 48 35 41 41 68 65 117 85 45 40 59 49 56 47 26 47 42 23 51 113 137 93 49 56 56 48 35 39 72 69 57 29 43 53 52 26 78 134 137 46 4 32 35 74 29 45 30 33 19 13 9 33 64 24 50 63 25 66 25 27 37 49 78 99 
59 19 11 13 27 35 24 38 40 46 46 70 35 37 49 60 81 61 52 65 56 64 47 96 129 107 50 42 71 40 72 59 51 33 22 14 42 46 32 18 59 47 118 73 19 46 67 58 48 38 31 56 21 22 44 48 96 96 53 70 82 46 47 41 66 67 62 28 69 81 50 21 103 141 127 15 35 23 33 72 23 43 54 19 17 5 23 42 47 42 51 42 33 68 20 23 39 20 71 84 
53 12 18 13 22 38 40 35 35 55 44 62 37 50 63 56 59 61 57 64 64 77 58 83 110 99 48 44 37 76 77 36 33 34 25 18 28 35 52 20 55 40 134 68 28 47 55 55 35 20 33 52 36 38 46 33 38 85 61 76 95 73 62 46 54 73 73 50 73 111 51 31 112 138 81 10 50 39 33 66 56 33 42 28 17 4 35 36 31 23 42 39 46 69 35 41 48 11 42 65 
51 11 18 12 27 49 46 24 22 55 36 36 35 53 50 43 37 63 64 52 45 43 96 66 74 93 40 43 51 78 60 49 37 42 43 31 25 19 63 38 39 21 137 71 21 36 50 43 27 26 42 46 48 33 60 50 63 60 72 61 71 52 67 44 62 64 67 61 45 138 66 46 118 122 66 24 58 58 34 50 49 46 36 27 15 14 44 37 53 23 30 54 57 87 51 46 42 28 39 47 
