159 163 138 135 131 128 155 175 175 160 173 180 158 156 162 156 146 144 155 149 156 161 160 147 158 157 162 148 154 164 159 162 141 153 155 152 156 146 160 162 157 159 162 168 158 142 123 109 106 126 128 132 129 137 150 142 137 141 148 144 144 142 153 154 145 144 136 157 158 148 146 152 146 132 125 131 104 121 110 121 160 166 145 201 196 203 202 191 193 185 178 170 172 179 173 172 173 171 174 177 
168 143 135 138 134 145 171 173 167 166 168 171 162 173 168 147 144 152 156 160 158 167 155 150 154 166 152 161 173 162 161 156 145 153 172 162 170 167 169 167 176 187 181 166 155 144 126 96 102 115 132 124 117 128 148 148 148 152 151 153 152 144 140 146 142 135 138 147 139 140 132 160 151 122 121 112 88 130 111 127 160 158 118 190 198 201 203 193 194 180 171 168 172 177 169 167 167 169 175 176 
165 149 142 145 156 146 174 184 185 182 185 176 175 184 180 166 167 169 168 176 167 180 182 168 179 184 164 159 172 170 176 171 174 181 179 178 169 164 170 183 199 202 190 171 161 156 144 120 113 143 155 115 92 117 137 137 139 151 157 158 151 146 143 149 146 125 126 141 137 131 122 148 142 133 126 114 126 147 142 125 153 151 122 192 198 199 202 193 190 179 177 170 169 177 170 169 167 171 175 175 
163 173 187 199 184 179 183 187 196 193 192 188 185 188 190 185 184 181 182 183 190 196 196 191 187 182 183 186 191 192 194 173 158 177 168 169 174 171 175 177 174 151 150 158 171 175 161 155 140 152 166 156 151 139 126 129 141 150 159 153 164 154 148 149 145 143 146 144 138 141 133 119 127 129 142 130 115 137 137 129 146 144 133 188 200 200 202 192 190 182 184 176 167 175 170 171 171 175 174 173 
155 169 167 172 167 167 169 188 191 181 186 181 179 185 194 185 180 183 184 181 196 193 193 184 189 189 193 198 187 179 171 162 163 171 156 155 156 155 152 145 134 129 145 158 172 151 124 156 176 195 219 223 217 196 179 156 152 163 158 155 156 149 156 155 155 153 145 144 144 150 133 128 130 116 132 136 127 143 133 136 137 136 135 178 197 200 200 190 190 186 183 173 168 171 173 176 177 178 174 175 
143 168 165 157 147 158 148 179 175 158 179 176 159 162 187 183 168 175 180 181 181 175 177 177 176 178 180 180 168 165 159 155 158 155 144 146 141 137 133 127 122 130 156 179 181 160 146 157 154 201 233 236 233 230 224 218 202 188 175 159 148 146 143 139 152 155 144 149 161 156 131 133 140 128 121 123 119 141 138 139 146 123 124 164 195 200 201 192 188 189 182 168 168 172 178 181 181 181 176 179 
163 171 164 161 157 161 156 171 159 151 159 154 164 167 165 153 157 166 172 174 177 171 168 170 170 166 162 157 148 148 145 144 149 145 140 135 130 128 125 124 129 142 162 181 186 176 179 170 168 223 239 243 245 244 242 237 216 181 171 160 151 150 135 134 147 151 153 149 159 162 153 145 137 139 146 125 120 149 140 144 135 100 114 148 195 198 203 196 192 191 188 174 170 177 179 176 177 178 174 178 
184 173 167 173 180 178 180 171 158 163 166 166 172 168 156 156 163 169 168 165 157 153 160 161 156 143 137 134 136 137 137 136 139 136 131 124 121 120 121 127 139 156 170 185 182 174 170 161 165 225 246 247 242 244 245 242 223 198 176 155 142 134 131 140 148 156 151 131 137 163 159 133 143 146 154 127 118 143 148 139 116 114 114 132 191 196 203 199 191 187 186 172 167 175 172 166 171 173 171 175 
175 175 171 172 175 182 177 167 163 157 163 166 162 146 147 155 157 157 154 151 152 150 154 148 138 128 129 132 136 137 135 136 139 133 125 124 123 120 122 137 154 168 176 185 181 169 159 154 172 229 248 242 241 248 247 244 235 207 187 174 153 129 137 132 137 151 147 135 135 166 154 124 129 137 143 128 127 137 130 124 100 128 119 126 186 197 203 202 189 191 187 172 169 168 167 166 172 174 171 176 
171 170 165 167 175 178 180 175 167 159 156 156 143 138 147 151 149 149 149 148 153 154 149 142 131 126 132 133 138 140 138 140 137 129 120 120 120 118 121 140 158 170 179 178 159 156 159 154 179 215 235 243 245 242 244 240 223 226 205 173 158 142 162 152 158 164 160 141 105 138 154 137 119 138 133 134 134 134 136 122 105 123 138 143 184 199 202 204 187 188 184 174 171 166 169 171 176 178 176 180 
173 164 161 162 173 180 182 175 168 158 152 147 143 140 147 152 150 151 153 154 155 152 143 135 128 127 130 131 137 139 136 137 134 128 118 116 118 117 127 147 162 171 175 158 135 156 165 157 178 219 206 216 230 230 242 243 236 234 205 176 179 140 150 155 170 177 155 136 126 168 156 147 134 157 147 153 159 133 151 127 127 123 147 148 178 201 202 202 188 186 184 179 177 172 170 171 175 177 177 180 
175 168 162 161 174 183 179 168 162 156 151 146 146 143 144 148 155 155 155 155 150 145 137 131 127 129 130 131 135 136 132 133 129 128 118 117 120 121 135 154 165 168 162 140 125 153 164 161 186 213 216 212 215 221 245 251 241 236 213 185 175 129 158 168 156 147 129 135 146 144 135 137 129 143 139 150 144 146 155 136 135 133 148 140 164 200 201 202 192 188 185 183 185 175 170 169 174 180 179 182 
176 177 166 164 177 177 171 169 157 150 146 139 137 136 136 141 148 149 150 149 143 139 133 130 126 130 131 131 136 136 132 132 125 127 119 119 124 125 140 157 164 164 149 130 123 146 162 169 190 200 221 205 220 220 242 248 243 241 219 194 178 139 157 162 156 136 131 144 160 126 119 141 124 147 141 149 141 143 147 131 104 118 142 144 149 195 198 200 195 191 187 186 188 172 169 173 173 177 174 179 
171 175 174 169 172 164 159 154 147 144 140 137 135 135 138 142 149 150 147 135 136 131 130 129 125 128 129 128 130 130 127 124 121 119 117 119 124 131 144 156 161 159 147 123 120 143 160 164 188 194 212 202 203 219 231 247 242 241 216 188 163 140 149 159 142 125 144 150 154 134 132 171 165 153 145 150 143 136 135 132 107 108 134 147 136 195 199 201 194 188 189 186 186 175 170 175 174 172 175 178 
169 171 170 166 157 151 149 146 139 138 139 139 136 135 137 138 143 137 131 124 125 123 127 129 126 127 127 128 129 126 124 122 119 115 114 121 125 132 147 160 163 155 141 120 116 143 160 167 172 194 195 207 206 234 238 243 243 230 188 157 126 136 154 143 140 131 144 139 132 134 144 153 141 131 142 144 137 134 140 117 113 136 167 119 145 196 198 204 197 189 193 187 177 172 172 176 176 175 177 179 
165 166 165 162 151 144 143 141 137 136 134 132 137 136 132 129 129 126 126 125 123 121 125 127 128 127 126 127 129 125 122 122 123 119 118 125 129 138 153 164 162 150 135 119 111 134 154 161 180 222 228 212 206 237 241 238 240 203 158 142 123 144 150 162 129 117 123 135 147 134 147 146 118 123 146 147 150 121 135 138 112 124 138 126 129 194 197 203 200 191 191 181 174 174 172 174 177 174 176 177 
155 154 153 152 148 141 138 136 139 138 136 136 135 137 136 133 128 127 130 127 129 126 127 126 129 127 125 127 130 125 121 123 124 123 120 123 133 145 158 166 159 143 130 120 112 128 152 157 152 186 212 215 217 228 239 234 235 187 154 138 106 125 166 149 137 126 106 118 146 137 153 149 148 141 136 151 151 124 123 118 125 119 130 114 113 192 196 199 200 192 192 188 186 180 170 171 175 172 172 173 
149 146 149 152 150 141 141 135 136 139 140 137 135 134 136 138 134 131 130 131 132 130 129 128 128 125 127 130 131 124 124 125 124 122 125 128 132 144 158 164 155 140 130 118 113 130 146 140 143 162 171 167 197 210 228 219 219 191 163 140 99 135 157 142 133 138 115 131 134 164 157 138 142 138 126 138 137 135 123 117 129 127 132 110 104 190 195 200 201 190 195 193 190 177 170 174 175 174 175 177 
142 137 145 154 150 143 144 142 141 140 140 142 140 139 140 143 140 140 138 135 134 134 133 133 131 128 130 132 131 125 123 123 125 126 129 128 131 149 160 157 145 135 134 135 124 126 142 143 156 153 141 125 133 170 201 203 204 187 164 155 125 155 167 170 144 138 132 115 135 162 154 129 134 134 110 108 139 137 132 123 111 132 141 117 123 188 197 202 200 194 195 193 186 174 176 181 179 179 179 178 
142 137 142 148 148 145 146 147 148 150 148 143 148 145 141 141 142 144 142 139 137 137 136 135 132 130 132 131 130 128 125 124 128 130 132 129 133 152 156 147 130 122 122 126 128 118 127 133 149 136 127 127 116 119 145 180 196 178 164 159 135 155 162 160 141 133 137 142 138 152 149 129 121 144 109 101 131 144 150 143 125 117 131 113 132 182 194 198 202 195 191 190 182 174 179 183 179 181 181 177 
150 149 151 152 153 152 151 154 150 155 157 155 155 151 148 147 146 145 145 146 146 144 141 139 136 136 137 134 131 133 131 131 132 130 133 134 137 149 145 140 134 133 132 133 126 111 112 123 130 127 124 122 113 124 123 115 124 132 150 158 128 126 155 151 137 149 142 155 140 136 154 134 121 148 141 118 125 140 141 124 110 124 138 140 127 166 188 199 204 198 191 192 181 178 175 175 177 179 180 176 
154 154 155 153 153 151 149 154 155 154 154 158 155 154 159 160 156 155 152 153 152 153 154 150 148 147 151 145 147 148 144 147 142 141 143 140 134 136 134 136 144 154 150 136 125 100 102 107 114 117 123 117 113 117 128 140 125 120 131 146 133 139 147 158 153 140 142 151 143 130 133 135 142 129 114 104 116 111 127 117 109 113 133 119 121 154 191 200 204 200 193 194 184 177 175 175 177 175 177 175 
138 132 127 121 118 119 120 129 136 139 143 152 157 150 137 144 146 145 142 145 141 137 134 127 138 144 156 156 148 151 151 153 160 157 143 131 128 137 148 155 167 153 128 110 101 80 96 102 102 109 133 140 114 116 121 141 148 140 130 119 143 161 165 151 148 147 152 164 154 112 141 143 142 126 90 97 107 141 137 126 140 143 144 138 127 139 191 198 200 200 192 193 189 178 177 177 178 178 182 178 
124 120 118 114 106 106 106 115 119 128 140 153 149 127 112 128 142 140 137 140 141 136 134 131 126 129 139 140 140 151 160 162 155 138 121 123 141 153 163 163 155 134 110 90 87 81 105 111 118 105 110 134 118 117 123 133 145 121 121 119 131 160 172 173 165 137 129 159 162 135 130 135 133 134 123 124 129 145 140 145 135 108 124 113 140 126 190 200 198 200 192 193 194 185 177 175 179 176 177 176 
112 114 122 126 111 109 106 112 124 139 146 149 131 104 109 126 139 141 138 137 138 139 145 145 140 140 141 141 146 150 146 140 129 123 136 155 166 165 160 148 136 125 101 88 86 86 114 115 113 106 100 102 123 121 118 120 120 128 139 144 140 176 184 158 155 140 146 154 155 140 130 148 123 134 127 143 145 139 132 118 128 135 131 125 119 107 177 200 201 200 192 193 193 189 180 173 177 172 171 173 
107 113 125 131 114 110 107 113 134 147 146 134 118 102 105 118 136 144 143 140 136 137 140 140 143 145 147 150 146 145 140 139 143 152 166 163 154 143 136 122 113 128 119 98 90 91 121 124 113 103 86 96 114 121 125 124 119 133 136 176 179 179 159 155 170 161 166 154 144 127 131 128 138 164 145 143 147 141 129 130 113 93 119 106 108 113 170 196 200 199 191 193 192 189 183 173 176 172 175 173 
104 112 126 134 125 114 111 123 142 148 142 127 109 107 111 115 131 143 144 141 141 138 139 143 144 144 147 151 148 149 149 154 162 164 157 143 132 121 119 106 105 127 128 114 102 97 125 133 120 109 104 110 112 123 130 118 135 151 161 167 175 158 167 160 162 165 166 161 152 143 138 147 150 152 150 162 143 123 110 125 124 112 134 117 109 117 166 194 199 201 191 193 193 192 182 174 175 171 176 172 
107 113 128 137 134 121 120 137 146 143 130 116 107 108 111 114 126 142 149 148 146 143 142 142 139 138 140 143 146 148 153 158 162 147 130 124 120 119 111 96 105 128 128 111 104 113 143 144 131 112 123 115 113 116 124 123 150 156 170 164 164 172 171 164 165 178 175 164 151 146 135 145 148 139 126 130 144 101 119 142 104 98 119 108 113 120 159 192 198 202 196 191 193 196 174 176 167 171 176 172 
108 112 126 136 139 130 127 138 136 135 126 116 114 108 108 115 127 144 149 146 144 142 141 139 135 134 135 138 141 140 142 144 132 126 122 121 118 120 101 86 115 133 135 119 109 139 163 151 145 130 111 116 106 109 99 118 139 150 172 167 177 171 166 147 159 169 170 154 145 130 127 159 156 126 117 124 133 132 135 145 105 77 96 122 129 119 147 194 197 198 196 187 192 192 172 173 166 170 173 175 
106 109 123 135 138 137 130 128 126 134 135 129 118 114 111 111 125 143 149 145 143 143 143 141 135 134 134 136 133 128 130 130 128 129 127 124 123 113 86 91 122 144 135 127 132 166 170 154 147 141 123 109 115 119 105 122 142 156 153 159 166 158 150 145 156 148 164 143 131 128 118 130 161 145 109 117 108 123 146 124 91 68 91 132 132 129 143 187 195 198 197 190 195 184 175 168 169 169 170 180 
105 110 118 131 140 140 134 124 123 133 139 137 128 123 113 109 126 137 145 140 136 138 139 137 135 133 135 135 134 134 135 136 135 134 128 123 121 111 85 109 133 148 145 127 164 180 167 167 165 149 135 128 110 103 130 124 132 144 154 143 151 155 161 167 169 168 155 140 118 110 117 142 146 150 141 132 121 124 122 112 104 68 86 137 123 114 135 190 195 197 201 193 192 191 180 176 175 177 173 176 
105 111 118 131 136 141 135 120 119 131 142 144 141 136 124 117 134 141 145 141 134 136 137 135 139 137 137 135 140 139 137 135 139 139 132 126 116 100 91 116 137 157 146 144 177 187 163 172 167 167 143 124 125 113 121 128 132 147 161 164 162 159 163 159 157 153 143 136 141 116 118 134 141 144 145 129 133 116 131 112 135 94 113 133 124 127 117 191 193 197 201 193 192 194 186 179 173 177 172 176 
103 109 117 129 134 142 136 119 114 129 144 149 147 145 136 128 134 136 138 135 137 139 140 138 141 139 139 137 139 138 136 135 138 139 130 122 114 100 102 124 143 149 153 168 181 196 175 178 172 169 159 136 119 129 132 147 161 156 154 146 159 162 165 162 159 146 160 151 139 139 129 143 149 158 146 124 137 104 135 117 144 121 122 117 122 127 112 181 196 197 201 193 190 191 186 181 173 174 173 179 
101 106 115 127 137 142 136 121 112 127 143 149 147 151 147 142 141 140 141 141 139 140 141 139 140 138 140 138 136 138 140 142 139 140 131 122 113 112 123 141 155 156 160 176 184 190 182 163 175 169 161 147 129 125 127 140 161 165 170 172 167 163 147 159 159 148 146 148 131 139 123 126 109 140 147 134 122 103 116 117 124 131 124 122 120 111 113 166 197 196 201 193 191 192 188 189 180 179 175 178 
107 105 109 124 133 140 138 120 112 125 138 147 152 152 152 151 146 142 141 142 138 138 138 140 137 138 139 136 137 139 144 141 143 136 134 133 142 127 135 128 143 165 155 170 184 194 200 173 187 181 170 154 144 134 141 164 175 168 163 162 155 163 145 145 163 143 143 136 129 125 134 149 127 135 147 142 109 93 106 91 93 123 128 120 113 98 125 165 194 197 199 192 190 190 195 192 180 179 179 176 
107 105 108 119 131 138 136 118 111 124 136 145 151 152 153 152 151 148 144 144 142 140 138 139 137 137 136 136 137 137 140 142 149 145 154 140 133 128 103 117 125 131 131 154 167 187 192 176 193 181 170 160 152 135 141 170 167 164 162 163 150 148 148 149 170 160 153 144 129 104 117 136 130 139 135 137 101 105 114 111 124 128 122 119 111 113 141 169 193 196 198 193 189 190 196 192 179 178 180 176 
104 104 108 117 129 136 129 115 109 124 136 144 148 151 151 150 153 153 149 146 142 140 140 141 140 138 137 139 136 138 141 140 157 146 135 128 120 118 118 130 138 135 148 145 162 179 191 176 171 162 156 148 135 134 153 173 158 149 155 164 159 150 140 157 173 167 149 145 116 114 122 138 157 144 133 120 123 124 100 125 138 134 113 105 113 122 140 161 190 194 198 195 189 191 195 188 178 178 179 175 
111 106 105 114 126 132 122 110 108 125 137 143 145 149 150 147 148 150 149 146 143 139 139 140 150 150 149 147 151 120 114 127 135 128 125 129 124 119 127 130 136 126 135 139 138 146 150 130 118 101 85 74 69 85 116 134 138 140 154 168 150 150 149 154 156 153 148 149 133 135 118 142 144 138 136 141 125 122 115 132 129 126 123 98 99 140 137 139 189 192 198 196 189 193 192 181 173 175 178 176 
122 107 109 116 122 128 117 109 114 131 140 146 144 149 151 148 143 141 143 148 151 152 160 162 169 156 159 136 145 126 130 131 139 139 108 117 112 109 105 117 136 143 133 128 123 100 64 43 39 37 35 34 33 34 40 45 52 78 105 128 139 141 144 149 160 148 144 131 145 141 121 162 158 141 146 138 135 152 165 204 174 140 121 105 128 135 120 133 189 193 200 198 189 192 192 181 171 173 180 178 
152 137 121 113 126 127 122 115 118 137 146 151 149 150 153 146 145 152 164 166 156 161 155 153 154 163 151 135 123 129 145 144 133 117 124 135 108 92 98 94 108 127 114 97 68 41 35 36 34 33 33 31 31 30 33 43 51 57 63 72 82 95 109 138 155 147 136 129 146 150 139 150 146 152 166 189 212 237 238 220 186 146 119 98 112 117 118 122 186 193 198 200 191 190 189 186 178 175 181 179 
175 172 157 140 132 126 124 114 120 140 146 145 147 154 147 154 155 164 183 176 153 146 151 154 151 143 149 142 135 133 129 131 120 131 140 105 84 60 51 37 36 50 49 42 41 44 55 55 48 33 34 35 36 32 31 39 46 49 60 66 67 75 127 176 165 125 142 156 150 158 163 181 209 231 238 244 245 244 214 175 156 122 113 108 110 121 117 124 177 192 194 200 192 192 191 188 182 176 180 179 
165 170 171 160 146 138 129 120 123 141 149 152 159 157 179 178 172 162 178 177 168 158 145 150 136 159 154 154 142 134 119 110 114 134 116 65 39 34 29 26 23 20 24 27 29 30 48 61 65 49 44 41 39 38 35 36 40 43 54 59 68 93 161 178 169 172 198 198 200 223 231 237 236 242 234 225 232 234 184 152 147 137 116 115 119 129 125 131 176 190 193 200 192 191 197 189 177 175 177 176 
155 164 160 165 172 165 147 143 147 150 150 155 145 160 171 170 179 165 180 184 171 148 156 140 133 145 143 134 124 115 104 107 118 107 66 39 33 24 23 26 22 24 21 24 27 24 28 36 47 53 59 56 46 39 34 33 44 53 60 74 117 154 165 172 159 170 211 220 216 224 221 224 217 219 207 199 210 199 166 156 131 142 128 128 134 121 122 112 165 189 195 200 196 190 196 190 175 173 175 175 
165 161 157 157 175 168 159 163 170 160 143 148 149 155 155 168 174 172 176 179 152 154 170 160 158 145 136 136 127 133 97 107 100 84 69 45 36 35 33 29 24 23 22 25 23 21 27 32 41 49 59 67 70 56 47 38 41 47 54 97 153 171 166 160 153 151 174 185 187 194 192 191 192 194 195 185 181 185 166 133 139 144 139 136 130 113 92 121 165 186 196 200 201 192 196 190 179 173 173 176 
148 145 162 156 162 161 168 170 181 172 165 164 168 165 171 169 156 171 173 162 155 159 160 161 165 145 156 138 137 113 89 99 94 86 89 63 43 41 37 33 29 22 26 25 27 31 35 37 49 62 80 92 101 107 99 68 48 49 87 137 158 162 161 155 147 140 145 153 155 159 159 158 160 163 166 161 161 168 180 146 152 155 128 128 133 124 115 135 158 189 196 199 200 193 194 191 183 174 174 175 
153 161 161 166 164 157 154 177 169 164 168 171 167 166 158 150 153 138 157 154 160 166 149 155 162 146 156 136 124 97 90 92 94 98 92 71 56 45 39 48 45 37 46 48 48 61 72 76 80 110 141 157 151 156 140 94 69 81 131 155 158 164 154 145 141 138 134 131 128 133 143 144 143 143 142 141 142 136 112 101 132 132 124 133 132 115 124 124 144 188 193 198 202 191 196 190 174 171 175 178 
159 165 153 165 163 147 160 192 181 174 164 127 162 162 155 141 137 147 175 156 155 146 142 156 161 130 152 144 116 85 83 82 97 94 84 71 68 69 71 88 95 89 91 89 81 92 116 150 186 217 222 224 221 198 162 139 132 132 146 150 149 134 123 128 130 130 142 155 150 168 165 152 151 149 142 123 108 79 72 116 127 130 132 140 140 118 109 140 124 185 190 198 200 189 190 188 180 173 176 176 
169 174 160 169 162 148 166 177 178 177 166 151 156 147 168 166 164 161 169 163 151 152 168 152 151 155 135 109 86 81 75 78 84 82 76 72 82 88 89 93 94 94 84 100 137 196 232 239 242 245 243 243 241 227 213 200 186 166 147 134 101 88 77 89 97 115 141 184 210 217 210 212 219 211 197 175 151 136 134 140 133 142 126 138 136 115 111 124 112 174 190 199 202 193 191 196 179 172 173 176 
180 169 166 172 171 163 167 172 175 166 167 171 167 172 176 190 154 152 160 155 157 158 164 157 157 141 117 76 84 86 87 75 74 83 79 87 83 78 78 85 90 88 96 112 197 234 221 227 234 238 238 236 235 236 235 231 218 200 182 156 125 104 86 69 62 75 136 208 236 237 240 242 238 229 222 214 207 195 168 145 123 115 114 134 143 125 126 137 132 170 190 197 204 203 197 195 181 179 177 179 
176 172 183 181 172 166 155 165 160 165 161 151 169 166 163 186 181 181 160 154 154 148 147 157 142 117 98 81 89 92 82 76 83 80 88 85 62 52 56 73 81 86 77 119 181 150 171 215 225 231 231 228 231 229 230 235 233 227 223 213 207 190 144 125 97 94 182 234 239 239 236 239 241 236 235 227 216 198 179 160 132 107 113 128 124 130 120 112 105 154 191 194 203 199 196 195 185 179 177 177 
160 171 182 172 176 182 167 174 168 165 145 140 139 155 161 171 177 176 164 166 160 154 149 147 127 93 87 87 95 88 76 74 75 77 71 58 51 62 71 68 70 51 50 68 83 96 181 217 223 226 226 226 224 216 226 234 231 233 232 226 222 216 212 199 161 129 128 203 227 228 229 232 233 229 225 219 213 197 176 159 130 116 122 128 121 141 120 98 116 141 189 192 200 194 190 196 188 177 176 177 
177 155 175 173 165 178 171 168 151 144 141 153 147 156 160 152 180 169 159 171 158 156 146 136 121 88 85 94 93 84 75 63 65 64 46 44 48 57 68 46 62 33 27 30 43 103 174 203 216 221 224 227 225 225 234 233 234 226 219 224 229 226 225 213 198 177 156 182 214 213 225 227 227 223 219 215 208 196 185 175 157 146 131 129 140 144 122 104 110 131 184 195 197 198 191 199 189 179 177 176 
179 159 151 162 161 164 160 159 135 165 157 154 145 152 159 157 164 157 169 156 151 138 126 132 112 91 89 91 93 79 63 52 55 69 77 91 106 79 47 55 56 22 19 22 22 47 116 163 193 211 219 222 227 231 234 231 229 219 216 218 219 220 217 206 204 200 199 199 203 197 206 212 214 216 215 217 219 218 215 203 184 171 161 156 147 127 117 83 103 160 196 188 200 200 189 196 187 177 175 173 
166 158 154 153 164 168 167 155 166 160 162 165 158 162 157 161 155 150 167 176 171 152 123 109 115 84 91 96 85 73 63 56 62 80 89 76 55 45 44 45 51 33 20 18 24 28 58 123 157 193 214 223 228 231 229 227 228 226 225 221 215 214 214 208 205 206 206 200 199 188 192 201 209 214 216 218 226 231 228 222 219 207 188 163 150 137 113 122 179 201 183 178 188 205 190 196 189 178 177 176 
171 168 160 164 138 146 152 156 152 142 135 146 136 155 155 164 160 140 156 157 141 121 110 118 109 97 95 72 61 50 43 39 44 36 30 38 86 117 124 121 105 96 66 43 48 92 115 100 131 168 197 216 224 229 228 231 231 227 223 216 209 206 206 204 203 201 194 192 197 190 192 200 209 212 216 209 212 228 232 236 244 244 242 238 236 240 227 240 226 200 225 199 165 206 195 201 192 181 181 181 
168 151 155 160 155 143 142 163 164 154 161 159 160 155 154 152 147 161 163 154 130 123 123 117 105 100 73 51 43 34 35 43 39 38 35 57 99 90 70 75 83 103 101 98 124 137 130 125 139 155 177 199 211 217 219 224 220 212 208 204 200 195 194 195 194 189 185 183 184 181 177 184 197 204 213 200 193 219 229 234 238 243 244 246 249 243 247 242 222 170 162 138 147 202 196 200 191 181 180 179 
148 158 152 156 168 154 146 150 148 162 152 163 182 161 154 161 157 157 178 171 151 133 132 112 111 88 56 44 39 42 49 51 53 55 49 59 77 69 49 47 73 89 103 113 121 125 138 146 162 169 179 200 214 222 223 218 209 203 201 193 181 177 182 189 190 188 182 178 179 179 168 173 188 200 207 201 197 218 224 226 228 238 243 243 243 244 238 234 226 185 196 149 138 203 197 199 195 187 181 178 
148 148 155 150 166 171 151 150 160 149 159 168 179 182 168 155 157 163 174 162 157 134 142 125 108 76 54 45 49 59 62 55 55 66 60 106 85 68 61 87 124 118 109 110 108 122 138 155 163 175 188 203 214 219 213 200 195 194 192 184 180 183 190 196 196 193 190 181 173 172 165 164 169 181 190 199 206 216 217 214 215 224 232 236 237 240 232 221 224 215 192 126 144 203 199 198 200 191 184 184 
141 148 150 161 143 161 160 168 146 149 144 158 153 155 147 161 162 176 168 152 148 140 140 120 95 72 64 55 57 61 58 58 69 71 62 87 78 64 75 132 164 162 140 123 113 116 131 149 163 176 188 200 206 211 211 206 199 189 181 181 185 186 190 194 192 192 192 185 174 165 159 152 148 156 169 181 196 200 205 201 200 205 217 223 227 229 227 215 196 172 140 108 156 202 200 195 197 192 187 186 
132 154 162 157 149 147 169 170 143 141 149 160 157 157 144 159 166 157 142 140 164 146 136 121 96 77 69 65 61 59 63 87 92 52 61 71 70 70 91 135 155 163 161 150 151 126 127 149 162 170 179 189 192 199 198 189 180 175 169 173 181 177 176 179 184 189 188 188 183 168 153 138 129 125 137 152 172 179 189 188 187 190 205 213 213 217 216 220 215 190 139 104 164 201 200 193 195 194 188 180 
125 147 143 160 156 167 164 165 153 142 160 149 153 161 157 147 157 163 142 135 167 148 136 116 93 87 78 64 53 49 80 129 114 59 55 59 77 89 115 142 165 172 145 146 170 149 122 147 169 178 182 179 185 184 179 185 187 185 173 163 165 167 171 182 190 186 180 183 185 178 157 131 123 116 120 130 142 159 171 179 180 183 189 196 208 204 206 216 211 199 159 122 173 203 200 195 197 191 192 184 
151 155 173 141 154 163 167 167 160 144 148 165 154 155 168 160 159 172 153 142 149 141 145 117 90 89 80 63 50 42 74 125 110 81 60 54 70 107 127 127 155 149 83 51 106 135 129 149 164 169 168 175 175 177 179 181 179 179 177 162 153 162 171 176 186 184 175 174 177 178 169 140 121 118 121 119 121 129 141 152 150 148 151 166 186 198 196 183 168 153 138 139 182 203 203 195 197 192 193 186 
168 171 163 146 151 163 163 165 152 156 152 166 169 164 157 147 166 154 139 151 154 139 130 121 92 91 82 65 56 48 44 72 77 61 47 64 76 90 103 121 149 140 95 61 57 95 100 101 113 130 145 163 175 184 189 190 183 173 165 155 149 155 157 153 154 159 165 175 179 180 182 172 153 143 144 139 134 124 110 113 121 131 133 121 126 134 135 126 114 111 113 144 183 198 203 190 193 194 192 177 
175 168 166 157 158 174 163 170 159 163 162 176 161 160 162 162 179 174 145 145 178 185 146 123 96 92 82 69 57 50 38 38 40 48 63 64 71 89 108 116 135 125 80 46 52 84 81 82 109 130 147 153 160 170 177 180 175 169 157 149 151 150 144 141 142 148 157 169 178 187 190 193 188 170 161 156 157 146 120 129 151 157 155 147 144 104 102 127 114 112 114 151 184 198 205 190 191 194 191 175 
171 167 168 170 166 171 168 167 168 172 174 176 171 168 164 164 161 203 174 164 208 223 165 127 99 94 83 71 64 51 36 39 44 53 56 63 76 81 87 87 112 113 58 42 64 88 69 80 108 136 152 155 157 162 165 165 157 159 158 156 153 150 149 147 146 151 154 164 175 185 189 190 190 180 170 166 164 163 157 172 191 181 173 170 173 144 116 110 124 107 113 149 188 195 204 192 191 194 191 174 
162 166 171 166 156 176 170 164 163 166 161 166 167 159 168 199 195 193 221 230 191 210 158 117 101 95 87 79 72 50 35 44 53 49 49 59 67 88 98 97 112 115 78 73 104 95 70 94 116 138 151 156 161 161 161 163 156 158 158 157 158 160 160 154 148 151 155 166 174 181 184 184 187 184 176 169 167 163 157 162 169 165 166 170 175 194 163 114 112 101 103 144 186 194 203 196 193 193 186 170 
147 163 173 171 160 164 163 164 163 170 167 178 171 161 155 167 157 133 131 173 181 160 129 131 102 90 85 77 57 46 43 88 105 79 44 39 54 94 116 115 124 122 118 122 110 89 91 114 138 134 151 154 159 160 158 161 160 163 163 162 163 166 166 158 155 159 165 173 175 179 181 184 187 185 178 170 165 155 150 149 156 159 162 163 172 171 144 140 109 105 93 134 184 194 203 200 194 192 189 177 
159 152 170 154 145 163 171 170 172 168 162 166 169 152 147 156 145 117 82 141 140 132 123 119 99 89 82 67 53 39 74 118 100 66 46 48 54 61 78 99 121 120 113 113 108 84 74 86 90 119 141 154 157 161 160 161 162 166 166 166 167 169 169 165 161 161 166 171 174 178 177 178 180 175 167 163 161 152 145 146 157 163 168 166 163 188 166 136 111 102 84 129 185 195 203 203 194 192 195 180 
152 147 143 149 161 152 150 155 158 149 154 167 163 147 128 138 138 126 104 146 126 141 123 124 100 89 81 64 49 45 66 104 94 53 44 40 49 50 65 91 103 109 113 117 88 55 64 77 108 127 139 150 156 163 163 163 163 164 164 165 169 173 175 174 173 177 182 181 179 180 177 176 168 156 148 148 150 149 143 148 164 169 178 180 160 167 170 147 103 98 75 134 183 193 202 206 193 193 194 178 
145 142 158 159 163 151 150 150 155 149 158 148 141 137 123 110 142 129 118 138 129 124 135 124 95 82 74 61 50 47 49 64 59 43 52 57 45 36 50 93 122 124 112 70 50 61 81 92 108 118 126 135 146 151 156 167 172 171 168 166 171 176 177 177 173 177 182 180 182 182 177 172 160 149 148 152 152 147 138 160 173 179 183 189 178 191 164 158 112 95 98 130 183 191 200 206 193 188 191 179 
155 154 144 175 161 154 154 164 156 157 133 150 155 130 123 130 150 141 128 139 121 115 131 127 95 75 66 55 49 45 40 34 42 52 44 49 55 38 39 85 124 120 99 62 70 87 89 92 105 107 110 116 125 135 146 156 167 173 171 169 169 168 166 166 171 175 180 179 176 170 163 154 135 136 152 157 150 150 153 164 172 186 178 192 201 196 168 122 106 90 101 120 180 190 198 205 194 186 195 187 
148 136 146 158 166 151 144 141 155 157 144 158 153 131 125 132 142 128 102 136 137 100 117 116 93 68 59 51 46 41 41 37 31 48 46 66 56 38 42 73 113 109 98 90 97 93 87 96 103 101 102 102 102 99 108 137 157 167 173 175 178 173 166 167 170 172 173 171 170 166 159 138 103 116 155 159 153 130 124 116 124 130 135 145 175 202 161 125 104 109 92 111 174 189 196 205 195 188 197 189 
138 145 165 172 173 157 147 140 150 152 139 166 159 125 135 132 151 115 105 133 135 116 135 120 97 68 56 50 44 40 41 36 35 35 32 41 47 35 35 41 77 93 97 84 87 88 92 95 100 103 99 85 71 87 112 138 156 168 175 179 182 175 167 168 171 172 171 167 165 160 149 114 74 102 154 154 135 107 118 112 114 111 125 114 117 139 141 114 104 102 94 107 171 189 194 204 195 188 194 185 
158 153 148 167 168 162 159 161 156 148 145 156 147 132 142 134 123 94 113 134 130 120 143 133 113 80 59 50 41 37 38 36 34 30 32 33 43 40 33 32 50 78 97 86 87 92 94 97 88 80 59 54 79 115 139 153 163 172 178 182 183 176 169 165 166 168 170 168 166 152 128 83 55 98 146 136 137 116 112 112 106 132 130 115 104 111 122 109 99 101 95 110 160 190 193 204 200 188 194 190 
167 140 160 158 158 154 169 163 161 140 142 145 171 153 139 135 117 92 120 129 112 127 150 135 122 96 64 54 39 33 34 32 34 24 28 27 40 57 55 57 70 86 96 89 86 86 83 82 71 49 39 70 112 140 154 164 168 174 177 180 181 180 174 168 167 164 166 170 161 148 114 66 71 120 142 130 133 115 105 113 109 98 112 104 107 108 109 116 104 91 102 114 150 189 194 203 200 187 192 192 
146 136 150 150 157 157 156 158 151 145 141 138 152 145 156 108 96 79 114 136 130 142 149 130 124 103 70 63 44 35 32 29 30 29 26 27 46 74 89 101 107 105 95 65 55 65 62 49 36 34 47 90 135 153 161 170 176 180 179 177 175 175 177 173 174 170 171 166 154 117 89 100 114 126 131 129 124 132 124 110 110 98 92 114 112 117 111 122 112 99 110 121 142 189 194 200 202 188 190 192 
149 159 163 150 163 175 167 167 142 132 152 128 147 132 132 96 81 112 126 126 131 131 132 120 116 111 86 70 54 40 34 30 31 30 36 31 35 35 36 51 66 79 56 27 20 20 20 24 28 40 82 129 152 159 163 172 175 179 181 180 180 179 178 177 174 170 169 148 114 103 133 147 131 119 128 128 123 109 127 126 100 123 120 101 116 120 127 126 116 116 113 124 133 185 195 202 207 190 189 191 
179 190 168 160 163 146 147 160 147 136 154 151 147 128 120 127 73 132 135 127 101 105 121 118 116 113 110 79 62 51 44 38 31 33 59 75 52 32 33 26 25 28 19 14 15 18 23 25 35 81 134 150 158 165 169 170 176 179 180 180 177 178 179 175 174 158 141 119 112 129 150 144 122 134 154 129 135 126 119 136 127 123 138 120 111 127 136 143 124 124 128 123 124 183 198 202 206 189 187 187 
163 182 168 158 154 165 159 154 145 141 150 160 160 158 123 131 127 143 131 125 108 113 120 129 114 104 128 105 82 60 50 45 35 30 35 49 61 58 34 36 29 27 18 15 18 21 24 40 83 134 156 167 171 177 177 174 174 176 180 180 179 175 171 172 164 153 143 122 129 141 129 143 118 124 139 136 135 130 114 114 132 135 132 133 129 131 131 143 134 122 108 110 108 181 199 201 205 192 188 190 
158 167 159 160 160 165 165 147 151 150 156 140 129 148 137 130 143 151 130 132 112 86 111 119 112 104 117 112 106 76 55 51 44 32 34 34 35 50 43 32 31 37 25 22 24 21 32 74 128 146 166 173 179 184 185 183 179 179 182 182 179 175 166 154 151 162 163 147 145 139 125 121 113 120 128 131 133 113 114 119 125 142 137 139 130 133 138 136 134 115 107 86 108 179 195 197 205 195 188 193 
162 164 159 166 153 152 150 144 160 152 158 139 139 127 132 114 120 142 134 135 119 102 115 109 105 112 110 109 113 98 71 57 54 54 54 43 41 41 43 42 37 30 29 37 36 29 42 81 141 159 171 185 187 193 194 192 192 189 181 172 162 149 146 166 171 152 146 134 134 127 135 120 119 123 136 129 130 121 113 126 124 132 131 132 137 132 142 138 124 107 111 88 93 169 197 199 204 198 188 196 
159 169 160 166 165 150 148 144 172 159 149 136 127 141 123 117 136 120 116 112 139 96 109 106 97 110 109 110 97 101 91 69 60 60 60 54 50 51 52 49 48 37 30 42 51 44 45 64 120 166 182 193 198 200 202 198 195 187 174 162 149 148 154 161 170 152 142 143 142 137 136 122 117 108 124 124 136 136 126 131 124 136 137 137 140 140 135 143 124 108 120 104 93 156 198 199 203 201 188 196 
152 165 164 158 153 150 162 148 172 147 125 125 138 147 130 141 121 104 99 115 119 114 127 92 105 111 114 105 96 92 104 104 83 69 67 57 52 52 52 54 63 61 52 66 79 78 85 114 143 175 194 198 198 199 198 188 183 171 159 165 145 150 155 162 158 154 146 146 144 139 141 136 135 118 115 121 129 127 137 134 120 130 139 148 139 142 144 130 123 115 124 85 87 140 195 199 203 202 188 195 
154 156 166 167 144 179 157 176 169 143 133 124 142 155 141 134 99 109 102 111 115 115 131 71 111 116 110 100 90 94 115 106 100 84 80 68 60 60 57 59 75 94 84 101 115 132 148 164 167 173 184 184 184 183 176 168 163 153 156 148 147 162 159 149 139 146 150 125 137 125 131 121 124 121 119 124 127 114 123 131 122 116 130 140 141 145 155 137 101 103 106 91 77 130 192 196 201 204 189 193 
166 179 173 164 160 145 167 168 168 131 120 129 136 132 148 130 110 105 102 106 116 102 108 92 110 111 100 95 80 89 98 93 112 108 110 103 88 79 69 78 90 109 108 117 123 133 140 148 155 148 151 153 158 163 161 155 159 147 162 148 165 169 160 141 129 146 136 140 140 129 130 134 123 121 123 119 132 137 133 123 126 115 124 129 133 145 133 133 137 93 84 102 96 129 189 197 200 208 192 193 
155 161 147 161 167 167 159 168 158 138 117 135 137 132 131 125 103 91 108 123 101 82 117 101 94 100 93 91 95 105 92 95 108 109 121 124 142 122 93 95 108 116 117 123 144 159 153 140 148 142 137 146 143 153 157 151 149 140 146 159 166 156 149 146 144 147 151 137 139 144 136 126 119 131 119 115 117 130 126 121 134 126 128 130 140 139 140 130 129 83 92 81 94 120 188 200 202 209 195 193 
158 153 145 144 158 164 158 157 154 144 128 133 148 135 131 128 115 109 122 124 115 114 115 94 86 90 108 101 104 98 98 98 90 97 118 114 136 131 128 109 118 126 123 141 170 152 143 148 147 142 143 149 141 150 145 150 154 165 170 167 171 165 159 153 142 149 133 127 152 142 145 126 124 121 127 134 115 133 126 120 115 124 138 134 131 149 149 137 116 102 99 78 85 107 188 202 203 207 196 190 
153 157 167 156 156 158 161 157 153 154 146 129 138 136 127 108 111 101 108 126 122 93 96 94 77 91 119 117 104 93 78 105 97 97 114 111 127 139 115 115 113 99 111 147 167 146 149 148 145 151 161 159 143 140 140 157 163 165 161 163 156 164 158 150 145 156 130 131 135 143 149 120 133 133 136 131 124 132 136 118 124 122 151 151 140 134 136 131 116 104 105 82 79 107 175 197 201 205 196 189 
160 159 163 160 161 156 159 156 147 141 140 139 123 126 125 112 117 107 103 112 100 88 90 85 77 110 104 116 95 76 69 99 90 102 119 127 142 131 115 118 113 103 115 136 143 136 144 148 132 141 155 144 154 152 150 145 152 151 145 149 153 163 157 156 152 142 134 145 142 145 132 119 134 138 139 144 141 136 141 118 128 115 142 155 144 135 131 123 111 112 128 101 99 118 163 197 201 205 198 188 
168 151 153 156 156 150 166 150 147 132 134 144 125 124 106 128 120 115 109 95 95 96 98 94 92 102 84 90 86 89 91 94 102 112 111 137 129 142 117 104 123 131 118 128 149 147 141 129 122 133 152 132 124 141 162 143 148 157 155 153 153 156 153 147 143 140 145 138 137 131 129 129 112 142 153 155 150 138 131 126 107 125 138 139 141 134 128 114 117 116 121 125 127 114 146 195 200 206 201 189 
147 157 164 156 148 160 159 147 141 122 150 139 126 130 116 138 123 122 118 96 108 108 106 82 82 89 68 86 102 108 99 100 98 119 120 130 122 122 124 113 122 129 122 147 151 153 144 129 136 139 135 145 138 121 153 141 149 150 157 164 148 152 144 156 154 146 136 136 129 113 127 130 128 123 136 141 131 131 137 136 122 134 132 137 146 143 139 124 125 111 130 134 110 99 141 195 200 207 202 192 
165 159 173 167 154 177 173 153 133 160 155 153 131 117 124 117 127 114 114 101 117 117 140 108 101 81 64 93 104 94 91 105 106 125 123 115 129 127 128 127 119 111 128 143 107 130 142 144 151 133 141 141 138 133 127 151 141 147 147 166 133 134 143 144 158 153 146 134 146 137 112 98 126 111 133 143 125 132 137 136 133 135 116 134 140 142 129 122 113 96 113 140 105 110 137 200 200 206 205 192 
168 172 162 147 162 175 177 162 153 154 154 147 119 118 142 135 124 113 102 105 116 142 114 81 71 78 82 97 105 101 105 109 116 110 115 131 117 130 127 142 119 118 136 129 112 114 122 123 141 142 129 127 127 141 129 153 146 139 143 168 141 136 143 138 148 140 138 126 148 137 113 103 115 115 131 145 136 132 133 137 137 126 140 134 142 152 147 135 118 109 106 133 132 137 115 194 203 204 208 192 
167 174 163 147 157 157 152 165 159 141 147 152 113 126 128 130 116 110 112 119 128 120 93 70 60 80 85 107 103 106 123 122 116 104 113 122 116 128 119 137 122 128 132 133 122 126 130 116 141 153 147 143 143 148 141 140 143 142 138 150 148 133 161 156 153 141 134 146 157 135 105 94 105 118 113 138 143 136 138 137 132 128 147 159 153 146 132 123 123 129 105 116 139 131 101 190 203 203 211 192 
166 157 164 154 140 155 155 157 152 128 143 145 127 114 117 131 125 114 121 122 125 102 68 72 74 72 87 105 108 107 119 120 121 111 111 108 111 107 117 129 131 163 133 102 123 135 140 126 122 133 138 137 140 135 124 122 122 157 153 146 160 154 157 168 161 147 143 149 151 138 119 113 116 121 122 138 133 135 141 132 125 144 142 162 160 125 128 124 124 128 118 99 129 105 99 178 202 201 209 193 
160 153 161 159 145 163 164 155 142 141 143 129 136 139 121 129 126 116 108 111 106 95 95 105 73 76 106 94 104 97 112 119 96 113 121 113 115 122 116 129 131 172 140 121 148 136 153 139 125 132 132 137 135 130 114 123 138 169 157 143 163 174 154 152 148 149 140 149 145 144 126 101 94 130 122 143 125 131 136 123 130 129 139 149 139 121 110 121 113 126 130 105 123 99 102 169 199 202 207 195 
158 149 173 169 148 145 154 142 134 153 140 139 140 139 139 138 131 119 112 123 106 122 102 90 78 86 100 81 99 110 106 93 78 108 115 107 113 114 108 119 133 154 145 155 170 139 145 135 124 138 132 139 136 131 131 130 136 147 157 163 169 173 151 136 140 135 129 138 155 153 154 87 117 115 119 133 119 126 135 132 134 126 138 142 141 118 119 133 129 122 117 131 87 114 98 168 198 204 208 199 
147 150 161 159 151 153 151 140 141 149 140 144 136 132 134 125 135 127 135 119 111 121 106 113 107 100 84 77 82 102 96 80 104 114 110 118 113 118 124 122 134 143 149 170 181 154 144 136 124 126 127 143 135 142 138 145 150 176 177 173 184 178 166 151 138 134 132 137 153 152 155 131 123 132 142 147 141 135 140 138 127 120 139 146 142 117 115 135 131 135 115 149 124 133 116 163 196 206 208 203 
148 150 171 161 149 159 147 153 146 139 142 131 136 162 132 124 142 114 125 121 122 120 119 122 108 100 68 59 75 92 97 97 110 110 102 107 117 126 120 134 142 130 151 177 188 144 116 130 136 124 135 139 129 143 157 164 171 175 168 156 156 155 158 148 151 143 127 122 141 156 152 149 141 130 141 151 129 141 141 144 131 127 148 152 150 134 116 131 127 137 135 134 132 136 143 151 201 205 209 204 
165 159 154 134 147 168 158 162 120 123 149 140 129 135 134 148 141 123 127 131 127 127 126 129 105 94 64 78 99 101 99 105 114 109 101 109 115 130 125 145 133 132 139 177 185 141 109 110 141 138 149 144 136 152 156 157 176 181 175 175 162 149 155 146 136 123 136 147 159 159 151 145 131 127 144 155 139 151 130 125 120 115 131 131 126 124 125 135 131 135 128 115 125 117 153 156 199 203 207 204 
