180 184 177 182 181 181 182 179 172 166 163 157 165 179 179 183 172 164 161 165 151 157 164 169 173 178 180 182 175 178 181 180 178 176 176 177 172 166 165 168 169 169 159 154 152 158 170 165 165 170 166 163 161 166 171 171 167 159 152 144 146 143 142 141 141 138 136 135 135 100 42 32 84 109 114 120 126 137 145 141 133 136 137 141 135 134 133 136 137 133 136 138 136 140 140 145 138 141 140 140 
179 185 182 187 184 177 182 180 170 164 165 159 179 187 182 179 172 163 162 153 158 166 173 173 168 175 184 185 179 182 182 173 176 175 179 173 170 169 174 171 168 161 159 149 158 166 168 173 173 171 169 166 166 169 164 153 155 154 152 152 157 158 156 153 150 148 148 142 142 133 120 73 32 75 112 123 130 138 139 141 139 143 139 141 134 132 135 136 137 133 136 144 136 135 138 139 145 143 145 142 
181 179 179 186 190 177 172 179 167 159 162 166 188 195 183 169 172 161 153 160 165 168 166 171 175 181 184 189 193 185 180 182 180 179 179 173 177 174 172 175 168 162 151 159 168 171 177 180 176 175 172 167 165 163 160 161 160 157 158 165 169 163 162 160 162 153 150 147 145 143 143 134 101 37 72 125 138 136 142 142 143 143 140 148 140 140 132 137 134 132 138 139 137 142 142 142 149 147 144 142 
183 177 178 182 186 179 183 178 167 161 163 171 187 190 185 173 171 158 158 166 170 171 167 172 179 179 184 190 185 179 185 179 173 178 175 172 173 178 172 169 166 151 156 167 169 175 177 178 173 180 173 170 169 166 168 168 169 168 166 162 164 162 163 158 160 158 153 154 151 153 152 145 141 116 49 85 136 134 139 142 146 143 145 145 141 141 136 138 140 139 136 144 145 136 145 147 149 143 140 142 
184 176 179 178 176 180 181 179 163 158 162 174 182 187 177 175 166 159 173 178 171 171 167 175 180 177 190 187 184 184 185 183 178 172 168 170 177 183 174 165 155 156 166 169 176 181 177 171 185 186 173 169 176 175 169 168 175 173 169 165 159 158 158 160 162 160 157 153 155 155 154 153 144 140 114 52 101 138 142 139 144 142 145 147 139 137 135 137 131 140 140 145 141 143 153 145 146 151 142 145 
179 183 182 175 180 185 179 179 165 155 158 176 183 182 176 173 161 169 178 183 176 167 164 177 182 186 183 185 185 188 184 185 173 175 177 180 184 177 166 151 155 163 168 175 186 179 174 182 187 179 176 176 175 165 171 173 176 169 171 167 160 157 161 163 158 156 155 152 155 156 155 157 156 150 140 108 55 116 142 145 145 145 143 144 140 143 137 134 136 142 143 145 145 144 148 146 144 143 146 141 
178 177 188 176 188 185 179 174 164 155 160 173 186 188 181 163 164 175 177 184 181 169 164 179 180 186 190 180 179 186 191 180 180 179 177 182 178 164 153 157 161 172 171 173 174 172 183 185 187 183 183 182 172 175 179 180 177 174 173 166 165 162 167 166 161 162 161 161 159 163 154 157 152 150 148 138 110 65 117 142 144 143 144 144 139 144 135 135 141 138 143 148 146 147 149 152 149 145 139 140 
177 176 178 181 190 178 173 171 163 156 164 173 184 190 183 157 170 176 184 179 181 172 163 171 177 189 183 184 184 188 188 186 184 178 180 177 161 155 156 157 172 174 173 179 182 189 189 182 181 187 191 179 177 181 176 180 177 171 179 176 172 172 173 171 172 166 158 159 159 161 163 162 160 149 151 146 133 112 64 109 144 145 146 143 143 139 134 136 138 139 148 148 147 144 147 142 142 146 143 144 
179 172 175 180 182 172 168 171 162 156 163 180 186 190 174 162 172 175 185 176 182 173 164 168 181 184 188 190 192 184 185 185 185 181 169 159 156 162 156 163 174 174 179 180 182 185 183 172 185 189 181 177 177 176 178 182 173 169 170 175 174 170 174 170 165 158 159 156 158 165 163 161 159 155 153 150 146 147 132 90 74 127 144 144 142 138 138 139 146 143 143 148 146 145 147 143 139 145 145 145 
180 179 183 184 181 176 176 166 160 160 170 180 186 189 162 163 178 178 180 174 176 173 164 174 188 189 191 189 189 184 186 187 183 166 158 159 175 173 171 168 177 178 177 177 189 185 177 186 186 179 179 178 172 176 176 176 172 176 173 177 170 166 168 168 162 160 165 162 168 169 166 165 162 159 155 155 151 149 151 145 122 72 99 137 138 138 140 140 139 143 145 147 142 149 147 143 144 146 146 147 
175 176 185 185 183 180 177 165 154 156 171 178 189 173 160 167 177 178 178 173 178 175 169 172 181 187 189 187 181 186 184 182 164 160 162 176 188 185 178 167 174 172 180 182 187 189 184 184 185 180 171 169 171 173 174 172 171 176 173 168 173 172 171 169 166 173 163 168 176 176 175 169 163 165 158 160 154 155 157 154 147 139 88 84 140 141 142 140 142 143 144 150 147 150 147 142 147 149 152 149 
175 175 185 186 182 186 179 167 155 155 172 176 186 160 163 171 178 179 184 176 174 174 171 170 181 185 190 184 184 188 178 161 156 159 172 186 187 194 177 165 175 176 182 177 183 184 184 188 187 179 168 172 167 171 168 165 171 171 167 170 175 173 168 168 173 173 173 169 171 169 165 162 159 164 158 164 158 159 159 158 156 154 149 99 72 132 140 144 138 141 151 147 152 156 156 152 149 153 146 150 
177 179 178 182 181 183 177 174 162 154 167 177 176 158 168 172 180 185 180 169 168 170 168 165 176 177 185 185 190 177 164 159 161 170 182 187 186 187 173 164 170 178 183 190 178 178 187 191 179 169 172 174 173 169 168 174 172 168 172 171 175 177 173 179 177 175 169 167 164 166 167 165 164 165 165 162 171 162 160 158 155 158 155 147 97 69 138 139 137 142 143 148 150 151 152 153 146 145 152 145 
181 177 170 177 180 183 175 176 167 157 164 171 162 162 169 172 171 178 176 173 174 168 171 160 177 180 183 185 180 166 172 166 172 176 185 184 189 187 170 162 173 179 184 183 186 186 193 188 174 171 177 174 164 172 175 169 169 173 177 173 180 176 178 182 174 176 165 167 170 179 180 174 169 163 164 163 168 168 163 160 162 163 165 158 149 97 63 131 142 142 143 135 147 150 150 148 142 150 144 146 
184 176 173 182 175 182 176 178 165 160 157 162 162 168 173 176 175 183 178 173 168 169 171 163 171 174 183 179 169 174 176 179 179 181 187 185 187 181 173 158 168 177 185 184 186 192 192 175 173 177 171 168 172 171 172 175 171 173 180 179 179 176 180 178 177 173 165 171 177 177 173 177 172 168 160 164 166 165 163 160 157 156 156 157 156 149 101 57 127 139 140 141 142 149 151 144 146 147 140 147 
180 173 177 186 180 179 176 177 167 164 154 159 160 172 177 173 167 176 177 172 166 163 166 171 165 174 181 173 169 175 172 175 181 181 181 187 183 179 178 159 174 181 182 183 190 192 178 173 177 170 166 173 173 176 179 175 177 188 183 184 182 186 187 171 175 165 165 169 174 172 176 179 169 165 166 166 166 163 157 155 150 148 151 151 155 154 152 95 55 128 136 136 136 149 148 149 144 141 144 140 
178 178 178 181 183 182 174 175 169 169 158 158 165 171 172 160 147 157 167 176 169 163 165 169 160 167 174 173 176 178 176 177 182 177 180 187 183 177 178 159 178 181 187 187 188 181 172 177 169 162 170 176 178 180 182 181 188 187 187 191 179 189 183 176 174 164 163 175 171 178 182 178 172 163 161 173 171 168 166 164 159 161 155 151 149 147 150 141 77 65 132 139 141 145 142 142 143 147 145 145 
181 178 178 183 179 180 172 173 169 165 161 160 168 169 164 147 142 143 140 157 166 165 161 164 161 159 169 169 172 173 180 181 176 171 177 181 184 174 176 164 174 179 188 191 176 173 172 167 167 173 183 173 182 184 186 189 190 189 185 183 180 182 179 173 170 158 167 169 170 179 182 187 173 157 169 180 183 179 179 173 173 178 177 172 166 158 149 148 138 59 85 141 144 145 144 143 145 139 145 145 
187 182 178 181 178 173 171 175 169 168 162 162 165 172 170 159 141 133 125 134 153 166 162 164 165 155 162 171 167 172 174 179 178 174 175 173 178 172 168 160 167 181 187 183 180 180 170 167 172 184 181 183 186 192 186 183 187 185 188 187 179 182 181 169 170 161 165 168 180 187 184 181 175 162 158 183 187 190 189 184 174 186 193 192 185 174 160 158 153 122 41 122 140 141 139 147 141 142 141 144 
185 182 176 179 182 176 178 179 167 170 163 165 165 169 170 162 143 117 125 135 144 160 161 166 169 154 161 167 168 171 175 179 178 174 177 176 176 171 159 158 172 180 177 178 175 175 176 176 178 175 183 187 191 187 184 186 194 190 190 182 183 183 181 168 164 160 164 178 182 181 189 192 191 183 177 166 183 195 190 188 178 184 183 182 182 177 167 171 169 148 65 86 139 143 146 138 141 140 141 140 
180 177 171 173 177 176 177 176 167 174 168 173 161 161 165 165 155 123 122 134 140 143 149 157 167 156 154 163 172 171 170 175 180 178 178 174 175 165 155 157 167 174 173 176 178 183 176 180 175 182 186 184 187 177 179 188 188 187 186 185 188 182 177 170 157 156 170 177 181 185 190 191 187 187 181 174 162 175 179 179 177 180 184 184 185 183 171 163 161 158 102 55 134 143 135 139 144 142 137 135 
175 176 173 169 168 173 176 173 170 177 169 174 164 172 173 173 166 139 118 130 143 146 148 143 139 128 136 150 163 164 166 170 175 174 175 169 171 166 150 152 165 171 180 179 183 178 182 182 180 190 191 183 180 177 184 187 186 177 184 185 180 172 170 166 154 165 178 179 190 191 196 192 194 192 183 173 168 175 178 178 177 179 177 177 179 179 174 163 158 149 137 81 88 122 134 140 140 137 134 130 
172 171 172 167 170 166 166 169 163 171 171 178 172 166 173 169 168 151 127 125 136 143 138 131 109 68 83 86 94 110 137 161 174 174 172 164 166 152 150 156 171 182 171 179 180 183 185 182 185 189 183 180 182 180 181 183 179 176 177 179 173 172 170 158 157 174 183 189 190 196 203 204 199 187 187 188 183 178 180 185 183 180 177 177 173 170 166 162 158 152 136 136 127 83 84 126 139 137 138 134 
171 174 171 171 171 173 174 176 171 170 176 179 182 164 168 170 171 157 139 126 121 100 96 91 86 81 81 76 58 50 59 77 106 135 142 148 146 145 142 164 175 175 170 183 183 190 188 185 185 179 181 188 185 175 176 177 177 174 173 178 174 177 160 153 168 182 179 191 196 195 203 204 191 191 197 196 188 186 183 179 180 175 173 171 172 169 166 164 162 159 145 133 138 154 115 67 130 130 133 133 
179 182 177 180 183 181 188 184 181 185 188 179 185 170 168 169 163 160 145 109 84 84 75 77 79 76 82 89 85 65 52 45 39 48 65 77 97 101 120 162 175 175 177 179 181 188 188 189 181 178 181 182 182 173 171 177 181 174 170 179 176 162 156 160 173 175 187 199 196 190 188 190 193 197 197 190 186 187 180 175 169 166 168 170 169 170 164 165 164 160 154 148 135 127 153 75 96 130 133 135 
177 182 183 182 183 184 192 187 180 190 185 180 179 168 165 168 171 161 115 82 81 78 73 74 70 68 70 72 66 66 55 58 67 78 76 72 93 118 154 160 172 175 185 180 182 186 187 187 180 181 182 177 174 165 175 178 173 169 175 181 169 161 155 169 173 184 198 194 179 182 191 194 190 193 186 185 182 182 179 175 170 164 165 169 166 166 164 160 165 165 166 163 158 148 125 91 40 86 115 135 
171 178 185 182 182 183 187 185 184 182 181 178 174 162 165 169 164 132 88 78 78 76 73 77 73 72 79 83 80 81 79 73 69 63 78 99 131 152 161 149 160 172 178 184 184 184 187 183 180 181 174 177 169 168 172 173 173 179 179 176 170 157 160 173 182 192 192 183 184 196 194 187 191 192 184 184 177 175 175 175 173 170 169 169 166 164 162 160 160 162 162 163 162 168 166 153 115 72 44 57 
174 169 180 181 177 172 174 182 180 178 177 179 170 165 164 163 145 90 75 75 79 75 77 81 78 81 82 82 73 67 63 58 73 104 128 138 147 153 154 155 148 167 173 181 178 182 188 181 179 176 173 169 164 163 170 171 179 180 181 176 162 154 169 177 193 197 180 185 190 190 187 191 189 183 181 173 179 179 178 177 178 178 173 170 167 166 165 161 166 163 162 165 164 165 167 169 162 164 153 119 
165 170 169 174 184 182 175 174 177 180 178 178 173 173 171 161 113 84 78 78 76 81 77 82 79 73 63 55 53 57 40 46 103 137 141 140 147 155 150 150 142 149 171 177 173 180 181 175 174 172 169 165 163 168 171 176 189 180 181 167 160 161 170 189 199 192 176 188 195 185 187 182 179 184 178 174 180 180 182 180 176 176 171 173 171 168 168 163 159 157 153 151 156 157 162 165 176 173 168 163 
166 163 164 167 172 177 183 182 174 174 173 172 168 165 162 130 93 84 81 79 84 82 75 73 70 68 64 65 62 28 24 22 36 87 131 136 142 149 150 156 152 144 158 175 173 180 184 173 167 165 163 163 164 170 177 186 190 183 174 157 156 161 168 187 192 185 184 191 187 184 181 176 184 182 172 176 177 181 184 180 178 178 177 174 175 170 167 162 156 150 144 147 145 151 164 149 167 172 174 172 
170 168 160 162 162 168 165 175 177 186 185 173 169 161 146 104 87 88 89 83 77 77 73 66 70 83 94 86 95 69 27 20 20 24 52 109 136 140 144 144 140 135 133 161 171 178 175 168 163 162 161 165 174 171 181 183 185 183 168 156 160 169 171 185 186 178 186 188 181 178 179 179 184 171 179 174 180 176 176 178 180 177 175 173 171 168 160 136 110 88 74 65 66 68 109 157 146 157 166 176 
169 170 162 163 164 168 167 168 169 171 183 180 179 175 138 96 96 93 85 78 77 70 69 83 119 109 95 96 96 96 65 17 17 17 16 22 53 91 105 107 91 77 73 112 152 163 163 167 166 161 163 166 172 168 173 178 178 168 164 160 161 170 179 184 181 179 180 184 177 177 173 184 184 181 179 176 177 176 170 173 181 176 176 176 160 124 85 69 78 85 82 78 67 56 64 100 93 99 115 102 
169 169 165 169 165 169 172 168 169 168 173 173 172 167 116 99 93 98 83 68 65 74 88 99 100 90 85 80 70 61 64 42 19 15 14 14 15 17 23 26 27 27 28 31 66 98 121 148 164 161 159 163 170 166 167 171 173 159 166 156 165 172 174 175 170 178 174 176 177 172 177 184 184 181 180 176 178 177 178 180 181 180 157 121 86 74 76 87 96 105 107 102 79 73 78 81 74 74 102 119 
163 157 154 159 156 159 159 159 154 150 147 141 135 129 106 102 97 77 60 72 68 83 106 89 79 71 69 62 55 52 52 55 51 47 43 44 43 42 48 51 51 51 45 43 35 40 52 62 94 129 146 152 161 161 160 166 168 159 158 158 162 180 176 177 171 175 177 172 167 169 177 179 180 178 181 179 179 179 182 179 154 116 84 85 91 97 103 106 99 99 92 95 93 92 100 105 100 95 93 114 
155 158 153 146 148 144 143 148 140 143 145 139 135 123 105 99 88 62 54 50 67 80 89 72 62 64 55 52 54 56 53 50 51 54 64 53 27 22 40 51 55 60 60 57 62 60 53 46 43 52 65 81 92 110 121 139 154 155 152 154 159 172 179 181 166 174 173 169 167 170 175 182 182 183 178 182 171 156 127 104 88 98 105 104 108 118 118 118 113 118 120 112 107 103 109 114 117 98 95 81 
146 150 151 156 158 158 156 153 150 152 151 146 139 114 100 83 63 55 68 86 87 79 72 64 55 50 49 49 49 58 54 56 75 97 83 55 31 29 65 46 40 53 67 70 70 67 67 60 61 60 57 55 51 49 51 60 84 117 134 126 142 137 159 159 154 169 160 163 169 169 174 179 181 180 165 134 94 81 85 91 93 107 112 114 115 118 115 119 127 130 131 126 122 103 93 99 101 103 100 100 
150 154 151 152 154 160 156 157 154 158 155 154 145 124 92 84 79 87 90 94 86 70 63 60 58 58 59 63 59 55 50 76 89 104 65 56 31 16 23 32 43 32 37 53 61 69 72 62 75 69 59 59 61 61 54 45 51 62 78 66 67 59 61 63 58 81 111 138 162 164 160 149 127 104 89 84 84 85 92 96 101 108 111 112 113 109 109 111 125 132 134 128 124 113 101 107 108 109 94 104 
162 156 158 153 151 156 153 160 157 154 161 157 145 96 64 71 80 90 90 81 76 64 63 69 73 68 65 65 71 68 62 89 91 89 68 59 15 22 29 24 25 21 29 42 56 57 66 70 76 68 73 89 86 57 42 45 52 46 56 48 45 44 38 33 21 20 30 59 97 104 94 85 85 90 93 96 98 98 102 106 112 116 116 117 115 111 108 108 112 126 132 134 129 118 111 108 104 105 93 94 
162 158 156 158 160 161 161 165 163 155 160 159 104 65 64 67 78 77 77 78 66 70 77 78 78 81 74 80 78 76 84 84 57 50 69 64 19 37 43 25 18 15 37 43 63 63 67 70 65 62 62 55 43 34 31 26 26 31 32 33 34 40 30 31 27 26 29 44 46 67 84 96 100 107 107 109 109 108 113 116 118 118 117 117 109 108 105 104 108 115 131 135 129 115 112 115 106 97 82 94 
160 162 165 159 161 166 168 164 168 168 165 136 74 65 71 72 63 65 70 73 71 79 87 89 96 98 91 88 95 89 81 38 20 16 21 39 50 51 33 17 14 22 40 55 57 53 46 41 34 32 29 27 30 25 31 32 38 41 38 40 48 41 54 48 42 28 20 26 37 59 98 100 101 105 107 108 106 107 110 116 120 118 112 113 109 103 107 108 118 124 133 131 124 108 120 119 97 79 74 85 
159 164 163 167 161 163 162 168 170 169 158 83 63 64 67 63 67 73 69 70 79 87 99 101 101 103 100 103 94 82 78 40 31 30 24 21 17 27 32 36 36 45 49 55 56 65 57 53 43 36 36 37 49 43 41 45 46 47 42 51 60 62 61 46 44 51 35 26 36 37 78 97 99 100 96 97 99 100 103 109 114 115 114 109 105 99 103 113 127 129 134 134 124 124 128 116 89 72 72 70 
169 163 162 168 166 169 164 170 171 167 123 64 61 64 67 64 70 75 77 78 90 97 99 100 103 103 101 99 94 77 83 78 73 71 68 57 53 49 51 52 51 52 60 70 73 74 67 54 45 42 46 54 55 39 30 36 51 44 47 50 45 70 71 57 53 55 64 45 28 25 64 88 92 90 83 83 88 90 97 102 107 111 110 107 103 96 102 113 127 135 131 125 112 106 103 97 77 65 73 90 
165 164 168 167 172 171 166 166 166 152 75 59 63 62 63 67 82 83 79 79 96 99 96 98 97 98 94 87 93 86 79 81 84 83 76 70 67 63 60 53 50 58 63 68 69 70 61 52 55 55 61 66 55 45 53 60 66 73 51 43 30 35 49 63 79 72 70 64 37 23 62 81 83 81 77 76 78 82 90 98 104 111 107 108 102 97 99 111 127 132 116 105 101 99 90 80 68 75 94 103 
160 163 167 171 172 172 170 167 166 117 64 60 64 68 65 68 72 81 84 84 90 88 86 91 92 88 78 78 79 79 82 84 79 75 73 64 62 66 62 57 60 66 65 69 68 69 65 56 62 62 63 58 65 69 70 76 89 61 35 28 74 46 29 27 61 91 91 89 72 25 40 72 75 76 74 75 73 80 89 96 106 104 105 109 109 107 106 112 123 110 95 91 87 89 90 94 98 102 109 110 
165 164 166 171 168 167 168 170 148 75 61 59 67 61 63 71 74 75 82 89 93 94 82 87 94 92 92 91 85 83 84 89 87 87 82 76 75 79 79 73 64 71 71 71 72 70 69 65 68 77 66 73 79 70 75 93 101 68 46 45 56 24 20 31 37 70 85 101 134 72 19 45 72 69 70 69 70 76 87 93 102 106 111 111 114 117 113 101 107 106 114 112 111 114 112 113 119 117 110 108 
164 166 169 170 170 172 168 165 122 64 60 65 73 66 65 69 77 88 84 82 89 92 92 93 99 100 100 97 98 95 94 87 85 89 85 80 82 82 79 72 69 74 75 74 83 73 70 68 79 80 81 103 97 91 95 122 135 82 43 50 53 40 32 22 28 57 82 110 155 129 32 26 64 66 69 68 70 75 82 93 98 103 109 110 111 100 91 101 117 121 121 127 129 124 122 125 125 120 117 114 
160 163 167 172 166 170 169 163 95 65 61 67 66 71 70 72 85 100 88 96 104 121 135 127 125 122 119 116 111 95 83 84 80 76 73 69 74 75 75 71 78 79 83 91 98 101 114 127 129 120 128 135 120 114 121 146 142 90 43 51 60 48 36 23 20 57 87 109 152 138 31 24 66 72 76 78 77 78 81 88 93 98 90 87 80 87 96 101 108 112 127 122 129 137 135 133 131 128 123 119 
163 165 164 166 169 164 164 162 93 63 66 66 71 73 78 81 96 102 100 111 126 136 143 144 142 137 133 126 111 101 90 79 79 73 76 72 70 70 73 80 76 71 89 96 104 111 115 116 108 97 94 109 91 96 90 93 86 59 48 54 63 38 18 22 26 72 107 78 149 135 43 23 54 69 76 78 75 81 91 121 120 80 70 73 76 90 92 100 104 118 121 129 135 146 149 137 137 128 127 130 
154 159 164 163 158 161 154 151 81 62 65 68 70 76 91 99 102 97 96 97 101 112 109 107 107 94 82 85 85 84 81 82 81 79 77 70 68 68 67 65 64 65 64 61 62 65 69 73 67 60 62 71 67 66 58 57 73 49 36 42 50 34 33 45 30 55 80 85 139 140 55 33 66 86 94 99 99 103 117 163 121 88 81 71 68 86 94 110 102 114 118 134 134 130 141 138 137 142 135 131 
154 155 160 159 161 160 153 153 90 62 62 72 76 86 94 96 101 106 100 102 101 105 101 101 96 81 83 83 90 92 91 94 86 80 75 67 65 69 74 67 65 61 57 51 50 49 53 61 63 61 46 42 47 44 40 42 47 50 35 29 34 28 46 36 48 63 67 87 137 144 68 52 84 77 105 118 121 116 128 183 130 104 87 73 78 91 97 99 103 116 115 121 137 137 135 136 136 142 138 129 
156 157 160 156 156 154 157 147 75 63 70 77 82 93 94 92 98 101 101 104 110 108 103 101 99 96 94 97 94 92 89 94 85 82 77 74 71 62 64 62 58 64 62 55 60 58 62 66 68 63 50 36 26 25 30 36 32 37 41 50 34 31 40 52 66 72 65 84 141 145 74 82 106 90 86 118 128 117 120 176 139 99 87 80 78 84 84 94 109 118 119 123 134 134 140 137 136 139 140 133 
148 153 149 147 151 155 158 147 77 68 72 77 84 89 97 100 105 103 106 107 108 111 106 110 109 107 96 90 88 96 90 86 83 81 76 69 68 64 64 62 50 62 63 65 56 57 64 68 74 65 60 49 33 26 25 27 29 34 42 43 47 45 49 55 64 59 48 59 125 139 81 110 139 122 113 94 100 115 136 141 149 112 91 86 84 86 103 111 122 124 121 120 133 136 145 143 137 139 137 137 
149 150 148 149 155 167 161 148 82 69 72 80 89 91 92 100 104 104 101 107 104 105 105 112 113 106 105 95 94 98 91 75 62 64 66 59 65 59 57 59 58 55 57 66 60 56 61 62 70 73 71 66 48 39 38 34 28 26 31 28 29 36 43 49 45 44 43 46 92 100 117 140 152 142 133 109 83 103 133 140 121 109 103 92 88 95 108 116 119 127 128 129 132 136 143 147 142 133 136 136 
164 160 164 163 163 171 171 160 84 69 71 75 88 102 95 105 109 106 109 108 107 107 111 111 114 112 108 102 106 99 76 59 37 37 43 46 54 49 56 57 60 59 50 57 70 60 59 64 61 67 61 61 65 60 57 46 34 32 32 27 27 32 37 40 37 34 38 45 71 97 142 159 160 157 151 137 113 97 128 139 134 109 88 85 86 106 119 125 122 127 126 133 140 138 146 145 142 131 133 137 
178 170 174 174 172 178 172 170 106 73 77 81 88 101 97 99 107 106 104 110 105 102 111 111 112 112 113 104 110 103 76 58 40 24 21 26 29 44 51 49 51 56 55 71 77 76 74 72 66 67 58 49 49 55 57 46 46 40 31 25 25 24 26 30 29 31 39 41 77 114 161 169 169 165 165 156 140 121 127 134 127 109 88 74 91 121 131 133 124 120 120 142 140 134 146 143 145 136 125 134 
181 180 179 176 173 180 176 175 131 78 80 84 85 90 101 96 97 103 109 107 98 96 102 104 107 112 111 116 119 109 93 89 55 37 33 40 51 39 57 80 64 53 57 67 84 91 86 80 65 59 47 46 43 43 48 52 42 36 29 27 25 27 29 34 37 39 40 40 93 145 176 177 173 173 170 167 160 147 132 137 130 109 89 93 104 129 136 133 128 122 127 141 142 137 141 144 152 137 126 125 
185 181 183 182 179 172 173 179 161 90 79 81 86 90 97 90 95 99 107 103 95 106 106 106 107 111 116 117 123 106 103 97 79 71 63 68 32 34 23 18 29 43 46 70 81 91 97 95 81 75 63 49 44 40 38 47 39 43 39 37 35 31 38 38 43 42 40 75 130 175 184 183 175 176 172 172 166 160 150 139 134 113 106 113 119 122 127 128 127 123 127 135 133 136 136 146 157 142 130 124 
185 184 186 182 183 174 175 180 181 134 80 81 83 89 96 102 106 104 106 105 99 99 108 108 107 108 110 118 124 113 101 103 103 98 77 65 24 76 44 28 18 25 44 61 82 88 94 102 106 110 95 78 69 57 46 42 42 49 50 42 46 46 51 50 54 47 85 139 174 186 188 183 174 177 177 179 171 165 156 143 118 116 122 124 123 126 123 123 130 133 135 131 138 140 135 141 155 147 138 127 
185 188 190 182 184 180 183 180 183 169 104 85 80 86 91 101 109 107 102 105 100 97 97 101 106 107 109 107 101 104 98 107 113 100 86 64 19 31 35 18 18 36 47 71 88 96 97 106 114 116 115 103 87 72 61 64 61 72 75 69 66 62 62 47 73 127 162 179 191 195 195 190 178 170 175 177 170 163 151 127 122 126 131 134 138 131 125 136 140 134 128 126 134 138 142 137 147 147 139 129 
185 188 188 183 187 183 189 186 182 179 149 91 84 81 82 91 103 108 107 101 104 98 93 89 92 97 96 104 98 94 86 98 115 113 89 57 22 22 30 33 45 50 64 85 95 109 103 106 109 110 111 109 102 83 85 82 77 72 78 61 74 84 111 138 153 172 175 188 196 198 196 195 187 164 167 170 167 159 135 125 128 134 139 142 140 138 145 146 132 135 125 128 137 132 143 143 152 151 148 124 
184 186 188 184 184 186 186 182 178 177 180 115 85 76 81 94 101 100 105 111 107 99 96 86 95 94 92 97 100 101 91 92 98 111 100 53 30 48 60 58 57 80 97 100 103 105 103 114 105 103 100 102 100 86 82 76 74 62 81 114 156 166 169 172 177 174 182 188 191 196 192 194 194 177 160 157 155 143 129 132 134 133 138 138 139 139 137 132 131 125 121 133 134 134 148 143 150 154 150 134 
185 190 186 183 181 176 183 183 176 180 189 144 90 86 84 83 69 74 94 111 118 117 108 101 88 91 96 90 90 90 96 92 86 89 91 68 32 43 61 82 93 103 101 109 109 114 102 101 103 92 103 107 109 87 83 84 90 122 148 159 174 170 168 175 179 183 185 189 191 194 191 188 192 191 176 166 146 128 131 132 134 134 134 130 131 130 130 133 134 126 124 133 141 135 145 143 148 140 147 136 
187 191 188 184 185 180 181 179 180 190 185 176 122 93 89 74 57 50 55 105 115 120 113 111 96 85 83 89 94 94 90 86 86 80 82 62 42 45 79 86 99 102 105 105 98 103 101 91 94 106 108 95 81 86 77 67 93 127 151 162 162 172 172 174 182 185 186 189 190 190 190 188 189 190 188 180 152 135 137 131 133 137 136 140 136 135 140 148 149 134 132 135 137 130 132 134 139 145 140 127 
182 186 186 184 178 177 181 181 186 190 190 187 147 105 103 79 69 63 49 62 94 97 94 95 103 94 90 85 87 95 94 90 79 73 69 66 66 67 81 97 90 100 92 95 92 90 83 85 84 81 83 100 102 84 74 80 80 95 115 140 163 168 178 180 181 188 186 186 187 188 189 185 188 187 183 174 147 138 137 133 136 140 137 137 137 146 144 145 145 131 134 133 127 134 135 131 132 139 137 127 
186 187 189 185 178 179 188 185 186 189 187 180 159 114 112 91 74 62 52 51 73 61 61 75 78 93 97 94 87 83 90 82 77 68 65 64 63 62 67 82 92 102 103 105 98 84 77 76 76 85 100 93 89 93 95 103 93 96 102 112 130 153 169 181 186 187 186 186 183 183 187 186 187 184 177 152 141 138 133 133 132 134 139 138 141 144 143 131 133 130 135 135 123 128 139 130 118 134 137 127 
190 187 186 180 179 182 188 179 191 185 183 181 161 115 111 89 70 68 54 65 66 69 91 82 76 75 87 93 85 78 72 70 71 67 66 73 73 75 71 71 73 73 76 80 81 78 80 86 91 89 86 94 105 119 122 117 107 105 108 112 127 131 139 168 180 183 182 182 180 182 186 188 187 188 171 140 141 137 136 136 136 135 133 141 149 148 142 137 131 129 136 135 122 126 134 134 127 132 135 119 
183 181 183 182 184 177 180 181 188 185 184 186 169 121 100 91 69 59 61 61 50 58 103 117 102 92 78 75 80 70 65 66 69 66 67 68 69 73 73 71 70 65 71 74 83 87 89 85 88 92 100 118 126 128 121 122 118 114 118 123 125 124 125 127 148 171 176 177 176 180 183 187 186 183 163 145 140 139 137 139 134 133 133 138 147 138 130 132 126 127 133 131 134 134 133 134 131 128 128 111 
187 186 184 184 179 174 180 177 182 186 189 183 173 125 96 89 77 66 61 56 57 58 62 77 81 90 87 76 77 91 75 78 86 92 100 101 96 90 90 86 86 82 86 82 82 85 88 95 105 111 128 138 130 128 125 119 119 121 123 121 122 123 121 116 123 145 160 171 175 178 181 182 184 188 159 142 139 135 139 135 130 136 138 136 137 135 129 133 120 121 125 134 139 130 131 128 133 127 119 108 
184 186 179 182 182 179 186 176 181 181 184 184 176 149 98 84 80 69 67 71 63 59 57 56 56 58 65 74 70 81 89 106 106 107 107 107 107 107 105 101 103 93 88 83 91 101 100 108 120 135 146 133 127 127 122 123 131 130 122 118 122 123 121 117 113 116 124 152 173 177 180 181 183 179 147 138 135 134 140 136 138 135 133 129 135 135 130 129 123 121 126 131 131 131 138 132 126 127 122 109 
174 177 182 183 180 184 182 181 177 181 177 185 186 167 105 77 76 77 75 72 72 78 79 69 66 60 54 53 48 55 64 84 108 116 121 122 122 123 117 115 110 106 100 96 101 108 114 128 134 146 139 129 139 138 138 129 127 123 122 121 118 116 118 112 108 111 120 141 170 177 180 180 180 163 141 135 137 138 141 134 133 138 133 129 136 133 123 120 123 124 128 128 133 133 139 137 128 128 123 108 
176 181 184 183 183 186 181 183 183 185 185 190 186 182 120 80 69 71 78 75 75 76 82 84 84 89 83 75 66 64 57 50 55 79 108 121 122 127 124 114 113 104 106 105 113 119 128 134 141 138 131 141 138 125 122 119 118 123 118 118 117 114 114 111 102 104 119 144 170 176 182 185 184 170 139 134 135 136 135 130 130 130 130 131 128 122 123 125 131 131 132 125 131 137 142 136 131 131 126 108 
182 180 182 181 186 185 189 185 189 186 185 185 184 183 160 91 70 67 71 74 72 75 82 87 84 90 88 88 84 80 77 75 67 56 56 87 119 126 122 118 113 108 104 112 122 132 140 143 140 134 130 126 117 113 111 117 122 121 120 119 115 109 107 108 109 115 133 147 149 160 179 191 187 167 136 129 133 138 138 136 137 135 139 137 127 124 128 132 133 138 140 136 133 133 144 139 136 133 123 105 
185 185 183 185 180 191 191 188 184 184 187 186 183 182 183 129 73 76 76 77 71 82 86 85 88 90 93 90 92 88 81 77 72 74 65 52 83 113 117 114 109 110 112 120 125 127 131 131 128 127 122 117 112 110 116 120 122 122 117 118 114 109 105 109 117 129 139 132 129 136 172 184 183 152 128 127 132 137 137 139 145 144 139 137 134 129 135 136 139 141 141 147 143 136 143 139 138 136 119 106 
188 185 185 181 182 188 183 186 178 186 186 185 186 183 183 173 103 86 84 84 77 79 86 89 91 88 82 84 80 83 82 82 82 84 79 69 74 107 111 109 111 117 118 122 122 119 124 126 121 117 111 108 109 110 112 117 119 117 114 113 110 105 105 120 131 128 124 123 124 129 155 169 159 121 112 115 123 119 116 117 130 135 131 123 125 115 114 118 132 123 139 150 148 140 144 146 133 133 113 104 
179 182 185 185 185 176 186 188 180 186 184 187 188 188 184 186 153 100 93 92 85 88 86 89 86 84 75 75 75 70 74 84 82 81 86 92 108 113 117 117 118 119 120 116 115 117 113 112 107 108 103 103 103 105 107 114 113 110 114 109 104 105 112 119 117 122 118 121 113 98 95 92 82 86 91 96 106 106 103 105 119 122 113 97 90 85 79 79 77 77 103 133 147 145 139 139 141 129 116 94 
184 183 186 190 183 180 184 184 189 184 184 191 190 181 183 183 184 140 99 97 97 94 89 90 86 85 84 82 83 87 117 151 123 81 79 84 90 95 102 108 117 116 118 116 113 112 107 110 100 97 93 93 98 95 102 108 111 111 112 110 105 104 111 117 121 120 102 68 56 63 75 80 84 90 91 95 101 100 94 101 114 125 131 133 122 115 113 113 110 85 68 83 115 127 135 142 140 127 119 96 
185 189 188 192 187 188 186 182 183 179 188 187 184 183 185 183 185 176 120 93 93 91 91 87 88 89 95 115 140 155 177 181 179 114 79 74 79 83 93 98 103 108 105 103 104 103 98 95 94 93 95 97 94 98 99 104 108 112 109 107 107 110 116 127 123 93 54 52 56 69 79 86 93 95 92 99 98 97 93 96 105 111 116 128 127 123 119 122 131 123 109 120 130 123 111 135 134 126 117 103 
190 185 185 189 181 182 187 180 175 181 186 183 179 189 185 189 180 183 179 126 97 94 101 116 132 145 161 175 183 179 181 187 183 167 102 82 78 76 80 88 95 102 104 101 103 101 99 100 97 99 100 100 103 105 101 104 111 110 112 111 112 117 123 125 90 59 56 59 63 72 78 85 92 100 102 102 95 94 91 91 93 95 98 112 127 131 123 113 108 113 122 139 148 121 120 130 125 125 112 112 
197 183 186 190 178 181 182 184 182 185 193 189 188 185 179 189 179 185 185 176 167 162 167 181 185 179 186 185 187 183 181 184 178 178 163 94 80 77 78 80 88 94 92 96 99 99 101 102 101 101 99 105 105 110 105 108 106 106 111 108 117 120 119 109 63 60 59 69 73 76 83 89 96 98 103 104 100 97 91 90 88 91 102 123 130 131 130 127 121 118 122 125 134 144 131 113 112 123 100 117 
193 189 186 186 182 177 182 192 189 189 196 187 193 185 189 191 181 189 184 181 183 178 185 190 183 179 185 187 188 188 181 177 175 180 174 164 98 78 75 78 82 82 82 88 90 92 93 95 97 96 94 93 96 94 93 96 101 98 104 109 112 117 118 93 62 66 65 74 78 79 85 93 101 103 105 102 97 97 92 88 90 94 105 118 125 130 130 127 123 119 129 139 152 160 160 147 116 97 92 124 
191 188 181 183 185 184 194 194 185 188 184 178 189 190 195 187 183 184 181 181 184 180 191 184 183 185 183 190 190 184 182 184 181 180 182 183 163 105 77 76 77 77 80 83 79 80 83 84 86 89 89 90 88 84 87 87 86 88 98 99 107 115 114 86 66 70 70 78 82 81 86 93 101 102 104 104 98 91 88 85 85 94 105 113 122 125 129 122 123 121 132 146 164 182 178 166 157 111 88 126 
191 184 179 183 185 191 194 188 184 193 182 180 185 181 192 191 184 186 187 187 178 187 188 184 186 185 178 188 184 180 186 190 175 178 183 183 179 168 120 77 75 77 75 74 76 77 76 76 79 82 84 84 88 92 91 93 86 81 88 100 111 115 112 90 71 75 74 79 88 86 88 97 101 103 104 99 91 88 84 87 94 99 112 119 121 127 129 127 127 122 132 146 158 149 158 163 156 122 102 114 
198 187 186 185 185 192 186 188 186 187 178 185 187 182 191 192 187 188 181 188 185 189 184 185 183 181 180 183 180 185 182 183 178 185 176 181 179 175 170 122 83 78 81 80 77 77 72 72 73 74 80 84 89 95 96 94 92 88 85 100 111 113 109 84 73 77 81 84 89 92 95 99 107 105 100 95 87 86 93 96 108 109 121 129 126 132 133 130 123 128 139 147 167 176 157 126 108 106 125 137 
191 186 191 190 189 188 183 180 188 186 180 189 184 184 187 192 189 184 183 188 190 188 187 182 181 183 186 184 187 182 183 182 178 184 182 182 178 174 174 173 144 98 81 84 86 88 84 81 79 80 73 76 84 85 88 93 97 95 84 93 104 104 98 84 79 81 85 88 91 100 99 101 106 104 101 96 91 91 101 110 115 120 127 128 129 124 125 123 126 133 139 154 176 181 173 164 118 96 125 134 
188 190 189 186 178 188 185 185 189 185 182 179 186 187 190 193 191 181 185 187 193 186 187 183 184 189 184 186 186 186 188 181 186 182 181 181 178 178 175 172 175 165 138 110 92 89 92 93 86 83 81 81 80 82 87 88 93 93 91 88 98 98 89 90 88 83 87 91 97 100 106 108 108 106 105 106 104 109 115 121 125 128 127 125 121 123 125 125 130 144 162 168 174 173 169 166 136 96 111 130 
193 197 186 182 178 182 189 187 188 183 185 183 190 182 187 187 183 180 180 187 191 189 184 188 184 185 184 184 187 193 188 187 183 172 184 184 183 181 179 173 174 177 177 173 157 123 97 87 88 91 90 88 88 82 85 87 88 90 90 92 91 94 89 92 93 95 93 101 103 110 111 111 108 112 114 115 112 115 114 115 114 110 113 121 120 115 119 110 119 145 151 159 161 153 148 139 114 108 115 123 
192 195 183 183 185 181 199 190 187 185 187 188 180 177 184 181 178 179 175 189 193 182 182 187 179 177 181 184 191 187 187 187 175 179 193 185 182 184 180 179 180 183 182 172 174 176 168 139 105 84 83 85 88 90 89 86 87 85 82 80 86 91 94 93 97 100 101 102 107 104 108 112 110 110 105 103 97 103 100 99 91 89 90 94 94 97 99 96 114 146 155 131 127 122 130 139 142 136 132 116 
190 190 188 188 185 193 193 183 187 184 185 184 177 181 182 185 185 184 181 185 182 173 177 177 174 177 183 184 181 181 181 180 177 182 186 185 183 185 187 187 183 184 176 173 178 175 180 184 178 159 138 101 87 74 73 73 73 79 88 86 96 96 93 91 98 104 99 102 103 95 93 101 100 91 93 96 107 128 129 121 118 113 101 87 83 79 79 98 129 142 118 110 103 143 146 153 149 143 127 114 
187 187 186 188 185 192 184 188 182 178 182 181 177 184 184 186 185 182 187 185 181 181 172 175 172 180 183 178 178 177 180 175 180 184 181 180 187 186 184 184 176 183 177 180 178 176 177 184 180 178 177 165 142 104 97 83 81 90 106 101 108 109 107 100 101 105 103 99 103 97 80 87 107 110 100 98 135 145 148 148 147 155 149 146 133 122 116 104 117 120 124 125 137 141 149 164 152 139 126 120 
189 186 194 188 185 187 178 180 176 177 189 182 180 182 186 188 185 185 188 187 185 185 181 181 179 185 177 180 186 182 179 183 185 187 182 182 186 185 183 182 176 182 181 183 177 183 176 181 177 178 177 163 139 112 109 89 103 94 100 107 108 113 118 116 115 108 104 97 98 96 81 78 93 105 91 113 138 148 147 146 149 149 136 138 129 137 129 106 126 134 134 136 143 147 146 154 137 124 126 121 
190 185 194 188 185 187 181 180 181 185 186 190 183 188 183 188 184 185 186 189 182 183 187 190 191 183 181 182 184 185 180 184 185 183 179 181 186 186 181 177 177 180 179 183 179 183 176 178 174 181 172 161 130 123 116 92 99 111 111 120 117 110 121 124 123 120 106 95 97 95 89 79 74 70 91 120 135 145 143 145 147 152 136 140 136 131 123 109 130 138 137 136 140 139 136 131 123 124 114 93 
189 182 185 186 189 179 178 184 180 187 182 183 183 188 180 180 187 187 183 187 183 186 184 184 183 185 180 185 188 193 184 186 180 181 176 180 185 184 179 175 185 180 175 183 182 183 173 174 174 176 167 152 115 112 102 119 123 135 139 145 130 124 111 116 125 120 112 114 115 110 103 96 83 74 103 121 133 140 143 144 139 142 137 132 133 134 120 102 122 133 137 133 130 120 111 112 101 90 79 78 
183 180 181 187 189 186 186 183 183 186 187 185 188 182 182 186 183 184 186 183 189 195 190 182 181 185 183 184 189 192 189 182 182 181 177 183 185 180 182 179 182 182 184 184 181 180 173 180 176 173 174 152 115 126 117 128 132 135 139 137 132 124 119 110 117 115 118 125 122 118 116 110 104 101 110 124 126 132 140 142 134 133 131 123 120 122 110 105 127 134 132 127 115 98 94 89 81 84 98 106 
183 181 184 183 191 187 186 184 189 182 185 183 182 183 187 184 178 180 181 185 191 194 183 184 184 184 185 186 185 190 188 183 186 186 183 186 188 182 182 181 179 182 187 182 175 175 178 181 178 176 174 140 125 129 113 116 137 142 142 132 135 124 134 143 113 111 116 122 123 117 119 111 119 107 113 129 131 129 129 135 137 136 139 136 126 116 121 112 128 133 124 103 89 85 100 111 112 109 99 89 
187 184 182 184 193 183 182 182 190 177 180 181 183 184 185 180 178 182 180 185 187 193 191 183 193 185 182 185 185 188 187 185 184 184 186 190 181 177 182 182 176 184 180 178 178 176 176 177 178 177 169 126 130 123 118 114 132 139 137 136 131 135 151 151 140 102 110 114 117 113 118 116 118 119 116 132 131 134 135 134 132 128 130 125 125 129 123 103 125 113 94 95 104 118 120 105 82 62 66 111 
182 191 187 190 188 184 184 180 186 181 183 186 183 181 185 180 184 187 180 182 189 192 189 182 187 189 186 183 185 186 184 186 189 180 189 187 179 181 186 183 177 179 182 180 179 182 179 171 178 171 155 123 135 126 119 127 134 136 130 136 145 150 159 153 127 99 99 106 114 112 115 116 116 117 114 132 126 133 142 141 144 141 136 135 137 139 117 96 98 88 106 117 114 104 82 55 65 96 114 121 
189 189 188 188 182 182 188 178 179 182 184 181 188 178 184 184 186 183 182 182 191 188 185 182 183 192 189 180 180 180 183 187 182 184 187 188 183 183 181 182 182 185 185 177 176 185 177 176 172 163 131 124 127 119 115 123 130 132 143 151 153 157 161 156 99 100 98 103 107 109 113 115 116 116 110 123 123 131 134 132 131 128 127 133 135 130 104 73 102 108 100 82 67 58 47 72 77 75 116 109 
187 189 183 187 184 182 185 180 181 181 178 184 189 182 180 185 185 178 185 187 184 185 186 185 183 189 189 184 183 179 178 180 183 182 179 185 182 187 185 182 184 184 183 178 172 178 179 179 175 158 120 129 123 118 113 126 139 153 156 160 159 160 164 133 96 102 105 107 109 115 115 115 114 118 113 120 125 123 134 145 149 145 137 133 126 122 75 79 85 81 67 64 65 50 54 94 83 91 121 94 
183 184 184 183 186 185 180 185 184 186 177 188 186 181 179 184 182 185 187 184 183 183 180 189 189 189 188 183 176 180 180 185 186 180 180 184 184 188 180 185 184 186 183 179 175 176 179 172 169 142 115 125 125 119 133 150 158 161 162 161 164 166 168 162 107 108 110 110 119 122 123 132 126 114 110 122 127 128 128 127 130 134 131 131 135 106 46 43 60 72 75 66 54 67 66 110 100 83 119 77 
180 186 188 184 185 187 182 182 185 179 181 185 185 177 184 179 178 182 186 184 180 180 184 193 188 182 185 176 175 184 189 186 185 187 187 183 187 185 187 186 187 183 183 182 170 171 175 173 156 115 120 127 132 147 155 156 164 168 167 168 170 168 168 162 128 110 114 117 123 120 122 131 132 134 132 121 128 132 132 130 134 135 130 128 128 67 35 48 77 83 74 58 70 83 62 94 98 93 122 72 
