179 172 165 110 111 157 210 218 171 103 146 149 160 143 148 180 163 124 125 124 125 124 123 124 124 125 126 123 126 125 125 125 124 125 124 122 119 120 120 122 122 122 123 125 125 125 121 117 121 125 125 128 123 122 122 122 122 124 123 123 122 122 121 119 118 117 117 118 115 117 119 121 121 120 119 121 121 120 118 117 112 110 110 115 116 114 116 118 118 117 117 117 115 114 112 111 112 113 112 110 
180 182 177 117 103 158 203 214 138 121 165 161 173 162 176 182 168 127 124 123 125 124 125 125 124 126 126 124 126 126 126 125 124 124 123 119 119 120 122 123 122 121 122 123 123 123 121 117 122 124 125 125 122 122 122 123 122 124 124 124 122 121 121 120 119 118 119 118 120 121 123 122 122 119 120 122 120 121 120 122 121 116 114 115 118 118 114 117 117 118 118 118 116 115 114 113 109 112 114 113 
160 186 187 156 121 177 204 201 212 154 163 177 163 138 178 184 175 129 126 125 124 124 124 125 125 126 126 125 125 126 126 125 123 123 121 119 120 121 122 123 122 122 123 123 123 122 114 117 122 124 125 124 122 122 123 124 124 124 124 123 122 121 121 118 119 119 120 122 123 122 120 122 120 120 122 123 120 121 122 121 122 121 119 118 117 119 115 115 117 117 117 117 115 116 114 113 111 113 114 115 
128 180 182 185 178 182 180 174 187 126 159 182 164 155 191 178 155 128 127 126 126 124 124 125 126 125 126 126 124 124 125 124 123 123 122 121 120 121 122 120 120 123 122 123 122 117 110 116 124 125 125 124 122 121 122 123 124 124 124 123 120 118 118 119 121 120 121 123 123 122 120 119 120 121 123 124 121 121 123 123 122 122 120 120 120 119 118 116 116 118 119 117 115 116 115 114 112 112 114 114 
113 175 161 146 186 185 186 181 158 139 169 182 180 186 186 153 136 129 126 126 126 125 125 125 125 125 126 125 123 123 123 122 124 124 124 120 121 123 123 118 121 121 121 120 118 118 115 111 123 124 125 124 122 121 121 123 124 124 124 122 120 121 120 121 122 123 123 123 123 120 119 121 121 123 125 124 123 124 124 124 123 122 120 120 119 119 120 118 119 119 118 118 116 116 114 115 112 113 114 114 
169 180 196 155 174 194 188 162 119 161 182 186 193 194 177 159 176 135 126 126 125 126 126 126 125 124 125 125 123 124 123 123 124 124 123 120 121 123 122 117 121 120 121 123 122 115 116 111 121 124 124 122 121 121 122 122 124 124 124 121 122 123 123 122 123 125 123 121 119 118 120 122 124 125 125 124 125 125 125 124 123 122 121 120 119 121 121 120 120 118 115 118 116 116 115 115 114 112 113 114 
186 189 174 151 160 191 186 152 126 176 201 187 198 206 194 168 146 131 127 126 124 124 125 125 125 124 125 125 123 125 125 124 124 123 121 119 122 123 122 121 122 122 123 122 123 117 116 112 113 124 124 123 123 123 123 122 124 124 123 122 122 123 125 124 124 123 121 119 119 120 122 124 125 123 123 123 125 125 123 121 121 121 122 120 120 120 120 120 120 120 117 118 116 116 117 115 115 112 112 112 
189 157 156 156 157 185 192 205 162 181 188 203 203 198 198 183 129 126 126 127 125 122 124 125 124 124 125 124 126 126 124 125 124 122 123 119 122 122 123 124 123 124 124 121 124 119 115 113 109 121 122 122 122 122 124 125 123 123 124 124 124 124 123 123 122 118 117 120 123 124 124 123 122 122 122 123 125 125 122 122 120 121 121 121 122 121 119 118 121 122 120 119 117 118 117 114 113 113 111 112 
182 168 152 182 157 186 194 194 136 151 185 176 191 212 200 182 142 127 126 125 124 122 125 125 124 124 125 123 126 124 123 123 123 122 124 123 122 122 125 125 125 124 125 125 124 120 117 115 108 120 123 122 122 124 124 125 123 123 125 126 124 124 122 120 120 120 123 124 123 122 125 122 121 121 122 124 124 124 122 121 121 122 122 121 122 121 120 119 120 120 119 118 117 116 115 114 113 113 112 113 
166 177 182 191 147 163 200 198 148 137 146 142 211 221 193 178 166 129 125 123 124 123 123 123 121 121 121 120 121 124 124 123 122 122 124 124 125 125 126 126 127 127 126 126 125 124 120 117 108 117 122 121 123 124 124 123 124 124 125 126 124 120 118 120 122 123 124 125 123 123 124 124 124 124 123 124 124 124 123 122 122 122 122 122 121 120 121 121 120 118 117 118 117 117 117 115 115 114 113 113 
153 153 154 178 185 170 197 205 182 136 126 150 212 209 173 151 159 127 121 122 124 123 120 121 121 122 122 120 120 123 123 123 125 124 124 125 125 124 125 125 126 127 125 125 125 125 124 120 110 113 121 121 123 123 122 123 125 125 125 123 120 118 121 122 125 124 123 124 124 124 125 126 125 124 124 123 122 121 120 122 121 121 121 120 121 119 117 118 118 118 117 118 118 117 116 113 115 113 112 112 
160 160 144 161 189 183 183 171 193 196 150 134 184 174 148 132 134 124 122 125 124 123 123 123 120 122 123 121 121 123 123 123 125 124 124 123 123 122 123 124 124 124 123 123 125 126 126 122 115 112 120 123 124 122 123 123 125 124 123 121 119 120 123 121 123 126 126 125 124 124 123 122 121 121 120 119 119 121 121 121 121 119 120 119 118 117 116 116 115 116 115 115 116 115 114 114 114 112 113 113 
142 159 146 155 172 177 182 147 183 191 180 173 152 112 122 117 142 125 123 123 125 124 124 122 121 122 122 121 122 122 123 124 123 124 125 124 123 123 123 124 124 124 121 122 124 124 125 125 120 112 118 122 122 122 123 123 122 122 122 121 122 122 123 122 125 126 124 119 112 102 99 96 94 93 92 92 92 94 96 99 101 104 110 113 116 116 117 114 113 113 114 114 112 113 112 112 112 111 113 113 
167 152 159 144 147 170 161 153 166 174 133 123 118 117 119 146 159 126 122 122 125 125 125 123 121 122 122 122 121 121 122 123 123 124 125 125 124 123 123 124 124 123 123 124 126 123 124 124 124 117 117 122 123 122 122 122 120 120 121 121 122 123 124 124 122 109 98 91 91 90 92 92 92 92 91 89 87 86 87 86 87 88 90 92 95 102 109 112 112 111 111 113 112 112 113 112 112 111 112 112 
163 158 137 128 137 137 145 143 145 142 123 140 144 134 164 159 149 123 124 123 125 125 124 122 121 122 121 121 122 120 121 123 123 123 124 123 124 124 122 123 124 122 121 123 124 124 123 124 123 123 117 119 123 124 121 119 120 123 123 122 124 126 120 105 94 90 94 97 96 95 97 99 100 103 101 100 97 92 91 90 89 91 92 92 91 93 93 98 108 109 111 111 111 112 112 112 110 109 110 112 
159 149 128 138 147 146 140 144 151 149 129 139 130 145 157 150 148 124 124 126 125 124 123 122 122 122 122 121 122 120 120 123 122 124 125 125 125 123 123 122 122 122 120 122 123 124 123 123 123 124 121 121 121 119 120 119 124 125 123 124 123 107 92 92 93 96 99 104 106 108 111 110 109 110 109 104 104 100 96 99 97 93 92 92 96 96 97 96 92 97 107 109 109 109 110 110 109 109 109 109 
158 147 148 139 148 152 133 149 160 136 158 146 149 159 158 136 134 124 124 126 124 124 124 123 123 122 122 121 122 121 121 123 123 122 122 124 124 125 123 123 122 122 121 123 124 124 122 122 122 124 123 122 120 121 124 122 123 123 122 117 99 91 94 99 107 109 110 114 115 113 115 118 117 117 118 116 112 109 104 101 98 98 96 94 93 95 97 98 98 94 91 102 107 107 107 108 108 107 106 105 
135 148 143 137 137 140 136 152 157 126 170 149 141 155 136 111 119 122 122 124 123 123 124 124 123 122 121 120 121 121 122 123 123 122 123 124 124 123 124 123 123 122 123 122 123 124 123 122 124 122 121 120 123 124 125 123 123 121 110 94 99 105 104 106 111 111 111 111 112 110 110 113 112 113 110 111 112 112 111 108 105 98 97 97 94 94 98 100 102 103 98 90 85 83 99 106 110 110 110 108 
148 153 144 144 140 139 144 143 132 122 158 135 123 129 127 132 122 123 121 120 122 121 123 122 122 121 121 120 121 121 122 122 121 121 120 123 123 122 122 124 125 124 122 123 123 122 122 122 123 120 120 124 124 125 126 124 115 103 96 102 105 110 111 113 112 109 106 106 109 110 109 109 111 111 109 108 110 111 110 107 107 105 106 101 101 96 94 96 100 104 104 100 92 81 76 103 126 128 125 129 
161 146 136 150 151 151 161 153 138 124 135 133 129 122 123 133 121 123 121 123 120 117 119 124 122 121 121 121 122 121 121 121 121 120 120 121 122 123 122 123 125 123 120 122 122 122 122 123 121 121 123 125 126 122 122 106 94 100 107 111 109 110 108 106 100 99 101 102 104 105 107 110 113 113 113 111 112 112 108 106 103 101 98 94 96 95 92 91 93 101 106 105 100 94 87 79 101 132 138 141 
162 158 153 145 140 144 159 159 154 138 132 123 119 116 121 125 118 114 111 114 117 116 115 122 122 122 122 124 122 119 120 120 120 120 121 121 123 123 122 125 123 124 122 123 121 122 121 121 124 124 125 124 123 115 100 96 106 104 104 105 99 94 92 90 91 92 96 98 99 100 101 105 104 109 109 104 99 99 97 98 98 101 100 101 98 97 94 90 85 86 90 97 101 97 94 92 81 93 128 135 
157 163 165 149 129 126 124 128 143 149 128 116 118 116 120 104 92 78 74 76 80 82 87 97 109 117 122 123 123 121 120 120 121 121 123 123 125 124 123 125 123 123 123 122 121 121 121 125 126 124 124 117 100 91 91 92 93 94 95 95 96 99 103 105 107 105 108 110 108 107 107 109 105 103 104 106 106 106 108 109 110 110 110 112 111 109 107 108 104 98 93 88 86 84 82 85 87 79 80 97 
132 135 131 142 133 123 119 117 125 115 110 116 118 118 110 93 115 117 105 95 89 81 78 74 76 82 95 107 117 122 123 122 123 124 124 125 127 126 123 123 123 123 122 120 119 121 122 124 124 122 106 93 95 100 104 108 107 109 108 108 109 113 114 117 118 116 117 123 123 122 122 122 115 116 116 116 117 114 117 117 117 116 116 116 115 112 111 111 111 115 113 109 107 107 103 98 91 85 80 73 
117 130 166 184 184 178 151 123 120 116 122 121 120 114 127 133 128 127 128 131 128 124 117 105 89 72 69 70 80 95 108 119 123 124 125 124 126 124 123 124 125 123 120 121 122 121 121 122 117 100 96 103 104 108 111 115 112 111 114 112 110 115 118 121 118 118 115 120 121 118 125 127 121 120 123 123 123 123 123 122 121 121 120 122 122 120 115 116 117 118 115 115 117 118 117 113 112 112 105 99 
132 123 181 193 191 181 169 160 143 136 123 107 108 106 111 123 122 119 117 111 114 117 122 117 112 103 97 83 71 69 72 83 93 106 115 121 124 124 125 124 123 121 123 123 123 120 120 109 95 99 109 117 129 132 133 134 140 129 121 119 116 119 122 126 129 129 125 123 121 123 122 127 127 128 126 125 124 124 123 122 124 126 126 130 130 128 123 121 124 123 120 117 113 114 115 115 116 116 114 113 
163 134 148 176 198 199 188 181 172 157 137 132 102 102 102 100 99 100 100 114 117 114 115 113 113 114 112 108 101 90 79 71 70 71 78 93 110 116 119 122 124 124 125 124 123 112 104 105 111 124 132 138 145 149 154 157 160 153 154 152 154 140 136 140 138 137 135 136 131 130 126 128 131 128 127 126 124 121 119 120 117 128 130 129 129 129 127 126 131 134 137 130 129 127 125 123 119 115 113 117 
167 133 140 144 155 167 171 183 172 141 155 125 103 98 101 97 103 105 108 112 109 108 107 104 100 106 113 111 110 111 108 106 96 82 72 69 73 76 86 102 116 125 125 125 112 106 118 120 129 135 143 147 158 160 164 168 170 166 164 167 172 167 155 150 150 150 151 150 146 139 138 140 139 139 142 137 139 133 131 124 120 115 120 128 131 130 133 136 138 142 144 146 143 140 143 143 142 136 127 123 
140 141 135 134 125 126 145 147 168 145 115 113 110 113 115 114 119 119 116 114 110 108 98 93 101 106 102 101 108 113 112 114 113 110 106 89 81 76 71 76 85 111 116 107 108 119 120 118 122 134 143 153 155 165 171 177 181 178 176 176 176 174 177 175 168 169 166 161 156 154 153 155 153 154 152 148 151 148 148 145 140 138 130 129 131 135 141 142 144 143 147 151 151 150 150 153 149 149 148 140 
75 94 121 141 137 127 131 133 128 138 131 115 118 120 123 121 116 111 110 105 99 94 93 93 97 109 113 107 107 112 116 116 117 111 112 115 109 108 101 86 80 91 92 103 115 113 114 119 131 141 147 156 158 177 179 181 180 179 177 176 180 186 186 179 172 165 167 169 168 173 164 162 159 159 163 161 159 157 157 154 151 146 147 142 141 140 142 142 141 139 142 149 152 153 147 148 147 147 150 148 
71 70 69 76 88 94 112 118 120 134 124 113 116 111 106 104 100 100 97 93 90 92 93 96 98 103 109 113 115 116 118 118 119 108 98 107 117 117 115 105 85 90 101 111 109 119 127 133 147 148 153 151 149 163 177 174 169 174 178 173 174 173 172 165 160 155 154 163 165 171 174 173 169 168 167 167 164 158 159 157 156 157 153 146 147 143 142 144 146 143 144 142 144 145 148 146 147 149 153 159 
76 71 71 67 63 66 65 64 69 99 100 110 102 92 90 91 89 91 90 89 87 88 92 95 97 98 100 102 105 108 114 116 112 106 94 93 100 101 105 115 99 98 109 111 124 137 150 145 149 148 143 138 147 146 146 144 145 152 152 158 160 162 169 164 150 147 147 151 159 166 168 174 178 177 172 171 170 165 166 166 162 156 155 147 147 149 150 147 145 149 152 152 156 159 166 167 164 165 168 166 
82 75 74 69 65 65 64 62 65 98 99 107 93 86 87 88 88 87 86 84 84 89 93 92 93 94 95 99 101 104 110 111 107 102 96 87 88 88 92 112 105 103 114 139 142 142 143 135 140 130 128 125 126 132 134 132 133 143 143 151 149 157 160 160 156 149 154 150 156 163 170 172 175 176 174 174 175 166 165 164 164 155 155 152 151 149 157 152 154 160 162 167 173 172 171 172 172 173 171 171 
93 91 78 72 69 68 65 63 68 100 112 99 89 84 85 88 86 83 80 81 82 87 90 94 95 93 92 95 99 102 106 109 103 96 93 83 84 83 89 110 97 112 136 143 132 126 123 118 124 126 126 129 130 134 131 132 132 131 134 143 150 149 152 158 157 162 160 156 156 161 168 174 175 176 178 172 169 163 160 163 162 155 152 151 155 154 154 158 167 168 170 177 179 176 169 170 174 177 175 176 
125 124 111 90 103 71 68 65 73 108 104 91 87 86 88 85 81 80 80 85 85 86 86 87 89 87 87 89 93 93 97 98 94 90 84 82 83 86 96 112 105 100 107 112 108 107 108 120 131 130 132 128 128 133 130 133 131 133 138 134 143 145 149 151 156 165 166 164 167 167 166 169 173 179 179 173 167 161 159 160 158 158 157 155 156 158 159 161 169 174 174 180 182 176 168 170 176 174 171 173 
135 126 124 115 109 102 91 77 89 106 93 91 88 87 84 81 79 79 80 83 82 80 80 84 87 85 83 79 79 82 83 84 82 80 79 81 86 93 103 118 120 114 108 108 103 100 95 99 122 128 126 126 130 127 129 129 131 137 135 139 142 142 147 152 153 164 165 169 174 176 171 175 177 179 177 175 173 164 160 157 155 154 157 160 161 160 163 164 167 175 176 182 182 180 171 169 173 172 171 171 
91 101 115 118 114 118 125 129 114 97 89 91 92 85 81 81 77 77 77 77 78 82 82 82 82 79 81 84 85 85 88 90 89 90 91 92 91 90 93 95 98 101 110 121 117 112 106 97 105 114 119 120 124 127 124 125 129 132 132 136 139 143 145 147 151 163 168 171 178 180 180 182 184 185 180 175 175 170 165 159 159 158 161 162 169 174 176 175 179 176 177 181 180 179 174 169 167 167 167 167 
77 69 70 80 95 119 134 134 114 101 94 106 94 85 78 77 82 85 87 85 86 92 91 90 91 89 86 85 88 88 89 91 96 100 104 103 96 102 106 104 102 104 102 103 112 123 129 125 124 121 122 116 113 115 116 123 125 128 130 132 137 142 146 147 155 161 166 180 186 187 186 183 185 186 185 182 180 176 174 169 169 167 168 170 174 180 184 182 182 181 182 185 185 178 174 166 163 166 161 158 
74 69 68 65 61 64 81 97 94 99 100 105 87 81 82 88 89 89 96 105 113 114 111 109 111 106 100 96 92 98 98 101 105 106 107 106 103 109 114 118 113 108 106 109 111 111 121 130 133 132 136 134 131 125 122 115 120 126 127 134 132 142 145 149 152 162 167 174 183 187 186 189 188 188 188 185 185 182 179 173 173 170 172 171 172 175 180 180 179 179 181 181 183 181 170 165 160 161 157 155 
73 68 67 65 60 63 74 91 98 97 87 85 88 82 80 90 102 114 119 116 114 112 107 102 100 96 97 95 92 89 92 98 101 102 100 101 103 103 106 118 119 120 111 101 99 109 111 128 137 131 134 137 144 145 137 126 117 122 130 137 135 138 143 151 152 157 164 169 172 177 185 187 187 188 187 185 184 183 183 180 181 177 174 172 172 171 172 173 173 172 177 176 178 176 164 158 158 157 156 155 
93 79 67 65 64 78 103 111 106 90 84 84 79 79 91 108 119 118 115 120 118 113 109 112 105 93 88 82 79 91 106 117 125 126 126 123 123 123 120 112 117 124 120 111 103 98 97 103 135 150 133 131 137 142 147 144 136 131 117 117 120 125 132 137 141 147 149 153 161 170 180 185 188 185 185 190 186 186 180 185 180 179 174 172 169 167 163 168 170 173 176 175 175 167 157 155 156 154 153 153 
109 112 101 82 85 110 118 104 90 81 85 85 76 96 119 127 123 122 126 127 122 122 119 117 111 106 104 93 94 112 127 126 133 140 140 141 145 147 144 132 120 127 140 124 103 120 131 120 105 126 154 148 139 138 139 142 144 145 136 114 114 127 139 147 150 153 155 156 154 158 164 173 179 182 185 185 186 185 181 181 177 177 177 170 168 164 163 163 164 170 175 176 173 163 152 149 152 152 150 148 
119 122 113 102 102 121 103 90 82 82 88 86 99 124 128 128 129 131 131 124 127 129 125 117 127 140 139 125 128 136 133 132 138 138 136 145 144 147 148 141 131 120 118 127 125 117 128 126 98 100 125 149 147 142 136 134 145 149 150 143 136 147 154 160 163 163 166 170 168 163 162 170 177 182 181 185 187 185 183 178 177 179 175 175 167 162 158 158 161 167 169 173 171 160 148 151 148 151 152 147 
118 141 130 115 110 109 88 90 89 88 94 109 130 132 132 134 129 132 129 128 134 132 122 146 161 147 121 101 114 146 143 137 128 140 147 149 143 140 129 125 124 121 120 111 108 109 111 99 75 79 88 107 131 152 144 132 139 147 150 153 147 145 164 164 168 174 169 173 169 167 171 171 174 179 180 187 187 182 184 177 175 179 172 173 169 164 158 157 161 161 165 169 168 148 145 153 150 150 149 147 
112 119 130 144 104 99 87 94 91 99 129 136 135 132 132 132 130 128 124 127 129 129 144 168 146 131 100 87 93 103 125 141 134 129 144 142 146 143 119 122 131 120 120 115 110 119 124 83 67 75 78 84 88 103 131 137 137 142 151 157 158 150 158 170 172 172 175 173 161 135 131 159 169 173 177 179 183 181 177 174 175 174 174 172 168 166 163 157 157 161 166 167 163 145 149 155 150 149 149 145 
116 111 123 129 108 106 98 102 102 133 152 146 135 134 130 136 132 127 124 125 136 134 164 163 148 139 93 98 94 87 100 137 149 134 134 129 136 133 123 129 132 125 136 136 125 119 116 89 73 68 71 79 86 84 82 95 114 133 143 148 158 148 135 143 140 130 131 127 147 165 137 107 141 174 173 172 174 180 175 168 170 169 169 169 169 165 163 158 158 156 160 163 160 146 152 162 157 154 152 148 
117 116 115 112 111 106 104 110 130 151 140 138 139 134 138 143 142 137 131 140 142 140 169 156 146 142 173 212 125 79 94 110 147 140 136 139 136 135 127 123 132 135 133 138 141 128 111 103 95 80 72 71 73 74 79 82 81 96 119 124 132 135 141 148 153 156 160 171 182 189 188 162 107 140 175 172 172 178 174 167 164 163 167 165 166 166 162 156 151 153 159 159 163 153 151 165 166 165 162 156 
118 117 116 91 80 93 120 135 139 132 137 134 132 141 146 151 153 151 151 151 147 155 167 159 141 139 212 248 166 82 96 98 121 144 142 141 145 138 126 133 142 142 140 142 136 127 108 106 101 95 92 88 77 71 74 82 96 128 153 166 173 176 177 179 181 179 177 178 183 189 189 188 158 108 161 169 166 167 169 168 166 163 168 163 160 156 158 158 156 156 157 160 164 160 145 160 165 165 156 152 
118 118 118 87 75 91 121 135 131 137 134 132 137 148 154 160 161 161 163 161 163 149 146 136 132 134 155 198 113 79 94 91 110 143 157 145 141 132 127 134 137 134 131 128 120 116 102 95 94 94 100 102 94 85 75 75 127 175 184 180 180 182 181 179 177 175 176 176 181 185 185 185 182 136 138 163 166 164 166 163 161 158 154 158 156 155 156 161 163 159 160 167 169 168 149 154 162 160 158 153 
118 118 118 90 76 92 107 132 134 129 125 142 151 152 159 160 160 161 160 158 146 119 112 100 114 118 102 95 82 79 96 98 109 138 160 156 145 124 125 123 122 115 108 103 97 92 85 81 86 86 90 88 87 83 80 73 82 142 176 179 176 175 175 175 175 170 172 176 178 181 179 173 183 159 133 161 164 159 161 159 152 153 153 154 156 154 156 160 161 162 165 167 171 174 161 159 163 165 161 164 
118 118 119 92 79 96 97 114 113 123 142 150 153 160 160 151 153 157 152 154 140 121 116 100 103 102 92 93 95 81 95 102 114 133 142 133 126 127 121 115 109 102 97 93 92 90 90 97 101 97 92 88 85 79 78 74 74 96 164 174 171 169 168 169 167 165 167 169 172 176 180 176 182 155 143 160 160 156 158 158 155 154 153 161 162 165 161 161 161 161 165 167 171 175 170 161 166 166 166 165 
118 118 117 93 88 101 99 100 117 145 147 145 150 161 152 141 148 153 156 159 150 128 127 122 120 116 106 103 103 98 95 101 118 128 121 125 133 128 114 107 102 103 105 111 115 104 107 116 111 103 102 97 87 84 76 73 78 82 143 167 167 168 167 166 163 160 156 153 155 153 154 153 149 138 152 157 160 158 161 154 153 155 162 166 170 170 161 156 158 160 160 164 170 176 175 166 166 170 172 169 
116 116 114 94 94 102 104 111 133 140 132 134 146 162 152 139 145 152 157 155 153 148 148 146 130 130 124 113 105 103 104 118 132 131 123 114 106 102 103 103 103 112 119 127 124 115 117 115 109 104 100 104 100 102 94 87 83 85 149 173 177 179 178 178 178 177 175 172 171 163 157 154 148 150 156 157 156 160 157 157 159 162 163 169 174 173 164 155 156 159 162 165 171 174 178 170 169 170 175 171 
95 95 92 88 96 99 108 118 118 112 114 124 146 163 157 138 143 148 151 151 151 153 158 155 146 141 141 124 113 109 130 134 132 126 129 117 107 108 105 96 113 127 130 126 119 107 105 103 103 100 96 94 93 93 96 99 93 101 165 177 181 189 193 198 195 193 191 192 183 145 142 153 152 158 153 155 161 163 156 156 160 167 169 167 174 178 172 162 161 161 162 164 169 174 178 177 175 172 177 169 
90 89 88 87 97 96 100 107 100 110 123 136 144 154 153 141 134 132 133 134 127 126 143 146 146 150 146 129 131 141 141 129 123 125 122 117 121 131 121 106 112 109 95 84 80 79 82 92 101 100 96 88 84 84 89 91 96 140 178 187 192 197 198 191 173 148 133 138 121 92 132 155 157 154 160 161 164 162 159 154 158 164 169 170 173 178 179 172 161 163 162 164 170 170 177 180 177 174 171 160 
97 86 86 86 95 97 99 100 103 109 127 134 129 134 135 133 131 135 142 146 145 142 141 140 147 156 145 139 149 145 133 123 123 124 117 115 129 129 120 111 103 81 71 72 73 69 71 80 85 91 85 79 76 77 77 83 120 173 188 196 202 189 172 157 116 93 83 77 77 79 119 150 157 158 161 161 165 159 148 154 159 162 163 166 163 167 166 166 164 159 157 156 167 164 172 172 173 167 150 134 
103 92 85 85 96 93 95 94 101 109 122 127 127 125 122 126 132 140 142 146 149 154 158 160 161 163 152 148 147 140 129 123 121 119 109 111 121 119 115 109 85 72 72 72 69 73 72 74 77 71 75 74 73 74 74 102 160 186 191 198 191 155 123 191 131 94 85 76 76 79 99 141 151 152 159 158 158 148 146 150 146 145 148 151 154 157 156 153 155 151 140 132 132 142 155 157 142 125 112 107 
107 89 86 82 98 100 106 98 97 104 113 123 128 126 125 133 133 139 140 143 148 149 155 160 157 152 147 137 140 133 127 124 116 109 96 105 113 113 108 95 75 73 75 76 66 81 81 69 94 70 69 73 73 75 78 140 184 194 197 187 142 108 89 133 166 100 86 77 76 82 102 144 140 145 150 151 149 145 144 146 147 143 141 137 136 130 124 126 130 128 122 112 107 115 129 122 118 118 120 124 
97 86 85 75 95 101 107 110 100 99 103 116 125 126 128 136 149 162 159 152 156 154 153 156 152 144 136 133 127 116 115 111 104 105 88 99 109 112 107 89 74 75 82 93 71 66 64 65 69 69 68 75 74 72 102 175 191 200 185 144 115 91 81 117 162 101 88 76 76 80 104 137 148 150 150 151 148 145 142 137 146 155 156 153 149 142 135 132 130 128 132 128 118 122 121 123 127 128 127 131 
83 86 84 75 93 96 100 114 116 100 108 123 135 143 153 155 160 156 153 148 153 157 154 156 155 148 141 133 133 121 114 107 103 98 91 95 105 107 101 92 76 79 87 95 85 70 66 66 66 68 70 73 71 77 144 190 193 173 142 127 107 84 81 94 166 112 121 76 76 77 111 144 148 147 153 152 144 136 135 147 166 166 164 166 161 154 151 150 151 149 152 138 128 133 133 134 137 137 131 132 
86 85 87 80 87 99 95 108 130 110 104 115 129 154 164 155 141 142 145 149 154 152 151 157 161 159 152 142 141 133 129 117 110 103 92 95 102 104 98 93 76 78 87 92 81 74 66 63 64 68 70 70 72 76 141 188 168 133 124 106 81 77 80 114 173 105 99 76 77 78 111 137 139 148 147 137 127 132 154 167 169 156 162 162 159 156 159 159 163 165 162 144 145 145 142 143 143 139 136 135 
109 106 105 97 88 100 104 111 127 134 121 117 135 160 167 148 138 144 146 141 140 143 143 136 139 149 146 142 141 137 134 125 116 112 94 100 108 111 109 93 76 78 87 98 86 72 65 65 66 67 69 72 75 71 95 137 121 112 104 99 87 88 91 148 169 92 85 74 76 80 127 136 136 137 134 134 140 156 162 174 168 159 157 163 162 161 167 167 169 166 151 152 158 155 153 149 146 140 138 138 
114 111 109 108 106 100 106 122 119 142 143 141 148 167 160 143 149 156 155 156 157 157 156 144 132 134 133 126 138 135 129 127 120 122 101 106 117 115 111 95 77 75 81 84 76 83 89 66 69 69 67 72 73 71 75 92 111 122 156 161 122 160 137 183 130 87 83 73 76 88 126 133 136 139 140 147 155 160 169 171 165 161 159 162 166 165 169 167 163 152 143 162 165 163 162 160 157 154 150 147 
116 114 114 113 110 105 113 126 120 127 146 155 159 168 164 150 158 165 165 156 151 150 138 133 130 130 123 109 116 136 136 123 117 123 112 106 120 119 111 104 82 73 73 74 70 103 91 71 76 68 71 71 71 69 71 84 101 169 205 138 177 228 206 134 93 87 79 70 79 96 125 130 138 147 152 154 163 165 175 173 164 156 161 164 168 170 171 171 165 147 148 162 168 173 173 172 169 163 160 154 
118 116 115 114 113 115 136 135 130 115 130 146 158 163 170 159 165 162 163 133 136 130 127 123 121 117 101 95 97 118 138 132 120 117 119 105 112 118 108 101 101 78 72 76 73 71 68 71 75 86 84 74 73 72 78 86 81 90 116 203 215 178 121 91 80 83 73 72 85 107 130 135 148 153 159 156 163 171 173 169 161 158 159 160 164 171 173 172 167 152 146 158 164 167 172 170 165 158 156 153 
118 117 115 116 116 126 150 147 141 131 126 136 152 162 171 171 173 163 162 129 125 110 101 108 104 95 85 87 90 93 114 130 128 110 105 100 94 100 98 97 113 109 86 76 75 72 76 84 104 100 86 84 85 91 90 89 77 83 96 99 90 83 81 73 71 76 74 85 100 124 139 147 154 162 162 162 166 166 166 161 156 154 157 164 170 174 175 175 174 157 147 154 158 162 165 160 159 156 154 152 
117 116 117 116 113 112 138 154 148 134 128 129 138 150 162 166 169 170 171 141 117 110 115 122 106 86 84 86 81 87 98 103 116 110 106 109 106 100 91 91 109 118 122 116 121 106 102 103 103 102 95 98 94 91 78 73 71 89 87 75 73 74 92 99 101 97 101 116 133 144 154 155 159 157 160 164 164 165 164 157 154 156 160 166 172 172 172 173 176 166 153 156 163 168 160 158 158 157 160 156 
117 116 116 112 107 104 114 139 158 143 125 120 130 137 145 150 150 156 162 165 139 136 153 148 123 99 108 85 71 87 96 101 126 137 124 103 104 115 109 94 88 93 100 106 113 106 100 96 98 93 92 86 77 72 72 73 82 77 71 81 85 112 133 124 127 122 128 136 150 151 149 152 155 161 160 159 161 166 161 157 156 158 165 169 168 171 172 169 167 163 158 163 167 170 165 160 160 162 161 159 
117 117 116 114 108 94 97 104 138 147 125 120 120 129 127 135 132 136 141 145 156 164 167 157 133 172 230 172 77 83 87 102 128 134 135 125 107 108 115 113 102 93 90 95 95 93 94 96 93 87 82 81 77 76 78 80 76 71 75 98 129 129 124 120 125 127 132 145 140 145 152 155 161 161 157 162 165 166 159 152 153 160 167 171 166 170 166 159 157 155 156 168 175 172 170 162 162 161 160 160 
115 116 116 115 116 98 92 92 101 121 126 121 121 118 120 120 115 121 127 131 134 160 167 156 131 188 240 181 82 85 93 113 123 123 121 118 118 111 120 122 121 123 128 123 121 113 97 92 86 80 77 76 74 83 80 82 83 90 98 119 121 117 119 126 133 136 138 145 156 158 157 158 153 156 157 159 160 159 156 154 158 161 164 165 163 166 159 158 156 155 153 169 176 173 171 165 166 164 164 163 
115 116 116 114 119 108 98 88 86 88 104 121 117 112 112 116 112 109 118 123 126 151 165 158 130 104 133 102 74 84 103 129 131 122 118 125 134 138 116 119 121 121 128 127 120 104 92 76 71 74 76 90 109 119 114 113 101 110 119 134 144 145 146 144 139 144 157 154 157 154 158 157 157 155 159 162 158 156 152 146 151 155 157 158 160 159 154 158 154 150 151 163 171 164 168 171 172 168 171 167 
115 116 115 115 113 109 98 91 92 89 80 98 111 114 116 113 119 113 116 117 117 135 162 141 135 86 83 94 83 83 105 130 123 115 121 126 122 115 109 106 108 111 114 111 107 107 74 67 81 98 110 128 134 128 114 107 95 101 111 133 143 146 147 152 156 154 150 148 147 147 147 146 150 150 150 145 140 136 136 138 143 146 148 153 151 153 155 155 152 148 150 160 159 153 157 161 157 157 159 155 
114 114 115 115 114 109 98 92 95 94 87 76 98 106 109 113 116 114 115 122 126 118 141 145 119 102 86 97 96 110 119 117 120 127 133 136 127 127 138 134 114 105 104 102 104 104 89 93 115 131 140 134 129 117 102 110 109 108 111 114 124 133 135 147 142 135 135 138 139 135 136 132 129 123 122 119 123 125 129 132 136 140 140 139 147 148 149 145 143 147 150 152 147 150 152 149 146 145 142 139 
109 110 111 112 113 112 111 93 88 93 91 81 87 103 113 107 110 115 114 115 120 123 112 123 129 113 96 109 128 129 117 118 132 134 139 137 136 134 133 119 116 122 122 120 129 121 113 128 132 135 135 125 115 114 101 115 114 114 114 114 116 113 96 107 107 102 96 102 107 110 113 113 110 112 111 113 116 124 125 127 127 128 130 135 137 140 139 139 145 149 150 149 145 148 147 147 144 139 137 132 
103 107 109 110 110 110 113 99 88 90 90 87 85 90 100 109 105 101 107 109 111 107 105 104 104 99 88 87 107 117 119 121 126 135 133 133 133 121 106 109 111 105 102 111 115 113 118 109 117 115 114 113 112 112 100 112 112 113 113 114 113 111 95 104 106 100 73 77 83 87 89 96 98 101 102 104 105 110 116 126 131 133 133 133 133 134 138 146 149 152 151 149 148 149 149 146 138 138 132 121 
100 103 105 107 107 107 111 105 92 94 93 85 85 91 89 94 100 105 112 103 100 97 92 89 85 79 76 79 87 98 103 109 114 117 114 104 97 95 93 90 84 87 110 115 115 115 115 103 114 111 112 113 112 113 100 109 110 110 112 111 111 110 93 103 103 100 72 74 80 82 80 80 80 80 80 81 82 86 92 98 111 123 127 130 133 136 142 145 145 148 147 144 146 146 146 140 134 125 115 95 
99 101 104 105 105 105 107 112 98 96 94 89 86 82 86 87 88 97 114 114 110 101 90 85 86 88 91 89 89 89 91 88 90 95 91 91 95 88 78 87 81 89 114 116 115 116 114 102 111 112 111 113 112 112 98 108 110 110 112 111 110 110 91 100 102 99 71 73 79 80 81 79 79 80 78 79 77 78 80 81 85 92 94 102 111 119 128 129 129 129 127 128 130 125 115 105 99 92 86 84 
92 94 96 98 99 99 99 105 112 103 91 88 85 85 84 81 83 84 88 94 101 103 90 85 84 81 82 83 84 81 80 81 82 88 88 77 76 76 78 97 87 92 114 115 116 116 115 101 108 111 111 112 113 113 99 108 111 112 112 112 111 108 89 97 101 100 71 73 79 80 80 80 79 79 79 80 77 78 78 81 82 87 87 87 87 88 89 88 90 89 88 87 89 86 84 84 83 84 83 83 
82 83 83 83 83 83 85 90 111 112 96 90 85 84 87 88 83 81 84 87 85 86 87 87 86 87 88 89 88 87 88 90 86 84 87 92 91 82 80 95 87 89 114 115 115 114 114 101 108 110 111 112 113 112 99 109 112 112 112 112 110 108 89 98 103 102 73 73 79 80 80 79 78 78 77 78 77 78 78 80 81 84 85 86 84 85 84 84 85 85 85 85 85 84 84 83 82 83 83 83 
85 85 85 84 83 85 84 85 97 112 104 95 90 89 91 92 90 86 90 93 93 92 90 88 89 86 89 86 88 88 88 85 82 80 81 85 96 100 83 85 85 84 112 114 113 112 113 100 110 110 110 111 112 112 98 107 110 111 112 111 110 108 89 100 103 100 71 71 78 79 79 78 77 76 76 79 78 77 78 80 81 82 82 85 84 85 83 83 84 84 84 84 83 83 83 83 83 83 83 83 
84 83 84 83 83 83 83 84 91 108 113 102 96 99 99 96 92 88 93 101 107 107 107 102 104 101 100 99 98 101 101 99 97 95 93 93 97 95 80 81 81 81 112 114 113 112 112 100 110 110 110 111 110 109 98 106 109 110 110 109 109 108 91 99 102 99 74 71 78 79 79 78 78 77 76 79 79 76 79 80 82 83 83 84 84 85 84 84 84 84 84 83 83 83 83 82 82 82 83 83 
82 82 83 83 83 83 84 84 88 100 112 108 105 107 107 103 103 100 98 98 103 109 108 107 107 105 105 104 103 106 103 100 101 101 99 98 95 87 79 78 77 76 110 112 112 111 111 99 109 110 110 110 109 108 99 106 109 110 110 109 107 106 90 97 101 99 74 70 77 78 79 78 77 77 76 77 78 76 78 79 81 83 82 82 83 84 84 83 82 82 82 83 83 83 83 81 81 82 83 83 
82 82 83 83 83 83 83 85 90 99 107 101 96 98 101 105 108 108 102 101 100 101 106 107 103 97 98 100 100 100 103 101 93 93 95 93 86 83 77 76 77 74 107 110 110 109 109 99 108 110 110 110 108 108 98 103 107 107 108 108 107 105 90 97 102 99 74 68 76 78 79 79 77 76 76 77 78 76 78 79 80 82 83 82 82 84 83 83 82 82 81 82 83 82 82 81 81 81 83 83 
82 82 82 83 83 83 85 92 93 109 109 111 110 103 95 94 91 90 96 101 103 100 97 96 85 82 87 95 98 100 99 100 100 103 110 108 88 80 76 81 78 73 107 110 110 109 109 99 109 108 108 108 108 108 98 103 107 107 108 107 106 104 88 95 99 95 74 67 76 77 78 76 76 75 75 76 78 76 78 77 80 82 82 81 83 84 83 83 82 82 80 81 82 82 82 80 81 81 82 82 
82 81 81 83 82 82 83 89 87 96 109 108 104 101 102 104 101 94 86 81 85 91 92 88 91 98 99 101 103 106 108 109 107 105 107 108 89 80 75 78 79 72 105 110 109 108 109 98 108 107 108 109 109 108 99 102 106 106 107 106 106 104 88 94 99 94 74 67 76 77 78 76 76 75 74 76 78 76 78 76 80 82 82 81 82 84 82 83 82 81 80 80 81 81 80 80 81 80 81 81 
82 82 82 82 81 81 82 83 84 83 102 114 112 113 114 112 109 109 104 98 99 100 101 101 100 95 104 106 107 109 109 108 105 102 106 106 87 79 76 73 76 72 103 108 108 107 107 98 107 107 109 110 108 107 99 102 105 105 106 105 104 103 89 93 97 95 73 66 75 76 78 78 75 75 73 75 78 76 78 77 78 81 80 81 81 83 82 81 82 81 80 81 80 81 80 80 80 80 81 81 
80 80 81 81 81 80 80 81 82 81 96 110 111 112 122 123 117 111 107 101 101 103 104 104 104 96 106 107 106 107 107 107 105 102 105 106 86 77 76 72 76 71 100 108 108 107 106 100 107 107 108 108 106 105 98 101 104 104 104 104 102 102 88 93 97 94 78 71 75 76 77 76 75 74 72 74 76 76 78 77 79 81 80 81 81 83 82 81 81 81 80 80 81 80 79 80 80 80 81 81 
81 80 80 80 79 79 79 80 80 79 94 103 108 109 114 114 110 103 98 104 103 103 103 103 103 96 104 106 106 107 108 107 103 99 106 104 88 76 74 70 73 70 99 106 107 105 105 100 105 106 107 107 106 104 97 100 105 104 104 102 101 101 87 90 95 92 84 73 74 77 77 77 75 74 72 75 77 77 79 77 79 81 81 81 81 82 81 81 80 80 79 79 80 79 79 79 79 79 81 82 
83 82 82 82 82 82 82 82 81 81 95 103 104 105 104 103 104 102 95 103 103 102 102 102 101 95 105 105 106 106 107 106 102 99 102 99 83 74 76 73 72 68 98 108 107 105 106 99 103 105 104 104 104 102 96 99 102 103 102 101 100 99 85 89 91 90 83 73 72 75 75 75 74 72 69 73 76 75 77 77 79 80 80 80 79 80 81 80 80 79 78 78 79 79 79 78 79 78 81 81 
104 102 102 101 101 102 102 100 99 101 99 100 100 101 100 100 100 98 92 99 99 98 98 98 97 94 99 100 100 100 99 99 97 96 93 84 66 74 76 74 71 67 91 100 98 98 100 97 99 99 98 96 96 94 92 91 90 90 90 87 86 85 81 79 78 77 69 65 70 72 74 73 72 70 68 71 74 73 75 76 76 78 78 77 78 80 80 79 79 78 78 78 78 79 79 79 78 78 80 80 
109 105 104 103 104 103 101 102 101 101 98 97 98 96 97 97 97 96 96 97 97 97 97 97 98 98 98 98 100 100 99 100 100 98 87 80 63 74 76 72 71 67 90 99 99 99 100 100 99 98 96 96 95 85 87 85 84 81 80 82 82 81 67 62 62 59 58 62 69 71 72 71 71 70 68 69 74 73 75 75 75 77 77 76 77 79 79 79 79 78 78 77 78 79 79 79 77 78 79 78 
111 107 106 104 106 105 102 104 102 103 103 103 104 102 102 101 101 99 101 101 101 102 102 102 103 104 104 104 104 104 105 104 103 101 91 88 64 74 77 71 70 65 90 102 102 101 101 101 101 98 96 93 88 78 74 73 73 73 75 76 76 77 69 65 67 62 63 63 68 71 71 70 71 70 68 68 73 72 74 75 75 76 77 76 77 79 78 78 78 78 78 75 77 78 78 77 78 78 77 79 
113 111 107 107 107 105 103 105 104 104 104 104 103 101 100 101 101 100 99 100 101 102 103 104 104 104 104 104 105 105 105 105 104 102 96 86 70 72 76 69 71 64 88 102 102 102 101 100 99 96 82 74 79 77 78 77 75 76 75 76 77 76 75 76 74 62 61 61 68 71 72 70 70 70 67 69 71 72 73 75 75 76 76 76 78 79 78 78 78 76 76 77 77 77 76 78 78 90 77 78 
113 111 108 108 106 105 104 104 105 103 103 104 102 99 99 98 97 97 96 97 100 102 104 105 106 106 105 104 104 105 105 104 104 110 95 88 70 71 74 70 69 65 88 102 102 102 100 100 99 88 77 73 89 89 84 83 80 79 80 79 78 76 79 83 80 63 60 61 68 70 72 70 69 69 66 68 69 71 72 73 73 74 76 76 76 77 77 77 76 76 76 76 77 76 76 79 75 164 141 140 
113 111 110 109 108 106 106 105 105 104 104 103 97 95 94 91 92 93 91 91 96 102 103 105 106 106 105 105 105 105 105 105 106 116 91 84 65 71 74 70 71 64 88 103 102 102 101 98 92 81 77 79 89 80 64 68 71 66 64 63 61 61 67 84 81 69 62 62 67 70 70 67 68 67 66 68 68 70 71 71 72 73 76 75 74 76 76 76 75 76 76 76 77 76 77 77 77 74 73 74 
113 112 111 110 109 108 107 107 105 104 103 98 72 71 71 68 70 71 70 73 93 101 103 104 105 106 105 105 105 105 106 105 113 117 91 79 63 72 71 71 70 67 90 103 102 102 101 97 85 88 80 72 88 78 63 63 64 64 63 61 60 59 66 83 81 68 59 62 66 66 66 64 64 64 64 65 67 68 69 70 71 72 74 74 75 75 75 75 75 75 76 76 76 76 77 78 80 84 77 77 
113 112 111 111 110 110 109 108 106 105 105 97 69 67 67 67 67 69 69 72 93 100 102 103 104 104 105 105 105 105 105 106 118 116 96 79 64 71 68 71 70 67 88 102 102 102 101 95 85 84 75 69 86 77 62 61 59 62 61 60 60 59 65 80 79 69 60 64 63 61 62 62 62 61 61 61 65 67 68 69 70 72 73 74 75 75 75 75 75 74 76 76 76 76 77 78 74 169 140 139 
110 113 112 111 112 110 109 109 108 107 105 98 70 67 69 69 69 68 67 72 93 100 102 104 104 103 104 104 103 104 105 106 119 112 88 75 64 70 69 70 71 67 87 103 102 101 100 89 80 81 65 73 84 75 65 69 70 66 65 64 65 65 68 78 78 72 67 70 62 62 62 62 62 61 61 60 63 67 68 70 71 72 74 75 75 75 74 75 75 75 75 75 75 77 76 77 76 86 89 88 
111 111 111 111 110 111 111 108 108 107 104 98 71 68 69 69 69 69 68 72 93 100 102 105 105 105 104 104 104 105 105 108 114 106 81 73 63 70 69 69 69 67 85 103 102 101 100 87 81 72 68 75 78 75 72 76 76 72 71 70 71 71 72 74 74 72 70 68 61 62 62 62 62 62 61 60 63 66 68 69 70 71 71 74 75 75 74 74 75 75 75 75 75 76 76 77 78 78 79 79 
110 111 112 109 110 111 110 108 106 104 102 98 74 70 69 69 72 69 68 73 93 99 102 105 105 105 105 105 105 105 106 107 115 108 84 74 65 71 69 68 70 66 84 103 104 103 101 87 81 62 80 81 82 82 82 83 81 81 80 81 81 82 81 83 83 82 82 73 60 62 62 62 62 62 60 61 63 65 67 69 69 70 71 73 73 73 74 75 74 75 75 75 75 76 76 78 78 75 72 99 
110 110 111 110 110 110 108 107 104 102 101 99 95 91 89 88 89 85 70 86 91 96 102 104 105 105 106 106 105 106 106 104 104 105 96 91 88 75 68 68 69 65 83 102 103 103 100 88 67 79 89 86 90 91 90 88 88 86 84 83 83 83 78 79 78 79 78 66 58 61 63 62 62 61 61 60 61 65 67 69 69 71 71 73 73 71 73 75 74 75 75 75 76 76 77 77 77 117 124 108 
