32 33 29 44 40 36 35 32 56 47 33 46 46 43 48 45 39 36 44 48 46 40 45 50 51 54 54 54 55 56 55 56 57 57 55 54 53 53 56 57 55 55 54 52 53 52 54 49 54 53 56 55 50 49 52 53 49 45 53 52 50 51 53 55 58 61 67 69 70 71 74 82 95 136 184 191 192 191 191 191 191 191 191 191 191 191 191 191 191 191 191 191 191 188 164 105 81 73 66 60 
34 43 39 32 48 53 44 42 36 92 39 40 51 42 46 47 42 41 47 46 45 41 42 51 58 59 59 59 59 60 59 59 60 60 59 58 58 59 59 59 61 57 55 56 58 61 57 50 56 56 57 55 52 49 53 52 49 50 57 54 54 53 53 56 59 62 65 71 74 75 79 83 90 105 153 201 207 206 206 206 206 206 206 206 206 206 206 206 206 206 205 205 208 208 197 170 116 90 73 64 
38 23 36 52 51 49 36 41 37 49 31 22 45 55 55 56 55 52 53 55 53 48 46 49 64 69 71 71 71 67 71 72 70 70 70 70 70 69 71 69 68 67 68 70 69 68 69 62 65 67 67 71 65 65 61 63 63 66 65 64 61 62 60 61 67 71 75 81 84 86 90 94 99 107 132 198 243 248 248 248 248 248 248 248 248 248 248 248 248 248 247 247 237 227 224 223 199 122 82 69 
55 58 53 52 30 25 24 27 41 36 22 36 24 55 54 58 62 60 54 55 58 59 54 52 56 70 72 70 71 69 72 72 72 71 71 70 69 69 70 67 65 71 70 71 68 65 66 68 66 69 62 66 67 65 64 64 65 61 63 63 61 58 60 60 63 65 71 76 81 85 85 90 94 98 105 130 190 239 251 250 248 252 252 252 252 252 252 252 252 252 253 252 236 225 224 226 246 177 104 75 
50 53 60 53 56 61 65 32 21 37 32 37 31 38 47 58 58 59 58 53 54 56 51 54 54 65 70 68 70 71 71 71 72 71 70 70 69 62 64 70 69 68 67 69 64 70 69 68 66 65 61 62 65 64 61 63 59 61 61 61 61 55 57 59 60 63 66 71 74 78 81 85 88 93 93 109 121 185 244 251 248 252 252 253 253 253 253 253 253 253 253 252 245 232 233 242 252 214 154 94 
66 63 68 72 74 64 56 54 42 33 22 16 46 24 52 60 60 60 47 62 53 49 57 53 50 54 68 64 68 69 71 73 71 72 71 70 67 70 69 70 67 67 64 65 66 69 66 66 63 63 62 61 63 60 58 60 57 58 58 59 59 56 55 56 54 59 62 66 70 71 77 79 85 88 93 98 100 127 213 250 251 252 252 253 253 253 253 253 253 253 252 252 251 250 250 250 252 221 189 146 
55 73 82 77 78 69 58 60 49 37 25 18 20 22 40 60 61 63 63 65 49 53 55 51 46 46 60 70 69 66 67 70 71 70 70 69 66 70 72 69 67 65 63 67 68 67 63 64 63 64 64 62 60 58 60 59 56 56 57 57 55 54 57 59 56 56 59 61 66 65 65 75 81 84 89 92 96 109 145 224 250 252 252 252 253 253 253 253 253 253 253 252 252 252 252 251 252 221 193 159 
57 61 77 74 65 76 69 69 64 58 49 38 70 51 25 46 57 66 62 62 57 54 55 52 52 53 41 64 70 70 71 70 69 69 71 70 72 70 70 69 68 67 66 67 64 62 63 64 62 64 64 61 59 58 57 56 57 57 54 56 55 52 55 55 55 54 54 56 57 63 66 72 76 79 80 80 86 95 104 154 229 251 252 252 253 253 253 253 253 253 253 253 253 253 252 252 252 197 123 86 
64 59 63 71 67 70 69 70 70 64 59 56 45 89 83 29 60 62 62 61 67 68 76 90 112 123 123 130 139 145 140 132 117 105 91 74 72 74 70 70 67 68 67 64 58 65 64 64 61 62 63 60 57 56 57 58 56 57 53 48 52 50 54 52 51 54 50 50 53 58 60 55 66 72 72 75 78 83 92 111 164 235 251 252 253 253 253 253 253 253 253 253 253 252 251 252 234 112 74 81 
45 52 76 70 69 67 70 64 63 63 50 51 49 46 127 27 51 65 84 108 98 115 131 147 150 149 147 145 146 146 148 147 144 142 142 139 115 82 71 70 67 68 66 61 65 63 61 62 58 59 60 58 60 60 59 57 55 54 57 52 48 50 53 51 53 51 48 49 52 54 56 59 63 65 65 69 72 74 78 84 103 160 236 250 252 252 253 253 253 253 253 253 253 253 252 239 137 73 59 57 
52 51 60 76 77 71 69 67 57 66 60 51 46 44 98 60 61 116 149 150 151 148 144 139 138 138 133 134 132 134 136 138 139 143 148 148 149 148 119 83 68 68 68 68 65 60 59 59 59 58 59 56 57 54 54 50 48 54 55 54 51 49 49 50 50 45 44 47 47 48 52 56 58 61 62 66 67 68 69 73 81 90 132 210 248 252 252 252 253 253 253 253 253 253 251 171 92 68 53 51 
46 51 50 57 64 64 53 67 62 62 60 59 53 55 76 148 149 150 147 146 144 144 142 136 133 126 119 117 118 118 121 119 117 117 120 124 130 145 151 152 134 121 105 94 91 85 74 65 66 62 59 59 55 54 53 57 50 54 54 50 47 45 44 46 47 43 44 43 42 49 48 50 54 58 61 60 63 61 65 62 71 76 84 100 176 245 248 252 253 253 253 253 253 252 250 145 87 64 53 50 
32 58 77 68 59 56 51 51 46 54 61 60 78 115 148 151 148 146 141 138 135 136 130 131 127 117 107 98 100 103 107 105 107 103 101 100 102 113 125 138 152 156 153 149 148 152 151 148 147 131 94 60 55 54 55 57 57 50 48 49 49 44 43 40 44 43 43 62 87 64 62 80 59 52 55 57 60 59 60 62 63 66 71 79 91 140 214 250 253 252 252 253 253 252 244 125 80 61 50 48 
40 41 51 50 75 71 74 79 81 82 97 129 151 153 151 150 147 140 140 132 130 122 122 123 124 120 106 94 86 83 85 84 82 79 84 81 86 92 101 108 118 130 139 147 149 145 144 138 135 133 134 129 75 55 57 54 52 45 51 52 50 46 43 42 42 57 76 68 55 87 102 83 46 38 49 54 56 58 58 58 59 60 63 70 75 83 96 150 203 232 240 243 243 246 247 133 76 57 48 47 
56 78 111 113 134 145 147 153 157 154 148 154 158 158 153 152 149 146 142 138 134 128 125 119 111 108 107 96 86 77 68 62 66 64 61 62 71 74 78 87 91 97 102 105 109 111 115 121 123 127 121 118 122 86 107 100 75 66 71 62 58 61 72 87 100 104 84 81 66 43 27 34 37 32 44 51 55 55 56 55 55 56 60 62 65 67 72 79 89 99 106 113 113 119 127 86 67 56 47 46 
104 118 137 134 127 112 123 145 150 149 151 156 158 154 152 150 145 139 133 130 122 118 122 116 104 95 91 90 83 67 63 59 55 54 54 54 57 63 68 68 71 73 72 73 67 71 74 76 72 85 99 96 95 113 116 112 107 117 117 120 110 113 101 100 96 78 63 74 58 66 74 64 46 19 39 49 52 53 54 53 53 53 55 57 58 61 63 67 70 72 75 76 75 72 70 65 64 52 44 45 
89 98 114 114 114 112 118 136 138 145 150 149 151 149 146 145 141 137 133 131 123 118 123 132 119 93 78 73 68 60 50 48 46 45 47 46 50 51 54 53 55 57 54 51 50 53 53 52 49 56 65 63 63 80 85 85 81 87 91 87 77 76 84 87 90 75 77 68 52 42 35 38 21 21 39 46 50 52 54 54 54 55 53 53 55 56 56 58 60 65 67 67 68 68 67 63 62 51 45 45 
76 82 99 102 103 110 115 122 127 145 149 148 146 146 140 136 141 135 133 133 128 126 126 131 135 130 99 69 57 57 56 52 45 48 47 45 44 46 46 52 51 49 45 40 37 40 44 48 49 53 51 44 45 40 40 50 45 54 57 59 60 59 60 64 63 58 56 54 39 27 21 10 19 31 40 43 46 49 50 52 51 53 54 51 51 53 55 55 56 56 60 60 63 65 65 63 63 52 44 45 
55 84 95 72 60 64 85 96 119 146 145 142 141 142 143 142 143 142 138 133 130 129 130 130 131 138 137 108 70 51 47 46 39 42 42 39 36 37 38 39 44 40 37 35 36 43 53 57 59 57 48 58 57 54 47 45 40 47 48 51 50 47 48 48 48 54 54 52 55 43 25 12 27 36 41 43 46 46 47 47 51 52 52 48 47 51 52 51 53 55 57 59 58 59 62 61 60 51 45 45 
66 51 55 81 91 84 64 66 119 145 137 137 139 140 141 144 144 146 144 135 133 127 126 130 130 134 136 141 127 89 56 40 36 40 42 37 42 45 45 55 64 65 67 67 68 68 63 59 57 56 54 58 57 56 53 53 51 53 51 49 43 45 45 41 35 29 23 16 13 19 15 19 32 40 39 41 43 44 46 47 48 51 51 48 47 47 49 51 50 54 55 57 56 56 58 57 58 52 44 46 
54 67 68 55 88 94 93 80 122 142 137 138 137 140 145 141 143 140 143 139 133 134 129 128 130 130 131 133 139 139 113 60 48 45 46 51 58 62 63 68 68 68 67 67 67 67 64 60 57 55 56 55 55 56 55 55 53 53 52 47 40 47 44 40 35 29 23 19 17 21 24 30 37 40 40 43 43 45 46 45 46 47 50 48 48 45 48 51 49 52 53 55 55 54 54 57 56 52 45 47 
47 69 92 83 51 77 92 97 135 138 134 138 135 139 141 139 140 141 147 142 140 138 133 129 124 127 127 126 131 138 143 135 95 59 59 64 71 70 67 68 69 69 67 67 67 67 67 64 60 56 56 57 56 56 57 56 55 54 54 50 43 44 42 39 32 28 23 21 23 26 31 36 41 43 43 42 42 44 47 45 46 47 48 48 46 47 47 47 49 48 49 55 54 55 57 56 56 52 46 48 
49 47 56 66 69 56 46 72 138 132 132 133 134 132 137 137 143 147 147 142 139 137 131 131 129 126 121 122 125 126 134 141 143 127 80 63 69 67 65 68 69 68 67 67 67 67 68 66 60 57 55 53 55 55 56 57 57 58 54 47 42 40 40 35 31 28 24 25 27 30 37 39 40 42 42 40 41 43 44 45 45 45 47 47 47 46 44 45 45 46 48 50 53 54 55 56 56 51 47 47 
77 78 80 64 48 48 50 80 131 130 130 126 128 134 138 141 143 146 145 144 141 139 135 131 131 122 122 120 119 119 123 129 137 142 146 123 92 75 65 65 66 66 68 67 67 66 66 65 63 59 56 54 57 57 56 57 59 60 56 49 42 42 40 36 33 30 30 30 31 32 36 37 37 41 41 40 41 42 44 43 45 46 47 46 46 46 45 44 46 46 47 50 51 52 53 53 56 50 45 43 
41 49 67 63 75 65 87 104 124 122 127 125 128 134 134 139 139 143 144 140 139 138 136 133 133 129 121 119 119 119 121 127 133 138 144 148 151 151 131 102 79 69 68 66 65 66 66 66 65 60 56 53 57 58 57 57 58 59 58 53 50 44 42 36 33 31 32 31 30 32 35 37 38 39 40 42 40 43 43 43 43 46 47 46 45 47 45 45 46 46 46 48 49 51 52 54 54 50 44 41 
48 39 48 55 47 44 53 76 120 118 121 120 122 126 130 136 138 140 138 128 132 136 134 136 135 130 126 123 119 123 124 125 128 132 134 142 143 146 150 151 149 137 112 84 69 64 66 68 68 64 54 53 54 56 56 56 59 61 60 57 51 45 41 38 37 35 32 32 33 32 34 35 38 38 38 35 41 43 43 44 43 45 46 46 47 45 45 45 46 45 45 47 49 49 51 52 55 47 42 43 
54 59 69 76 88 83 77 70 105 117 121 122 125 126 130 137 138 137 137 128 135 139 136 139 139 133 130 129 128 126 128 126 131 131 138 141 139 144 149 149 148 146 143 141 132 108 83 68 68 64 57 50 52 55 56 56 59 62 60 58 51 47 43 34 34 37 36 33 30 30 34 33 35 37 35 32 36 42 43 42 44 43 45 45 45 45 46 46 45 44 45 45 48 47 50 53 51 45 42 43 
84 87 106 82 66 89 97 87 88 125 121 123 128 126 126 132 134 136 137 140 137 135 138 140 139 138 135 133 132 129 129 131 131 137 143 140 142 143 146 144 146 144 140 134 131 136 132 112 80 67 62 58 52 52 54 56 58 61 59 55 51 46 43 36 32 39 36 37 36 33 30 31 33 36 37 34 37 43 41 45 44 43 45 45 45 47 46 46 46 43 41 43 44 45 49 52 53 44 40 42 
50 93 111 113 105 82 72 58 100 124 121 120 125 125 122 131 132 137 141 143 139 139 140 141 141 141 140 134 133 128 133 135 138 138 139 137 144 143 143 140 140 144 140 135 132 130 128 126 125 105 69 59 54 51 52 55 56 60 59 56 53 50 45 41 37 40 39 36 34 33 31 33 33 33 34 37 38 41 41 42 42 43 43 45 46 44 42 46 46 42 42 44 44 45 46 48 49 44 41 44 
64 48 92 121 115 80 83 78 71 104 125 119 121 123 121 129 131 138 141 145 145 145 144 143 144 143 140 136 133 135 139 141 138 142 136 136 141 139 140 142 142 141 139 139 133 126 120 118 117 116 119 79 57 51 51 53 56 58 58 58 59 54 50 45 41 41 39 37 35 32 33 33 33 33 34 36 37 40 40 41 44 46 44 45 46 45 43 43 45 45 42 42 42 44 44 46 47 44 39 41 
85 87 83 72 58 93 102 99 90 70 94 119 122 120 118 127 136 139 141 141 142 143 146 140 140 142 138 136 135 137 137 139 139 142 142 138 139 138 136 141 144 142 148 143 144 129 122 121 119 119 117 125 79 51 49 49 54 57 57 58 60 57 53 47 44 44 43 42 40 39 35 32 34 34 35 36 38 36 37 40 43 44 44 44 43 43 42 44 45 45 41 40 39 42 42 43 45 44 39 37 
79 98 87 83 85 61 101 109 100 92 79 74 117 121 116 127 134 134 136 138 141 141 142 142 136 134 135 134 135 136 135 135 139 145 148 145 142 141 141 142 145 153 159 160 159 150 132 126 123 120 120 118 121 83 47 47 49 56 58 58 57 58 56 51 47 44 44 43 41 42 38 34 35 35 35 36 39 35 34 40 41 43 43 43 43 43 43 46 43 43 41 41 37 39 39 42 45 41 38 39 
44 36 74 103 111 109 67 81 110 106 85 73 77 108 117 127 129 132 127 135 138 142 139 139 139 135 129 131 138 136 134 139 142 146 149 146 145 143 142 141 147 154 158 159 159 166 147 131 129 128 123 123 127 129 77 44 42 49 56 58 58 57 57 54 50 45 45 42 40 36 37 35 33 34 35 34 37 40 38 40 43 42 40 41 43 41 42 44 42 40 39 37 34 38 36 39 41 40 38 41 
50 64 63 85 99 96 101 85 71 67 80 106 98 88 113 120 126 130 131 133 137 136 141 141 142 139 137 138 139 135 140 141 141 142 148 145 146 149 146 146 149 153 172 183 184 203 184 141 137 127 125 125 127 128 131 81 39 41 54 57 58 59 58 57 53 49 46 43 43 37 35 34 35 33 34 35 37 35 39 41 41 43 40 38 43 39 44 42 43 40 38 38 38 34 30 32 38 38 36 39 
42 53 72 52 78 104 96 85 67 80 84 79 96 98 98 111 117 125 133 132 131 136 141 142 144 145 140 139 141 140 139 138 136 141 146 149 151 150 150 151 161 169 187 192 182 184 170 139 134 125 129 129 132 130 127 128 82 36 44 57 55 60 60 61 57 53 49 47 44 44 42 38 37 35 34 34 34 32 37 41 39 42 40 41 41 42 43 42 42 40 40 43 40 34 33 34 36 35 33 37 
42 43 51 44 44 44 50 47 67 69 63 64 65 85 85 86 108 124 131 133 132 135 136 140 143 143 143 145 141 142 140 140 142 146 146 149 151 152 150 158 161 175 199 192 178 157 143 134 132 135 135 130 131 130 132 129 131 68 35 48 60 60 60 60 58 55 49 48 47 44 43 43 40 39 34 35 36 36 39 39 39 39 41 42 39 40 43 43 42 43 42 39 39 37 36 33 35 34 29 36 
50 84 101 80 89 73 78 67 63 65 64 53 50 50 50 49 57 100 127 132 130 131 128 140 143 143 143 147 145 147 148 145 144 147 149 151 152 156 150 153 164 178 205 225 206 181 149 147 133 125 124 125 127 125 124 130 125 119 58 35 49 59 60 61 60 58 54 51 48 46 46 44 44 40 39 35 36 38 37 38 41 39 41 40 38 38 39 40 42 43 39 38 39 40 37 32 31 29 24 29 
43 28 65 87 69 74 90 93 65 77 98 86 87 64 74 74 60 62 91 125 133 133 130 134 144 145 148 148 146 148 146 145 145 149 153 155 154 156 154 157 163 190 215 235 230 216 189 185 159 141 133 133 133 132 132 130 129 123 113 55 31 49 60 61 59 58 55 55 51 48 46 45 44 43 43 39 36 38 36 38 41 39 40 42 40 38 40 40 44 45 42 41 40 40 35 29 28 26 22 24 
40 39 42 39 37 45 46 53 59 51 53 74 63 74 94 90 76 75 75 92 117 133 133 137 140 146 146 145 149 146 148 147 149 155 158 153 157 155 156 160 167 191 214 238 242 240 223 208 183 160 159 145 139 132 128 128 127 129 124 117 74 33 51 61 60 60 57 55 54 50 47 46 47 47 45 43 40 39 37 38 41 41 42 44 43 42 42 42 44 43 43 41 41 40 37 29 27 23 19 22 
58 50 61 72 64 49 56 52 49 39 34 44 41 41 45 47 50 48 59 56 55 109 134 137 139 142 145 146 146 148 150 151 155 157 161 158 160 154 167 169 190 193 222 227 219 202 168 159 162 159 140 120 117 117 120 122 125 126 128 123 114 83 49 54 61 61 60 57 57 52 49 48 48 48 48 57 55 41 38 40 40 41 43 43 44 44 45 47 46 46 43 41 42 39 34 29 23 21 19 20 
45 51 88 92 99 90 67 100 99 77 62 79 76 79 61 63 57 47 45 47 47 50 105 136 140 140 141 143 143 144 146 153 157 158 160 161 163 163 172 191 196 199 206 205 207 185 160 142 129 119 112 106 101 96 98 99 104 110 117 125 129 119 98 54 58 63 62 58 58 55 53 50 51 60 110 116 104 98 80 70 59 43 43 45 45 45 45 45 47 45 44 45 43 39 35 32 27 20 18 18 
64 59 101 104 98 85 73 72 68 42 78 89 83 77 74 77 69 57 62 72 73 74 70 111 136 136 139 140 138 139 147 154 156 159 159 164 167 169 176 201 231 241 245 239 218 191 151 134 124 123 122 123 125 118 110 101 95 85 88 94 110 121 128 82 62 67 64 69 79 88 95 104 121 126 125 123 121 119 117 114 118 114 104 83 69 65 56 50 46 46 44 47 46 43 38 28 32 21 17 17 
76 75 84 98 124 124 123 99 67 98 77 96 101 98 86 83 76 73 63 67 65 60 58 62 104 135 137 138 137 140 147 155 158 159 161 169 170 173 188 225 249 251 251 242 226 216 185 175 175 158 155 147 146 144 142 141 137 134 128 126 127 130 138 141 139 138 137 140 138 134 129 124 119 113 108 105 105 107 107 102 89 85 87 95 100 100 87 84 78 74 70 66 68 71 74 72 63 45 38 45 
94 100 97 101 90 104 95 74 99 97 92 93 85 108 107 85 71 85 83 74 74 80 74 66 66 111 135 137 138 138 148 155 156 161 165 171 175 179 188 224 252 253 253 252 248 247 236 218 207 216 205 182 161 145 132 128 123 118 116 115 112 113 118 117 117 118 118 120 124 122 119 116 117 112 102 94 92 91 95 99 101 82 80 79 88 89 90 87 87 85 97 103 98 92 88 77 77 73 67 68 
95 101 120 97 108 79 72 93 119 106 109 93 102 86 72 59 93 89 80 82 86 74 66 54 68 69 117 139 138 141 151 153 155 161 164 170 174 179 186 221 251 253 253 252 248 248 251 250 246 239 203 186 150 135 131 126 126 122 116 111 112 109 103 98 100 100 102 107 107 106 101 97 101 107 111 108 105 97 93 90 94 104 97 83 81 87 85 86 82 80 84 88 90 85 75 70 70 68 64 66 
58 74 103 100 67 77 86 84 82 117 110 115 92 77 85 84 90 97 88 78 78 79 70 68 64 68 80 132 137 145 150 154 156 157 161 167 174 178 191 234 251 251 251 252 251 251 251 250 252 249 243 192 155 142 135 130 126 123 124 121 117 113 107 104 106 106 110 110 108 112 107 103 98 96 94 91 95 97 101 97 95 91 98 92 88 91 91 90 89 90 90 88 86 78 72 69 69 68 71 73 
87 84 84 50 86 99 85 87 88 73 78 91 63 58 70 79 67 70 85 77 69 59 66 70 68 61 59 108 137 141 148 151 153 158 162 167 177 178 185 219 233 251 252 252 253 251 251 251 253 253 231 161 136 130 126 122 122 120 116 107 108 99 100 100 102 101 99 97 96 97 101 103 104 95 91 91 93 91 90 98 96 97 97 100 96 92 94 95 98 99 101 96 93 84 82 74 77 79 79 79 
68 81 86 111 76 103 111 100 83 91 107 71 67 82 90 82 78 85 73 68 54 56 66 64 67 65 62 65 126 137 145 147 152 153 158 198 199 142 131 140 145 234 252 251 253 253 253 252 248 233 176 137 123 113 113 107 108 106 111 109 110 105 96 88 83 84 85 86 87 88 91 89 95 91 91 92 91 93 97 95 97 89 93 103 105 102 102 96 95 97 101 104 102 98 94 91 86 84 77 80 
54 54 99 103 115 96 82 108 111 86 86 76 98 90 71 82 85 81 87 67 75 72 65 68 67 69 69 61 78 126 144 148 152 154 195 176 134 134 148 185 211 250 253 252 253 253 253 243 202 164 137 122 108 103 94 92 94 96 98 98 101 99 99 104 94 88 84 86 85 88 95 92 90 85 87 91 90 91 97 97 97 93 94 105 69 54 48 48 50 49 48 50 52 62 71 57 53 54 45 46 
42 57 89 82 103 104 109 79 77 58 56 78 85 91 95 78 72 72 57 56 79 77 75 65 61 63 57 58 65 80 137 147 159 200 184 185 195 202 218 250 250 251 252 252 253 253 251 215 149 126 120 109 102 97 90 86 85 86 84 89 90 98 100 97 99 99 92 86 82 81 85 90 88 86 88 93 96 99 92 99 100 97 101 72 37 42 44 48 51 51 47 50 51 51 50 52 52 49 40 40 
49 44 56 60 62 79 81 82 72 64 57 68 67 70 83 82 80 60 58 60 64 70 71 69 69 60 51 54 60 63 100 175 228 242 243 182 139 172 203 250 250 246 240 250 253 252 238 156 120 114 104 97 94 92 92 83 76 75 82 86 82 84 92 97 97 93 96 95 88 79 78 84 89 85 89 94 99 102 92 102 105 103 93 43 35 39 42 42 50 51 51 51 52 50 51 52 51 46 39 41 
46 49 58 47 49 56 53 52 50 56 53 53 43 39 45 47 45 44 48 45 46 48 51 52 54 50 54 51 51 62 167 249 248 194 74 39 87 168 204 251 252 247 247 252 251 235 166 129 118 113 106 103 97 91 89 86 79 79 76 84 84 83 83 90 95 98 95 97 95 84 78 78 87 90 93 94 97 95 96 107 108 101 54 35 35 36 43 46 50 50 52 53 52 51 49 53 52 48 41 40 
34 38 45 42 40 37 39 33 40 40 39 39 39 36 36 40 38 38 39 40 41 40 44 48 43 42 44 46 55 175 247 237 181 161 153 95 111 170 232 252 252 249 250 247 211 152 128 117 109 104 105 102 97 94 93 88 76 73 69 74 80 84 87 82 88 95 95 93 94 89 79 80 87 90 96 100 106 108 111 112 105 71 37 33 32 33 37 44 48 52 54 53 51 50 49 51 52 45 39 40 
40 52 60 61 62 43 50 50 41 44 47 42 39 36 35 35 37 31 32 35 33 31 31 36 34 39 40 64 197 245 234 229 251 252 250 229 187 196 251 253 248 244 237 178 140 133 131 131 127 124 120 114 106 101 94 89 89 84 78 72 74 78 84 91 85 85 94 91 92 92 87 84 83 87 103 111 116 120 114 108 93 46 38 30 27 29 33 39 49 53 52 53 53 51 52 52 49 43 37 38 
57 55 79 82 63 76 85 85 79 65 63 72 76 62 47 59 62 60 50 48 51 50 44 40 42 48 76 214 246 232 218 249 246 250 250 249 241 216 232 245 235 207 155 144 144 149 149 144 139 133 125 128 124 121 115 112 109 103 94 83 79 83 84 89 93 96 91 97 95 96 94 92 92 97 106 118 123 118 109 106 57 44 39 30 25 26 28 31 40 51 52 54 55 53 50 49 47 40 36 37 
48 51 48 41 46 66 74 78 74 72 69 54 56 44 63 71 76 74 74 66 53 57 52 63 61 69 205 248 235 193 199 250 243 232 247 251 252 213 172 136 168 153 150 149 148 143 135 109 92 83 86 94 94 92 100 109 112 111 105 96 89 83 79 89 94 97 99 98 101 103 103 101 102 105 118 121 122 108 101 70 50 46 41 30 24 22 26 29 31 29 49 56 54 55 49 48 44 35 35 38 
27 30 36 42 42 33 36 36 35 35 34 33 34 38 33 37 36 38 33 36 38 36 38 40 39 95 251 250 222 145 144 212 197 204 250 252 250 233 182 151 146 145 142 137 135 131 111 83 71 65 64 79 87 79 75 81 95 103 109 107 106 103 95 89 92 101 101 100 102 106 110 112 109 112 118 119 111 98 81 76 72 69 60 46 36 31 19 26 29 24 34 57 55 58 55 49 44 38 38 37 
30 32 45 47 46 45 45 46 38 41 33 36 37 40 38 38 38 32 36 33 31 34 34 33 40 136 249 251 221 110 83 77 154 236 250 250 239 212 179 147 136 129 133 129 125 124 126 126 130 121 110 103 88 86 89 88 78 72 85 103 106 108 101 97 88 97 105 106 110 112 116 119 115 120 119 110 100 76 70 62 57 60 66 73 76 81 54 19 25 37 40 53 54 59 57 49 41 39 35 35 
27 36 57 59 59 60 61 57 56 41 32 41 49 49 59 56 52 49 43 43 46 46 50 48 55 168 251 251 229 108 17 17 126 232 251 243 228 189 158 147 142 136 126 119 115 118 115 116 116 115 110 112 121 118 102 79 78 83 72 69 81 86 88 98 95 100 103 110 119 122 121 110 115 122 108 96 82 59 67 69 69 71 71 76 81 88 66 51 23 21 51 52 40 50 55 50 43 38 33 33 
32 32 39 37 46 46 43 47 44 35 33 28 37 28 43 38 35 38 32 34 37 34 31 32 49 178 250 252 241 176 59 112 239 249 248 239 205 161 147 150 137 118 102 112 120 124 122 117 112 109 107 101 100 105 112 112 81 76 89 80 66 69 83 103 116 117 96 103 117 110 75 75 89 104 106 97 73 72 81 86 83 85 82 83 87 93 86 85 68 35 33 45 22 22 41 54 50 41 33 26 
38 41 50 42 39 48 52 54 47 47 52 50 50 46 48 53 55 58 48 57 51 52 50 52 56 197 251 252 249 223 161 246 252 250 251 232 179 145 146 139 116 51 47 89 106 111 114 114 109 109 117 120 110 104 107 113 110 90 88 97 102 99 95 96 102 103 98 94 89 74 74 65 68 80 93 97 88 92 85 88 88 84 81 90 95 105 100 104 92 81 59 37 26 16 18 44 53 45 29 23 
35 36 43 44 43 43 40 41 46 51 51 51 51 53 51 47 44 46 56 57 58 60 59 60 72 199 249 252 251 249 249 252 253 252 243 198 156 150 152 132 91 20 21 41 89 96 96 102 106 113 111 119 127 127 126 120 116 118 115 113 101 94 79 74 70 75 100 99 98 97 96 97 87 94 95 84 68 60 56 56 56 52 59 82 99 111 101 96 92 91 73 41 46 21 21 34 48 37 25 26 
27 28 36 38 42 46 38 37 44 42 40 41 43 49 54 56 49 49 54 54 52 55 57 62 68 150 250 250 252 252 252 253 253 251 216 168 148 154 140 125 78 11 13 10 65 92 93 89 91 105 117 125 128 131 120 106 110 106 103 100 97 69 54 50 56 48 53 59 79 101 111 111 108 113 118 68 58 57 54 54 55 51 50 68 97 108 94 77 88 98 92 38 49 36 28 17 37 28 21 21 
16 17 24 22 24 32 26 29 31 38 31 33 33 38 43 42 45 47 45 48 48 51 52 56 52 74 199 237 252 251 252 253 253 249 198 162 141 144 137 119 76 8 4 9 47 84 98 87 86 93 111 124 128 117 106 106 114 111 98 104 111 83 59 40 27 23 21 20 23 45 105 124 119 120 111 63 56 57 56 55 55 54 55 57 93 86 84 81 79 57 68 39 53 49 20 17 26 26 13 17 
20 11 12 13 25 22 14 14 15 19 34 22 20 17 24 23 21 21 21 30 35 25 24 30 28 34 67 238 250 251 252 253 253 246 188 156 141 129 137 124 99 62 38 30 41 75 84 84 92 101 115 123 121 115 121 131 132 128 125 117 89 69 61 42 35 33 21 14 16 35 63 126 122 103 63 57 50 56 54 55 54 54 56 52 67 64 86 75 92 70 67 48 58 48 30 34 36 28 20 22 
15 24 16 26 24 15 14 13 13 12 15 32 26 35 21 15 16 16 17 19 25 34 36 36 25 32 124 251 251 252 253 253 253 244 183 161 144 137 133 126 100 89 80 73 78 86 87 95 103 111 120 120 121 120 124 132 132 121 98 72 59 59 56 41 34 30 22 21 21 35 41 78 101 62 55 54 52 56 54 56 53 54 51 49 49 45 76 76 65 82 64 47 42 36 33 25 25 32 20 24 
22 23 43 37 29 31 30 29 30 29 28 25 36 36 33 29 31 29 30 30 32 34 38 49 39 46 163 250 252 252 253 253 253 246 196 170 156 143 146 133 115 97 93 90 78 82 83 91 101 115 122 121 120 129 132 131 109 70 64 59 55 44 35 34 34 29 21 18 18 19 29 30 62 62 57 53 54 53 53 55 55 51 49 50 49 48 54 86 51 48 42 33 37 36 37 34 30 25 24 24 
30 35 44 41 38 39 42 40 39 38 39 40 41 38 38 41 39 39 39 39 40 43 44 45 52 63 204 252 253 253 253 253 253 251 221 180 165 153 149 137 120 111 111 106 89 79 72 85 112 122 124 125 128 127 119 114 71 64 54 48 49 39 34 28 19 19 16 19 18 20 23 31 5 24 63 51 52 53 52 55 50 52 52 49 48 52 48 52 46 43 38 25 33 31 31 28 28 22 22 24 
36 39 50 49 48 44 40 45 47 44 44 41 46 45 44 45 47 46 47 47 45 47 52 53 61 76 221 253 253 253 253 253 253 252 244 197 170 157 153 141 126 116 111 105 100 98 88 91 111 120 124 119 114 109 102 98 61 56 57 55 47 38 26 19 17 13 11 12 15 19 26 49 17 3 58 53 53 53 55 53 51 52 52 50 51 47 47 50 45 36 28 35 33 33 29 23 22 20 23 34 
34 41 52 55 54 50 46 43 50 48 45 46 50 47 50 52 51 50 49 47 47 49 49 52 51 68 214 253 253 253 253 253 253 252 251 236 199 170 150 137 125 114 107 104 104 103 107 113 118 118 117 114 106 102 89 86 60 60 52 47 41 36 36 41 43 37 32 22 13 13 30 48 15 6 39 70 53 54 49 47 50 51 50 52 49 42 39 44 37 29 28 28 25 24 30 29 14 24 16 17 
39 48 58 57 54 53 49 49 45 48 44 49 51 52 53 50 51 54 50 48 54 52 50 53 57 87 244 253 253 253 253 253 253 252 252 251 236 191 164 148 134 130 124 118 122 118 120 124 123 123 118 113 99 92 88 82 57 54 52 49 43 42 56 66 67 65 67 66 55 38 41 28 6 2 26 67 54 49 51 51 50 50 49 53 48 46 45 33 30 25 30 28 24 33 25 29 21 6 12 21 
31 34 41 39 41 43 45 51 49 50 50 46 50 49 51 52 52 50 52 53 52 50 53 50 56 118 249 253 253 253 253 253 253 253 253 252 251 229 194 169 151 146 141 138 125 112 121 127 126 128 116 113 103 98 89 79 65 42 45 44 40 44 58 17 6 6 10 33 61 68 59 11 1 1 31 67 51 49 46 50 48 49 48 49 50 44 31 32 27 26 26 29 31 35 29 26 17 9 14 25 
28 32 38 42 48 49 40 43 41 46 42 41 39 41 43 42 41 43 39 42 40 37 39 45 46 103 250 253 253 253 253 253 253 253 253 253 253 250 235 190 159 147 145 138 129 119 110 112 126 128 122 114 75 93 82 77 70 35 25 30 35 45 17 2 1 1 1 3 29 65 72 30 2 2 33 70 49 48 47 41 47 48 46 50 48 36 29 27 31 26 27 31 27 24 26 26 23 32 23 17 
28 28 32 37 36 35 36 33 29 30 31 34 34 34 36 36 33 37 34 34 36 34 36 42 52 77 234 253 253 252 253 253 253 253 253 253 253 252 250 215 171 152 140 134 126 115 118 124 128 135 123 114 87 91 83 73 64 30 5 3 3 2 1 2 1 1 1 1 12 56 73 26 3 4 52 68 49 43 45 40 42 46 49 43 25 17 19 27 34 35 31 27 28 28 25 20 18 23 22 18 
23 26 32 29 28 30 33 33 27 27 31 32 33 34 34 40 42 42 45 46 47 49 50 54 56 65 208 252 253 252 252 253 253 253 253 253 253 252 251 233 190 163 155 146 140 132 132 129 130 131 127 117 114 100 87 72 63 30 5 2 1 1 1 1 1 1 1 1 2 42 63 11 4 32 76 56 50 44 43 40 41 30 33 21 26 28 33 30 31 31 29 25 25 33 22 20 28 26 16 16 
28 30 35 35 37 35 33 41 41 42 42 39 38 40 43 41 43 40 41 41 42 43 42 48 46 59 175 252 253 252 252 253 253 253 253 253 253 252 252 244 216 190 169 159 149 143 139 136 137 138 135 128 124 111 94 81 61 26 4 2 1 1 1 1 1 1 1 1 1 14 16 5 30 75 60 44 45 44 38 30 26 19 22 21 26 25 23 26 27 19 14 30 26 21 19 20 28 19 16 23 
33 36 39 37 34 35 36 32 35 33 32 35 34 38 39 37 40 39 35 36 35 33 31 36 34 44 114 251 251 252 252 253 253 253 253 253 253 252 251 238 209 200 192 175 161 142 134 138 148 151 151 143 135 129 108 89 63 30 7 2 1 1 1 1 1 1 1 1 1 1 2 32 73 51 34 36 41 34 22 21 18 14 31 29 25 14 28 21 20 21 29 27 23 20 24 29 38 19 20 18 
27 27 33 32 30 30 27 27 24 28 26 27 24 26 32 24 20 19 21 25 32 23 23 37 40 55 91 246 250 252 252 253 253 253 253 253 253 253 252 247 235 229 212 187 161 145 134 135 148 156 158 162 151 148 134 126 97 44 10 2 1 1 1 1 1 1 1 2 7 11 15 48 37 34 27 30 28 19 23 30 27 29 40 32 18 23 21 17 21 26 30 17 21 25 24 27 28 18 15 14 
16 16 18 25 20 16 19 21 20 21 27 27 25 31 32 27 29 31 29 31 27 33 36 39 39 44 57 224 251 252 252 253 253 253 253 253 253 253 252 251 248 248 246 233 212 190 180 176 173 177 176 173 171 172 168 162 147 101 44 6 2 2 1 1 1 1 1 3 5 41 51 37 28 30 36 21 22 20 26 17 20 29 30 40 30 21 22 12 15 17 8 17 20 24 31 27 14 11 17 20 
19 15 21 26 29 23 29 32 27 29 32 29 31 27 31 30 30 28 28 31 33 36 34 40 42 49 60 166 251 252 252 253 253 253 253 253 253 253 253 253 250 251 251 251 250 246 227 221 211 207 201 192 183 174 177 179 177 150 127 94 36 6 3 6 4 4 16 27 48 65 69 28 20 23 24 26 28 23 33 31 23 24 18 24 24 18 20 19 27 16 13 25 18 34 27 24 25 26 19 17 
19 17 30 39 38 33 33 35 31 29 33 27 25 26 31 37 39 44 46 41 43 44 55 52 47 49 65 118 251 252 252 253 253 253 253 253 253 253 253 253 251 248 250 231 247 240 246 250 252 251 247 235 219 199 186 182 191 189 169 158 134 89 39 31 24 29 55 73 79 87 55 24 17 19 17 21 27 25 24 15 21 23 21 25 25 18 12 12 31 24 27 19 23 22 19 25 18 30 17 18 
19 25 23 32 43 47 43 43 43 40 37 32 34 30 26 29 49 61 58 54 48 57 62 62 56 51 110 239 251 252 253 253 253 253 253 253 253 253 253 253 251 217 106 189 198 244 251 253 252 252 252 251 250 250 246 240 242 235 221 216 163 133 105 75 39 22 66 102 92 38 22 24 19 17 15 11 20 19 22 26 17 20 17 23 19 14 21 23 18 24 23 21 23 19 21 27 28 15 12 21 
27 30 35 28 26 30 41 44 45 46 40 43 47 44 40 38 25 35 44 43 49 60 53 62 61 70 214 252 251 253 253 253 253 253 253 253 253 253 253 253 250 193 113 198 196 248 253 253 253 253 252 252 252 252 252 252 251 238 182 87 91 128 126 115 107 96 90 66 27 28 20 28 23 13 12 15 11 21 18 28 31 26 23 20 16 14 28 29 22 9 17 31 13 16 28 24 25 22 19 19 
39 41 48 46 44 29 28 38 38 35 41 48 46 44 46 44 46 39 33 31 41 55 53 59 60 79 234 253 252 251 249 252 251 252 253 253 253 253 253 253 250 200 128 205 220 251 251 253 253 253 252 250 247 233 212 120 104 42 33 51 60 57 45 68 48 29 33 37 35 24 21 26 20 15 14 16 14 21 25 22 23 18 12 13 26 27 29 34 18 24 18 20 17 19 48 29 26 22 8 16 
37 40 51 50 47 47 34 26 26 23 42 45 48 45 45 46 47 52 39 40 39 38 54 66 65 80 238 251 252 252 234 246 250 252 253 253 253 253 253 253 250 248 188 241 247 251 252 253 253 253 250 249 232 134 51 41 33 53 17 47 34 41 36 46 37 37 34 21 31 32 26 14 17 13 13 16 16 18 31 17 16 24 17 27 26 16 22 21 22 22 16 30 30 14 20 23 24 23 21 16 
36 40 52 48 49 49 45 33 25 24 20 24 34 42 43 47 56 50 41 50 58 56 40 47 53 66 237 252 251 246 149 108 167 245 253 253 253 253 253 253 252 250 252 252 251 250 252 253 252 252 250 213 84 43 33 31 30 44 26 38 37 43 38 37 43 44 33 23 20 25 21 23 15 14 12 15 15 11 20 18 13 26 23 33 21 23 24 17 35 16 22 29 18 19 30 32 19 21 9 12 
35 38 50 46 47 47 43 34 40 39 37 23 22 32 40 48 47 40 46 50 58 57 57 44 45 73 246 253 249 223 100 40 98 230 251 252 251 253 253 253 252 251 250 249 250 250 249 251 239 175 98 61 48 41 36 29 28 28 26 24 22 27 46 27 31 42 30 40 25 14 16 15 12 12 11 16 13 8 21 18 18 12 15 19 16 24 23 13 12 20 27 25 19 35 14 14 21 19 11 8 
19 29 47 46 47 47 43 44 45 39 43 38 31 26 33 47 36 48 65 63 65 67 66 65 59 87 249 250 246 215 141 56 53 98 176 248 252 253 253 253 252 252 244 226 196 167 157 102 63 55 45 44 41 42 29 34 36 29 32 30 10 12 19 32 23 21 26 19 18 22 20 20 10 13 16 20 19 11 9 22 15 22 14 18 23 18 27 17 19 14 16 28 21 23 10 16 12 12 7 12 
22 19 32 38 40 40 29 46 47 48 47 48 53 50 35 37 31 55 68 70 68 67 67 64 61 79 246 252 245 218 154 135 110 82 91 160 245 252 253 253 248 208 89 78 69 61 58 50 51 45 36 36 39 39 27 33 33 30 70 65 33 10 21 12 21 18 27 30 31 34 25 13 13 18 12 10 18 17 9 21 17 17 26 26 19 25 15 27 13 17 29 11 15 32 13 20 21 17 21 13 
33 27 22 32 37 22 49 57 61 50 55 58 60 57 58 32 40 30 39 53 62 61 63 62 56 59 162 249 249 238 168 163 161 123 126 136 194 242 249 222 100 59 55 55 54 53 47 50 47 36 30 31 31 30 36 40 34 25 56 193 50 20 30 15 29 27 41 35 31 27 21 14 10 11 20 16 18 19 16 12 18 16 16 12 24 22 14 14 39 17 18 34 31 22 10 11 16 17 13 17 
40 40 50 34 21 24 34 42 56 61 59 61 59 57 51 51 59 61 46 31 45 58 60 62 47 61 61 150 218 243 190 145 167 147 156 130 188 237 216 70 60 46 46 46 46 44 41 41 41 33 39 26 30 32 29 28 29 32 30 185 119 53 17 21 30 41 43 38 40 31 24 19 16 14 23 23 16 6 15 11 13 13 18 18 15 17 14 13 18 12 10 21 10 20 18 19 9 17 10 15 
40 47 54 34 32 33 31 26 29 44 49 39 45 58 45 61 61 63 64 60 38 34 45 44 56 62 61 65 167 245 233 159 170 219 176 164 185 247 160 52 48 39 48 45 42 38 40 42 37 34 32 24 25 27 26 26 27 29 35 51 178 44 25 18 35 36 39 42 44 37 26 28 24 14 25 19 17 12 7 4 6 16 30 17 18 20 18 29 28 25 28 21 17 16 19 21 9 10 11 11 
44 44 43 34 47 48 49 48 27 24 34 43 62 50 49 62 64 63 62 61 57 45 42 33 40 47 58 59 68 187 249 209 145 237 205 135 120 186 92 50 40 44 43 39 38 34 32 32 31 37 33 33 32 35 35 29 27 29 27 146 197 82 30 24 25 29 33 35 33 35 36 37 25 12 14 10 16 16 18 18 6 13 20 15 21 12 15 22 11 20 24 16 14 15 19 15 23 15 11 18 
36 42 36 53 53 53 48 41 45 41 30 39 35 40 60 61 59 58 57 52 62 61 52 55 37 31 43 50 54 77 214 244 183 182 172 169 107 58 48 42 41 42 38 34 31 33 34 35 35 38 34 37 30 23 17 27 23 25 25 69 243 178 41 23 14 25 35 26 29 36 39 31 31 20 12 22 18 18 14 13 8 5 12 17 12 12 11 8 14 18 28 16 22 18 12 23 32 19 12 16 
35 32 37 47 42 39 39 34 58 58 49 39 27 29 43 54 55 55 53 55 57 52 40 53 52 50 41 37 45 59 85 193 239 207 148 78 52 41 34 35 40 40 40 42 40 39 36 27 22 20 15 17 26 28 31 31 23 24 27 35 204 215 54 29 11 21 27 33 37 33 34 33 29 21 13 21 17 24 16 17 7 5 5 18 20 15 13 14 19 19 10 17 26 15 15 25 10 6 8 18 
21 23 30 28 49 49 47 55 54 54 54 36 51 42 26 30 50 54 53 53 54 44 51 57 57 56 47 40 43 47 39 58 130 223 242 225 197 139 97 44 41 34 25 30 21 21 21 19 23 23 20 21 25 24 25 31 29 27 29 35 121 190 84 57 22 12 12 29 32 32 35 25 19 23 22 15 14 12 7 13 14 10 8 14 29 27 19 15 28 14 11 16 15 17 18 28 7 17 12 9 
19 16 17 41 47 43 47 49 51 54 48 31 53 54 53 47 33 29 41 54 51 39 57 55 50 48 42 44 43 36 35 37 41 63 114 166 215 236 240 202 86 23 20 21 26 30 24 26 27 25 23 28 30 27 25 25 24 32 30 32 50 170 174 98 53 30 15 15 20 30 34 33 25 28 25 22 18 16 15 20 16 18 18 13 16 25 19 13 9 17 22 21 12 11 23 22 22 16 19 19 
15 24 21 24 35 44 49 51 53 52 38 44 50 48 45 45 37 37 35 38 25 43 48 43 37 34 36 38 40 37 38 42 34 27 44 70 98 94 115 163 189 88 23 23 28 30 23 29 27 24 25 26 26 27 21 27 24 26 31 32 34 154 238 202 74 38 17 13 27 36 31 26 26 29 26 23 20 19 15 17 14 17 17 12 9 16 16 15 12 26 13 10 30 7 8 22 20 18 12 17 
22 19 14 12 21 20 30 36 34 33 29 40 40 38 37 37 37 33 29 28 24 22 26 28 33 36 36 34 31 19 21 17 17 19 22 26 30 29 33 33 41 45 24 27 24 23 19 24 22 18 20 19 20 16 19 15 16 19 18 21 26 45 147 193 127 48 18 12 20 23 25 22 26 24 19 19 14 15 18 11 11 11 13 10 10 9 15 13 10 10 9 11 18 15 8 10 8 7 6 17 
21 27 31 32 25 25 25 22 23 21 33 35 31 22 27 31 30 31 28 25 32 32 25 16 20 18 15 15 15 14 22 22 18 18 22 28 31 21 30 29 27 24 24 23 23 21 17 22 20 18 18 18 16 18 14 16 17 17 16 18 20 21 67 151 104 40 23 15 9 21 22 17 19 21 22 18 15 13 17 13 16 11 14 15 11 8 8 9 8 7 7 12 13 14 7 13 15 14 7 17 
