185 185 184 184 183 183 183 183 182 164 120 102 93 87 85 78 75 73 75 73 70 69 69 67 68 70 67 67 71 75 73 73 77 75 71 72 75 73 76 125 158 159 159 158 156 157 155 155 153 154 152 151 151 150 149 149 149 148 147 147 147 145 145 143 144 142 142 141 140 139 138 137 136 134 132 132 127 117 113 113 109 105 105 107 110 115 121 117 106 89 74 65 61 61 64 69 71 72 73 73 
183 183 183 183 182 181 181 181 182 164 115 91 79 76 72 69 70 73 73 76 75 75 72 72 72 71 69 71 71 72 72 72 74 74 76 79 77 74 77 127 158 159 159 158 156 157 156 154 154 153 152 151 151 150 149 149 149 148 148 148 147 145 145 143 144 142 142 141 140 139 137 136 135 132 130 128 117 113 130 143 141 134 119 107 95 93 98 112 130 136 118 91 72 65 64 67 69 72 77 80 
182 182 180 180 180 180 179 179 175 143 109 97 90 88 89 88 85 82 78 75 74 74 76 76 78 80 78 78 81 82 78 77 80 81 83 84 84 79 84 137 159 159 159 157 155 156 156 154 154 153 153 152 151 151 150 149 149 148 148 148 147 145 145 143 144 142 142 141 139 138 137 136 134 130 127 112 112 135 145 148 149 150 149 150 150 150 150 151 154 154 153 145 125 99 82 75 79 85 96 99 
178 180 178 178 180 179 179 174 149 108 96 93 91 89 89 87 85 85 80 80 80 79 79 78 80 85 84 81 82 80 78 78 80 85 85 85 82 79 85 137 159 159 159 156 155 155 154 154 154 153 151 151 151 151 150 150 149 148 148 148 147 145 145 143 142 141 141 141 139 137 136 134 132 124 113 120 140 146 147 151 152 152 152 150 150 153 154 155 154 156 155 153 153 151 146 142 141 143 145 143 
140 144 146 152 154 156 158 141 108 101 104 102 99 93 90 83 81 78 77 78 76 77 80 80 80 83 83 80 82 82 82 82 81 84 83 86 84 83 89 138 158 158 158 157 156 156 154 154 154 152 151 151 151 151 150 150 149 148 148 148 147 145 144 143 142 141 140 139 138 136 135 131 121 111 128 144 150 150 151 152 153 152 152 152 155 155 156 157 156 158 156 154 151 150 149 149 144 144 146 146 
195 193 189 183 174 164 131 104 105 108 110 109 109 109 108 106 104 103 102 97 91 87 80 71 67 49 45 50 58 63 69 71 77 80 85 91 101 112 135 156 155 157 156 156 156 155 155 153 153 152 151 151 151 151 150 149 148 147 148 148 146 144 143 143 142 141 140 139 137 134 129 117 113 134 146 150 153 153 151 152 154 154 155 155 153 157 157 156 156 155 157 156 152 149 150 147 137 141 147 148 
103 161 205 209 206 167 110 106 111 113 114 112 111 110 108 105 106 107 107 103 100 94 88 86 107 124 133 139 143 147 149 152 158 161 160 160 159 159 158 157 156 156 155 156 154 154 154 153 153 152 151 150 151 150 150 149 148 147 147 146 144 144 141 141 141 140 138 136 135 129 113 119 139 147 153 153 155 157 156 154 157 155 157 157 156 159 159 158 157 156 156 154 153 151 150 148 142 145 151 152 
122 165 204 206 178 119 108 113 117 117 118 116 112 108 104 103 105 106 101 99 95 89 85 126 180 181 173 164 157 150 141 133 125 120 121 123 126 130 132 134 137 141 145 147 151 152 150 152 152 151 149 148 149 148 147 147 146 145 145 144 142 142 141 140 140 139 138 134 125 110 127 142 148 151 153 155 156 156 156 156 158 157 158 160 156 159 159 158 158 158 154 153 153 152 153 150 150 153 154 152 
117 164 201 192 132 109 112 115 118 118 118 116 110 106 104 104 102 101 98 95 90 86 107 183 202 202 204 202 202 202 200 200 200 195 190 184 176 169 161 153 144 136 127 119 114 114 117 120 121 126 128 130 133 136 140 144 145 144 145 144 141 141 140 140 137 136 132 119 111 131 146 149 153 154 154 154 156 157 159 158 159 159 160 160 159 159 159 158 159 158 155 154 154 152 152 152 154 153 154 154 
198 199 197 153 111 111 115 116 117 118 116 113 108 104 104 104 100 99 96 90 87 107 177 199 199 199 200 200 199 199 199 199 199 199 198 197 196 196 196 195 193 191 191 191 188 182 175 166 158 151 142 135 127 120 112 107 108 109 111 116 116 120 123 127 127 125 114 113 136 146 148 152 156 156 155 155 157 159 160 160 160 160 161 161 161 161 162 161 159 158 155 155 155 154 154 155 156 156 154 155 
200 198 169 116 111 115 117 118 119 119 114 111 108 107 107 103 98 97 91 86 109 176 200 199 198 198 198 198 198 198 198 198 197 197 196 194 194 193 193 192 191 191 190 189 188 187 185 186 184 184 184 184 183 182 180 177 171 164 156 146 136 117 112 106 100 96 113 135 143 149 152 154 156 156 156 157 160 161 161 161 161 162 163 162 161 161 161 161 159 157 155 157 157 157 157 157 157 156 155 155 
198 173 123 111 114 117 121 121 119 116 112 112 109 110 108 102 96 92 88 114 181 196 197 197 197 197 197 197 197 196 196 196 195 195 194 193 192 191 190 189 189 189 187 187 186 184 184 183 182 182 182 181 181 181 180 178 178 177 175 170 151 135 132 130 130 134 138 144 149 152 155 156 154 157 158 160 162 162 162 162 163 163 162 162 162 161 161 160 159 158 157 158 156 157 158 157 159 157 156 154 
175 124 112 116 118 122 122 122 118 114 111 112 110 109 105 97 91 88 116 181 194 194 195 195 195 195 195 195 194 192 192 192 191 191 190 189 189 188 187 186 185 185 184 183 183 181 181 181 180 180 180 179 179 179 178 177 175 174 165 146 135 133 132 138 143 143 148 153 154 156 158 159 158 160 162 164 165 163 164 163 165 165 163 163 164 162 162 162 161 161 159 158 158 160 159 158 159 158 156 155 
125 113 116 119 123 125 122 120 117 115 112 110 109 103 100 93 85 112 177 191 192 192 192 192 192 192 192 192 190 190 188 188 188 188 188 186 185 184 184 183 182 182 181 180 180 179 179 180 179 178 178 177 176 176 175 175 173 159 139 133 132 130 136 144 148 149 152 157 157 159 160 160 161 163 164 164 164 165 165 165 166 167 166 165 163 163 164 163 162 161 161 161 161 164 162 161 160 160 158 156 
115 118 122 126 125 121 119 118 116 115 112 108 105 100 93 89 115 174 187 189 190 189 188 188 188 188 188 187 186 186 185 185 184 184 183 182 182 181 180 180 180 180 179 178 177 177 177 176 176 175 175 175 175 174 173 169 153 135 130 129 130 139 145 148 150 154 156 157 158 160 161 161 163 165 164 164 165 166 166 167 168 168 168 166 165 165 165 166 164 163 163 162 162 163 162 160 160 161 161 158 
122 125 126 125 122 119 118 118 115 112 107 102 96 89 90 124 175 182 183 184 186 184 183 183 183 183 182 182 182 182 181 181 180 180 179 179 179 178 176 176 177 177 175 176 174 174 174 172 172 171 171 171 171 171 168 151 133 129 128 130 138 145 150 153 154 155 156 158 159 160 161 163 165 165 165 167 168 168 168 168 168 168 168 167 167 167 167 166 165 163 164 165 164 162 163 161 161 161 161 158 
127 126 125 121 119 120 120 117 113 108 101 93 86 92 135 175 180 181 182 181 180 179 179 179 179 178 178 178 178 178 178 178 178 178 176 176 175 175 174 174 174 174 173 172 172 171 171 169 169 169 167 167 168 162 142 131 127 127 127 137 145 149 153 154 156 157 156 158 162 163 164 165 166 166 166 168 170 168 168 168 168 168 167 167 167 168 167 165 165 165 163 164 165 165 164 164 163 160 162 160 
128 124 121 120 120 120 119 113 107 101 93 88 106 155 177 179 178 178 177 176 175 174 175 174 173 173 174 174 174 174 174 174 173 173 173 173 172 171 171 170 170 170 170 170 169 168 168 165 165 165 164 163 158 137 127 127 124 128 135 141 147 152 155 154 155 157 158 161 163 164 164 164 165 166 167 168 169 168 169 168 168 166 165 164 165 167 167 166 165 165 164 166 165 165 164 164 162 161 162 160 
122 120 120 120 121 119 112 105 97 90 92 124 168 173 175 175 174 174 173 173 172 171 171 172 172 173 173 173 172 172 172 172 171 171 171 171 171 170 169 169 168 167 166 166 165 165 164 163 161 160 158 149 132 123 121 124 130 136 143 146 149 153 154 154 156 158 159 161 163 164 164 165 165 166 166 168 168 168 169 167 166 165 164 162 162 164 166 166 166 166 164 167 166 164 164 164 163 163 162 162 
123 121 123 121 117 109 103 95 88 105 157 184 183 185 185 185 184 183 183 182 181 179 178 177 176 175 174 173 174 172 173 171 172 171 171 171 170 169 169 168 167 165 164 164 162 161 160 159 156 154 139 125 120 116 122 130 136 142 147 152 152 154 156 157 158 159 160 161 163 165 165 166 167 168 168 167 167 167 168 166 165 166 165 164 164 166 165 166 168 168 164 164 165 165 164 164 163 162 160 159 
123 121 119 114 105 98 91 92 131 175 185 187 188 187 187 188 188 190 190 190 189 190 190 190 191 191 189 188 188 187 185 184 183 182 180 179 177 176 175 173 171 169 167 166 164 162 160 158 151 133 117 115 117 121 128 136 141 147 149 152 153 155 157 159 160 161 163 162 162 163 165 166 167 168 168 168 168 167 167 166 165 166 166 164 164 167 167 167 166 166 166 165 165 165 164 163 163 161 161 159 
119 113 108 101 93 87 94 126 152 156 163 169 175 179 185 186 189 188 189 189 189 189 189 190 190 189 189 189 189 189 189 189 189 189 189 189 188 187 187 187 184 183 180 178 176 174 171 164 131 113 110 108 119 126 133 140 145 149 150 153 155 158 159 160 162 163 163 160 162 165 167 166 166 167 169 168 168 167 166 166 166 166 169 168 167 168 168 167 166 167 164 163 163 163 163 161 162 161 159 158 
111 104 96 89 89 95 101 100 101 102 102 104 105 104 107 110 114 118 123 129 134 136 140 144 149 153 158 164 167 172 178 181 183 184 184 185 186 185 184 183 181 182 180 179 178 178 176 169 132 114 111 112 122 131 139 145 148 150 151 154 155 159 160 162 163 165 166 164 163 165 166 165 165 166 168 168 168 166 167 167 168 167 167 167 166 166 167 168 167 165 165 166 165 164 163 162 163 162 161 159 
103 93 86 89 92 92 93 93 93 94 94 94 93 92 94 96 96 98 99 100 100 100 102 104 104 104 104 104 106 106 104 99 87 80 84 94 103 111 121 134 138 140 147 151 154 158 161 161 132 115 113 117 126 134 140 144 147 149 150 155 155 158 159 161 164 165 166 165 164 164 165 164 164 166 168 167 167 167 167 167 168 168 166 166 165 165 166 166 167 165 166 166 166 164 163 163 162 160 159 157 
91 89 100 101 99 98 97 96 96 94 93 91 90 91 90 91 92 90 90 91 92 91 90 90 90 90 91 93 95 92 79 50 48 48 46 47 52 56 59 53 61 85 90 90 93 93 93 95 95 92 89 104 125 134 138 142 146 147 150 153 153 156 158 161 163 164 164 165 164 163 164 164 164 166 168 167 167 166 165 167 168 165 164 166 166 167 168 167 167 165 166 166 164 164 163 161 161 162 159 158 
97 115 123 125 125 125 126 127 127 128 128 126 125 125 123 121 120 116 114 112 110 107 104 103 103 99 92 78 66 62 58 53 47 45 62 76 81 79 72 66 52 52 63 76 80 83 83 84 83 84 87 105 126 131 135 140 144 147 149 151 151 155 156 159 160 161 162 163 162 162 164 164 164 166 167 167 167 166 164 166 165 162 163 168 167 167 167 169 167 166 168 167 166 166 164 163 162 160 162 161 
127 128 129 130 131 131 131 131 132 133 134 133 133 135 135 134 134 135 135 134 133 132 131 130 131 115 69 46 43 40 37 36 53 73 60 33 33 46 50 48 44 43 37 54 80 87 86 82 80 84 104 117 126 132 134 140 143 146 150 151 150 153 155 158 158 159 161 161 162 163 164 164 164 165 165 167 167 166 164 164 161 162 165 167 166 167 169 170 168 166 166 165 165 165 163 163 163 163 162 160 
130 132 132 133 134 135 135 135 137 137 137 139 138 137 138 138 138 138 138 138 136 134 134 130 106 44 35 49 41 36 40 55 87 69 45 35 32 32 31 32 36 34 30 34 58 87 91 94 96 114 122 123 129 135 136 141 144 146 149 153 152 154 155 156 158 159 160 160 163 162 164 165 165 163 165 167 166 167 159 159 162 166 168 167 167 168 169 168 168 167 168 168 165 164 163 163 163 163 162 161 
142 140 141 140 139 137 135 135 136 136 135 139 140 141 143 142 142 141 141 142 141 137 108 68 40 33 34 47 32 37 54 61 73 71 43 32 27 28 28 29 32 32 32 35 44 67 96 99 101 121 122 128 133 138 141 145 146 148 151 155 154 156 157 158 158 160 162 163 163 162 163 163 164 163 165 166 168 167 167 165 166 168 167 167 167 167 168 166 167 168 168 168 166 165 165 165 163 163 163 161 
173 181 183 181 178 177 176 174 168 146 136 143 142 143 143 143 143 141 141 144 131 89 67 54 33 28 26 30 34 47 48 45 61 65 33 21 21 27 26 27 31 32 29 31 39 49 97 103 104 120 123 129 135 138 145 147 148 148 149 152 153 156 159 158 159 162 164 164 164 164 164 165 166 165 165 165 167 168 168 168 168 168 166 166 169 167 168 168 168 168 168 168 165 165 166 165 163 162 162 161 
88 90 92 96 103 103 106 123 137 143 139 145 145 144 144 144 144 143 143 135 78 44 47 48 34 31 29 30 35 41 42 42 49 56 39 26 29 38 36 30 32 29 24 28 42 50 92 105 104 123 121 129 134 138 143 146 147 150 151 151 154 159 157 158 162 162 163 163 164 165 164 166 166 166 166 166 167 167 168 168 168 168 168 169 169 167 167 168 169 169 167 168 165 165 165 164 164 164 161 161 
100 97 97 98 97 95 94 104 114 137 139 146 145 146 146 146 146 146 143 110 47 40 35 32 29 28 26 28 32 38 42 48 45 44 37 37 50 49 44 40 37 32 22 26 34 44 88 103 101 121 119 131 135 139 142 145 147 150 153 155 157 159 161 161 163 163 164 164 164 165 163 166 166 166 167 166 168 167 169 169 169 169 170 171 170 169 167 168 169 169 165 166 167 167 166 164 164 164 164 163 
102 101 104 103 104 105 105 106 109 140 140 144 146 147 148 146 146 145 142 85 40 38 35 32 31 28 28 28 31 36 46 51 54 52 52 55 67 52 45 36 34 32 27 27 29 39 91 101 105 123 123 132 136 137 142 147 149 149 155 156 157 159 159 159 160 161 162 163 163 167 164 165 166 166 166 168 167 168 168 168 170 170 172 172 171 169 168 168 168 169 169 166 166 166 166 166 165 163 162 161 
112 114 117 115 116 117 117 114 117 142 142 145 148 149 149 148 148 145 137 75 42 38 34 31 32 33 29 27 25 27 41 60 62 56 52 53 53 45 41 33 30 32 30 25 29 43 91 99 102 121 123 134 137 138 141 146 149 151 156 157 157 159 158 159 161 162 163 164 164 167 165 165 166 168 168 167 168 168 169 169 170 170 171 171 171 170 170 170 169 170 169 166 167 167 166 166 166 165 163 163 
221 217 214 208 204 198 191 184 175 155 143 147 150 149 149 149 147 146 137 74 42 36 34 38 39 31 25 25 26 25 30 49 56 50 52 51 47 39 40 35 30 28 28 27 29 43 76 100 107 124 122 133 137 137 141 145 150 153 156 158 157 159 158 160 160 162 163 164 166 167 167 167 167 168 168 168 168 168 169 169 169 170 170 171 171 171 171 171 170 170 169 168 168 168 166 166 166 165 164 163 
251 252 252 251 250 252 251 250 244 168 145 148 151 150 151 150 148 147 138 66 38 36 40 41 37 31 23 23 26 24 27 31 36 39 41 40 35 33 36 32 30 29 24 28 34 36 39 71 100 123 124 132 135 137 142 147 150 152 156 157 157 159 159 160 162 163 164 166 167 167 166 166 167 169 169 168 170 171 171 171 171 170 170 173 172 171 172 170 170 170 170 169 168 166 168 167 166 165 165 164 
155 164 170 171 173 176 173 174 176 155 146 151 152 151 150 150 149 148 137 63 38 35 36 38 35 28 27 37 31 26 29 27 34 44 38 34 31 30 31 31 30 26 25 28 39 40 29 44 88 124 125 132 136 138 143 147 150 152 155 158 157 159 161 161 163 165 166 167 168 167 167 167 168 169 169 168 170 171 171 171 171 170 170 173 173 172 172 171 170 170 170 170 169 168 168 167 166 167 167 166 
112 114 118 120 117 118 120 119 121 147 147 152 150 152 152 150 150 149 145 87 40 32 35 43 32 24 30 50 29 26 29 27 27 32 33 31 33 34 26 29 29 28 29 46 52 43 30 40 72 111 124 131 135 139 144 147 151 153 156 158 158 160 162 162 164 165 166 166 167 168 168 168 169 169 169 169 170 172 172 173 173 172 172 173 173 172 172 172 171 171 171 169 169 169 168 167 167 167 168 168 
117 117 117 118 118 121 121 121 122 136 138 141 142 144 145 145 147 146 148 123 51 37 33 36 31 25 26 29 26 29 27 25 24 25 25 28 33 33 28 39 37 39 42 51 41 35 25 22 28 44 88 125 135 139 145 148 151 153 156 158 159 159 163 164 164 166 167 167 166 167 168 169 168 170 169 168 170 173 173 172 172 173 174 173 172 172 173 172 171 170 172 170 169 168 167 167 168 169 168 166 
174 172 168 164 159 153 145 137 129 120 116 115 116 115 114 116 118 117 119 115 71 44 37 35 34 31 25 27 29 27 23 23 21 22 22 28 31 30 31 34 36 38 42 40 32 28 25 18 20 23 28 68 121 139 146 148 151 154 155 158 159 158 163 164 164 165 168 169 167 168 169 169 169 171 170 170 172 172 172 172 172 173 174 175 172 172 173 172 171 169 169 170 170 168 169 168 168 169 168 166 
193 197 200 203 206 209 209 210 205 156 144 146 144 143 140 137 137 136 132 126 119 72 44 36 33 30 29 27 24 23 22 21 22 23 21 22 30 31 27 29 30 35 41 30 24 24 31 17 16 18 21 27 65 125 145 148 151 154 154 159 160 160 163 164 165 166 167 168 167 169 171 170 170 171 171 172 172 171 172 172 172 174 174 174 174 174 174 171 172 172 170 170 170 170 170 169 168 167 167 166 
141 141 143 145 142 142 143 145 149 149 146 150 151 153 152 152 152 151 153 150 150 134 79 41 29 26 26 27 26 23 23 21 22 26 28 29 26 29 28 25 27 30 27 19 23 42 21 17 17 17 19 20 28 76 135 148 151 154 155 159 159 160 163 164 164 166 167 169 168 169 170 171 172 172 173 172 172 172 171 171 172 174 174 174 174 174 172 172 175 172 170 170 171 169 168 168 168 168 167 166 
171 183 190 192 189 185 193 195 174 150 148 152 152 153 153 153 153 153 153 152 151 149 144 82 32 24 24 23 24 22 22 21 21 22 24 23 21 24 26 20 18 18 20 23 44 28 17 16 16 15 18 20 23 30 48 87 133 153 154 157 160 161 163 165 164 167 168 169 170 170 171 171 172 170 172 172 172 172 171 170 172 175 175 174 174 174 173 172 173 171 170 170 171 170 169 167 167 169 169 168 
194 202 207 210 208 206 218 216 181 151 147 152 151 145 139 147 150 151 152 151 150 148 146 134 92 34 25 22 22 22 24 23 23 21 19 19 19 19 19 18 17 19 34 40 21 14 16 15 15 16 18 20 21 22 23 34 56 112 148 158 160 162 163 165 167 168 168 169 169 170 171 174 171 171 173 173 174 173 172 171 173 175 174 173 173 173 172 172 171 171 170 170 171 167 170 169 168 169 170 169 
151 152 158 162 162 164 163 164 158 147 144 149 149 140 130 128 139 149 150 151 150 148 146 147 129 60 28 26 23 20 19 18 20 21 20 19 19 20 19 21 21 30 31 17 15 15 14 15 15 15 17 17 20 19 20 21 25 27 72 141 158 159 163 164 168 169 168 169 170 170 171 172 173 171 171 171 173 173 173 173 174 174 173 173 173 173 174 173 171 171 171 171 170 172 170 170 169 169 168 168 
144 145 144 144 144 145 146 147 148 146 145 149 149 161 148 128 127 147 149 150 149 148 148 147 143 107 56 40 33 26 22 21 22 22 21 21 25 30 26 21 17 16 16 14 14 14 14 16 16 16 16 17 19 21 20 22 23 22 26 57 137 159 160 163 165 168 168 170 171 171 171 171 172 171 169 171 174 174 174 174 176 175 175 175 175 175 174 174 173 172 173 173 168 169 169 171 171 170 168 167 
144 145 145 146 146 147 148 148 149 147 146 148 152 137 115 115 129 144 148 149 148 147 147 146 145 138 83 45 43 31 29 28 21 21 24 26 21 17 17 16 15 15 14 14 14 14 14 15 15 16 16 15 17 19 18 19 20 21 27 35 61 141 162 163 165 167 169 171 170 172 171 173 173 171 170 170 173 175 175 175 176 177 176 176 174 173 173 173 173 172 173 173 172 170 171 170 169 170 170 168 
143 143 143 145 145 146 147 147 146 146 145 148 166 115 105 122 143 146 147 147 147 147 146 146 145 143 118 50 39 43 32 30 26 21 27 29 22 16 17 16 15 15 15 14 14 14 14 15 15 16 16 16 17 17 16 17 18 19 24 30 39 65 134 160 165 167 169 171 170 173 171 173 172 171 173 173 174 175 175 176 176 177 176 175 173 173 173 173 173 173 173 173 174 172 173 171 171 170 170 168 
122 123 122 122 123 122 122 123 124 123 123 123 122 115 115 123 122 123 123 124 124 125 125 124 123 122 117 71 38 37 34 30 28 25 27 33 28 19 16 16 16 16 16 16 16 15 14 15 16 16 16 17 17 17 18 17 17 18 22 27 39 39 53 126 157 166 167 170 171 171 172 172 174 173 173 174 176 176 176 174 175 176 176 176 175 174 174 174 175 173 172 172 171 172 170 171 169 170 168 169 
136 134 133 133 133 132 132 130 129 129 129 128 127 125 126 125 123 122 122 121 120 120 120 120 119 118 117 99 52 40 37 30 31 30 27 24 26 20 18 17 17 16 16 15 14 14 13 15 16 16 16 16 16 16 16 17 17 18 20 26 33 44 41 44 99 156 166 168 170 171 172 173 174 173 173 175 176 176 176 175 176 176 175 176 175 175 176 176 173 175 175 175 172 163 139 152 167 168 167 164 
199 198 198 198 199 199 199 199 199 200 200 199 199 200 200 199 199 200 200 200 199 198 198 197 195 194 191 183 100 45 35 33 32 31 30 30 25 17 18 17 16 16 16 16 15 15 14 15 16 16 16 16 16 16 17 18 17 19 21 26 30 32 45 52 46 80 124 158 169 171 172 174 174 174 174 174 176 178 178 176 176 177 176 178 175 177 176 176 175 174 169 157 119 62 43 117 168 142 139 103 
202 201 202 202 202 203 203 202 202 202 203 203 203 202 203 203 204 204 204 204 204 203 202 201 202 201 200 199 170 61 38 33 32 31 29 29 29 28 23 18 17 16 15 15 15 14 14 16 16 15 15 15 16 17 20 21 21 21 21 22 25 29 25 29 44 50 46 43 63 104 136 163 170 173 174 174 176 179 179 177 178 178 178 178 176 178 177 175 136 124 88 56 44 39 40 76 157 95 73 54 
202 202 202 203 203 203 202 203 204 203 202 202 202 202 203 203 204 204 204 204 204 204 203 203 203 203 201 199 197 131 42 33 31 30 28 27 27 28 30 26 20 16 15 14 14 14 14 16 16 17 17 17 19 20 21 22 21 20 21 21 21 22 21 21 21 26 31 33 33 33 33 42 56 77 90 108 125 148 155 163 169 175 177 179 184 190 195 190 92 64 50 39 29 30 50 131 150 74 50 40 
202 202 201 203 204 203 201 199 195 197 195 187 198 202 202 204 204 204 204 204 204 204 204 204 203 203 202 200 199 192 103 38 33 30 28 28 28 27 26 23 20 18 16 15 15 15 15 18 18 19 19 20 21 22 22 22 20 19 19 19 20 20 20 20 21 20 20 19 23 25 30 31 29 30 31 31 35 43 53 56 61 81 103 124 148 151 139 110 55 41 36 34 26 26 56 130 118 54 46 33 
202 202 201 203 204 203 202 206 191 192 186 185 199 204 204 203 203 204 204 204 204 204 203 203 203 203 201 201 201 199 190 96 38 35 32 28 24 20 19 18 17 18 16 15 15 16 16 19 18 19 20 20 21 21 21 20 18 17 17 19 21 21 21 22 22 21 20 20 20 17 20 25 29 30 31 31 31 33 34 33 35 41 51 46 42 46 45 41 39 30 30 27 30 37 59 69 47 34 31 27 
202 202 201 203 203 203 203 200 195 195 194 193 200 203 205 204 204 204 204 204 204 203 203 202 202 202 201 201 199 197 197 156 56 50 42 29 23 20 20 18 16 16 15 15 15 18 18 18 17 17 17 18 19 19 19 18 16 15 17 20 22 22 22 21 21 20 21 21 19 16 15 17 18 18 18 19 21 21 22 26 25 27 27 28 28 31 33 33 38 41 43 40 41 39 34 31 31 28 28 26 
202 202 202 202 202 203 203 203 203 203 202 201 200 203 204 204 204 204 204 204 203 203 203 203 202 200 200 200 199 198 197 138 49 44 46 36 26 23 20 18 17 17 17 16 16 18 18 17 16 17 16 18 20 20 20 19 18 18 19 21 21 20 21 21 20 20 20 20 18 16 14 14 15 16 16 16 16 17 18 18 19 21 22 22 24 27 28 30 29 33 35 35 33 31 29 28 28 28 27 19 
202 202 202 202 202 203 202 203 202 203 204 204 203 204 205 204 204 204 204 203 201 202 203 202 202 200 200 200 199 197 195 114 43 39 38 45 33 25 21 20 19 18 17 17 17 17 17 17 16 15 16 19 20 19 19 18 18 17 17 19 19 20 20 20 19 19 19 20 17 14 13 13 15 16 16 15 15 15 16 17 18 19 20 23 27 30 27 28 29 35 37 34 36 34 30 29 27 32 29 30 
201 201 202 202 202 202 202 204 201 202 203 204 205 203 203 203 204 204 204 204 203 203 202 201 202 200 200 199 198 196 193 91 44 39 30 34 38 32 26 20 20 19 18 18 18 17 16 18 18 17 16 19 20 20 18 17 16 16 16 17 18 18 17 17 18 17 18 17 15 14 14 15 17 17 16 16 14 14 14 14 15 15 17 20 24 26 30 37 37 33 38 33 29 29 27 28 28 30 35 35 
201 201 201 202 201 202 203 203 203 203 203 204 205 204 204 205 205 204 204 203 202 202 202 201 201 200 199 199 197 196 191 80 41 34 31 28 28 32 32 23 21 19 19 18 19 19 18 19 17 16 16 19 20 20 18 15 13 14 13 15 18 17 18 16 17 17 17 16 15 14 16 19 18 16 15 14 13 13 13 12 14 16 18 20 20 24 29 30 27 30 30 30 33 43 72 82 84 89 82 78 
200 200 199 200 200 201 202 203 203 203 203 203 204 204 204 205 205 204 204 203 203 202 201 200 201 200 199 198 197 195 189 76 41 34 31 28 25 25 26 24 23 22 20 21 20 21 20 19 17 18 16 17 18 19 18 16 16 16 17 16 18 17 17 16 16 16 16 15 14 13 15 18 17 15 14 13 12 14 14 15 17 16 21 23 28 26 35 39 36 41 59 80 101 118 131 132 129 127 121 121 
199 199 199 199 199 200 200 202 202 203 203 203 203 203 203 203 203 203 203 203 203 202 201 201 200 200 198 197 198 195 184 69 43 34 30 28 25 26 25 24 23 23 23 24 21 21 21 20 16 17 16 17 19 19 18 16 17 17 17 16 15 15 16 23 42 18 17 17 17 16 16 16 16 18 23 33 41 50 61 79 91 98 107 110 117 121 126 132 129 125 133 134 133 131 134 137 137 135 132 130 
198 198 198 199 198 200 200 201 201 202 202 202 203 203 203 203 203 203 203 202 202 201 200 200 200 199 198 197 197 195 183 65 41 33 28 25 25 27 25 21 22 23 23 22 21 21 20 19 17 17 16 17 18 19 17 16 18 17 16 16 14 14 15 34 120 108 33 23 22 18 31 61 78 92 112 125 126 131 134 115 125 131 133 134 133 132 137 135 131 134 135 130 135 135 136 141 143 141 137 134 
198 198 198 199 198 199 199 200 201 201 201 202 204 203 203 203 203 202 202 201 201 200 200 199 198 198 198 198 195 193 176 61 39 32 26 26 28 29 26 23 24 24 24 23 20 20 18 17 15 16 16 15 17 17 15 15 16 16 16 16 14 15 15 51 137 154 132 103 100 100 133 139 139 141 142 140 135 131 76 28 46 72 119 128 132 134 134 133 133 133 132 127 127 136 138 140 139 141 141 142 
196 196 198 198 198 199 200 199 199 200 200 202 201 202 202 201 201 201 201 201 201 201 200 199 198 198 197 195 194 193 148 50 38 32 29 31 31 29 26 25 23 24 22 23 21 19 19 20 18 17 18 17 16 16 15 15 15 15 12 11 15 14 24 82 146 155 150 150 146 149 148 148 143 145 141 139 123 66 34 20 14 31 100 125 129 131 138 135 136 134 133 133 132 136 136 138 133 137 140 142 
196 196 197 197 197 199 199 199 199 200 200 200 201 200 200 201 201 201 201 200 199 200 200 199 198 197 196 194 187 175 87 42 34 30 31 32 34 30 27 25 24 24 22 23 22 21 19 19 18 17 17 17 16 15 15 15 15 14 13 14 15 17 56 119 153 155 154 153 149 150 145 146 142 141 143 138 88 31 23 17 17 23 69 119 129 131 138 137 136 133 134 135 135 137 134 138 137 136 137 140 
196 196 196 196 197 198 198 199 199 199 199 200 200 200 200 200 200 200 200 200 199 198 197 198 198 196 195 188 162 138 58 38 33 31 29 30 31 28 26 26 25 24 22 22 22 21 20 18 16 18 17 18 16 16 17 17 15 14 14 14 16 43 100 147 154 156 153 150 149 146 145 142 144 144 144 141 85 30 17 13 17 23 59 112 128 132 137 137 132 134 137 136 134 136 134 134 137 138 135 139 
195 195 196 196 196 197 197 198 198 199 199 200 200 199 199 199 199 199 199 199 198 197 196 196 196 195 209 200 168 119 46 35 32 28 28 29 31 29 26 23 22 23 20 21 21 19 18 17 18 17 16 17 17 17 16 17 15 14 16 16 29 88 141 153 149 150 153 150 148 147 147 146 143 144 143 126 65 34 22 18 21 27 60 112 127 131 133 134 132 135 139 135 132 134 135 133 136 140 136 135 
195 195 194 194 195 196 197 198 198 199 199 198 198 199 199 199 199 199 199 198 198 197 196 196 196 201 235 211 160 79 40 35 30 29 28 29 30 28 25 23 22 21 21 20 19 19 17 18 17 16 16 16 17 16 16 16 15 14 16 25 79 140 152 152 152 149 149 151 145 147 148 145 142 140 120 62 30 22 18 20 17 33 63 113 126 129 131 132 134 133 136 136 130 131 134 130 133 140 137 134 
194 194 194 194 194 195 196 196 197 198 198 199 199 199 199 199 199 198 198 197 196 196 196 196 195 194 195 159 129 57 39 32 31 28 25 26 27 27 25 23 21 21 21 19 18 17 17 18 17 17 16 16 16 16 15 14 14 15 18 84 136 158 153 149 152 149 149 147 145 145 145 144 137 98 46 26 23 25 32 50 43 45 72 115 122 126 127 134 137 134 134 138 133 133 132 132 135 136 134 130 
194 194 194 194 193 194 194 195 196 197 197 199 199 199 199 198 198 198 198 197 196 196 195 195 195 194 193 187 122 51 37 32 30 27 25 26 26 25 24 23 21 20 21 21 20 19 18 19 19 18 17 16 16 15 14 14 15 16 23 52 86 119 143 145 148 150 146 145 148 146 133 95 57 34 36 38 40 76 113 126 82 61 73 108 120 128 131 131 134 135 134 136 133 130 129 128 133 132 134 131 
192 192 192 192 191 193 194 195 196 196 196 197 196 197 197 198 198 198 198 197 196 196 195 194 193 193 192 205 105 41 34 30 27 26 23 24 23 22 21 21 21 20 20 19 19 19 17 18 18 17 15 15 16 16 16 16 16 18 18 21 25 25 36 63 90 101 94 92 92 74 43 37 37 36 33 56 113 134 137 136 113 74 75 100 117 125 128 126 124 130 130 132 133 132 133 131 131 129 132 130 
191 191 193 193 193 193 193 194 195 195 195 196 197 198 197 197 198 196 196 196 197 196 194 194 193 191 191 206 81 40 33 29 27 26 24 22 23 23 22 20 19 19 19 18 18 16 16 18 17 16 14 15 15 14 14 15 16 17 16 17 18 23 21 20 23 24 29 32 30 28 27 30 26 34 91 132 137 137 138 137 127 96 76 90 111 125 128 131 127 125 129 130 131 130 132 133 132 132 131 133 
190 190 191 191 192 193 194 194 195 194 194 194 195 197 197 196 197 196 196 195 195 194 193 193 192 191 190 197 59 37 31 27 27 26 24 22 20 21 21 21 19 19 19 19 19 17 16 17 17 16 14 16 16 16 14 14 16 16 14 18 18 20 21 20 23 21 20 25 21 20 19 34 83 123 135 134 138 137 137 134 133 114 88 88 104 118 128 129 131 129 126 128 130 133 133 132 134 132 130 130 
188 188 189 189 190 193 194 194 193 193 193 193 193 195 195 195 195 195 195 194 194 193 193 193 191 190 189 175 48 35 30 27 25 24 23 21 21 20 20 20 19 19 19 18 18 18 17 15 15 15 13 14 15 15 13 16 19 19 22 22 19 20 17 17 18 19 22 23 27 60 97 130 135 137 133 136 142 137 141 135 136 126 103 85 96 111 121 124 129 133 128 127 128 130 132 132 133 131 129 135 
187 187 187 188 189 190 191 192 191 193 192 193 193 194 194 195 195 195 195 193 193 193 193 192 190 189 188 156 43 34 29 26 25 25 23 21 20 19 20 20 19 18 18 18 17 15 14 14 14 14 13 12 13 16 16 32 64 84 101 116 111 91 71 47 32 24 24 59 118 137 135 134 133 135 136 137 143 140 140 139 133 129 113 95 90 99 107 112 117 121 124 129 126 125 125 125 131 129 127 131 
186 186 187 188 189 190 190 190 190 191 191 192 192 193 193 193 193 193 193 193 193 192 191 191 190 189 184 89 41 32 27 24 25 25 23 21 20 19 20 20 19 18 17 16 16 15 14 12 12 12 12 13 15 13 45 120 146 155 153 152 149 151 144 142 137 130 126 139 139 138 134 133 134 134 136 138 141 139 140 134 133 130 118 104 91 92 96 102 108 109 115 116 119 118 119 116 121 125 122 122 
188 188 190 190 188 190 189 189 190 190 191 192 192 192 192 192 192 192 192 192 192 191 190 189 189 188 171 63 39 32 26 24 25 25 23 22 19 17 17 18 18 17 17 17 15 14 14 13 13 13 13 14 13 19 83 141 152 156 155 154 149 150 147 146 147 143 144 146 141 136 138 136 137 137 139 138 137 136 138 133 133 133 124 108 98 88 87 93 99 101 110 109 110 114 113 110 112 115 114 113 
202 202 201 200 194 188 188 189 190 190 190 190 190 191 191 192 192 192 192 191 191 191 191 189 188 187 169 55 35 31 26 24 24 24 22 20 18 18 17 17 17 18 18 17 15 13 13 13 13 14 13 14 14 30 105 145 154 152 155 153 151 148 144 147 148 145 143 140 137 140 135 130 132 136 138 137 138 136 138 134 131 131 127 115 104 87 82 84 87 92 96 97 101 108 110 107 105 109 108 110 
183 198 198 197 195 186 186 187 187 187 187 187 187 188 188 189 189 188 187 188 188 188 188 188 186 184 174 86 35 29 26 24 22 21 21 20 18 18 17 16 16 16 16 15 14 12 12 14 14 13 12 13 14 23 74 127 146 153 153 152 148 142 145 145 144 139 142 143 139 141 135 133 132 136 136 136 137 138 137 134 131 129 128 121 113 93 84 83 80 79 85 90 93 96 99 101 102 106 109 110 
167 186 187 187 185 183 187 189 190 190 191 191 192 191 193 193 193 194 194 194 195 196 195 195 195 193 183 143 38 31 25 23 22 21 20 19 17 17 17 17 15 15 14 14 14 13 13 13 14 14 12 11 14 20 37 86 125 144 149 151 150 146 144 144 141 142 143 138 138 141 136 134 136 138 138 137 133 133 132 133 129 132 127 124 118 105 92 88 82 79 81 84 85 90 89 91 94 100 100 100 
162 176 177 179 182 187 194 195 198 198 200 200 202 203 204 204 205 206 206 207 208 208 209 209 209 209 205 180 60 32 27 22 21 20 20 19 18 18 18 17 16 15 14 13 13 13 13 13 13 12 11 11 13 17 26 29 38 49 71 107 135 146 146 142 141 140 139 137 136 139 133 133 134 134 132 137 133 131 133 131 129 125 129 126 125 115 101 99 91 88 87 83 82 85 86 84 90 93 92 93 
176 182 182 183 183 184 195 199 200 202 203 203 204 204 204 205 206 206 207 208 208 208 209 209 209 210 211 208 95 33 29 24 22 21 21 20 18 18 18 16 14 13 13 14 14 14 14 15 13 12 12 13 12 13 16 19 25 29 28 30 45 83 118 136 140 140 140 134 137 135 131 131 131 132 132 137 135 130 129 130 129 129 127 128 122 118 109 100 100 99 92 91 89 87 84 81 83 87 88 93 
177 181 181 180 179 179 191 202 204 205 205 206 207 207 207 206 207 207 207 207 207 207 207 206 207 208 209 209 145 41 32 26 24 23 22 19 17 15 14 14 15 15 15 16 15 15 14 13 13 13 13 13 12 10 11 12 14 16 20 28 31 36 37 47 82 123 137 133 130 132 129 129 127 130 131 132 133 131 130 130 122 125 124 125 121 117 118 108 110 106 99 94 95 92 88 83 84 84 85 82 
175 176 177 177 177 177 184 207 209 209 209 210 211 211 211 210 210 211 211 212 210 207 204 201 197 194 198 196 203 141 46 27 24 23 20 17 16 15 15 16 15 15 15 15 13 13 12 13 13 13 13 12 11 11 11 12 14 14 14 17 14 16 22 25 32 51 98 126 127 128 129 128 123 130 130 132 133 131 128 130 126 123 123 123 119 116 118 114 106 85 95 100 97 96 92 87 88 87 85 80 
173 173 173 173 173 171 171 190 191 187 182 178 171 165 156 152 145 140 134 128 122 117 114 108 106 117 187 184 197 188 150 53 24 22 19 17 17 16 15 16 16 17 16 14 13 12 11 13 13 13 14 14 14 14 14 15 15 13 12 12 11 12 14 17 21 29 41 60 95 120 129 130 125 127 128 128 128 129 129 129 124 123 122 124 118 104 66 45 36 34 64 51 76 93 94 93 90 88 86 85 
168 169 171 169 168 167 166 135 105 103 101 99 98 98 96 95 94 95 92 92 92 90 89 88 90 113 174 157 180 182 168 153 87 32 23 19 19 18 17 16 16 17 16 15 14 13 13 13 13 14 15 15 14 13 14 15 14 13 13 14 13 12 12 12 13 24 31 40 50 60 88 100 99 112 123 123 121 124 125 124 120 118 108 93 72 51 34 22 18 15 18 25 38 68 86 90 91 90 85 83 
195 195 201 175 166 164 164 149 97 96 96 97 98 100 101 101 101 100 99 99 100 98 97 96 97 120 168 150 168 176 165 163 159 126 85 49 27 19 19 18 17 18 19 17 17 16 16 15 16 18 15 14 12 12 14 15 14 14 14 14 13 13 13 13 13 14 14 17 32 38 42 51 60 71 81 75 68 82 80 84 84 69 47 37 29 26 30 25 19 14 16 21 33 63 89 93 94 92 86 81 
170 185 200 179 165 161 161 156 114 101 99 98 95 92 90 89 87 87 87 86 85 82 82 83 85 105 163 145 158 171 162 159 158 157 152 144 125 75 26 19 18 18 16 20 20 20 26 33 50 52 81 74 91 89 91 92 75 56 37 23 16 15 17 16 13 12 11 14 14 14 20 23 28 29 39 41 42 40 32 30 32 31 27 25 22 25 29 26 18 17 18 26 37 64 87 95 95 91 88 88 
142 191 195 182 164 158 156 154 121 89 89 89 88 87 86 86 85 85 85 84 83 81 81 80 81 99 160 140 147 164 158 156 156 155 157 155 155 155 126 97 94 89 98 99 96 104 122 114 131 142 147 151 148 146 142 146 146 139 134 128 117 103 95 72 57 44 24 13 12 12 13 16 24 22 21 24 23 27 28 27 30 27 26 30 31 21 21 42 31 25 19 25 49 68 91 101 94 89 91 89 
131 149 159 157 156 155 154 153 138 88 86 85 85 84 85 85 84 82 81 81 88 101 87 77 77 93 156 136 141 158 153 153 151 152 152 153 155 158 157 156 154 155 157 148 143 145 139 120 121 142 148 151 149 147 144 147 145 143 136 139 135 132 131 130 127 124 116 96 58 18 17 23 24 28 35 34 35 39 42 45 55 57 62 65 70 66 62 58 76 59 42 49 61 80 96 99 97 91 94 93 
114 138 150 150 153 153 151 150 146 98 84 83 82 82 84 82 82 81 82 82 103 145 119 75 73 87 154 137 138 155 151 153 153 155 156 157 159 161 162 163 163 163 165 158 151 154 152 132 114 135 144 147 149 147 143 146 143 142 139 138 134 128 128 131 132 126 126 126 120 108 106 111 110 116 117 111 110 107 107 108 108 102 107 111 109 112 110 106 105 90 64 62 70 89 95 99 99 92 95 94 
122 131 141 138 138 140 141 141 141 111 83 85 90 96 101 105 110 114 108 101 158 129 135 87 120 119 155 150 152 149 152 153 154 156 156 157 157 159 160 161 162 163 165 164 159 162 161 145 118 127 140 145 148 145 145 145 144 142 137 136 135 130 131 128 131 128 125 126 126 118 120 121 117 117 124 115 113 109 113 112 112 105 108 105 109 112 112 110 110 97 77 67 73 82 86 91 88 91 94 93 
125 126 135 138 142 143 144 145 145 142 148 151 150 152 153 153 154 153 153 167 157 139 124 140 135 128 151 151 150 143 148 150 152 154 154 156 157 158 159 161 162 163 167 167 165 164 168 144 119 128 138 143 148 148 146 144 141 140 137 135 134 127 131 128 130 128 124 126 127 120 122 122 123 120 123 117 117 114 112 111 109 110 108 111 109 109 108 107 106 100 83 73 68 72 79 82 82 88 91 88 
129 125 138 140 141 144 144 144 144 142 145 145 145 145 149 157 151 149 156 157 159 158 157 155 155 155 154 150 148 138 143 146 149 150 151 153 154 157 160 162 163 165 170 170 169 165 154 131 121 126 134 142 143 141 142 140 134 138 134 136 135 127 128 126 129 128 121 126 124 120 123 121 117 120 120 121 116 115 115 110 112 107 105 107 109 108 107 106 106 103 86 75 65 66 67 72 75 81 78 77 
134 134 138 136 134 136 139 140 140 139 120 98 101 104 117 159 155 149 156 155 154 155 155 150 146 143 146 146 140 131 138 140 142 146 148 152 155 157 159 157 154 154 159 156 142 116 115 118 113 117 125 134 139 136 138 135 133 136 135 133 133 129 127 127 125 126 121 123 119 120 123 115 117 117 116 116 116 116 114 110 109 104 103 105 106 105 101 102 104 104 91 81 70 68 65 67 71 76 74 75 
131 133 138 138 138 138 138 138 138 139 135 130 131 133 133 135 129 124 116 110 104 99 96 95 96 96 110 147 134 125 131 132 137 139 140 141 142 140 139 138 137 138 144 153 143 116 110 110 108 108 116 125 129 132 134 132 132 133 128 129 128 127 126 124 127 123 123 122 116 115 121 113 113 115 115 116 114 115 112 110 106 105 102 102 104 101 96 98 99 100 92 86 78 72 69 63 66 69 67 68 
135 137 139 139 139 139 138 138 136 135 134 104 93 94 96 100 106 110 114 119 127 132 136 139 138 137 137 133 123 125 130 129 130 129 128 128 128 129 131 132 130 133 134 135 135 114 104 105 102 101 107 115 124 125 128 125 126 130 127 128 124 122 124 124 126 124 123 120 118 116 118 112 114 113 115 112 112 112 112 110 107 105 102 99 98 97 96 95 96 95 89 86 86 77 70 65 63 61 61 66 
135 137 137 137 137 137 136 136 136 136 134 127 117 119 122 122 122 122 120 120 120 119 121 121 120 121 122 122 119 119 118 117 117 116 116 117 115 115 116 120 120 122 122 122 119 111 97 98 97 94 101 105 112 121 122 119 122 126 126 125 124 120 125 119 121 127 124 121 118 114 110 118 114 114 112 111 114 111 112 108 105 103 101 102 98 92 92 94 94 92 88 87 87 82 77 71 66 61 60 61 
136 137 137 136 136 135 135 135 136 136 135 129 97 94 96 98 99 99 102 105 104 105 107 108 108 108 109 107 107 107 106 105 101 100 99 99 100 102 104 105 104 104 106 106 104 97 96 94 92 89 95 100 106 111 113 114 116 118 124 125 125 121 122 120 120 123 120 121 117 115 113 115 114 110 113 113 114 113 109 105 103 102 101 104 100 95 96 92 92 93 91 91 86 80 80 77 74 71 69 64 
