56 63 67 67 68 69 63 62 35 57 51 49 51 52 55 53 52 63 68 65 68 67 75 67 75 72 70 73 77 67 67 74 70 72 64 69 79 69 77 74 80 73 92 75 76 74 77 76 76 79 84 93 67 61 63 61 58 72 194 241 176 132 132 133 142 144 130 124 43 13 11 31 18 17 10 22 17 20 12 16 18 22 28 20 11 12 11 8 21 18 29 12 15 11 23 20 12 14 13 7 
60 64 66 68 64 67 63 60 41 37 64 56 46 56 64 63 57 64 68 64 59 67 73 74 82 86 79 70 76 74 63 70 74 74 72 62 86 80 86 82 86 90 94 82 78 71 76 87 87 73 80 85 78 67 71 48 55 82 211 221 129 127 138 143 152 139 123 111 60 32 9 14 15 10 19 16 15 27 17 17 13 21 40 29 24 10 9 15 16 17 11 16 21 8 19 22 12 9 12 37 
65 70 71 68 69 67 54 42 57 39 58 67 54 59 62 64 71 74 72 63 61 73 70 69 63 72 77 88 89 92 80 81 85 79 74 80 75 75 77 88 87 85 81 85 81 83 80 83 95 87 82 72 72 69 76 40 55 58 187 179 100 128 129 125 120 122 124 125 87 48 20 11 11 14 47 11 14 36 14 17 33 38 46 24 38 29 12 15 19 33 23 18 18 17 24 39 16 18 25 50 
67 75 76 71 72 69 57 50 56 45 56 59 54 58 63 72 72 67 61 54 58 65 65 65 58 70 77 79 79 79 66 76 68 66 54 73 64 76 80 90 81 86 84 94 92 86 77 77 76 90 83 72 64 57 71 41 34 25 84 122 93 138 147 132 146 125 123 123 92 47 32 21 14 9 26 14 11 33 15 11 16 26 19 20 22 20 15 16 18 28 15 14 29 23 23 41 18 28 14 133 
74 74 76 80 68 65 57 61 42 53 47 61 54 56 64 67 64 60 64 76 75 63 74 73 75 72 69 73 84 105 123 100 74 65 69 68 63 74 70 88 79 75 75 77 76 90 92 81 85 72 75 73 60 46 45 31 15 30 18 49 114 155 130 135 130 112 134 131 105 93 64 31 10 13 13 20 13 26 17 16 26 27 25 17 10 21 25 18 18 24 16 12 26 39 46 41 17 42 34 145 
78 70 75 78 72 63 67 74 43 69 50 68 69 57 67 62 67 74 74 76 74 61 69 71 72 80 69 88 119 153 164 160 157 124 97 65 66 68 64 69 76 75 66 71 74 74 82 83 71 64 66 38 24 14 11 13 10 16 14 46 129 105 118 139 126 116 120 130 122 106 63 44 21 11 17 15 34 29 10 18 27 17 15 20 22 16 27 15 21 29 20 13 19 29 22 23 25 22 74 171 
65 63 63 75 80 69 58 55 45 77 67 47 67 72 71 76 79 77 75 77 81 75 74 82 77 76 99 131 148 166 143 143 132 135 126 85 72 60 60 68 52 63 65 60 66 65 50 40 32 14 11 11 16 8 12 25 26 19 21 66 65 127 126 126 102 138 130 128 109 115 84 38 31 19 13 8 7 10 24 37 12 15 24 16 7 12 14 11 13 16 32 10 21 22 47 66 46 21 55 93 
58 44 63 62 74 60 64 66 49 60 69 74 60 73 73 83 79 73 79 72 69 67 65 76 80 95 109 125 98 112 96 109 148 132 136 105 80 47 64 41 41 51 46 28 23 21 11 10 18 14 16 14 11 6 15 10 8 17 31 42 61 135 113 135 130 129 123 130 121 104 103 49 38 6 16 10 16 14 17 22 23 20 15 13 23 20 10 26 46 32 63 20 31 27 41 52 50 22 19 25 
61 47 41 40 56 57 61 56 58 56 52 67 75 82 82 64 66 65 76 74 80 71 73 96 109 115 135 150 115 101 110 104 112 147 141 138 146 93 24 23 10 8 14 8 18 20 18 8 5 10 17 12 14 13 23 17 28 12 17 30 64 135 66 131 106 119 104 118 113 119 108 41 49 15 42 13 9 14 23 11 22 21 25 16 55 58 33 21 29 25 80 15 14 26 13 33 21 21 38 41 
36 59 80 43 28 59 71 58 49 64 65 63 57 60 67 61 65 65 63 72 77 74 108 135 143 129 156 167 111 107 133 126 151 159 163 174 150 111 82 14 13 11 16 22 14 9 19 15 7 35 29 19 11 14 21 24 24 14 27 16 34 53 94 128 114 100 103 114 107 122 121 57 45 11 35 20 9 10 10 13 16 25 35 71 83 44 39 31 31 27 37 20 18 15 25 19 8 17 24 18 
130 207 214 211 174 112 72 51 48 69 45 42 48 48 39 45 46 58 48 50 67 101 174 180 149 145 160 170 160 154 183 165 188 152 141 137 139 107 125 128 38 16 10 42 13 15 20 21 20 87 28 21 23 42 80 97 73 47 49 37 31 32 26 39 96 120 129 107 105 114 94 71 58 17 11 12 18 18 17 17 50 101 136 138 106 54 47 31 34 15 35 30 16 25 54 14 16 22 20 27 
167 208 216 219 214 221 178 136 147 176 58 12 12 15 8 15 8 10 21 73 154 152 171 171 141 166 157 130 135 134 193 156 184 168 103 78 74 70 75 123 84 21 5 10 7 14 23 30 56 133 72 48 67 125 133 157 155 142 135 78 30 13 26 34 49 96 133 115 106 124 102 54 63 20 20 11 20 18 24 17 80 121 122 138 121 98 86 51 56 51 35 10 17 39 52 28 27 15 17 35 
161 213 218 219 224 210 218 219 209 202 80 4 8 10 17 28 52 101 143 167 162 109 126 161 144 166 143 122 98 120 173 186 162 165 125 85 66 86 88 72 49 17 12 4 18 12 28 54 132 167 129 133 169 154 158 158 161 193 171 141 90 94 42 22 24 71 126 116 116 111 116 55 64 37 14 14 18 24 28 26 76 92 88 128 115 119 119 98 52 52 16 16 19 28 31 26 25 9 11 23 
156 213 220 223 215 211 211 212 206 207 86 5 13 29 83 113 149 158 144 139 124 95 133 161 164 170 136 132 107 123 140 190 176 175 115 103 108 144 129 102 95 46 10 9 17 16 51 134 194 195 180 187 203 170 158 142 173 192 196 169 162 169 137 99 59 82 133 111 152 150 155 110 65 34 14 14 39 43 37 69 67 62 74 99 97 147 139 99 44 17 25 13 19 13 28 29 22 11 13 15 
162 209 216 221 222 208 218 213 203 201 105 13 64 156 172 161 140 154 154 136 146 121 120 135 169 194 157 142 136 107 139 186 190 187 128 116 112 166 190 160 156 108 18 25 20 36 106 189 197 209 200 179 186 186 181 143 129 185 200 179 201 196 170 167 134 164 148 146 163 172 180 176 113 83 63 80 83 68 108 123 88 60 62 68 126 174 174 167 85 22 22 18 9 14 34 28 12 9 16 15 
174 206 210 213 219 212 217 210 208 204 121 47 146 145 145 147 150 151 151 141 155 135 121 144 182 201 184 184 165 128 118 149 190 193 145 153 132 122 185 167 191 189 69 85 109 146 158 171 184 195 186 169 172 183 188 146 110 152 170 182 205 201 162 148 191 182 178 153 163 158 142 146 140 135 144 158 124 81 125 145 124 62 53 69 125 147 170 176 136 21 17 16 18 22 22 24 15 12 26 28 
163 212 215 216 213 212 211 209 209 211 175 172 170 107 111 126 141 150 166 164 160 150 148 163 185 202 196 204 177 167 133 145 171 196 188 173 180 158 177 189 172 177 122 98 174 160 161 161 164 195 176 200 167 167 197 174 115 112 142 180 192 191 165 166 190 175 188 159 165 148 129 134 151 159 129 167 171 147 161 160 132 91 74 77 85 131 168 138 91 28 24 16 15 13 17 16 16 19 32 13 
171 214 215 219 213 217 217 215 216 196 169 193 163 88 65 57 87 161 198 190 180 142 156 185 172 177 207 203 199 204 166 161 167 189 197 158 159 159 171 192 194 167 119 82 186 184 171 150 147 190 195 202 175 174 175 140 126 125 112 144 170 173 164 181 180 187 189 164 160 152 124 143 167 174 154 165 140 151 150 169 145 97 83 61 79 113 146 106 96 35 23 30 17 8 49 55 25 29 28 22 
177 216 214 222 221 214 219 222 220 196 201 217 207 190 155 127 170 206 202 183 175 138 130 134 130 144 146 163 175 166 137 135 169 172 140 102 92 116 169 171 181 164 114 80 150 151 137 123 123 161 194 197 172 190 194 152 161 161 128 131 174 181 148 176 195 168 178 168 180 130 152 163 179 166 169 163 162 176 166 180 156 118 86 71 71 98 158 156 93 27 17 29 17 22 42 32 16 32 16 27 
168 215 214 223 220 212 219 208 218 220 231 224 211 192 195 198 207 210 218 212 197 185 151 133 100 139 138 148 103 48 78 108 160 151 80 112 124 118 156 147 169 179 158 92 171 176 175 177 154 131 149 183 177 192 190 211 210 208 178 137 169 147 126 193 183 190 174 145 178 162 115 161 159 162 179 152 120 134 170 180 156 146 99 70 92 151 191 172 49 25 15 14 10 19 28 11 19 60 26 14 
151 212 214 223 219 212 197 192 220 227 228 217 218 205 204 190 198 223 227 221 209 198 170 156 148 102 111 147 131 89 119 163 174 164 133 177 170 171 204 190 194 163 152 156 202 206 166 160 194 155 141 181 172 202 204 207 186 173 164 122 115 109 134 178 195 201 187 156 172 177 166 177 178 167 163 145 136 174 192 170 151 164 100 92 73 139 199 152 47 13 13 24 22 14 32 16 24 41 28 19 
144 208 217 219 219 208 166 184 218 224 216 211 212 199 146 144 174 207 226 234 234 219 196 165 183 153 128 116 134 103 84 102 99 123 125 152 142 154 183 191 200 175 167 195 204 179 149 173 202 193 168 182 156 173 186 181 155 177 169 110 118 146 152 192 198 185 199 196 188 185 170 159 150 165 149 137 140 174 194 179 167 161 121 96 102 167 205 124 32 33 16 14 15 7 19 7 38 29 49 44 
139 218 208 219 220 207 140 182 219 224 212 205 181 100 81 83 120 178 218 231 231 225 211 177 181 196 188 158 134 105 81 66 49 76 83 103 116 105 122 181 209 183 185 189 168 165 154 151 184 181 168 198 162 168 182 195 204 200 178 132 114 140 189 195 193 190 201 203 189 162 159 172 165 168 154 175 180 182 166 164 180 148 137 128 124 176 187 60 15 13 10 8 14 23 15 14 23 19 26 41 
133 212 221 218 212 178 140 206 229 218 211 188 112 23 34 52 52 152 206 226 232 233 229 198 161 180 202 190 183 105 77 89 80 69 66 67 77 95 158 207 201 177 138 120 130 161 159 165 166 141 186 193 155 140 165 211 204 181 178 179 117 141 181 190 183 201 203 200 188 163 150 171 175 167 156 192 190 188 172 181 176 148 147 138 164 192 160 27 15 21 19 33 14 19 14 29 17 22 11 27 
133 212 204 217 222 148 163 210 219 201 192 159 58 113 61 21 59 163 194 202 221 238 245 239 209 207 209 188 196 127 90 113 113 54 65 131 152 178 198 200 183 165 129 91 128 185 202 200 210 154 180 188 139 135 168 196 198 176 173 161 143 162 179 169 176 200 201 197 186 151 136 169 191 165 177 197 169 148 167 187 173 149 126 153 168 188 86 24 19 50 32 31 42 27 10 25 23 19 13 22 
144 216 207 139 111 120 191 216 207 177 166 142 54 81 61 27 80 165 200 217 239 243 240 235 227 226 224 201 176 150 105 117 134 104 86 170 185 203 196 192 186 140 118 81 147 201 216 218 213 200 164 165 160 150 156 140 156 172 181 172 177 156 146 180 164 187 197 198 187 163 163 185 192 179 172 170 166 178 180 166 170 134 131 171 186 143 30 14 22 29 51 36 53 24 7 22 35 10 30 26 
108 83 38 15 30 131 195 219 202 159 158 141 82 42 41 39 79 172 220 223 231 222 225 222 225 221 226 219 150 160 151 131 118 134 92 170 189 207 193 185 176 112 125 130 198 223 210 199 210 222 201 193 187 172 175 176 160 141 149 172 185 162 156 201 190 169 180 189 176 176 151 157 176 167 163 158 161 187 180 145 152 146 114 156 169 77 22 24 28 20 24 32 22 12 21 20 80 13 37 17 
3 3 6 15 53 139 206 226 202 159 174 131 93 82 67 62 92 183 217 216 204 197 207 212 223 226 227 222 179 103 129 112 143 150 80 187 174 189 184 167 189 167 156 144 202 219 209 200 208 228 218 214 198 190 190 173 142 128 151 198 207 161 166 192 197 185 171 185 179 144 108 135 170 176 171 164 181 192 193 140 154 139 110 111 89 38 16 19 28 28 37 46 19 10 23 27 69 29 22 29 
6 4 5 24 71 152 213 228 213 185 178 151 124 67 62 118 180 208 202 182 150 168 188 190 206 224 216 210 155 115 138 117 112 73 83 127 155 180 195 184 178 179 163 140 199 217 223 216 224 224 223 213 204 186 173 175 147 130 142 193 201 183 184 183 196 193 179 166 158 111 102 136 171 158 132 165 183 199 196 148 139 147 105 64 25 14 18 17 36 33 25 53 18 23 26 28 45 34 21 82 
7 6 2 9 67 146 216 227 220 211 210 206 206 174 171 214 215 202 141 92 82 110 128 148 160 177 201 194 113 156 141 105 76 63 97 155 118 141 159 157 156 141 145 113 177 210 229 229 229 229 218 208 203 189 174 180 163 123 141 170 160 167 173 191 187 188 178 158 145 149 138 120 169 143 107 124 140 154 149 128 95 90 50 28 31 28 45 44 42 33 23 35 28 30 29 28 24 57 38 148 
4 10 10 8 56 120 224 225 223 216 222 232 240 240 236 212 205 183 136 106 83 84 87 91 99 98 144 175 139 220 197 155 90 63 118 176 181 181 158 124 86 86 113 99 182 206 226 230 222 230 216 207 209 206 209 201 176 129 124 203 197 174 130 173 200 189 157 124 126 162 126 106 142 132 120 100 89 59 108 81 84 40 15 21 32 38 83 72 28 25 44 31 30 14 21 20 14 55 25 74 
4 9 17 10 51 131 219 234 228 210 207 231 243 244 234 207 170 94 106 111 72 50 51 53 56 78 127 167 194 224 216 191 139 78 148 175 177 174 154 138 104 105 99 116 186 222 234 234 224 217 216 190 201 210 208 194 172 134 168 204 193 173 146 166 185 169 145 90 117 105 90 88 83 117 101 86 68 54 88 81 26 17 14 16 15 47 57 57 32 19 43 28 19 8 19 19 21 11 20 12 
5 8 7 8 51 169 212 237 228 209 202 223 245 240 229 208 120 111 105 79 33 30 33 38 48 106 175 206 222 217 206 167 109 65 175 190 188 186 174 132 116 123 99 106 173 214 234 234 226 216 217 191 206 209 193 169 166 178 189 183 204 214 214 203 134 130 130 84 128 127 76 67 43 76 47 82 51 38 34 53 26 15 15 10 21 78 53 45 53 18 27 32 20 23 25 17 29 20 42 14 
12 15 10 16 64 180 195 229 224 213 209 222 238 241 231 183 124 129 41 28 71 25 29 36 90 140 184 207 228 207 159 142 70 129 196 200 183 177 174 132 116 117 103 118 159 210 231 226 217 211 207 202 190 181 184 149 177 198 162 153 177 211 206 191 144 101 106 114 149 139 142 51 16 24 37 35 26 40 42 50 15 11 23 25 29 35 18 28 39 35 16 39 42 29 27 23 25 14 11 16 
5 6 9 8 31 167 199 224 226 219 212 218 231 234 227 183 111 166 81 58 67 17 30 41 79 144 156 206 209 171 164 94 85 150 199 208 196 185 171 163 151 131 88 116 183 221 232 215 205 213 200 198 168 149 170 168 178 182 132 117 136 165 172 157 135 107 104 100 145 87 85 24 16 15 27 26 11 15 21 29 35 29 15 20 10 21 29 23 29 12 23 27 35 28 30 23 9 18 29 14 
15 14 28 18 27 152 213 219 225 213 211 216 218 227 227 178 106 189 135 74 41 20 29 41 49 152 151 194 180 176 92 56 129 137 172 209 214 211 197 204 183 139 101 136 185 215 216 207 206 212 171 151 139 158 141 161 154 203 133 74 95 95 140 173 157 126 78 73 79 34 27 15 16 12 20 22 9 9 11 13 20 21 25 11 21 18 17 31 30 33 19 27 21 17 9 13 16 17 22 19 
18 11 18 11 11 103 193 219 220 205 206 205 208 196 219 187 136 149 103 80 68 28 30 40 42 110 167 205 186 123 62 75 162 174 193 201 216 215 220 223 194 141 113 140 211 226 195 182 190 213 171 137 137 156 123 142 147 191 139 72 96 114 138 188 183 147 85 53 45 16 21 35 30 14 22 24 31 17 11 21 21 26 18 20 15 38 51 14 19 18 21 29 23 12 24 27 16 24 17 32 
18 7 11 9 9 67 179 209 222 204 196 178 175 124 142 197 136 97 53 41 59 32 42 48 60 152 193 214 206 101 74 98 186 153 182 178 189 189 216 225 204 136 132 170 213 228 192 189 195 201 178 147 144 138 109 109 124 178 170 101 103 104 113 171 172 119 68 67 45 71 139 102 61 25 28 28 36 17 12 20 19 15 28 23 12 56 41 20 15 20 16 28 26 20 23 27 35 24 26 15 
11 10 10 5 7 39 149 204 215 195 189 184 142 65 37 118 149 114 129 42 62 51 43 50 87 194 218 212 195 91 65 132 177 147 159 161 153 163 188 220 204 151 155 183 218 229 203 211 203 201 173 162 156 138 111 108 105 140 189 128 117 99 94 137 132 91 92 74 57 100 118 113 106 47 36 42 49 14 12 21 17 22 35 20 18 32 21 18 20 34 47 29 28 24 17 18 24 17 22 12 
14 16 5 13 25 15 93 187 214 206 181 161 100 120 53 40 114 154 132 140 195 158 95 67 78 139 190 151 152 59 86 159 158 142 149 162 131 174 179 198 181 175 193 209 231 222 201 212 195 189 174 158 142 126 89 115 127 126 198 138 93 72 89 97 59 82 121 70 58 101 139 137 108 58 25 36 39 10 9 21 27 23 35 13 12 20 26 57 85 110 54 40 42 27 30 26 31 21 27 11 
7 9 8 19 21 21 39 163 200 190 181 159 90 93 51 33 75 187 194 203 201 204 199 165 174 178 210 155 131 99 173 183 177 158 174 167 178 181 128 184 189 194 215 223 214 200 204 202 193 178 178 143 108 132 99 114 129 151 191 137 80 59 57 53 42 50 93 80 59 69 99 134 154 98 30 39 35 11 12 17 20 45 39 24 15 22 17 66 132 161 129 94 86 81 64 29 22 17 36 18 
15 22 20 11 12 28 37 100 206 206 191 180 104 60 48 24 38 143 197 202 210 218 221 223 226 229 221 213 156 139 191 186 181 190 173 188 198 160 111 164 191 211 226 224 182 174 201 186 180 175 169 135 111 119 97 122 158 205 203 147 63 46 49 47 49 55 64 40 82 92 116 123 139 75 29 19 12 16 5 9 57 64 44 45 27 21 52 97 124 172 160 158 165 110 94 28 20 30 56 20 
30 23 13 16 43 64 56 40 95 206 193 197 160 46 33 86 101 173 211 213 201 175 209 214 217 216 215 208 143 117 173 191 200 207 143 195 200 138 135 155 193 218 228 217 175 179 190 181 172 160 157 139 130 116 94 105 178 197 212 173 69 44 52 44 33 30 55 93 110 98 136 130 125 42 49 61 31 16 12 13 63 79 91 94 63 84 117 139 108 142 171 139 114 92 117 54 18 30 40 12 
10 17 37 73 65 38 12 23 27 86 200 204 214 175 127 164 153 181 185 183 157 140 187 166 120 159 184 169 143 177 198 198 211 167 179 194 190 165 144 152 187 198 195 172 174 193 199 186 158 123 126 129 133 123 121 85 136 171 200 180 73 41 53 59 39 41 52 150 95 113 108 94 106 53 92 118 96 28 23 19 25 102 142 162 125 112 110 144 112 116 150 152 101 101 108 35 17 19 36 26 
26 39 45 35 20 24 13 21 14 17 85 191 186 195 128 118 119 145 150 136 142 173 175 137 112 130 137 145 158 188 210 204 196 164 178 194 162 191 165 133 154 194 181 170 181 205 211 189 142 117 124 146 154 141 169 123 124 145 193 199 121 43 62 53 44 53 62 121 90 95 99 89 102 69 135 159 140 77 90 75 45 91 132 147 173 146 121 144 109 112 123 161 156 157 127 23 23 41 51 30 
45 36 26 22 19 26 11 10 14 13 9 86 202 202 205 177 145 171 164 144 163 181 154 115 100 108 118 161 179 195 216 203 194 184 169 210 176 206 189 124 127 202 183 193 198 207 216 203 157 127 142 153 165 168 186 165 96 148 172 188 162 61 53 46 51 63 61 83 102 120 143 161 167 167 184 192 181 137 152 136 123 138 140 155 157 162 178 135 102 120 162 194 181 180 86 26 30 42 47 53 
26 18 11 27 23 20 11 9 11 17 15 32 111 208 184 188 155 158 164 116 107 152 142 113 114 127 158 193 201 202 204 204 206 204 189 217 211 204 192 140 131 208 185 196 205 220 219 206 166 141 151 164 171 191 200 190 183 159 148 168 171 118 91 98 68 49 86 89 113 195 186 194 186 182 186 188 194 154 157 141 156 175 171 176 141 145 144 107 110 119 172 169 172 195 112 22 17 37 42 76 
17 12 14 24 14 6 15 20 17 11 12 12 17 75 178 206 197 179 174 135 117 153 152 115 142 177 198 204 207 195 181 180 192 202 212 199 191 199 179 125 169 216 211 207 215 226 225 219 197 179 179 172 182 203 207 206 194 170 144 162 153 174 176 124 80 104 104 96 181 186 173 194 182 172 161 177 190 176 164 139 173 156 158 180 165 153 131 120 122 129 152 178 183 131 38 50 21 40 27 54 
14 8 5 9 24 22 20 16 29 18 11 29 17 10 35 133 196 213 208 173 139 141 144 128 126 161 201 186 188 183 186 182 156 137 163 203 198 185 155 105 182 205 209 206 214 231 235 224 204 178 180 179 194 217 220 209 195 169 173 192 167 185 163 150 151 152 128 133 188 190 191 205 179 168 150 180 177 176 150 139 177 182 184 181 163 165 160 126 109 128 154 182 171 142 69 65 29 40 14 17 
14 10 3 4 5 12 24 14 8 21 30 22 28 31 42 23 49 139 197 214 185 170 169 166 174 166 178 205 196 176 146 102 109 142 156 184 194 179 124 143 179 200 207 215 226 236 244 239 223 192 179 176 190 206 213 203 190 176 175 197 185 187 188 188 183 179 161 160 161 163 167 192 193 154 142 163 136 154 172 153 149 164 191 188 169 153 170 156 133 151 153 182 174 115 135 72 33 20 13 13 
4 9 15 23 20 12 16 14 28 14 11 9 13 20 37 30 34 20 67 123 189 192 196 199 183 176 167 199 179 188 162 114 133 193 192 193 184 149 142 149 199 203 210 219 236 245 250 248 238 208 188 181 192 197 204 208 201 184 192 200 182 194 198 195 194 188 181 172 166 177 196 193 162 164 126 143 148 173 183 181 179 170 194 196 182 157 157 151 135 138 170 200 208 158 106 62 28 23 10 16 
8 9 7 8 4 8 9 19 21 25 38 30 14 5 10 7 11 14 20 32 67 175 207 191 196 203 183 181 182 191 146 202 155 185 195 181 187 192 147 197 208 216 221 229 246 252 251 251 246 226 207 188 187 199 201 187 163 172 197 199 193 211 215 203 201 212 210 194 172 165 189 165 134 141 133 171 176 175 166 183 183 201 205 197 188 194 167 150 143 170 189 205 202 157 160 85 55 21 14 23 
2 7 10 12 12 21 18 11 15 18 22 14 15 35 22 34 35 6 19 8 14 45 158 209 175 183 196 182 149 152 143 190 193 180 192 200 197 166 170 226 229 231 231 238 249 252 250 251 250 238 215 187 179 192 202 192 175 189 193 192 191 217 223 208 205 228 221 207 169 188 197 176 152 130 147 174 175 174 176 171 160 191 198 187 179 198 179 157 151 165 200 212 211 138 65 44 49 32 16 20 
17 21 21 19 19 11 8 17 25 19 10 20 39 22 40 24 15 42 15 28 31 38 20 119 194 180 171 168 100 108 172 161 188 191 212 203 209 184 218 237 247 242 240 245 249 250 252 253 252 245 221 195 189 195 187 182 186 191 200 217 213 217 204 191 205 224 222 196 179 167 188 196 155 136 178 175 167 180 167 150 163 182 198 197 200 211 194 168 164 185 199 217 182 80 23 27 27 18 9 11 
4 5 8 17 17 9 15 16 17 28 16 21 25 17 26 17 14 16 23 22 40 32 19 34 141 199 167 162 113 132 138 159 145 159 194 198 195 211 244 248 251 246 244 248 250 251 252 251 251 248 218 198 196 199 200 202 204 206 216 227 224 219 187 181 195 223 223 206 177 167 170 192 169 150 182 181 183 183 166 169 187 199 171 180 210 220 200 178 174 200 204 208 173 85 36 35 40 13 11 29 
28 14 7 11 15 19 25 24 18 18 15 31 21 32 40 11 9 18 40 15 17 13 29 21 83 161 184 129 95 122 149 181 121 155 196 198 197 227 243 248 249 250 244 242 248 251 249 249 250 248 224 207 205 208 206 206 212 217 223 237 241 230 201 204 212 235 229 218 207 206 182 192 168 168 174 202 198 170 165 184 188 182 171 171 207 225 207 191 195 207 210 178 134 48 30 27 33 13 10 11 
3 14 25 28 18 16 18 24 16 16 14 11 17 16 10 10 9 13 11 8 13 15 21 16 42 126 172 133 148 151 192 201 187 211 198 191 210 234 242 250 251 249 247 243 241 246 244 247 250 249 238 221 215 218 214 212 216 221 228 241 242 231 211 221 229 232 225 221 222 223 211 202 178 180 172 192 199 174 170 190 176 171 189 194 210 224 217 203 188 191 203 191 89 39 25 26 36 13 15 11 
20 15 11 9 5 9 10 11 15 18 17 9 13 17 37 29 27 34 17 17 11 13 15 14 14 37 152 167 157 173 198 210 215 222 218 199 206 229 236 241 246 245 246 245 238 243 245 248 252 250 240 229 228 224 223 220 220 225 236 249 245 243 231 224 233 232 227 217 212 217 211 194 199 199 188 176 190 179 167 193 178 199 210 208 213 218 213 210 204 172 169 84 20 22 16 9 21 21 18 5 
6 5 5 4 8 22 19 23 31 20 13 24 28 14 13 15 16 18 22 21 16 29 23 21 23 25 40 163 185 201 210 211 220 218 222 198 220 231 242 242 247 245 241 242 246 248 251 251 250 245 244 233 231 233 228 214 207 222 233 249 249 244 238 215 228 211 219 217 211 212 198 164 160 198 197 185 195 194 175 202 193 189 193 187 201 213 207 204 189 100 50 20 24 22 19 28 25 22 19 8 
5 13 14 13 18 19 7 11 17 24 15 13 15 16 15 22 28 25 16 16 22 17 12 16 29 23 23 26 133 205 217 204 217 224 204 221 229 236 242 244 247 250 248 246 247 251 250 250 251 247 237 237 238 239 233 221 217 214 228 240 247 242 233 223 216 232 227 214 219 203 197 156 161 183 194 183 197 201 191 207 200 169 178 190 202 207 181 176 129 20 21 15 26 25 31 25 21 31 14 13 
18 18 16 37 7 16 15 18 34 37 36 20 22 11 20 32 40 20 19 22 28 35 14 18 9 16 19 52 90 131 186 168 186 216 225 228 234 237 242 247 249 247 248 250 250 250 250 250 251 245 235 236 238 234 230 223 214 208 227 236 233 233 233 228 227 232 221 200 197 201 194 160 158 170 186 172 170 198 209 207 194 171 179 195 199 191 159 147 57 19 15 15 14 28 27 25 25 29 14 21 
12 16 16 7 27 11 14 16 16 11 16 14 19 22 19 17 23 7 12 19 10 19 29 115 106 126 131 119 122 126 104 109 119 230 231 238 238 241 242 247 250 248 250 252 251 250 250 250 250 247 236 232 234 235 230 223 208 194 208 216 213 224 226 217 217 225 201 179 186 196 183 178 169 176 187 176 153 173 197 207 198 178 187 187 179 166 96 26 15 25 21 15 29 28 11 18 15 14 22 39 
8 13 8 14 16 32 32 17 43 34 21 15 17 18 11 11 13 9 10 8 11 6 26 154 146 140 118 119 133 115 101 91 59 201 233 240 238 244 241 245 250 251 251 250 250 250 250 250 251 250 239 231 231 231 228 220 206 188 210 215 204 208 219 222 226 213 212 201 195 201 193 174 179 186 162 162 141 157 192 196 208 168 138 147 148 113 40 19 31 24 17 22 20 18 12 27 25 20 27 20 
7 13 15 15 15 7 16 12 27 45 64 90 127 31 7 6 9 6 6 6 9 9 32 140 132 135 107 120 130 128 122 95 86 98 215 239 238 242 242 244 249 252 252 251 250 250 250 250 250 250 241 234 236 234 226 211 202 201 217 221 223 224 228 225 219 197 171 167 195 199 182 150 163 191 163 180 139 122 164 192 162 94 29 24 43 28 21 26 24 51 38 22 61 16 21 25 29 15 28 26 
15 21 32 21 5 38 110 139 165 191 204 207 203 45 8 9 6 5 6 5 6 6 25 136 147 141 125 110 121 122 102 90 95 81 164 227 238 246 243 246 248 252 252 251 251 250 251 252 249 244 233 231 236 232 218 195 189 211 213 223 236 228 224 216 198 170 187 162 173 172 132 127 148 179 188 197 144 138 119 69 59 22 12 15 5 16 16 25 42 105 40 21 61 24 27 30 31 25 30 23 
12 37 96 146 189 210 224 219 218 209 199 208 201 46 7 8 7 9 7 4 4 8 21 127 142 134 141 104 126 109 115 101 86 104 78 215 228 234 247 235 250 252 251 251 251 251 252 252 246 238 238 235 221 211 217 194 200 208 213 223 230 228 217 179 152 146 166 130 105 151 96 110 127 170 193 164 115 97 58 13 20 12 8 18 98 16 35 60 64 127 28 39 63 21 40 46 35 25 28 21 
9 126 222 218 221 228 218 220 219 212 204 203 198 48 5 7 7 9 8 4 4 8 16 128 154 143 139 126 122 115 100 85 81 87 75 111 238 246 243 249 243 251 251 250 250 250 251 250 246 241 241 240 227 216 210 188 179 200 205 207 209 218 188 112 65 63 90 76 136 133 76 110 113 121 179 114 45 19 13 11 18 11 18 24 42 28 70 96 42 76 37 38 34 22 70 54 34 25 36 22 
17 112 210 226 224 225 220 217 222 216 209 199 196 58 5 6 6 9 7 4 5 8 12 128 150 138 128 130 111 130 114 79 77 89 50 61 186 227 241 243 249 251 251 251 251 250 250 248 247 246 239 241 238 222 203 199 183 193 196 196 199 165 102 61 53 65 71 110 86 60 116 115 105 116 98 28 15 14 14 13 14 13 16 37 55 53 46 88 43 51 58 33 32 27 56 35 33 24 44 30 
11 104 208 221 221 230 220 219 223 217 211 202 198 70 8 6 6 8 7 4 5 6 10 125 137 136 130 114 133 119 111 100 87 108 80 46 117 208 232 247 241 251 251 251 251 250 249 247 244 245 244 242 239 233 215 201 195 200 198 198 196 146 75 76 93 90 82 98 59 60 65 83 69 50 28 22 14 16 11 7 10 16 47 33 30 58 65 98 43 25 36 27 29 43 48 33 46 23 45 26 
7 98 210 222 221 220 220 217 217 215 212 209 200 78 8 6 6 8 7 4 6 7 10 122 118 139 131 108 113 120 110 99 95 94 66 38 56 68 218 233 246 249 248 251 250 249 248 246 242 242 239 237 240 231 221 215 210 210 203 190 171 125 76 107 121 107 89 50 34 57 55 70 65 92 68 41 37 27 32 48 37 14 42 26 22 25 62 52 124 42 37 34 27 44 28 23 44 26 47 21 
11 92 212 220 220 223 218 218 217 216 209 203 201 91 5 4 6 8 8 5 5 9 10 115 145 157 129 110 120 115 100 77 84 91 79 61 68 31 92 227 233 242 244 237 246 250 250 247 241 234 234 235 237 235 224 218 219 202 191 165 130 138 74 110 89 76 68 41 47 32 42 82 124 154 131 84 59 38 56 73 53 27 16 17 12 20 28 46 125 89 22 49 23 26 48 34 26 27 31 17 
14 75 208 218 221 225 221 222 219 217 210 206 205 103 5 4 5 8 8 5 5 8 4 106 152 136 117 113 117 133 115 93 85 97 71 57 54 31 20 116 227 235 240 237 238 247 250 249 244 234 226 229 235 232 226 225 219 200 170 127 101 111 96 120 138 105 64 46 52 73 84 142 157 157 120 101 121 78 81 85 100 94 38 19 15 27 28 50 61 96 29 54 28 32 40 17 24 11 34 31 
11 57 214 220 217 221 217 219 216 215 213 213 201 112 3 6 5 8 7 5 4 14 8 99 132 119 125 120 126 118 106 90 82 102 73 49 53 38 25 13 110 206 241 234 240 242 247 247 243 236 232 236 238 236 227 226 211 183 140 116 107 132 151 152 135 121 66 53 55 99 135 163 168 193 147 100 175 110 111 86 132 137 48 35 23 13 36 27 21 42 39 30 30 73 31 24 16 24 39 33 
9 41 219 222 221 225 220 220 222 218 210 208 205 130 5 8 5 8 7 5 6 9 5 104 133 119 126 126 143 150 114 79 92 97 70 41 57 52 16 29 18 45 161 225 233 237 240 242 242 241 244 247 243 234 226 223 210 176 150 163 156 169 178 137 140 176 102 71 127 117 143 135 147 200 133 97 156 114 134 127 131 125 129 82 33 24 15 21 23 16 29 30 24 38 45 18 10 25 35 25 
13 26 216 221 226 228 221 221 222 217 210 208 200 136 5 12 6 8 7 5 7 8 5 98 134 124 135 135 136 122 116 106 86 109 76 58 73 69 45 32 21 19 27 122 208 237 237 240 245 248 249 251 245 238 225 217 205 172 146 177 190 187 150 101 148 107 95 126 121 135 152 150 142 187 177 131 176 163 127 120 159 174 167 162 128 84 35 16 24 21 19 42 22 25 97 42 19 11 22 20 
10 12 211 225 226 228 221 219 220 217 211 210 197 132 6 10 6 5 6 6 6 8 7 89 144 122 127 134 116 134 124 96 84 116 84 87 106 61 57 16 12 22 21 29 60 194 232 238 242 247 247 246 244 232 222 212 183 161 146 183 206 192 165 112 110 91 140 108 131 166 178 180 162 200 184 149 173 195 135 116 167 156 167 185 179 149 88 20 44 41 19 23 24 25 30 43 52 12 30 24 
6 8 211 226 225 226 222 220 215 217 212 206 199 143 8 9 6 4 5 7 8 7 7 88 154 128 125 127 119 134 115 90 78 96 59 69 77 51 58 23 7 13 27 36 21 59 198 231 239 231 240 246 242 232 216 185 116 134 165 197 207 205 176 105 106 93 159 150 174 193 188 157 168 209 189 158 198 202 152 128 174 146 144 158 135 114 107 17 21 30 27 28 23 23 27 32 52 27 28 19 
6 6 199 227 223 224 223 220 215 215 209 205 198 154 11 10 6 4 5 7 9 7 6 72 129 114 118 119 110 128 124 110 91 90 24 35 40 71 40 65 27 8 17 30 15 14 67 208 236 241 243 239 236 228 191 158 114 155 190 190 203 197 173 122 105 128 189 186 166 163 161 170 193 197 199 176 191 197 159 164 140 101 99 94 103 124 83 33 22 22 14 25 28 29 29 23 29 21 24 17 
9 4 177 225 222 221 221 217 219 213 206 208 194 157 14 10 6 5 5 6 8 9 6 50 116 104 126 127 116 149 134 103 100 73 7 13 35 50 64 26 17 12 15 43 26 33 13 70 189 233 240 240 233 213 165 128 115 138 188 172 178 187 171 171 135 163 197 191 176 158 155 180 196 188 199 179 170 197 151 160 117 97 84 77 93 98 46 27 14 21 23 28 14 27 25 27 33 21 28 27 
8 9 159 216 221 218 218 213 216 212 206 207 195 157 18 8 7 5 5 6 8 9 8 49 124 120 134 119 116 145 124 101 87 59 28 31 45 54 49 28 20 17 14 26 16 30 16 24 39 147 227 237 223 216 177 129 113 143 182 155 138 152 153 169 176 207 208 180 180 157 161 192 204 192 169 143 170 187 135 129 126 97 74 92 90 86 65 30 19 15 23 30 22 43 46 58 34 16 24 25 
8 12 145 216 221 221 220 215 212 217 211 206 196 166 24 6 7 5 5 6 9 8 7 47 148 98 134 116 127 141 111 100 104 65 52 49 37 38 39 47 21 12 10 23 22 22 21 11 15 20 104 224 230 217 184 150 127 147 140 132 148 173 160 146 173 205 213 190 200 168 177 205 188 166 165 139 149 169 121 117 122 96 88 105 103 107 68 24 26 25 18 22 22 39 27 27 25 18 20 19 
10 9 132 222 222 223 222 217 214 222 213 205 193 177 30 5 7 5 5 6 6 6 5 37 147 103 115 104 124 127 126 115 79 76 79 65 35 21 66 32 18 12 8 26 28 17 17 9 16 30 26 90 174 211 199 171 153 149 143 144 160 187 168 167 191 193 205 188 180 174 201 205 190 172 168 131 136 163 127 116 138 129 108 131 130 122 97 21 16 19 28 40 29 32 15 21 32 18 28 36 
9 5 118 221 225 221 223 215 217 220 211 200 192 183 35 4 7 5 5 6 3 6 6 32 140 104 118 120 112 119 118 118 81 74 107 88 45 58 27 31 26 25 14 9 14 13 11 20 19 20 24 21 21 77 198 202 190 175 172 168 173 195 189 194 219 215 206 190 158 178 207 199 200 180 167 141 173 163 142 131 119 134 108 160 154 93 54 57 37 13 37 39 13 27 28 16 25 29 30 19 
9 3 103 218 227 221 224 217 218 217 214 204 193 186 40 4 7 6 5 5 5 8 8 25 140 122 111 120 109 109 111 106 79 84 98 41 30 35 63 46 57 27 17 17 14 9 14 19 12 11 17 19 35 63 185 193 202 201 198 188 187 200 212 214 225 212 188 192 185 179 190 193 202 188 168 154 176 161 145 173 133 127 136 178 145 133 69 29 24 15 20 31 25 18 24 29 35 35 35 9 
8 5 92 213 222 218 218 215 218 214 215 207 196 185 43 3 7 6 5 5 6 8 9 23 150 119 118 121 96 120 110 104 84 84 94 79 43 44 64 60 45 18 11 20 19 17 8 13 17 12 13 26 23 69 198 215 217 208 207 199 199 199 222 228 224 206 188 188 191 169 167 201 201 182 156 174 173 162 153 181 160 142 169 189 159 146 89 19 19 18 22 19 17 27 11 23 39 10 20 23 
7 8 88 212 222 221 218 219 218 212 213 204 199 183 45 4 8 6 5 5 4 5 9 26 151 116 118 114 103 116 129 102 94 83 48 67 39 29 42 79 52 36 24 23 13 12 18 28 32 14 20 17 28 75 200 216 214 201 204 200 205 206 223 230 214 193 205 195 186 175 172 208 192 174 138 173 151 144 165 181 166 169 178 198 204 181 93 21 14 17 24 21 17 23 14 18 25 13 25 19 
5 11 81 221 224 223 212 214 211 216 217 209 203 188 55 7 8 7 6 6 5 4 2 28 144 117 125 120 110 133 105 102 87 104 74 45 22 19 47 86 54 20 28 40 25 14 14 28 17 17 14 17 34 84 196 215 211 203 204 202 209 214 223 219 183 190 207 194 182 191 202 206 199 167 145 171 163 145 158 157 167 184 181 206 194 180 95 31 23 22 54 16 14 16 27 38 34 41 18 34 
6 9 69 224 222 216 216 215 216 214 211 208 204 196 66 5 6 7 7 6 5 4 2 23 138 114 102 123 115 116 98 104 92 119 79 73 26 12 26 52 64 21 22 15 11 21 18 24 20 10 13 16 27 79 192 205 211 204 203 206 207 199 209 185 174 161 190 198 180 183 198 195 172 176 171 165 161 156 143 177 167 175 195 195 165 167 80 21 28 18 71 13 19 21 23 22 19 43 27 19 
6 7 45 225 223 213 218 213 219 219 212 206 203 194 72 6 7 7 7 6 4 4 3 15 120 121 118 118 118 109 111 104 86 99 76 49 27 26 41 24 76 47 43 11 10 18 20 35 23 24 28 21 28 78 156 184 185 186 211 202 192 200 202 126 59 44 92 176 190 150 115 79 58 138 170 163 158 170 160 175 163 155 176 182 176 81 13 15 30 26 82 25 26 33 18 17 14 21 18 29 
5 8 24 220 222 217 217 212 216 223 216 207 198 202 91 8 7 7 7 6 5 4 4 10 114 124 119 100 111 108 114 92 92 92 78 23 35 22 48 57 46 42 48 17 19 26 17 28 15 34 39 22 24 51 65 100 131 110 131 151 143 175 129 89 11 13 23 76 87 33 22 21 17 47 72 146 173 177 153 168 169 148 147 162 167 61 21 13 29 26 23 18 17 23 22 23 12 14 19 20 
4 9 8 214 217 222 216 216 211 219 214 208 199 206 98 5 6 7 7 6 6 4 5 8 107 124 111 106 107 109 110 109 96 82 89 80 39 26 36 38 32 50 77 24 13 16 27 19 18 32 56 28 29 17 19 28 33 34 11 13 22 74 47 27 13 8 30 19 14 19 15 20 4 15 21 52 53 104 75 126 157 153 149 158 136 36 16 49 18 21 21 17 19 28 22 27 15 13 21 26 
5 11 4 212 217 223 217 209 214 210 211 207 203 202 109 4 7 7 7 6 5 3 4 10 102 119 120 109 100 108 99 107 80 79 84 50 35 40 28 20 41 46 34 24 7 16 17 21 23 27 39 17 12 36 35 26 19 20 11 21 15 23 25 20 26 15 23 17 13 19 20 11 5 8 17 17 17 26 34 76 145 182 181 135 58 23 16 59 30 21 22 10 12 21 11 21 16 19 23 28 
5 10 5 208 217 220 216 209 210 212 210 199 203 201 119 2 6 7 7 6 6 4 4 6 95 122 117 121 109 110 99 102 79 79 79 57 51 24 35 29 48 51 13 7 12 36 10 8 18 62 31 20 17 20 16 21 27 48 8 21 38 13 18 34 32 14 13 16 23 33 29 10 17 15 16 26 15 19 66 60 87 80 62 13 22 29 13 14 18 16 16 11 12 16 13 28 11 10 14 18 
4 9 7 198 218 216 215 214 206 216 210 199 197 202 125 3 7 7 7 6 7 3 5 3 90 118 107 114 106 106 107 104 95 72 61 60 45 50 37 28 61 38 30 23 7 38 14 15 34 43 27 13 11 18 20 23 122 90 7 21 20 27 14 17 31 36 9 14 14 20 25 12 24 8 29 41 34 33 26 19 49 38 15 27 14 19 11 21 23 17 29 23 6 9 7 12 8 16 13 13 
5 8 8 181 219 216 214 218 209 214 210 206 199 206 133 3 7 7 7 6 3 1 6 4 93 117 120 109 100 101 111 99 78 98 81 81 87 64 65 45 29 29 45 14 14 9 15 12 31 19 29 31 26 20 16 35 66 17 8 21 29 21 17 33 23 27 14 9 26 13 15 6 25 26 42 16 45 40 15 46 25 12 11 22 11 21 48 25 33 17 21 28 40 28 15 6 14 27 19 14 
6 7 7 167 219 216 215 218 214 210 211 203 202 200 141 6 6 7 7 6 3 3 4 4 89 124 136 120 110 116 114 106 86 99 100 81 39 26 49 32 37 18 34 25 13 11 22 14 22 13 15 41 26 15 25 17 13 13 6 21 26 46 16 21 12 38 41 15 33 31 16 6 19 22 14 12 33 22 10 49 31 39 21 43 9 19 12 15 49 22 26 24 45 33 32 15 13 20 21 15 
6 7 8 152 220 216 215 217 214 206 205 194 196 186 145 14 7 6 6 6 5 6 4 3 77 127 126 114 103 101 89 83 85 88 101 88 37 44 31 30 17 24 41 36 18 19 15 18 24 17 26 44 26 17 17 21 12 6 11 37 15 34 23 20 27 24 15 22 29 16 11 27 28 17 20 12 11 19 13 18 23 21 37 17 19 13 16 19 23 16 29 29 36 26 34 16 13 18 24 16 
5 7 10 134 221 213 214 215 207 204 197 197 194 187 143 12 6 6 6 6 6 6 6 6 68 127 115 101 109 114 107 126 77 83 77 83 67 56 37 35 38 21 17 28 19 20 15 14 22 12 19 26 24 19 11 14 10 9 7 24 14 17 28 17 104 36 7 22 31 15 13 39 17 13 16 13 25 20 16 14 26 28 25 29 17 24 18 20 23 22 16 13 22 32 35 11 14 31 43 29 
4 7 8 120 218 215 217 214 201 198 202 208 192 191 154 18 4 6 6 6 6 6 6 6 64 132 116 107 119 102 116 93 100 90 108 70 46 24 42 22 29 20 22 20 11 11 10 11 26 20 16 10 40 17 11 27 12 16 14 16 23 21 21 32 76 74 8 14 32 21 16 32 35 36 26 18 30 16 26 24 27 37 12 22 67 61 17 20 26 19 26 49 32 45 36 8 12 10 16 12 
4 6 6 110 215 216 218 214 202 197 203 209 190 188 155 21 4 6 6 6 6 6 6 6 58 133 112 109 117 110 115 101 88 76 93 71 69 20 34 21 44 27 35 24 16 23 24 8 15 116 43 19 23 12 9 25 10 16 17 13 19 15 24 11 22 53 10 22 14 30 27 17 18 63 40 22 27 15 11 12 17 33 29 46 89 57 28 22 34 24 27 51 31 50 39 11 10 8 12 13 
