30 20 22 28 37 42 30 31 34 36 28 31 32 31 32 32 27 20 28 34 27 27 27 30 32 27 24 25 29 31 26 26 25 25 25 26 27 24 24 25 26 25 24 24 26 22 23 23 23 22 23 23 23 26 27 26 24 23 22 23 22 22 22 21 20 21 21 21 19 22 25 25 22 16 13 17 18 20 22 19 19 18 19 19 19 17 15 15 14 13 17 17 16 16 17 19 22 22 20 18 
33 24 21 25 31 40 37 31 35 35 29 32 36 33 31 36 30 24 26 33 30 25 28 31 34 31 25 27 31 34 27 26 26 27 27 25 27 26 26 25 25 25 25 26 27 23 24 24 24 23 23 23 24 25 27 29 26 22 21 23 23 24 23 22 21 21 21 22 21 22 25 26 25 20 16 15 17 19 22 23 22 22 20 19 19 18 17 15 14 13 15 15 16 17 18 19 22 22 21 20 
37 28 21 25 27 41 43 36 35 35 31 34 36 36 35 38 37 32 27 32 34 25 30 31 37 33 28 29 34 37 29 27 28 28 27 27 28 28 29 26 25 26 26 26 27 25 25 25 24 25 22 23 24 25 25 28 28 22 20 19 24 23 21 22 20 22 20 21 22 22 21 24 25 24 20 17 17 18 20 22 24 21 21 21 21 21 18 17 16 14 14 16 16 16 18 19 20 21 22 21 
39 33 26 22 25 36 43 41 34 33 30 34 40 40 39 41 39 39 29 29 35 26 28 30 37 34 30 31 34 37 31 28 30 30 29 28 29 29 30 28 26 25 24 25 27 26 25 26 25 25 24 25 25 25 25 28 29 27 19 20 25 26 24 24 22 22 22 24 24 24 22 23 24 24 24 21 18 17 18 20 22 22 22 21 21 21 21 21 19 15 17 18 17 17 18 19 20 22 21 22 
39 41 34 27 25 30 44 45 36 31 31 32 38 42 42 38 41 42 32 29 35 30 26 31 36 36 33 34 33 34 31 31 30 30 30 30 30 29 27 28 27 27 27 26 28 32 27 28 27 25 27 25 25 24 24 25 28 28 24 22 24 26 27 27 26 25 25 25 24 24 23 23 23 24 25 26 24 21 19 19 20 22 23 22 22 21 21 21 22 20 17 17 18 18 18 18 19 21 21 21 
44 49 47 38 30 27 41 45 42 31 32 35 40 44 40 39 42 45 38 30 36 37 29 36 38 40 37 38 36 34 29 31 33 34 34 33 33 31 30 30 29 29 28 27 31 33 29 28 28 28 27 26 25 25 25 27 28 29 27 22 23 25 26 26 25 25 25 24 24 24 23 24 23 24 24 25 26 24 21 20 20 21 23 24 24 22 22 22 23 21 19 19 19 18 19 18 20 22 22 22 
38 51 52 48 37 28 39 45 44 31 30 35 42 45 43 37 40 47 46 35 34 38 30 36 40 40 37 38 36 34 34 35 36 36 37 36 35 33 32 32 32 30 31 31 33 37 34 30 30 31 31 29 27 27 26 27 28 28 28 23 23 27 28 26 25 25 25 25 25 25 23 24 23 24 24 25 26 25 23 22 21 22 23 24 24 24 24 24 23 22 20 20 20 20 20 19 21 22 23 22 
34 47 54 55 49 35 37 46 45 35 34 35 41 48 44 39 39 49 54 41 37 39 31 37 42 43 39 39 38 37 36 38 39 38 39 41 39 37 38 37 36 34 34 34 36 37 35 32 32 32 31 31 31 30 28 28 28 27 28 26 23 27 28 27 27 25 25 25 26 26 24 24 23 24 24 25 26 27 27 26 22 24 24 25 24 25 25 24 24 23 22 22 22 22 22 20 21 22 25 27 
36 41 55 55 58 49 41 46 50 45 35 34 38 49 45 36 37 47 54 48 40 42 38 43 47 44 43 42 43 41 39 41 43 43 43 45 45 42 41 41 40 39 37 37 38 39 37 34 35 34 35 35 35 33 33 31 29 27 29 28 26 30 29 30 31 28 28 27 26 28 25 25 25 26 25 26 28 29 28 29 26 26 26 27 26 26 25 25 25 25 25 25 25 26 27 27 28 31 35 37 
39 34 51 58 60 55 46 50 53 46 40 38 38 47 49 40 38 46 52 54 47 44 42 46 47 48 43 43 47 43 44 46 46 46 46 48 48 46 45 46 44 43 41 42 43 43 39 38 39 37 38 38 39 38 38 35 31 29 30 30 26 29 28 29 31 28 28 29 29 31 27 27 27 27 27 28 29 30 30 30 30 29 28 27 27 26 26 25 26 26 27 29 29 31 32 36 36 36 40 60 
51 36 45 58 63 60 47 51 54 57 55 42 37 45 54 47 43 46 54 54 53 48 44 47 51 51 44 45 47 46 48 50 50 50 49 51 50 49 49 49 48 48 47 47 45 45 41 41 42 41 41 40 41 42 42 37 34 34 32 31 27 31 31 33 33 30 30 29 29 30 30 31 31 31 30 31 32 33 32 32 35 33 31 28 28 29 29 29 29 30 31 34 37 39 41 43 49 91 150 167 
61 41 40 58 64 65 51 53 56 55 60 43 41 47 55 50 45 48 54 54 54 50 47 46 51 51 46 47 48 48 54 55 54 54 54 56 53 55 55 54 53 52 51 49 49 48 45 46 45 44 42 43 44 44 44 43 40 38 36 36 31 36 35 38 37 34 35 33 32 32 32 33 34 34 35 34 35 36 34 35 37 36 36 33 33 33 33 34 34 35 40 40 44 50 75 122 185 205 194 186 
64 50 37 49 61 68 60 57 59 56 65 53 46 49 57 54 46 45 51 53 55 53 52 53 54 51 49 51 53 55 57 57 57 58 59 59 57 58 58 57 57 56 56 55 56 55 52 51 49 50 48 47 46 48 46 46 46 42 42 43 36 41 38 40 37 38 40 39 37 37 37 38 38 38 40 36 38 40 42 41 44 43 43 43 42 41 43 44 49 58 76 105 136 178 208 193 211 203 192 180 
65 58 40 47 59 66 64 57 61 60 68 64 49 49 59 57 52 52 54 55 56 55 53 56 55 52 53 55 57 59 61 59 59 60 60 60 60 62 61 61 63 62 61 61 63 61 60 60 57 55 52 52 53 52 50 49 51 51 47 47 44 46 43 45 43 41 42 42 41 43 41 41 41 42 45 46 49 48 50 52 53 60 70 88 110 112 142 152 150 174 164 175 173 201 211 190 192 204 195 182 
63 70 52 46 61 69 66 63 68 68 76 73 61 54 59 62 60 61 63 64 64 61 57 60 58 55 56 58 60 62 65 64 62 65 64 65 63 67 65 66 67 66 66 66 68 66 67 66 64 61 61 61 55 55 54 54 55 55 55 59 55 52 54 52 49 48 48 51 49 49 49 49 50 52 54 56 63 82 113 142 172 195 174 196 217 178 192 183 156 172 179 198 199 218 221 207 210 214 213 209 
62 71 72 52 57 69 74 72 72 76 80 86 79 68 71 76 72 75 76 77 73 69 68 65 60 60 61 64 67 68 66 68 69 70 72 70 74 72 74 74 72 71 73 72 76 75 76 75 74 72 67 68 65 65 64 66 68 69 68 71 67 58 60 60 58 61 60 60 63 67 66 70 83 105 131 167 196 200 207 215 201 188 177 209 201 175 182 163 157 188 214 210 221 212 193 200 207 214 215 206 
79 95 102 83 83 86 81 78 77 76 81 86 88 80 76 82 77 72 75 74 77 75 72 71 69 73 74 77 79 78 78 77 77 79 81 81 81 82 86 85 84 83 85 82 84 83 81 82 82 82 79 78 80 82 84 84 86 93 113 115 105 106 103 102 118 135 150 153 169 181 183 184 198 202 206 187 204 208 198 190 188 187 201 200 203 197 189 190 208 221 219 203 202 212 213 202 212 215 219 212 
102 157 187 172 166 153 141 124 103 93 84 86 86 82 77 79 77 78 79 77 83 83 86 86 86 87 85 85 86 86 85 87 88 87 85 84 86 83 82 89 82 82 79 81 81 79 80 82 82 89 107 136 155 170 208 235 237 231 242 246 242 237 226 198 206 221 225 216 219 220 197 182 173 195 205 199 201 193 191 183 169 190 172 188 206 207 210 209 206 221 214 209 209 217 219 210 212 203 202 201 
165 186 164 136 115 112 123 120 125 138 177 148 154 163 181 164 127 107 98 94 91 90 88 83 82 82 79 83 86 93 93 97 104 102 94 98 95 92 108 127 111 123 137 154 174 189 199 205 216 234 214 154 141 100 75 110 217 202 194 232 244 229 225 203 212 219 215 216 219 206 200 194 191 193 210 211 210 210 207 189 189 182 168 198 203 220 216 201 189 203 207 223 195 194 214 184 181 213 215 195 
184 156 122 109 97 88 87 76 73 77 120 185 230 247 250 251 236 232 241 212 118 139 97 81 78 76 119 188 189 186 182 192 190 178 167 167 177 198 221 237 244 248 251 251 251 251 253 251 250 215 174 174 106 96 86 75 77 76 77 75 162 215 197 194 203 215 204 202 216 208 205 198 201 195 207 210 203 197 199 193 201 196 197 212 203 214 208 194 158 180 216 205 188 186 212 207 188 207 214 202 
158 130 107 98 101 94 89 75 68 61 59 70 105 183 239 247 232 248 250 232 143 131 136 80 66 55 126 244 252 247 244 235 223 202 202 196 197 203 210 223 226 223 235 240 238 237 238 239 234 167 206 157 120 103 93 94 74 58 46 47 53 113 179 198 195 183 173 194 191 178 188 190 188 200 220 215 196 174 184 204 189 161 177 202 206 216 203 179 169 209 222 199 175 200 215 215 198 188 197 206 
136 120 101 91 95 94 95 81 72 64 64 61 61 77 163 224 216 235 245 227 160 105 140 104 73 60 133 247 254 248 241 225 211 206 204 206 198 192 192 203 212 220 220 223 218 216 211 213 185 162 187 203 130 74 29 40 54 77 73 55 45 51 66 112 141 141 142 172 213 211 207 203 191 200 218 225 196 169 215 222 195 170 182 182 193 216 193 189 179 204 208 181 187 209 220 210 207 196 187 199 
139 114 112 98 98 100 90 88 76 69 64 60 58 65 76 126 180 212 239 216 179 149 142 118 85 99 179 246 250 242 233 219 208 200 206 208 206 202 209 218 228 229 229 225 219 218 220 218 180 169 194 189 127 58 7 11 33 93 65 46 40 41 37 46 85 109 107 148 215 214 196 196 199 203 213 222 220 212 216 231 228 205 188 179 195 217 215 217 213 213 188 184 192 195 221 204 204 205 169 184 
146 124 115 102 99 107 96 95 87 79 68 69 58 66 82 88 113 158 197 215 208 195 163 120 130 153 213 239 240 235 225 220 217 219 216 219 219 224 232 236 231 232 230 225 224 221 226 196 168 160 161 149 151 87 32 7 18 95 128 63 43 40 58 88 84 81 75 140 206 210 206 205 205 217 244 240 241 242 240 236 228 204 197 184 168 218 219 214 209 204 186 194 193 200 201 191 212 195 187 198 
147 120 115 109 111 116 92 106 85 87 79 84 60 88 108 80 81 82 98 155 197 190 186 177 199 210 220 223 229 226 220 216 208 197 192 189 190 199 224 231 228 226 227 230 231 235 219 184 151 158 158 147 149 108 62 30 16 110 149 71 38 58 69 72 97 85 90 183 204 205 212 213 197 221 232 239 245 235 239 243 228 217 207 187 160 146 206 202 197 205 200 190 190 192 197 201 210 205 209 198 
174 140 124 123 111 113 94 86 88 74 77 70 60 67 58 56 57 46 64 81 108 115 129 178 209 206 211 219 217 207 202 199 195 194 178 167 160 170 202 216 215 202 202 218 234 227 195 172 151 155 140 151 106 80 64 35 34 58 65 50 55 78 70 61 72 84 134 209 206 203 214 165 126 119 144 198 236 245 244 234 206 200 193 158 158 118 161 209 210 214 212 207 194 182 199 202 200 198 193 187 
181 155 137 127 120 105 101 82 74 69 70 62 46 58 45 46 49 44 59 59 78 88 130 160 200 204 208 211 209 207 212 217 215 206 168 67 59 111 142 179 212 212 208 216 231 212 186 173 129 152 135 112 76 67 59 39 28 39 44 77 78 55 48 62 47 58 115 205 194 193 131 95 86 77 99 147 200 235 233 211 171 160 177 161 122 92 97 172 192 200 208 198 192 192 203 189 198 211 190 178 
177 158 142 134 124 115 103 88 79 59 72 67 53 58 50 45 46 55 80 93 124 149 188 214 216 217 219 221 215 210 215 205 204 190 149 57 99 105 99 159 190 205 216 214 220 201 190 160 140 129 120 120 87 63 57 53 37 51 40 50 52 61 75 50 82 72 90 171 179 93 66 68 79 82 122 155 166 171 177 172 177 166 154 145 142 149 118 134 154 158 178 190 188 192 194 201 206 201 209 196 
181 173 152 144 128 115 102 92 79 78 72 72 68 89 71 54 60 109 147 170 214 227 228 228 225 219 222 223 218 211 191 173 178 172 152 107 101 90 129 149 166 197 208 217 223 208 185 171 167 138 154 137 98 61 48 68 70 74 71 69 64 64 62 63 80 69 76 98 55 44 57 67 68 94 112 140 127 100 85 151 197 200 198 175 166 163 132 105 131 127 149 164 179 185 187 195 197 199 196 191 
154 177 164 153 141 128 119 114 109 103 110 104 86 85 109 102 121 150 208 227 231 230 226 217 218 206 205 204 198 189 176 170 154 144 135 147 142 156 164 170 186 212 216 220 217 202 182 193 195 172 158 141 138 78 76 99 93 100 87 76 82 58 79 79 72 85 91 99 49 46 53 63 70 72 89 86 82 103 127 151 186 192 186 179 178 170 126 67 129 153 159 168 171 181 186 182 175 186 192 190 
120 162 177 160 146 136 113 109 117 123 116 125 125 120 134 174 198 226 234 233 232 222 215 210 201 202 186 185 180 172 182 183 170 157 153 158 162 167 165 178 205 216 216 220 220 200 186 199 210 192 147 163 156 130 149 146 180 149 146 97 104 107 107 93 75 90 62 83 62 36 49 55 56 63 93 112 125 135 151 159 200 207 198 192 185 156 71 70 164 191 202 200 202 197 203 197 174 163 179 194 
95 137 181 172 154 144 131 118 121 133 137 135 136 136 148 191 221 230 229 224 219 210 202 193 188 186 182 171 174 184 180 179 178 180 178 176 172 179 181 197 204 209 219 216 221 192 179 207 211 179 143 190 161 145 131 174 157 124 161 173 122 147 135 90 80 87 94 70 75 34 39 59 60 85 101 127 150 170 176 171 190 203 190 159 103 58 28 63 109 146 163 182 179 181 190 189 184 183 175 187 
103 113 149 179 165 141 140 136 133 132 138 137 134 146 160 193 221 224 223 216 207 201 191 182 179 176 178 173 175 177 177 179 176 170 172 171 167 173 178 198 198 210 215 214 215 214 202 208 210 198 201 193 184 166 179 158 158 148 177 141 132 128 151 117 91 73 79 88 86 41 44 61 67 86 107 135 150 156 145 136 175 191 146 63 34 38 42 52 81 94 115 106 128 124 131 153 181 153 164 203 
72 104 149 180 176 150 133 140 145 144 142 140 139 149 167 205 221 220 216 206 196 186 173 171 171 166 170 169 162 162 166 168 170 168 159 147 138 164 186 188 203 216 221 210 219 216 205 195 200 195 184 179 185 176 155 174 127 158 153 124 103 125 138 113 104 99 89 87 75 49 36 51 68 90 109 126 142 148 141 133 117 106 56 49 32 24 33 59 76 75 97 113 103 96 93 94 105 151 138 160 
84 107 148 181 190 172 147 133 145 157 151 147 151 166 186 209 217 215 209 198 182 169 161 163 162 161 159 157 162 165 165 160 152 153 142 137 153 163 175 193 199 216 214 202 215 206 208 201 191 174 182 172 181 165 150 173 143 155 162 121 121 123 130 117 101 101 77 89 90 63 32 47 67 92 105 123 139 148 150 132 73 42 37 41 36 52 39 62 71 76 103 114 117 97 81 63 86 108 131 140 
71 98 116 157 200 202 179 162 165 169 157 153 158 179 197 207 205 203 189 181 167 156 151 152 149 153 152 158 158 156 150 144 137 136 124 115 134 159 190 201 207 211 211 207 209 211 204 191 193 170 193 172 184 169 161 173 140 152 130 107 103 152 142 117 115 106 92 103 96 61 39 47 64 90 109 121 134 129 115 92 38 27 28 37 32 33 47 74 101 141 156 151 138 118 84 92 96 97 114 121 
76 98 126 152 177 209 207 187 176 170 157 170 174 193 195 197 194 185 178 167 156 150 151 144 142 144 149 144 141 143 139 139 148 144 144 158 167 181 187 205 204 205 208 209 200 193 192 184 179 173 190 181 171 171 164 160 119 159 121 130 102 150 145 121 108 92 97 100 98 74 59 70 87 106 122 129 130 132 102 49 22 18 29 35 32 43 71 113 147 153 132 151 163 114 100 114 132 139 124 130 
51 54 68 100 146 183 201 194 180 170 157 162 183 194 193 185 181 175 168 160 151 148 150 145 141 152 154 163 170 158 145 115 125 129 138 135 152 176 167 180 193 197 194 207 196 175 180 161 144 160 168 153 168 161 172 164 162 181 151 120 130 134 126 118 115 115 109 99 96 73 77 92 104 114 124 125 106 80 37 45 28 26 43 33 35 51 81 84 90 95 105 120 110 100 118 118 119 97 106 130 
60 59 67 99 123 168 199 197 182 164 157 168 192 194 185 177 173 164 160 150 149 152 152 153 168 182 177 170 161 153 135 115 110 116 125 128 152 171 168 172 172 178 186 195 186 184 163 152 157 136 147 145 153 146 147 158 134 166 149 104 127 142 108 105 124 111 111 98 78 77 88 106 112 107 73 37 28 59 44 32 26 40 35 27 43 64 66 57 63 68 79 88 87 84 96 96 86 85 122 116 
59 80 88 94 120 164 196 197 178 160 165 192 199 190 176 171 168 166 158 147 149 145 161 174 179 177 166 164 151 141 111 109 108 117 140 155 163 176 179 167 168 169 176 188 169 177 166 160 135 93 116 137 152 138 146 153 131 146 135 106 110 120 111 103 115 115 108 100 88 94 100 101 82 75 58 18 40 54 39 21 23 30 32 37 55 68 44 47 48 55 65 75 79 82 80 84 69 82 95 84 
57 60 76 85 93 139 195 206 189 176 197 204 203 192 176 169 166 175 173 173 165 171 173 166 172 170 168 157 143 132 138 141 149 155 164 176 168 157 156 150 142 153 171 178 176 163 145 123 92 96 83 112 147 149 153 170 133 120 110 108 111 112 88 99 103 110 111 93 89 104 92 53 114 139 57 31 42 47 34 24 18 24 38 54 66 67 48 48 49 57 62 69 80 82 76 72 74 73 80 80 
55 55 56 69 89 142 177 200 210 206 198 204 210 197 191 184 182 184 176 170 175 173 167 173 170 169 160 146 145 156 157 156 159 182 181 171 159 126 134 149 138 111 107 140 147 143 141 119 102 79 93 108 140 163 161 140 141 128 94 99 110 113 106 106 94 106 106 95 80 54 19 34 44 83 32 23 51 37 32 20 22 28 47 63 66 47 32 29 34 40 43 49 59 73 83 78 67 65 68 72 
55 52 53 57 71 78 129 184 212 211 204 214 218 212 203 198 192 180 180 180 178 180 169 171 163 160 149 160 178 167 159 175 176 177 174 169 141 110 108 116 113 98 104 106 121 128 132 111 126 114 108 118 136 144 146 130 150 132 100 76 88 104 106 110 112 94 102 91 34 29 72 107 62 27 17 42 46 34 29 22 33 43 66 66 46 40 33 29 35 36 38 38 39 56 65 81 80 66 63 64 
54 53 54 56 60 66 107 163 211 220 215 224 225 217 210 203 188 187 187 189 180 171 170 168 159 161 163 172 172 136 154 158 173 172 153 143 123 82 77 64 53 49 54 65 98 139 158 161 143 134 103 133 155 156 140 166 158 132 101 91 84 102 97 102 103 105 88 103 98 128 149 115 42 15 24 53 41 27 31 25 44 56 67 43 33 26 30 34 34 34 32 30 35 38 50 65 68 78 80 71 
56 54 56 56 57 65 72 125 181 222 228 228 223 216 204 194 191 192 191 186 179 181 169 164 161 164 169 182 168 153 168 150 147 149 136 112 85 67 54 32 29 38 61 116 170 139 160 175 175 153 150 169 149 155 159 158 160 127 101 80 83 95 89 96 93 94 90 134 142 88 93 47 25 20 55 53 27 23 26 40 62 70 45 31 25 20 26 32 35 36 33 26 31 34 33 41 54 62 65 68 
56 53 55 57 58 58 71 80 154 220 231 228 223 211 204 199 198 196 191 188 179 178 174 174 168 170 173 181 170 155 155 147 165 136 101 80 77 52 30 25 25 38 71 149 181 161 134 165 190 174 177 173 173 170 163 162 133 120 99 80 81 92 103 94 85 88 113 122 100 38 11 15 19 30 52 31 25 25 36 56 70 64 33 25 22 24 32 41 46 49 47 53 51 52 49 54 54 53 57 62 
55 53 55 58 59 57 60 76 132 193 226 230 223 212 207 203 200 197 191 187 186 176 180 177 183 182 174 175 179 157 146 159 157 140 119 111 74 35 58 64 60 58 88 184 166 139 133 155 186 180 192 174 168 165 158 158 141 115 98 87 88 88 95 94 66 85 72 22 11 7 5 11 34 51 36 23 24 30 48 70 72 51 34 34 40 42 45 50 49 55 58 64 62 67 67 62 65 69 68 68 
57 55 60 60 59 60 66 88 104 189 229 228 220 211 207 203 196 195 194 190 174 179 175 179 188 173 168 165 168 145 142 163 173 173 166 132 86 38 75 41 49 52 110 162 162 132 145 149 163 177 190 184 166 157 145 138 124 106 95 89 89 86 90 74 39 24 13 6 8 14 11 20 45 34 21 32 34 54 70 76 68 46 37 39 44 51 53 55 54 55 53 53 59 62 61 61 58 69 72 65 
57 57 57 58 59 57 57 69 102 182 228 226 217 209 205 201 199 194 195 183 191 189 183 181 184 182 159 164 149 130 131 182 189 189 180 147 81 86 51 74 62 80 112 171 153 103 107 147 162 138 192 182 183 147 137 131 106 94 89 85 89 83 76 49 17 5 8 7 9 8 25 44 28 17 23 31 46 67 68 64 56 44 40 40 49 53 62 67 66 62 61 57 56 59 61 56 56 46 56 61 
56 56 56 56 58 57 65 76 84 188 228 222 216 210 200 197 199 197 196 191 192 187 180 189 173 173 158 176 169 138 155 184 193 183 193 153 73 84 47 72 52 67 119 164 129 113 99 133 172 139 156 188 179 168 137 110 102 81 78 83 85 75 53 33 18 8 14 14 15 32 42 26 16 19 31 47 62 70 69 67 51 43 44 50 60 60 63 64 69 73 78 74 69 66 72 74 76 74 74 79 
60 58 59 58 59 61 67 83 117 206 225 215 204 199 195 195 195 199 200 195 201 184 189 186 180 185 169 177 177 174 176 164 193 199 185 139 94 90 50 20 47 79 119 121 111 99 132 140 154 125 137 180 190 171 153 99 81 77 74 71 70 55 39 28 20 23 27 23 34 37 27 15 19 30 45 57 71 73 66 52 39 45 53 57 54 53 62 72 72 72 77 81 88 80 67 66 74 79 85 91 
62 69 62 75 94 130 152 166 177 193 186 179 183 185 195 192 197 185 194 202 205 188 189 190 192 179 174 168 169 178 175 155 157 176 173 160 95 87 69 35 61 94 114 97 96 116 144 145 121 147 144 162 190 173 145 126 91 70 62 58 50 40 25 22 37 34 32 36 25 18 12 17 27 36 48 65 67 62 43 42 44 47 53 53 55 59 59 60 57 66 75 83 90 102 94 71 79 82 75 81 
68 73 84 90 116 136 162 176 171 159 159 153 161 169 179 181 179 176 201 204 193 193 188 187 187 178 182 164 162 189 186 156 161 159 169 140 116 97 73 48 85 95 103 97 108 127 130 123 119 147 158 158 183 174 162 133 110 75 63 53 32 24 21 19 16 19 31 26 16 13 17 30 54 53 63 71 58 48 46 42 46 54 64 74 75 68 56 55 65 80 80 79 71 75 111 81 83 103 107 101 
69 70 72 78 100 130 171 179 171 159 144 145 155 149 164 168 160 172 195 196 188 182 199 178 176 196 194 178 171 181 172 162 169 155 154 155 129 109 95 81 73 91 92 98 99 113 116 129 146 173 171 166 161 160 162 143 108 84 71 62 39 17 14 11 13 18 18 18 19 31 42 50 65 72 70 70 49 42 45 41 49 56 53 71 78 86 80 70 74 75 60 65 71 72 78 102 73 75 80 102 
69 75 95 100 122 149 168 173 163 159 145 137 141 143 162 149 148 171 181 189 185 188 175 168 170 186 165 183 190 179 169 187 182 177 158 154 139 127 109 102 72 78 86 88 92 96 131 161 155 180 157 147 142 140 156 147 112 91 84 83 68 47 24 20 21 26 32 40 43 52 58 65 76 75 68 51 46 47 45 46 46 56 59 63 66 75 75 75 76 77 80 74 81 85 85 86 87 79 76 79 
74 74 71 103 136 170 181 171 158 152 146 125 120 141 125 136 145 158 158 176 185 180 162 142 158 161 176 175 197 190 176 177 175 164 163 147 153 131 114 107 74 65 74 90 94 134 146 178 171 167 155 156 140 130 114 119 100 99 84 90 80 76 66 60 58 54 46 51 58 67 66 64 67 67 59 47 43 51 54 53 51 55 64 67 61 61 67 67 75 62 67 74 80 77 74 68 69 74 70 70 
83 114 137 163 195 197 188 166 154 141 140 142 124 108 124 116 128 128 146 154 163 168 161 128 164 159 186 184 190 189 166 136 153 168 149 145 148 136 102 109 103 71 67 100 102 145 150 180 190 165 154 160 122 108 85 89 92 85 84 82 86 81 74 66 65 64 59 55 61 63 71 68 68 63 57 54 54 62 57 54 55 55 61 62 64 66 68 64 71 74 74 64 60 57 72 68 69 68 78 60 
84 119 154 188 204 197 176 157 145 141 133 130 116 106 100 110 106 111 127 141 142 147 151 144 158 175 189 207 187 170 167 141 141 156 155 136 138 120 119 96 82 76 62 105 104 134 140 174 182 174 149 149 129 95 90 85 85 78 69 69 70 72 67 67 69 66 64 61 60 63 68 65 60 59 60 58 59 63 69 60 56 51 61 58 66 64 57 66 72 70 67 61 75 81 71 72 78 70 72 66 
107 114 146 187 199 176 146 134 132 134 138 129 121 102 87 78 74 76 88 125 118 141 131 134 143 186 182 206 205 185 154 151 145 151 137 143 133 113 114 100 85 75 62 80 101 115 142 159 159 155 145 119 123 100 81 82 77 73 70 68 65 60 67 66 66 59 62 56 60 58 63 65 64 56 61 68 62 59 66 62 60 56 55 40 43 48 47 49 55 61 70 63 59 61 67 73 74 78 78 84 
136 183 208 197 173 146 141 143 148 147 142 135 122 107 86 80 81 72 63 86 98 136 127 135 169 196 191 194 200 182 167 159 155 140 131 126 127 107 114 100 84 75 76 73 97 111 130 149 151 143 152 131 116 94 82 72 70 69 62 67 60 67 67 64 58 46 53 66 64 59 64 67 62 63 56 65 66 57 57 63 55 55 49 42 36 37 33 37 42 46 51 59 56 52 49 54 63 61 68 75 
180 198 191 170 152 147 147 146 138 140 140 131 117 115 105 97 89 72 70 70 86 121 134 126 161 187 185 186 188 175 150 162 154 147 135 114 119 110 96 106 87 72 72 65 87 102 121 129 145 135 132 110 103 89 79 67 64 72 64 64 66 74 68 66 59 52 53 62 64 74 65 62 59 47 56 65 55 58 58 55 50 53 43 46 47 41 35 36 40 43 42 44 41 45 44 47 44 52 48 49 
190 176 156 147 137 131 127 125 125 123 121 111 105 107 112 96 77 65 58 60 68 104 139 126 152 165 178 181 164 165 153 154 147 142 124 114 112 112 88 102 93 80 72 70 73 87 117 126 134 129 117 108 104 96 81 70 68 61 61 62 64 73 76 69 63 68 63 62 67 76 71 71 70 56 50 54 63 44 47 45 40 42 46 48 43 47 47 42 42 43 49 43 40 47 44 44 39 42 39 42 
169 155 147 137 137 133 109 110 99 89 90 99 99 94 93 72 58 51 51 53 84 78 95 144 153 161 177 171 155 166 144 140 140 143 123 115 111 104 90 86 84 93 77 71 74 77 89 119 131 123 112 98 89 96 88 73 65 59 61 72 75 72 76 72 61 64 64 60 66 70 71 71 68 68 66 51 47 44 29 29 40 48 55 58 61 56 48 43 40 40 44 41 41 36 30 31 33 37 38 47 
161 151 146 142 124 129 119 98 90 83 79 94 96 84 70 53 46 44 48 52 58 59 63 118 160 175 160 150 166 168 142 148 147 139 130 105 105 108 87 80 84 90 90 83 72 74 71 85 113 122 101 99 85 78 74 78 70 66 64 69 78 80 80 77 63 58 64 59 56 64 68 64 59 57 55 63 50 46 36 31 23 34 48 54 47 48 46 47 42 41 39 35 34 34 33 33 34 35 33 34 
156 151 147 136 112 119 106 98 84 81 87 81 88 77 68 52 43 42 49 45 32 38 40 94 156 157 125 149 154 188 151 162 153 153 142 136 114 104 113 90 87 83 90 87 80 78 71 78 75 89 108 102 101 77 77 69 63 61 66 70 74 76 74 75 78 72 68 57 52 49 54 60 55 47 52 55 47 44 39 39 44 47 41 47 48 50 47 48 43 49 37 38 29 32 28 33 38 37 34 35 
137 132 133 134 107 103 85 78 78 87 71 78 64 61 68 45 33 32 34 28 30 31 41 101 156 135 136 136 140 176 144 179 169 165 149 158 149 136 132 107 95 91 106 100 84 80 69 76 91 71 86 94 97 94 75 68 71 68 66 66 68 75 78 71 70 70 73 68 54 46 46 55 54 40 43 60 43 42 35 37 43 50 51 57 58 56 51 56 54 41 41 38 40 41 37 30 31 37 42 44 
115 125 120 112 104 84 81 88 90 83 86 95 73 61 52 36 28 27 25 34 24 30 46 85 137 85 116 143 114 158 148 164 162 157 146 120 145 151 134 140 101 97 97 101 83 82 74 67 85 82 73 92 96 109 77 75 70 76 67 70 73 73 64 68 63 64 54 46 50 52 46 44 41 36 40 50 52 59 48 43 56 65 52 68 72 63 62 56 41 32 35 44 34 40 38 34 35 41 45 44 
115 122 111 109 83 84 85 89 78 77 72 91 69 71 43 34 29 26 25 34 31 37 51 86 90 93 96 110 119 146 153 157 171 153 152 104 132 144 134 133 117 91 104 89 90 85 92 76 65 87 98 90 109 119 89 76 80 76 75 70 73 77 74 70 64 53 60 44 43 42 51 45 42 35 37 45 59 77 72 61 83 68 67 69 77 57 53 53 45 48 43 59 48 41 36 35 51 45 54 56 
109 126 107 95 76 73 79 76 76 77 64 81 86 75 49 31 27 27 27 28 44 56 54 81 59 90 81 65 112 141 166 150 170 147 148 132 113 149 137 145 130 112 88 82 98 86 79 89 88 80 96 98 105 112 96 77 79 86 83 77 71 67 78 72 62 57 49 43 35 34 37 38 38 40 38 46 58 70 63 90 74 69 73 76 69 83 69 73 66 84 67 58 41 32 36 38 44 52 59 85 
90 103 105 78 88 80 87 76 63 79 73 83 97 108 101 49 49 42 31 28 41 43 56 58 64 104 80 73 73 108 184 149 170 158 140 156 125 147 137 147 136 119 100 76 88 101 85 101 110 85 92 77 100 126 107 86 85 90 85 77 84 66 60 54 60 41 63 51 52 46 41 40 49 52 43 46 48 56 69 85 65 69 66 76 63 56 55 60 56 42 52 59 57 68 56 48 50 51 72 69 
113 109 101 87 84 84 77 80 75 88 100 103 102 98 108 103 67 47 36 34 44 53 43 42 62 117 87 84 75 77 166 166 152 163 154 146 135 143 132 146 128 117 116 89 97 104 85 106 103 111 84 78 74 107 104 104 79 94 71 80 77 51 51 55 68 59 44 57 59 62 45 57 63 56 49 51 58 59 75 93 83 90 64 59 45 58 58 50 48 49 55 58 61 58 52 49 63 53 59 61 
105 97 94 81 79 66 62 63 61 59 56 58 64 63 64 63 49 38 35 44 55 56 45 56 59 113 104 105 109 102 161 170 137 166 171 169 135 144 140 121 123 119 105 107 97 91 100 93 103 86 102 105 109 88 107 121 114 71 88 49 59 60 48 50 60 55 78 57 57 63 72 66 56 64 67 63 61 85 72 69 61 58 52 59 62 54 43 49 39 53 61 63 43 51 50 51 48 41 55 44 
97 102 99 81 71 66 61 57 54 52 55 52 50 58 54 64 43 40 45 56 53 59 62 57 50 107 103 124 111 111 126 173 154 179 175 174 148 133 141 128 124 122 105 113 132 128 89 114 97 106 102 110 101 111 103 87 127 113 86 54 71 73 59 58 56 51 59 60 64 84 67 70 72 56 67 90 66 83 70 84 74 68 73 72 57 60 59 51 44 39 48 47 44 47 51 51 48 44 61 57 
117 124 127 117 97 83 73 67 62 60 59 53 49 46 50 59 51 52 50 69 56 76 63 48 42 101 111 154 112 126 90 145 166 130 184 184 175 151 153 147 145 122 137 113 113 122 106 92 103 104 110 95 75 91 107 107 101 97 88 69 66 63 73 64 64 65 75 81 78 78 75 74 63 61 61 60 63 67 80 76 71 49 47 46 44 47 44 46 40 47 49 55 55 51 51 50 51 55 46 45 
79 122 169 185 221 187 129 86 72 64 61 63 55 49 45 58 63 57 59 68 66 81 70 45 44 73 96 136 105 118 74 114 161 110 158 203 177 171 163 150 135 139 145 150 136 132 130 103 94 80 100 101 95 94 94 81 107 88 75 78 59 62 67 61 59 70 75 84 85 81 72 61 59 52 60 71 66 56 58 52 58 51 54 48 50 49 44 48 40 47 45 50 51 59 69 58 53 53 51 49 
191 239 239 234 222 214 195 170 131 97 73 68 62 54 55 60 55 59 72 78 92 90 81 47 55 72 85 129 118 108 69 76 145 115 112 193 194 165 174 155 138 118 155 154 145 121 132 131 117 93 87 79 79 77 73 82 92 74 92 78 102 82 85 72 86 83 90 75 65 64 65 62 62 60 50 50 52 43 50 41 49 48 51 47 54 44 46 59 55 77 64 60 56 73 66 59 59 63 61 49 
214 214 219 148 85 68 75 123 160 157 126 91 76 73 67 67 70 76 88 87 100 93 87 73 79 85 99 118 120 94 70 106 123 77 91 156 194 175 154 163 152 140 134 142 132 126 102 104 120 90 81 82 83 78 62 73 92 86 67 91 84 74 76 63 64 69 81 71 65 57 55 54 51 55 48 48 46 50 51 51 46 43 43 42 48 42 52 51 57 44 53 56 60 67 72 83 70 64 68 63 
96 94 71 59 52 50 45 58 87 122 150 141 119 111 95 103 113 114 117 110 113 110 112 104 104 95 102 118 123 109 94 109 83 73 83 104 185 165 155 150 159 155 148 138 142 134 133 107 103 105 84 65 57 67 61 72 63 60 69 63 71 61 61 59 57 51 55 52 50 51 48 52 49 53 48 49 47 46 47 44 45 41 43 40 40 51 57 62 64 74 56 58 69 84 70 69 83 78 63 63 
76 76 72 70 65 60 61 58 59 81 90 95 113 119 103 128 166 179 185 176 171 166 150 138 132 124 121 126 134 131 109 107 94 83 78 103 154 140 134 137 147 162 153 152 146 147 138 134 116 116 106 81 72 71 59 62 66 61 58 51 59 59 56 53 55 52 52 53 53 55 53 53 46 45 50 47 50 46 49 45 43 41 44 42 45 49 56 65 58 62 54 56 60 66 71 71 73 75 73 70 
78 80 81 80 79 77 80 72 71 69 66 63 69 67 93 137 186 180 201 193 193 193 173 162 160 154 145 137 142 141 129 120 113 99 83 103 144 108 135 122 121 157 146 131 158 162 146 140 132 121 115 100 82 83 72 69 66 60 64 64 64 59 54 51 53 57 57 58 60 61 62 68 54 50 47 41 43 45 49 45 49 49 57 48 49 53 66 68 59 60 57 51 56 65 69 72 78 79 75 82 
82 84 86 86 90 90 89 95 90 86 86 101 103 116 130 136 150 162 156 169 202 191 171 162 179 183 181 160 160 177 150 141 125 113 96 97 156 94 113 96 113 114 155 138 160 156 167 167 144 139 123 109 110 107 97 91 86 72 64 60 65 65 62 62 57 61 62 61 64 67 59 64 67 56 53 57 55 50 48 46 47 47 49 52 47 52 60 61 60 62 57 55 61 63 58 71 70 77 77 80 
71 89 95 97 97 100 101 102 102 98 95 88 84 85 98 97 89 95 153 187 181 145 144 164 185 203 208 186 200 214 174 157 142 129 115 129 133 98 110 101 107 113 155 149 142 137 144 169 169 165 150 133 119 117 108 102 99 92 75 72 77 72 66 62 68 68 68 71 75 74 70 71 65 63 56 53 48 50 50 45 51 51 51 48 45 47 53 58 62 68 53 53 59 62 68 66 72 69 73 79 
56 72 93 105 102 105 109 108 107 106 105 105 104 99 90 93 100 132 150 160 142 148 144 145 137 217 218 221 227 226 193 165 146 142 131 149 110 110 113 111 122 124 143 166 126 131 146 158 158 170 174 168 155 143 127 115 109 110 107 90 82 86 86 79 78 78 70 78 73 74 81 70 69 68 64 58 49 57 48 52 58 60 56 59 56 54 55 53 66 66 67 55 60 69 70 72 65 69 78 76 
76 57 61 76 84 88 99 104 106 105 108 107 109 108 108 115 118 131 107 92 77 130 129 94 161 210 238 243 239 239 199 162 150 142 143 137 120 119 116 124 127 125 143 164 139 133 134 142 162 139 172 183 184 171 157 137 123 118 112 111 101 94 93 95 88 95 87 82 77 78 82 78 72 74 65 68 55 56 53 49 54 65 62 64 61 62 60 61 66 70 65 59 59 66 78 79 80 68 67 78 
92 81 65 60 51 47 57 67 75 78 82 85 92 98 96 97 97 89 84 67 74 124 131 118 141 202 249 245 248 246 192 156 144 145 140 134 128 131 134 130 131 134 142 165 146 150 142 153 161 150 164 174 186 197 187 157 153 134 124 120 116 118 106 99 102 97 94 89 88 86 75 72 73 70 68 64 63 62 58 53 52 58 69 67 72 61 57 64 66 62 66 63 63 72 71 82 85 86 78 71 
65 71 69 67 59 52 52 51 51 51 59 64 69 65 70 69 72 73 76 42 76 136 120 100 99 223 252 250 253 247 189 154 135 132 131 126 139 132 112 119 128 134 129 174 150 174 169 172 196 178 193 197 187 187 202 200 173 147 125 137 113 117 104 102 110 100 96 92 89 87 81 66 71 76 70 57 59 60 54 58 57 57 57 61 66 64 61 55 59 62 50 58 62 68 75 83 79 79 79 75 
53 55 58 58 59 59 57 53 52 53 69 79 76 65 68 64 62 66 70 42 96 119 75 63 99 237 253 251 251 245 185 131 143 142 114 124 108 97 108 118 121 130 152 170 172 199 179 222 218 225 223 221 194 187 167 190 207 188 153 142 124 120 106 104 104 107 96 85 85 75 78 84 73 75 84 73 65 65 68 68 61 65 67 60 60 62 57 60 62 56 51 53 58 65 74 79 74 73 75 75 
53 54 56 54 55 53 52 51 52 52 68 77 75 63 64 64 62 66 70 47 85 69 64 62 107 241 253 252 252 248 177 124 121 108 94 91 90 99 103 116 126 142 160 180 189 200 219 242 243 240 237 237 198 193 166 164 176 202 204 160 129 127 109 103 106 89 102 85 90 81 70 81 84 78 73 77 89 66 65 66 73 70 67 61 58 61 63 55 60 62 62 59 64 63 65 75 78 71 65 72 
53 53 53 50 51 51 49 51 52 52 67 76 76 64 62 63 64 67 67 44 62 68 69 70 124 244 253 254 254 247 169 129 105 96 82 77 77 91 98 120 126 148 176 185 189 233 243 249 250 246 247 241 208 190 175 173 180 154 173 196 154 137 118 117 107 91 94 85 86 82 84 73 80 79 76 73 74 71 72 71 64 73 68 62 63 58 62 66 67 62 63 64 61 63 63 63 67 70 70 63 
52 51 51 50 51 51 48 49 50 52 66 76 78 67 64 67 67 69 68 89 124 111 86 78 137 246 253 254 254 244 168 122 97 82 76 73 68 83 95 112 128 151 170 185 203 243 249 252 253 247 250 246 208 177 172 184 186 170 151 158 165 135 136 138 112 111 112 98 90 90 84 86 79 77 76 74 70 65 63 67 73 73 72 65 62 60 60 57 68 70 63 66 69 69 72 70 73 66 73 69 
50 50 51 50 51 50 48 49 52 54 63 77 77 67 64 68 67 69 74 183 199 133 93 87 151 246 253 253 253 244 160 120 93 79 73 72 66 78 104 120 136 148 168 185 209 248 253 253 250 252 252 249 210 169 161 196 175 165 155 141 147 154 131 129 117 126 131 121 125 103 92 97 91 79 82 82 75 68 65 68 66 77 65 66 69 66 68 67 66 73 68 64 62 75 83 76 76 69 72 77 
50 49 50 49 51 49 49 51 52 50 62 77 77 69 66 70 68 68 89 208 211 147 102 98 162 248 253 252 253 240 156 117 91 80 71 70 73 77 106 121 134 150 169 184 207 250 254 253 251 253 253 249 205 164 167 196 171 166 153 150 145 138 139 131 130 139 149 138 163 138 106 114 110 97 96 88 82 90 79 80 74 83 80 76 75 74 72 76 67 69 67 65 68 72 78 80 77 80 79 84 
50 50 50 49 51 50 47 49 51 48 61 77 78 69 63 72 68 68 112 219 215 158 113 111 174 250 253 253 253 239 154 114 92 79 71 66 73 69 89 117 135 152 170 186 212 252 254 253 253 253 253 250 212 169 165 206 190 163 156 154 142 128 142 136 148 147 149 147 161 162 132 124 110 106 116 109 90 107 98 102 91 86 93 77 86 86 91 86 80 74 76 74 72 75 87 89 85 87 82 88 
49 49 49 51 51 50 50 48 49 50 61 78 77 68 65 72 68 68 111 226 226 172 127 128 186 250 254 253 254 236 152 114 90 78 73 68 73 73 81 116 136 155 170 182 215 252 254 253 253 253 253 251 216 176 175 209 194 164 149 134 118 136 145 153 157 151 155 155 165 165 146 138 112 111 122 129 107 113 104 107 113 91 93 98 94 93 100 94 87 91 87 87 85 80 93 98 102 92 86 92 
48 49 50 52 49 51 49 47 47 48 59 77 76 69 66 74 69 66 108 228 234 185 138 133 191 252 254 254 253 230 150 112 91 77 74 70 75 80 82 115 140 156 165 180 216 252 254 254 254 254 254 249 212 182 176 203 191 161 150 150 155 143 138 156 156 150 138 152 164 175 169 153 128 116 116 123 120 116 109 103 99 99 101 98 93 97 100 95 108 112 107 99 96 86 94 105 109 104 97 96 
48 49 51 52 49 49 50 48 46 44 55 76 78 71 67 76 70 66 101 227 235 195 149 143 200 252 254 254 253 226 148 110 90 74 73 72 76 83 81 111 140 155 166 175 219 252 254 254 254 254 254 245 203 179 180 187 174 167 165 159 139 123 144 148 157 143 130 159 177 179 176 177 152 130 117 123 111 109 105 108 109 98 106 115 94 86 94 96 107 104 98 90 100 84 91 94 93 92 91 92 
50 50 51 51 50 50 51 49 48 44 53 75 77 72 70 76 74 68 99 228 233 206 158 151 207 252 253 254 253 221 145 108 87 75 73 76 78 85 81 104 140 156 163 172 222 252 254 254 254 254 252 236 193 183 185 178 169 171 162 141 119 124 153 144 156 124 114 163 169 164 167 185 171 163 145 130 116 105 90 97 109 108 112 120 103 88 98 98 95 86 70 67 65 70 81 80 87 81 72 71 
50 50 50 51 50 50 51 49 48 44 50 74 77 72 72 76 74 69 97 223 229 220 171 160 216 254 253 252 253 217 144 108 86 75 73 76 75 86 87 107 142 156 161 171 224 252 254 254 254 254 251 222 190 182 182 163 162 161 159 142 117 146 144 141 141 116 107 157 153 142 161 171 177 171 170 148 126 112 100 89 97 107 104 109 103 88 107 105 102 95 75 68 64 64 72 78 89 84 72 64 
49 50 50 52 52 49 49 51 49 47 50 72 74 71 70 76 73 72 86 188 193 200 183 173 225 254 253 252 252 213 140 108 86 74 70 74 67 83 96 119 144 160 162 172 228 252 254 254 254 254 249 208 174 180 193 181 166 160 144 128 135 147 129 132 137 121 110 146 140 142 165 162 174 172 169 162 142 131 126 103 90 97 98 102 98 90 91 96 101 92 83 78 71 66 62 72 86 90 78 74 
51 51 50 52 52 50 50 53 51 48 52 70 74 73 71 77 74 71 81 182 130 156 192 186 234 254 253 253 253 207 137 107 87 74 69 70 64 78 102 124 146 162 163 173 233 252 254 254 254 254 250 212 181 185 190 180 165 161 155 145 146 138 130 121 143 119 117 124 150 155 160 152 160 170 164 161 140 141 142 126 104 94 106 101 98 97 88 91 92 95 82 80 71 65 56 68 80 86 79 79 
