65 70 72 64 71 69 55 57 60 67 59 60 62 66 71 69 62 52 60 58 63 65 54 48 59 63 52 59 54 61 53 55 61 60 76 80 70 72 72 73 86 76 84 96 104 94 109 111 114 121 129 121 145 153 145 152 143 145 151 150 164 160 163 147 147 140 148 108 101 129 145 110 110 148 162 158 162 173 158 164 151 160 152 148 112 179 141 146 165 181 164 165 170 159 168 143 143 158 158 150 
60 66 64 61 58 68 58 44 61 59 53 57 58 70 59 58 58 43 51 56 63 64 65 60 65 60 45 42 50 58 60 52 51 66 73 75 68 73 78 79 87 88 88 86 96 119 120 118 116 125 98 87 119 151 150 151 149 149 152 154 159 142 148 153 132 124 125 141 96 123 128 159 168 145 172 141 152 162 137 136 159 150 162 168 121 139 139 127 175 168 175 172 173 163 170 146 124 137 169 158 
53 66 72 74 65 53 56 65 67 59 69 62 56 56 63 66 67 56 61 63 64 63 65 64 56 64 63 63 55 50 52 56 50 62 70 72 67 86 86 86 103 90 89 91 102 96 92 118 113 117 103 98 110 111 121 151 123 133 144 149 146 139 139 132 139 132 113 117 111 125 129 126 136 163 150 128 139 148 152 154 164 159 151 169 169 155 158 163 163 171 166 145 154 147 131 136 171 178 141 138 
55 67 68 63 60 71 69 70 65 53 62 58 60 61 67 72 74 66 69 63 59 60 67 61 58 70 64 69 59 56 58 56 52 67 72 69 71 79 88 96 93 97 94 91 110 99 108 129 131 117 116 110 97 123 114 114 139 155 134 146 148 142 129 122 151 158 170 152 138 162 156 142 168 163 161 130 114 129 163 162 172 169 141 153 158 156 132 150 180 176 160 151 147 144 124 137 170 159 140 142 
65 74 70 68 65 56 55 59 65 54 64 67 69 75 66 66 71 68 63 69 60 67 72 66 72 63 59 59 48 49 51 49 50 63 78 78 75 77 90 101 102 89 76 69 75 63 110 113 110 96 89 101 86 99 110 113 126 140 162 151 154 117 104 124 156 167 178 178 182 171 147 163 167 137 110 131 144 153 180 187 159 147 159 143 144 133 158 194 174 174 173 168 167 152 126 161 148 150 163 168 
51 67 64 63 63 47 40 52 62 60 64 74 71 68 69 65 60 68 59 61 67 66 64 67 63 70 64 59 59 57 58 48 44 58 70 85 82 80 85 94 97 93 101 97 79 71 86 85 88 95 122 133 135 110 93 122 126 133 138 128 106 104 120 128 151 156 152 171 172 166 144 151 135 117 114 130 123 161 163 160 153 143 108 126 117 156 185 177 182 177 162 132 125 105 130 121 140 132 133 122 
68 65 56 55 59 59 56 69 60 61 73 73 75 68 73 66 69 59 58 52 63 65 59 62 70 63 61 61 71 69 51 49 52 61 64 80 84 90 97 88 96 92 90 81 61 54 58 64 80 113 146 126 130 113 124 126 104 96 140 141 119 86 84 83 106 132 129 127 138 165 142 141 158 130 115 151 173 178 165 152 158 131 152 155 144 150 148 163 165 155 136 92 98 94 112 130 139 128 110 100 
69 64 70 66 64 65 62 60 56 54 66 72 71 68 63 60 67 63 57 59 74 68 69 71 69 60 67 67 65 62 51 46 60 58 55 57 76 96 102 119 116 116 114 96 63 55 89 92 102 144 116 140 133 130 125 109 98 103 140 107 103 94 78 82 94 139 137 155 173 164 140 138 135 132 159 176 168 154 150 151 162 156 144 149 166 146 143 166 155 134 144 126 96 84 74 138 118 91 112 131 
67 73 72 61 58 57 58 59 68 69 72 63 63 66 66 68 66 69 68 60 66 57 57 66 67 51 54 59 64 60 55 51 58 64 61 51 62 93 106 112 105 92 95 93 67 66 102 91 121 123 125 145 153 141 134 114 132 102 81 107 93 84 76 112 120 159 181 187 182 151 128 103 113 126 156 177 184 168 156 177 157 161 158 167 153 137 132 128 150 127 124 92 87 77 68 113 93 104 108 115 
69 69 74 71 62 65 73 79 73 70 64 58 53 65 65 64 65 75 73 69 68 65 60 64 52 61 64 64 60 55 55 67 68 63 51 60 77 81 105 123 105 93 87 77 69 53 53 110 118 138 133 137 118 104 111 138 125 117 100 87 60 73 91 103 110 150 135 152 162 116 113 98 116 152 153 179 155 180 166 154 141 155 134 163 143 95 115 127 149 119 97 83 78 61 65 72 109 97 112 105 
67 63 73 70 62 63 62 69 65 65 66 67 53 54 57 62 52 67 65 73 74 67 66 58 49 67 68 64 61 56 59 53 57 52 56 47 47 86 106 124 119 115 102 97 82 88 85 93 116 144 139 114 112 92 87 79 102 159 130 93 57 53 107 129 112 114 119 106 121 99 106 118 132 157 166 160 164 183 167 140 143 134 135 115 114 86 84 121 121 108 133 127 119 106 76 68 97 78 82 77 
70 70 72 71 65 66 71 75 64 56 58 66 58 49 49 66 65 69 69 69 67 66 72 61 64 76 73 66 64 63 60 49 68 60 59 53 48 61 84 91 116 113 106 66 87 80 76 68 122 139 129 112 90 101 122 78 112 133 131 104 90 96 110 143 140 98 110 122 113 104 97 137 157 152 161 171 167 167 159 135 154 133 123 125 125 134 123 157 132 140 130 113 121 112 105 98 71 60 64 50 
70 74 78 80 71 71 68 73 68 69 62 63 55 50 55 59 63 70 63 61 64 62 63 62 62 74 70 58 47 40 51 73 70 67 74 68 85 85 97 112 134 130 122 97 89 85 83 79 127 135 126 93 105 116 127 90 137 176 140 121 121 122 138 154 153 147 127 152 135 127 146 158 177 184 178 159 146 142 143 156 161 114 130 119 123 142 120 155 134 102 93 138 137 109 123 159 121 85 75 82 
67 59 55 66 63 53 61 66 69 66 61 53 57 57 54 47 46 57 57 61 60 55 66 59 63 62 65 58 52 46 55 75 68 73 89 99 102 118 129 134 132 132 106 84 65 61 51 56 128 133 126 135 135 141 122 116 132 177 179 155 141 143 169 163 180 189 156 119 122 151 175 191 197 182 165 164 156 159 136 119 113 133 151 147 109 97 152 153 147 135 133 133 129 127 140 125 112 92 83 104 
60 49 47 51 59 64 71 72 66 52 56 58 59 54 46 44 62 56 65 56 54 52 53 54 54 57 70 63 58 64 70 83 81 94 92 95 92 106 118 123 114 108 80 77 54 51 54 89 135 141 134 139 145 158 156 143 137 126 154 143 118 152 163 181 164 167 148 131 147 163 187 188 161 159 147 154 172 176 139 122 131 113 128 101 95 128 161 152 142 133 110 150 140 138 162 175 143 146 132 134 
63 66 63 61 64 66 68 65 60 50 42 48 45 53 47 37 49 59 64 67 70 70 67 57 56 60 67 61 62 61 82 75 96 117 118 116 122 129 131 112 117 99 80 69 73 66 76 130 143 156 145 149 123 143 174 144 184 164 122 135 159 151 175 161 169 173 158 169 174 168 160 161 141 122 128 155 151 153 150 137 128 95 114 127 131 143 143 139 127 127 176 136 135 147 158 151 160 119 135 159 
76 70 67 57 51 52 68 69 64 55 50 54 37 48 47 42 45 50 64 62 66 57 65 65 57 58 65 61 50 50 55 82 97 109 122 111 130 121 118 100 94 81 70 64 63 64 109 129 125 155 145 142 176 165 150 164 153 130 114 89 103 117 131 156 185 180 169 172 168 187 166 126 117 120 136 159 180 153 148 124 95 96 133 162 182 181 196 165 119 131 171 171 181 168 174 169 164 168 166 185 
69 69 49 49 42 52 62 57 67 57 56 55 58 61 56 49 48 49 61 60 46 47 69 73 70 60 63 61 54 50 54 65 91 95 110 125 123 122 109 94 90 76 73 73 70 95 109 127 112 138 128 146 155 158 168 162 155 117 106 109 110 138 170 164 168 191 178 182 184 178 148 112 122 124 99 154 153 127 112 142 92 108 116 153 170 192 186 161 152 155 188 169 179 161 175 183 166 172 161 179 
76 58 55 59 57 54 61 64 60 57 54 49 49 61 58 53 50 54 54 50 55 60 73 65 60 53 57 56 46 50 66 87 123 136 138 129 117 107 99 86 88 79 78 85 93 102 123 122 127 131 143 160 150 165 147 150 155 133 145 147 115 128 148 175 164 162 166 169 174 161 139 139 126 142 127 130 98 104 78 109 131 124 156 171 169 176 156 182 182 175 178 193 184 182 182 187 186 167 161 152 
66 75 59 63 50 55 76 77 58 63 63 71 61 59 58 61 62 57 51 72 67 78 81 76 68 75 71 82 107 145 147 141 132 124 104 99 91 92 88 95 79 75 74 98 126 147 155 146 120 134 140 159 158 166 172 151 130 150 143 162 176 173 156 168 163 153 165 157 156 146 154 136 135 140 103 108 83 81 94 143 131 144 173 179 162 174 154 173 182 190 189 191 185 191 167 188 168 162 164 156 
63 65 64 46 44 57 67 59 57 62 69 63 60 63 58 66 57 57 58 75 78 80 82 89 107 112 130 137 121 105 94 88 80 80 81 83 80 75 77 72 78 106 128 149 142 146 152 137 114 159 109 144 173 165 151 143 133 93 146 162 160 151 151 150 170 161 176 167 149 132 154 150 148 121 107 99 75 80 107 153 174 199 187 193 169 152 196 182 198 192 177 168 179 177 195 171 182 152 136 173 
65 51 54 65 60 56 55 57 64 62 65 67 63 67 66 60 55 65 76 92 98 96 105 105 92 82 89 109 112 97 97 97 86 77 73 64 59 62 87 135 151 126 130 114 93 134 125 104 110 120 118 140 134 132 163 187 186 153 167 164 148 149 123 127 172 178 157 145 159 139 127 165 156 124 146 74 56 59 105 150 171 178 176 192 159 160 200 201 189 183 175 167 167 180 173 154 164 156 163 170 
59 62 68 68 74 65 58 64 78 70 63 63 65 65 65 61 68 106 127 122 119 112 110 103 93 89 95 100 101 109 110 117 115 116 115 110 114 126 140 159 152 123 124 132 144 149 135 127 120 140 157 146 122 147 159 159 156 151 159 133 126 150 125 131 152 153 135 141 144 141 152 164 149 119 157 110 93 89 130 148 164 135 127 147 173 160 186 196 200 182 164 177 181 169 161 176 182 166 154 166 
55 48 59 66 61 50 60 61 65 68 77 73 69 65 61 75 126 147 150 145 133 121 113 107 106 113 117 117 118 123 132 133 145 156 155 153 156 152 153 147 150 144 145 147 145 143 143 135 132 131 128 135 137 135 139 146 147 149 150 153 155 156 158 162 164 159 157 162 165 165 165 173 175 184 186 196 160 155 114 149 160 165 136 180 180 172 173 168 164 170 156 157 145 153 146 173 149 151 147 160 
58 62 58 54 47 55 67 71 69 68 74 71 65 62 86 126 147 153 133 119 109 106 117 122 115 118 117 118 113 114 111 108 103 98 107 140 161 157 158 156 154 156 154 156 150 149 150 149 140 141 136 139 148 161 158 158 165 162 161 157 154 148 150 155 167 164 159 158 154 147 145 149 150 149 153 136 157 148 150 156 177 165 127 161 165 170 169 157 157 168 169 149 153 134 157 141 142 160 156 155 
69 67 64 54 57 64 68 62 59 61 71 68 60 78 125 128 100 96 105 108 107 113 117 113 116 114 113 114 110 105 105 101 100 100 105 99 94 131 161 165 160 166 164 166 159 157 158 156 144 142 141 143 149 161 159 160 164 160 151 148 147 139 126 130 120 107 95 88 82 73 70 66 69 72 73 71 98 116 165 160 161 153 169 169 185 162 173 157 184 157 155 152 150 140 144 145 163 152 140 145 
58 68 63 57 64 62 62 51 62 67 76 68 59 110 112 102 110 109 98 100 120 114 113 111 110 107 108 109 108 104 99 97 94 93 88 93 103 94 92 153 163 167 156 156 154 156 156 157 154 154 148 150 152 162 167 160 158 143 121 107 89 80 92 121 112 105 91 90 82 102 124 111 110 83 66 81 72 101 131 171 164 183 173 169 165 181 179 164 145 143 139 129 128 158 164 160 149 121 127 120 
67 68 66 68 67 62 53 52 72 76 69 61 50 81 90 112 100 84 80 98 109 104 109 109 106 105 102 104 102 97 92 94 95 89 84 78 83 89 96 77 115 155 151 152 153 154 153 153 151 158 158 159 155 159 161 152 130 106 91 102 115 131 147 138 134 135 112 113 115 122 87 99 128 115 71 93 120 110 132 179 163 144 156 183 184 186 184 165 161 134 127 128 139 161 167 159 138 135 141 155 
72 72 70 73 72 71 64 72 69 73 75 66 47 54 94 115 96 103 113 111 110 110 108 107 104 107 107 106 105 99 95 89 89 95 88 80 78 81 84 89 73 85 144 150 152 149 152 145 143 141 129 117 112 112 106 115 110 134 130 133 133 103 89 115 116 134 89 103 117 62 100 71 98 92 83 103 118 165 174 171 167 181 167 178 178 178 160 135 131 150 143 118 119 100 130 137 126 127 144 163 
58 71 65 68 68 75 75 70 66 74 73 68 56 53 98 116 107 107 108 111 109 108 104 105 105 105 106 108 109 109 114 112 104 102 98 98 90 80 79 78 86 80 73 128 147 150 152 149 138 113 92 77 74 97 122 141 138 127 120 141 125 120 120 97 99 60 83 109 106 91 99 91 130 118 143 171 174 193 190 182 181 178 178 162 160 163 136 133 129 131 146 102 127 122 120 116 114 146 150 153 
63 65 68 61 63 64 61 69 71 70 72 72 53 53 102 110 110 114 113 114 108 106 107 100 100 102 98 96 95 91 89 90 92 95 107 114 111 102 93 86 84 87 87 74 116 157 151 130 108 140 135 131 125 126 104 132 149 127 124 122 101 121 113 79 95 105 143 164 147 104 89 124 205 173 186 161 185 172 172 156 182 186 168 161 136 124 124 106 103 138 119 103 102 89 99 124 126 128 167 160 
64 55 62 64 61 66 67 70 65 66 76 80 50 57 96 111 113 114 110 106 105 105 109 109 107 108 106 106 108 107 108 107 100 93 95 94 96 99 109 111 108 102 98 92 82 99 129 135 149 160 157 137 131 131 141 136 128 86 76 105 92 98 141 106 123 94 114 132 111 99 82 95 89 160 153 167 176 168 157 150 144 152 142 131 112 110 106 114 122 131 107 100 102 131 145 117 92 146 158 121 
65 59 58 63 56 59 61 60 69 65 83 89 49 59 78 109 115 111 111 108 107 107 109 107 105 108 110 112 111 110 115 114 115 112 113 113 114 111 109 104 104 107 112 120 113 113 100 164 162 149 160 151 107 114 127 136 118 107 90 97 100 107 112 94 155 126 124 119 101 104 90 124 155 154 158 174 173 152 152 131 142 109 88 102 65 62 95 127 139 122 101 129 130 123 124 131 132 132 126 95 
65 63 61 61 55 68 67 66 66 68 89 91 49 51 66 105 112 113 109 109 105 106 106 104 106 102 99 102 103 98 103 101 100 99 99 100 105 106 110 107 115 117 111 108 103 91 95 102 145 172 141 134 144 139 128 140 122 116 139 116 96 106 86 110 172 145 128 121 96 79 90 153 167 162 159 151 140 126 135 124 140 103 76 88 65 60 73 88 111 118 117 119 136 120 116 133 143 125 113 129 
65 62 64 61 54 56 74 64 68 76 89 86 46 46 64 82 102 106 100 104 104 103 105 106 106 106 107 109 111 114 116 116 120 121 117 117 119 119 115 113 111 111 114 117 116 111 107 105 104 133 152 146 156 143 161 130 127 138 130 134 131 171 143 126 167 173 145 109 79 74 139 179 168 155 139 154 116 132 101 97 125 123 107 92 73 83 99 98 128 127 131 136 161 170 158 157 135 144 138 134 
66 68 67 63 56 71 75 74 81 95 95 84 48 49 50 60 75 97 98 100 104 108 107 106 106 107 108 110 110 111 109 110 117 114 111 113 117 118 121 122 123 122 121 117 120 118 115 115 113 109 123 183 169 172 155 145 137 135 149 132 148 165 154 163 170 147 138 108 86 101 153 175 156 156 154 150 139 112 120 125 153 127 120 103 75 86 112 138 151 165 152 148 137 148 136 134 142 164 134 153 
70 67 63 69 62 66 80 78 80 82 93 88 46 47 51 54 66 78 100 105 108 108 107 105 103 106 107 109 107 107 108 111 108 108 115 113 111 111 109 112 116 115 119 120 116 119 115 112 115 109 105 126 171 180 166 144 134 121 131 130 142 144 171 179 168 116 91 85 79 87 112 139 144 135 128 122 98 110 127 141 107 112 85 55 52 73 106 130 139 142 159 150 135 134 141 170 164 137 130 135 
64 66 68 65 72 75 87 86 80 90 94 99 52 51 54 50 56 76 91 104 105 107 107 102 101 106 106 101 100 102 104 106 106 106 107 112 110 109 122 123 114 117 119 116 111 113 110 109 114 115 107 103 127 170 143 136 125 106 98 140 148 187 169 186 175 122 77 69 91 143 173 170 155 158 96 80 109 164 161 134 96 111 80 71 68 81 122 155 141 146 135 129 120 121 129 153 144 121 141 132 
62 62 61 59 64 64 63 71 71 78 93 108 63 52 54 56 46 59 69 83 101 103 106 102 101 102 100 100 103 105 104 114 120 117 116 116 109 106 113 120 114 119 119 116 116 115 117 118 115 107 114 110 107 127 158 174 148 136 138 152 162 175 189 169 142 103 80 80 88 145 143 107 147 157 185 141 117 165 137 122 117 99 100 84 71 126 150 159 157 144 121 130 131 141 160 151 157 158 145 149 
60 58 55 63 69 76 75 78 84 101 92 101 84 54 52 51 49 43 48 57 80 105 104 105 103 109 111 115 117 117 112 113 109 109 112 115 117 121 125 121 122 118 120 121 121 118 113 116 118 112 118 114 112 108 117 143 145 159 182 173 180 164 143 186 165 119 76 60 88 156 140 126 119 102 96 89 136 122 116 125 118 141 131 138 126 134 151 152 154 123 128 140 128 140 152 160 145 167 182 142 
56 61 60 62 70 73 74 78 98 97 94 100 84 80 51 40 42 55 44 54 63 87 99 102 102 115 117 115 104 95 101 110 109 114 112 114 117 115 117 115 116 120 122 118 115 116 114 113 113 111 113 113 113 113 112 112 120 130 146 152 174 156 170 163 132 115 75 81 88 104 134 119 138 111 94 127 141 139 108 111 117 117 158 172 139 161 134 145 148 169 174 159 158 153 160 150 154 127 83 67 
60 61 60 56 69 73 84 96 108 118 117 134 95 85 77 45 36 51 51 46 59 67 79 99 107 108 102 105 105 117 117 112 113 110 106 102 104 104 104 103 105 110 109 113 114 116 117 114 111 111 117 114 119 119 116 115 116 79 61 115 138 158 147 140 97 77 75 81 137 157 122 148 171 138 120 149 169 172 165 163 172 131 145 136 126 148 163 160 159 163 172 168 176 165 154 151 150 118 96 86 
66 69 52 55 68 83 93 91 116 96 85 90 121 112 75 77 59 45 50 49 36 43 55 81 98 97 101 106 110 110 106 102 95 95 98 95 99 101 98 96 96 100 101 108 107 109 114 115 114 112 115 112 118 118 116 120 117 108 80 56 61 83 122 110 86 71 63 61 115 160 148 138 159 152 183 177 182 166 189 165 171 159 174 130 146 160 163 154 170 177 146 129 142 139 160 159 153 128 158 161 
68 74 65 63 78 82 84 94 92 89 99 95 85 106 90 75 89 68 46 48 44 45 65 64 93 106 107 109 109 103 95 93 97 102 100 102 108 107 104 104 103 106 103 106 109 108 113 117 119 117 114 112 111 117 117 112 110 113 116 98 69 50 46 44 44 51 58 44 53 83 122 128 134 169 188 173 145 132 160 166 173 144 158 149 135 159 142 136 142 130 135 141 153 142 141 146 155 186 169 166 
64 72 78 74 81 90 98 117 126 129 131 123 139 142 138 124 87 96 52 39 40 45 58 70 86 98 113 113 105 103 101 104 105 106 107 103 99 95 94 93 91 91 89 90 92 93 97 104 112 118 118 115 112 113 114 116 117 114 114 114 112 96 62 48 49 47 48 49 80 106 78 104 119 123 179 153 144 143 130 119 166 158 152 155 176 163 137 139 120 103 125 146 158 182 161 149 143 151 165 178 
69 73 67 60 81 89 103 128 132 127 134 140 134 138 139 135 124 87 83 43 32 48 47 69 89 100 114 112 111 111 116 116 119 118 114 111 107 106 105 103 99 94 89 87 85 81 78 82 86 90 105 117 118 116 112 110 116 118 117 111 112 118 107 74 59 55 55 76 146 131 113 100 116 111 96 131 134 152 111 143 171 153 165 170 164 135 129 111 113 112 104 124 145 140 160 156 147 154 146 140 
61 67 67 69 97 116 123 110 130 137 118 132 129 140 140 124 150 136 80 70 51 38 50 50 70 85 86 90 94 97 95 84 82 83 83 80 83 84 91 98 103 111 113 111 111 105 94 84 79 76 82 94 103 116 118 117 114 120 124 117 109 114 117 94 63 62 60 68 109 115 133 124 121 170 151 145 164 142 140 173 170 163 177 163 153 150 157 167 172 149 119 171 154 163 136 129 117 94 74 80 
69 75 79 86 98 106 126 121 127 149 143 138 131 145 150 125 119 157 117 74 82 77 53 54 44 45 57 53 44 36 30 34 39 41 45 51 55 56 58 64 70 71 74 80 91 102 108 114 110 94 87 83 82 88 99 110 115 115 114 113 117 117 114 105 62 59 52 62 86 124 168 184 173 134 162 149 152 157 137 186 183 148 150 157 166 171 172 158 147 144 157 173 177 151 126 135 122 99 66 60 
82 81 85 88 106 119 116 131 137 145 152 137 135 131 122 132 159 166 141 114 78 96 61 48 46 41 24 32 37 41 51 90 105 110 113 112 108 106 105 102 99 97 91 90 92 90 89 90 97 106 111 107 98 90 86 91 105 113 117 114 114 114 109 110 87 57 48 31 38 59 101 149 126 129 153 158 157 180 178 172 188 170 160 148 157 161 143 176 142 175 167 150 144 127 138 154 122 135 151 121 
85 109 116 119 120 110 134 147 147 155 137 120 141 150 153 164 166 178 171 174 116 96 57 50 42 37 30 23 27 46 75 99 114 113 112 116 118 116 118 120 120 117 121 111 113 116 116 115 108 104 104 109 113 111 106 103 96 99 107 111 112 113 116 110 103 78 73 70 38 88 89 142 135 144 181 151 160 168 157 174 161 184 166 152 147 120 136 139 111 124 151 133 120 145 140 128 114 173 171 160 
111 101 99 107 120 123 141 156 153 155 151 147 171 155 162 166 177 150 141 157 160 118 72 47 38 31 29 24 31 52 73 106 114 111 102 96 95 93 95 94 96 101 107 107 108 112 117 116 118 116 118 119 116 115 115 114 111 107 104 103 104 111 113 112 113 107 86 94 141 154 134 164 153 187 165 170 172 146 138 119 125 126 131 133 135 142 140 151 134 107 117 102 127 134 151 127 137 132 149 184 
111 128 143 134 121 147 148 152 161 146 132 140 172 168 162 163 188 176 165 147 183 161 88 74 46 29 24 22 44 60 92 94 90 81 81 96 100 111 116 118 124 121 125 124 122 122 125 123 125 119 117 121 122 123 118 119 118 115 113 113 109 108 111 112 114 111 106 97 152 156 162 164 161 159 160 160 166 159 157 155 156 153 155 156 159 160 156 147 167 169 135 120 130 127 134 168 181 169 149 178 
127 127 124 135 147 143 148 154 153 149 148 155 149 159 160 158 165 161 170 175 169 147 103 63 65 58 46 32 51 33 83 87 92 101 109 114 113 118 119 119 120 118 118 118 119 121 121 118 120 116 116 120 117 118 117 117 119 114 110 109 111 108 109 108 113 114 112 102 96 155 166 165 163 164 171 177 178 175 170 166 162 157 157 164 174 180 170 165 161 160 163 166 146 125 109 127 156 178 169 143 
118 130 141 129 111 108 102 121 151 148 148 170 151 152 132 135 147 177 175 155 136 127 136 109 52 40 55 79 78 54 74 102 111 115 114 115 111 115 117 119 120 117 113 114 115 115 116 114 111 107 109 112 107 106 107 107 107 109 112 110 104 104 106 105 104 107 106 108 104 81 128 166 167 163 167 175 172 167 158 157 150 143 146 149 152 155 153 150 147 147 145 146 146 143 142 157 173 152 159 160 
136 148 125 107 113 109 109 94 93 142 131 131 133 128 119 125 162 169 165 159 157 158 169 140 101 45 50 79 73 75 75 101 114 108 106 112 112 117 112 106 105 108 109 107 104 104 106 103 103 107 104 102 102 100 101 102 101 103 102 103 103 102 100 103 102 98 101 103 102 97 76 121 149 144 143 148 149 147 140 136 130 129 138 136 138 139 137 124 119 119 119 115 126 137 137 149 158 169 152 159 
144 131 103 99 104 115 121 117 104 142 125 123 145 127 126 126 163 157 171 155 160 149 159 156 135 75 46 75 63 76 62 81 104 107 109 111 110 110 106 104 108 108 104 103 107 103 100 94 94 97 100 98 101 99 100 99 97 96 96 96 100 98 97 97 96 94 94 95 91 94 80 64 100 136 131 126 126 118 122 116 104 107 107 110 110 106 102 104 93 87 75 74 90 102 113 136 161 158 156 148 
141 117 104 90 108 138 131 124 120 115 119 130 141 120 98 117 180 162 149 159 139 151 146 158 163 144 66 62 62 63 67 77 101 107 115 130 131 136 127 131 135 137 133 133 126 116 113 115 108 103 93 92 88 93 92 98 95 97 96 92 91 93 96 92 93 93 92 86 86 84 80 72 56 92 129 118 104 97 75 76 76 74 75 74 96 83 92 81 98 89 68 74 78 60 64 122 140 154 126 139 
118 96 80 106 140 136 120 114 146 161 152 129 114 125 144 135 165 171 153 163 169 169 161 157 174 168 143 76 56 74 81 89 106 123 119 111 117 117 123 123 124 124 125 127 127 129 125 125 122 122 126 115 112 101 96 88 89 88 86 87 87 87 91 92 90 91 87 82 77 74 72 72 72 51 72 103 101 103 137 164 124 120 122 135 152 136 120 128 151 143 87 93 67 43 44 74 106 116 139 140 
116 117 103 100 139 158 142 139 145 133 133 97 95 97 135 170 163 150 154 152 176 168 157 165 141 146 142 89 93 105 98 101 106 101 108 119 118 122 126 136 138 142 144 142 128 128 134 136 139 132 135 134 132 131 135 121 99 80 84 85 87 84 83 83 83 86 84 76 72 68 63 61 67 61 43 102 127 139 146 135 141 135 107 81 147 129 149 146 143 105 71 66 57 43 45 51 56 99 136 147 
95 73 95 99 128 134 128 132 138 137 128 100 95 80 108 157 147 161 165 171 142 138 123 124 101 95 113 116 129 129 123 114 118 131 142 147 150 142 143 141 131 124 134 138 148 145 136 142 142 143 142 139 141 134 137 130 118 117 97 68 72 79 80 81 79 78 78 73 69 60 57 53 50 41 53 139 164 135 146 125 130 141 144 155 155 153 156 163 141 89 67 58 57 55 59 104 120 117 123 143 
109 128 152 139 140 121 136 150 134 139 145 144 121 112 150 170 166 161 166 165 150 162 116 91 92 90 91 96 101 112 126 138 141 129 124 128 147 162 149 138 118 121 126 111 123 140 143 143 145 145 142 140 140 127 132 124 119 116 111 76 50 61 66 72 76 71 69 69 64 51 45 53 68 39 113 170 180 151 161 182 157 150 152 157 159 164 162 138 122 67 54 45 43 57 144 161 158 173 170 173 
113 120 137 135 153 133 129 135 141 175 151 137 150 145 169 169 172 172 153 144 157 144 106 99 99 101 100 98 104 103 114 119 132 137 133 131 132 143 127 111 149 180 109 89 105 119 138 148 150 147 138 132 131 129 134 126 125 121 120 115 86 43 45 51 59 57 56 54 54 41 47 46 35 60 156 173 168 180 165 157 161 163 155 156 151 133 104 83 82 56 49 52 48 56 114 148 163 154 165 163 
143 151 143 145 140 119 118 162 159 163 171 153 170 184 174 167 168 130 137 161 150 107 96 92 87 88 93 96 96 100 105 120 129 140 139 146 138 139 140 135 133 168 138 100 146 98 107 129 142 141 142 137 135 134 132 130 132 131 126 121 112 99 42 32 38 46 50 59 45 32 29 29 45 117 179 186 172 184 155 161 165 158 148 140 144 131 110 75 103 96 51 45 46 64 113 142 175 160 165 162 
136 172 154 152 141 158 137 162 167 165 159 131 149 174 188 179 158 137 140 134 90 78 70 70 76 78 84 87 89 94 101 106 113 122 126 138 147 99 91 113 116 117 119 121 191 179 72 95 116 117 133 145 140 124 114 122 125 131 124 117 99 95 82 32 27 39 45 40 31 23 31 113 160 160 177 175 163 159 162 168 170 175 187 174 154 152 141 108 71 48 49 64 112 113 165 186 201 151 133 150 
155 153 126 138 156 162 152 177 163 170 182 153 155 160 159 148 139 146 155 119 84 83 85 86 92 98 102 101 101 104 103 99 104 104 114 136 148 142 113 98 96 97 101 110 145 135 124 180 94 75 90 117 132 127 119 112 118 117 100 89 80 81 90 59 25 27 22 21 22 22 31 58 135 196 192 188 176 166 160 141 130 123 97 77 51 50 48 45 44 64 78 94 133 166 182 170 151 155 158 164 
152 140 133 146 161 168 163 183 149 176 171 159 157 154 139 148 138 148 160 99 91 92 92 94 106 114 118 116 113 112 109 109 110 114 116 92 70 139 161 159 155 136 115 103 114 125 145 173 119 150 76 53 63 89 104 122 116 103 83 76 65 59 65 53 26 25 21 22 22 26 39 40 50 86 88 74 63 58 56 50 46 44 44 44 44 44 47 46 44 53 79 129 143 166 163 154 150 165 145 137 
138 167 170 167 161 163 154 163 137 125 153 144 161 134 158 144 137 143 141 106 97 98 92 75 70 65 69 82 96 107 116 113 97 67 45 46 74 148 177 161 158 170 178 158 111 99 122 141 124 148 132 87 49 49 56 73 86 78 58 52 56 55 60 49 21 22 21 26 24 32 49 49 48 48 48 49 50 48 47 45 50 46 46 44 44 49 53 49 45 59 125 124 144 160 167 163 137 123 117 115 
94 127 143 164 161 145 147 174 154 143 152 191 162 138 151 168 175 156 156 113 81 46 35 45 72 97 110 128 145 151 152 153 158 148 139 150 192 188 186 171 154 149 165 172 171 129 102 112 125 107 106 103 73 122 87 65 58 57 59 53 96 107 117 116 95 81 73 58 42 45 48 45 44 44 43 43 45 47 50 51 51 52 59 70 99 133 119 114 107 84 71 65 134 170 176 162 127 131 122 98 
147 130 145 154 153 149 141 158 152 158 144 168 150 174 173 175 166 162 138 101 69 65 91 127 144 147 151 149 147 145 144 151 151 87 128 164 171 179 187 186 175 159 152 160 168 175 151 116 106 97 94 72 89 187 144 119 128 111 144 107 137 108 158 159 166 164 166 151 109 82 49 45 47 50 51 51 55 67 89 97 118 129 109 95 90 106 127 103 81 46 81 111 153 165 163 145 116 104 114 119 
128 147 168 179 167 147 167 177 168 153 139 134 150 159 168 162 149 145 146 91 61 94 116 127 129 131 134 139 144 143 134 128 102 109 104 105 146 150 170 197 195 179 174 185 186 181 182 167 127 109 111 98 71 90 128 90 92 99 100 114 99 138 155 158 181 179 188 166 129 65 55 55 57 68 89 130 162 159 159 134 146 118 87 86 81 66 80 68 52 49 57 88 130 175 142 156 130 101 93 123 
158 155 173 159 138 166 174 175 177 139 133 128 150 141 132 145 139 173 155 98 81 107 109 119 119 115 120 130 141 149 131 116 101 85 83 89 134 151 153 176 183 187 187 186 198 210 201 171 146 118 109 110 72 48 99 120 104 87 77 70 59 55 57 37 27 28 34 61 72 67 84 103 133 165 146 146 153 136 131 133 123 98 83 111 77 125 107 78 54 51 92 113 116 92 94 85 94 74 90 133 
130 141 135 142 132 160 167 162 151 156 151 175 165 167 152 170 146 142 162 99 80 76 110 124 107 115 120 122 129 136 129 131 128 111 96 101 123 143 152 164 174 166 160 165 172 182 210 211 176 128 106 105 94 43 34 47 62 74 71 72 73 72 61 44 34 49 87 120 107 148 166 163 166 167 167 156 140 124 101 86 96 98 141 111 71 62 63 54 63 47 70 77 103 130 120 106 130 139 150 148 
161 152 151 135 118 112 126 170 171 190 184 181 177 172 144 183 175 164 146 100 102 110 109 92 118 126 124 120 112 107 111 105 107 108 121 124 144 159 157 162 167 167 162 165 176 180 176 191 206 198 147 109 88 61 53 70 73 65 61 49 31 33 59 107 140 178 172 165 178 182 173 164 154 146 159 153 116 135 118 141 135 144 133 108 70 53 53 48 54 52 60 87 156 152 163 156 173 163 183 174 
153 169 172 150 143 152 165 194 192 174 184 175 178 171 160 165 167 154 115 103 101 122 129 130 114 111 120 104 102 108 116 118 130 147 148 152 162 169 166 166 161 156 139 159 161 167 159 170 191 198 182 94 61 39 51 54 56 59 40 37 53 114 170 158 169 181 179 170 160 166 154 152 172 154 165 168 155 167 143 166 166 175 147 93 59 55 62 70 75 75 87 144 171 160 177 185 178 177 173 170 
155 182 193 163 150 145 181 170 150 163 172 165 168 177 173 175 159 129 113 102 107 109 110 123 133 132 123 113 111 109 124 128 135 135 135 142 153 157 154 151 144 142 110 101 114 91 104 120 146 156 170 84 48 54 62 74 68 59 77 89 112 160 175 151 146 149 139 139 142 157 147 158 156 160 168 169 166 167 169 165 148 146 96 63 54 45 43 92 115 126 180 185 184 175 169 150 149 168 162 162 
139 160 152 164 147 140 149 174 169 172 189 151 150 138 155 152 166 140 151 105 121 139 147 138 139 138 137 131 138 124 117 108 102 110 120 126 124 123 126 123 109 98 84 97 108 139 54 127 81 86 110 103 104 92 93 64 63 62 72 81 128 176 155 138 150 134 129 165 162 119 159 160 151 163 171 167 166 160 156 147 156 118 80 63 63 73 77 77 137 139 168 179 166 188 182 179 165 168 157 163 
158 176 175 150 140 136 167 142 164 157 151 169 184 187 162 166 162 160 131 105 146 151 144 141 145 148 138 136 141 132 118 103 92 95 111 120 108 96 88 98 106 87 72 79 90 104 96 102 64 116 126 153 119 88 67 57 55 60 69 72 90 121 161 165 157 154 161 156 169 158 153 155 162 168 171 154 158 139 144 120 99 92 70 66 68 75 116 137 171 182 184 182 190 165 177 179 179 169 164 177 
163 143 157 163 173 155 151 164 173 153 134 138 169 175 164 139 162 148 127 132 147 143 129 134 132 126 117 122 140 133 121 108 90 61 55 64 66 68 68 64 73 69 57 61 73 71 58 56 51 90 116 98 99 79 65 53 59 66 70 88 134 142 148 132 164 170 182 161 164 170 147 150 162 166 153 178 159 137 152 130 107 77 83 88 110 106 114 158 175 176 192 181 166 181 181 187 169 192 180 175 
161 170 166 161 168 178 171 162 154 159 147 151 158 144 140 153 153 142 105 72 93 104 90 87 94 90 85 87 111 100 76 47 40 38 40 45 56 64 63 59 54 52 54 49 49 38 35 48 55 79 103 93 79 65 61 59 66 81 98 115 171 170 174 176 162 157 156 153 148 148 147 145 125 133 139 158 141 142 143 123 106 99 65 73 117 143 174 181 179 182 178 186 188 164 174 170 160 163 147 161 
164 171 163 125 135 162 183 184 152 171 146 151 174 182 120 173 161 115 99 86 54 54 53 57 56 59 56 55 65 66 49 31 39 32 37 53 57 66 73 76 77 78 82 81 77 73 74 89 105 118 88 82 71 60 60 55 55 58 74 97 119 136 142 157 145 140 126 169 164 153 118 112 103 123 181 145 121 106 84 71 73 86 90 122 154 178 173 187 176 179 183 175 178 173 177 176 173 170 178 179 
170 172 141 131 156 168 170 160 165 159 133 146 177 172 163 175 149 114 70 62 89 88 59 48 39 41 43 46 53 61 56 36 36 38 57 65 71 75 82 82 88 87 119 128 101 98 126 140 123 96 76 71 60 53 54 49 53 63 62 65 86 111 89 113 129 151 150 152 156 140 114 115 106 108 147 145 107 69 54 43 52 71 86 135 160 169 172 164 173 172 165 157 175 169 183 174 166 158 174 174 
165 153 145 127 139 163 138 144 160 157 139 132 142 142 144 147 132 175 72 47 50 61 83 93 85 63 42 40 37 45 49 50 52 53 58 67 76 97 91 109 127 140 147 119 79 101 132 154 124 89 67 60 56 64 55 52 64 64 59 68 94 105 101 113 129 148 151 134 123 120 102 95 95 81 103 118 74 56 53 57 74 77 86 136 165 161 149 181 175 150 162 183 169 173 166 159 157 177 181 175 
155 123 122 85 106 140 140 165 161 139 145 119 137 141 138 138 116 129 130 48 39 38 40 39 42 42 44 41 41 37 37 41 42 78 99 101 162 168 119 101 143 152 156 138 112 95 134 106 85 72 74 63 55 61 55 55 55 51 43 48 93 99 101 109 89 95 108 117 90 102 113 81 93 72 66 57 47 40 41 45 71 107 131 139 161 143 165 166 173 173 167 158 152 162 166 154 147 144 180 185 
164 164 177 146 162 155 150 163 137 146 150 145 154 156 162 171 169 161 142 83 51 46 37 37 36 38 40 41 41 41 42 45 54 58 85 163 162 146 117 125 140 160 157 140 105 116 141 103 86 74 67 63 63 62 53 53 60 53 49 53 70 100 94 92 86 67 86 102 95 98 82 71 75 73 65 55 53 46 44 64 72 86 97 138 154 158 168 151 169 178 162 152 146 167 150 139 135 139 175 158 
133 126 134 147 166 144 149 145 147 155 123 146 160 174 168 173 181 178 161 131 65 49 46 45 43 43 43 44 45 42 46 48 64 101 118 152 174 172 164 165 176 166 158 115 108 141 144 94 81 73 65 62 65 65 55 57 54 51 41 45 88 143 116 79 68 60 52 54 60 50 68 81 83 82 79 63 59 60 57 62 67 93 114 131 160 153 149 145 146 136 158 161 165 149 148 146 157 157 145 152 
141 123 136 169 163 153 151 140 148 145 159 165 157 160 172 163 166 156 157 147 125 60 48 43 43 44 45 47 49 47 53 99 157 114 118 155 170 173 162 171 155 138 130 76 65 123 121 104 86 67 64 65 63 59 64 59 57 53 46 66 101 101 90 79 60 57 51 58 58 72 97 84 80 62 63 58 60 65 70 64 66 99 144 161 144 133 132 111 112 142 124 155 141 157 147 136 143 171 148 147 
155 158 149 173 184 175 177 162 172 143 171 158 166 185 179 152 148 143 141 139 155 149 88 58 53 55 58 65 83 112 163 181 170 118 100 148 165 180 167 178 187 153 102 84 143 149 99 97 73 56 55 63 62 52 57 63 51 53 52 52 70 70 71 64 63 50 46 45 44 54 66 96 64 55 60 55 56 54 61 59 56 119 187 166 149 121 126 146 148 157 168 132 133 156 140 167 176 150 147 137 
111 163 185 170 165 156 168 159 153 131 152 158 165 173 174 160 175 162 153 163 173 165 164 165 160 132 121 127 132 157 158 173 159 123 81 88 83 122 167 170 145 107 82 114 129 126 73 66 70 63 62 61 54 54 59 58 51 60 56 55 52 60 61 59 52 55 54 52 45 44 41 51 45 45 49 50 58 49 54 64 67 73 107 127 142 121 136 144 165 165 171 163 159 134 142 149 157 151 131 137 
158 152 148 161 160 160 143 136 115 115 126 134 169 167 164 160 170 147 157 158 167 164 166 161 164 145 118 116 149 157 159 163 140 124 83 83 80 83 129 165 118 81 88 128 111 88 69 65 63 61 63 63 61 61 57 57 48 52 55 59 61 64 63 58 48 51 54 57 55 44 41 42 58 42 50 64 61 50 56 120 68 126 147 131 152 149 156 152 167 159 157 159 144 133 141 138 144 144 124 111 
164 175 177 147 132 147 149 149 156 148 147 155 181 173 180 170 172 159 165 168 154 151 163 157 156 128 130 129 160 164 162 145 130 138 105 107 100 90 95 134 95 69 86 100 100 76 68 60 67 63 67 65 63 64 57 53 55 55 52 59 59 65 66 55 44 46 47 50 55 45 40 33 51 48 39 58 69 85 98 134 157 164 172 176 163 164 170 170 169 178 163 161 151 135 151 166 179 166 150 135 
183 172 154 166 145 176 176 177 171 159 149 172 184 180 180 162 171 169 181 173 168 169 158 160 139 142 168 174 153 168 172 149 139 147 143 136 138 129 141 136 77 74 84 98 70 72 71 62 62 60 68 71 63 59 56 53 50 48 55 63 55 55 60 58 55 51 48 40 49 45 44 44 45 53 47 44 47 59 71 80 75 122 146 133 130 139 130 149 168 159 156 152 140 151 163 158 159 134 127 105 
153 152 129 113 101 151 160 166 144 164 172 173 167 158 169 163 172 177 179 173 162 170 162 165 148 131 153 186 179 181 169 161 133 155 146 178 173 168 178 130 76 71 79 90 75 76 67 60 58 64 62 71 71 61 57 52 55 49 58 65 62 60 56 57 57 54 54 46 48 42 47 54 48 49 55 40 43 55 62 59 101 144 148 173 152 148 148 157 163 151 163 153 149 149 142 136 137 147 154 154 
165 129 145 159 162 185 160 158 160 180 180 173 166 159 156 162 157 170 169 162 154 160 156 145 148 165 172 177 170 168 170 171 172 149 152 166 169 170 160 105 78 71 70 72 61 61 66 51 51 60 63 61 67 63 52 47 47 55 59 57 58 59 56 53 52 56 57 60 56 47 37 43 38 46 59 58 54 62 61 59 108 101 128 144 129 132 153 147 160 167 155 152 145 169 186 159 154 174 165 178 
147 150 152 155 176 160 146 152 126 140 158 157 156 137 162 170 150 172 159 168 136 143 173 153 154 185 184 173 170 176 161 158 162 178 178 163 149 175 152 100 68 62 68 64 62 58 49 50 61 61 61 63 67 63 58 46 57 62 62 60 55 54 58 58 56 52 53 55 57 57 47 46 41 52 62 57 56 66 80 60 105 148 126 115 136 155 168 161 165 153 159 144 157 166 143 142 164 157 158 160 
171 140 133 148 167 162 148 153 148 142 171 168 165 156 172 167 171 178 172 171 162 176 159 174 179 176 161 153 178 163 166 178 182 165 174 167 174 174 123 82 69 61 68 70 62 53 48 49 57 55 58 66 65 60 56 59 58 64 69 66 67 59 49 52 55 52 51 59 48 61 56 60 55 55 57 59 56 52 81 92 95 152 127 133 138 128 158 164 165 154 135 129 108 101 137 153 159 159 169 158 
163 165 166 178 167 177 166 168 173 152 150 169 174 169 172 169 154 169 170 167 169 151 146 137 164 165 175 147 165 169 162 169 173 142 152 177 167 166 103 79 66 61 70 67 61 57 55 48 44 40 52 57 62 61 57 57 51 51 66 66 65 63 55 52 55 61 61 58 60 61 60 59 60 59 61 66 63 65 63 88 115 162 151 128 114 159 171 133 145 155 165 151 142 132 122 112 74 101 140 138 
118 148 195 176 190 165 161 164 161 173 160 149 128 132 167 154 170 185 160 134 150 132 137 125 169 166 166 190 177 168 182 180 161 163 170 179 163 135 101 73 68 67 65 63 61 51 52 52 46 43 44 55 71 68 53 54 51 58 58 47 53 56 57 62 57 55 58 64 57 60 69 71 72 75 71 68 60 69 83 119 126 131 129 151 171 164 165 160 126 157 153 118 121 134 127 103 115 141 145 167 
117 136 172 185 165 155 153 179 182 189 174 163 140 148 159 162 160 168 145 140 130 132 113 143 144 158 163 166 158 163 176 161 158 166 173 169 160 153 109 80 72 70 65 59 55 52 48 62 58 50 51 56 63 62 63 59 53 47 58 64 61 54 61 61 56 53 45 48 49 52 46 56 63 65 62 59 63 56 62 120 133 136 159 158 165 156 145 169 179 155 135 118 107 106 105 129 169 198 164 151 
136 154 189 167 163 134 129 139 172 182 190 176 163 143 148 141 134 143 139 127 107 100 89 106 113 137 146 169 162 164 147 145 141 142 168 158 141 125 90 70 69 72 62 59 58 55 59 57 51 58 54 52 62 70 69 63 54 62 60 62 63 62 61 63 61 60 55 54 62 60 45 56 69 63 63 56 60 58 55 82 83 97 125 130 130 125 147 151 133 124 128 141 137 126 140 176 185 178 163 171 
173 196 188 165 159 177 161 161 168 173 175 173 165 173 170 160 161 153 115 102 98 115 130 134 134 117 101 131 167 176 149 144 129 139 127 131 140 115 78 70 63 63 61 57 53 51 53 56 70 67 55 50 53 56 60 71 69 58 50 47 58 61 60 66 58 67 72 51 52 52 48 55 69 68 68 60 59 65 98 66 94 129 116 145 118 113 123 131 145 119 117 133 128 112 147 129 155 165 165 140 
