147 146 149 145 146 150 153 126 109 103 112 91 56 64 60 64 59 56 64 64 64 69 71 69 68 64 67 64 57 73 116 130 104 88 91 103 135 131 104 90 113 150 162 147 126 126 129 143 130 115 104 100 106 129 128 123 109 132 140 134 130 134 148 134 130 131 130 115 96 100 146 159 160 162 154 128 114 89 85 112 113 119 150 139 131 141 156 162 163 163 162 159 159 158 159 163 158 156 153 151 
147 145 147 145 148 149 154 124 109 114 130 131 100 53 53 48 55 69 69 65 64 64 64 68 72 63 59 64 65 72 71 139 125 118 123 135 145 123 105 91 91 116 133 121 129 125 134 160 146 123 110 108 127 129 131 130 143 143 133 131 121 103 107 129 131 135 130 97 93 118 135 149 159 157 134 132 123 114 101 116 115 111 118 117 122 137 154 159 162 163 164 162 162 161 160 162 158 156 154 154 
147 145 145 145 149 149 153 133 118 132 126 123 121 79 56 46 65 60 54 59 62 66 68 65 67 70 57 62 70 70 83 143 141 128 110 124 139 136 119 110 99 118 127 95 113 124 152 149 130 122 124 124 126 128 131 142 160 150 139 118 95 93 92 114 132 146 116 95 105 131 132 133 145 140 132 132 128 124 133 140 129 109 91 107 120 135 149 158 163 163 163 164 160 163 163 164 162 159 156 157 
145 146 146 145 152 149 154 146 132 153 147 117 99 96 80 46 60 45 54 56 63 65 66 70 69 68 67 58 64 79 104 133 127 104 110 131 135 135 138 126 147 139 126 88 91 117 141 140 127 123 110 101 107 125 146 149 149 144 124 103 96 91 91 104 146 127 129 113 127 130 130 131 117 111 130 128 128 130 148 147 150 117 90 88 102 128 143 155 163 163 163 163 161 163 165 164 161 160 161 164 
145 147 147 143 150 151 156 151 129 130 144 130 116 102 92 81 49 46 47 61 64 60 58 60 66 71 71 69 75 106 130 126 110 102 125 132 133 133 117 125 145 165 133 84 99 116 109 104 123 111 98 102 110 123 133 139 128 125 124 120 104 95 93 128 130 130 131 145 148 134 128 124 95 94 98 117 129 145 154 152 145 133 110 95 84 120 140 156 159 162 163 163 162 163 161 162 161 164 160 160 
145 147 146 141 152 154 159 155 136 135 149 138 130 144 120 117 70 43 51 60 62 60 61 61 70 73 72 73 89 127 135 119 105 107 129 150 142 111 101 103 130 150 147 106 116 106 102 130 126 104 105 116 123 122 121 105 121 126 124 124 121 113 114 114 126 134 140 162 162 146 127 103 90 89 88 89 114 142 148 145 144 126 115 107 109 118 137 152 158 158 160 160 160 161 164 163 162 164 161 163 
146 147 146 140 161 151 152 152 136 140 154 151 127 143 151 121 113 51 56 60 61 64 66 71 71 68 75 77 104 121 127 110 113 120 138 156 159 155 133 105 107 138 127 139 133 106 129 136 125 125 135 128 128 127 107 100 99 113 118 144 147 113 113 102 116 135 158 161 162 159 130 91 88 83 85 92 110 116 126 136 135 118 104 115 137 118 132 144 155 154 157 157 159 158 161 160 164 160 160 162 
148 149 147 139 161 152 148 145 131 139 153 144 133 123 136 143 106 77 51 59 65 72 73 75 74 71 85 116 130 127 117 114 113 114 125 139 147 153 152 133 114 119 114 137 142 121 138 140 131 142 148 141 125 108 98 97 97 98 122 150 150 118 96 96 100 142 159 157 153 147 119 106 97 90 92 106 112 111 115 113 103 109 113 111 129 129 131 140 148 148 152 152 158 159 161 160 165 162 163 163 
149 148 147 141 159 150 147 143 129 136 148 133 135 136 142 131 110 91 57 60 74 75 71 71 69 106 131 141 134 120 116 114 122 128 130 130 130 131 125 123 123 103 95 107 114 116 139 145 136 141 151 135 126 122 104 95 97 113 126 140 150 109 96 93 106 128 136 142 137 114 96 94 83 82 95 124 145 151 152 145 120 116 118 107 106 112 132 138 145 147 148 151 158 160 159 157 160 161 160 165 
150 149 148 141 155 149 145 143 134 130 124 130 142 155 155 135 124 98 80 66 73 76 75 75 97 134 140 133 131 127 112 120 117 107 99 86 135 130 121 116 110 105 93 105 107 120 135 122 123 134 157 152 137 130 129 131 121 127 128 130 132 120 102 93 117 120 109 93 84 94 105 99 89 107 113 124 152 152 157 155 137 122 109 89 95 107 123 129 139 143 145 148 153 157 158 157 156 158 163 162 
150 148 148 141 153 148 146 143 138 130 113 121 155 157 154 151 128 113 94 78 72 75 75 86 126 138 129 120 119 123 118 109 90 84 73 76 115 129 127 129 122 111 113 115 103 124 131 111 110 116 156 164 159 139 148 151 133 124 128 119 118 115 108 124 111 97 78 80 82 82 106 115 116 112 113 118 149 145 143 144 126 100 92 85 86 107 112 126 132 139 144 146 149 156 159 161 162 161 162 161 
151 148 146 145 151 148 146 144 140 134 113 125 139 150 157 147 127 144 115 100 74 75 77 111 124 122 122 128 132 127 111 101 84 67 60 92 96 98 100 123 132 120 109 123 114 121 127 108 107 122 142 147 154 149 140 130 115 119 125 113 100 115 116 128 110 99 95 93 82 79 104 136 121 109 114 115 129 124 119 116 110 93 87 84 97 130 132 125 129 136 138 142 146 153 158 162 164 162 162 161 
142 152 151 149 148 147 147 146 142 144 126 124 135 129 133 137 129 128 137 106 75 75 84 123 119 130 131 122 123 117 100 94 69 63 64 67 64 69 93 144 151 139 118 120 139 130 124 107 111 132 138 135 131 120 119 115 119 98 91 89 90 95 116 138 143 129 140 137 118 98 103 118 132 113 102 86 95 118 120 121 117 93 96 117 115 122 144 127 128 130 138 139 143 149 156 163 164 161 164 161 
145 143 142 152 147 147 146 147 144 145 141 134 126 108 110 136 132 123 133 114 83 74 90 117 124 148 132 113 107 100 95 69 61 56 55 56 70 85 126 157 160 152 136 119 136 138 129 109 110 137 134 128 113 101 110 131 122 115 94 102 125 125 126 123 124 126 138 149 143 110 96 89 96 100 79 79 81 109 117 121 124 136 124 121 116 113 133 142 130 127 136 140 143 148 151 158 165 159 163 165 
146 146 139 154 145 147 148 147 145 140 147 131 115 111 108 118 135 130 118 115 83 67 91 122 135 171 149 112 89 87 69 81 97 104 97 79 80 107 112 125 128 133 128 124 123 121 124 125 123 127 127 125 104 98 124 125 119 120 120 126 123 125 124 111 89 113 131 144 124 110 83 74 71 77 77 79 78 89 115 131 142 151 145 126 121 119 110 122 126 128 134 138 140 145 149 156 159 162 163 163 
147 147 139 156 147 147 147 146 146 134 133 129 115 112 111 118 147 148 136 117 91 71 116 135 147 156 143 125 85 101 120 124 111 100 73 68 75 102 112 123 114 110 115 109 108 112 101 101 107 110 130 145 127 108 115 117 120 123 144 147 146 130 116 90 90 109 132 146 131 123 125 102 83 85 82 75 79 92 115 137 139 139 138 138 123 94 84 81 110 127 130 135 140 141 146 148 158 161 162 162 
146 148 139 158 145 144 146 145 144 137 135 140 133 135 139 138 145 154 138 120 96 101 152 145 143 148 133 123 127 127 129 115 101 58 51 70 65 77 103 127 130 125 124 119 128 113 94 85 65 57 59 91 118 121 111 96 112 131 151 148 144 136 94 89 114 123 125 123 129 135 145 129 103 93 88 82 100 118 117 123 147 150 148 134 112 95 86 85 100 128 129 136 139 140 141 146 155 161 161 162 
149 147 141 154 145 144 146 143 143 135 139 154 159 144 140 138 138 153 146 122 114 150 169 144 133 138 125 127 119 114 118 124 97 56 80 90 77 70 89 132 139 143 136 127 123 122 90 89 69 60 46 45 56 91 109 107 90 108 137 149 144 117 100 92 120 119 121 97 110 128 140 140 117 92 87 99 100 112 118 116 126 139 119 111 116 115 97 113 120 129 124 138 135 138 138 143 149 159 161 163 
148 146 139 156 145 144 145 143 142 132 153 162 162 157 138 138 138 144 153 126 146 169 171 135 119 123 121 115 106 100 115 123 106 80 107 114 89 74 90 137 146 147 149 136 119 104 100 92 79 69 61 58 55 55 72 101 96 92 111 130 136 120 111 108 120 113 109 88 88 109 144 135 119 109 81 71 73 79 101 112 98 99 112 118 122 137 135 124 121 133 131 134 135 141 140 140 146 156 160 164 
149 147 141 155 145 148 145 144 141 130 154 159 163 159 145 131 123 118 127 133 148 167 167 123 124 129 123 129 148 133 142 135 100 92 111 121 86 85 120 141 148 151 148 135 108 91 91 86 74 68 70 64 64 69 65 77 99 100 114 114 112 109 114 119 129 120 110 89 84 99 141 151 128 117 103 82 85 101 102 117 119 95 107 128 146 154 149 127 122 130 134 124 132 141 146 144 143 154 157 161 
146 146 139 152 146 148 147 145 139 131 143 156 149 144 135 116 109 110 133 146 148 147 127 120 129 140 139 158 171 160 156 145 109 89 86 88 103 125 141 148 150 149 136 117 100 93 88 88 94 87 85 87 79 84 82 75 72 76 94 110 112 107 102 105 118 126 121 99 88 105 123 139 139 134 146 131 106 101 98 89 87 91 103 139 154 157 149 140 120 110 138 121 130 139 147 145 144 148 154 157 
145 145 142 152 148 148 147 145 138 131 125 128 138 137 137 123 111 131 146 149 147 124 121 133 141 155 167 175 174 161 168 149 125 105 108 116 126 142 145 145 146 131 118 114 132 132 133 123 127 140 139 132 126 112 101 83 80 68 61 77 100 107 112 108 115 126 131 126 106 105 117 122 131 130 152 154 130 105 81 74 73 78 95 117 138 156 152 143 103 93 134 125 129 139 145 145 144 147 154 159 
147 145 147 150 147 151 147 145 137 128 114 115 133 138 137 130 137 164 151 148 138 118 136 149 162 171 182 179 176 172 174 154 132 121 113 118 121 130 140 136 129 129 136 154 155 123 98 88 90 104 111 113 117 117 127 115 95 88 65 54 79 99 117 128 117 113 111 115 120 116 105 105 105 121 134 151 147 98 78 75 73 75 91 137 127 141 142 122 107 96 132 129 124 134 142 148 147 149 153 158 
146 146 149 147 147 150 149 143 134 125 114 112 116 135 138 138 169 175 167 148 121 130 149 166 169 174 174 174 173 176 174 159 139 128 119 116 127 129 127 128 125 136 174 128 91 92 99 104 92 86 81 91 107 111 119 119 108 100 80 57 61 91 114 128 117 113 119 122 133 121 111 95 85 109 120 137 117 108 85 72 78 98 105 135 133 126 113 117 115 110 111 126 122 128 140 146 148 148 153 155 
148 143 147 146 148 148 147 144 134 125 108 115 127 142 145 161 173 176 172 146 115 140 160 167 166 168 174 170 177 178 175 155 147 128 110 113 124 126 121 120 134 179 144 96 99 98 92 109 101 97 84 80 93 115 112 114 110 101 93 61 36 67 70 85 100 94 96 101 112 118 110 106 88 88 114 141 127 109 103 91 99 103 102 129 136 132 110 103 113 105 99 122 119 127 133 142 150 152 153 153 
146 142 150 146 147 147 146 142 136 125 116 136 139 136 142 170 174 174 158 118 123 144 158 166 165 160 164 172 171 174 170 161 150 125 124 132 128 123 115 145 188 183 104 102 104 104 86 91 110 103 88 93 77 94 110 118 107 108 95 60 37 50 70 71 84 97 103 97 109 118 116 111 94 84 106 132 138 131 117 129 101 81 79 112 127 129 105 95 106 93 91 111 119 125 129 137 146 150 152 155 
145 142 152 146 146 146 144 143 136 137 143 137 136 135 144 159 170 160 132 107 120 133 150 160 165 168 167 165 162 171 165 160 149 132 136 138 129 118 140 188 189 173 99 105 107 117 108 92 137 97 84 99 89 84 105 108 104 103 94 58 51 60 60 59 63 85 111 123 115 115 118 117 104 98 109 116 135 134 133 124 83 74 79 99 103 109 96 101 101 89 89 102 121 122 131 137 145 152 154 154 
145 139 152 145 146 144 144 143 137 142 159 136 134 142 145 142 139 129 115 98 117 125 139 153 158 156 161 159 162 162 149 145 142 134 137 130 127 127 170 198 200 171 98 103 106 114 113 118 106 96 99 96 100 87 103 103 110 108 78 51 77 105 81 75 76 63 80 99 111 106 112 134 130 117 119 119 119 120 113 89 76 73 80 97 101 94 82 91 93 87 91 105 118 118 130 137 140 150 154 155 
147 135 153 145 145 144 143 144 138 130 154 142 142 144 137 119 106 102 98 89 101 111 120 135 144 151 156 161 162 152 145 138 137 133 129 125 141 160 195 207 203 146 104 106 108 115 111 115 106 102 102 96 100 88 96 98 105 107 60 59 92 150 109 84 78 74 67 77 94 103 100 109 130 137 138 135 122 97 96 82 81 78 89 98 100 88 75 79 99 105 110 111 114 120 125 134 139 146 152 155 
146 134 154 146 145 145 144 142 141 127 135 148 139 128 113 106 103 102 92 90 102 109 112 128 138 143 150 159 158 151 153 142 132 130 134 146 166 186 210 201 186 113 111 109 116 122 120 115 113 94 83 87 88 96 85 90 111 93 62 90 136 120 118 108 97 93 87 70 71 87 97 109 137 147 146 137 132 125 111 107 109 108 119 114 102 86 80 89 121 120 112 110 112 128 126 132 140 146 150 155 
146 135 155 147 144 142 141 143 138 135 119 126 131 123 113 106 106 100 96 132 172 158 131 147 161 163 165 157 156 152 148 145 144 156 173 192 202 197 203 189 163 105 111 109 116 98 100 111 85 109 99 90 85 88 85 82 108 92 89 162 221 196 164 132 142 116 98 86 80 90 113 135 148 154 153 143 133 138 127 105 104 104 128 133 127 96 98 108 133 139 113 107 119 126 121 130 138 143 149 156 
147 137 155 146 145 143 143 141 136 136 134 122 128 136 141 144 120 94 100 122 129 128 144 148 161 160 162 168 181 177 179 194 186 198 203 203 208 208 213 192 154 103 110 108 107 82 97 149 80 99 100 91 93 88 82 80 71 66 89 170 189 195 221 175 211 172 117 114 123 130 140 152 156 158 156 148 140 134 141 107 86 91 122 134 134 130 107 109 134 144 114 109 121 118 118 127 139 145 148 154 
145 138 150 146 145 143 142 138 136 136 138 130 131 142 147 149 111 89 87 91 105 130 141 150 157 163 159 152 151 150 140 144 141 158 170 192 210 218 220 201 149 102 107 107 112 100 97 158 87 107 101 97 98 103 95 96 87 89 129 147 149 152 151 147 144 144 146 147 145 146 155 160 160 160 158 154 148 139 130 132 72 72 101 119 129 130 108 108 137 144 110 118 106 101 116 121 136 144 148 152 
144 139 150 146 144 142 135 133 134 133 127 119 119 122 129 125 100 91 101 110 127 145 155 154 166 164 162 158 153 149 140 133 136 143 148 177 216 222 216 210 163 102 102 105 111 121 103 99 103 126 103 91 102 108 100 103 96 97 159 160 161 163 162 160 157 159 158 159 150 156 158 159 161 161 161 158 155 147 135 143 93 55 60 86 104 109 85 97 132 126 99 104 104 97 118 119 134 144 147 153 
144 137 135 143 145 145 139 132 132 139 124 112 107 116 122 125 93 97 116 134 158 167 163 165 165 165 169 163 156 153 151 137 143 146 141 154 191 220 217 213 173 124 95 94 96 102 101 110 129 107 92 101 114 110 113 110 90 103 165 165 167 167 163 165 166 165 162 160 154 156 161 164 163 163 161 162 159 152 143 135 126 55 51 58 81 86 74 81 110 116 100 102 107 99 122 128 130 139 146 134 
141 148 138 145 145 142 136 131 126 134 135 135 152 147 128 128 100 100 126 155 164 160 163 167 168 171 172 169 158 153 149 130 123 141 142 140 145 206 224 219 183 172 119 97 93 97 108 109 108 102 115 117 118 111 112 114 85 110 163 165 168 168 166 168 170 168 165 160 159 159 161 163 165 164 162 162 160 154 149 132 124 55 48 43 51 60 73 76 101 112 103 105 124 112 142 138 125 139 127 60 
139 152 146 147 145 137 125 120 117 122 135 146 160 151 129 116 101 103 132 162 165 161 169 170 170 173 175 169 162 149 141 122 103 120 130 137 130 175 222 223 200 167 157 119 112 116 115 128 130 128 141 141 120 118 130 121 83 118 161 165 168 169 167 166 169 167 167 164 162 158 155 157 160 159 157 157 155 153 141 135 71 49 45 39 31 43 69 75 82 106 108 114 138 125 150 150 130 121 64 73 
136 158 145 145 133 129 118 116 115 115 128 133 140 145 115 105 102 104 133 164 163 162 164 169 158 158 167 166 148 138 130 120 112 119 127 122 120 135 188 216 206 192 162 148 136 132 136 140 140 141 161 177 144 121 133 124 86 125 160 163 163 166 166 165 168 165 160 155 152 153 156 161 163 162 161 160 157 154 143 106 64 60 54 32 30 38 58 80 83 87 109 121 126 129 148 152 139 82 99 115 
134 154 144 139 132 122 120 116 114 113 130 127 107 116 123 122 101 104 131 162 155 157 148 150 143 144 162 159 130 126 130 132 128 131 129 123 114 121 147 173 187 217 198 169 158 155 147 147 133 129 133 143 159 133 123 117 84 127 161 164 163 162 161 164 162 156 154 155 159 159 161 162 165 166 162 161 158 148 140 84 61 58 47 29 32 39 66 103 88 92 108 115 116 124 144 151 145 119 117 121 
132 154 146 132 128 118 120 118 110 111 122 128 112 110 119 128 104 114 129 158 152 142 129 126 120 140 147 136 108 105 121 136 141 142 140 131 113 125 120 131 144 167 165 169 171 164 156 151 153 146 150 161 145 138 127 120 80 129 158 160 160 162 163 162 163 163 163 164 164 161 162 164 166 166 162 159 156 144 116 75 73 64 45 31 34 45 95 129 109 110 109 106 104 101 120 124 123 108 109 120 
134 160 141 131 129 118 127 123 112 110 113 125 110 108 123 132 105 124 133 150 145 151 144 122 117 131 134 113 100 102 120 142 148 149 148 138 121 123 119 111 121 127 134 137 146 156 152 164 166 157 169 174 152 142 138 120 81 140 162 165 166 165 165 166 169 168 165 161 161 161 164 163 161 164 160 156 145 140 82 85 61 50 31 31 37 62 115 136 125 112 109 103 92 97 117 117 117 103 98 116 
134 165 136 135 127 126 136 134 126 118 111 113 110 101 115 134 112 127 141 149 141 156 141 128 134 150 124 112 111 97 101 126 148 156 157 154 135 131 132 118 121 116 113 118 131 129 140 154 151 147 161 164 146 151 132 112 83 152 167 167 167 168 170 170 171 171 167 165 162 156 160 162 162 161 158 152 133 122 74 85 48 34 22 25 34 84 128 145 133 115 99 105 94 115 126 130 118 87 103 121 
134 155 143 143 141 135 139 139 140 139 127 118 106 98 102 134 119 132 148 155 147 154 153 137 149 146 129 123 96 92 105 109 137 161 163 165 151 140 141 131 119 112 105 102 112 119 131 132 130 140 143 139 149 135 129 94 91 164 170 170 173 176 177 177 173 172 169 163 160 148 157 161 162 159 155 145 138 86 88 86 64 38 20 22 32 78 120 135 135 111 96 119 108 126 131 126 107 89 119 124 
133 149 144 142 145 142 139 138 134 133 133 133 112 105 105 120 119 139 151 161 161 150 167 157 162 135 128 81 114 128 93 96 126 163 177 177 171 154 148 138 123 111 106 111 114 112 113 114 120 131 124 126 124 122 101 87 113 165 170 172 172 175 173 173 170 166 165 160 153 155 158 161 160 159 154 139 122 80 95 84 81 63 31 24 35 86 125 144 125 98 106 103 108 120 126 121 104 99 129 138 
137 149 145 143 144 142 139 141 138 137 132 131 127 120 123 120 123 143 159 160 169 157 163 162 171 129 104 88 124 108 89 93 126 160 175 178 180 165 146 139 117 105 111 110 106 119 112 116 117 114 112 120 110 100 94 71 128 159 160 162 163 165 163 163 162 158 153 149 146 153 155 156 158 154 152 131 81 91 107 80 72 68 68 62 79 117 140 146 146 144 120 88 110 125 126 122 116 116 136 144 
141 148 145 142 144 142 141 142 139 137 133 133 133 127 123 120 125 137 153 163 166 178 162 161 161 127 93 75 91 92 88 93 123 165 182 180 179 168 147 134 119 95 103 103 104 107 102 116 104 101 117 106 91 82 70 76 109 123 136 142 147 144 137 129 170 153 122 125 133 136 141 143 138 121 102 86 91 105 84 80 69 67 74 78 103 130 155 162 154 136 95 86 111 127 127 138 141 127 154 155 
150 144 145 143 143 142 141 141 141 138 132 131 129 129 129 127 128 139 153 166 166 173 179 169 156 131 92 103 109 92 88 113 137 173 180 182 180 168 149 140 116 92 90 91 100 99 106 97 103 113 102 103 81 63 71 104 169 183 193 212 187 184 202 170 177 103 96 92 89 82 89 88 87 86 84 91 108 75 67 65 63 68 75 84 113 136 162 168 148 127 91 90 110 138 148 153 144 128 135 128 
154 142 145 145 143 143 143 141 140 137 137 129 129 129 126 125 125 133 150 163 167 169 177 179 164 143 97 86 97 93 119 155 162 172 181 175 173 166 148 133 123 98 82 82 81 90 88 89 94 88 87 80 58 73 108 166 220 219 223 224 204 230 215 151 123 84 73 78 89 102 152 98 79 79 97 99 82 70 61 60 62 71 78 99 124 138 157 164 157 128 112 115 122 148 156 156 136 119 123 120 
149 141 145 143 144 142 142 142 139 134 133 132 133 129 129 128 124 123 135 155 160 165 169 177 172 153 118 102 99 119 155 167 170 167 170 164 162 152 151 135 120 99 87 83 79 71 80 74 78 78 63 52 57 76 110 145 163 171 186 179 157 163 140 114 94 71 70 68 75 131 164 99 93 99 92 82 73 47 42 51 58 71 93 119 134 143 150 161 151 129 122 118 121 154 157 150 126 120 122 122 
155 141 144 144 142 141 140 141 139 136 134 121 115 115 126 126 127 109 130 149 158 159 160 163 169 148 121 103 131 152 166 165 156 161 161 160 161 157 154 146 125 97 89 80 81 65 65 71 67 54 44 46 43 84 130 152 131 119 113 116 115 105 96 89 73 66 65 66 66 82 83 68 74 73 81 82 79 54 29 35 51 80 114 132 134 143 147 156 161 135 120 120 116 140 136 123 110 120 120 122 
155 141 145 143 142 139 142 141 138 135 129 105 111 109 122 125 126 109 138 133 144 151 155 153 154 139 120 116 144 153 156 154 149 152 144 154 163 166 144 134 123 93 81 70 66 66 59 58 52 45 41 38 35 96 99 111 145 130 110 97 79 85 68 64 62 59 75 80 79 58 66 51 55 69 91 111 120 96 29 51 75 84 123 142 128 130 136 148 151 131 108 96 92 110 116 106 106 123 122 129 
154 142 144 141 143 142 142 140 138 133 132 112 117 114 118 124 123 119 148 155 130 137 149 148 143 132 105 110 142 160 166 159 151 160 153 162 163 163 136 122 111 87 74 67 57 54 46 47 48 47 29 48 67 86 125 192 149 100 92 83 65 64 58 53 87 39 33 44 55 59 69 86 92 112 139 145 150 130 35 56 98 111 109 101 82 111 112 109 113 113 95 90 89 97 113 103 112 142 152 151 
156 143 142 141 142 141 141 141 137 135 137 136 123 121 119 113 125 118 140 164 135 120 133 137 133 109 93 112 143 151 152 154 156 161 156 161 153 142 121 112 95 77 60 59 50 44 43 51 49 40 40 60 96 145 164 116 89 74 75 63 53 54 58 62 97 40 57 78 96 116 127 136 137 147 157 154 151 141 47 50 113 124 123 113 91 120 112 95 117 113 93 88 87 89 106 109 120 144 151 143 
153 142 140 140 140 142 141 140 137 135 136 136 128 130 122 113 128 120 150 146 132 121 117 124 126 113 104 125 151 158 167 156 151 150 147 149 141 136 122 102 86 72 61 47 41 40 46 51 34 65 68 88 100 115 82 69 66 53 51 49 58 66 60 64 82 57 83 101 106 139 141 139 147 155 157 178 147 149 58 29 101 134 145 142 103 115 76 100 138 132 105 91 88 93 115 113 116 117 123 128 
152 143 141 139 139 141 141 141 137 135 133 133 131 135 131 124 124 118 161 159 148 139 129 113 110 118 119 122 138 155 162 159 159 162 161 153 138 153 116 92 76 59 43 40 42 46 55 50 63 69 82 76 77 70 74 68 53 49 47 57 67 78 96 117 127 96 73 99 88 121 122 125 143 155 157 165 165 155 78 33 106 136 143 144 109 92 66 130 154 152 121 109 112 111 124 116 111 107 97 109 
151 143 141 139 141 140 140 140 137 135 126 119 128 128 120 119 121 117 141 153 144 119 119 111 107 106 109 115 121 133 145 154 147 154 151 149 141 139 110 86 74 59 39 37 50 56 54 45 56 56 58 75 72 58 64 52 48 57 81 107 132 147 147 146 140 135 119 107 98 99 122 122 132 134 153 157 159 145 105 42 110 138 142 138 111 83 72 142 155 150 124 118 112 115 123 116 108 87 86 107 
155 144 142 141 140 138 137 139 137 136 118 114 115 111 109 109 120 115 127 129 107 78 77 70 87 111 111 110 117 123 135 148 151 146 155 153 138 136 109 83 69 55 35 43 53 59 49 40 42 43 53 56 53 54 52 60 86 122 150 162 164 155 150 146 139 140 134 123 104 93 115 127 130 126 134 152 154 136 118 40 103 124 122 125 91 85 78 124 147 151 113 105 85 90 113 111 111 110 92 96 
152 144 144 143 142 133 132 144 141 133 116 113 113 112 113 108 116 119 106 103 94 90 98 68 63 79 107 108 106 100 117 146 142 130 137 138 126 124 108 86 68 46 33 42 59 58 50 44 54 63 63 57 58 67 85 120 155 167 174 166 162 151 147 139 139 138 136 132 107 100 99 132 132 127 131 143 148 139 116 48 100 125 117 115 92 94 80 99 119 126 95 78 76 78 93 112 112 117 98 89 
149 144 146 142 135 125 128 136 139 128 103 111 114 113 112 108 111 114 87 86 98 103 96 60 55 53 85 103 108 113 113 119 127 121 120 123 119 117 109 104 88 65 54 55 74 86 79 69 69 66 72 84 101 126 148 162 169 168 167 161 157 149 147 142 140 137 135 137 120 104 106 108 132 129 125 118 129 140 99 33 96 123 112 104 91 94 84 92 112 122 105 82 76 76 79 109 126 145 117 109 
147 144 145 141 129 118 118 130 138 137 124 120 116 116 113 107 110 107 77 75 78 78 74 58 53 52 68 90 105 116 107 86 76 94 102 107 120 120 130 129 131 139 143 147 143 96 69 61 70 85 116 136 149 157 161 165 164 169 161 156 154 148 145 139 134 134 133 132 137 113 103 93 110 136 130 113 120 140 104 50 104 118 110 119 101 92 93 86 121 128 128 98 92 104 109 135 146 146 119 118 
127 140 143 127 124 118 118 129 137 137 129 118 112 115 111 111 114 103 74 72 72 78 74 67 57 53 83 81 81 84 63 56 63 76 87 81 69 66 75 69 76 95 120 107 71 68 66 89 124 138 145 149 151 153 153 157 163 166 160 156 154 150 143 139 134 132 132 136 141 135 106 81 100 137 133 116 119 133 100 72 114 141 125 120 83 73 82 78 125 148 155 120 112 116 119 139 144 135 114 126 
130 134 131 118 116 116 119 131 136 138 121 113 110 110 112 111 118 86 69 71 72 81 79 78 78 74 91 84 81 79 84 81 88 105 114 110 102 86 72 67 65 65 68 66 62 66 87 120 144 152 156 158 161 161 162 162 164 164 162 162 155 153 147 147 145 145 140 142 142 137 137 128 132 132 125 118 112 103 83 73 106 129 127 111 81 70 69 85 103 138 154 128 115 118 121 131 134 135 113 126 
123 130 124 120 116 117 124 136 134 138 118 107 109 109 108 106 109 72 68 73 72 76 78 79 81 85 90 95 83 82 80 90 98 104 110 111 119 121 112 100 91 84 79 81 89 94 103 108 113 116 122 135 143 149 152 157 155 155 156 156 151 150 147 148 146 142 144 144 137 132 131 128 131 128 124 116 103 86 73 63 70 81 88 85 84 98 104 114 106 117 131 137 155 168 157 136 112 104 103 115 
112 125 124 120 115 114 120 131 134 129 110 104 103 109 102 103 103 68 64 72 71 75 79 83 81 84 82 85 91 85 82 83 89 91 101 110 105 105 106 109 120 115 106 100 91 92 102 115 124 123 119 116 110 108 113 119 123 128 133 137 137 140 136 137 138 137 137 131 125 132 135 131 130 126 121 114 99 81 80 79 81 74 71 73 72 73 104 121 119 126 137 151 166 158 146 144 147 138 100 100 
106 119 118 117 116 114 113 127 118 112 106 103 97 102 104 109 101 66 64 68 73 76 81 81 85 81 82 83 93 88 84 80 83 83 87 93 91 89 92 94 94 104 117 126 123 120 115 106 103 109 117 123 124 125 123 113 106 110 106 111 117 121 123 124 126 125 120 114 121 128 128 127 125 121 115 109 89 78 79 85 86 77 73 73 70 70 99 130 133 134 143 152 172 171 165 156 164 164 137 117 
106 117 104 108 111 112 110 110 107 108 106 95 96 96 98 114 95 66 66 65 70 81 82 83 82 83 82 84 91 91 88 86 84 85 86 88 87 88 90 94 95 95 97 96 105 115 121 127 123 110 100 109 116 125 122 120 125 125 119 110 112 114 114 115 113 114 120 127 124 123 123 120 116 111 105 89 85 73 82 87 83 81 77 70 70 78 121 138 140 142 149 156 169 181 166 146 157 171 162 130 
116 122 110 110 115 111 110 106 105 102 106 102 97 97 98 117 88 65 64 65 72 80 79 82 80 80 80 85 87 87 88 89 84 88 85 83 83 85 87 90 93 97 101 100 98 99 100 103 111 110 104 92 99 100 102 102 105 106 106 102 108 113 113 117 119 124 123 122 121 116 112 110 105 99 93 88 76 78 90 93 90 85 74 68 71 89 137 142 142 152 157 160 170 184 172 161 163 170 161 129 
120 122 115 119 120 114 107 108 100 97 97 101 100 94 94 113 90 66 65 66 72 77 79 82 84 81 82 85 87 86 90 92 94 89 89 86 87 87 92 91 95 92 95 98 94 93 89 90 91 94 94 86 85 95 101 97 94 88 89 88 92 95 98 102 104 105 104 99 100 101 98 97 95 95 88 76 79 94 93 90 88 85 75 70 67 106 138 138 144 156 161 163 164 176 164 146 136 133 137 128 
128 114 117 117 124 117 107 103 98 94 94 97 95 95 95 110 95 67 65 67 69 73 78 81 83 86 84 82 87 89 88 91 93 96 95 95 92 89 93 92 91 89 90 90 90 88 88 88 85 85 83 82 86 90 82 85 93 95 93 95 95 96 93 94 94 96 98 102 105 105 100 95 91 82 75 84 94 90 82 81 81 84 75 72 89 123 126 131 142 150 155 160 162 165 158 153 122 91 103 141 
127 117 117 119 125 121 107 105 100 95 99 96 96 94 94 110 100 64 62 71 74 74 77 81 81 81 85 89 83 90 90 92 90 89 91 92 94 96 90 85 86 87 89 87 84 84 86 84 82 83 89 91 89 80 75 72 69 83 80 72 72 81 83 86 85 85 89 90 91 91 89 83 77 72 77 84 80 75 79 81 82 74 89 85 107 118 121 136 124 131 142 148 152 166 173 168 139 103 106 138 
127 121 128 135 132 131 123 112 101 101 97 98 91 87 94 111 109 67 66 75 76 78 81 81 84 82 81 80 83 79 86 90 88 89 88 84 89 89 90 87 88 90 88 87 88 82 84 84 83 86 85 79 76 77 72 70 96 155 130 87 77 97 64 58 74 83 104 95 80 73 69 54 59 59 67 81 91 79 72 91 99 116 113 94 105 99 98 112 99 90 98 103 116 138 147 148 136 99 121 137 
125 125 128 132 134 132 134 121 109 107 103 105 99 98 104 116 122 72 64 70 74 77 79 86 86 87 81 79 79 79 79 81 85 83 82 87 87 83 84 87 88 85 81 79 79 83 86 89 88 82 77 76 73 74 68 96 160 160 116 90 99 131 117 93 97 122 147 155 153 135 114 83 84 90 90 101 119 101 97 127 131 126 107 90 88 86 102 132 119 110 99 91 99 125 122 123 110 111 123 123 
129 126 127 126 125 127 143 135 120 115 111 109 107 102 107 117 117 77 66 71 73 78 84 85 86 89 87 88 83 79 78 76 79 81 83 83 82 81 82 82 86 85 82 82 83 85 85 82 76 77 80 80 76 65 71 152 158 138 126 88 104 135 132 119 96 108 150 154 161 156 137 118 95 91 90 108 117 105 98 132 133 126 102 92 88 94 133 127 119 119 121 106 115 132 125 111 106 110 118 117 
132 135 132 127 125 127 140 139 135 127 125 119 110 112 113 121 120 81 67 72 72 78 81 83 84 90 88 84 80 75 75 79 78 75 80 82 79 78 77 79 81 81 82 83 84 82 78 76 80 79 77 73 64 76 117 146 140 135 134 96 114 115 102 127 112 124 144 159 161 148 135 134 119 93 96 126 123 104 97 135 143 132 106 96 93 122 130 111 119 122 124 120 138 147 136 108 98 111 119 119 
137 141 139 132 130 127 136 136 137 139 138 132 124 124 123 128 120 86 68 71 73 75 75 80 86 85 85 85 77 73 70 72 73 69 70 75 78 77 73 73 77 79 80 78 78 79 79 77 76 74 67 84 125 111 101 125 134 135 138 119 122 87 87 108 131 140 132 139 160 145 133 134 135 130 139 147 141 114 120 157 160 141 106 91 107 113 93 87 93 111 115 140 144 145 135 109 88 110 118 122 
145 143 143 138 139 137 137 136 137 137 137 134 131 128 128 126 119 90 70 70 71 72 75 77 82 82 84 84 82 77 76 68 65 65 68 67 69 68 68 70 71 71 72 73 74 73 73 71 61 72 127 157 153 94 91 104 130 137 146 136 131 86 89 91 116 154 155 145 137 128 128 133 134 151 162 156 136 122 129 159 159 135 120 116 112 106 84 81 83 88 95 133 136 143 126 116 97 118 132 141 
144 143 145 142 142 141 138 137 138 139 137 135 131 129 130 127 115 93 74 69 71 70 69 70 70 74 75 76 77 74 72 72 75 72 72 74 74 72 73 72 73 72 72 75 71 65 53 67 107 130 160 162 158 92 87 94 126 152 158 143 134 98 86 90 95 150 158 164 158 118 103 107 119 138 143 135 127 121 129 154 155 140 149 120 111 106 92 84 82 81 96 115 124 141 118 114 110 114 141 148 
144 143 142 144 143 141 139 139 136 137 137 135 134 131 129 127 117 94 70 72 70 69 66 67 70 69 71 69 71 72 71 74 77 73 69 68 67 70 74 75 73 73 64 56 63 76 92 115 123 125 152 162 160 98 85 101 134 157 158 146 131 103 85 93 122 133 152 160 156 130 131 123 109 123 130 127 132 118 127 146 151 150 153 115 136 127 116 109 95 87 104 111 118 121 98 93 95 121 131 146 
144 142 142 144 143 140 141 140 138 134 137 137 134 130 130 122 117 89 59 65 74 71 70 70 68 66 68 67 68 72 70 74 70 70 74 77 81 79 74 72 69 57 44 46 54 62 93 107 120 125 139 157 148 106 86 118 132 157 157 141 101 89 89 108 131 126 130 131 121 120 132 134 134 133 127 132 131 118 116 120 127 154 141 127 146 133 123 121 114 112 126 110 115 102 88 90 98 118 117 131 
146 142 143 142 141 140 140 140 136 131 127 140 134 130 129 125 116 83 58 54 72 74 68 69 67 65 64 65 64 65 68 70 75 87 99 110 105 96 92 98 83 89 84 81 79 73 81 94 117 123 120 140 139 121 116 118 124 156 155 122 88 94 102 135 132 129 127 123 94 98 113 123 131 141 136 138 131 100 94 101 123 160 127 140 146 140 125 117 108 99 119 123 111 83 81 84 96 114 116 116 
145 141 142 142 141 142 143 141 135 130 129 136 135 132 129 120 113 88 70 62 60 74 80 67 68 68 66 68 70 69 75 81 85 95 96 92 90 105 116 100 96 104 111 110 108 102 103 99 90 94 91 129 134 129 122 114 118 140 134 122 99 97 98 151 151 140 132 110 98 118 135 149 136 129 123 128 119 97 97 101 129 158 126 145 146 136 101 94 92 90 106 129 121 96 89 81 92 116 120 120 
147 144 144 142 141 144 145 140 138 131 136 135 135 132 131 129 112 84 67 79 64 70 88 84 75 74 77 84 81 77 76 88 97 98 89 92 99 109 111 110 113 109 122 126 123 123 122 124 121 115 112 114 125 121 123 102 93 110 126 126 121 103 102 145 160 156 136 109 135 152 142 143 148 166 159 146 109 99 97 100 131 135 119 140 137 119 93 92 91 88 107 114 109 107 110 107 122 125 122 119 
146 144 145 142 141 141 141 139 139 137 139 136 134 130 131 130 112 79 66 84 79 71 80 95 93 89 92 100 104 102 111 110 110 107 99 103 102 104 113 119 116 122 130 132 131 134 128 121 122 119 119 116 112 117 129 84 81 94 121 126 132 136 122 121 122 117 107 98 130 138 151 151 146 158 159 149 111 98 95 104 123 123 123 126 124 117 95 89 89 88 107 128 124 110 107 116 148 155 156 148 
145 143 145 143 141 141 140 138 138 137 138 137 136 131 130 126 101 63 82 89 87 79 67 83 91 96 106 113 119 118 118 120 122 117 112 107 105 107 110 116 123 131 129 128 129 126 117 116 114 113 107 104 99 95 103 81 79 84 115 129 140 137 114 95 91 90 82 83 91 95 130 149 149 162 169 146 123 121 118 124 112 122 123 113 110 120 99 89 94 104 127 158 155 143 119 112 144 154 158 158 
145 143 146 142 143 143 135 141 140 138 136 138 138 133 127 123 95 77 91 88 84 72 39 81 82 90 100 106 114 119 121 123 125 123 118 113 111 110 113 122 128 121 117 118 113 107 112 111 108 106 93 89 83 80 81 87 71 70 92 114 104 104 100 91 82 78 79 79 82 88 120 145 142 138 139 138 136 135 125 123 97 119 124 99 102 116 113 111 122 119 124 155 155 151 145 118 138 150 154 156 
145 143 145 142 142 143 138 144 140 139 137 135 129 136 127 124 91 96 95 91 83 45 46 96 132 88 89 91 93 98 109 114 116 124 122 115 115 118 121 125 114 107 110 111 109 107 107 103 99 95 84 78 73 68 70 90 93 97 107 111 94 94 89 87 80 83 85 87 89 101 109 111 132 134 151 144 134 129 120 112 96 129 106 93 98 115 138 124 121 121 124 153 155 151 144 134 124 145 151 155 
145 144 145 141 143 143 141 142 140 139 137 136 133 133 124 120 102 98 95 92 59 48 52 90 135 118 87 86 84 87 95 99 109 117 119 119 118 115 106 101 100 99 108 110 101 99 99 97 91 84 73 68 63 60 68 81 97 105 108 95 82 83 89 91 93 90 92 98 104 109 108 116 125 142 159 142 128 125 112 97 99 131 102 98 100 122 145 132 127 124 122 149 148 138 131 120 108 120 138 148 
146 145 144 142 142 141 140 140 140 140 138 138 137 133 122 106 97 99 101 75 48 60 54 89 129 123 85 95 95 84 91 96 97 97 102 99 93 90 87 92 94 97 98 97 92 92 94 88 80 75 67 61 62 60 66 79 90 97 109 94 94 96 101 104 104 103 107 109 107 91 90 101 118 134 145 123 103 95 91 97 106 123 120 101 96 124 145 141 125 121 109 119 126 127 127 117 91 93 107 118 
147 145 143 142 142 141 140 140 140 140 139 137 136 132 112 98 94 100 92 47 61 62 57 91 129 119 91 101 146 109 88 85 86 87 87 89 91 90 89 95 97 97 92 90 92 90 83 81 74 67 61 55 52 55 77 92 91 99 109 111 107 113 111 109 112 114 115 119 115 81 82 100 120 126 123 99 86 90 92 116 114 122 126 119 98 118 140 143 122 101 93 105 124 127 124 120 89 85 94 109 
147 146 145 144 141 141 140 137 138 137 138 136 133 123 99 99 95 95 51 51 65 63 57 97 128 114 88 101 137 123 99 89 87 88 91 88 90 91 90 90 90 89 85 84 87 83 71 65 59 55 58 66 114 113 75 85 106 105 112 106 105 99 104 121 130 126 132 136 134 108 86 110 126 126 122 101 88 92 105 136 129 121 124 125 123 118 134 137 101 91 96 101 122 124 124 125 98 91 87 92 
144 145 144 144 142 142 139 136 136 135 138 136 128 102 90 100 102 64 46 47 62 63 59 115 155 139 113 112 127 128 108 108 112 120 138 125 125 120 113 91 85 78 69 75 88 89 99 126 128 128 122 107 103 87 80 69 78 86 94 119 143 125 118 101 95 124 133 135 130 96 97 126 126 123 115 101 101 105 128 141 139 114 122 131 149 126 117 117 103 88 93 98 120 128 138 145 128 122 108 92 
143 145 145 144 142 141 139 137 137 137 136 133 101 84 90 100 74 50 42 45 58 60 67 139 168 140 125 137 142 130 135 137 128 127 141 156 160 151 144 106 91 74 75 105 109 112 97 133 136 136 124 103 85 86 85 85 98 111 124 128 127 122 122 120 104 92 112 130 117 111 120 138 134 131 139 121 105 105 112 122 133 109 125 148 153 136 103 106 100 89 93 95 128 150 151 150 131 123 117 110 
144 145 142 140 135 134 137 137 136 136 136 114 70 76 93 92 61 53 47 50 61 59 57 136 164 132 133 136 157 132 161 154 136 129 134 147 146 140 138 125 72 68 75 111 114 130 95 105 132 137 110 108 91 86 88 94 95 104 108 111 117 121 129 146 125 96 78 99 99 97 115 145 146 143 140 116 88 105 110 108 113 103 138 149 149 144 107 101 95 86 99 111 131 148 142 140 126 126 119 115 
145 150 151 143 138 128 127 132 133 134 127 72 65 80 93 119 71 56 51 51 61 55 79 155 143 118 131 140 164 149 159 166 137 125 98 111 141 141 138 137 99 66 77 112 130 143 105 110 150 137 124 129 110 101 118 106 85 107 113 80 84 96 118 133 113 90 76 76 73 74 102 113 117 110 87 77 87 102 109 107 112 103 118 148 150 146 109 95 113 116 115 113 118 123 105 100 124 130 126 121 
145 148 152 149 142 128 111 88 120 121 75 52 67 85 112 128 78 57 48 50 55 56 112 140 115 95 98 122 160 159 164 160 128 94 98 98 124 139 135 137 128 77 75 112 132 130 118 123 149 152 129 131 132 135 135 124 91 100 106 102 104 96 84 105 109 84 75 78 71 76 102 106 111 107 83 77 85 99 117 125 136 120 103 135 146 140 105 94 114 114 117 118 122 111 91 92 95 109 125 125 
145 145 147 150 143 135 114 62 49 48 43 54 72 104 126 123 69 61 49 49 56 65 119 119 99 97 93 123 142 144 154 149 127 100 99 100 105 135 136 139 145 122 95 104 95 120 124 127 139 154 128 134 133 143 149 144 117 90 81 82 99 109 112 117 123 134 108 106 104 102 116 112 110 102 81 83 97 117 127 127 134 131 115 118 123 117 114 126 130 127 125 130 125 95 89 92 93 94 98 134 
143 144 144 146 146 131 105 70 55 52 62 70 92 128 127 106 65 65 45 52 53 73 128 122 95 100 96 131 140 139 140 140 143 114 100 104 106 138 161 156 148 137 101 99 82 112 128 122 129 126 117 134 139 152 155 135 132 115 89 107 125 136 140 116 101 118 115 109 106 105 132 137 120 103 96 95 103 116 132 145 152 136 127 129 129 129 137 159 160 156 147 137 113 92 93 92 91 92 101 130 
141 141 142 141 141 134 106 78 72 75 76 95 123 119 118 102 76 60 47 51 49 80 123 129 127 115 101 135 139 139 137 137 144 134 103 121 143 146 163 165 152 131 90 87 84 105 130 147 150 128 97 122 144 157 147 132 136 131 124 151 142 128 112 106 109 102 97 97 104 104 105 101 94 91 88 99 116 120 122 131 130 122 130 128 129 134 160 165 167 166 167 160 114 99 94 94 94 90 119 133 
146 140 139 139 136 134 128 109 96 95 102 121 121 114 125 104 92 72 52 55 59 98 137 131 137 138 143 156 142 145 133 129 143 145 141 136 143 147 154 168 159 96 69 80 85 98 127 159 166 141 95 119 132 144 136 135 139 139 147 165 130 111 75 78 89 105 114 123 124 117 106 92 86 88 101 116 117 119 119 112 88 87 103 119 130 155 164 167 167 168 170 151 138 134 113 96 92 97 130 132 
139 138 135 137 134 133 136 133 134 133 130 131 130 125 124 100 89 62 56 57 73 146 127 131 138 139 157 169 161 161 143 118 142 162 168 136 141 143 145 165 160 82 70 78 84 120 130 135 152 155 138 124 125 124 107 115 135 139 156 156 125 93 75 98 113 123 143 141 136 119 115 112 111 121 127 120 120 122 109 87 84 88 87 92 116 157 165 168 169 171 162 136 139 137 136 122 100 120 135 136 
