26 26 26 23 29 28 27 28 28 29 26 30 29 23 27 29 28 31 29 29 29 30 30 30 28 26 27 25 26 24 24 24 21 29 24 23 24 24 20 16 26 22 25 25 27 25 27 27 26 22 27 25 26 31 32 28 19 22 24 24 22 22 18 20 15 18 18 18 18 22 18 16 19 20 18 20 15 13 15 19 21 22 25 26 22 22 21 24 19 14 14 15 18 19 22 22 27 24 21 19 
25 24 25 23 30 28 29 27 27 26 23 29 29 29 30 30 28 26 31 30 29 29 31 30 28 30 28 26 28 25 24 23 27 28 28 30 27 27 23 26 27 20 29 22 24 29 27 25 26 19 20 24 25 27 31 30 27 19 18 14 13 13 16 23 22 21 17 15 16 22 23 20 18 16 19 21 20 16 14 14 22 22 23 36 24 16 17 20 18 14 14 13 13 14 19 22 22 23 19 20 
27 25 23 24 28 28 28 24 25 26 27 25 26 28 29 28 28 29 31 31 28 30 32 30 29 32 31 28 25 26 26 22 29 29 26 30 29 29 29 29 28 29 29 25 22 24 28 28 28 26 20 19 27 16 25 29 30 25 15 15 15 12 15 24 25 24 24 18 13 17 24 28 23 20 17 18 21 20 15 15 19 23 24 31 24 21 16 14 15 15 13 14 22 19 14 22 23 19 17 22 
26 25 25 23 28 29 28 24 26 26 26 26 26 24 29 27 29 31 31 33 43 59 87 99 87 58 38 27 25 27 25 30 32 30 23 25 28 27 28 29 28 30 30 32 31 28 31 29 29 29 26 23 25 17 17 26 29 26 23 19 17 14 18 28 26 21 24 21 19 16 18 23 26 21 20 16 15 15 17 22 21 20 25 37 38 23 15 14 17 21 15 15 18 25 22 19 18 20 22 25 
25 26 25 23 30 29 28 24 26 28 29 28 28 27 26 28 30 32 46 74 116 132 139 146 149 136 109 49 25 25 28 31 30 25 23 26 25 24 28 28 26 23 24 28 31 33 32 31 32 34 31 29 24 16 16 26 28 29 27 20 21 17 18 21 25 23 22 22 26 22 17 18 18 19 22 21 14 19 24 23 24 22 17 24 31 23 17 15 17 23 23 21 16 25 22 26 30 32 28 24 
26 24 26 24 31 28 26 23 26 27 31 31 29 30 31 34 42 72 130 173 179 168 160 163 163 159 146 79 20 18 28 30 30 23 25 24 21 15 22 29 28 26 19 21 25 26 28 32 34 35 33 35 27 24 26 29 28 30 26 21 20 14 14 14 15 15 16 17 21 28 23 22 17 15 18 17 14 15 19 24 26 26 22 19 25 27 19 17 18 23 23 22 15 23 24 25 31 31 25 21 
27 25 25 26 31 26 27 24 27 27 31 29 31 32 40 64 121 177 199 199 194 182 174 176 168 166 155 100 24 14 27 32 29 21 26 24 20 15 22 28 29 27 25 25 24 23 23 25 26 29 34 35 32 26 31 33 33 29 29 27 19 20 20 19 19 19 21 19 17 19 29 32 24 15 14 16 15 14 15 15 23 27 27 21 19 21 21 20 19 22 21 29 30 19 22 24 27 32 30 22 
25 25 25 25 29 28 26 27 27 26 30 30 36 55 100 170 207 211 204 190 188 186 175 174 167 167 159 110 29 15 25 34 27 28 27 24 19 17 25 25 30 30 29 25 22 22 24 24 18 27 32 31 31 28 28 33 31 34 33 33 32 30 25 24 27 29 25 24 17 28 18 19 25 23 20 19 22 21 19 20 21 24 30 30 26 22 22 22 21 22 25 32 33 28 23 21 24 32 29 29 
24 25 25 23 30 30 29 27 28 28 35 44 76 149 203 213 213 202 194 191 192 185 177 177 174 164 154 100 23 14 23 32 25 27 26 25 25 23 25 28 29 31 30 24 20 19 20 23 18 25 29 26 29 29 24 28 25 27 30 32 34 34 32 32 24 30 25 24 18 31 25 16 20 24 28 25 24 24 24 24 25 25 23 27 31 21 18 21 25 22 24 27 31 33 28 23 19 22 24 26 
24 24 24 23 31 31 29 28 30 36 49 112 179 214 214 202 195 190 194 183 183 183 180 168 167 159 129 49 15 15 26 29 28 29 25 21 23 24 23 30 31 33 31 28 27 22 22 22 17 22 31 29 29 31 25 29 27 23 18 18 21 27 28 25 25 25 26 24 17 17 19 18 25 27 27 31 23 19 20 24 26 30 24 17 18 21 24 20 19 20 23 22 22 28 36 29 25 17 18 25 
24 24 26 27 32 30 28 29 36 67 134 202 215 207 193 180 185 189 188 177 179 174 169 159 153 128 56 22 14 16 27 28 32 32 24 24 28 26 23 28 33 33 33 31 22 21 20 17 18 18 18 23 33 29 26 29 30 29 17 17 16 23 25 22 24 24 19 18 18 21 21 20 17 27 29 32 29 23 18 17 18 23 21 17 17 18 27 29 25 25 21 20 19 22 29 32 26 24 20 31 
25 25 25 26 30 30 28 34 54 130 207 212 207 196 186 177 179 190 188 186 180 167 159 139 108 78 98 50 23 24 31 29 34 34 29 22 27 23 23 24 35 35 34 32 22 18 16 20 25 25 24 25 24 27 32 32 31 32 25 23 20 17 24 25 25 22 22 17 24 30 35 34 27 18 26 25 29 27 25 19 18 17 18 22 20 19 17 26 32 34 29 25 23 19 24 26 23 20 21 35 
25 25 25 28 30 28 29 38 94 184 216 209 198 188 184 184 178 185 187 179 170 159 138 105 85 166 181 121 77 63 52 43 48 57 52 30 34 20 24 27 35 32 36 35 30 23 19 24 27 24 26 28 32 35 37 41 34 34 32 27 23 16 17 25 23 24 26 24 24 28 36 37 32 31 22 27 26 24 24 22 24 22 22 28 23 24 24 20 21 29 33 28 29 26 26 29 30 30 26 32 
24 25 24 28 29 28 33 45 115 202 214 202 186 182 183 182 189 181 176 167 157 144 126 78 154 195 210 184 184 186 178 148 143 153 143 113 87 40 20 25 24 26 34 36 33 23 23 22 24 26 24 28 33 34 35 36 32 30 33 28 17 16 16 19 22 18 19 24 25 27 34 33 28 33 31 25 21 20 21 22 29 31 29 27 23 24 30 26 24 23 25 32 34 29 24 23 26 30 33 30 
25 26 24 29 29 29 32 46 133 208 216 201 188 180 171 173 177 180 163 151 146 143 150 152 184 202 208 191 175 176 181 197 202 206 202 186 165 95 28 21 20 25 35 36 35 25 26 25 26 22 29 34 43 40 24 22 27 22 24 18 18 18 20 27 28 25 20 21 29 27 33 37 32 30 32 34 24 20 19 21 32 33 32 28 30 26 30 32 30 29 24 22 25 26 27 31 29 30 30 30 
25 26 24 28 28 29 31 48 136 202 209 202 186 177 168 170 160 165 156 133 134 148 168 173 199 201 207 198 183 172 172 186 188 205 230 220 192 162 95 53 23 27 38 36 36 30 29 21 20 27 27 32 26 20 20 23 38 25 35 41 30 27 27 32 32 29 26 34 40 35 41 48 44 36 38 42 37 31 27 25 30 29 27 30 28 26 27 28 31 34 34 34 32 31 32 32 37 34 33 35 
25 27 24 25 26 30 34 54 144 203 211 202 188 179 170 171 161 156 149 132 136 151 173 178 188 182 211 209 196 174 164 172 183 206 217 224 220 208 191 155 85 59 53 50 44 30 21 20 20 20 23 21 19 19 26 37 49 35 29 31 38 38 34 40 40 35 47 60 55 67 69 57 60 69 69 64 67 60 51 32 29 28 30 38 40 51 52 59 58 82 78 69 69 62 69 62 54 44 51 47 
25 27 24 27 30 30 35 55 143 196 212 216 209 194 194 183 185 152 154 135 154 161 184 178 179 168 212 211 204 199 192 186 178 181 186 178 180 185 166 166 166 158 134 110 59 30 29 27 27 27 33 29 25 26 35 34 52 47 31 25 34 48 43 54 72 70 76 82 102 116 99 88 91 89 88 94 84 66 53 41 37 36 42 57 67 62 68 89 87 89 103 100 103 103 116 111 82 84 93 80 
25 27 25 26 29 31 34 55 136 204 214 218 221 211 210 204 190 167 163 145 175 175 189 178 170 161 208 215 201 190 196 202 187 165 158 141 125 133 147 150 151 167 170 167 84 45 31 33 29 35 39 35 35 34 38 33 55 42 44 46 54 72 63 81 100 101 76 95 98 97 83 85 85 77 88 87 88 75 57 46 44 47 56 64 74 71 97 97 98 91 116 111 112 129 127 128 112 108 128 115 
24 25 25 25 31 30 32 47 119 193 219 218 220 215 207 198 189 192 184 170 196 171 181 185 183 162 191 193 176 158 154 159 149 124 110 94 95 87 80 75 79 84 100 102 84 67 33 34 42 47 52 58 59 49 45 58 64 54 77 67 84 87 82 81 101 97 79 80 79 98 68 66 74 81 76 77 70 67 63 68 54 47 53 62 71 81 94 99 80 98 101 90 117 143 133 118 116 114 109 104 
25 26 26 25 32 31 33 43 94 173 205 213 221 214 212 198 186 184 184 187 191 186 187 199 185 146 163 156 127 112 106 110 86 64 55 49 53 54 56 54 46 39 41 47 51 70 68 72 109 128 131 138 131 125 122 115 113 115 119 101 83 80 93 85 85 92 108 106 110 110 103 84 82 83 86 78 75 78 90 98 87 77 73 62 65 72 87 82 75 64 72 96 108 145 174 173 150 129 126 132 
26 26 24 23 30 30 31 38 68 135 180 198 206 190 190 186 180 169 168 181 184 177 172 176 156 113 108 88 90 92 105 96 53 39 43 49 43 41 41 42 43 47 43 44 51 69 85 84 89 109 138 162 178 184 183 169 160 157 157 139 126 103 109 134 157 180 201 202 197 200 194 172 145 130 105 93 69 62 54 60 66 74 86 86 88 81 85 88 87 98 94 73 78 122 164 198 205 180 131 122 
26 25 24 23 31 28 28 32 41 80 155 176 166 155 138 135 137 141 137 145 148 149 121 117 86 75 65 59 84 126 129 95 42 38 51 40 41 45 49 42 42 49 50 43 54 68 86 85 90 97 89 98 116 160 186 179 161 149 152 150 148 163 188 210 219 224 225 214 206 217 209 203 186 160 129 116 105 73 57 51 42 48 52 55 51 50 61 71 73 91 98 78 90 112 155 187 209 214 168 117 
27 25 25 23 30 28 29 30 33 50 101 130 135 134 123 95 89 116 124 116 112 95 83 64 50 61 71 74 125 156 144 104 48 37 46 40 38 44 46 47 56 56 44 51 63 75 89 82 75 79 86 68 76 99 149 158 157 153 134 159 177 195 205 211 207 201 198 179 168 163 164 163 150 141 120 107 135 133 102 84 78 75 71 88 79 70 61 54 59 57 54 53 56 74 106 132 155 182 186 146 
26 25 26 23 29 27 28 27 31 34 60 86 103 111 104 89 69 84 91 79 71 58 66 65 57 73 78 99 161 189 176 142 92 53 44 48 49 53 59 69 70 61 50 63 68 78 83 74 75 75 94 113 129 162 172 141 104 84 86 105 124 140 153 159 157 147 148 137 126 112 109 118 128 120 106 118 126 142 158 149 125 118 115 130 140 130 124 112 116 99 81 78 62 55 52 59 78 94 120 148 
25 25 24 29 31 30 32 29 30 30 45 65 77 100 94 89 96 98 84 69 66 75 69 71 72 68 96 132 186 207 194 179 155 125 83 61 57 69 111 140 148 145 78 63 73 83 87 83 92 103 137 174 171 153 101 80 79 85 95 92 77 71 77 79 82 89 94 100 99 95 97 102 111 108 84 83 92 125 169 169 148 124 118 133 167 172 186 175 161 148 140 140 107 99 65 51 47 47 58 78 
25 26 25 32 31 32 32 29 29 31 40 73 88 76 88 108 105 88 60 64 75 68 66 86 90 115 128 159 206 226 231 218 212 198 174 133 92 69 82 131 160 119 64 61 79 98 114 130 157 169 168 154 145 87 74 82 81 90 101 94 68 65 81 85 82 71 74 84 92 97 102 103 104 98 79 84 86 99 150 184 183 171 133 113 160 194 205 202 183 186 189 188 165 143 105 89 72 62 43 45 
25 24 23 31 29 26 31 30 30 29 30 55 89 94 93 112 82 76 65 69 82 81 95 116 142 150 157 185 220 238 245 246 238 231 221 201 164 117 76 62 61 62 61 83 110 128 143 147 154 148 151 153 92 67 78 77 74 92 109 103 81 80 98 108 104 90 74 81 91 97 106 103 95 89 81 86 93 91 116 155 172 195 192 151 124 159 189 199 202 196 208 212 203 173 160 143 115 99 60 60 
24 24 22 26 21 23 28 30 31 25 25 27 41 64 83 80 73 75 69 90 103 120 150 177 178 185 183 198 231 245 249 250 246 244 236 223 199 155 116 86 86 94 101 121 135 145 153 148 148 146 151 155 77 73 83 92 88 89 112 111 99 111 118 108 101 96 86 80 86 95 104 96 86 94 89 91 89 86 106 150 169 181 198 187 132 115 141 185 200 205 219 219 221 195 191 183 141 131 111 92 
23 23 23 23 22 20 25 27 29 24 25 27 28 32 47 77 77 63 85 110 132 158 179 187 188 195 210 228 242 249 249 249 249 245 239 225 211 179 143 118 139 157 165 167 165 176 174 172 168 157 164 149 86 86 95 108 109 110 114 110 100 95 96 98 98 93 85 81 81 90 97 92 91 98 98 91 91 85 99 158 172 176 201 207 160 107 106 146 186 203 218 222 226 216 216 204 179 177 157 126 
22 23 23 23 23 22 28 32 29 25 25 28 30 35 61 72 84 81 79 125 145 160 178 185 203 220 235 240 247 247 248 249 248 243 237 229 214 192 179 184 194 188 196 189 190 186 184 184 169 150 163 153 83 87 96 100 99 105 107 98 93 92 93 92 88 86 83 76 78 81 84 85 81 98 107 94 94 93 101 156 179 188 208 215 169 102 91 127 177 203 210 223 223 217 220 207 208 204 189 140 
23 24 21 23 25 24 27 32 26 25 25 28 30 41 74 76 75 85 120 146 166 181 200 214 218 231 239 242 247 248 245 245 243 242 239 233 226 217 210 206 201 201 200 200 195 188 184 175 156 155 149 153 85 81 82 91 95 89 84 78 90 106 115 106 94 86 85 85 93 95 96 94 86 101 131 116 99 95 97 117 158 170 193 211 181 116 89 115 170 197 198 204 211 209 212 215 223 219 201 158 
24 24 22 22 24 21 28 31 25 24 26 28 31 48 65 75 84 107 134 149 172 196 219 222 228 235 238 241 245 243 240 241 241 243 237 231 222 213 201 192 186 189 196 190 186 177 167 162 156 163 155 156 84 70 72 84 82 63 58 58 55 68 86 91 93 99 91 91 95 100 104 105 94 98 129 118 105 100 95 110 145 157 172 208 205 147 95 106 148 173 185 191 201 206 210 225 224 225 212 181 
24 24 22 23 23 24 31 30 23 24 27 29 35 52 53 72 93 114 141 161 180 188 209 229 231 232 236 238 242 241 239 237 237 235 232 226 209 204 198 191 191 191 194 182 172 167 163 163 155 168 178 167 83 63 69 82 83 69 74 85 74 66 65 85 109 96 88 91 97 104 107 111 103 99 109 104 104 103 95 98 129 166 184 206 214 169 104 98 133 157 173 180 191 202 206 214 220 231 219 215 
23 23 23 24 22 30 31 29 23 23 27 31 49 56 63 90 97 108 128 136 146 162 179 203 209 223 234 235 237 238 237 234 231 230 224 215 213 196 195 195 185 182 182 173 164 171 178 174 160 176 196 185 96 59 63 74 85 77 77 83 79 70 68 90 95 86 87 90 98 99 106 109 108 102 112 98 95 100 92 107 148 190 205 215 213 182 116 97 126 157 171 175 184 195 199 207 220 228 231 232 
23 23 23 23 25 32 29 29 21 25 26 33 53 55 82 95 91 108 107 128 143 147 178 185 168 183 204 208 212 222 235 235 229 227 217 215 210 202 193 189 182 183 177 175 172 175 177 166 161 185 208 197 124 69 68 74 81 85 85 89 87 79 79 91 84 87 92 96 101 102 106 106 107 100 100 96 89 90 90 100 171 207 207 209 215 184 125 95 126 169 173 179 181 191 196 201 214 223 235 235 
23 23 23 21 24 30 30 28 21 24 27 39 56 63 82 79 87 96 103 113 134 139 154 156 145 144 146 167 177 202 214 221 216 208 207 207 188 176 179 169 172 184 181 166 161 149 158 158 158 184 198 202 163 112 72 66 69 73 77 86 83 79 87 91 92 99 105 112 113 106 103 104 104 104 99 95 85 82 86 92 117 181 204 210 202 176 117 101 126 161 176 173 177 186 196 198 205 217 226 228 
21 21 23 22 29 31 29 28 21 26 27 43 53 65 80 83 91 92 90 99 115 115 114 123 129 136 153 154 152 150 159 166 164 175 191 191 172 154 145 137 139 153 164 161 158 157 163 169 159 173 199 217 200 158 112 74 58 60 65 74 78 94 105 113 123 122 118 123 125 121 119 114 110 107 105 102 91 80 83 90 107 156 184 179 170 148 107 104 142 170 180 176 173 183 186 189 195 205 216 220 
21 21 22 25 32 28 28 27 23 26 29 47 55 58 69 74 77 73 81 83 86 97 94 109 129 141 149 137 134 140 143 149 153 175 176 169 156 159 172 177 177 170 181 186 182 184 186 183 186 190 209 220 223 204 182 166 128 102 100 102 118 135 147 159 160 149 150 143 147 143 137 143 133 126 127 124 111 90 82 85 104 138 156 163 158 116 96 121 163 181 186 177 177 177 185 188 190 195 203 208 
23 22 26 30 27 27 29 28 22 25 29 57 53 62 71 73 75 77 87 92 96 111 105 123 137 146 142 142 154 158 179 201 207 199 202 207 199 193 191 193 194 189 190 194 193 191 193 201 206 213 221 222 219 226 210 213 221 220 205 192 197 202 198 205 199 173 173 163 169 168 160 160 161 169 152 153 153 134 116 87 96 117 129 160 151 112 98 135 181 198 204 194 179 181 178 184 188 192 196 198 
23 27 31 27 25 24 29 28 25 26 30 54 64 67 68 66 62 70 77 82 82 98 99 113 138 159 161 164 172 196 220 229 229 226 222 215 209 206 202 197 196 201 209 205 205 196 198 208 212 214 211 218 222 216 210 215 227 232 230 229 226 224 225 218 208 198 184 181 196 183 174 178 191 196 190 186 171 164 152 113 100 123 135 138 133 102 103 152 191 200 195 185 181 185 185 189 192 191 193 196 
24 29 26 27 25 27 29 24 24 27 28 47 67 76 65 65 67 76 72 79 83 93 100 124 154 166 172 190 217 233 240 239 239 237 234 231 226 208 197 196 198 204 213 211 215 205 203 210 210 210 208 203 199 194 208 204 207 223 231 220 223 228 230 224 218 207 189 198 210 197 179 188 213 221 209 214 212 193 171 134 112 108 125 125 117 93 115 168 198 204 201 193 190 188 193 195 193 194 196 195 
22 29 25 25 27 28 25 23 24 27 25 43 66 74 64 69 63 66 72 81 111 118 129 148 185 197 205 225 239 242 242 241 241 239 239 237 231 219 203 199 202 194 194 200 204 213 213 220 217 214 217 214 211 211 211 207 211 211 211 208 217 221 227 225 226 212 202 218 234 216 198 199 225 225 226 229 215 190 176 150 104 99 105 126 116 102 141 184 201 205 201 195 191 199 203 207 205 200 199 195 
22 29 24 23 26 27 23 25 26 26 26 43 67 80 66 61 57 69 85 110 113 121 152 181 212 228 235 242 245 245 242 245 246 245 243 237 231 207 184 155 150 152 159 160 176 184 199 206 215 222 225 225 228 232 236 231 226 218 209 194 191 192 201 200 218 222 206 225 234 224 217 228 221 227 230 233 225 201 191 146 98 112 116 134 108 119 174 201 207 203 194 188 196 201 205 207 208 207 209 209 
22 27 24 23 25 27 24 26 26 27 27 36 61 72 58 64 71 79 98 109 127 145 174 207 234 241 243 245 247 245 246 248 249 249 243 233 223 203 173 133 106 99 101 97 112 134 160 181 196 207 216 224 231 234 238 240 240 234 230 222 205 192 177 180 209 216 211 216 226 218 205 226 224 206 209 216 219 211 174 113 98 123 131 123 103 142 188 202 203 200 191 188 195 204 206 207 211 211 209 207 
24 25 25 25 24 27 23 25 26 27 27 29 48 58 56 72 84 91 110 120 143 170 201 224 241 246 246 247 248 248 249 249 250 249 243 230 218 191 156 121 95 89 74 66 63 79 112 144 173 196 203 212 223 230 235 239 240 238 236 236 231 227 205 173 205 211 202 183 201 201 185 183 194 194 199 188 187 173 126 85 108 129 134 118 122 166 190 200 199 195 191 190 190 197 199 205 202 204 209 209 
25 27 24 24 24 28 24 25 25 27 27 28 51 47 59 66 76 89 99 121 154 195 220 231 241 245 248 248 246 242 241 241 242 237 228 215 198 165 133 102 96 97 78 66 66 66 75 86 112 148 182 206 223 231 237 243 244 244 240 241 235 231 217 199 227 218 206 179 180 181 173 168 162 177 177 179 174 150 119 94 120 143 123 113 153 187 199 205 205 200 194 193 197 197 198 200 202 209 211 209 
31 27 24 25 25 27 22 24 25 25 26 30 58 54 53 64 79 82 92 128 143 164 207 225 231 240 245 245 237 229 225 227 220 220 218 206 180 149 109 93 91 81 93 85 81 93 91 90 91 112 147 177 204 226 237 244 247 248 249 247 247 244 231 218 240 232 226 214 196 208 201 194 183 195 211 212 211 194 149 113 114 141 116 131 191 204 208 209 206 198 192 196 200 203 197 197 200 210 215 218 
29 24 22 24 25 27 23 24 27 26 25 31 65 65 53 68 72 73 85 120 128 160 194 215 227 227 234 234 224 213 209 198 199 215 209 185 148 117 99 80 63 83 111 99 71 77 94 98 103 121 145 164 186 203 226 242 246 250 251 250 249 247 237 232 247 243 237 235 221 220 221 217 206 202 218 231 220 183 138 128 133 141 115 161 198 214 210 206 205 203 197 198 203 208 204 202 203 205 210 210 
27 25 23 24 27 27 26 25 26 25 25 32 76 74 58 64 63 73 80 91 136 143 169 198 213 224 231 225 206 200 198 198 210 215 190 156 109 78 62 77 83 88 87 87 77 68 97 104 108 129 142 148 165 183 205 227 242 248 247 247 245 245 240 237 246 245 240 243 240 226 229 231 217 208 205 216 223 215 189 168 151 143 145 192 213 219 217 212 211 204 202 206 210 210 212 208 206 204 207 208 
27 25 23 24 29 25 25 26 26 25 26 27 58 86 66 62 74 76 87 92 107 115 137 177 193 218 225 213 206 212 202 206 213 198 166 102 66 51 68 62 65 68 77 90 96 96 102 115 105 127 135 131 151 165 187 206 225 237 242 245 244 244 236 235 241 239 238 235 235 227 213 220 217 201 194 186 190 178 163 148 133 140 184 208 218 220 217 214 213 207 212 216 216 213 213 211 210 207 206 206 
25 23 22 22 27 23 22 25 25 27 25 27 43 77 78 83 84 82 89 90 105 106 138 153 171 198 200 214 206 191 206 212 209 187 128 85 51 55 52 70 89 136 138 74 74 92 66 91 94 119 133 124 135 156 167 174 185 200 217 230 235 241 231 228 237 234 231 228 223 221 212 198 208 202 196 190 168 159 156 128 136 185 209 216 218 213 209 212 214 213 218 218 220 216 214 207 210 211 202 196 
25 23 23 27 24 23 23 25 25 27 25 27 27 59 72 80 81 73 89 99 99 110 121 142 148 177 179 196 190 187 209 209 194 173 106 72 44 50 53 90 103 142 138 80 62 76 58 74 86 106 123 121 125 137 152 170 169 177 184 196 212 218 214 220 231 232 224 220 212 208 209 203 206 207 201 193 192 176 137 133 184 214 216 220 211 206 213 220 222 222 222 221 223 213 211 207 207 202 199 193 
22 22 23 23 21 23 23 24 24 25 25 27 26 51 75 79 94 82 92 89 93 108 122 132 140 144 158 183 181 180 198 211 183 164 105 60 44 53 51 75 102 110 96 64 66 82 62 63 77 106 119 125 136 148 152 160 168 188 192 189 204 217 209 210 216 223 216 212 205 201 204 215 213 208 217 220 221 196 139 163 199 209 214 210 199 206 219 222 223 226 225 225 215 213 207 210 204 200 190 183 
23 22 25 25 21 23 23 23 23 23 25 27 25 33 75 95 93 90 97 87 101 115 139 128 137 128 136 160 165 174 179 203 191 176 126 69 44 49 62 52 53 57 53 60 70 65 52 60 81 110 117 132 145 145 160 179 196 212 220 220 220 217 205 203 214 210 202 194 187 195 202 207 211 221 221 223 212 175 141 179 197 195 199 196 202 210 215 213 221 220 219 218 206 208 204 203 195 187 180 170 
23 22 25 22 22 23 23 23 23 22 24 26 23 26 47 91 109 91 98 97 102 114 113 129 122 128 120 122 132 166 161 174 187 187 157 100 51 41 49 60 66 69 74 69 57 51 51 60 87 114 114 129 148 153 174 206 219 229 234 240 241 238 227 214 211 207 201 199 200 202 203 196 195 199 193 188 174 145 151 166 182 186 191 199 209 204 202 208 211 214 214 207 200 203 194 193 183 167 163 151 
24 24 25 18 22 23 22 22 22 23 23 23 24 25 34 79 111 115 118 130 115 121 117 130 119 124 132 140 122 134 140 149 166 180 182 153 104 61 53 49 53 58 56 59 62 63 58 75 98 110 114 130 151 173 205 225 230 236 238 242 242 239 234 229 232 229 225 219 218 221 218 211 208 198 190 177 163 153 151 159 170 180 188 204 198 197 197 201 200 206 198 197 186 181 175 173 169 161 158 148 
25 26 26 18 21 21 21 22 22 22 23 22 24 26 29 47 105 129 139 139 135 143 131 125 108 110 115 124 113 117 122 134 149 154 170 183 167 123 93 66 67 99 99 88 76 59 75 103 106 104 127 156 192 212 224 227 228 233 236 239 241 238 230 232 238 233 231 221 219 226 223 218 217 212 206 190 166 140 143 164 179 188 187 178 178 187 185 181 176 183 186 183 177 173 164 151 160 146 132 136 
24 27 27 20 22 22 22 22 22 22 23 23 25 29 28 31 64 116 142 153 155 148 150 149 122 113 116 119 116 119 120 116 117 116 116 133 162 170 169 144 118 111 101 80 71 77 95 106 124 138 174 201 214 224 231 230 230 235 238 239 237 235 234 234 235 230 228 219 216 220 223 214 204 205 192 179 162 122 142 168 168 178 179 180 182 169 160 158 160 170 165 165 168 156 151 133 142 120 92 94 
23 28 25 19 21 22 22 22 22 23 22 22 23 24 25 27 35 81 133 160 153 146 134 143 128 118 102 108 109 108 111 93 93 102 96 93 111 121 134 153 158 153 145 124 104 104 114 126 153 183 206 215 225 230 228 234 233 235 235 233 232 230 229 230 230 226 219 217 214 211 207 201 190 174 170 158 136 116 141 143 168 172 171 158 175 167 154 165 157 164 158 163 144 127 128 103 112 83 67 64 
24 26 22 22 20 22 22 23 23 23 20 24 23 25 25 26 26 40 100 152 155 138 119 117 108 108 93 100 106 103 112 84 86 83 86 85 86 85 98 102 107 107 112 118 99 79 95 134 174 193 201 206 224 225 225 229 229 231 229 231 231 230 224 222 215 206 202 200 194 191 190 187 168 158 144 119 112 132 138 139 145 160 156 167 157 142 165 141 140 147 145 131 107 96 87 74 79 62 53 51 
24 19 20 22 21 20 22 23 22 20 21 23 25 24 25 27 28 30 76 150 154 134 125 102 99 101 88 84 100 87 89 80 73 73 82 83 80 86 70 69 76 83 82 80 71 65 66 93 132 177 197 203 210 212 222 223 224 225 224 227 231 231 219 213 202 185 186 185 180 180 169 154 131 120 95 95 115 123 121 118 119 136 135 134 110 125 112 115 129 103 110 92 73 71 61 51 50 44 42 47 
18 18 19 21 21 20 22 24 21 19 21 24 25 24 24 24 24 28 84 138 159 137 131 117 107 110 107 94 84 94 100 86 79 71 83 70 75 69 66 71 70 68 63 65 64 61 59 63 78 129 177 195 197 207 212 214 216 215 212 214 215 212 195 177 174 169 171 164 159 147 129 111 79 74 87 91 80 75 80 99 91 100 107 94 94 82 64 93 64 68 72 67 60 52 53 45 42 44 46 46 
19 20 19 20 21 22 22 22 21 21 22 22 22 22 26 25 25 35 92 126 146 139 126 130 130 108 111 120 97 104 103 102 81 80 81 70 74 71 65 56 62 64 61 54 61 53 50 52 61 71 118 145 175 195 199 200 199 192 184 180 166 161 140 138 140 148 152 138 135 99 86 65 71 70 71 69 75 77 69 65 77 64 72 77 63 53 55 53 47 50 44 46 49 44 43 48 52 58 72 81 
18 19 20 21 21 19 21 21 21 22 22 24 23 23 23 24 27 44 92 122 138 118 127 149 136 134 127 142 136 116 108 107 104 88 85 77 75 79 67 63 59 64 59 53 55 53 49 50 54 52 73 88 119 148 162 170 170 165 156 144 122 117 116 120 124 132 111 94 79 51 49 51 50 49 47 50 56 68 65 57 57 49 47 50 43 47 46 44 39 38 38 40 46 54 66 76 94 114 114 130 
18 18 20 21 20 21 21 21 21 23 22 24 24 25 25 28 49 94 132 149 145 104 130 142 139 140 153 152 146 136 134 111 107 119 123 114 98 101 89 73 71 72 79 56 50 55 45 58 62 56 63 83 100 112 114 111 114 104 97 89 87 105 94 105 92 87 71 90 83 76 74 81 73 67 68 76 78 89 68 48 41 53 43 41 41 43 50 46 38 37 40 44 64 81 96 103 122 143 144 145 
20 18 20 21 21 21 21 20 21 22 23 24 23 26 31 56 93 123 151 158 129 111 124 139 141 134 166 150 120 146 155 140 119 124 137 125 120 115 112 99 91 95 99 79 62 64 57 52 60 53 57 81 86 89 98 99 75 52 65 50 68 54 81 77 79 88 64 89 64 78 82 93 74 66 49 65 56 59 52 40 40 47 37 39 43 40 46 45 49 53 58 61 82 122 128 142 151 155 150 146 
18 19 20 20 19 19 19 18 20 22 23 23 23 29 55 105 135 143 135 107 97 106 116 129 135 138 150 157 136 148 142 133 145 126 128 131 121 128 109 101 102 100 91 85 91 84 87 85 71 79 102 101 85 89 90 63 31 32 32 28 37 30 57 45 35 44 34 58 34 48 54 56 55 52 43 43 43 55 59 43 43 48 49 54 57 63 64 72 87 100 99 114 122 120 123 148 151 164 139 144 
19 21 21 18 20 22 20 19 21 21 22 24 27 42 92 155 161 149 127 117 110 116 127 141 140 157 185 169 161 169 151 139 140 143 129 141 143 133 120 115 108 112 119 126 128 120 115 114 115 129 155 152 137 103 64 31 21 23 24 31 32 31 37 27 27 26 31 30 28 33 34 38 39 40 44 58 55 54 68 87 69 61 72 66 82 91 114 106 106 144 124 141 135 126 122 130 126 142 131 137 
19 20 19 18 19 22 19 19 21 21 20 23 29 46 104 175 184 177 163 155 158 148 155 158 166 182 193 196 196 198 187 146 158 165 155 171 173 186 170 168 160 158 158 148 155 157 152 160 165 171 184 194 182 131 55 21 17 20 31 44 53 54 41 35 27 24 23 25 29 28 30 30 30 35 36 45 51 54 64 71 77 90 81 80 89 105 104 106 112 122 104 112 108 102 129 108 99 94 125 107 
19 19 19 19 20 20 18 20 21 20 21 25 31 60 137 199 208 202 198 190 185 186 185 181 182 193 203 204 209 219 195 147 198 203 196 188 196 213 207 188 183 185 185 170 166 165 172 173 173 175 177 181 171 123 46 18 17 18 40 61 78 59 65 59 42 33 31 35 32 26 33 28 26 29 30 29 36 39 38 37 41 50 56 69 58 75 63 68 66 63 64 70 71 71 88 83 65 77 76 74 
19 20 20 19 19 18 17 21 21 22 26 31 39 86 183 223 221 213 209 196 195 193 197 189 197 199 196 194 212 204 168 153 198 204 186 188 209 218 204 188 182 189 179 173 166 158 155 159 167 169 157 135 84 50 26 19 18 21 27 43 48 81 76 56 56 46 38 45 43 39 42 34 30 30 44 34 31 29 28 27 30 28 36 38 33 34 38 37 40 34 34 35 40 41 45 45 43 49 54 53 
19 19 18 19 18 18 18 21 21 21 24 31 48 129 211 228 222 211 208 204 201 196 198 202 201 212 196 192 186 174 150 160 185 178 180 180 184 171 167 156 170 163 157 165 160 163 161 162 170 149 82 51 28 19 17 19 20 24 25 32 33 47 62 70 60 86 50 56 46 50 44 43 46 42 56 47 37 33 36 32 33 30 33 35 33 42 34 36 36 46 48 42 41 45 47 47 40 46 56 52 
18 20 19 19 18 18 19 21 21 21 26 35 65 152 216 224 212 206 210 201 204 203 192 197 206 212 188 195 163 158 149 144 167 179 177 178 190 190 183 164 180 172 168 161 169 189 201 192 188 131 35 20 15 16 21 25 26 33 28 30 33 33 40 57 57 76 58 73 49 52 55 65 72 48 52 48 45 47 48 60 44 50 50 42 37 41 45 48 35 43 39 55 50 55 51 53 45 50 54 58 
20 20 21 17 17 20 22 21 21 22 25 34 71 169 218 215 206 203 205 206 214 198 177 183 187 198 168 179 145 149 151 152 169 174 185 208 203 204 189 186 195 185 183 178 190 216 226 211 164 67 19 15 15 20 28 31 33 32 31 32 30 33 28 28 36 47 67 72 72 65 66 86 76 65 59 49 44 62 47 59 52 62 68 63 52 55 60 53 47 49 47 49 40 41 48 43 47 47 49 51 
19 21 18 16 18 21 21 21 21 21 24 37 99 199 216 206 203 206 205 215 214 188 179 172 168 174 161 151 130 151 155 163 175 188 205 203 198 190 183 190 181 176 189 192 202 223 227 215 134 28 15 15 16 27 29 35 31 28 34 32 29 32 33 25 28 29 35 44 68 63 59 91 75 76 79 66 58 82 69 67 70 69 69 83 81 93 84 75 80 68 72 76 72 67 79 74 61 52 59 58 
20 17 15 17 19 21 21 21 21 21 24 45 108 201 211 199 204 213 213 213 204 162 177 176 183 168 157 168 154 161 168 176 184 194 192 194 192 186 190 185 171 171 196 210 216 218 211 142 49 19 15 14 16 29 27 28 30 29 35 30 30 39 35 30 26 26 29 31 32 43 40 54 66 67 81 75 76 89 82 80 75 73 87 75 71 77 85 84 78 83 88 90 91 85 90 77 83 83 90 97 
17 16 17 19 19 19 20 21 19 22 27 50 125 201 211 201 197 210 200 197 181 157 177 186 193 192 175 168 194 195 185 191 185 185 184 185 190 190 189 191 178 178 202 217 228 227 165 51 19 16 14 16 23 32 27 29 34 31 34 27 30 32 35 31 31 29 30 28 26 28 28 27 32 42 55 43 55 63 74 78 67 72 64 83 80 76 61 69 74 72 86 84 78 82 103 93 89 105 110 121 
17 16 17 19 19 20 19 21 20 20 27 49 124 199 212 207 193 196 177 172 163 158 180 196 202 198 191 178 174 201 204 205 195 186 185 188 191 184 176 193 194 188 210 228 228 220 156 38 17 15 16 24 29 30 27 27 32 35 29 29 32 27 27 32 34 41 33 34 30 29 33 26 26 25 30 27 31 34 47 48 56 58 57 52 50 56 58 53 52 46 63 60 76 62 80 80 90 106 120 119 
17 18 19 19 19 20 22 19 21 22 28 56 125 198 207 198 193 181 167 159 154 159 174 197 201 203 202 194 175 176 202 215 208 201 199 191 188 181 193 205 213 207 211 225 209 186 153 53 17 14 17 29 25 27 26 27 33 29 27 34 32 28 31 37 38 33 32 37 42 30 35 35 30 31 28 27 27 28 31 29 31 30 31 31 31 33 35 35 40 36 36 41 44 52 45 56 65 65 86 93 
17 17 18 19 20 21 20 17 20 22 27 50 117 190 204 196 187 174 172 165 161 168 175 189 205 205 207 203 184 174 182 203 202 201 200 198 181 165 180 183 202 226 226 221 195 178 103 27 14 14 16 27 26 29 25 33 32 31 31 30 35 29 30 43 36 28 30 31 33 31 39 26 29 39 28 39 30 34 31 26 25 29 29 26 32 29 27 30 32 32 29 33 42 32 31 35 44 55 47 55 
17 17 18 19 20 20 19 17 19 21 25 48 110 182 217 206 187 178 183 171 168 173 176 185 199 204 209 199 190 177 182 185 187 194 201 199 177 155 161 174 194 221 224 194 138 82 36 15 12 13 17 25 32 31 26 30 26 24 32 26 31 27 28 29 28 29 30 28 28 32 33 29 33 37 30 34 28 27 31 38 29 34 36 33 35 32 32 39 34 36 40 39 52 57 45 48 62 58 43 45 
17 17 17 19 19 17 15 17 19 22 23 44 81 159 215 204 186 175 173 168 166 171 178 180 191 198 205 201 188 169 172 196 193 190 193 205 208 211 216 209 208 193 147 82 35 17 13 13 15 21 25 30 36 28 29 26 26 31 25 29 29 24 30 26 29 33 30 28 35 28 26 33 35 33 27 27 24 28 35 41 32 26 32 36 35 36 32 33 43 38 42 47 51 64 72 70 64 70 60 64 
18 17 19 20 19 16 12 17 19 20 21 30 54 141 209 214 195 177 169 168 166 173 174 172 182 190 206 202 186 167 164 191 205 205 204 213 213 177 136 102 67 45 30 19 16 13 15 18 27 39 42 32 33 31 33 29 37 32 32 34 27 31 39 26 26 32 28 27 31 27 23 31 27 29 26 25 24 25 31 25 39 25 37 33 32 32 39 39 50 40 47 53 60 69 74 66 63 69 68 83 
17 18 21 20 18 17 13 17 19 19 20 21 42 111 188 214 203 181 167 171 167 175 177 178 179 188 204 208 192 176 182 196 204 207 211 209 173 90 28 22 18 17 18 19 23 21 24 29 40 50 35 31 35 33 37 34 33 31 42 30 30 44 31 29 31 30 24 34 32 26 24 28 33 35 25 27 25 22 26 26 31 27 35 31 28 30 33 42 36 37 43 43 50 55 47 50 52 54 70 67 
16 18 19 19 19 15 13 18 19 20 20 21 35 79 144 208 213 195 179 172 166 169 178 182 181 186 202 209 197 192 201 207 203 198 192 179 131 72 21 16 14 16 28 27 29 40 31 38 40 36 31 30 46 38 30 41 42 50 39 28 37 49 37 37 29 28 28 30 32 29 25 32 32 29 27 31 27 26 28 34 23 28 31 33 32 27 31 32 29 34 31 38 38 37 30 32 37 36 43 47 
15 17 18 17 17 13 14 17 18 19 19 20 23 40 95 157 206 213 198 182 167 170 178 189 190 191 205 214 207 209 215 213 204 192 183 152 95 44 20 13 12 19 34 39 35 45 44 40 37 41 38 36 41 33 32 49 56 49 41 32 35 36 47 50 36 33 33 33 35 29 30 34 27 26 28 29 27 28 29 33 25 27 30 29 25 27 29 29 27 27 30 35 29 28 31 33 31 45 66 74 
16 18 17 17 16 13 16 17 17 18 18 18 19 23 44 83 146 198 203 193 175 171 174 182 187 187 200 211 215 222 221 216 200 176 147 87 42 20 13 13 13 20 38 39 36 39 41 38 48 48 43 32 43 39 36 45 58 50 38 33 40 41 59 40 38 44 32 30 29 37 35 30 33 28 29 28 26 30 31 26 25 31 29 29 30 32 32 29 30 30 35 35 34 39 40 49 77 91 98 98 
16 16 16 17 14 11 15 18 16 17 18 18 18 18 23 36 75 121 174 198 192 176 174 181 188 181 195 214 226 228 226 213 187 139 68 22 15 13 13 15 20 32 41 42 40 37 40 41 47 41 42 45 46 34 36 35 48 39 45 41 43 41 41 42 36 48 35 35 34 29 38 30 29 30 31 29 33 38 33 33 43 40 39 44 40 36 43 40 42 43 50 50 46 56 59 90 103 94 105 110 
17 14 16 16 13 12 16 16 17 16 16 16 16 16 15 20 33 44 79 134 179 193 187 185 183 181 185 209 231 230 216 171 109 47 18 13 11 13 18 26 33 36 56 36 40 32 38 47 44 41 41 53 43 34 35 44 53 47 39 44 38 37 38 39 39 40 44 36 44 39 35 36 34 38 42 44 42 47 45 59 55 52 53 45 44 56 54 60 52 63 64 45 58 55 86 94 96 98 110 125 
13 15 16 15 13 14 17 15 16 16 16 16 17 17 16 18 19 19 33 52 81 142 176 186 181 177 177 191 208 194 127 54 24 14 12 12 14 23 29 33 32 36 36 36 40 40 36 47 41 45 35 35 36 38 36 38 40 54 49 43 40 39 40 39 44 43 38 36 37 43 45 50 52 62 52 46 50 52 54 53 52 53 59 65 55 68 58 55 53 62 52 59 63 78 91 102 110 109 121 145 
14 14 15 15 13 14 17 16 15 16 15 16 17 17 16 16 17 16 23 27 46 62 103 153 179 180 176 177 183 119 35 16 15 13 14 20 24 33 33 38 38 34 38 45 36 43 39 48 43 41 35 35 40 46 39 36 43 44 55 38 42 47 42 36 36 37 35 38 50 55 58 64 58 57 56 53 56 53 58 54 58 54 63 54 58 55 50 62 66 56 59 68 75 84 91 101 105 117 132 132 
15 14 16 15 13 15 16 16 14 15 13 15 16 16 16 16 16 16 23 21 38 47 48 81 146 179 178 168 172 172 122 49 18 19 26 31 31 39 42 40 41 38 50 38 34 38 40 37 46 39 40 46 41 51 43 49 42 42 41 36 41 54 36 37 43 49 49 50 57 55 54 51 47 58 59 59 52 59 63 66 61 49 65 65 54 60 56 58 56 52 64 63 67 86 119 127 133 129 135 133 
15 15 15 15 16 16 17 16 16 16 14 16 16 17 15 16 21 23 22 33 48 44 37 45 70 134 180 176 158 156 170 164 128 73 42 30 33 46 41 61 44 42 46 41 40 42 37 38 43 41 42 42 41 53 52 53 45 47 44 38 35 39 54 83 89 103 103 97 92 72 65 58 48 49 46 48 54 58 60 60 51 55 59 49 55 65 56 54 48 60 85 109 125 144 157 155 134 141 128 123 
15 16 14 15 15 15 15 16 16 16 15 15 14 16 14 16 21 23 22 35 55 45 41 49 48 65 112 167 172 151 155 169 179 175 140 70 35 35 44 56 44 44 45 42 35 41 35 37 34 47 42 43 47 47 41 33 38 42 40 53 74 96 109 115 115 115 113 109 111 112 98 71 56 45 53 62 60 59 61 53 53 46 61 55 60 59 60 74 93 113 135 132 140 142 136 149 138 143 131 130 
13 13 14 14 15 16 14 16 16 16 16 15 15 17 13 15 17 21 22 38 46 40 54 52 50 45 60 84 142 166 171 171 180 184 188 166 70 25 33 39 44 36 42 32 37 38 37 38 40 46 42 39 45 43 41 42 64 94 100 110 118 122 122 124 135 137 139 137 133 125 120 119 119 93 76 72 58 52 49 48 59 54 62 60 75 91 101 116 124 134 133 135 146 134 128 122 138 129 138 136 
16 17 15 16 17 16 14 14 15 15 14 14 14 14 16 16 17 23 22 43 47 40 50 44 50 46 54 51 64 86 117 155 175 188 187 182 138 45 16 18 34 35 43 36 44 47 41 48 41 42 45 48 52 75 91 102 118 122 128 131 138 142 145 149 155 162 167 161 162 158 147 136 131 127 119 111 76 52 45 52 57 61 79 95 93 97 109 126 133 134 132 133 142 141 117 115 114 127 129 136 
16 16 15 16 17 16 15 15 14 14 14 14 14 14 16 16 17 25 32 30 40 36 55 59 49 53 53 42 43 43 46 54 84 98 112 114 93 51 14 10 19 30 36 37 29 33 32 33 39 53 70 86 97 107 116 120 132 139 146 150 150 153 157 163 170 176 182 182 186 183 177 166 152 136 121 114 113 96 73 94 101 95 97 99 105 103 117 124 127 132 125 127 130 142 125 113 103 112 126 129 
16 16 16 16 15 14 15 16 16 16 16 16 15 15 15 15 17 24 44 36 40 42 56 57 46 52 40 36 37 41 43 45 43 41 34 35 31 21 17 13 14 25 29 32 27 24 30 57 81 94 102 114 120 131 139 141 151 150 147 151 154 154 163 171 175 182 194 190 191 196 192 189 177 169 152 133 117 113 104 85 78 88 104 106 106 112 113 121 126 131 130 125 124 124 123 111 98 108 116 119 
16 16 15 16 15 14 14 15 15 15 15 17 16 16 14 16 16 22 52 35 38 50 51 48 43 40 36 33 30 41 40 43 37 33 37 35 34 25 26 26 23 27 25 25 23 39 64 86 98 103 109 124 133 144 152 155 157 155 152 149 152 151 162 173 174 184 192 192 193 197 193 197 195 188 172 162 151 137 127 112 95 89 98 108 114 114 122 127 126 125 134 132 129 124 116 107 101 106 96 114 
