92 99 128 125 119 117 122 117 115 119 120 129 122 119 118 119 118 121 123 125 124 123 123 123 127 137 123 118 128 143 133 119 107 105 103 99 117 109 112 110 114 124 135 141 144 136 137 127 134 131 136 135 134 142 139 155 142 124 129 134 155 137 144 138 138 142 143 142 144 143 139 139 133 134 137 139 137 139 132 138 134 136 136 135 136 136 134 130 128 140 143 113 110 119 136 142 126 127 129 128 
92 106 129 123 121 121 113 119 121 119 113 118 114 121 123 117 119 122 121 124 128 129 123 125 130 136 99 101 118 139 128 135 142 138 129 116 117 108 92 110 111 106 106 108 126 131 147 147 147 142 140 140 136 132 140 157 135 126 116 148 150 139 130 141 143 146 137 136 144 142 139 136 140 140 140 141 139 140 137 142 137 140 131 137 139 134 139 135 129 147 125 113 112 119 145 133 126 125 128 132 
97 118 122 119 116 120 114 115 117 122 119 119 121 122 121 118 120 122 119 122 122 127 120 122 131 116 105 104 137 132 125 127 129 128 134 144 142 137 127 113 121 106 113 113 105 112 115 123 135 144 153 153 150 146 150 144 129 121 130 154 143 135 138 149 145 148 146 144 139 143 145 138 144 147 133 143 140 140 143 139 138 136 135 132 132 134 128 136 141 148 121 109 116 132 144 130 128 128 130 132 
102 127 120 119 116 115 119 121 120 116 118 116 123 120 119 119 116 116 122 122 121 125 126 126 136 99 104 114 142 130 124 129 123 129 127 124 126 138 141 144 143 135 129 105 114 120 114 118 107 114 123 133 145 154 160 152 145 133 149 153 141 140 140 146 140 137 144 140 138 142 147 138 144 144 144 148 146 139 144 141 136 141 137 138 138 135 139 135 149 133 112 107 114 146 137 130 133 126 130 128 
117 127 119 117 120 123 123 123 121 113 124 119 123 120 122 119 116 121 123 122 122 124 128 132 124 98 98 129 135 127 126 129 124 125 125 125 128 125 129 131 136 139 146 145 142 130 114 115 119 117 125 115 117 141 148 136 146 157 162 154 144 145 139 143 142 143 141 139 140 141 144 146 150 145 144 144 147 144 147 139 135 135 145 139 141 140 136 145 149 110 113 106 133 149 137 137 142 130 127 130 
127 117 117 115 118 124 119 120 121 122 118 121 120 119 124 117 121 123 123 122 126 125 123 137 108 103 114 141 125 128 128 122 125 121 122 129 127 131 134 135 133 133 137 137 141 147 147 148 138 128 129 127 129 156 124 111 116 137 153 140 152 160 159 153 153 148 149 141 138 143 142 136 140 141 149 138 137 138 140 142 148 140 144 146 140 141 138 151 137 119 119 120 148 144 136 132 135 129 131 137 
125 117 112 112 114 118 124 118 120 118 120 118 120 120 119 121 118 122 119 126 122 121 124 131 101 103 127 137 123 125 117 121 127 127 125 128 129 131 129 126 126 132 133 132 139 141 141 137 145 148 156 152 149 150 110 108 114 158 133 121 122 144 140 146 160 162 158 153 145 145 135 144 146 143 144 143 146 138 139 145 147 141 147 140 140 141 146 157 129 116 115 137 153 137 137 136 140 138 128 132 
120 125 117 116 116 115 124 122 120 118 119 123 116 114 117 115 122 124 118 120 123 118 137 114 106 102 141 124 126 127 125 127 127 128 134 125 124 136 131 137 131 126 131 133 132 132 132 140 142 137 137 154 161 155 146 131 137 151 116 125 123 132 125 122 131 132 149 156 160 161 153 142 144 137 139 141 142 149 137 136 136 143 137 133 136 140 154 138 109 120 121 151 150 143 145 136 140 142 138 131 
118 119 116 116 121 115 120 119 124 122 123 123 120 119 124 123 130 121 123 120 119 126 134 100 99 122 139 120 126 128 128 124 127 127 128 125 130 131 131 132 129 138 125 130 132 136 137 139 146 132 139 145 157 126 136 150 162 162 152 150 130 115 122 121 126 124 125 123 127 137 151 162 163 159 152 151 142 145 136 141 144 134 141 140 142 146 152 114 111 120 134 155 140 143 136 142 145 146 139 136 
113 108 116 119 116 117 121 125 122 124 121 120 120 117 122 125 126 120 125 131 129 138 120 103 100 137 134 130 128 131 127 130 132 133 127 133 133 135 129 134 134 135 133 135 139 138 135 141 140 142 143 156 138 122 126 138 162 154 154 164 161 159 152 138 137 138 115 125 121 122 123 127 137 145 152 162 160 153 146 145 142 139 142 141 139 153 137 117 123 125 153 146 140 143 140 131 136 141 143 140 
118 120 118 121 112 119 121 123 124 117 122 118 120 121 119 121 123 120 124 123 130 137 109 107 117 143 125 135 124 137 129 135 132 132 124 135 131 133 127 130 130 127 141 136 136 132 141 138 136 144 152 156 130 120 123 153 153 145 155 148 153 151 158 160 163 161 147 131 122 124 125 131 126 123 124 128 137 151 157 164 158 149 142 144 142 156 124 117 115 129 161 150 141 140 145 138 137 138 138 138 
119 116 122 119 117 121 123 118 121 125 125 123 120 123 123 120 122 121 124 126 132 131 106 105 133 134 131 127 128 137 126 129 125 125 130 132 132 127 121 129 134 134 138 134 132 139 142 141 141 141 154 145 132 117 135 163 151 149 154 150 150 161 152 149 156 157 161 161 157 145 131 126 126 126 128 133 119 123 119 133 142 154 160 160 160 143 118 113 122 154 151 146 139 138 141 135 138 142 135 143 
116 120 116 118 120 123 119 119 120 118 116 125 124 123 124 122 122 124 122 123 136 106 102 110 140 128 129 124 136 128 134 130 129 131 129 131 129 138 133 134 134 131 136 130 135 140 140 145 145 140 158 127 117 122 155 158 151 151 150 150 154 154 147 150 157 149 150 154 157 158 162 163 153 146 131 131 118 121 132 117 115 123 136 152 162 161 156 149 144 159 143 138 141 139 139 140 136 138 140 137 
114 120 112 116 124 124 117 126 124 123 126 122 122 127 127 122 122 124 125 134 131 109 106 122 138 129 134 133 128 127 130 135 135 135 133 133 129 128 131 138 142 131 133 134 137 140 138 146 148 150 150 123 125 133 166 154 154 150 151 153 153 151 150 149 150 148 150 150 150 147 154 149 159 162 166 158 149 138 125 123 127 126 124 148 147 110 124 141 159 160 161 157 153 146 146 145 134 141 140 137 
121 119 123 120 120 125 122 123 118 123 122 125 121 125 126 124 120 126 121 137 118 106 108 141 129 130 125 130 126 127 136 134 131 121 137 136 134 136 137 138 139 142 138 142 137 141 135 147 143 161 138 127 126 153 158 148 154 147 154 154 152 146 160 151 153 156 155 149 145 151 153 148 153 149 155 157 159 165 163 156 148 128 127 162 120 112 109 115 159 129 137 150 161 161 160 155 149 141 139 127 
129 131 124 119 127 122 124 121 120 121 126 127 123 126 127 127 129 124 130 136 111 113 116 145 131 132 134 131 126 127 127 131 133 136 132 133 129 133 144 131 142 138 137 139 145 142 140 145 145 148 115 129 126 163 151 147 152 154 147 150 147 143 153 152 152 151 152 154 148 154 151 153 153 155 155 157 150 156 152 159 165 167 168 156 112 114 116 147 153 123 119 127 130 134 140 151 159 157 149 142 
102 118 129 132 134 125 117 122 123 122 117 121 122 130 126 126 127 122 136 123 109 101 137 133 125 124 129 134 130 131 132 133 135 135 138 134 136 127 133 139 133 136 137 138 142 136 144 146 157 132 119 121 147 159 147 150 151 151 149 146 153 151 151 150 147 153 148 152 149 152 158 151 154 159 151 147 149 140 140 145 153 157 168 161 161 152 139 161 133 116 117 123 129 128 129 121 122 138 147 155 
94 102 106 107 117 132 136 130 122 128 119 118 122 125 126 126 124 133 139 112 96 112 143 129 134 126 127 126 130 129 136 130 136 137 136 132 138 134 135 138 139 144 139 142 137 146 144 154 159 130 132 129 163 148 145 151 150 158 151 154 150 152 149 151 155 152 158 164 157 150 155 150 156 153 145 157 152 142 142 149 145 163 163 132 135 139 159 166 161 154 144 133 130 124 122 124 124 123 118 120 
105 99 95 100 105 99 108 115 131 136 131 125 123 121 126 126 124 129 129 107 108 134 134 134 131 133 128 132 132 134 135 134 138 137 137 136 141 135 141 138 145 137 145 142 139 142 146 159 139 126 132 150 160 150 151 148 153 153 157 151 149 151 158 155 159 155 147 151 151 152 159 157 154 145 147 151 149 152 153 158 157 169 144 130 122 129 163 159 156 155 157 158 157 146 135 117 126 120 129 113 
130 130 120 111 103 110 104 102 100 103 121 133 137 135 129 125 128 136 113 109 109 142 128 125 128 130 130 126 130 128 131 129 136 137 141 136 132 138 133 139 141 142 143 134 133 141 147 158 129 120 120 159 151 153 149 151 155 148 153 151 156 146 154 154 159 157 156 154 159 159 159 157 157 149 158 157 147 153 153 158 165 165 135 125 130 149 168 152 148 161 149 141 155 159 154 157 157 132 124 110 
122 116 129 131 129 121 111 107 105 101 107 109 117 125 135 141 137 135 107 103 127 143 130 129 126 133 132 131 137 135 130 134 138 135 136 136 138 137 134 134 136 140 137 142 141 135 151 136 125 120 141 162 151 148 148 152 155 151 153 149 151 154 158 160 151 154 150 149 152 161 158 150 156 152 150 152 158 152 147 154 170 142 127 119 139 167 159 161 153 156 149 151 152 147 148 149 150 158 156 152 
113 113 122 125 122 125 134 131 126 115 104 104 111 104 108 115 141 139 134 126 142 132 131 133 128 128 130 130 131 130 133 136 135 136 140 137 133 131 133 135 141 143 141 146 143 140 156 121 123 127 159 160 151 154 154 158 157 153 152 156 158 155 161 156 153 148 162 154 161 160 150 159 155 151 153 149 155 158 151 162 166 133 123 125 156 170 156 158 150 149 146 143 152 147 149 151 147 152 142 148 
115 115 113 118 115 119 123 125 129 135 127 116 111 105 105 113 137 103 110 132 147 142 140 132 131 130 131 129 132 141 138 133 130 135 133 135 137 135 137 143 144 142 138 138 141 157 149 118 109 130 163 150 150 155 153 150 153 150 154 165 161 157 155 157 160 151 159 156 155 158 157 164 157 147 152 154 158 158 157 169 152 140 130 134 170 166 159 150 154 151 154 157 148 152 146 152 144 148 148 144 
122 118 111 116 118 118 121 118 122 124 132 134 134 127 118 135 112 89 96 134 127 120 135 144 142 140 135 136 137 141 134 138 136 143 137 144 137 136 139 149 144 144 148 143 153 161 138 132 137 155 163 146 147 147 153 146 150 147 149 152 151 151 159 156 164 154 155 151 154 157 152 158 154 152 156 156 154 150 160 173 141 127 133 158 170 153 157 152 145 150 157 148 150 152 149 147 152 141 146 143 
118 120 120 120 121 117 118 120 127 122 122 125 125 127 135 142 121 108 107 134 115 102 110 120 133 139 144 147 140 133 137 138 136 140 140 139 144 137 142 136 138 141 147 142 151 158 130 119 135 166 155 153 148 146 155 150 147 149 153 147 162 160 152 151 155 149 156 158 154 155 149 155 152 148 150 152 147 157 172 155 128 125 129 168 163 149 149 152 152 143 152 151 149 145 148 146 146 142 150 146 
120 118 119 124 126 121 119 122 125 124 119 125 126 127 136 129 116 132 141 140 122 104 111 109 113 107 114 125 141 152 149 145 141 145 138 133 140 142 141 146 143 144 144 146 159 136 129 132 152 161 143 154 151 151 159 153 156 152 155 160 155 163 160 154 156 157 155 160 159 149 152 158 151 152 159 156 148 158 169 132 120 125 151 177 168 157 151 148 153 158 146 149 149 152 150 154 154 150 147 158 
116 111 119 124 124 118 119 124 125 123 122 123 123 131 137 112 108 116 143 134 138 136 130 121 114 109 115 118 125 120 131 145 153 153 147 142 134 138 138 142 141 136 143 153 158 129 129 132 162 150 148 159 152 150 148 147 147 148 156 150 153 159 159 163 162 159 159 160 158 154 157 162 157 163 164 155 152 169 151 135 129 136 169 168 163 159 164 161 152 147 151 156 155 150 153 158 148 151 141 147 
120 119 121 130 124 121 120 121 117 126 117 129 126 130 130 113 110 133 136 131 129 133 138 142 143 133 123 116 117 113 116 118 126 135 149 153 152 147 146 145 141 142 143 159 141 134 131 150 161 150 150 156 150 151 150 147 155 154 153 153 150 163 164 160 162 159 160 161 158 153 155 160 161 155 167 156 161 168 145 132 135 147 174 160 159 158 154 154 144 153 156 153 158 156 146 144 150 142 150 154 
116 122 119 125 125 124 124 118 120 125 130 132 125 134 116 107 111 142 132 137 130 126 129 129 130 142 147 140 128 126 107 122 116 108 118 128 138 152 158 154 146 144 151 154 127 135 122 158 158 150 145 157 155 151 153 157 162 158 149 154 158 158 161 166 155 158 165 160 161 154 160 157 163 158 161 152 172 168 139 137 136 172 169 159 164 147 150 153 155 145 153 154 155 152 151 149 149 154 154 150 
118 120 120 126 122 119 125 124 129 128 124 124 128 135 109 107 124 138 132 133 127 133 132 132 128 137 136 133 142 144 145 133 116 109 122 124 122 124 126 138 152 162 162 147 128 136 145 167 160 153 151 156 155 155 148 151 162 155 155 152 162 164 160 161 160 171 160 163 156 165 161 156 159 161 156 161 173 150 138 137 148 175 163 165 155 158 156 143 151 155 155 155 154 151 146 147 143 153 154 152 
121 121 119 119 117 118 120 119 119 131 132 121 135 125 118 112 137 134 125 128 132 128 127 131 132 131 138 131 138 136 144 146 149 145 139 130 115 124 116 118 118 139 160 157 155 148 161 155 148 154 153 161 147 152 151 154 155 157 161 160 164 157 158 158 158 158 160 166 163 162 162 159 157 156 160 165 165 139 127 145 170 171 162 163 159 161 154 164 159 157 158 157 152 142 158 148 152 159 150 146 
117 117 121 117 119 118 122 123 122 120 126 130 137 111 108 111 141 133 133 129 135 134 131 126 128 134 132 132 135 143 130 140 140 143 147 154 146 136 126 124 122 146 145 114 121 149 166 167 162 166 158 155 151 147 160 157 151 154 163 163 159 153 166 165 161 163 162 156 160 168 160 169 165 157 158 175 152 134 135 142 175 164 151 162 157 153 162 165 157 157 154 153 157 153 150 152 150 151 152 149 
121 120 124 121 125 122 128 121 125 119 115 133 129 106 104 128 135 126 134 125 131 130 132 127 129 130 140 132 134 139 138 141 138 140 142 140 152 154 155 139 131 160 117 112 118 148 147 137 152 167 167 166 161 158 158 156 154 154 157 159 165 162 172 170 159 166 167 165 159 168 159 160 157 157 168 174 145 142 135 164 174 164 154 149 149 153 152 156 155 152 156 153 160 155 148 148 149 149 148 146 
121 114 116 122 120 129 125 122 127 124 119 137 110 112 109 137 132 133 128 137 132 128 127 139 126 129 133 137 139 138 135 139 136 134 144 141 136 142 144 148 154 158 135 122 126 159 134 126 133 129 139 157 165 172 164 168 158 155 162 160 161 160 158 157 162 161 159 168 165 160 164 164 160 164 175 150 135 135 155 179 166 168 161 161 147 161 155 150 164 158 152 150 150 146 147 153 148 146 148 145 
119 120 117 124 122 122 126 121 126 122 126 126 99 109 124 132 128 129 125 133 129 132 131 136 134 131 138 135 134 139 134 137 136 136 140 143 145 139 145 140 159 139 147 157 158 156 136 133 130 131 138 133 132 150 160 171 173 164 167 161 152 163 160 163 165 164 164 171 165 165 165 166 165 174 175 137 136 150 163 173 160 167 165 162 157 155 163 158 159 163 161 152 158 155 148 155 153 148 144 144 
123 117 124 122 119 119 124 122 120 120 133 122 100 108 139 130 130 125 127 126 133 127 128 129 135 134 137 135 135 139 135 132 138 139 137 140 140 141 143 146 150 125 114 124 161 156 159 158 149 125 135 125 133 135 141 144 155 166 174 175 165 162 168 160 167 161 162 159 153 166 174 168 171 177 158 121 138 145 178 166 163 153 149 151 149 162 158 147 155 160 160 159 166 153 157 155 156 155 151 145 
125 120 120 118 119 119 118 119 115 123 133 107 103 117 134 130 130 128 127 126 134 131 137 130 127 135 139 130 132 138 140 137 138 142 139 138 139 137 144 155 137 125 130 146 158 146 147 154 162 160 156 140 133 137 136 131 135 143 141 154 163 175 174 166 168 170 159 159 157 166 163 170 166 169 138 141 134 153 179 161 160 158 152 155 159 158 158 156 146 163 162 157 162 159 151 155 153 149 146 147 
123 122 123 121 123 125 121 121 121 135 122 105 114 133 129 128 134 133 131 126 126 130 130 126 132 141 133 142 140 140 143 137 139 141 139 145 143 137 130 131 119 124 121 139 134 136 140 139 149 145 147 149 147 143 137 130 129 124 133 140 138 138 160 171 181 180 171 168 162 160 162 156 132 124 130 133 133 137 157 169 163 161 166 170 165 156 150 159 159 159 160 164 157 158 159 155 159 154 147 155 
119 122 122 120 121 120 123 125 121 135 116 106 119 138 128 127 120 107 80 65 65 102 128 135 131 135 139 139 145 137 141 135 138 137 130 131 129 122 126 120 125 138 130 117 107 105 109 124 135 123 103 111 126 135 149 136 130 131 129 131 136 134 128 136 149 164 173 176 169 174 145 135 137 143 154 142 128 132 159 164 167 157 155 168 162 157 156 161 159 159 157 157 157 157 159 149 159 152 156 152 
124 122 121 122 121 119 122 129 133 128 104 106 111 105 78 56 38 33 33 34 37 42 105 131 138 135 137 138 142 137 126 128 131 136 136 124 122 136 138 139 136 142 143 133 126 105 76 83 84 86 87 101 113 123 132 137 133 129 125 131 136 135 134 135 146 154 150 140 133 142 139 141 154 161 144 126 128 129 139 157 162 157 161 159 153 160 156 158 169 159 156 155 155 165 160 160 150 153 157 158 
121 122 120 125 121 115 117 125 113 87 64 47 36 34 34 30 32 33 34 41 47 46 98 124 126 117 126 134 144 129 134 129 138 137 133 122 134 140 145 150 148 145 144 154 148 125 86 70 82 86 95 100 103 101 100 114 116 122 129 137 142 133 134 140 138 146 158 156 138 127 131 134 138 134 117 112 119 122 130 156 159 161 161 157 155 163 164 167 159 152 164 159 157 152 151 151 153 156 159 155 
120 118 115 102 84 67 54 41 34 32 31 32 32 32 33 31 34 34 40 45 54 60 80 107 94 104 126 138 147 138 137 139 141 139 129 129 142 146 147 159 165 165 158 161 166 139 106 87 104 107 109 99 99 98 99 100 101 105 119 130 128 129 142 150 141 139 155 151 152 138 135 122 119 118 115 119 120 128 129 161 162 168 165 161 154 157 158 162 164 161 167 168 159 163 161 156 150 151 163 160 
71 54 40 36 34 33 32 33 33 31 30 32 32 31 29 30 26 45 49 63 73 73 61 93 109 126 127 142 151 152 137 149 132 138 126 134 139 147 156 157 169 181 181 167 163 139 127 114 110 118 131 121 118 104 93 94 86 83 113 131 133 137 149 151 155 155 143 155 161 149 143 138 127 133 132 123 124 112 130 172 176 162 162 164 154 167 162 159 165 156 158 162 156 149 155 159 154 150 161 151 
36 34 35 34 33 34 33 33 33 30 32 30 28 29 35 42 67 88 67 61 62 79 63 107 137 147 143 143 159 163 156 151 137 131 130 137 149 153 158 173 178 185 195 182 141 104 91 89 89 89 91 132 116 99 88 80 74 83 122 151 156 155 158 169 164 176 161 158 153 156 165 167 156 155 153 157 140 128 117 138 159 165 178 167 156 156 167 161 155 165 157 155 152 160 157 159 160 156 153 154 
35 32 32 32 31 32 31 31 28 28 24 23 37 71 98 105 100 100 59 45 62 77 95 99 142 153 162 164 160 168 166 158 145 131 125 142 157 170 173 180 185 197 180 109 43 42 38 22 24 30 104 125 111 93 88 85 90 82 110 127 142 147 173 172 168 171 161 157 167 178 175 155 149 159 165 155 151 147 140 136 131 130 149 169 172 171 171 162 153 152 156 158 164 158 153 156 154 157 167 160 
34 35 33 31 28 29 25 23 24 32 64 96 117 114 118 103 92 103 67 51 54 96 120 121 147 155 158 162 164 162 168 162 145 133 132 152 163 171 176 177 186 185 112 39 30 30 25 22 23 24 47 138 136 112 106 104 96 87 93 93 112 138 166 164 159 168 166 173 170 156 141 139 152 155 160 152 151 148 147 148 142 124 118 135 144 151 164 173 169 165 165 156 161 163 158 152 153 147 161 162 
33 29 28 26 25 26 27 38 85 127 133 132 120 99 116 101 94 92 83 68 71 117 133 131 137 157 166 162 153 146 150 152 133 127 139 162 182 185 185 176 179 164 82 31 35 39 33 26 22 31 54 128 156 152 150 144 140 121 117 98 103 115 139 165 152 161 165 166 153 143 140 154 173 160 161 156 147 140 151 162 166 157 144 135 127 140 140 141 149 164 174 174 168 165 150 149 153 154 162 157 
29 27 25 30 38 72 80 89 96 133 123 137 130 86 112 104 99 115 92 80 86 125 137 131 127 125 140 154 155 148 136 111 88 89 143 166 179 193 189 181 176 160 98 50 37 31 38 44 29 29 49 125 176 174 173 167 168 151 135 121 120 116 118 152 156 162 184 187 167 173 159 149 157 159 139 149 149 142 145 149 153 154 147 137 116 121 134 140 127 142 141 153 166 170 164 164 158 153 146 152 
32 36 55 92 126 132 97 92 113 124 103 103 117 93 108 103 113 120 116 90 81 113 143 132 117 116 115 117 113 115 91 44 39 47 126 162 177 185 190 185 174 155 123 89 68 51 34 36 29 31 100 185 189 193 184 178 172 164 150 135 128 112 110 126 162 170 190 185 189 182 174 161 171 164 161 165 161 152 147 148 157 163 172 159 133 108 134 152 142 140 139 143 135 135 154 164 172 168 168 152 
69 101 117 122 132 125 124 126 129 117 100 101 101 108 112 104 105 115 130 91 84 105 137 135 119 116 107 104 85 48 49 48 38 55 148 172 183 190 194 196 185 165 154 128 91 84 71 65 63 103 188 198 201 200 195 185 180 174 160 146 137 128 119 123 133 131 159 186 184 183 183 162 176 184 180 154 146 151 153 150 156 162 160 158 151 133 141 157 150 142 148 143 129 133 139 148 142 164 168 177 
114 115 117 121 131 104 104 120 136 130 123 112 110 103 126 119 93 121 123 89 91 89 115 120 121 133 136 119 104 66 43 60 110 86 87 160 188 197 202 197 187 176 162 149 117 111 115 123 145 175 190 189 189 193 181 162 154 154 147 148 141 136 118 123 153 161 153 166 169 178 174 162 178 179 159 150 145 149 150 155 157 158 159 153 140 130 114 138 163 172 162 154 150 137 139 132 142 141 131 146 
119 119 114 125 124 105 97 128 130 120 125 127 113 108 126 137 111 114 97 90 102 108 118 130 132 135 150 142 110 71 55 41 102 93 98 152 179 195 209 204 189 183 176 174 160 147 143 148 157 163 169 179 185 183 168 155 152 139 140 135 124 115 106 128 167 183 173 169 169 159 150 157 166 159 154 144 145 154 152 158 153 153 158 151 140 124 101 137 157 161 172 174 172 169 144 132 134 143 143 128 
122 121 123 133 112 104 113 134 124 127 127 125 121 110 117 142 117 106 96 90 111 117 131 142 146 147 152 155 149 123 104 72 52 82 76 132 170 186 201 204 198 195 184 185 175 167 165 162 150 158 165 165 169 167 155 149 144 135 130 126 123 111 108 117 168 197 184 173 166 152 154 159 164 153 148 147 148 147 156 159 149 145 143 139 133 103 121 145 152 155 155 150 159 161 173 168 164 142 141 133 
120 117 123 126 106 97 125 134 121 124 126 127 134 127 121 124 115 108 90 98 111 123 132 153 159 159 158 155 158 150 150 147 138 126 138 138 168 185 196 204 201 193 185 181 177 181 185 181 164 151 149 153 156 140 153 150 140 132 126 119 112 111 105 118 164 200 187 171 161 157 163 175 172 156 144 150 145 144 143 150 150 152 143 135 131 118 129 154 150 161 157 154 161 156 166 158 169 171 162 148 
120 117 131 112 97 105 135 125 121 122 127 122 124 122 127 121 114 103 110 112 111 117 126 141 166 168 163 164 164 162 155 148 148 157 161 168 180 181 189 196 190 180 173 146 146 161 171 168 164 154 149 129 132 132 125 127 129 122 111 113 116 112 109 109 136 161 157 156 158 158 169 156 152 152 166 172 155 143 143 142 138 139 139 123 113 121 145 150 147 149 159 157 158 157 151 154 157 158 158 164 
122 124 126 92 97 117 133 123 121 129 125 126 118 127 124 138 122 107 100 123 113 123 128 137 149 164 171 173 183 175 165 162 164 164 167 172 179 187 189 177 148 142 133 98 121 126 125 128 134 142 124 98 87 93 91 96 98 100 103 107 115 113 114 106 121 124 146 156 171 171 179 168 164 156 165 167 163 156 156 158 155 146 132 119 113 134 156 161 155 156 160 160 152 159 155 151 159 157 152 151 
121 127 118 101 106 129 128 122 128 122 127 122 122 122 127 131 137 117 111 110 117 122 132 133 147 163 173 181 187 187 176 170 169 168 172 177 184 186 179 144 111 98 77 49 81 79 104 77 53 52 54 51 76 91 103 110 122 116 118 121 111 106 103 91 110 126 151 155 164 173 188 188 176 166 161 170 163 154 148 146 151 149 142 130 125 123 141 154 149 153 155 161 157 158 154 147 151 156 155 157 
93 126 112 101 108 132 122 127 124 126 132 128 124 127 132 123 124 111 110 111 120 128 146 152 159 172 183 192 197 197 188 186 179 177 182 192 200 188 155 119 110 90 69 54 48 35 74 61 63 40 29 39 80 115 132 147 156 146 132 125 119 104 100 94 98 131 160 161 159 178 183 186 191 173 164 169 155 141 139 139 135 136 132 131 133 116 127 156 149 152 156 149 155 148 143 151 155 152 145 155 
46 75 99 95 123 132 122 123 119 120 128 131 126 125 128 123 111 105 104 110 116 119 141 156 164 175 186 195 201 197 183 190 188 189 194 200 189 164 142 124 114 108 88 72 53 43 56 150 176 51 47 25 91 141 139 147 152 166 156 128 110 111 110 77 57 50 74 118 158 157 171 179 172 167 159 160 157 154 149 143 137 135 128 126 124 115 126 150 151 158 155 149 153 157 151 151 165 154 148 158 
37 41 54 87 136 122 127 128 124 129 125 125 135 128 127 131 120 103 96 103 111 110 125 147 162 172 184 188 188 182 184 188 195 199 196 187 178 168 148 128 123 110 88 83 71 52 44 60 71 49 47 39 112 149 153 152 155 155 154 154 140 137 124 102 65 57 111 165 167 162 175 174 167 169 166 175 186 181 166 156 151 147 142 134 120 105 131 157 156 157 154 146 148 155 156 159 160 153 151 159 
41 46 47 52 91 116 121 119 125 125 125 119 122 127 130 127 116 104 95 99 113 118 139 157 163 172 184 188 195 194 194 199 197 190 190 181 173 174 167 137 126 121 110 101 87 76 62 48 32 30 44 48 89 119 138 140 152 154 152 144 140 132 129 97 43 51 138 169 170 164 168 159 170 173 173 185 184 181 169 161 154 145 143 143 122 126 140 142 148 159 156 161 159 160 153 153 156 153 153 168 
36 44 44 46 49 63 110 127 123 122 129 120 118 119 124 129 127 128 108 90 99 103 131 154 166 175 182 186 187 195 199 200 196 192 175 182 182 168 162 148 145 139 132 128 130 117 93 78 73 76 118 113 102 93 100 103 100 115 131 144 144 123 93 53 57 85 131 162 168 159 174 179 162 166 185 195 187 176 166 158 156 152 146 137 135 134 121 114 146 157 153 153 152 155 165 158 146 153 170 160 
41 36 45 46 46 50 54 91 123 125 127 126 121 117 118 118 123 131 107 91 89 98 131 144 151 162 183 203 204 193 186 188 183 175 176 187 187 179 159 153 155 152 145 137 138 133 136 114 116 99 95 113 103 89 95 96 92 95 117 121 104 104 82 57 80 114 103 121 159 166 163 168 178 167 170 176 173 159 160 151 148 146 139 130 129 127 107 105 132 141 149 157 152 156 154 156 154 159 170 142 
88 55 43 50 47 46 46 47 77 115 124 122 124 122 122 119 118 115 82 92 102 103 113 129 148 149 171 180 185 184 181 176 179 189 183 179 184 168 155 162 169 162 152 157 159 147 133 123 128 126 117 111 96 99 97 85 89 99 103 95 77 66 51 67 93 83 70 129 173 168 177 182 175 172 172 175 168 165 158 150 141 139 133 131 132 122 96 111 126 110 114 142 156 156 155 153 160 167 156 128 
101 106 85 44 49 48 50 47 47 60 107 121 124 127 123 126 99 86 77 70 89 111 135 143 158 167 160 168 172 162 166 170 184 196 174 162 157 152 159 176 174 165 159 148 153 152 147 147 137 126 119 104 101 99 93 100 93 94 98 76 63 48 50 79 67 59 94 152 168 158 169 176 178 181 181 180 169 156 150 142 136 130 131 137 137 111 87 97 105 104 108 146 157 156 151 142 159 168 145 123 
99 105 109 98 49 43 44 48 47 45 52 81 112 117 119 122 96 85 93 109 130 129 143 146 156 165 173 195 174 160 156 164 176 178 181 156 150 155 162 169 163 143 148 136 140 144 148 138 130 116 99 91 87 83 92 110 126 114 87 56 51 62 64 49 61 94 141 157 156 158 173 167 175 183 186 184 185 175 160 144 134 123 126 128 124 101 89 95 104 104 104 109 130 153 156 147 168 151 135 138 
111 110 112 111 110 69 37 46 51 48 43 46 66 90 97 109 86 71 74 120 158 153 143 144 148 142 169 169 166 158 149 152 165 170 174 152 183 185 165 147 127 132 128 126 122 126 129 114 100 90 87 91 97 100 98 103 105 73 57 72 95 71 50 58 81 87 106 141 146 146 159 180 192 194 190 181 168 148 141 133 129 128 130 128 122 101 87 100 103 106 107 103 103 138 156 155 168 135 127 131 
103 106 110 114 115 112 86 43 44 48 46 41 44 56 85 99 98 69 75 128 152 158 154 108 140 168 170 160 153 146 144 150 139 134 125 134 169 190 160 139 110 113 116 117 117 105 105 96 90 93 82 78 78 90 104 99 81 57 63 107 84 53 44 39 53 87 138 152 157 174 178 192 197 201 191 173 158 144 129 130 129 135 136 127 114 102 89 97 103 99 97 98 106 130 153 167 156 124 123 131 
104 109 111 110 109 111 111 103 54 41 46 46 44 47 49 73 93 72 69 110 133 154 94 89 110 127 127 154 136 139 135 137 125 119 95 90 105 141 144 126 113 106 105 104 101 90 79 84 79 83 88 77 70 68 65 85 79 83 105 95 54 41 44 50 60 87 121 160 168 190 190 188 188 190 181 167 151 141 131 124 125 133 134 127 116 117 96 98 106 108 104 120 126 153 162 169 141 132 122 134 
107 109 111 114 114 112 111 113 113 76 40 46 49 51 47 48 55 55 64 106 114 117 75 86 127 135 134 132 133 141 154 148 127 113 94 88 81 71 77 98 113 129 123 102 91 85 68 64 83 83 79 69 66 66 82 86 94 132 117 87 58 46 49 69 90 148 155 153 160 174 186 177 172 165 155 145 137 128 125 129 128 128 127 118 109 113 101 102 110 113 115 132 141 140 171 159 133 122 128 144 
110 110 110 112 116 119 123 127 128 128 104 47 45 52 51 45 45 45 64 106 120 110 89 97 133 143 147 140 128 143 137 125 109 98 96 52 68 65 62 74 91 124 127 109 100 94 78 76 79 78 80 64 61 69 80 101 144 159 142 111 95 68 58 71 119 160 173 176 180 180 177 170 165 152 142 133 128 121 119 119 117 117 114 111 112 112 97 103 111 114 124 132 133 140 170 145 130 138 133 162 
111 112 113 116 122 129 132 128 127 122 115 112 64 46 48 46 44 42 47 79 117 133 134 125 131 135 146 147 132 126 100 88 79 81 71 57 63 60 52 69 73 86 82 95 102 96 91 79 67 65 63 73 79 84 113 125 139 117 107 131 120 102 112 121 149 158 160 170 177 175 170 159 150 142 132 125 119 122 123 121 117 116 117 130 125 117 101 105 108 111 125 126 130 155 159 139 129 136 151 168 
106 104 109 117 121 123 124 124 121 116 116 114 125 83 40 42 47 51 48 47 65 111 142 140 126 129 141 146 136 134 124 124 95 86 80 91 68 64 64 62 60 69 54 57 71 80 89 90 79 71 91 98 99 115 121 126 135 118 109 111 124 114 128 131 135 147 147 146 146 154 156 152 148 138 121 110 121 122 118 117 118 112 122 128 135 113 107 116 129 129 128 141 162 173 136 133 121 134 160 158 
111 115 115 117 116 120 124 122 114 116 114 117 125 105 99 50 42 43 46 49 49 56 104 131 124 118 139 140 135 143 141 137 122 96 98 112 92 83 77 66 67 69 80 78 80 94 99 93 78 78 82 101 118 120 132 136 138 128 115 110 117 109 108 132 147 130 139 141 138 135 133 131 117 116 116 118 121 118 111 103 111 105 119 124 115 130 125 127 131 131 133 154 165 157 139 136 126 149 159 151 
104 108 115 118 116 118 119 113 114 119 109 117 113 109 110 101 54 41 43 47 48 45 51 87 119 108 120 125 134 145 151 147 138 108 96 91 94 88 80 75 74 76 71 75 78 77 77 86 86 82 85 105 107 137 129 132 127 104 109 107 105 120 131 135 142 141 134 129 128 124 122 117 116 124 125 123 119 113 100 106 121 103 108 104 110 117 119 129 129 143 148 150 170 141 120 131 130 163 156 151 
103 109 119 116 112 110 109 109 111 117 99 113 102 107 105 99 90 75 43 42 47 48 44 49 66 107 115 121 140 147 152 149 145 132 116 103 91 96 90 91 102 101 109 113 110 114 97 79 75 66 83 108 122 134 116 110 116 119 116 115 134 137 144 142 140 132 126 120 115 114 123 130 124 136 135 119 113 105 112 104 96 103 124 123 133 140 151 158 159 156 147 165 156 125 138 124 146 163 155 151 
105 115 113 111 106 100 108 101 105 100 90 104 104 105 99 94 104 101 75 46 40 49 48 45 45 53 85 122 138 141 146 140 140 140 139 134 123 111 107 111 114 128 133 135 142 133 135 122 114 91 92 108 124 120 122 121 123 140 146 139 136 143 142 131 130 120 120 109 143 159 125 109 109 101 93 87 84 88 98 74 97 129 159 168 170 162 160 165 153 157 156 166 138 131 147 138 163 158 157 153 
110 111 107 100 99 97 96 87 97 90 89 89 102 93 95 96 104 101 90 82 58 38 47 50 52 47 46 79 118 136 134 127 132 136 134 132 128 125 127 134 127 135 139 136 137 142 130 131 135 138 133 143 152 155 156 157 150 133 130 135 128 128 124 122 128 102 101 101 105 126 114 101 85 69 73 66 66 48 55 50 88 131 128 138 156 168 168 160 157 152 169 159 123 118 126 150 162 154 149 148 
109 103 94 97 91 94 99 107 112 119 112 98 95 91 92 93 100 106 115 103 83 72 39 47 48 50 46 49 60 96 116 117 114 127 126 133 125 123 112 119 121 125 130 130 130 123 126 123 131 142 151 167 148 154 162 151 162 158 134 105 80 68 57 51 80 60 87 93 77 85 80 59 49 40 48 35 42 38 45 50 68 120 131 135 136 139 153 161 168 161 170 139 132 122 133 161 159 149 149 156 
96 90 91 92 94 104 118 123 123 122 123 118 110 96 96 95 96 107 122 130 106 103 100 54 42 46 52 48 46 53 87 109 107 102 103 108 111 115 108 107 114 112 117 117 112 109 114 115 110 117 127 168 161 94 131 140 83 118 94 73 46 41 40 41 42 39 59 58 45 40 41 41 42 37 39 38 38 39 43 57 110 150 140 120 119 129 135 136 137 168 167 155 145 133 147 162 151 151 146 142 
95 100 110 111 99 116 115 112 110 121 117 120 125 129 121 104 98 106 93 109 126 94 120 96 62 46 48 55 52 47 50 65 107 112 118 100 101 94 103 98 105 108 110 106 100 103 89 84 71 68 81 170 145 62 61 78 70 47 75 48 47 41 38 42 39 40 50 46 44 45 40 45 40 39 40 41 43 57 84 127 150 159 164 145 134 132 129 134 156 163 146 150 160 161 161 159 153 142 146 142 
106 108 111 110 109 114 115 119 114 115 111 116 117 121 122 128 128 115 111 124 117 95 99 93 91 73 44 47 44 40 36 35 48 89 111 112 100 109 88 82 76 75 70 58 51 46 49 52 53 60 101 125 81 52 47 43 43 42 48 44 44 42 41 42 44 45 47 42 42 43 41 41 47 61 84 109 128 144 145 139 146 145 156 161 166 161 133 128 163 147 114 114 111 146 166 162 161 151 147 142 
110 113 114 110 112 113 112 114 114 115 107 113 111 111 120 123 123 131 131 131 97 88 88 112 92 84 78 49 42 39 38 42 39 39 65 84 71 60 48 41 36 41 41 42 41 43 45 51 49 59 63 55 48 45 47 44 43 41 50 46 46 47 43 45 40 42 45 44 46 53 72 100 124 141 143 150 142 141 150 140 145 150 150 146 148 157 161 160 162 128 104 115 125 157 145 117 141 160 163 154 
113 110 110 109 111 115 114 115 115 112 108 111 112 116 119 123 115 120 130 135 119 102 104 131 100 98 106 101 66 38 40 40 39 37 32 32 36 36 40 42 39 40 41 41 42 40 44 43 56 52 47 46 52 44 42 42 42 42 46 46 44 44 42 43 46 48 61 88 110 136 143 151 143 139 137 146 147 147 153 158 153 145 142 150 151 156 154 164 160 153 132 111 130 158 134 125 118 128 141 157 
105 102 107 113 116 111 104 110 111 112 116 115 114 113 117 119 116 122 132 108 113 128 135 124 94 85 75 61 45 35 33 33 36 34 37 40 39 42 39 42 42 45 46 43 41 41 44 41 45 41 41 42 40 42 44 42 42 42 44 44 43 48 49 66 99 119 141 156 150 151 148 155 151 150 147 152 138 148 145 146 147 145 143 149 143 148 150 162 131 125 143 156 161 150 135 116 116 112 123 117 
110 110 112 109 109 111 109 109 113 113 117 114 110 116 115 112 124 128 124 97 88 78 77 61 39 39 40 38 41 39 40 42 43 39 39 41 39 41 42 41 40 43 52 52 45 43 42 44 42 42 41 43 43 42 40 43 43 46 45 57 76 96 132 145 141 146 145 157 147 146 144 150 151 144 147 148 150 150 148 149 149 140 150 142 140 143 159 154 123 125 130 151 160 157 157 143 135 123 122 120 
116 114 111 114 112 111 113 110 110 113 109 106 113 118 115 105 92 82 58 46 42 43 44 45 47 44 44 41 42 45 44 42 38 38 43 41 39 40 40 39 41 42 40 40 41 41 40 40 41 41 40 43 40 43 46 57 73 89 106 127 140 146 142 150 146 142 147 151 145 145 144 155 148 151 151 149 151 146 150 151 150 154 150 139 142 147 160 137 126 109 129 157 153 140 142 150 155 150 145 122 
110 110 111 116 110 113 115 117 119 109 104 90 79 66 46 44 43 44 44 43 47 46 47 44 43 43 41 39 43 50 50 41 41 40 42 37 39 37 36 33 38 38 37 36 38 38 40 40 38 40 44 51 64 81 97 108 122 143 137 139 145 145 143 148 149 140 138 143 150 148 147 146 150 148 152 153 142 150 144 146 144 148 150 146 145 163 152 130 125 133 142 157 142 141 146 147 147 149 155 151 
112 103 106 111 109 112 110 94 75 59 43 43 44 46 44 44 44 45 48 47 48 47 42 50 48 45 51 44 46 46 46 42 40 39 40 39 39 37 38 38 38 40 44 42 40 41 40 38 46 70 83 91 102 126 130 142 144 146 146 142 145 141 139 138 141 137 142 146 146 140 147 138 145 154 155 145 148 142 134 146 143 143 149 144 148 159 126 126 114 134 158 157 144 143 148 142 144 147 147 140 
106 110 107 88 73 57 45 43 46 46 50 56 48 50 48 46 47 46 41 41 46 46 45 54 48 45 41 44 43 41 43 43 38 37 38 39 38 41 42 43 43 40 38 37 39 43 44 36 34 67 95 111 139 147 137 146 144 147 148 140 139 139 143 140 144 134 138 145 146 145 137 140 144 143 141 141 147 146 144 148 144 146 142 142 160 146 126 116 125 147 159 143 136 143 139 146 135 147 152 144 
75 57 42 46 45 45 49 56 51 51 49 52 54 52 49 50 44 45 41 43 45 46 48 43 42 42 41 41 39 38 38 37 39 39 43 41 42 39 34 30 31 33 30 34 43 46 41 39 50 104 113 125 152 143 146 136 139 147 152 143 140 135 140 148 145 142 142 143 140 146 143 146 147 142 142 138 135 136 144 149 144 152 147 153 156 117 109 117 126 157 153 141 144 139 145 146 141 136 135 136 
44 52 52 52 50 49 48 53 54 44 47 57 50 51 50 50 48 44 45 47 47 46 45 50 41 42 41 40 38 38 39 38 38 36 34 35 45 62 74 77 93 45 37 42 43 36 37 39 96 108 106 135 154 143 143 146 137 136 142 145 141 141 144 140 143 139 138 134 136 140 145 148 143 142 145 143 142 146 147 140 142 142 149 162 147 113 116 110 141 160 144 145 141 136 145 138 144 141 131 147 
55 53 49 50 50 50 54 67 57 47 48 50 47 44 39 40 40 41 42 42 42 39 39 42 42 39 38 38 38 34 33 34 45 60 81 99 120 127 137 137 85 35 43 49 50 36 38 97 138 126 124 151 142 142 134 143 137 141 141 142 137 144 143 138 144 139 144 145 143 140 146 145 139 143 150 149 151 147 145 143 152 143 147 160 129 120 122 129 161 150 150 138 148 134 138 142 136 141 134 134 
53 51 52 52 57 53 47 46 45 44 42 39 37 35 33 35 38 40 37 37 35 35 37 35 31 33 35 40 52 68 91 103 117 120 122 124 126 127 131 119 39 38 40 50 50 39 63 107 125 145 150 150 136 135 141 140 138 138 146 139 143 141 143 137 141 138 138 145 148 143 146 138 146 147 142 144 144 142 139 149 147 148 158 150 131 122 129 141 155 139 148 142 144 141 141 146 141 141 141 136 
50 47 47 43 44 45 48 42 39 35 36 33 32 31 31 33 32 32 31 29 29 30 37 46 67 83 95 107 121 123 124 129 127 124 125 127 127 135 125 59 33 40 42 38 45 39 110 101 100 109 148 147 156 145 143 141 140 135 138 143 142 144 143 140 143 146 145 147 141 141 143 141 139 129 144 145 145 140 137 148 140 145 160 133 125 117 122 157 150 142 136 138 136 133 135 142 148 140 128 139 
42 39 38 36 36 36 33 32 31 33 29 28 29 31 28 24 24 39 51 59 73 90 106 111 115 120 113 121 122 128 122 122 125 124 122 118 122 123 83 33 38 41 39 38 42 98 123 102 99 123 144 120 128 149 158 150 147 140 140 137 131 140 143 144 141 143 144 147 144 136 143 140 142 132 138 140 140 142 140 147 143 162 144 120 126 117 145 158 136 150 145 148 137 140 137 142 145 143 147 139 
36 34 28 30 29 28 27 24 29 36 42 44 47 39 28 19 42 111 112 113 115 120 118 116 120 119 119 121 122 124 125 120 121 120 128 128 121 112 38 34 41 40 38 38 61 139 139 139 122 143 125 112 113 121 131 145 158 151 147 137 138 142 141 145 142 132 135 138 137 140 136 148 141 148 145 146 140 140 143 135 143 155 125 124 120 129 159 147 134 138 135 137 137 150 138 141 131 144 146 139 
28 26 27 25 26 32 35 40 43 51 50 47 42 41 22 23 83 122 115 119 119 119 122 117 118 119 122 121 125 121 121 121 118 126 126 127 124 62 33 38 40 39 42 40 122 116 108 119 141 150 139 123 111 120 118 124 127 139 154 148 142 138 136 137 143 144 136 138 140 149 142 144 146 141 140 135 137 137 138 138 153 138 111 121 110 144 154 144 132 139 138 134 131 146 142 138 135 129 137 140 
28 44 59 67 69 81 90 78 48 48 49 44 43 33 17 40 120 119 114 112 118 110 116 115 121 128 124 120 123 120 117 123 121 129 122 121 92 34 37 41 41 40 34 88 134 115 114 106 140 145 144 148 143 127 123 118 119 118 125 142 157 152 146 138 137 140 140 135 139 141 141 147 143 140 145 142 137 139 145 144 155 119 118 115 119 156 150 135 137 140 139 139 136 138 136 141 137 134 131 135 
75 84 94 114 112 102 102 48 45 49 48 41 40 20 22 83 124 115 115 112 119 116 112 108 114 117 120 116 120 124 119 123 117 123 120 114 44 38 35 38 34 36 52 136 117 105 106 128 149 136 137 140 137 143 145 132 118 116 115 114 118 134 146 146 145 134 144 131 134 136 145 140 132 134 137 137 139 147 138 157 143 119 115 123 139 152 135 138 141 139 134 138 140 138 138 138 139 131 131 131 
