193 184 185 193 177 152 129 129 129 150 156 157 170 227 128 181 204 199 195 199 198 201 201 204 206 205 207 202 203 197 201 191 195 179 182 171 170 152 130 112 124 171 193 157 132 125 120 120 125 118 123 111 112 110 113 110 106 108 109 98 111 111 106 102 103 113 119 116 90 87 73 100 110 108 104 99 103 86 88 97 94 87 93 97 92 89 95 95 98 107 92 86 79 82 91 93 82 80 75 73 
167 156 164 168 172 139 137 133 124 140 154 155 173 227 129 181 204 190 166 169 167 169 187 169 163 171 177 183 194 194 198 190 187 173 173 168 146 125 134 111 127 178 192 152 131 125 121 126 127 120 123 111 111 111 117 107 109 110 111 103 112 104 104 97 101 107 117 114 83 85 78 99 102 109 108 95 90 84 90 104 91 94 84 78 95 95 105 101 98 94 84 79 79 86 92 90 93 91 102 100 
139 154 146 146 165 166 140 132 123 122 153 156 164 227 128 180 204 185 152 162 158 157 186 137 116 132 136 163 193 192 194 186 178 168 166 165 118 111 120 110 127 177 191 149 128 123 121 124 122 121 124 108 108 110 114 105 107 110 112 102 115 104 104 101 106 109 122 115 90 89 85 105 104 105 102 84 88 97 94 101 95 99 97 107 92 84 81 94 92 95 83 84 71 74 93 101 93 85 85 81 
138 145 120 127 144 163 154 134 116 114 148 156 156 226 127 178 204 180 139 145 134 137 179 129 103 111 117 162 197 191 190 180 171 166 161 159 109 107 114 110 131 178 191 149 124 121 122 126 123 121 125 107 108 110 112 104 110 113 113 111 118 105 105 101 102 110 121 123 87 81 87 101 101 105 106 75 92 86 87 104 98 93 100 105 87 77 81 90 93 101 88 87 84 97 87 93 80 77 82 82 
129 108 112 132 130 111 135 131 114 102 132 153 157 222 126 179 206 207 199 198 189 180 196 165 149 136 129 169 196 191 184 171 160 158 154 150 91 96 126 110 132 179 190 150 124 123 123 125 122 119 124 110 106 108 113 102 108 109 114 108 116 111 109 104 98 106 119 121 96 89 88 103 102 104 100 92 82 86 104 80 80 92 93 95 90 83 80 82 93 101 93 85 87 93 91 78 79 77 74 81 
122 120 115 127 116 103 109 129 111 98 113 150 158 223 130 183 206 211 211 213 214 209 209 207 209 203 202 199 197 190 175 163 153 151 144 137 70 95 132 111 133 179 189 149 126 119 129 127 122 120 125 110 107 109 115 104 107 110 114 106 114 116 103 103 94 112 118 117 99 84 94 106 105 95 96 97 94 98 95 91 79 84 80 93 94 95 89 95 78 84 83 89 84 85 108 80 71 78 88 93 
129 144 144 136 107 108 103 131 110 96 97 143 154 224 133 184 205 212 213 212 213 210 211 206 213 204 203 199 192 182 164 152 142 140 134 120 60 95 115 112 131 178 189 146 123 115 133 135 123 122 125 105 105 109 115 105 107 108 113 110 118 118 106 103 95 108 115 119 98 71 81 98 105 95 99 92 101 104 103 96 97 85 92 81 86 90 91 93 89 70 83 84 84 87 87 85 89 86 66 76 
125 138 134 120 105 114 102 120 106 85 100 135 151 223 136 184 208 214 213 212 213 210 212 206 212 203 203 198 188 176 153 137 124 123 121 99 59 93 107 112 132 173 184 143 123 111 136 136 123 123 121 106 103 110 118 108 106 109 114 106 114 107 104 103 89 104 117 120 84 82 83 82 87 86 86 85 79 80 80 79 81 84 79 74 78 80 86 96 93 82 62 81 81 90 90 82 88 81 81 67 
157 150 134 116 114 105 108 96 103 82 97 123 154 223 139 188 210 215 213 212 214 210 213 205 212 206 203 197 184 172 142 125 111 110 107 77 57 89 104 112 130 172 178 142 121 114 139 135 125 122 123 112 104 111 119 109 105 109 117 109 114 108 105 102 93 108 117 114 86 78 81 83 82 86 87 85 88 80 81 78 78 82 81 74 74 68 71 74 72 76 75 71 74 81 83 82 87 75 75 80 
156 155 143 129 108 110 107 110 105 92 93 106 150 222 144 165 187 198 198 202 202 202 208 203 207 201 198 190 180 173 149 130 117 111 103 62 60 94 106 111 132 171 171 135 118 114 146 132 121 121 124 111 103 112 117 108 106 115 120 111 116 110 107 103 101 110 118 112 97 84 70 74 70 76 78 71 73 73 76 74 72 72 74 72 71 68 68 81 72 75 73 74 68 73 72 73 69 68 71 72 
132 161 158 131 118 114 138 109 111 104 104 95 137 222 191 172 194 195 192 187 136 123 136 141 149 156 162 161 160 154 139 131 118 116 109 63 61 96 106 110 133 166 163 130 118 120 147 135 123 118 120 110 105 111 114 110 104 120 123 112 119 107 109 100 101 114 120 111 94 72 61 65 58 65 70 65 65 62 63 67 67 65 68 69 69 66 68 68 64 68 70 65 62 69 66 67 67 69 74 73 
139 155 140 135 122 105 123 113 117 119 105 90 120 218 179 189 201 204 204 200 107 85 77 67 66 76 98 96 90 95 97 101 98 126 130 104 74 96 109 115 132 160 159 133 120 116 147 140 121 118 117 107 104 108 116 112 106 115 118 107 114 104 107 102 97 110 118 110 89 68 69 78 82 83 80 83 78 68 62 66 64 63 62 62 61 60 60 59 63 61 61 60 58 61 62 64 60 57 60 66 
142 146 139 144 141 97 108 112 121 112 94 93 142 204 176 196 203 205 205 201 104 84 77 60 47 65 90 97 66 54 56 66 73 140 157 114 74 95 108 114 130 156 160 136 123 119 144 140 120 118 120 107 103 107 114 112 104 113 122 110 112 106 110 102 96 114 116 107 93 89 97 103 103 101 99 103 95 91 85 85 82 81 80 81 76 72 71 73 67 67 64 59 60 58 62 61 57 58 60 59 
110 132 132 133 144 111 130 115 99 98 117 106 192 192 179 199 202 204 204 198 103 74 64 60 39 69 89 101 61 45 44 41 43 47 52 51 60 93 107 117 131 156 158 131 120 118 143 137 121 119 121 106 106 106 111 109 106 120 122 116 111 111 115 106 94 109 116 105 94 88 100 106 103 112 117 123 104 99 95 104 92 112 101 93 99 98 99 97 91 94 91 79 85 87 80 78 75 75 72 67 
145 149 163 146 131 141 146 119 95 105 127 103 216 208 184 198 202 204 205 197 103 82 67 64 38 78 108 124 58 47 47 44 43 41 39 38 58 96 109 113 133 155 150 130 120 121 143 135 120 120 121 107 106 104 114 107 107 118 124 116 110 111 115 106 97 115 120 103 91 71 93 97 91 142 125 100 94 104 105 101 100 93 96 87 101 105 83 83 88 108 105 88 101 95 95 89 93 91 94 94 
156 162 129 146 143 152 115 115 108 103 135 96 222 215 188 196 202 204 204 195 104 101 101 102 100 102 158 156 56 63 53 45 43 43 43 41 57 98 109 117 137 157 147 126 115 119 145 135 127 121 121 107 104 106 111 107 105 117 125 116 109 116 112 104 98 122 117 104 91 71 85 112 138 125 98 80 77 118 113 103 108 89 82 90 105 109 92 97 95 98 102 94 82 95 92 72 74 83 93 86 
154 159 123 171 161 103 90 134 122 85 90 97 223 222 198 191 201 205 204 194 106 77 75 79 59 78 186 168 56 71 53 45 43 43 44 41 56 99 110 118 136 155 145 123 116 118 140 136 129 122 120 106 106 106 112 109 109 122 121 113 113 112 113 103 100 121 115 103 91 76 85 137 138 110 87 75 64 114 124 119 112 92 96 94 99 97 97 92 93 84 81 89 95 94 93 93 96 82 77 82 
167 164 118 160 153 76 80 130 120 80 89 99 219 232 207 185 199 203 204 194 108 77 84 60 41 71 189 174 60 58 49 44 45 45 41 38 57 100 113 117 132 152 138 120 115 116 139 133 126 116 117 104 104 105 111 108 109 124 117 108 110 112 115 104 103 120 115 101 95 80 119 134 112 88 81 65 71 100 96 107 95 113 102 100 90 96 94 97 88 100 84 87 96 102 86 87 81 85 69 66 
167 160 129 148 141 85 77 142 116 85 95 98 187 237 214 189 196 203 204 192 108 85 110 50 85 139 190 160 68 47 44 45 50 51 47 38 55 100 113 114 127 151 135 123 114 111 140 135 127 118 120 105 106 105 110 113 110 121 118 111 113 115 109 105 106 117 114 106 109 138 137 117 93 80 74 83 105 95 85 79 84 109 95 85 94 82 90 101 96 99 106 91 84 90 86 89 86 93 86 90 
157 158 141 130 129 89 91 164 129 80 88 99 153 234 221 199 190 202 203 189 104 95 131 135 143 103 184 172 75 57 65 83 52 50 49 40 61 102 116 114 129 144 129 122 112 110 137 135 125 118 118 105 108 106 109 113 113 118 119 113 116 114 110 112 107 115 117 120 140 135 124 105 91 81 84 97 90 85 85 78 79 93 101 87 93 94 105 89 88 88 96 89 95 82 82 85 89 82 91 85 
148 147 128 137 141 115 105 141 148 87 94 121 164 209 228 209 186 198 202 184 83 109 190 92 57 63 169 174 132 120 112 126 65 53 44 60 77 101 116 113 127 141 128 122 112 107 135 137 128 119 117 105 109 105 108 113 115 114 114 115 122 121 114 119 120 127 135 132 131 122 110 100 89 93 92 81 80 75 73 51 87 100 103 95 96 84 96 88 97 88 95 89 97 88 99 87 86 75 76 83 
145 138 99 128 166 108 84 105 121 81 111 171 153 173 232 213 190 194 201 179 79 107 166 45 77 134 176 151 164 142 105 125 66 127 110 76 87 104 115 113 131 140 123 117 115 110 135 135 125 118 119 104 106 107 110 116 118 113 116 120 125 128 131 129 126 130 132 120 109 109 100 97 93 94 82 70 66 65 41 40 65 99 110 86 97 88 93 94 89 90 91 96 91 96 89 80 73 62 80 95 
140 118 94 110 179 145 116 76 99 93 136 188 156 143 224 220 201 190 199 176 104 120 186 146 142 110 137 175 168 154 109 126 72 135 109 71 90 106 116 116 134 139 126 119 118 116 138 139 126 122 122 110 112 115 118 125 130 121 132 134 134 134 132 128 122 124 120 115 102 101 96 89 92 82 71 67 57 43 52 71 78 72 77 87 82 98 99 99 88 97 81 82 94 92 97 97 83 82 84 86 
144 119 99 107 160 169 147 81 82 90 172 173 176 153 195 227 210 187 197 174 122 75 110 83 58 64 95 139 131 128 91 108 72 102 99 66 90 103 114 116 135 136 130 120 118 118 137 141 130 127 126 121 127 131 134 136 136 139 144 139 136 128 130 124 121 119 116 107 93 95 93 81 88 78 73 69 64 80 82 70 56 52 88 109 103 88 98 95 85 85 93 80 79 88 97 95 95 80 82 80 
147 134 105 112 131 166 150 82 98 119 194 168 188 176 158 230 212 188 196 170 124 129 165 89 62 63 93 128 105 90 73 77 66 66 64 58 63 64 89 118 134 130 118 109 103 96 107 114 128 130 133 134 136 136 138 137 137 136 143 138 132 124 128 124 115 113 112 103 96 92 84 88 81 78 73 77 73 82 67 61 48 55 95 104 102 93 79 90 94 96 103 92 98 87 86 89 87 77 85 85 
140 142 102 103 121 157 150 141 155 178 181 181 193 189 142 219 216 199 190 168 123 172 236 192 175 161 145 194 166 136 119 115 81 125 86 62 91 109 142 143 136 115 101 95 88 95 106 114 122 116 124 131 135 132 133 129 135 135 134 132 128 124 127 120 111 104 109 99 91 86 81 84 79 82 84 82 76 70 65 56 47 66 83 97 108 94 90 96 90 103 91 91 99 93 89 73 85 84 80 94 
162 148 124 119 146 140 160 173 179 200 173 193 197 195 158 187 219 207 187 165 125 184 222 95 95 102 187 204 179 80 46 50 61 98 83 58 100 125 145 129 117 106 94 91 100 106 109 113 110 113 123 126 130 129 129 125 132 131 126 123 126 122 122 113 107 101 106 86 85 76 78 83 80 83 77 71 66 62 57 52 48 79 89 90 97 92 93 93 88 84 78 100 93 98 93 97 93 67 85 87 
164 155 144 151 157 139 168 177 192 189 181 214 217 208 183 150 221 209 195 186 153 196 210 85 75 77 198 216 211 94 46 44 52 79 69 66 118 137 124 116 106 99 95 93 103 108 103 107 107 114 119 122 125 127 126 124 125 122 119 121 122 118 116 106 102 98 86 80 77 76 80 76 76 73 68 63 61 53 44 40 47 80 92 83 95 79 90 96 100 92 96 93 88 98 92 94 92 83 77 92 
137 151 147 169 145 150 175 179 207 169 192 220 225 220 202 137 211 210 208 232 212 201 200 84 83 78 209 226 199 100 48 69 80 77 88 126 128 118 108 102 97 87 95 101 104 101 103 103 106 110 117 120 121 123 122 121 117 114 114 116 115 110 105 99 93 83 68 79 75 75 68 67 68 65 59 60 61 56 48 41 38 73 94 100 106 90 91 98 96 89 98 89 82 82 85 96 91 92 98 89 
136 146 145 159 136 161 179 196 215 175 198 220 224 221 206 150 185 214 231 219 155 214 191 87 91 86 217 235 184 147 62 55 50 44 115 134 119 102 98 90 86 86 91 100 97 99 101 103 105 109 113 114 115 114 118 114 110 113 105 112 110 100 97 83 84 70 69 76 70 68 61 65 65 63 60 59 59 46 43 42 68 91 91 107 101 91 92 90 90 88 97 92 89 93 99 91 85 91 88 84 
126 120 128 153 143 169 182 197 222 188 195 220 225 222 208 176 148 219 250 198 122 214 182 93 95 93 224 239 152 117 62 63 66 83 144 122 109 96 98 85 80 83 93 95 93 93 98 99 102 108 110 113 110 108 110 108 104 109 106 105 96 91 86 76 76 67 69 70 67 62 59 64 61 59 53 50 47 44 42 62 96 88 88 92 83 101 93 100 90 87 93 86 86 94 99 93 83 95 82 95 
150 140 149 145 157 177 185 193 230 201 189 219 225 222 209 190 130 219 249 180 124 233 175 99 103 107 231 229 121 134 66 82 76 140 143 118 103 100 105 88 83 81 86 90 86 93 93 96 103 105 105 107 104 104 102 99 100 102 98 93 86 83 75 72 69 66 67 65 60 57 56 57 54 48 50 60 58 61 64 75 94 93 94 89 92 99 91 96 100 87 79 74 92 93 96 93 93 90 81 90 
143 149 155 140 168 181 188 192 236 214 186 205 211 212 205 191 144 200 242 133 139 232 162 110 111 122 236 215 121 131 72 94 131 154 136 116 101 109 103 96 84 84 82 86 80 89 92 93 100 104 102 100 98 96 96 94 95 96 88 78 75 72 70 68 63 63 62 59 55 52 49 47 45 52 62 58 61 61 57 63 82 95 99 91 90 98 87 99 93 87 84 87 95 93 89 88 87 88 76 84 
146 171 153 150 175 185 189 192 229 225 190 192 202 201 197 192 172 169 223 128 149 226 164 123 126 140 240 200 128 132 67 121 155 139 123 110 105 113 103 94 87 84 75 81 81 85 89 86 95 98 98 91 95 89 91 87 86 83 72 69 62 63 65 62 56 58 57 53 56 56 56 63 60 57 58 55 55 53 50 50 80 86 90 88 89 97 85 92 97 90 87 92 92 90 84 87 87 90 79 94 
176 175 143 162 178 187 192 193 227 233 204 183 198 199 198 192 185 137 156 139 157 217 167 146 129 145 242 188 113 144 99 106 100 113 112 104 99 106 102 88 84 88 74 78 87 82 86 83 89 90 90 86 89 83 81 74 74 64 65 59 62 56 54 56 55 54 60 68 68 64 62 63 64 62 58 54 49 44 52 53 74 91 82 91 98 87 92 97 83 82 84 84 86 93 85 100 98 87 82 84 
151 165 144 172 181 190 194 195 221 242 216 180 195 199 200 195 189 160 155 159 171 220 164 166 141 166 241 181 121 122 80 70 56 60 89 93 96 100 96 84 80 89 82 69 85 81 92 79 85 86 86 78 86 80 73 66 61 61 56 53 53 52 57 57 62 66 70 66 63 64 62 60 57 58 56 51 42 41 47 51 55 81 101 92 92 85 89 91 96 80 85 95 94 89 85 94 82 80 88 87 
160 151 158 179 190 195 196 195 207 242 226 191 190 199 200 198 194 187 175 171 173 218 159 143 157 167 226 155 105 73 63 57 46 40 45 71 93 96 92 79 77 90 85 69 85 83 90 75 80 82 82 78 76 72 69 57 52 49 48 54 63 62 60 64 69 67 69 61 59 64 61 58 56 54 51 46 38 38 43 42 47 51 75 95 84 83 100 99 97 88 93 82 86 81 89 102 95 92 96 97 
175 147 168 184 194 197 198 192 199 238 233 206 183 199 202 202 200 200 193 162 115 181 171 162 146 146 126 88 81 70 62 50 40 40 43 42 68 91 86 74 77 92 86 70 85 88 80 71 76 77 76 74 66 58 52 48 45 45 43 55 62 61 55 57 65 66 67 60 58 56 54 55 54 50 47 47 36 36 38 36 39 42 54 83 93 102 96 104 94 94 86 89 84 98 101 104 88 88 87 87 
173 157 176 188 195 199 198 211 210 235 241 218 183 197 205 205 203 205 201 163 101 123 185 168 125 98 85 87 67 58 56 42 32 39 41 38 36 77 77 77 84 96 85 69 82 90 73 66 72 71 69 65 57 48 44 40 33 29 38 47 54 54 49 49 62 65 66 59 54 54 52 53 50 52 45 42 37 32 32 31 34 46 53 61 79 94 91 83 91 103 103 101 95 91 83 83 90 85 96 92 
163 169 182 192 197 199 199 235 247 248 244 224 193 195 205 206 205 207 206 187 149 142 174 150 105 91 89 70 55 54 53 41 35 43 43 42 36 47 76 85 88 91 86 66 81 88 69 63 70 64 60 54 49 44 36 26 27 27 37 46 53 57 55 50 59 65 61 60 62 60 53 48 46 42 37 36 33 32 30 28 36 49 57 62 63 92 99 99 104 97 82 86 83 93 84 83 88 94 86 82 
164 177 187 195 199 200 199 219 236 245 245 235 206 189 204 207 208 209 209 212 167 168 150 115 101 88 73 55 52 45 41 39 40 47 48 46 41 38 68 86 82 84 83 62 82 78 63 60 65 64 62 56 46 35 34 34 28 27 35 46 57 63 62 59 53 57 58 57 53 56 50 49 47 40 37 31 30 29 32 28 35 45 53 61 59 76 97 101 90 93 86 90 86 99 91 94 93 71 76 92 
177 183 193 198 201 201 199 199 202 241 244 242 213 186 200 208 209 210 208 212 177 162 135 113 95 78 66 68 57 47 39 42 45 50 49 47 43 36 54 81 72 75 76 60 80 67 57 57 65 61 59 50 36 35 40 43 37 27 26 45 59 64 64 57 56 55 58 55 54 52 47 44 38 31 33 30 30 27 32 33 32 43 52 58 61 66 84 87 100 96 94 87 94 87 84 87 88 84 96 96 
191 187 197 201 202 202 200 199 200 240 244 244 222 195 195 208 209 210 208 192 159 136 109 89 79 71 71 68 61 55 49 43 43 45 42 40 37 32 46 76 75 70 73 59 76 57 52 58 61 61 54 45 40 44 50 50 46 33 25 39 59 65 67 61 59 52 56 56 53 50 51 46 35 31 31 26 26 23 31 36 41 50 58 67 63 52 58 78 90 91 85 85 101 93 95 96 85 82 80 84 
197 192 199 201 203 203 201 197 196 234 244 242 229 206 190 204 207 205 176 142 128 109 78 63 54 52 49 44 41 40 42 40 42 42 37 35 30 26 35 68 73 65 66 57 70 52 53 61 63 57 46 34 41 53 53 53 52 45 24 29 56 68 69 63 62 52 45 45 49 49 51 46 38 33 31 30 30 25 26 32 40 46 57 68 66 54 50 54 62 76 94 95 93 88 83 84 85 80 84 80 
198 192 200 202 204 205 203 199 195 223 242 244 241 213 187 201 201 172 127 115 123 97 71 61 51 50 49 42 40 43 43 34 36 35 30 29 28 33 40 67 67 62 63 58 66 55 54 62 61 54 51 41 44 56 59 55 55 51 41 22 50 70 69 68 60 57 37 44 53 56 52 46 37 29 29 31 30 28 23 27 36 49 68 75 62 36 32 38 52 78 81 89 85 89 98 88 91 81 77 63 
207 191 198 204 205 205 203 200 191 215 243 244 243 220 196 192 170 128 110 116 117 90 67 57 51 55 53 45 29 27 29 35 36 33 31 32 35 41 57 65 66 65 63 58 62 55 56 62 61 62 57 52 41 60 67 62 62 57 54 28 40 70 73 67 58 54 47 44 53 54 52 43 35 28 30 30 28 30 28 25 39 55 83 93 83 79 58 40 50 76 91 92 93 95 88 90 88 79 74 69 
209 200 199 204 207 207 205 206 228 228 244 243 240 233 205 166 134 114 108 109 107 87 67 64 61 63 55 50 40 34 31 26 23 26 32 37 40 47 55 61 68 68 62 58 58 56 60 61 64 63 66 62 46 60 66 66 65 63 63 45 28 62 75 69 58 53 49 41 50 51 50 44 35 27 31 30 28 28 30 27 40 52 81 94 82 73 71 57 49 61 92 89 78 84 85 83 84 91 80 86 
210 201 205 206 207 208 206 203 246 240 246 242 240 236 188 133 117 104 100 100 98 86 71 72 68 66 59 60 66 63 59 39 24 25 32 39 41 45 49 55 63 67 59 55 58 58 62 64 66 69 71 69 60 52 66 72 68 64 64 52 28 56 74 79 71 61 54 39 43 48 47 43 32 30 30 31 28 28 30 29 41 48 69 83 78 65 66 55 56 52 74 87 84 85 87 86 90 78 78 80 
209 200 205 206 207 208 206 203 216 188 222 242 240 209 158 118 110 96 95 100 98 86 81 83 77 69 63 72 81 80 83 55 27 26 39 41 45 47 47 55 57 63 58 54 55 59 62 64 67 73 78 77 68 52 61 75 74 70 65 58 44 50 74 83 75 63 53 37 37 43 44 42 36 29 30 30 29 28 28 29 41 41 53 68 69 53 55 50 46 46 56 90 93 92 89 81 79 81 85 87 
208 199 204 206 207 209 207 203 201 185 192 241 233 165 138 114 104 96 97 103 94 86 87 82 78 70 67 74 83 84 83 54 29 36 45 46 50 57 60 61 61 58 57 54 57 59 60 65 66 71 77 80 71 58 51 71 70 69 71 62 53 42 70 87 86 67 53 43 37 43 41 38 34 29 27 29 29 27 28 29 40 39 42 55 57 52 48 43 39 42 46 68 84 86 91 94 83 94 87 73 
204 199 204 205 208 209 208 205 203 193 178 237 215 146 123 106 102 98 99 101 91 86 91 75 77 72 73 73 77 74 68 49 42 58 53 45 54 58 73 70 66 63 57 55 59 57 59 61 60 70 76 76 70 62 50 77 86 69 69 64 56 51 64 84 86 73 57 50 38 42 41 35 33 35 26 30 30 27 30 27 39 38 37 40 45 44 42 41 38 42 46 53 102 92 79 78 85 85 77 88 
199 197 203 205 209 208 209 206 204 198 169 230 186 141 117 99 98 100 102 99 89 85 87 73 74 75 75 75 68 66 68 55 42 57 71 50 63 49 65 75 73 68 60 58 52 55 57 59 58 67 69 71 70 64 54 66 83 73 86 86 60 62 60 82 89 78 59 53 41 38 41 33 36 32 27 30 29 27 30 28 38 38 39 34 33 35 37 37 39 43 46 42 84 90 81 90 83 81 76 105 
194 195 203 207 209 208 210 207 205 200 177 201 164 131 108 97 96 98 104 97 88 84 85 72 71 75 79 77 59 56 62 48 32 42 68 60 64 44 58 74 68 69 72 66 53 53 53 54 55 64 69 62 69 69 62 57 69 111 170 121 72 53 47 81 90 81 66 57 50 35 37 37 38 34 28 32 31 29 32 29 38 38 40 39 36 21 24 32 39 42 45 43 83 90 90 99 92 83 81 91 
188 192 203 207 210 210 211 208 206 203 192 183 150 128 102 96 97 98 95 98 91 80 78 73 72 74 77 75 58 53 54 32 25 37 51 68 67 46 57 64 60 64 74 80 69 55 52 48 53 64 63 69 69 68 67 61 57 85 151 125 72 42 40 70 91 82 70 61 58 43 33 39 39 40 33 34 34 31 32 30 38 39 39 43 45 37 17 21 32 36 37 40 87 85 92 88 76 86 84 75 
185 189 201 207 211 211 210 207 207 203 200 183 141 119 104 100 99 104 91 91 87 83 77 69 70 74 77 70 61 52 45 30 25 37 41 63 73 51 57 58 60 63 67 80 88 73 51 44 46 54 61 64 68 73 71 67 63 89 91 56 51 58 57 52 88 83 76 65 61 52 36 37 41 41 39 36 36 31 30 30 40 39 41 46 51 51 34 20 28 28 33 41 77 79 90 75 78 85 72 88 
184 184 200 207 210 211 210 209 208 205 202 177 135 112 106 103 100 106 94 90 83 80 72 69 67 71 71 65 64 50 40 29 23 37 35 59 66 51 54 58 63 61 70 75 80 80 58 43 48 55 65 69 68 74 74 66 69 67 68 67 70 69 63 59 76 87 78 70 65 56 47 35 40 41 43 38 38 33 30 31 39 40 44 47 52 55 47 27 28 30 31 43 89 84 78 78 78 91 66 76 
192 182 198 205 210 212 212 209 208 207 199 169 125 113 107 105 101 98 87 84 83 80 67 65 63 66 68 63 69 53 36 25 21 35 38 52 46 52 57 61 64 64 76 76 82 77 71 49 46 58 64 65 66 71 70 67 70 66 85 78 75 76 69 71 67 84 82 74 68 55 49 43 38 45 42 40 39 35 30 30 35 39 46 49 54 56 51 40 30 29 37 50 85 79 76 77 77 72 77 90 
207 177 195 203 210 212 213 212 210 209 194 151 120 111 112 105 100 96 91 81 74 74 67 61 59 65 67 65 69 56 36 29 31 33 39 42 48 60 63 63 66 63 75 67 81 84 74 58 49 60 67 66 66 63 69 69 68 64 80 81 74 77 71 71 71 86 84 79 69 59 48 51 36 44 44 44 38 33 32 28 33 40 45 51 54 56 52 45 36 30 34 48 81 77 85 85 79 79 75 73 
224 179 192 202 210 212 214 214 212 210 187 132 123 117 111 111 99 94 88 83 75 69 63 56 56 59 65 69 67 59 38 31 35 40 42 46 57 62 62 59 64 61 74 64 74 80 80 63 51 58 64 62 61 62 67 68 69 58 76 85 79 78 74 68 67 90 85 88 86 66 52 45 37 40 46 46 40 33 34 25 32 42 47 55 57 61 56 47 42 38 33 39 72 82 97 82 78 88 75 73 
233 185 188 201 209 212 214 214 214 212 181 122 110 116 114 111 100 90 89 84 74 67 59 52 52 53 57 61 56 46 34 35 43 46 44 53 58 57 59 62 57 62 65 60 67 75 73 66 54 58 64 60 57 59 66 67 68 59 67 84 83 79 75 69 65 85 85 83 83 63 52 44 49 36 43 48 38 31 33 23 33 44 51 54 59 61 56 51 46 38 34 38 72 93 82 72 77 86 81 85 
239 199 184 199 208 212 215 215 213 213 191 133 116 123 110 100 99 94 86 77 70 66 56 51 51 50 49 45 42 38 32 36 46 45 49 60 51 49 57 64 52 58 59 52 57 64 59 61 53 58 61 56 54 57 63 66 65 62 56 81 83 85 78 71 68 81 82 81 77 60 46 39 50 38 39 44 36 33 24 16 33 46 52 55 57 53 49 47 43 37 28 38 59 89 94 83 76 83 93 91 
241 213 181 196 207 212 215 215 215 215 202 134 120 119 114 106 95 88 85 77 69 63 52 50 48 49 46 40 36 37 32 34 46 43 52 58 45 52 51 58 48 53 56 49 50 50 51 56 53 61 66 63 57 60 61 64 67 61 62 80 84 85 82 72 72 76 77 76 69 52 40 38 46 45 34 41 34 24 19 20 33 47 49 50 50 53 52 51 40 38 36 40 41 66 78 76 88 91 81 86 
227 225 183 195 206 211 215 215 214 214 206 137 109 115 110 93 86 84 77 71 66 61 56 51 48 45 43 38 34 31 33 35 41 43 57 51 46 56 54 54 48 42 51 48 50 47 47 49 50 64 68 66 57 56 59 61 65 63 62 78 81 82 83 76 71 72 72 71 62 44 36 37 43 44 36 34 28 22 18 18 32 45 45 58 59 59 60 62 48 47 46 46 36 49 74 69 90 95 79 71 
196 234 191 191 204 210 215 216 216 214 207 140 117 116 111 97 89 80 70 66 62 59 50 48 45 42 41 36 33 32 36 37 44 48 58 50 52 55 55 58 54 47 42 51 48 42 43 45 51 67 73 71 63 55 56 59 70 61 63 74 81 83 83 78 67 67 66 63 56 40 37 39 37 38 39 27 25 23 20 18 34 41 50 74 78 67 63 61 56 46 47 50 38 39 74 79 92 88 82 78 
164 238 203 188 203 209 214 216 216 216 212 146 125 118 104 89 90 75 66 62 61 56 51 47 40 37 41 38 38 35 38 44 50 56 62 56 55 45 55 58 54 43 27 41 45 38 39 42 43 59 71 71 54 53 58 65 69 62 63 72 76 78 79 76 65 62 57 57 50 39 42 44 39 37 41 24 22 27 24 19 32 41 53 82 82 66 65 59 56 43 46 43 37 37 60 67 71 74 75 72 
123 236 215 184 201 209 213 217 217 217 214 152 128 113 101 94 81 69 67 64 63 61 51 48 43 43 38 37 38 34 35 46 53 60 65 61 55 43 55 54 50 40 19 25 29 38 43 38 42 37 39 49 50 51 57 64 62 57 61 65 73 77 74 72 62 55 50 51 46 44 46 44 43 38 40 27 17 26 25 18 32 42 51 74 75 61 58 52 48 37 43 36 37 38 52 62 62 61 59 60 
111 214 226 187 196 206 213 216 218 218 214 149 126 114 100 89 83 78 74 67 66 58 53 50 43 37 35 33 33 30 34 46 53 59 64 64 52 45 55 54 52 38 21 21 20 35 43 43 43 44 29 31 41 47 51 56 65 62 55 52 63 69 66 63 55 46 44 47 47 49 48 47 46 41 38 34 14 25 34 23 35 47 54 55 65 53 54 48 39 36 36 38 41 38 50 59 67 64 56 52 
109 180 232 194 193 203 211 215 218 219 216 148 127 110 100 94 82 86 80 74 67 60 55 49 43 37 33 32 30 32 36 44 50 53 55 60 50 49 57 53 50 38 21 17 20 35 39 44 44 47 36 37 35 44 54 70 72 69 69 62 57 61 58 55 51 43 44 46 48 52 51 52 47 44 39 38 16 22 32 29 34 53 59 45 48 49 47 41 32 31 35 39 42 34 50 80 86 91 79 75 
116 144 236 207 193 200 211 217 218 219 217 155 127 117 105 91 90 81 77 68 62 58 54 50 43 40 35 30 31 36 36 44 48 53 50 51 50 54 60 57 44 35 22 17 22 38 38 47 45 46 46 49 55 65 73 76 75 70 72 64 73 60 57 49 48 46 46 48 50 49 51 54 47 43 41 37 23 21 23 36 36 57 63 55 42 33 33 29 23 28 37 40 43 34 37 75 88 96 76 72 
121 121 227 225 209 217 231 231 231 227 225 163 123 113 104 94 93 84 71 64 62 61 57 51 47 42 36 31 33 34 37 41 45 49 49 50 56 58 60 58 44 31 19 19 29 39 44 50 45 44 53 60 71 75 74 75 78 78 76 83 69 58 70 60 46 44 46 47 49 48 49 50 44 44 42 37 29 19 18 22 40 62 65 65 52 47 43 41 39 33 37 42 43 34 37 73 84 88 73 85 
134 120 198 227 211 241 252 252 253 252 229 157 127 117 107 101 94 85 70 69 65 61 55 54 51 47 44 40 34 31 33 42 43 48 51 51 61 63 62 61 47 25 16 20 32 40 44 45 43 51 54 65 70 76 76 73 81 82 82 78 72 59 60 70 50 48 48 50 49 49 52 50 48 44 38 38 34 15 14 14 42 60 67 65 56 56 56 54 43 41 37 39 42 40 34 79 85 78 76 80 
134 110 156 233 233 237 253 253 253 252 229 166 126 118 115 105 96 87 73 68 65 64 64 61 60 62 64 57 41 32 31 41 45 46 53 52 62 63 60 57 51 27 26 31 39 40 40 42 43 51 57 66 65 73 73 79 80 78 71 68 63 56 56 60 51 48 48 48 50 53 51 52 48 44 38 35 35 17 13 14 44 61 64 62 57 56 65 62 46 39 35 36 43 45 29 77 83 77 80 66 
103 92 118 236 246 233 252 253 253 253 235 171 136 119 111 107 100 87 76 67 65 65 68 69 65 61 64 60 52 35 31 39 44 47 54 54 58 58 59 46 38 34 41 46 45 40 37 37 40 49 56 59 65 66 71 77 71 67 66 64 60 55 47 45 41 44 49 49 50 51 51 53 51 46 40 37 38 20 14 16 47 58 62 62 61 61 70 76 61 37 37 39 45 47 31 65 75 81 76 77 
86 86 90 221 248 232 253 254 254 253 245 182 139 122 118 112 100 89 78 73 64 67 69 69 64 63 65 64 47 30 26 31 43 47 56 57 54 67 69 47 47 47 48 46 46 45 40 35 39 46 57 57 61 66 69 70 70 68 64 62 57 55 54 56 47 42 49 52 52 52 54 56 50 47 41 40 41 31 18 17 46 55 62 63 62 64 70 75 76 51 40 43 51 49 37 50 77 84 72 80 
80 76 86 186 247 231 253 254 254 253 251 198 150 128 109 112 106 94 83 73 72 71 73 68 66 65 65 57 40 23 25 25 38 45 56 60 58 74 63 57 62 55 47 46 49 46 43 38 41 47 54 55 59 63 67 68 66 71 66 60 58 54 47 50 57 49 53 54 55 53 55 54 53 48 41 42 41 41 21 18 43 52 65 65 60 64 68 69 71 73 58 45 50 50 42 47 78 78 77 79 
80 80 81 144 246 235 253 255 254 253 252 223 155 132 117 109 111 99 83 76 74 70 70 72 64 66 61 45 34 22 20 24 32 42 49 60 63 65 59 58 65 62 52 54 58 51 45 39 44 47 50 51 54 60 62 65 68 65 60 55 55 49 42 46 53 46 52 55 55 54 53 54 51 49 43 46 41 49 36 19 37 50 65 69 65 62 70 72 71 68 68 69 64 49 40 39 71 79 82 75 
89 88 78 110 241 235 252 255 254 253 254 248 175 146 119 103 115 105 90 79 73 73 68 70 69 60 57 50 37 22 18 27 31 43 45 56 63 62 64 66 72 63 59 65 63 57 58 46 42 49 48 51 53 58 64 65 62 63 61 54 51 48 43 49 45 46 51 50 50 47 48 52 50 50 48 51 40 52 49 25 30 43 63 70 72 63 63 66 75 68 66 65 74 62 40 36 70 74 82 73 
107 103 83 98 220 231 239 248 250 251 251 252 208 154 120 106 98 103 93 79 77 70 65 71 72 62 63 52 38 27 22 26 32 50 49 48 54 63 66 72 80 67 70 74 70 67 64 53 49 50 54 53 54 53 59 62 59 55 57 54 50 41 44 51 45 47 48 50 51 47 47 48 44 49 51 57 43 51 50 42 24 33 59 74 72 63 60 55 73 66 71 65 71 69 48 31 50 66 77 75 
101 104 95 93 180 222 123 154 182 170 210 212 217 159 134 110 97 89 97 78 82 71 66 71 69 72 71 57 49 25 26 29 45 55 49 42 47 58 63 76 83 77 82 79 77 76 61 58 54 51 56 54 54 54 58 62 58 57 57 53 44 34 41 50 46 46 47 50 48 51 49 47 48 49 53 54 51 52 53 55 34 24 48 78 70 66 63 52 77 72 69 64 68 68 53 31 37 54 62 67 
108 117 117 92 139 225 106 122 151 143 153 161 194 169 147 115 97 83 76 73 78 76 61 74 71 76 75 61 56 28 35 47 46 57 43 40 47 52 64 70 76 82 86 85 80 72 60 66 61 54 59 56 54 54 61 62 61 56 53 50 42 34 48 56 53 50 50 52 52 49 49 49 52 48 54 48 52 53 57 60 48 25 33 78 76 67 65 73 94 92 75 63 77 74 50 35 38 48 53 68 
114 96 92 96 103 144 100 109 150 150 149 160 183 176 146 125 95 77 60 62 65 71 65 71 70 80 75 57 39 38 48 43 42 52 35 42 50 55 62 67 71 77 85 87 74 64 70 62 63 58 57 56 54 54 59 61 60 54 51 47 50 52 61 53 54 55 54 55 50 52 48 51 46 47 52 51 57 58 60 65 59 38 23 74 87 65 67 75 96 90 64 66 81 78 48 45 38 48 45 49 
115 92 88 97 87 89 98 112 137 123 164 215 190 183 157 135 99 68 59 52 51 58 58 68 64 66 73 54 32 31 39 38 45 43 37 48 55 59 65 74 77 87 91 90 79 71 67 72 71 61 58 55 55 56 64 60 60 65 66 75 76 67 51 51 50 55 58 56 53 48 50 53 43 48 53 60 58 64 65 66 65 50 29 55 89 61 68 56 70 66 79 71 86 71 49 48 41 46 40 39 
111 92 94 96 93 88 98 103 120 102 172 218 197 180 172 139 99 78 65 59 52 46 44 45 50 51 57 44 27 22 34 40 39 42 49 59 61 67 73 82 79 60 80 107 116 102 89 81 76 66 59 57 62 59 65 71 70 79 79 64 60 53 51 50 50 52 56 59 55 49 52 49 46 51 57 58 63 71 64 66 66 59 42 40 58 60 77 62 64 69 69 57 67 57 49 45 43 44 38 33 
133 99 89 98 106 93 107 125 114 105 127 107 154 175 182 163 120 88 76 66 52 44 43 32 35 35 37 33 25 26 31 38 42 49 58 62 65 74 74 65 64 53 83 121 133 132 107 94 92 73 65 59 58 59 58 71 76 69 69 62 59 59 54 54 50 52 57 60 53 56 54 48 45 59 57 57 61 76 69 67 68 60 51 33 26 25 37 42 38 34 31 35 40 42 42 47 47 48 43 35 
128 103 112 100 112 109 125 127 120 127 126 114 128 173 181 181 156 118 78 63 59 51 45 38 30 24 24 24 23 28 38 43 50 53 61 70 77 80 75 71 61 60 97 117 146 144 136 110 109 102 72 65 63 51 52 65 70 76 77 72 68 67 63 58 55 52 55 57 56 59 52 50 50 57 54 56 65 75 70 72 65 59 56 42 30 23 19 16 17 24 29 35 38 39 43 48 51 50 46 40 
115 81 133 113 114 132 145 143 141 136 138 138 105 164 179 174 192 162 112 89 78 70 53 44 41 37 30 25 23 26 37 50 59 69 77 95 94 76 80 81 54 78 97 122 145 140 140 126 122 113 98 74 74 58 64 83 82 83 85 76 71 73 72 69 60 57 55 58 55 55 52 55 53 55 48 55 68 70 68 69 61 61 61 50 33 25 25 21 20 17 25 34 41 45 45 48 52 52 48 45 
98 91 118 121 130 159 156 159 157 147 145 139 98 150 176 177 201 235 158 121 104 99 84 68 53 46 41 31 32 36 48 60 62 74 82 90 93 87 91 78 59 87 115 120 126 143 138 135 122 105 103 95 81 67 81 89 96 97 100 85 78 74 76 75 67 66 60 57 59 51 58 54 55 53 50 61 63 70 68 65 58 61 64 53 34 30 27 28 22 26 48 72 69 62 51 51 51 53 48 45 
85 104 157 129 131 143 144 134 129 134 116 109 95 124 164 182 235 249 219 139 104 105 90 77 65 66 55 45 32 33 49 63 67 86 89 93 99 102 98 86 67 97 131 132 113 117 126 124 129 108 109 95 95 113 109 98 97 110 105 108 91 85 80 76 71 70 64 60 58 59 59 53 59 54 53 60 58 68 67 57 55 62 67 50 43 37 27 31 28 26 32 66 73 68 70 66 56 52 48 48 
115 134 163 138 133 115 133 110 99 105 90 88 91 91 104 119 183 208 222 170 121 76 86 57 57 55 56 55 44 33 37 40 73 107 102 111 114 116 109 93 83 108 134 140 128 102 118 110 103 116 109 89 101 114 115 119 121 119 112 119 111 95 90 85 73 74 72 63 60 64 57 54 62 55 52 58 64 66 64 53 59 60 62 52 54 43 34 35 36 32 25 32 54 64 73 84 74 59 50 49 
130 113 167 118 115 102 131 145 118 137 131 143 101 62 63 108 140 152 126 129 142 103 66 80 62 50 52 62 59 42 36 37 33 92 124 136 130 129 122 102 109 110 148 136 138 105 105 104 77 106 116 93 108 110 108 108 117 119 122 116 120 109 100 87 78 71 72 65 66 61 55 53 58 52 58 58 66 61 56 54 56 60 56 59 61 46 42 39 34 33 30 25 28 47 60 73 87 72 54 49 
128 91 135 119 122 111 121 127 114 117 123 151 72 44 38 82 158 171 156 109 155 133 78 62 66 52 42 46 59 56 45 30 40 88 152 160 157 150 133 124 138 127 144 146 123 122 114 103 91 88 109 101 107 109 102 102 103 105 121 123 123 127 113 93 84 71 73 78 68 58 59 57 57 53 58 60 59 57 56 55 56 52 55 61 63 52 44 41 36 35 37 31 27 31 49 60 72 80 64 48 
151 107 116 113 123 129 130 122 121 119 102 79 53 43 41 53 142 149 161 175 166 158 103 65 61 48 36 43 48 56 51 34 91 149 158 164 166 157 152 139 145 139 141 141 121 85 116 99 85 71 108 104 103 107 100 97 102 100 118 125 127 123 124 110 92 78 88 75 65 60 60 56 59 58 55 58 59 62 59 56 53 56 58 63 63 54 49 48 42 38 38 35 30 27 36 46 61 65 63 56 
150 104 97 103 143 153 135 109 101 102 107 69 44 40 49 88 160 177 200 230 199 191 129 87 68 58 39 37 43 47 46 70 158 161 158 162 159 156 157 151 146 139 144 133 111 81 84 92 89 80 114 107 102 109 101 97 101 102 116 121 118 111 110 121 117 113 97 82 72 66 65 62 61 54 59 64 65 64 56 55 52 59 61 67 61 60 58 54 43 44 38 35 32 32 31 37 50 58 61 58 
130 101 101 112 119 122 108 97 98 111 116 100 95 95 95 92 69 70 79 89 104 101 136 112 86 70 55 42 37 40 84 162 165 164 158 153 154 154 153 152 156 151 146 140 127 110 107 119 112 109 108 106 107 108 96 97 105 106 114 121 119 106 96 107 110 113 111 98 81 74 69 61 57 63 64 66 67 57 61 51 55 59 61 69 59 66 63 57 47 40 37 37 36 38 32 28 41 57 55 54 
123 101 102 115 96 101 104 96 87 70 83 80 88 114 135 117 69 79 152 119 156 148 135 123 115 88 84 92 99 139 165 162 160 160 151 153 156 155 150 146 142 134 95 103 122 125 119 118 114 101 108 110 107 109 93 99 105 104 114 116 108 111 101 88 81 105 109 123 103 84 69 60 63 61 62 65 57 62 61 56 58 63 65 64 61 66 63 58 49 44 41 45 42 43 39 33 32 53 62 57 
112 102 95 101 107 118 114 107 87 78 88 104 104 107 128 122 68 85 136 117 152 144 128 126 135 117 70 132 141 156 160 158 157 157 149 146 149 144 141 143 142 131 79 82 109 115 115 110 108 103 107 110 108 108 93 92 101 101 117 111 114 104 106 94 84 100 109 118 122 95 70 70 65 61 64 61 61 66 61 58 62 62 62 60 62 62 61 58 53 51 47 45 38 35 38 36 29 39 58 56 
103 102 110 122 112 109 99 101 100 108 109 143 140 105 112 98 68 65 99 134 169 152 126 120 130 114 63 124 137 151 153 154 152 157 153 153 146 141 137 134 127 126 75 81 111 116 113 111 109 100 109 109 110 107 95 93 99 103 116 112 117 101 100 86 88 101 116 109 116 111 104 74 67 64 65 63 61 63 66 60 64 60 61 65 62 64 70 58 58 55 57 48 44 39 40 41 38 33 48 66 
126 114 139 152 122 98 120 111 100 125 108 127 147 105 106 103 72 60 85 100 147 132 105 108 124 114 69 124 138 149 153 153 151 151 151 147 140 141 139 133 125 119 70 82 116 117 111 107 104 103 108 107 107 102 95 94 101 105 115 111 119 102 91 82 94 102 119 109 105 119 96 82 70 64 68 65 61 65 61 63 66 63 63 63 68 71 64 63 62 63 60 54 43 46 39 41 43 46 44 53 
128 111 142 149 156 121 104 119 110 124 108 103 141 110 117 108 114 83 62 58 62 64 64 75 109 105 64 128 144 151 152 151 142 136 143 147 149 148 146 131 123 123 73 81 117 119 110 108 105 104 110 106 107 101 92 94 103 105 123 116 112 104 95 86 94 100 114 107 94 111 102 89 80 73 68 63 63 65 68 70 69 64 63 63 70 75 61 62 62 63 56 53 47 45 42 44 44 46 46 53 
135 130 134 141 170 153 105 102 110 113 112 112 129 107 113 109 139 114 83 75 74 87 103 88 107 101 67 122 139 140 141 141 136 134 147 148 150 145 150 140 134 129 72 81 119 120 110 109 108 100 108 104 105 101 91 97 99 106 121 117 111 105 96 86 102 106 107 101 90 98 118 108 92 80 75 72 74 69 74 68 62 57 63 68 70 68 65 66 65 63 60 58 54 52 53 49 46 46 43 38 
