255 255 255 255 255 255 255 255 255 255 255 255 255 255 255 255 255 255 255 255 255 255 255 255 255 255 255 255 255 255 253 252 253 253 253 252 253 251 252 251 247 236 229 214 192 192 193 199 196 155 117 123 151 142 147 158 183 198 215 238 249 250 250 252 252 251 252 253 253 253 255 255 255 255 255 255 255 255 255 255 255 255 255 255 255 255 255 255 255 255 255 255 255 255 255 255 255 255 255 255 
255 255 255 255 255 255 255 255 255 255 255 255 255 255 255 255 255 255 255 255 255 255 255 255 255 255 255 255 255 255 254 253 253 253 253 252 247 234 213 172 174 182 187 188 177 160 179 196 203 164 106 106 131 117 116 117 124 117 120 130 134 167 196 228 247 250 250 250 252 252 255 255 255 255 255 255 255 255 255 255 255 255 255 255 255 255 255 255 255 255 255 255 255 255 255 255 255 255 255 255 
255 255 255 255 255 255 255 255 255 255 255 255 255 255 255 255 255 255 255 255 255 255 255 255 255 255 255 255 255 255 254 253 251 242 227 199 180 196 179 151 180 186 184 178 182 165 182 195 204 182 113 110 132 119 124 124 123 113 118 138 117 121 123 121 154 183 219 246 252 252 254 254 255 255 255 255 255 255 255 255 255 255 255 255 255 255 255 255 255 255 255 255 255 255 255 255 255 255 255 255 
255 255 255 255 255 255 255 255 255 255 255 255 255 255 255 255 255 255 255 255 255 255 255 255 255 255 252 254 253 251 250 234 205 188 198 175 188 192 166 157 187 187 181 177 174 161 175 193 204 189 119 101 134 120 125 128 122 119 119 140 110 121 119 111 137 119 115 135 179 232 251 251 251 252 254 255 255 255 255 255 255 255 255 255 255 255 255 255 255 255 255 255 255 255 255 255 255 255 255 255 
255 255 255 255 255 255 255 255 255 255 255 255 255 255 255 255 255 255 255 255 255 255 255 255 255 254 253 253 246 222 208 192 185 196 182 178 181 189 186 171 191 188 187 183 161 145 157 180 196 190 157 124 128 118 114 117 119 124 124 151 127 130 113 131 132 112 118 113 117 123 166 223 250 251 254 255 255 255 255 255 255 255 255 255 255 255 255 255 255 255 255 255 255 255 255 255 255 255 255 255 
255 255 255 255 255 255 255 255 255 255 255 255 255 255 255 255 255 255 255 255 255 255 255 255 254 253 247 208 171 158 178 182 188 192 181 175 174 179 183 174 176 167 191 165 171 164 149 181 191 196 192 144 122 118 122 106 122 122 119 163 129 122 123 133 120 113 129 133 122 129 130 126 166 228 252 250 254 254 255 255 255 255 255 255 255 255 255 255 255 255 255 255 255 255 255 255 255 255 255 255 
255 255 255 255 255 255 255 255 255 255 255 255 255 255 255 255 255 254 253 254 254 254 253 252 248 208 174 159 152 146 147 171 195 194 178 185 182 191 184 184 204 193 177 163 188 175 160 178 190 166 181 137 122 123 131 111 120 124 127 147 125 120 103 109 103 128 105 131 110 125 127 140 128 90 163 239 250 251 253 253 253 254 253 255 255 255 255 255 255 255 255 255 255 255 255 255 255 255 255 255 
255 255 255 255 255 255 255 255 255 255 255 255 255 255 255 255 255 254 254 254 254 252 252 229 186 149 151 153 159 158 154 146 148 167 179 190 196 202 203 191 193 177 160 183 167 173 158 181 197 165 170 130 126 125 137 106 121 122 135 132 120 154 187 209 212 205 215 167 105 189 218 152 94 187 212 188 211 243 249 251 251 253 253 255 255 255 255 255 255 255 255 255 255 255 255 255 255 255 255 255 
255 255 255 255 255 255 255 255 255 255 255 255 255 255 255 255 255 254 254 253 251 246 205 150 161 166 137 152 154 156 158 151 161 173 180 194 196 197 201 202 193 165 162 191 155 150 161 183 195 165 180 125 127 126 142 111 125 120 135 115 152 195 217 226 220 208 220 179 134 215 206 92 78 98 144 178 171 190 233 248 250 251 253 255 255 255 255 255 255 255 255 255 255 255 255 255 255 255 255 255 
255 255 255 255 255 255 255 255 255 255 255 255 255 255 255 255 255 254 252 252 230 181 176 128 143 163 151 168 158 154 152 142 165 167 189 204 203 203 201 188 157 166 199 174 167 141 162 192 183 171 165 121 128 127 150 126 115 133 115 109 184 207 222 213 209 202 213 178 129 117 114 58 58 84 132 133 146 180 182 214 245 251 253 255 254 254 254 255 255 255 255 255 255 255 255 255 255 255 255 255 
255 255 255 255 255 255 255 255 255 255 255 255 255 255 255 255 255 253 251 204 136 153 169 138 124 155 165 161 160 160 160 159 180 172 198 205 201 194 177 157 164 189 178 172 167 162 171 182 175 189 147 120 130 129 141 128 121 118 150 176 165 185 222 212 178 147 126 111 99 105 73 51 54 70 92 109 168 177 182 182 204 244 251 253 254 254 253 255 255 255 255 255 255 255 255 255 255 255 255 255 
255 255 255 255 255 255 255 255 255 255 255 255 255 255 255 254 253 248 188 148 151 157 158 130 127 148 161 154 150 150 160 161 164 188 201 201 186 159 158 164 175 165 179 174 172 184 183 178 166 167 156 124 127 134 135 127 150 192 217 209 193 164 162 125 95 90 121 121 108 85 51 64 63 66 68 81 161 177 181 184 189 202 240 252 253 254 254 255 255 255 255 255 255 255 255 255 255 255 255 255 
255 255 255 255 255 255 255 255 255 255 255 255 255 255 254 252 243 167 148 153 154 157 141 122 140 145 155 166 164 157 153 151 159 193 197 185 159 180 184 171 179 181 179 180 171 173 191 188 176 153 129 120 126 131 123 138 179 221 230 227 193 123 95 106 106 110 105 90 75 78 63 54 60 63 80 111 167 183 185 183 185 198 230 249 252 253 253 254 255 255 255 255 255 255 255 255 255 255 255 255 
255 255 255 255 255 255 255 255 255 255 255 255 255 253 253 241 169 136 124 155 157 153 134 134 144 146 150 159 170 169 168 152 153 182 182 153 174 193 172 180 195 194 200 188 180 181 195 199 187 175 146 113 124 120 121 149 204 228 233 194 73 52 70 72 74 82 81 80 88 87 79 72 78 105 143 131 168 177 178 180 187 193 227 243 241 248 251 254 255 255 255 255 255 255 255 255 255 255 255 255 
255 255 255 255 255 255 255 255 255 255 255 255 254 251 240 168 151 140 134 132 151 146 127 137 153 162 154 158 167 172 176 175 166 194 183 190 201 198 196 192 194 198 203 198 174 188 193 198 197 189 170 137 116 119 126 149 207 217 185 86 51 52 61 66 61 63 61 64 71 68 72 80 91 107 119 131 167 179 182 183 188 192 225 243 220 227 250 254 255 255 255 255 255 255 255 255 255 255 255 255 
255 255 255 255 255 255 255 255 255 255 255 255 253 240 161 150 149 141 145 124 134 166 157 131 141 151 149 154 158 169 167 168 171 185 180 193 205 207 185 183 193 193 195 175 177 193 188 191 197 155 100 97 82 95 118 129 172 134 71 56 59 73 74 88 102 76 88 84 74 74 72 81 76 78 97 139 167 178 183 184 190 196 227 249 236 201 224 251 254 255 255 254 255 255 255 255 255 255 255 255 
255 255 255 255 255 255 255 255 253 252 253 252 246 176 135 138 140 144 156 143 167 157 149 143 150 161 164 169 175 160 155 160 179 183 163 185 197 202 181 191 200 200 186 181 186 196 188 176 146 82 64 59 55 57 76 93 80 70 70 84 88 113 156 151 178 175 114 73 66 63 93 116 94 79 95 141 168 187 174 186 191 195 214 246 230 195 193 223 249 250 252 251 255 255 255 255 255 255 255 255 
255 255 255 255 255 255 255 255 254 254 251 246 196 153 145 135 133 151 157 154 171 131 149 150 145 159 161 173 174 172 168 161 185 177 172 162 180 176 184 180 174 176 182 192 193 182 157 80 59 55 54 55 53 53 71 74 66 68 73 92 105 130 199 229 238 179 166 107 91 115 158 136 107 81 93 150 165 178 183 183 187 190 211 247 232 196 190 190 235 248 250 253 255 255 255 255 255 255 255 255 
255 255 255 255 255 255 255 255 253 251 250 201 170 154 155 146 140 157 152 166 167 118 154 169 162 152 133 162 176 184 165 175 190 191 179 183 194 208 234 206 195 187 187 171 166 157 90 63 74 71 69 58 57 61 62 57 62 71 88 106 140 169 238 252 248 171 94 96 93 101 119 145 119 79 95 168 167 179 187 186 187 195 211 240 234 198 189 188 196 241 248 253 254 254 255 255 255 255 255 255 
255 255 255 255 255 255 255 255 254 251 219 165 163 151 152 153 145 156 155 177 167 129 158 157 161 168 157 151 159 184 179 179 194 186 176 199 225 229 235 247 227 191 188 203 196 141 85 94 87 80 65 58 59 76 62 62 65 67 75 138 226 248 252 252 252 241 124 90 103 106 98 104 100 81 77 148 164 172 179 184 189 203 220 242 230 196 185 192 189 190 241 250 253 253 254 254 255 255 255 255 
255 255 255 255 255 255 255 255 253 231 171 174 159 155 144 155 151 148 164 186 185 145 155 157 159 158 164 167 156 166 186 185 198 177 186 194 205 203 209 243 227 225 197 205 198 90 86 70 54 48 49 59 51 47 44 47 51 50 51 92 210 252 253 254 253 252 211 113 94 94 109 113 101 87 87 139 159 173 169 182 188 195 206 231 230 193 184 188 185 163 197 249 254 253 254 254 255 255 255 255 
255 255 255 255 255 255 255 254 249 177 151 177 162 151 142 153 150 146 170 185 185 153 158 167 162 159 161 162 171 168 165 165 179 175 192 195 237 209 206 240 182 165 194 204 157 77 77 73 59 59 56 56 51 51 55 57 46 60 64 56 96 174 213 234 249 252 248 186 117 102 107 103 84 73 81 135 155 177 172 183 188 193 203 230 213 186 186 189 185 162 166 227 251 253 254 253 255 255 255 255 
255 255 255 255 254 253 253 251 197 147 151 171 176 148 142 153 137 149 175 193 190 152 154 166 165 158 159 161 162 153 174 187 204 166 214 222 234 229 192 192 144 175 187 188 108 61 70 77 64 52 52 58 61 65 76 68 75 68 92 67 55 54 59 89 109 123 170 217 186 186 127 104 130 145 132 154 156 172 174 183 184 185 200 237 211 194 192 192 188 169 173 194 242 246 252 252 254 255 255 255 
255 255 255 255 253 252 252 234 151 136 140 149 147 136 144 145 136 153 170 185 188 150 159 163 163 161 156 160 160 165 191 191 211 226 207 201 219 238 215 199 194 187 186 123 59 60 64 65 63 71 82 88 92 87 79 68 57 64 65 62 67 60 56 47 45 62 69 77 134 233 234 218 226 229 224 197 171 171 175 184 186 185 194 236 218 195 188 192 192 177 165 189 210 249 252 251 254 255 255 255 
255 255 255 255 253 253 249 190 163 164 163 166 164 146 136 146 141 147 165 190 188 146 158 168 168 165 167 165 163 165 189 195 206 196 231 205 159 171 178 194 186 190 143 60 63 68 60 67 83 101 104 100 111 100 87 70 55 46 63 71 74 62 53 58 63 67 63 66 75 114 241 252 252 253 251 230 178 171 171 172 139 139 203 233 219 195 187 191 191 184 162 189 188 233 250 252 255 255 255 255 
255 255 255 255 252 252 219 165 167 175 173 171 164 142 168 158 145 147 165 191 186 138 161 164 165 159 169 169 162 157 176 184 217 232 186 199 163 163 168 164 161 165 74 51 64 64 64 76 94 105 93 93 103 98 90 81 76 63 56 64 72 73 65 59 66 58 58 60 66 78 210 252 253 253 252 235 174 166 104 89 99 118 189 218 211 196 188 189 195 183 162 187 190 198 246 251 255 255 255 255 
255 255 255 255 253 248 169 162 170 173 174 177 157 165 160 157 132 142 171 195 173 144 163 165 165 158 165 171 163 211 226 242 231 201 205 177 165 145 163 174 184 145 59 61 70 68 80 89 99 91 74 67 70 76 93 94 83 67 67 67 52 59 56 83 77 88 114 126 111 107 191 226 211 241 233 159 112 88 86 101 120 97 120 216 220 195 191 189 191 175 165 188 188 185 221 252 255 255 255 255 
255 255 255 255 253 215 153 171 173 177 180 177 159 162 158 165 137 142 177 194 165 146 158 169 167 158 159 166 155 196 209 203 234 186 183 179 172 164 142 157 182 139 50 62 82 85 68 80 100 96 77 69 58 58 79 90 76 65 73 58 69 82 115 161 117 85 100 139 153 183 109 101 96 141 107 69 62 73 84 90 75 93 135 209 219 193 187 189 187 170 170 188 186 186 195 246 254 255 255 255 
254 254 254 254 248 171 158 170 178 183 186 177 153 167 175 180 146 136 177 187 157 127 139 154 166 166 169 166 159 147 182 214 186 184 176 155 157 161 154 130 166 149 54 60 71 80 93 90 98 129 147 128 113 91 80 68 71 69 91 118 144 173 216 248 224 96 58 86 153 167 74 71 80 79 69 61 71 81 92 83 71 99 144 191 238 203 190 190 187 163 177 184 186 188 185 224 253 253 254 254 
252 253 252 251 214 149 157 173 186 186 183 181 163 183 178 185 172 145 172 188 147 147 130 137 159 159 156 166 158 151 159 162 164 168 164 161 163 152 150 156 165 188 96 61 63 72 94 98 99 97 91 95 97 94 87 89 75 73 79 56 77 92 152 201 185 104 85 97 139 154 66 69 72 73 85 85 78 68 73 74 75 79 104 134 215 198 191 190 185 161 183 186 189 188 186 196 247 249 251 252 
253 254 253 249 176 160 163 182 185 186 184 176 187 197 191 192 195 201 189 178 166 189 168 151 149 159 158 166 164 166 176 168 171 170 181 178 171 151 164 158 164 177 168 64 54 67 83 92 96 105 98 109 121 109 96 85 69 62 62 63 58 53 65 89 76 82 117 143 126 86 54 59 66 76 89 86 73 67 75 81 83 101 105 102 196 195 189 187 183 154 186 188 188 188 186 183 227 250 252 253 
253 254 252 234 161 154 163 189 188 184 181 183 197 197 201 193 191 194 178 155 184 170 179 155 157 153 161 164 161 170 187 178 182 170 176 179 168 157 163 173 180 189 185 97 50 52 62 84 92 99 105 106 125 112 101 76 64 48 54 65 65 63 61 57 62 67 78 76 68 52 59 57 70 83 93 108 109 120 117 105 91 102 126 182 206 193 187 188 183 153 187 188 188 188 188 184 201 250 251 253 
253 254 251 209 174 152 158 184 187 187 173 190 192 198 200 204 202 189 156 172 181 163 179 173 145 154 162 162 150 157 161 159 172 176 165 174 149 162 173 183 189 188 187 131 55 48 47 54 65 62 64 73 75 85 80 59 53 63 60 59 48 41 44 48 61 57 62 57 54 75 73 86 89 80 103 128 162 197 193 188 189 191 198 212 204 190 189 188 184 151 186 188 188 187 188 186 187 237 252 251 
253 253 247 186 174 157 160 186 187 184 167 193 201 201 200 200 192 162 168 195 171 159 179 182 154 145 147 139 110 99 94 97 108 120 128 124 124 158 180 187 187 186 193 160 61 71 66 47 46 50 51 53 52 61 60 61 65 63 59 49 52 61 69 76 81 89 84 90 102 99 67 68 80 95 126 158 226 208 188 190 189 189 196 210 202 191 188 186 185 150 188 188 188 188 188 186 186 216 252 252 
253 251 225 169 160 161 155 177 191 174 180 200 205 201 196 185 157 156 213 231 198 163 165 168 165 136 132 103 84 84 83 78 78 95 111 132 151 160 163 177 191 178 149 112 69 50 63 45 48 54 61 73 81 96 98 83 73 81 68 81 104 114 102 101 128 135 136 140 126 104 86 80 100 102 122 189 232 221 195 191 189 191 198 208 201 190 189 186 184 151 189 187 188 188 187 187 183 196 248 249 
251 249 184 150 143 162 152 177 182 172 191 203 203 183 167 149 166 204 204 222 249 230 183 159 161 99 72 62 57 59 63 71 76 81 85 106 105 107 97 105 121 100 82 84 84 60 43 49 55 56 56 54 64 75 133 136 124 108 89 84 91 93 96 96 111 100 97 105 98 77 75 77 77 72 122 222 238 205 188 189 187 191 198 205 199 189 189 186 182 149 188 188 187 187 186 186 182 185 238 250 
252 245 158 156 162 152 146 175 176 180 204 200 181 156 175 178 174 204 207 187 207 225 223 199 130 57 59 69 71 70 69 74 73 66 66 76 85 76 76 89 81 70 57 64 78 98 98 106 104 131 148 141 102 71 103 136 153 148 143 134 120 97 91 94 82 86 85 79 88 97 92 72 66 63 106 155 125 170 182 188 189 190 194 200 197 190 191 187 182 153 185 187 185 185 185 185 183 183 218 253 
253 232 170 163 177 158 146 176 168 191 199 180 151 182 196 164 179 204 206 186 202 230 202 189 95 84 81 65 59 74 63 62 60 64 73 82 84 76 75 73 71 62 73 79 83 105 122 132 162 194 218 219 210 181 130 123 123 126 138 194 231 177 117 96 94 96 99 100 99 109 116 107 95 95 103 97 124 172 182 187 189 188 190 198 194 189 190 184 180 155 184 189 185 185 185 184 183 183 198 250 
251 216 174 173 180 156 150 162 167 199 192 156 162 196 173 163 202 236 241 244 211 204 179 119 86 84 58 58 64 62 61 60 66 59 51 52 65 73 65 57 50 43 46 48 59 70 97 128 162 242 252 252 251 249 225 196 209 214 232 246 217 170 142 122 112 106 102 103 106 91 75 76 94 101 83 75 117 174 183 185 188 189 192 195 193 190 190 183 178 153 186 186 185 185 183 183 183 181 185 245 
251 193 150 165 165 160 148 159 179 197 180 161 188 181 145 171 197 220 206 231 197 169 157 98 84 65 63 64 72 78 85 82 91 90 75 63 76 80 90 79 62 47 50 57 63 66 66 72 160 243 253 253 254 255 253 252 251 251 251 250 243 220 210 193 181 199 195 170 123 86 70 64 77 82 81 74 117 178 182 189 187 191 195 192 191 191 190 182 177 158 184 183 184 183 181 182 181 178 177 234 
249 169 156 170 173 166 153 158 179 195 178 187 188 141 168 225 232 205 205 184 160 171 165 90 92 87 72 71 80 82 93 102 92 75 45 44 58 78 80 68 55 61 63 54 53 57 70 75 155 241 252 254 254 254 254 253 253 254 252 247 219 193 214 248 250 252 250 219 157 99 80 71 67 66 73 88 117 177 181 189 189 192 196 193 190 191 190 182 175 163 185 183 184 174 179 182 180 177 174 216 
241 162 156 158 160 159 154 152 159 181 187 181 148 142 227 232 219 236 169 166 167 180 157 90 91 84 84 97 108 112 130 134 121 107 76 68 57 56 71 63 60 60 69 68 91 113 128 120 200 205 250 253 253 253 253 253 254 254 250 199 151 147 164 224 248 250 251 220 144 92 88 79 66 58 64 74 118 170 181 192 189 189 196 193 190 188 186 182 174 168 186 182 185 182 185 183 178 176 165 193 
226 159 163 156 138 127 123 138 154 171 170 158 161 191 205 177 216 203 168 173 176 177 108 86 88 89 101 120 130 141 138 130 117 104 82 71 64 62 58 58 67 119 103 78 87 150 187 162 194 221 238 253 253 253 252 253 252 247 215 168 155 147 141 162 230 251 251 214 141 102 102 96 77 69 76 86 133 178 182 188 188 192 170 154 152 155 157 186 168 163 185 185 185 184 181 179 176 172 158 190 
201 152 163 158 162 158 155 142 155 169 163 160 227 199 202 222 168 160 167 177 179 157 83 83 87 90 102 115 135 140 121 110 120 121 104 83 69 59 58 86 158 223 154 97 78 56 120 168 136 226 227 252 252 239 233 230 225 208 188 179 182 171 172 225 247 252 253 240 205 190 182 160 126 95 95 107 167 179 186 187 192 131 142 153 150 149 144 151 162 163 180 186 184 184 182 179 178 161 163 184 
173 126 157 161 166 170 169 155 144 166 176 190 236 229 223 212 189 213 164 174 171 121 87 92 88 86 84 105 117 116 128 131 133 129 108 83 92 105 123 152 188 142 147 100 59 41 76 107 168 230 231 252 251 221 186 183 183 196 235 247 235 232 235 250 251 253 254 252 237 222 204 150 131 132 90 100 145 178 183 180 188 125 168 161 165 172 154 146 160 173 173 186 184 183 180 177 168 162 166 174 
148 110 142 155 165 169 159 147 146 166 226 232 235 212 208 222 217 174 165 166 145 109 82 85 86 80 82 110 168 197 199 193 175 145 115 83 65 66 66 63 62 65 69 47 42 64 76 69 94 198 244 251 253 235 185 172 169 177 222 251 252 253 253 251 248 247 242 226 176 140 119 96 106 104 118 149 147 179 187 186 186 154 144 160 166 181 159 157 156 175 176 177 185 181 179 173 162 160 166 162 
133 94 128 151 159 164 159 145 151 181 234 206 214 214 165 156 164 164 169 155 127 130 82 94 104 99 110 138 170 176 176 165 145 115 105 90 79 73 66 53 55 45 47 45 48 43 48 44 59 98 213 252 253 246 205 196 203 189 218 249 249 234 205 174 155 147 138 121 117 120 123 122 102 116 144 130 135 160 199 190 189 194 177 157 146 159 156 180 159 181 178 182 177 179 176 164 165 158 162 155 
119 98 98 116 120 147 162 160 218 229 199 217 219 160 160 159 158 166 165 144 133 153 106 89 93 94 110 124 129 127 114 124 115 113 115 101 79 65 63 67 59 58 54 52 54 45 50 57 60 125 205 252 253 248 226 170 125 126 173 227 218 162 142 122 109 107 108 105 107 110 103 108 111 112 108 128 150 182 195 192 190 193 194 190 190 187 180 180 160 180 176 186 177 176 164 164 160 157 161 163 
114 99 97 96 88 107 132 208 218 191 214 213 162 136 141 147 153 157 144 146 143 146 153 92 84 90 100 108 121 140 142 132 130 119 114 95 68 49 59 72 61 50 44 43 49 54 59 67 107 131 190 245 237 203 166 129 115 123 152 176 181 164 129 103 99 95 98 93 101 110 101 102 105 97 108 120 169 208 205 195 189 193 195 193 189 189 183 181 163 183 174 183 176 167 157 156 155 162 165 166 
103 96 97 96 95 104 119 135 196 227 175 163 171 161 152 158 154 147 161 151 148 139 160 154 92 88 92 100 105 119 128 126 119 109 91 61 49 65 57 59 52 54 55 62 58 67 92 102 124 141 173 207 192 168 166 145 138 156 161 141 120 102 99 92 100 111 112 102 114 107 96 93 104 107 112 139 200 228 205 193 189 195 193 189 190 189 181 170 172 182 172 181 168 171 161 153 154 161 167 169 
104 101 93 93 95 106 105 125 122 153 166 162 162 155 147 152 154 156 172 179 160 147 152 175 147 86 88 82 77 83 78 76 82 76 66 75 73 53 44 45 65 89 88 76 72 74 95 94 92 116 128 143 140 132 132 135 140 135 120 106 103 109 108 104 120 140 142 136 140 144 127 112 113 113 115 126 141 173 192 192 199 200 194 183 184 185 178 164 180 181 174 173 165 169 168 154 154 163 169 176 
115 100 95 92 95 100 92 126 136 139 131 150 173 172 171 169 172 183 188 190 180 161 147 177 168 104 94 86 65 61 57 58 60 58 59 58 58 69 76 94 100 108 130 112 89 88 76 66 70 83 80 87 97 103 123 133 134 127 117 107 108 118 131 131 135 148 144 128 105 105 112 115 126 113 111 101 96 116 122 136 144 153 141 131 84 96 153 161 184 179 170 167 172 167 163 156 150 160 165 164 
122 100 91 99 105 95 107 120 134 136 123 124 144 155 166 178 187 184 192 198 186 172 154 179 172 117 106 84 66 49 46 47 58 55 58 63 72 81 85 105 104 102 134 120 104 93 77 70 69 73 73 73 73 79 79 81 97 112 109 116 117 114 120 114 106 108 84 54 43 46 44 44 54 87 108 110 122 152 161 180 172 181 195 158 151 125 135 151 183 174 166 171 167 166 163 155 149 157 166 178 
137 96 92 98 100 92 111 110 126 120 119 119 125 136 145 146 167 177 187 194 198 183 157 175 160 121 116 76 54 51 52 53 52 53 54 62 65 65 72 71 85 89 109 95 75 74 76 80 75 81 80 92 90 97 91 90 86 82 78 74 81 92 96 90 99 107 90 84 67 48 46 47 44 45 72 97 147 132 138 162 180 200 161 155 131 123 162 162 181 164 171 171 166 162 160 154 150 159 174 172 
155 102 93 100 99 96 108 107 111 123 118 117 127 141 153 140 153 161 155 169 172 157 166 178 136 90 80 76 70 60 57 58 64 65 63 60 64 63 60 55 69 67 66 76 83 81 89 83 82 87 99 104 107 111 106 109 101 91 93 108 104 96 99 111 118 116 120 115 102 90 56 43 48 45 68 112 181 148 158 163 157 162 139 118 200 195 158 166 178 165 169 166 162 161 160 152 153 163 169 173 
177 108 95 100 97 102 112 106 104 120 125 117 126 150 158 142 150 174 204 166 147 167 187 169 108 93 75 54 49 48 47 50 53 56 52 49 57 57 58 49 60 65 69 64 57 64 84 86 82 81 80 77 84 105 121 112 121 119 113 114 111 110 121 108 101 77 84 110 124 113 106 68 46 47 87 121 183 157 146 150 162 117 129 184 190 188 171 171 168 168 164 161 161 159 156 152 155 167 172 176 
192 108 101 101 96 99 111 102 102 95 122 116 122 136 149 155 139 156 204 246 230 205 181 139 99 69 50 46 54 53 50 45 43 55 49 44 38 44 48 46 40 35 42 46 51 40 56 102 111 97 99 98 98 107 126 127 124 121 139 148 136 115 86 72 86 75 63 66 87 103 116 122 95 65 131 209 174 139 121 132 115 196 180 177 180 183 157 176 165 167 162 158 158 156 155 150 156 166 163 169 
212 114 106 101 97 101 108 100 114 103 100 110 121 130 148 142 186 218 233 226 244 230 224 103 86 54 51 59 60 53 57 53 62 53 73 55 71 65 54 46 47 57 55 60 67 69 62 79 103 104 105 118 127 127 113 106 105 107 118 120 117 105 100 96 107 98 76 52 52 70 78 116 126 109 102 163 199 168 201 201 200 176 174 167 178 172 160 165 167 161 158 155 156 155 152 146 151 159 164 184 
229 117 111 106 99 100 99 97 110 99 100 111 120 122 136 145 169 157 139 162 241 179 170 89 68 65 63 66 61 67 65 53 43 64 94 80 69 65 64 58 59 53 44 45 47 65 144 100 79 93 114 128 144 144 138 124 127 112 125 121 112 100 94 101 106 110 102 77 47 64 71 103 123 125 120 109 111 127 151 155 154 166 145 168 142 158 153 157 162 161 157 153 153 153 151 143 154 166 169 196 
242 131 116 111 104 96 99 96 119 98 93 109 123 123 137 158 174 173 174 163 234 170 157 79 65 65 76 82 88 100 82 59 44 36 41 55 54 55 47 46 44 49 64 74 67 86 220 245 131 85 104 117 127 145 153 165 218 208 198 225 227 157 95 92 153 182 133 98 80 52 60 72 82 105 126 138 135 134 134 131 121 125 122 98 108 162 154 163 161 156 154 153 153 153 149 152 165 171 164 208 
247 151 114 119 112 101 102 100 116 106 108 103 122 129 210 221 200 200 240 176 154 158 88 65 71 85 87 101 112 116 105 77 53 44 48 49 44 44 54 83 54 45 60 78 92 109 140 239 203 181 220 230 169 166 231 246 252 253 252 251 253 245 216 223 237 178 111 98 112 75 59 64 71 85 123 138 142 131 118 133 146 121 105 81 118 142 157 161 159 156 154 154 154 153 150 163 167 172 165 224 
251 177 115 118 115 106 105 100 105 103 103 91 121 218 196 129 133 130 222 178 133 112 67 65 70 84 88 100 112 102 84 84 82 61 45 42 53 71 123 163 71 70 41 49 81 105 114 237 230 224 252 252 249 245 252 253 253 254 254 253 253 251 250 228 157 132 102 81 98 92 87 84 81 91 113 115 116 119 114 113 127 126 105 109 83 83 147 160 155 155 154 154 153 148 158 164 168 173 172 241 
250 211 117 118 114 108 103 102 95 104 91 93 108 154 158 136 150 219 198 142 134 77 65 72 74 81 90 98 106 105 99 84 64 52 44 61 116 173 232 237 101 55 48 70 112 134 134 243 231 231 252 253 253 253 253 253 253 253 253 252 241 187 170 137 110 114 92 75 94 90 84 79 81 93 105 93 106 112 101 113 119 102 81 71 88 112 156 156 152 153 154 153 150 150 159 164 170 163 181 249 
247 238 124 119 113 109 100 104 98 117 91 90 105 116 136 141 164 153 123 123 123 72 65 84 87 68 82 97 107 106 94 75 67 57 44 43 53 80 130 154 125 57 76 159 188 138 119 224 203 242 251 252 252 253 254 254 253 252 237 191 152 132 122 98 96 117 112 87 81 82 72 68 72 160 118 101 106 102 101 98 93 93 79 65 77 139 155 154 151 154 154 153 148 157 156 161 167 156 201 250 
252 247 157 120 116 107 101 106 103 117 92 94 107 97 114 139 136 115 126 110 102 70 52 64 72 78 84 98 117 108 95 86 80 56 45 45 48 51 49 67 70 72 85 110 106 88 73 90 132 168 197 148 169 226 252 253 253 252 224 162 133 124 105 99 105 106 110 109 105 85 59 60 71 110 156 196 178 141 74 71 87 71 83 133 154 156 155 151 151 152 153 147 148 155 156 162 163 155 225 252 
252 251 195 114 113 115 110 106 105 102 96 104 93 87 91 106 92 101 124 102 89 82 64 57 65 72 75 87 108 105 116 93 71 49 41 38 46 54 58 60 53 59 62 52 55 62 63 55 85 127 129 110 111 175 247 253 252 251 251 250 249 228 144 101 100 100 92 103 100 94 74 67 117 139 169 154 183 206 166 158 130 130 121 149 156 152 152 151 151 151 149 146 154 151 158 160 159 165 245 252 
250 251 234 116 120 115 113 105 105 95 104 91 94 89 94 105 92 98 122 103 103 92 79 71 57 65 79 78 86 101 113 88 70 42 39 75 75 60 71 66 58 53 45 49 57 54 54 74 116 133 125 138 120 136 204 246 252 253 252 249 242 199 139 100 102 106 96 99 103 98 77 74 119 178 183 158 119 116 100 152 162 126 141 151 152 149 148 148 149 151 144 149 152 152 157 158 157 187 249 252 
252 253 251 153 119 111 107 110 103 91 92 89 100 93 104 100 100 96 164 166 116 85 90 88 73 63 75 81 78 70 70 75 60 53 64 50 63 52 49 43 51 57 59 60 60 80 109 129 140 147 145 138 130 136 143 226 251 240 199 144 109 107 122 99 97 107 109 95 85 75 65 67 162 179 188 171 109 101 98 108 126 156 149 151 148 149 147 147 149 146 146 149 152 156 158 156 152 226 253 253 
253 254 251 200 108 107 99 112 97 99 95 90 101 93 108 97 104 94 106 201 238 194 137 100 105 84 66 68 62 56 55 53 53 54 47 44 62 45 42 54 68 88 84 81 84 93 116 120 131 142 156 143 148 163 136 144 182 141 96 71 81 95 117 113 96 101 102 79 66 62 57 88 174 166 206 204 209 218 196 205 145 149 141 148 148 145 143 146 147 146 153 153 152 157 157 153 166 247 253 254 
252 253 250 242 128 111 110 105 101 103 94 94 98 99 101 97 109 184 202 174 197 218 190 151 107 87 78 92 59 46 52 55 56 47 46 44 47 47 46 40 45 45 38 48 70 84 88 86 97 118 132 133 138 127 115 108 121 110 92 101 133 149 130 139 135 117 67 47 43 47 51 109 191 192 135 199 195 202 196 188 145 148 137 145 145 145 151 144 144 149 151 155 156 157 157 154 203 248 253 253 
254 254 253 252 179 111 114 102 101 110 90 98 94 99 90 110 115 98 97 88 139 228 103 95 84 74 70 89 69 46 39 47 53 47 43 46 48 41 42 52 56 53 57 59 62 66 72 83 91 100 105 102 94 97 102 100 104 136 120 116 116 109 94 84 97 92 83 96 89 71 67 150 195 200 210 226 193 182 171 129 134 148 140 144 140 149 145 139 145 150 152 155 156 156 152 149 240 252 254 254 
255 255 255 254 233 128 109 101 113 109 92 87 100 100 100 100 124 169 212 218 178 168 103 74 59 55 54 52 70 77 71 69 63 55 49 51 50 49 47 47 69 74 80 87 90 88 74 68 79 78 73 67 67 77 74 78 89 131 129 101 87 82 70 67 63 72 63 56 73 96 99 111 111 113 101 101 82 76 87 129 140 145 135 142 141 144 141 144 149 151 152 155 152 150 139 194 253 253 255 255 
255 255 254 254 251 175 112 113 108 107 85 90 96 100 99 102 139 233 151 124 218 97 78 56 46 44 49 59 61 64 66 66 69 57 59 66 64 48 48 50 51 64 79 96 106 100 88 71 75 80 84 82 83 57 60 57 61 78 109 107 88 77 67 55 56 63 72 75 99 112 103 87 83 100 109 112 104 75 57 92 113 143 133 138 143 138 139 147 149 149 152 153 148 139 163 242 255 255 255 255 
255 255 255 254 251 236 124 123 118 109 82 81 93 95 100 133 197 155 179 233 118 48 47 48 49 57 58 55 54 57 56 48 43 57 65 51 49 44 41 39 43 53 66 73 96 106 96 94 99 94 78 84 80 59 49 56 68 75 74 79 88 90 98 93 94 93 102 105 109 109 107 94 77 81 104 101 106 96 71 54 111 136 136 140 132 136 143 146 146 148 149 145 134 131 202 251 255 255 255 255 
255 255 255 255 252 250 183 124 115 108 85 89 96 96 111 217 193 197 222 140 56 45 65 64 50 49 51 44 47 47 43 40 40 46 50 54 49 52 56 54 45 51 65 77 76 75 89 92 84 80 74 65 69 76 78 65 69 73 66 63 66 76 93 100 105 99 102 102 118 119 118 110 86 81 97 100 92 73 67 76 133 133 139 135 132 139 145 142 141 141 141 141 131 156 242 251 255 255 255 255 
255 255 255 255 253 251 239 135 118 107 88 97 100 99 96 183 214 144 109 98 54 71 51 37 37 49 53 45 39 40 36 42 67 57 46 50 48 42 38 37 42 48 47 51 68 83 137 155 145 129 93 71 72 82 100 93 87 73 63 58 71 78 82 80 93 76 77 74 69 74 96 108 107 94 103 95 81 79 92 128 134 138 143 131 134 142 143 137 134 135 137 150 169 202 252 252 255 255 255 255 
255 255 255 255 254 253 252 202 119 108 100 122 101 157 206 206 185 173 127 92 70 64 40 40 49 49 46 40 39 39 55 59 69 72 55 53 44 41 40 45 45 43 48 59 65 156 223 251 250 245 241 211 184 199 164 92 89 74 82 60 63 76 83 76 70 69 56 59 65 54 64 91 100 92 79 91 84 101 134 132 139 145 142 131 136 139 138 145 137 131 147 182 204 248 253 252 255 255 255 255 
255 255 255 255 254 252 251 245 152 103 94 170 216 233 126 102 224 109 119 79 62 69 74 60 51 42 44 48 50 50 45 40 74 60 59 54 47 52 46 42 42 62 83 66 78 194 249 253 254 253 250 243 212 203 134 97 101 91 92 90 66 63 64 75 78 63 59 63 54 53 56 84 124 202 172 144 142 130 136 141 142 141 139 130 132 129 134 134 129 124 112 150 239 252 255 255 255 255 255 255 
255 255 255 255 254 253 251 250 232 107 96 89 131 157 200 231 163 102 100 87 55 59 57 54 49 57 63 68 69 57 40 36 37 42 41 53 41 42 45 50 68 98 138 122 117 186 229 253 252 251 218 122 92 102 108 98 90 79 84 117 103 78 76 66 88 72 51 57 56 53 61 93 147 179 163 148 143 130 137 138 136 136 135 129 132 129 128 132 117 159 175 191 252 254 255 255 255 255 255 255 
255 255 255 255 254 253 253 252 250 184 94 190 200 237 204 114 104 101 99 77 57 45 52 54 66 78 79 64 62 53 36 35 34 34 42 38 41 43 85 90 48 53 64 93 110 154 215 253 249 244 146 72 78 92 69 70 75 75 71 69 65 57 57 78 112 95 67 67 69 63 72 92 128 213 170 149 127 134 133 132 132 132 128 127 127 126 128 143 159 123 135 244 253 255 255 255 255 255 255 255 
255 255 255 255 255 255 255 255 253 247 147 194 195 147 212 103 104 109 98 56 49 43 50 51 68 77 68 58 58 50 42 38 34 35 39 42 53 106 151 174 92 52 38 69 106 149 196 246 206 98 74 51 54 60 55 53 63 62 68 61 58 55 78 109 148 166 156 124 80 82 75 95 142 160 148 146 121 134 133 133 133 126 124 124 124 123 132 162 174 219 239 253 255 255 255 255 255 255 255 255 
255 255 255 255 255 255 255 255 253 249 238 112 104 179 117 100 103 110 94 48 47 44 46 54 71 80 73 60 50 44 41 37 32 31 35 42 53 81 99 133 61 43 58 87 85 143 139 206 155 50 45 60 56 49 44 59 70 69 59 57 59 75 105 141 162 167 173 175 173 149 138 149 154 152 146 129 128 128 128 128 129 124 123 125 127 125 137 146 164 235 252 253 255 255 255 255 255 255 255 255 
255 255 255 255 255 255 255 255 254 253 252 229 97 99 96 94 112 114 85 41 44 48 44 48 73 74 64 61 54 52 47 45 36 35 40 40 39 44 51 56 51 49 71 73 49 60 69 155 191 69 52 56 57 45 53 67 73 57 54 53 66 101 130 158 166 169 173 178 175 172 173 170 157 144 144 124 127 127 128 127 124 122 124 123 127 131 149 167 219 252 253 254 255 255 255 255 255 255 255 255 
255 255 255 255 255 255 255 255 255 255 254 252 214 90 96 101 110 112 107 46 38 44 40 47 61 74 78 74 68 62 54 46 35 35 37 45 51 50 48 43 45 41 43 44 49 48 81 195 229 111 60 49 50 53 53 59 65 71 78 65 84 108 143 157 169 170 170 171 171 172 167 159 140 141 126 129 127 127 126 122 119 121 123 130 134 146 149 188 250 253 254 254 255 255 255 255 255 255 255 255 
255 255 255 255 255 255 255 255 255 255 255 254 252 198 90 107 115 114 115 90 42 36 50 49 48 62 83 82 73 78 60 46 41 36 45 51 53 42 44 42 40 49 51 53 50 78 104 190 230 143 74 46 63 92 89 69 58 50 45 58 66 72 73 79 95 105 105 107 111 132 157 141 136 121 128 129 129 125 119 122 124 122 143 148 127 129 178 248 253 254 255 255 255 255 255 255 255 255 255 255 
255 255 255 255 255 255 255 255 255 255 255 255 255 250 203 115 115 117 114 114 99 57 51 45 46 56 62 63 74 68 64 56 42 52 60 49 50 40 36 36 37 36 44 52 79 104 114 124 125 110 86 80 75 53 39 39 35 38 41 44 42 55 69 54 58 73 79 76 69 69 140 133 118 126 126 124 123 120 122 122 122 138 169 149 132 176 246 254 255 255 255 255 255 255 255 255 255 255 255 255 
255 255 255 255 255 255 255 255 255 255 255 255 255 252 250 206 120 114 115 116 116 97 60 58 56 44 46 46 47 46 41 44 47 56 56 57 42 53 75 63 56 57 60 71 82 80 78 84 73 63 82 82 51 43 44 45 43 46 43 44 48 65 67 59 61 64 80 76 84 145 200 180 105 113 120 118 118 119 123 119 139 140 172 160 181 246 253 255 255 255 255 255 255 255 255 255 255 255 255 255 
255 255 255 255 255 255 255 255 255 255 255 255 255 253 252 250 214 123 117 118 116 109 70 64 70 57 44 45 47 45 42 43 44 47 54 59 77 73 103 112 119 120 88 78 70 66 66 66 61 58 61 76 71 73 72 70 61 62 69 70 77 92 80 68 59 87 92 90 114 169 210 199 126 112 112 117 118 119 152 106 142 149 163 189 246 254 253 254 255 255 255 255 255 255 255 255 255 255 255 255 
255 255 255 255 255 255 255 255 255 255 255 255 255 254 253 252 253 226 134 118 118 109 96 66 60 63 40 37 48 59 64 74 82 93 97 83 86 88 102 114 129 133 127 130 131 129 116 113 112 107 103 100 103 100 96 96 98 105 111 99 91 92 89 77 72 93 94 93 93 117 174 198 121 114 117 116 116 136 162 110 132 161 211 252 253 254 253 254 255 255 255 255 255 255 255 255 255 255 255 255 
255 255 255 255 255 255 255 255 255 255 255 255 255 254 254 254 254 251 234 152 115 107 103 101 57 53 56 59 50 47 49 57 58 64 79 86 82 91 98 109 116 124 125 128 123 124 116 120 119 119 120 120 122 118 117 116 137 153 160 164 162 147 139 125 101 91 94 93 71 54 107 114 114 115 121 126 125 149 165 123 132 215 250 253 254 254 254 255 255 255 255 255 255 255 255 255 255 255 255 255 
255 255 255 255 255 255 255 255 255 255 255 255 255 255 255 255 255 252 251 246 177 103 112 107 107 70 45 43 49 66 88 112 107 100 99 91 82 86 100 116 123 125 127 133 131 129 116 119 119 118 118 120 122 122 120 145 156 161 165 167 171 172 175 174 172 150 119 115 114 103 107 111 117 129 124 131 126 148 155 146 233 252 253 255 255 255 255 255 255 255 255 255 255 255 255 255 255 255 255 255 
255 255 255 255 255 255 255 255 255 255 255 255 255 255 255 255 255 253 253 253 250 216 123 109 116 114 97 102 110 118 117 116 109 108 103 90 87 85 106 122 125 122 124 129 127 130 112 116 121 118 117 122 123 118 143 160 161 164 168 168 171 171 174 169 158 144 141 140 117 113 118 129 129 135 130 139 134 159 202 244 252 254 254 255 255 255 255 255 255 255 255 255 255 255 255 255 255 255 255 255 
255 255 255 255 255 255 255 255 255 255 255 255 255 255 255 255 255 254 254 254 253 251 240 169 106 99 108 114 115 113 116 118 116 112 101 97 86 86 105 125 125 124 123 124 120 125 127 115 120 118 120 118 117 143 157 164 165 169 169 168 172 173 170 157 137 132 133 112 100 145 150 152 144 131 125 135 159 230 251 252 253 254 254 255 255 255 255 255 255 255 255 255 255 255 255 255 255 255 255 255 
255 255 255 255 255 255 255 255 255 255 255 255 255 255 255 255 255 255 255 255 255 254 253 252 221 138 95 90 91 111 116 119 114 97 101 102 91 90 111 130 128 121 119 115 117 121 114 127 118 110 106 117 141 156 162 166 166 168 169 172 175 169 158 138 133 126 100 123 119 95 111 142 164 149 156 208 249 252 254 255 255 255 255 255 255 255 255 255 255 255 255 255 255 255 255 255 255 255 255 255 
255 255 255 255 255 255 255 255 255 255 255 255 255 255 255 255 255 255 255 255 255 255 254 253 252 249 207 123 99 101 103 108 99 104 104 102 99 94 128 125 118 113 113 116 119 118 117 118 109 102 119 143 156 162 166 165 166 168 170 171 170 156 142 140 130 124 126 96 99 121 128 107 108 191 245 253 253 253 254 255 255 255 255 255 255 255 255 255 255 255 255 255 255 255 255 255 255 255 255 255 
255 255 255 255 255 255 255 255 255 255 255 255 255 255 255 255 255 255 255 255 255 254 253 253 252 251 249 246 201 119 84 86 80 88 100 98 103 96 122 109 105 112 119 121 118 117 115 103 102 108 143 155 162 166 166 166 165 169 172 169 156 139 138 133 112 124 140 156 139 110 109 188 237 250 253 254 254 254 254 255 255 255 255 255 255 255 255 255 255 255 255 255 255 255 255 255 255 255 255 255 
255 255 255 255 255 255 255 255 255 255 255 255 255 255 255 255 255 255 255 255 255 255 255 255 255 255 255 255 253 250 212 148 83 85 90 89 90 99 106 106 108 115 117 111 108 101 105 104 102 133 156 161 164 164 165 166 166 169 164 149 135 135 133 119 117 117 114 136 148 207 243 253 255 255 255 255 255 255 255 255 255 255 255 255 255 255 255 255 255 255 255 255 255 255 255 255 255 255 255 255 
255 255 255 255 255 255 255 255 255 255 255 255 255 255 255 255 255 255 255 255 255 255 255 255 255 255 255 255 254 254 251 250 239 185 128 90 87 88 88 90 90 92 93 92 91 100 109 87 95 154 159 162 162 164 168 166 167 167 146 135 134 130 110 126 110 138 178 225 250 252 254 254 255 255 255 255 255 255 255 255 255 255 255 255 255 255 255 255 255 255 255 255 255 255 255 255 255 255 255 255 
255 255 255 255 255 255 255 255 255 255 255 255 255 255 255 255 255 255 255 255 255 255 255 255 255 255 255 255 255 255 254 253 253 252 248 233 194 154 115 94 96 102 101 87 92 118 133 146 152 156 160 163 163 163 166 170 162 144 132 128 128 121 140 191 218 247 253 254 254 254 255 255 255 255 255 255 255 255 255 255 255 255 255 255 255 255 255 255 255 255 255 255 255 255 255 255 255 255 255 255 
255 255 255 255 255 255 255 255 255 255 255 255 255 255 255 255 255 255 255 255 255 255 255 255 255 255 255 255 255 255 254 254 254 254 254 252 254 253 248 227 196 162 135 119 130 144 153 156 159 161 163 165 165 168 169 163 151 158 175 200 219 243 252 253 254 254 255 254 254 254 255 255 255 255 255 255 255 255 255 255 255 255 255 255 255 255 255 255 255 255 255 255 255 255 255 255 255 255 255 255 
