83 83 81 85 84 92 100 106 108 109 110 112 114 114 114 114 114 114 114 114 111 106 109 109 109 110 110 110 108 108 110 91 53 47 47 42 42 48 55 52 29 36 45 45 53 56 59 67 70 72 74 79 86 93 95 96 102 106 114 121 131 130 131 133 132 132 132 134 128 128 130 135 136 133 132 131 129 128 129 124 120 120 121 122 122 124 123 123 124 124 121 120 121 118 115 110 109 106 109 103 
82 83 85 86 86 85 99 106 109 111 114 115 113 114 114 114 114 114 114 113 111 106 108 109 109 110 110 110 110 110 110 99 54 46 44 41 40 50 56 57 37 37 46 48 55 57 62 66 69 70 72 79 87 96 98 99 103 106 114 121 131 134 137 139 137 136 134 133 132 132 134 136 135 135 135 137 129 132 129 129 125 124 124 123 123 126 126 127 126 124 123 123 122 122 114 113 113 112 112 112 
81 84 83 84 84 86 98 107 110 110 115 114 113 114 113 112 112 114 114 113 112 109 112 109 108 108 110 110 110 110 111 104 53 43 43 41 36 46 54 53 37 27 39 44 53 56 60 61 67 68 70 78 84 93 99 96 103 108 115 121 129 133 136 137 134 135 135 136 132 130 134 135 135 136 135 135 131 129 131 129 126 124 124 124 126 126 126 126 126 126 125 126 126 121 115 118 117 113 112 112 
80 83 82 84 84 86 95 106 110 112 115 114 113 113 113 115 115 114 114 114 113 109 114 113 113 110 110 110 112 111 110 108 59 45 45 46 41 46 54 52 43 26 41 43 46 56 62 61 65 67 71 77 80 91 101 98 105 108 113 120 129 134 137 138 138 137 137 139 138 134 133 134 135 136 137 137 138 135 133 129 130 129 129 129 127 129 129 129 127 126 127 126 126 124 122 118 117 117 112 110 
85 85 85 83 84 85 94 106 112 114 114 114 113 114 114 114 114 115 115 115 113 114 114 113 113 111 111 111 112 114 110 109 70 50 47 45 47 55 58 58 51 22 40 42 45 54 58 62 67 67 72 77 81 91 100 100 107 107 110 121 130 135 139 141 139 139 139 141 141 133 132 134 135 136 139 139 140 137 133 134 134 133 133 132 127 130 131 132 129 128 128 127 128 125 123 117 116 115 112 109 
85 87 90 87 83 85 94 106 114 114 114 113 113 116 117 117 117 118 118 119 114 114 115 114 113 113 114 114 111 110 114 114 76 48 47 48 49 54 63 61 55 20 37 42 43 48 55 63 67 70 72 76 82 90 101 101 103 107 110 123 134 139 139 144 142 139 141 145 141 136 136 137 138 139 139 142 141 139 136 137 138 135 131 132 132 131 131 132 131 131 132 127 127 125 121 119 118 115 112 109 
89 93 88 88 87 89 96 107 115 114 117 117 117 117 117 117 117 118 118 118 118 116 114 114 114 114 114 114 113 113 113 114 86 51 44 52 52 52 59 60 53 19 40 44 46 54 60 64 70 69 74 76 82 92 101 98 101 107 109 123 134 140 145 142 144 140 140 144 145 138 139 140 140 140 139 139 139 140 136 136 136 134 137 132 131 134 134 131 131 132 130 129 126 124 124 121 115 114 115 113 
92 96 94 89 86 91 97 108 115 114 118 118 118 118 118 118 118 118 118 118 118 118 117 115 114 114 114 114 115 115 113 113 94 53 54 54 58 56 59 58 54 20 41 46 46 50 57 64 69 73 75 76 83 94 99 99 102 103 111 122 135 146 142 144 143 142 141 143 142 139 140 139 139 141 143 142 142 138 136 137 138 136 136 134 133 135 135 135 135 136 134 132 129 126 121 118 118 119 114 114 
94 95 95 89 88 91 95 108 115 117 118 118 118 118 118 118 118 118 118 118 118 118 118 116 116 114 114 114 114 114 114 115 101 55 54 56 58 59 66 61 59 24 37 43 47 48 56 65 66 67 71 74 84 96 99 100 102 107 114 121 136 144 139 144 143 143 144 146 139 137 137 137 138 143 144 145 144 138 139 139 139 137 134 135 135 134 136 134 135 135 134 134 134 129 124 124 123 118 117 119 
93 95 95 92 91 89 96 106 118 118 118 118 119 119 118 117 118 117 121 122 119 119 118 119 119 116 114 115 114 114 115 113 105 57 53 54 53 51 60 62 60 24 38 46 45 54 59 65 67 72 73 76 82 89 97 100 99 109 117 123 135 142 139 142 143 143 144 148 142 140 138 138 139 142 143 148 147 144 143 143 140 138 134 135 136 134 133 135 136 135 135 135 134 131 130 129 125 119 118 119 
93 95 95 92 94 94 95 102 116 117 120 122 123 123 121 117 119 121 122 123 121 122 115 120 119 118 118 118 114 114 118 118 111 61 53 46 53 45 56 57 54 24 36 50 48 53 59 66 69 69 76 81 80 81 94 100 103 111 120 126 136 142 142 145 147 144 143 147 144 142 138 141 143 139 145 147 149 147 147 146 144 139 138 139 140 134 135 139 139 140 139 138 134 135 129 127 122 117 119 119 
98 97 94 93 94 98 99 105 115 118 121 121 124 124 123 122 123 122 123 122 122 122 116 122 122 119 118 118 118 117 117 118 113 68 51 47 50 46 50 59 57 29 34 48 45 48 56 66 71 71 74 77 76 82 95 99 106 114 118 122 133 139 141 145 148 143 144 147 145 144 144 139 138 143 149 150 150 147 148 146 143 139 137 142 144 135 136 140 140 139 140 139 134 137 131 131 127 120 121 121 
99 98 96 96 98 99 98 105 113 119 125 124 123 125 124 124 124 123 123 122 123 123 120 122 122 118 118 118 118 117 116 118 117 76 52 51 54 50 49 60 61 37 28 48 48 49 57 65 68 73 76 76 75 79 92 102 106 113 118 124 133 141 143 143 144 143 144 148 148 143 143 141 142 145 148 148 148 151 148 147 146 145 143 142 143 138 139 139 138 140 139 139 141 135 129 132 129 122 119 118 
101 100 99 99 97 97 98 104 113 122 127 126 123 126 127 124 124 124 124 123 121 122 122 122 122 119 119 118 118 117 117 118 121 83 52 52 51 48 45 57 61 43 19 42 45 49 58 63 66 71 72 75 79 82 91 104 111 118 120 122 130 133 143 143 142 143 143 148 151 148 143 143 143 144 144 149 150 152 149 150 151 149 146 145 145 141 140 140 140 142 141 141 138 137 130 134 129 123 123 119 
106 104 100 98 98 99 100 109 117 126 129 128 126 126 126 126 126 126 126 126 127 127 123 121 123 122 121 118 118 118 118 118 117 94 60 52 52 51 48 55 58 51 17 39 42 49 56 60 67 75 77 76 80 84 91 104 110 113 118 119 124 133 142 143 142 142 143 148 151 150 142 141 142 144 144 147 151 151 152 152 154 152 149 145 144 142 140 145 144 143 142 141 140 141 135 134 129 123 127 122 
103 104 104 100 98 102 102 106 117 125 129 128 126 126 126 126 126 126 126 125 126 127 126 123 123 122 121 118 118 118 118 117 116 102 55 47 50 53 48 56 58 57 24 36 43 49 58 65 69 76 81 82 82 82 88 101 107 110 116 119 124 130 139 142 142 143 144 147 151 144 140 135 138 138 141 147 151 151 154 155 152 149 147 145 143 143 145 144 146 146 140 139 138 142 136 133 127 124 126 127 
104 103 100 98 97 102 103 106 113 123 129 127 125 126 126 126 126 125 129 130 124 126 123 122 123 122 121 121 120 119 118 118 117 109 57 44 45 52 45 48 57 55 28 36 47 46 55 65 63 72 82 84 81 80 89 96 104 106 110 116 118 130 137 141 145 147 143 146 144 143 141 136 139 138 145 150 151 155 157 156 153 147 146 146 146 146 146 143 143 144 140 136 138 138 139 137 131 127 128 128 
105 104 102 100 99 100 103 105 112 121 127 126 125 126 126 126 126 126 127 127 125 127 125 122 123 122 123 124 120 117 115 117 118 114 61 51 47 44 46 50 58 54 38 25 45 50 56 62 66 74 82 83 81 81 85 95 104 110 113 114 118 129 134 141 144 152 142 142 145 143 141 138 138 139 149 154 155 157 161 160 154 147 145 146 147 146 145 142 143 143 141 137 143 140 136 137 134 127 125 124 
108 107 104 100 100 100 103 104 111 119 125 125 125 128 128 126 126 126 126 126 126 127 127 123 124 121 122 122 133 147 134 118 117 115 65 51 45 48 44 50 60 58 46 26 46 50 56 60 65 75 82 81 79 84 88 96 105 109 113 115 115 129 138 142 142 147 142 142 146 145 144 145 148 150 153 154 155 154 157 154 154 147 142 146 147 147 147 144 144 144 138 144 142 139 135 136 131 128 126 123 
110 107 104 102 102 102 103 110 113 121 125 125 125 128 129 126 126 126 126 125 125 124 126 122 123 122 123 145 194 197 164 122 117 114 78 55 51 49 46 48 62 58 50 28 47 50 55 59 64 74 77 82 77 79 87 97 104 109 113 117 118 130 132 137 137 137 136 138 141 147 148 146 147 145 149 155 155 155 157 157 156 154 147 147 148 148 147 148 149 149 145 143 143 137 135 135 128 127 129 129 
110 108 106 103 101 103 110 114 118 123 126 128 129 130 130 130 130 129 129 129 129 128 125 123 127 128 148 198 180 167 171 159 119 118 93 61 55 54 48 44 62 61 50 27 45 52 54 60 64 70 75 78 81 83 84 91 102 111 118 120 119 128 134 130 132 135 136 141 147 148 150 149 146 146 154 155 155 154 154 155 155 155 151 150 150 151 152 152 150 148 147 141 140 140 139 137 130 126 124 123 
109 108 108 107 106 109 113 115 119 125 128 130 151 186 165 132 132 130 131 129 133 137 150 158 165 165 176 193 177 192 190 164 123 118 101 60 54 51 45 43 54 63 55 28 47 53 54 60 65 70 76 81 85 87 85 90 99 109 119 121 119 124 130 128 126 136 140 138 141 144 144 151 148 154 157 156 156 158 158 158 157 157 154 151 151 152 152 149 150 148 148 142 141 140 134 131 130 130 127 125 
115 114 110 107 107 107 108 110 111 113 115 118 130 156 201 177 117 113 119 142 170 167 137 113 101 101 112 120 113 117 111 108 107 105 99 75 72 72 67 66 70 80 76 58 67 72 74 73 81 82 88 89 89 92 90 94 104 111 119 120 116 123 126 128 124 131 134 133 135 140 144 147 147 155 156 157 159 159 158 155 153 154 154 150 152 151 151 148 153 151 147 146 141 138 136 133 134 134 130 127 
115 115 113 105 104 105 106 105 104 106 108 111 113 125 140 207 146 115 150 159 122 94 87 95 100 99 101 99 94 95 95 97 95 93 97 95 97 100 101 102 101 105 108 106 106 109 109 106 111 111 114 114 110 109 108 109 113 112 113 114 116 115 112 114 115 116 114 113 112 115 107 84 136 153 157 157 160 157 156 157 157 155 157 152 151 151 152 150 148 148 148 146 142 143 141 133 132 132 130 127 
100 102 99 94 92 96 97 97 98 104 102 102 107 126 175 194 164 136 128 95 89 92 95 97 95 95 95 95 94 93 97 100 98 95 94 94 96 94 99 101 103 102 102 104 105 108 108 108 106 107 111 111 112 109 108 111 112 112 112 113 115 114 112 114 116 115 112 114 110 112 104 56 123 151 157 159 158 155 158 158 157 154 156 152 151 151 154 153 149 150 150 148 147 145 138 135 134 133 132 132 
98 97 96 94 93 97 98 98 98 105 106 109 113 144 203 207 172 149 118 102 102 102 100 100 96 93 95 94 91 91 93 95 94 92 84 74 72 69 72 73 71 76 77 81 74 77 77 78 79 85 84 84 86 86 85 87 91 92 93 92 91 92 91 90 90 90 90 87 85 85 78 57 139 151 151 150 152 155 156 156 159 160 155 154 152 153 152 151 151 151 151 148 146 142 138 137 137 138 138 136 
116 115 114 116 117 117 121 120 123 130 135 137 140 153 190 202 206 179 141 136 137 139 136 135 129 132 128 127 125 125 126 125 126 124 118 74 60 58 58 57 57 67 70 64 33 60 65 66 68 78 85 90 92 93 93 94 104 111 114 118 122 121 130 128 126 118 117 112 108 105 109 130 143 145 150 149 152 156 158 158 157 158 160 159 156 154 155 154 151 152 150 150 149 148 147 145 144 141 143 139 
119 118 118 117 119 119 122 123 126 133 137 141 140 139 142 151 160 170 190 164 143 140 134 134 130 133 132 129 128 128 131 129 125 125 124 90 58 58 60 61 58 67 71 69 42 57 65 67 67 79 84 87 95 96 96 98 106 112 118 124 123 124 134 134 126 124 121 120 123 124 132 140 144 146 149 150 152 155 154 157 155 158 162 159 157 159 157 155 152 152 149 149 149 146 146 146 144 142 145 143 
121 121 120 120 121 122 124 126 128 132 135 140 138 138 138 135 135 140 163 193 197 177 147 134 129 133 135 133 131 130 130 128 126 123 123 90 61 61 58 56 60 66 72 66 49 49 63 67 71 82 87 89 94 97 96 105 109 112 120 127 126 129 132 130 127 124 124 127 132 134 136 141 144 147 151 156 153 152 156 158 158 163 163 158 155 157 158 159 154 153 151 150 149 148 149 152 150 148 147 147 
125 127 126 122 121 121 125 128 131 130 133 136 141 141 140 138 137 138 139 140 159 187 208 194 165 142 135 132 131 133 131 130 128 127 126 100 64 63 61 60 60 63 74 70 53 42 68 71 71 77 85 93 99 102 102 105 110 115 122 124 127 129 133 130 127 128 129 132 132 135 137 145 144 148 153 153 158 157 160 162 160 165 165 160 157 156 158 155 152 152 156 154 154 149 149 153 152 150 146 146 
126 126 124 122 122 123 125 129 130 129 135 137 142 141 140 139 138 138 139 141 139 139 147 171 202 216 202 179 156 144 137 133 131 130 130 114 70 68 70 65 59 56 73 70 44 50 71 71 68 73 84 92 102 104 103 110 112 119 124 123 125 125 133 134 129 130 131 136 139 139 143 144 144 147 153 155 156 156 156 157 159 164 166 162 161 159 152 152 155 156 158 158 153 153 153 156 154 150 148 147 
128 125 121 121 123 122 122 123 127 129 137 142 142 142 141 140 140 140 142 141 139 137 139 135 133 141 166 187 205 218 209 194 173 156 142 121 74 71 68 68 64 64 74 63 45 56 74 76 75 80 87 95 102 102 106 111 113 121 126 126 126 130 132 134 133 133 136 139 142 141 144 143 145 149 157 157 154 161 159 159 160 164 166 166 158 160 156 153 152 152 158 157 155 156 156 157 151 149 147 145 
80 82 80 78 76 83 89 99 113 120 133 141 140 143 142 142 143 142 142 141 142 140 140 138 137 132 140 140 138 146 157 175 196 212 217 206 167 126 90 72 65 66 57 53 60 68 75 77 75 80 91 98 103 106 111 113 114 121 128 130 125 127 131 134 133 135 137 134 137 141 141 144 146 148 154 160 159 161 160 159 162 168 165 165 163 159 153 156 158 156 159 159 162 157 155 155 156 158 149 147 
125 124 121 119 113 106 103 95 85 80 81 87 88 93 96 101 112 115 124 132 138 144 145 141 141 132 141 139 141 140 140 141 138 140 149 168 189 213 217 199 172 130 94 74 76 78 78 75 76 82 93 98 102 110 117 118 119 121 123 124 127 129 132 135 135 135 134 136 140 140 143 149 147 150 155 161 161 162 161 161 164 166 166 162 164 161 159 157 157 161 162 161 161 162 162 160 156 158 156 151 
128 127 125 125 124 125 126 126 124 127 127 135 130 129 127 119 116 111 106 98 100 98 105 105 109 110 121 127 130 133 139 139 138 133 131 124 81 63 85 121 161 199 220 200 159 108 86 82 79 84 93 100 107 112 118 120 120 123 123 123 127 133 136 136 135 135 136 136 138 140 140 144 141 148 159 161 161 161 163 161 161 167 164 161 161 161 161 158 157 159 167 164 163 161 160 158 157 159 155 147 
121 121 121 120 121 120 120 119 119 126 132 137 135 136 137 136 136 137 137 137 133 132 133 131 127 121 120 117 107 104 102 102 102 99 99 105 87 63 65 66 69 67 91 137 197 213 191 133 95 88 99 107 108 113 118 121 120 125 125 126 128 134 135 137 140 140 138 135 138 144 143 142 143 150 156 159 161 160 162 161 160 159 164 166 165 161 161 157 161 162 166 166 165 162 159 160 162 159 155 153 
101 98 95 94 95 99 97 93 93 100 103 108 107 107 106 109 111 113 113 113 111 113 112 111 111 113 108 112 111 112 110 108 108 102 100 103 101 95 93 92 89 91 91 96 97 124 178 221 215 172 136 111 111 114 120 122 126 127 128 132 130 134 138 138 140 140 139 136 138 146 147 146 146 152 159 161 160 160 162 162 160 161 165 166 166 166 164 162 161 161 165 165 167 163 161 160 156 154 153 149 
101 99 97 95 94 95 95 91 93 96 101 101 102 102 106 106 107 109 111 111 110 112 113 113 115 115 112 113 111 112 110 109 109 107 107 105 100 92 94 100 98 99 97 99 101 96 88 83 116 183 211 208 171 140 124 125 133 133 134 134 133 134 137 143 140 143 142 141 141 144 147 148 147 150 155 159 161 162 165 166 162 164 168 167 169 164 165 162 162 162 166 167 165 162 158 157 156 160 158 152 
132 132 133 132 130 130 129 132 130 130 132 132 133 133 135 133 133 138 136 136 136 135 135 135 135 134 135 135 132 129 132 133 131 122 108 91 65 44 73 85 86 81 75 76 73 67 68 77 87 96 117 160 201 215 203 178 154 139 136 137 137 137 142 147 147 144 145 146 146 145 147 150 148 154 155 161 163 163 163 166 163 162 164 166 166 168 167 163 165 166 166 165 166 164 159 157 157 150 153 150 
152 152 153 150 147 150 146 153 153 154 153 153 153 155 154 154 154 154 154 150 153 153 152 152 152 152 151 153 153 153 152 147 86 57 54 52 78 107 112 112 116 121 111 124 118 97 79 93 98 104 106 111 118 140 180 209 222 214 184 154 144 144 146 148 148 147 144 144 149 148 150 149 148 154 155 160 161 165 164 160 161 162 162 163 164 167 168 164 165 166 166 167 167 163 159 159 158 154 155 148 
186 186 185 185 186 186 186 187 186 185 185 186 189 187 188 191 191 194 189 186 190 189 189 185 185 185 185 185 181 179 182 110 54 48 71 143 179 181 182 175 176 178 177 177 172 152 96 105 109 109 113 112 119 125 131 139 154 177 207 220 192 160 152 148 149 144 144 147 149 152 155 147 149 152 154 158 159 160 163 165 165 163 161 164 164 164 166 170 170 171 169 164 166 163 162 157 155 155 147 147 
192 194 194 191 190 190 191 193 194 195 194 193 192 193 193 194 194 195 192 192 195 194 188 188 188 186 187 188 186 163 97 47 31 55 164 183 182 180 180 180 184 181 182 179 179 170 112 105 111 114 111 113 121 127 133 139 141 139 147 163 198 209 189 163 155 147 147 150 152 152 152 147 146 155 157 158 164 165 165 164 164 164 164 165 165 169 168 169 169 170 171 166 166 164 159 152 151 151 148 150 
194 196 197 196 195 195 196 197 198 198 196 196 197 196 196 197 197 197 197 197 197 197 196 193 195 191 190 189 147 62 41 34 30 46 155 191 188 188 190 190 187 183 184 180 178 177 149 107 112 113 115 116 121 127 134 140 143 142 140 143 145 161 186 194 178 154 154 155 155 155 154 150 152 154 158 159 166 164 163 163 166 164 168 166 167 169 168 169 169 168 171 167 165 165 162 161 156 158 153 148 
194 196 196 194 194 194 193 193 194 193 191 191 192 191 190 188 187 188 188 189 186 187 187 186 186 180 179 156 64 36 51 44 33 42 77 163 165 163 163 164 160 157 152 147 145 138 100 101 108 110 113 116 120 127 134 141 146 144 142 145 144 146 152 163 185 185 162 154 156 156 154 151 150 153 160 160 164 164 161 161 166 170 169 171 169 168 167 168 168 168 170 168 165 165 161 164 156 154 153 148 
178 179 176 175 176 176 178 179 181 182 182 183 182 180 179 179 179 180 180 179 184 185 185 185 186 184 181 101 48 43 49 45 33 30 32 79 113 124 132 137 133 127 116 113 109 86 69 66 84 106 109 110 120 128 135 142 148 148 148 149 150 149 147 151 154 173 182 169 160 154 156 155 154 155 160 166 167 165 169 171 170 170 175 173 170 170 171 171 169 170 170 168 165 166 164 165 160 158 156 156 
204 207 207 204 202 199 197 196 202 203 198 197 197 195 195 192 191 189 189 188 185 182 182 181 180 178 150 58 48 53 58 32 27 24 29 37 40 34 41 62 65 64 92 86 74 51 39 47 84 110 91 76 102 133 139 144 147 153 152 151 153 151 149 152 156 157 167 187 170 155 155 156 156 158 164 171 170 169 170 173 172 173 175 173 174 170 169 169 169 171 171 170 169 169 165 157 160 157 156 154 
146 144 141 139 141 140 140 137 138 139 136 141 139 136 134 134 137 139 139 141 141 142 143 141 140 137 95 52 43 46 41 39 27 21 26 34 31 31 32 34 44 65 85 71 55 50 46 40 51 75 75 87 63 60 84 109 115 106 103 104 101 96 84 79 81 106 135 160 172 164 156 158 157 163 167 166 170 172 169 170 172 174 174 176 177 173 173 173 172 171 169 165 169 168 163 159 159 159 155 153 
70 68 64 63 61 58 49 47 46 47 55 60 63 68 74 80 92 102 114 126 132 134 137 136 135 125 79 48 37 35 31 27 29 34 34 30 25 31 30 28 39 53 50 48 52 57 56 45 39 37 45 60 74 66 50 47 57 62 64 59 53 49 38 30 29 32 35 53 89 134 148 158 163 165 167 169 170 171 173 174 175 175 175 177 175 174 173 172 170 169 168 166 163 162 156 155 156 157 155 151 
61 58 54 55 49 45 38 35 37 46 47 54 60 65 70 80 91 100 113 126 133 134 138 136 136 113 79 48 31 28 30 34 58 46 40 37 33 38 40 40 46 49 48 59 50 42 42 39 33 28 31 37 39 51 67 66 58 63 63 64 79 92 90 78 50 32 34 33 41 72 136 145 150 168 168 168 170 174 176 174 174 176 178 174 172 175 173 168 168 168 163 163 160 160 156 154 155 158 156 151 
52 53 57 54 50 48 39 35 39 45 46 53 60 64 71 79 92 103 113 126 132 137 138 139 139 121 91 61 32 29 31 54 71 58 55 51 49 45 44 49 57 52 52 86 90 57 43 40 29 24 30 33 36 35 40 54 55 59 63 66 69 65 62 68 88 92 88 75 61 59 102 122 61 76 116 146 167 172 173 178 176 177 178 174 174 174 176 172 168 166 162 161 157 155 158 153 153 152 152 147 
59 57 51 50 53 51 43 39 40 53 49 50 58 62 69 79 92 104 114 122 133 137 138 140 139 127 90 68 39 30 33 53 67 70 69 68 66 63 50 53 62 68 59 49 59 83 84 62 43 34 29 31 39 38 39 45 53 56 56 58 67 66 60 52 51 61 81 106 118 109 77 61 54 45 41 30 27 32 39 51 70 103 146 172 174 174 174 175 170 163 159 155 156 154 154 149 151 155 148 145 
54 52 47 43 49 54 49 44 41 51 49 51 60 69 75 83 93 103 113 122 131 135 138 142 142 133 97 75 50 38 39 47 51 62 68 67 69 69 60 60 67 79 78 82 71 57 93 71 54 43 38 38 38 38 42 46 58 54 58 65 73 72 62 66 62 46 46 62 78 102 113 96 53 38 27 23 24 29 26 26 28 25 25 42 84 125 157 172 165 162 155 156 152 151 147 147 152 147 149 147 
49 48 41 37 42 47 54 47 43 45 49 51 61 70 79 90 96 105 113 121 130 134 138 141 140 139 104 76 73 47 37 38 43 47 50 65 75 79 67 59 57 81 92 66 48 54 85 76 54 46 42 46 45 42 47 53 69 71 84 95 92 79 83 72 71 59 51 49 59 73 83 97 100 67 51 21 18 24 28 30 28 29 29 30 31 30 32 51 77 92 103 114 124 134 139 142 146 153 147 145 
52 46 42 36 31 39 53 54 47 41 49 49 63 70 84 90 97 106 115 120 129 135 138 140 140 140 134 93 79 55 43 45 47 46 55 68 69 71 63 62 51 50 58 63 63 60 56 54 52 56 65 70 65 57 53 57 63 69 61 67 77 76 83 63 46 41 42 44 52 69 77 81 95 91 121 68 20 18 26 33 30 34 32 37 39 36 37 38 37 33 33 37 39 39 40 43 45 61 67 62 
45 47 45 37 28 32 46 57 55 48 49 50 60 71 86 91 99 106 118 124 128 134 138 141 143 140 132 95 83 69 62 58 53 54 60 57 52 60 81 67 51 41 34 38 38 43 49 49 50 55 58 61 53 46 51 64 70 60 50 48 60 85 99 84 49 38 42 38 49 70 83 84 90 108 136 106 34 16 25 24 27 32 32 33 38 38 32 34 38 38 40 37 43 49 47 39 30 27 27 28 
45 44 41 36 28 28 39 54 57 51 46 42 57 72 85 94 102 106 117 124 132 136 137 142 142 138 137 104 85 78 74 62 57 56 57 53 49 42 44 53 52 47 39 35 41 46 50 48 45 45 45 46 56 57 63 63 63 58 51 52 58 88 96 87 56 26 27 37 46 67 79 84 102 120 78 31 34 33 24 22 29 33 39 41 46 49 44 44 40 41 40 34 33 38 39 45 49 46 36 29 
49 43 44 39 37 34 37 43 57 57 47 44 48 67 83 95 101 106 117 128 131 135 134 138 137 140 140 108 81 80 79 67 58 57 56 54 54 50 48 46 53 54 50 45 47 49 50 48 47 47 50 52 59 66 69 70 70 66 62 61 59 93 109 84 60 36 33 40 49 72 88 108 122 148 109 25 18 59 33 26 32 41 40 43 41 40 41 46 50 52 42 43 42 44 38 38 42 46 44 36 
50 44 42 39 42 47 46 45 48 61 57 48 44 62 83 97 102 110 117 125 132 134 135 139 140 141 143 120 80 77 80 62 55 58 59 57 54 57 55 56 55 55 53 47 48 48 47 47 51 52 55 59 63 65 64 64 72 69 68 67 66 76 82 76 50 35 33 46 63 102 86 63 67 147 138 39 20 35 81 70 88 105 99 92 86 88 86 74 70 60 65 69 63 65 68 62 52 45 48 46 
46 42 40 38 43 47 48 45 46 60 60 56 43 47 78 98 103 110 118 125 131 133 137 141 145 138 112 83 78 73 79 71 64 62 60 56 56 58 58 54 52 52 53 50 50 49 48 47 49 51 57 54 56 52 53 50 51 52 57 63 70 73 69 70 56 43 39 50 72 45 18 20 28 126 147 54 27 25 38 68 145 162 159 162 162 157 152 145 143 138 134 130 125 123 120 121 117 107 111 109 
49 43 40 41 46 47 48 48 47 56 62 61 50 45 68 100 104 111 121 128 134 133 139 137 98 69 64 62 75 70 69 76 71 66 67 68 60 58 57 51 57 53 46 46 47 44 38 40 47 51 50 41 37 40 46 41 37 38 39 57 66 68 67 81 64 52 53 63 26 15 15 22 28 96 111 36 71 44 60 115 144 156 153 156 156 148 140 137 130 127 124 121 119 118 118 115 111 115 110 103 
54 43 38 40 46 47 46 50 50 46 60 62 57 48 49 90 104 115 125 133 139 136 125 75 64 62 64 67 71 62 64 71 73 73 69 66 62 61 62 64 64 54 44 38 33 35 36 34 43 44 35 31 29 29 30 34 33 37 40 46 53 54 61 62 58 64 62 26 19 17 17 22 23 37 41 22 54 111 119 129 135 141 142 141 138 135 132 126 125 120 117 116 114 112 111 107 108 104 106 100 
51 46 44 39 45 51 50 53 57 61 70 68 61 54 46 54 98 120 129 136 140 128 78 66 63 67 63 74 71 63 61 63 73 69 63 63 60 56 65 66 66 75 73 44 33 33 41 41 41 38 33 29 29 31 33 31 36 42 48 52 57 53 67 71 88 61 22 17 17 16 16 20 22 25 23 20 50 134 135 129 133 136 134 134 130 124 120 120 117 117 112 112 111 107 102 104 105 105 103 94 
52 47 45 44 47 50 53 59 68 71 78 81 65 57 53 48 54 75 113 134 142 94 67 66 68 63 65 83 80 69 62 57 64 64 59 53 48 44 41 45 65 80 64 46 38 56 61 48 43 46 37 33 30 32 35 35 49 73 99 95 82 99 111 86 40 24 19 18 17 16 17 18 22 20 29 23 30 118 142 138 133 134 134 132 125 122 116 119 112 109 107 104 104 101 98 96 96 99 98 98 
57 51 46 47 48 49 55 65 73 82 86 89 79 65 59 57 56 47 46 77 102 73 69 64 61 57 58 72 84 67 66 62 69 66 53 47 42 32 31 33 36 45 49 42 47 58 40 40 42 40 34 36 35 37 48 71 111 115 109 116 115 84 38 24 27 23 24 25 18 17 16 17 19 23 29 30 25 47 134 146 138 138 138 136 131 129 131 125 121 119 113 109 109 108 104 94 96 96 97 95 
59 54 50 47 49 54 60 67 74 81 89 96 95 83 68 63 61 55 50 51 63 65 65 61 60 57 58 63 76 69 60 69 62 61 47 32 34 35 33 34 33 33 37 35 37 42 37 42 42 35 40 38 47 66 102 119 117 105 88 59 31 24 23 23 23 22 22 22 20 17 14 15 17 27 32 29 31 24 43 98 141 145 144 141 140 135 133 131 128 124 116 115 111 109 105 101 96 95 92 87 
57 49 48 46 46 52 61 70 77 85 93 98 104 104 96 75 66 64 64 64 70 66 62 57 57 59 54 58 66 83 81 68 65 64 46 32 34 37 37 34 38 37 37 38 37 35 40 41 40 45 64 81 96 70 56 47 27 21 23 24 25 25 21 22 23 23 22 22 21 21 22 22 22 22 28 33 35 27 21 29 72 122 131 140 144 142 137 133 131 126 122 122 117 109 100 101 92 86 86 84 
62 59 52 48 48 57 67 75 82 90 98 102 105 111 113 113 101 76 70 70 71 65 61 60 57 60 59 62 58 61 83 79 58 42 32 25 24 26 31 39 38 44 48 49 48 42 43 39 44 59 101 84 34 24 23 23 24 25 24 25 28 26 22 24 25 21 22 25 26 27 25 27 29 29 32 31 34 30 24 23 24 31 33 40 60 86 99 104 109 102 98 88 71 47 40 38 37 40 45 40 
63 59 54 60 58 66 74 75 81 91 97 103 110 115 119 126 134 129 99 77 72 66 65 65 61 59 60 61 59 56 58 66 51 45 34 30 31 37 32 33 27 26 48 49 45 44 40 37 35 35 34 34 32 31 29 29 28 27 26 24 26 26 24 27 24 25 26 30 28 28 30 31 31 34 39 41 36 33 27 26 26 27 24 24 26 31 33 32 44 39 35 37 35 37 31 33 31 31 33 32 
65 57 55 66 67 76 81 80 82 92 97 104 113 118 121 131 143 145 149 131 85 72 69 65 62 61 61 60 57 57 54 50 66 51 42 38 36 34 28 27 29 30 43 53 52 46 41 39 38 40 35 37 37 32 30 30 28 26 28 27 27 26 27 29 28 27 26 29 29 29 29 29 29 33 31 30 28 28 28 28 25 24 23 23 24 27 25 24 26 26 22 24 23 26 22 30 34 37 38 33 
73 62 51 61 67 69 75 71 81 90 98 106 115 124 127 134 147 146 152 154 122 75 69 63 62 61 59 56 55 53 52 54 54 41 38 36 37 32 29 32 37 46 43 47 53 53 50 44 37 37 33 34 34 33 33 29 30 29 29 28 31 31 26 30 29 27 22 25 25 25 24 26 25 29 30 29 28 27 25 25 21 23 26 28 25 26 26 26 28 25 23 24 25 28 36 51 51 54 50 45 
72 75 54 54 54 61 67 71 76 89 100 107 114 124 128 139 146 147 150 151 144 90 73 65 63 62 60 58 57 52 55 47 42 48 45 42 40 38 42 44 46 49 42 42 43 44 51 48 44 42 38 37 37 36 35 35 37 30 32 34 35 35 35 35 34 29 28 29 29 30 31 29 26 28 26 26 28 27 25 26 25 25 25 26 27 30 28 29 36 37 39 46 49 55 59 67 62 58 63 70 
71 72 63 52 52 55 64 72 78 87 98 109 118 123 126 137 143 145 146 146 149 125 77 64 63 59 54 54 54 52 53 48 45 45 43 43 43 43 43 44 42 43 42 41 42 43 45 43 45 43 44 44 41 37 37 36 35 32 35 39 45 52 62 71 78 73 67 56 41 38 35 35 32 37 53 38 32 27 32 35 35 36 40 46 59 74 97 118 127 124 118 116 109 108 106 107 107 108 106 109 
72 69 69 50 53 58 66 74 79 89 98 110 118 127 130 135 142 145 146 147 150 147 113 71 64 63 61 57 50 47 47 46 42 45 43 42 44 44 45 45 45 45 42 43 43 42 42 40 41 43 44 42 41 41 40 40 40 44 80 130 163 165 168 163 166 166 161 160 140 98 69 56 53 93 127 89 67 51 96 113 117 117 120 122 126 126 128 126 129 125 122 117 120 118 116 113 115 119 118 114 
71 66 73 52 52 55 62 69 73 83 92 106 120 131 131 135 142 148 147 145 150 146 145 112 74 60 59 62 55 49 46 44 42 42 41 44 46 48 50 51 51 51 51 44 43 44 46 44 42 42 44 45 48 49 46 61 105 152 167 163 163 165 166 166 166 168 166 163 159 151 150 144 134 117 106 121 104 87 126 140 138 137 132 134 129 128 129 127 126 125 122 120 123 122 121 121 121 125 125 121 
64 64 70 57 50 56 60 61 73 81 91 105 120 134 135 137 139 146 146 146 146 146 147 142 128 98 71 57 51 50 52 50 48 48 47 45 44 45 41 41 48 67 92 84 69 54 47 44 44 41 42 46 48 78 122 161 167 169 162 160 166 166 166 170 171 166 166 162 161 158 152 145 143 142 145 143 141 146 151 152 148 146 143 141 139 136 135 133 126 122 121 124 123 125 126 121 122 127 126 127 
62 65 62 58 52 52 58 63 72 84 98 111 123 134 140 138 138 147 147 146 142 142 145 144 144 144 145 134 119 111 106 105 104 101 107 112 120 134 146 152 153 151 152 153 147 144 138 130 122 120 123 134 156 160 159 162 164 168 166 159 162 164 166 169 170 170 170 166 163 162 155 148 146 146 147 150 150 155 159 159 155 154 154 151 149 147 141 137 133 130 122 127 125 127 130 124 125 129 129 131 
68 67 62 63 52 52 59 69 77 91 106 116 125 139 141 141 139 144 147 146 142 143 146 146 146 145 147 146 148 148 148 150 151 150 153 148 151 156 156 157 154 154 151 151 148 150 148 148 147 149 152 154 156 156 162 155 159 165 169 163 165 166 166 169 170 170 169 169 165 162 156 153 149 147 151 157 156 155 157 158 156 155 155 156 156 152 151 148 140 135 137 137 134 137 134 131 130 133 133 130 
69 66 62 62 53 53 59 74 85 100 114 121 128 139 143 141 141 143 147 146 142 143 145 145 147 147 145 145 146 151 152 155 157 155 152 151 152 155 155 156 151 150 151 150 148 149 150 148 146 148 152 152 155 158 160 154 158 163 167 161 163 164 165 167 169 170 170 166 167 164 160 157 153 150 152 158 158 156 160 161 160 159 155 157 159 160 160 156 153 148 148 145 143 144 140 139 139 136 134 137 
65 66 64 54 59 51 59 71 80 95 111 122 129 137 144 143 142 141 145 145 142 141 142 145 131 127 132 146 147 153 154 155 157 156 153 153 153 151 154 156 150 145 150 151 151 146 151 147 147 147 152 153 153 156 155 154 159 162 167 163 166 166 162 164 162 166 167 166 166 167 165 161 160 157 155 159 159 159 163 162 164 161 159 157 161 161 161 158 154 154 152 153 151 151 146 143 143 139 139 138 
64 67 68 54 70 59 68 72 79 90 102 114 124 132 138 144 148 143 143 141 141 141 141 158 145 129 128 150 148 150 150 151 152 152 153 153 152 148 151 155 150 145 151 154 152 148 149 148 147 148 152 153 155 154 151 156 155 160 164 164 162 166 157 163 165 168 170 165 169 170 167 166 162 163 163 162 162 164 162 161 163 161 163 163 162 165 160 161 159 159 159 158 160 154 149 150 150 146 144 142 
63 65 54 50 58 80 82 80 82 84 101 115 122 128 134 142 143 141 140 140 137 139 144 154 159 120 116 152 146 150 148 148 150 152 153 155 158 156 157 156 154 148 148 151 152 150 149 149 149 149 152 155 151 152 156 155 156 164 166 164 161 162 164 165 163 167 169 169 170 169 169 169 170 164 162 162 161 166 168 167 165 164 166 166 167 166 163 161 163 166 167 163 162 161 154 154 153 150 147 146 
55 53 39 36 38 55 70 84 87 86 104 120 124 129 135 135 134 131 127 126 121 118 120 132 167 122 113 150 148 148 149 149 150 152 153 152 155 158 165 169 157 151 148 151 153 152 151 148 145 145 151 155 155 154 157 159 159 162 164 163 162 162 162 160 164 166 172 173 170 168 163 166 166 165 164 164 166 169 168 167 168 168 167 168 166 163 164 164 168 167 172 170 166 166 163 160 157 151 154 151 
59 61 57 41 37 58 88 97 93 87 88 89 86 91 84 88 92 97 100 104 107 110 104 86 145 142 121 151 151 150 152 151 149 150 152 153 154 158 164 169 164 155 148 149 154 152 153 150 144 144 148 154 155 156 154 157 157 157 158 157 158 159 164 164 168 166 173 173 170 168 163 166 167 168 173 170 170 170 172 171 171 170 171 170 166 162 161 165 166 172 175 171 167 165 168 161 159 157 157 155 
85 86 81 79 81 63 54 51 50 55 57 56 58 67 76 81 90 102 100 105 111 109 111 105 121 160 117 153 154 153 153 151 150 150 155 154 156 158 161 163 162 157 154 148 154 155 156 152 146 145 146 151 152 154 154 155 154 155 155 155 154 159 162 164 171 167 172 171 172 168 167 169 171 170 168 171 171 171 174 173 172 172 172 174 167 162 164 165 164 171 172 173 172 168 165 165 163 158 157 158 
93 90 87 81 81 66 52 47 48 50 57 59 58 68 72 79 86 99 101 105 109 109 111 111 125 127 107 143 153 153 152 153 153 149 156 157 159 160 161 163 162 158 158 153 160 160 154 153 151 148 149 148 151 151 150 152 151 151 154 160 160 158 160 163 166 168 167 167 169 171 174 172 169 169 169 174 173 169 171 173 173 173 174 176 173 167 166 164 166 172 173 173 174 173 168 166 167 163 155 153 
92 91 88 84 84 84 58 47 41 45 54 60 65 71 76 81 87 92 99 101 97 102 107 112 133 110 76 90 140 154 157 156 154 150 155 160 161 162 161 160 159 155 161 155 159 162 159 155 152 152 152 153 153 158 153 156 154 157 158 157 162 162 165 165 165 167 168 167 169 168 172 170 170 167 172 173 173 173 173 173 178 178 178 175 173 171 167 166 165 166 168 173 173 175 170 168 168 166 163 161 
89 89 86 82 81 84 80 51 46 48 51 58 63 71 79 86 89 91 98 98 100 101 106 115 119 100 89 72 90 136 152 157 157 154 156 161 162 162 161 161 159 154 154 155 156 159 158 159 156 156 152 153 155 156 155 156 157 158 156 157 165 167 166 166 167 169 169 169 171 171 174 171 169 163 173 172 171 170 172 175 176 178 178 177 177 174 167 162 162 162 165 171 173 174 172 169 167 164 163 163 
88 88 87 85 83 86 87 78 60 51 54 60 66 72 77 85 85 91 90 92 98 98 105 111 105 91 97 102 83 86 134 155 156 157 160 162 160 161 162 162 161 154 151 153 154 158 159 158 156 153 154 156 158 157 156 155 159 155 160 163 161 165 167 168 173 172 169 169 172 174 173 170 169 171 172 177 179 175 178 179 179 178 177 177 177 178 170 162 163 165 164 168 170 174 174 169 170 169 167 160 
87 87 87 83 81 85 84 87 70 54 56 57 64 72 79 82 87 85 91 94 96 101 105 103 96 97 104 109 105 76 82 137 150 158 158 160 159 161 162 161 164 157 154 152 153 155 158 156 154 149 149 151 154 155 155 158 158 156 160 163 165 167 171 167 172 169 170 173 172 173 170 171 171 170 170 176 180 177 177 177 178 178 180 178 180 181 175 164 164 164 159 160 168 170 169 169 170 170 167 161 
93 92 91 83 82 82 82 86 85 63 58 61 61 66 72 77 85 83 84 92 95 99 96 98 98 101 107 105 109 102 78 80 133 150 157 160 159 158 160 161 163 156 153 155 158 155 159 155 155 154 148 149 152 152 151 155 156 156 158 160 165 165 165 168 170 170 171 173 170 170 172 168 170 170 170 171 177 177 178 178 177 177 177 177 178 178 177 170 162 161 160 161 161 163 165 168 170 170 168 165 
93 92 91 88 86 82 83 86 86 82 59 63 64 66 67 71 76 80 84 91 90 88 88 93 101 102 103 104 105 106 103 77 73 121 147 156 158 155 156 157 161 157 157 156 155 157 166 155 156 151 149 150 153 154 151 152 153 157 156 158 159 164 165 168 169 169 170 167 166 173 175 171 168 168 171 170 176 175 178 179 174 173 172 174 180 178 179 175 163 163 162 164 162 162 160 166 167 167 164 162 
91 90 87 88 85 81 83 86 84 88 83 77 61 69 67 68 70 76 84 87 89 89 92 95 96 95 101 102 105 106 106 100 83 70 121 148 158 156 160 159 157 157 158 156 157 154 160 156 158 151 152 152 152 152 153 155 156 154 155 158 158 159 161 166 167 167 166 167 170 164 167 167 166 166 167 168 175 178 176 175 174 173 172 172 176 178 178 173 167 166 164 159 160 159 159 165 165 163 163 163 
92 88 86 86 83 83 84 86 85 87 90 70 60 63 67 66 70 79 84 86 86 84 89 93 93 91 97 99 98 101 106 108 100 84 71 122 149 154 160 161 156 157 157 156 157 156 160 157 161 154 156 153 152 151 154 152 152 150 154 155 156 156 159 162 164 162 165 165 170 167 164 164 165 165 165 167 175 179 176 174 174 173 173 173 174 176 176 175 168 163 160 159 156 157 157 158 159 160 163 163 
91 88 86 85 84 86 86 87 87 87 90 91 67 64 67 64 71 74 79 85 89 88 90 94 95 100 101 100 100 104 111 110 104 100 86 67 123 148 159 160 156 156 156 156 157 158 159 157 164 161 158 156 152 150 155 153 156 155 152 152 156 155 153 156 159 161 166 164 163 162 162 164 166 166 167 168 174 177 175 174 174 173 174 173 172 172 171 170 169 165 159 158 158 158 157 160 156 155 159 162 
90 88 86 86 85 86 86 87 87 87 89 88 86 61 62 64 72 76 78 79 86 87 90 91 97 99 98 98 101 104 105 106 104 107 107 71 66 120 146 157 156 156 156 157 157 153 155 157 161 165 163 158 152 152 158 156 161 160 161 162 159 158 156 160 161 161 162 166 162 160 159 162 166 165 165 164 169 172 172 173 173 174 173 174 172 174 170 169 171 166 161 160 158 158 158 159 155 156 157 158 
89 92 90 87 86 85 86 87 87 87 90 89 94 82 71 68 73 77 75 79 82 83 84 87 95 99 100 98 101 103 102 104 103 104 106 99 79 64 116 148 155 154 152 156 156 152 153 157 160 166 162 159 157 151 153 158 164 160 160 161 163 162 161 163 161 161 164 166 164 161 158 164 167 165 164 167 167 170 175 170 169 171 170 170 169 166 167 171 169 165 166 165 159 156 156 154 151 150 151 156 
88 88 89 86 86 87 87 87 87 85 89 88 92 93 87 75 75 73 75 79 80 85 85 87 90 93 93 95 100 101 101 99 100 103 105 109 102 79 64 117 149 152 153 156 156 153 154 156 157 165 159 156 156 151 151 155 160 159 159 162 160 162 162 162 162 162 161 160 162 157 161 164 161 162 161 164 166 166 169 170 169 170 171 167 166 166 165 167 171 167 163 162 160 157 154 155 151 149 153 154 
86 86 83 83 85 85 86 87 87 85 88 88 90 94 92 78 77 76 79 79 82 87 83 85 85 90 91 93 92 92 93 94 97 100 106 108 106 96 81 59 109 139 151 155 154 151 153 156 154 162 159 156 156 151 154 154 158 158 157 160 163 163 162 165 166 166 163 161 160 157 159 158 162 160 160 163 165 165 168 171 168 167 171 166 166 167 164 166 169 166 161 160 159 160 155 157 151 149 151 151 
85 85 83 80 83 85 86 85 84 87 87 86 89 91 93 88 73 78 81 82 85 89 88 89 88 91 91 91 89 89 89 90 98 104 107 105 107 105 98 72 54 100 139 148 148 153 156 157 151 158 159 156 155 152 152 152 153 155 154 153 159 159 159 159 162 163 162 163 161 160 160 160 160 158 153 155 164 165 168 169 166 165 166 165 166 167 163 164 168 164 158 158 158 160 158 157 153 150 150 150 
87 86 82 81 84 82 83 87 87 86 89 91 90 88 92 92 81 75 78 84 80 83 87 90 90 95 97 95 96 94 93 99 104 104 103 100 106 106 110 100 70 52 99 136 143 150 153 154 151 151 161 157 156 154 152 152 152 152 155 157 161 161 162 159 157 161 162 163 163 163 162 161 157 159 160 154 163 166 167 166 165 164 161 162 161 162 161 158 161 161 158 158 158 158 158 158 156 151 150 150 
