66 69 70 73 71 61 49 52 53 22 30 36 43 52 60 70 78 83 86 92 96 64 55 59 55 53 55 56 56 56 55 54 55 58 57 58 59 55 52 50 49 56 59 54 51 50 53 57 58 58 59 60 58 61 60 60 60 60 59 60 59 58 59 57 61 61 60 58 59 58 55 55 59 93 118 146 158 170 171 167 169 170 171 178 169 134 150 161 160 159 156 154 153 152 149 147 148 145 134 110 
73 75 76 80 81 64 50 54 51 14 23 32 27 25 23 20 17 19 22 24 30 44 53 57 56 54 55 56 57 57 56 54 55 55 57 58 59 56 53 52 49 51 58 56 51 50 53 58 59 59 59 59 59 59 58 59 58 58 59 58 56 56 56 54 54 55 53 50 46 40 41 55 89 113 147 164 166 167 171 176 174 158 171 174 167 154 154 153 149 150 154 154 149 142 134 130 134 130 116 88 
76 81 82 81 82 60 49 57 48 13 46 66 66 62 58 52 49 42 35 39 35 41 54 54 57 55 55 54 54 55 56 55 55 57 56 55 58 59 58 55 50 49 54 55 52 50 52 56 57 59 58 58 60 60 60 59 56 54 53 54 54 55 55 54 53 46 41 42 47 50 55 60 85 123 161 172 173 170 166 171 170 166 167 166 164 158 151 141 128 142 142 138 127 87 58 54 58 75 66 60 
78 86 89 87 83 58 49 58 43 15 53 66 66 65 62 58 64 51 45 56 54 52 56 54 52 57 55 54 54 55 55 56 55 56 57 57 58 57 59 53 49 47 48 57 54 51 51 55 58 59 59 58 60 60 56 56 55 57 58 58 57 51 45 41 38 46 50 50 53 64 68 84 118 162 178 175 171 167 148 147 162 164 159 159 157 154 151 149 147 137 115 88 59 57 59 62 63 62 62 60 
90 93 96 92 87 56 49 63 37 18 57 67 66 65 64 60 56 46 52 55 51 51 56 53 53 58 58 55 53 52 54 55 56 56 57 57 56 56 58 55 51 47 47 51 56 51 51 55 59 59 60 60 57 57 57 59 53 47 41 38 36 40 41 46 48 55 59 61 66 73 81 99 133 172 171 168 167 156 129 125 151 152 150 154 157 156 141 99 63 54 60 64 65 66 66 67 65 63 66 67 
94 96 99 96 87 55 50 64 31 18 49 54 61 59 51 46 46 44 50 54 54 58 62 54 54 53 55 55 53 53 54 58 56 56 56 56 56 57 56 55 52 47 47 46 53 52 51 51 56 55 48 45 43 43 41 38 42 46 54 55 57 63 68 74 72 72 76 76 72 72 79 106 148 165 162 159 152 146 135 132 108 96 94 93 97 80 54 48 54 57 61 66 66 67 66 64 64 68 67 66 
90 95 95 93 79 54 54 66 26 22 43 44 56 54 40 36 37 41 52 56 40 44 79 61 53 53 55 58 55 52 51 52 56 56 55 56 55 55 55 55 53 48 47 47 52 54 48 49 47 34 29 32 38 47 49 55 66 69 71 69 70 72 68 69 73 69 69 66 63 67 75 96 116 124 145 147 133 117 90 65 49 43 45 50 53 52 55 57 59 62 66 69 69 64 59 66 68 66 64 64 
100 104 107 103 82 54 54 66 27 26 47 49 57 57 45 42 45 41 84 81 42 51 89 75 52 56 55 56 57 53 51 49 51 54 56 56 55 54 53 54 55 52 47 46 49 49 43 29 29 39 49 52 56 60 65 69 67 64 64 68 70 69 66 64 62 59 59 59 62 63 81 116 130 135 129 105 76 58 52 46 45 47 51 54 58 59 61 62 63 63 66 70 61 60 66 68 68 66 65 65 
111 115 114 111 83 51 57 70 20 29 52 49 46 49 40 41 74 53 68 72 52 54 83 74 53 55 53 54 54 57 54 51 49 51 54 56 56 53 53 52 52 53 50 46 46 41 42 51 52 54 58 66 69 74 70 65 66 69 73 75 72 67 62 57 56 56 57 70 91 113 126 138 128 100 70 56 56 48 48 51 54 56 57 58 59 61 64 63 64 66 66 62 60 66 68 69 70 66 66 65 
113 116 114 110 75 50 60 67 17 43 67 57 46 44 42 42 42 50 69 49 32 39 41 43 55 55 54 54 53 56 57 52 52 48 47 53 54 52 53 53 52 52 51 46 45 55 55 60 64 66 73 74 71 67 69 69 74 76 71 70 66 62 62 65 73 87 103 132 151 150 131 99 68 57 56 48 47 52 54 57 59 63 63 61 62 64 63 65 66 66 62 58 65 67 68 67 66 65 65 66 
108 113 114 105 66 51 64 61 17 54 72 74 59 50 44 43 44 61 94 70 43 73 102 98 74 55 53 52 55 56 57 56 55 52 45 45 50 50 48 49 51 49 46 46 59 59 61 72 77 76 78 76 71 72 73 74 74 72 71 72 73 80 94 112 122 137 152 150 134 105 71 55 53 51 52 51 56 59 61 63 64 62 64 61 63 61 63 65 65 62 56 61 66 66 68 65 67 65 65 66 
112 113 112 106 64 53 66 56 18 62 79 85 71 58 47 48 52 79 94 62 45 87 103 91 69 55 55 52 53 53 54 56 55 52 52 48 42 43 38 34 32 26 34 51 63 65 73 76 75 74 76 78 77 80 79 76 75 77 87 97 105 123 142 149 151 147 137 110 74 56 57 54 54 57 60 60 62 63 62 63 63 63 62 65 62 61 64 63 65 58 61 66 64 67 68 66 66 67 66 66 
120 124 121 111 62 54 71 49 23 70 80 80 66 54 61 58 49 69 98 52 44 77 102 90 46 47 55 53 52 49 47 42 39 38 35 25 21 21 24 33 44 50 66 72 76 77 77 76 78 78 78 80 79 82 86 87 89 101 125 144 156 149 146 142 133 112 76 58 58 56 58 59 59 61 62 63 61 62 61 61 61 62 65 64 64 62 65 65 60 59 65 66 64 66 67 66 66 68 67 66 
121 126 122 105 51 55 75 42 29 78 78 80 72 53 77 63 53 83 99 45 57 60 94 88 68 57 49 45 36 29 28 31 36 44 49 47 53 58 57 60 73 79 81 73 72 72 77 74 78 77 82 80 87 88 85 97 109 124 145 157 152 141 134 116 94 53 53 52 54 57 59 58 59 62 62 62 63 63 61 62 62 62 62 63 64 66 64 61 61 64 66 64 64 66 65 66 67 66 67 67 
116 123 121 101 53 59 76 33 39 95 96 95 89 59 71 61 55 90 96 49 53 59 97 85 68 51 43 45 45 50 57 60 60 61 62 65 68 67 74 75 82 78 74 72 70 71 72 74 80 84 90 89 83 83 107 137 148 151 149 144 131 110 70 50 48 66 71 53 55 56 57 59 60 61 60 61 62 63 63 62 62 60 63 63 62 64 63 61 64 66 61 62 64 66 65 64 66 66 67 67 
119 123 123 96 51 61 74 25 50 99 100 100 90 56 65 67 88 81 64 49 52 58 93 84 65 54 52 55 57 63 68 74 71 76 76 77 80 87 86 79 74 76 81 77 76 76 76 75 80 86 85 78 89 123 148 150 138 123 107 81 58 40 30 31 36 60 111 58 54 54 56 58 62 61 61 60 61 64 63 62 62 60 61 61 62 62 61 65 65 65 64 62 65 66 64 63 65 69 67 67 
125 126 120 89 51 63 71 22 38 73 72 74 68 53 55 73 102 104 84 51 55 54 62 60 62 65 62 66 63 65 74 78 78 83 79 83 86 92 83 78 69 71 92 85 81 82 78 80 86 81 77 90 111 118 111 88 60 41 34 33 30 31 30 30 30 34 81 84 53 53 57 59 60 59 62 61 60 63 62 61 60 59 58 63 62 61 63 67 67 65 65 62 64 66 64 64 63 65 66 67 
120 124 117 78 51 67 67 21 40 60 57 60 56 51 52 76 84 78 65 58 57 62 67 70 71 74 69 69 71 80 82 85 88 88 90 90 90 85 83 79 71 65 75 82 85 89 89 84 83 80 88 82 69 52 42 39 33 32 34 34 33 28 28 29 28 28 37 72 50 52 56 56 58 58 59 61 62 62 59 57 59 60 62 59 61 62 64 67 63 63 62 63 64 65 65 66 65 64 63 65 
121 123 113 70 56 72 58 21 51 66 63 52 51 51 50 42 52 55 55 60 67 71 71 77 77 77 75 81 88 96 103 99 105 103 107 106 102 94 93 81 72 71 68 79 94 110 113 111 115 107 80 54 47 47 48 44 39 35 36 33 32 33 29 26 27 30 31 48 58 48 54 55 57 61 60 59 60 59 60 58 59 60 61 59 63 64 63 64 63 63 64 64 65 65 64 64 66 64 65 65 
123 126 117 65 57 73 55 20 51 64 67 63 56 56 51 49 54 59 68 70 73 76 76 86 89 84 86 100 107 123 133 132 123 119 123 127 114 108 98 86 81 86 85 103 123 135 139 131 105 73 57 59 60 58 55 50 46 41 41 41 39 34 34 31 30 30 32 32 29 37 49 53 56 56 57 59 59 57 56 56 57 57 56 61 65 62 62 60 61 61 63 63 63 63 63 63 63 64 63 66 
118 125 115 61 58 74 48 27 56 50 50 52 55 50 52 56 69 74 72 70 75 81 89 108 113 112 110 121 138 153 163 156 140 130 135 136 130 132 130 120 115 125 132 146 146 140 129 99 78 74 81 79 72 68 65 62 56 53 45 42 46 42 39 36 31 33 51 61 44 28 38 44 49 38 55 57 50 40 49 43 49 58 59 62 62 59 61 59 61 61 63 64 64 64 63 63 60 61 62 60 
118 119 105 56 62 79 42 33 70 68 70 58 54 59 61 70 79 90 94 97 102 106 109 133 147 146 145 142 160 166 168 163 150 143 140 142 155 157 156 150 151 153 151 151 142 130 113 95 88 92 96 100 97 98 88 80 69 66 60 50 42 43 44 40 32 65 113 112 86 64 69 82 106 62 109 119 117 92 103 66 38 51 60 60 59 59 60 58 61 61 62 62 60 61 62 62 61 61 60 60 
117 118 98 54 63 74 33 40 57 50 56 58 65 72 81 91 107 119 133 136 132 140 146 162 168 167 167 163 165 167 167 163 156 152 156 162 164 162 165 161 161 159 149 150 146 140 134 120 117 120 121 120 124 125 118 110 97 83 75 68 53 48 47 44 37 82 106 109 114 121 112 122 98 132 140 133 129 121 92 101 86 43 58 56 56 58 57 54 59 61 62 62 61 59 60 59 59 59 60 58 
118 116 87 53 65 73 34 40 45 57 64 83 95 115 133 138 145 158 161 164 161 165 172 173 172 177 174 169 167 166 164 159 154 157 159 161 161 163 163 163 162 159 161 161 158 152 141 138 140 141 141 141 146 148 142 131 128 123 113 107 87 67 64 70 73 84 118 131 151 135 133 144 164 151 132 127 125 139 134 110 62 32 53 55 55 56 57 58 60 59 60 61 61 60 60 60 60 60 59 59 
112 110 77 55 66 65 44 79 85 87 99 117 139 155 161 162 166 168 171 175 174 175 176 178 179 179 175 169 167 166 165 154 154 157 157 159 158 160 162 160 162 167 166 164 161 161 159 158 155 152 151 154 158 156 152 148 147 146 145 141 132 113 91 87 92 124 149 149 159 143 143 170 165 149 140 124 123 134 133 113 93 32 43 54 54 57 58 58 59 60 60 60 60 60 60 63 61 60 60 60 
107 105 66 54 68 74 124 138 137 141 144 150 161 166 165 166 166 173 175 176 173 174 176 178 180 178 171 165 165 163 160 153 155 154 153 154 154 157 157 156 160 163 165 165 163 164 165 164 159 158 155 155 155 157 155 150 143 146 150 153 155 142 118 106 133 163 166 165 172 177 169 162 158 159 156 150 117 113 119 109 83 39 43 54 54 57 58 57 57 59 59 58 58 59 59 60 59 57 58 59 
110 104 65 58 76 126 168 169 170 168 168 168 166 161 143 130 129 140 158 165 170 171 163 166 172 174 170 159 162 162 159 157 155 154 154 154 152 152 152 153 157 160 163 165 166 171 168 167 162 162 160 160 162 163 161 157 145 148 153 155 153 146 133 147 173 184 190 188 184 182 174 177 167 157 169 156 128 108 112 108 72 42 52 54 54 55 56 57 58 60 59 57 56 57 58 56 56 55 57 55 
137 126 102 77 127 159 170 173 179 181 177 161 136 111 99 95 102 110 120 133 146 159 164 162 160 164 165 156 160 163 161 158 155 156 155 153 152 153 151 150 153 158 162 168 169 170 167 164 162 163 161 158 159 162 163 162 157 139 127 158 152 143 149 161 175 184 187 185 184 177 177 181 164 154 159 155 133 115 116 98 65 56 79 87 89 85 75 65 57 56 57 59 60 59 59 57 58 56 56 56 
56 33 49 78 120 153 162 166 170 167 135 96 85 90 90 89 90 93 97 106 112 128 153 161 158 152 154 149 154 159 162 161 159 159 155 151 154 154 154 154 156 161 165 171 176 171 168 166 164 163 161 157 157 160 160 157 149 139 129 134 153 164 165 167 170 178 179 184 188 183 182 180 172 156 153 142 123 111 100 90 59 80 96 100 116 120 114 120 119 102 80 66 60 61 60 60 57 57 56 56 
67 41 26 46 66 95 102 114 130 91 69 71 75 79 77 77 81 82 84 89 95 101 110 123 144 146 142 137 151 161 163 160 159 158 153 153 156 157 156 156 158 162 167 172 171 169 165 165 161 159 156 155 152 154 154 146 158 170 158 153 170 178 178 177 174 175 177 186 191 192 190 188 183 175 151 133 137 121 91 76 49 92 101 103 117 119 116 127 135 135 135 133 115 87 61 57 56 55 57 58 
16 15 17 37 39 32 26 55 69 65 73 76 76 77 75 73 72 67 65 68 73 85 93 100 107 116 126 127 145 157 159 159 157 157 153 155 157 158 158 156 160 167 169 170 164 159 161 159 159 158 156 155 152 154 149 155 171 166 162 165 171 170 174 173 169 165 160 181 192 192 190 178 170 163 148 134 117 111 89 55 67 91 92 96 116 118 119 125 135 138 141 145 126 89 57 37 31 28 31 60 
25 21 24 20 14 18 61 78 77 78 74 70 68 74 78 73 66 67 70 68 61 66 77 88 88 96 99 106 128 148 154 156 157 155 155 159 159 159 159 158 160 163 163 162 162 153 147 155 162 156 151 148 146 145 145 162 158 156 165 161 163 167 167 166 164 158 158 172 186 187 193 189 179 167 151 119 94 87 64 63 91 86 92 97 111 108 118 123 133 139 131 115 102 82 63 55 50 37 23 47 
26 26 32 29 33 60 78 77 77 71 62 59 59 68 79 76 73 71 63 65 63 67 69 78 82 86 88 87 91 119 140 147 154 154 156 159 158 158 158 157 156 160 164 161 160 159 158 159 156 151 147 141 142 145 157 159 159 163 161 159 167 173 175 166 166 171 173 178 182 181 183 172 160 145 121 93 73 67 70 76 80 90 94 100 100 95 109 118 125 119 87 70 69 73 64 60 55 53 48 62 
34 61 67 74 73 77 75 73 72 59 53 52 53 64 73 69 75 77 79 73 66 60 66 67 75 81 84 71 76 81 108 135 145 150 149 154 154 152 148 147 150 152 156 155 158 157 158 157 149 148 145 148 168 183 188 183 176 169 165 165 167 168 170 168 170 165 167 168 174 163 152 144 125 90 77 85 106 94 78 76 73 95 95 96 94 91 95 106 117 109 81 59 58 49 56 61 53 51 63 73 
61 71 73 75 71 77 76 71 61 52 44 41 43 49 57 61 65 72 80 82 78 71 61 57 66 76 82 81 61 66 78 99 133 146 153 156 157 155 152 149 143 140 142 144 146 148 151 148 148 149 164 174 186 194 200 196 191 177 173 172 168 166 161 164 165 165 168 158 147 136 120 100 88 89 96 91 108 105 80 80 74 86 95 81 83 88 86 99 110 97 73 65 55 48 47 60 69 71 75 76 
67 75 75 71 65 69 74 71 62 55 46 41 41 42 44 46 51 58 66 75 76 79 76 69 63 63 65 69 72 57 60 71 93 130 146 147 146 149 152 151 148 146 144 138 135 133 127 131 149 171 170 179 191 197 201 202 196 185 173 169 159 156 154 161 154 150 147 138 122 93 99 108 99 96 92 90 118 120 96 78 74 74 94 99 79 73 78 85 97 87 64 58 54 56 67 73 72 73 78 78 
72 74 73 71 67 65 64 71 68 62 52 46 44 44 46 46 47 47 53 62 71 77 71 71 66 68 68 70 73 72 57 57 65 85 118 130 129 130 136 141 148 146 144 144 142 140 130 140 169 172 168 170 185 192 198 199 197 190 171 162 155 150 150 139 120 113 105 97 99 94 121 120 107 103 88 88 121 129 112 82 81 89 78 109 93 81 71 72 78 72 70 59 47 62 72 76 76 75 76 77 
72 70 70 71 67 53 55 62 58 58 55 47 44 42 44 44 42 44 48 51 58 64 66 68 67 63 58 69 71 74 70 56 54 62 68 76 76 74 81 92 107 124 138 143 145 145 137 158 167 172 168 170 174 187 196 199 192 179 172 163 157 135 131 119 105 97 98 102 112 94 124 129 117 106 91 86 123 129 119 94 80 106 84 85 101 86 60 53 72 74 76 67 50 66 73 74 77 77 78 76 
63 66 64 61 67 66 64 57 61 55 52 51 48 46 48 45 44 42 43 49 54 50 51 47 43 39 41 45 47 47 47 55 61 66 75 74 76 72 75 76 76 84 105 131 145 149 145 154 156 167 166 167 168 185 190 187 187 180 170 161 144 116 108 118 119 104 106 114 98 95 128 135 122 109 93 85 123 128 124 103 77 107 96 68 86 67 65 72 78 76 77 75 66 59 68 71 74 75 77 76 
46 46 49 57 63 62 62 66 66 63 62 58 50 48 47 41 42 41 39 40 43 46 50 46 44 44 48 56 60 62 61 68 69 73 77 82 86 87 84 79 81 81 81 101 137 149 139 142 138 149 167 174 180 188 186 185 181 168 146 133 113 113 123 122 114 106 111 106 97 103 129 133 119 105 92 84 127 129 122 108 81 96 93 64 71 72 73 75 77 78 77 77 77 65 59 68 71 71 72 73 
41 41 42 43 44 45 48 54 56 58 60 60 61 59 53 51 52 52 55 54 53 55 56 53 57 56 61 71 70 71 71 72 74 79 81 83 83 86 89 90 81 87 81 83 119 141 127 131 135 149 160 167 177 185 185 180 171 154 125 89 103 123 125 121 114 108 105 104 101 112 128 126 117 101 89 84 121 127 118 104 76 66 72 71 74 73 74 77 78 76 76 77 78 77 65 64 72 71 72 74 
40 38 41 41 39 41 44 46 45 50 53 55 58 62 62 60 60 59 57 60 63 63 61 60 63 68 64 70 71 66 69 71 71 74 75 77 76 79 85 84 85 79 83 80 98 122 124 121 124 136 144 147 155 162 167 155 146 133 100 83 95 113 121 117 112 107 108 109 102 123 125 123 113 99 90 79 112 122 111 80 68 73 74 72 72 73 78 76 77 77 75 76 74 76 77 67 63 73 74 72 
35 38 38 40 39 41 39 42 42 43 43 45 45 51 55 60 57 59 62 60 62 70 66 66 67 66 60 63 64 62 67 69 64 65 67 68 67 69 71 80 85 77 80 82 92 131 123 125 131 131 129 130 132 136 145 151 145 116 114 90 84 110 115 114 109 109 111 108 105 131 126 122 112 101 91 75 102 105 80 73 75 74 73 72 71 76 80 80 79 78 75 73 73 74 79 78 60 65 76 74 
32 35 38 39 42 40 42 45 50 49 52 56 55 52 50 43 41 43 49 52 56 58 59 60 59 55 53 54 56 56 58 63 64 65 62 65 66 65 69 72 82 79 78 85 110 139 126 132 134 130 133 136 138 138 143 137 113 105 101 71 96 109 112 110 110 112 111 105 107 131 127 124 119 110 92 78 97 75 75 77 74 75 75 73 74 77 78 79 77 79 79 76 72 73 75 81 77 63 68 75 
45 48 46 46 49 47 51 43 40 42 43 46 47 45 50 56 61 61 53 41 41 45 52 52 49 50 49 51 52 54 54 56 56 58 57 59 58 59 63 72 84 77 89 104 130 138 134 137 139 138 131 134 139 141 137 123 98 98 71 60 97 108 113 114 117 117 114 106 123 126 124 126 125 118 87 81 82 74 77 78 77 76 74 74 74 79 78 80 77 76 80 81 78 73 72 77 82 77 65 71 
32 32 31 41 53 48 47 43 40 41 44 48 46 45 49 52 49 51 58 64 64 49 41 45 45 46 50 50 49 52 50 50 51 50 48 52 53 59 66 76 82 91 118 138 138 142 142 145 141 140 142 148 143 140 127 103 93 83 51 65 96 106 114 121 126 121 112 110 126 123 121 126 130 130 88 74 75 78 78 74 75 77 75 74 77 78 78 81 79 77 77 82 81 77 76 76 78 83 74 64 
30 32 35 51 46 37 40 43 52 53 54 52 47 47 48 52 48 52 50 48 64 71 66 55 45 44 43 44 42 45 44 46 46 46 50 55 60 67 74 75 97 136 147 146 140 144 144 134 124 131 155 148 131 130 121 103 91 63 48 82 92 104 108 109 119 116 108 113 120 120 119 121 119 111 73 66 73 76 76 76 74 73 73 76 80 82 81 80 79 81 80 79 79 81 78 76 73 79 81 74 
31 32 35 30 35 41 50 51 53 55 53 53 51 48 48 48 46 55 53 40 49 61 71 71 77 69 61 57 52 47 46 49 51 54 57 65 79 87 97 114 139 151 147 153 146 147 153 147 135 137 144 131 138 136 111 92 75 42 47 82 83 92 95 94 100 99 96 102 109 107 99 85 70 65 65 71 75 77 76 75 74 73 74 77 80 79 79 79 80 80 79 80 80 78 81 78 72 75 81 80 
34 23 31 42 45 48 54 54 53 53 54 63 59 54 47 47 43 43 43 37 35 52 59 64 77 107 106 81 76 74 74 78 84 93 106 111 119 132 139 142 146 153 160 155 156 160 162 157 158 148 122 110 77 53 42 48 32 26 45 83 86 82 72 70 70 81 77 67 65 61 59 66 63 64 67 71 76 75 75 76 77 77 78 77 80 79 79 79 79 81 78 80 80 80 82 79 75 71 77 81 
31 32 49 47 44 44 52 55 53 61 57 54 56 57 47 42 39 35 33 28 31 45 51 48 55 106 143 110 75 79 115 134 140 143 146 142 148 151 154 154 145 145 156 156 162 161 162 160 153 106 61 35 29 30 32 33 19 16 40 81 87 85 80 80 77 65 58 61 62 62 64 63 66 68 72 70 74 75 78 77 77 77 77 77 77 79 79 81 79 80 79 80 80 81 82 78 75 72 72 79 
42 41 42 47 46 49 59 62 64 67 64 56 59 58 57 51 49 48 42 46 62 71 79 70 52 56 111 137 106 71 92 123 132 135 139 146 155 157 162 168 164 153 157 161 162 158 157 147 82 32 21 21 26 29 31 33 33 20 40 77 82 81 78 77 68 57 59 61 63 64 66 66 67 70 70 68 69 70 77 77 76 78 79 81 79 80 78 79 79 79 79 77 80 79 79 80 76 75 73 74 
52 46 48 48 49 52 61 57 66 68 73 77 80 78 76 75 62 57 56 53 54 66 68 75 58 44 45 79 108 90 66 75 83 94 104 122 134 153 159 169 166 165 166 163 157 153 125 57 59 31 22 19 24 25 32 33 35 24 42 64 71 72 66 68 57 60 62 69 66 66 68 69 68 69 67 69 66 67 73 76 80 78 81 81 80 79 80 80 79 80 79 79 81 79 80 80 78 74 74 74 
71 63 53 43 49 52 61 62 61 67 71 84 82 86 85 85 76 73 66 64 67 69 62 66 68 62 53 42 50 62 59 62 55 55 55 62 80 103 128 143 150 147 143 138 128 113 42 27 50 58 32 26 33 35 38 33 19 19 23 37 51 51 48 56 60 64 68 69 65 67 68 71 69 70 67 71 66 68 72 77 80 77 80 80 81 79 80 78 81 80 79 80 79 78 80 80 78 74 74 73 
84 83 69 62 62 54 60 64 61 67 72 80 76 79 81 87 89 87 78 69 70 70 75 75 75 75 75 68 63 70 62 56 60 52 35 23 25 31 46 70 97 115 124 128 128 126 80 29 26 43 40 36 56 71 64 53 41 32 27 42 57 53 61 63 64 70 69 69 68 68 71 70 71 72 68 68 67 67 73 76 79 79 80 80 79 80 80 78 80 78 78 78 77 78 78 80 76 74 73 73 
77 80 87 89 76 67 64 68 71 70 69 62 67 62 65 76 84 89 89 82 80 74 69 73 77 81 84 80 76 61 59 56 72 63 56 38 25 35 42 69 88 116 131 137 141 142 142 91 34 48 73 113 124 116 106 103 95 55 48 63 75 65 67 68 67 71 67 69 69 70 71 69 70 71 71 70 66 69 70 73 77 78 78 79 80 80 79 79 81 80 79 78 77 79 78 76 71 73 73 70 
69 80 88 82 65 76 76 77 79 85 80 71 63 69 67 64 67 90 98 91 88 79 71 74 75 79 87 86 82 63 54 60 81 74 59 57 61 65 58 64 61 91 123 137 145 146 145 146 129 136 142 140 137 134 128 118 92 56 86 106 97 65 68 69 69 70 69 70 71 70 72 70 72 72 72 69 65 71 68 70 75 78 80 77 79 79 80 80 79 79 80 79 80 77 76 75 73 75 72 69 
78 90 82 70 81 104 95 85 69 71 77 86 85 70 55 57 67 80 94 95 103 100 84 83 77 75 78 84 84 79 71 57 61 60 56 59 72 105 101 59 50 62 82 104 129 141 146 149 149 149 147 146 141 132 132 126 96 90 112 125 100 65 68 67 69 71 69 70 71 69 70 70 71 70 71 70 65 70 71 69 72 78 78 80 78 77 81 80 80 80 80 78 78 78 79 73 71 71 69 69 
81 88 77 68 59 88 92 82 91 87 70 84 90 89 76 60 59 67 86 99 98 104 89 88 85 80 76 72 77 77 81 73 78 72 64 54 55 94 114 64 53 46 50 63 81 114 137 147 148 151 152 142 138 145 141 130 109 114 134 142 111 66 68 70 68 70 68 69 70 68 70 72 70 69 69 69 69 66 71 69 71 74 77 80 77 77 79 77 78 79 79 79 79 79 77 74 69 69 70 70 
82 86 80 75 41 78 61 53 64 93 91 82 92 89 94 81 67 59 83 98 110 108 90 84 88 78 79 75 74 75 76 72 81 83 81 82 90 99 92 110 91 59 59 59 65 70 99 127 141 144 144 143 148 146 141 132 97 105 140 145 132 72 66 68 69 69 67 69 70 68 69 70 68 69 67 68 68 70 69 67 72 72 74 76 76 74 77 76 77 78 77 78 77 76 74 74 71 67 68 71 
83 80 84 80 37 70 127 115 76 69 90 88 90 93 90 88 74 70 81 99 105 109 94 79 81 81 78 79 69 71 70 70 74 88 87 104 122 132 130 144 152 123 82 66 55 55 64 92 123 137 141 142 142 143 141 137 82 84 133 144 144 85 68 69 69 69 68 69 68 69 68 68 68 68 66 69 68 67 69 70 73 75 75 74 76 75 76 76 76 75 76 76 76 74 75 73 72 65 66 69 
73 73 71 81 43 55 102 99 76 85 83 95 91 88 95 94 87 81 98 100 108 116 106 88 86 83 77 74 71 72 66 71 75 98 99 123 133 145 151 153 161 155 129 84 64 64 63 68 93 126 136 137 138 140 140 139 102 77 116 141 144 121 72 70 71 71 70 69 68 69 66 66 66 67 68 68 64 70 70 72 73 75 75 75 74 73 71 76 76 77 76 75 76 72 73 73 69 68 69 71 
64 69 59 69 64 40 59 70 89 100 101 108 89 83 93 100 101 104 103 98 107 104 95 80 80 85 101 92 85 87 88 97 107 115 134 145 161 156 152 156 161 155 148 135 96 73 68 70 70 104 127 133 135 138 136 134 124 79 101 132 138 136 91 68 70 69 68 71 68 69 69 67 65 65 66 67 64 67 69 69 69 73 73 75 72 74 73 74 77 75 75 75 74 73 72 74 72 71 69 68 
60 63 60 60 64 67 60 82 112 117 92 104 86 83 88 99 95 94 104 105 102 100 99 89 90 114 138 132 123 122 134 135 140 148 163 178 168 170 146 147 150 167 159 142 126 90 74 71 69 82 114 121 125 128 131 134 129 100 87 148 130 129 122 74 69 67 68 66 67 67 67 66 65 65 66 66 64 67 65 64 69 69 71 73 74 75 74 75 74 75 74 74 73 74 71 71 72 74 72 71 
60 60 60 54 60 71 80 87 90 96 91 103 99 93 84 86 82 89 94 96 94 100 99 104 113 135 142 159 155 155 155 162 169 172 164 171 180 177 162 152 158 154 154 158 139 117 86 77 73 76 96 109 114 119 124 126 126 123 97 111 123 124 123 106 67 67 68 67 65 67 65 65 66 62 62 63 63 64 62 62 61 67 69 73 72 73 76 75 74 77 75 76 74 73 72 71 74 73 71 66 
53 47 49 56 62 66 69 71 74 81 85 89 80 75 75 79 82 91 90 89 93 94 99 104 121 149 161 176 185 184 177 170 170 173 164 152 161 169 155 142 148 153 145 136 137 128 94 82 80 76 90 102 108 110 114 118 121 122 117 90 103 105 113 111 94 68 69 64 63 63 62 63 65 60 60 60 62 64 64 67 74 84 79 67 70 73 74 75 75 75 73 76 75 72 72 71 71 71 69 94 
63 50 49 51 57 55 53 62 66 71 73 76 72 64 72 82 91 90 88 92 91 95 104 121 145 171 181 182 188 186 172 171 166 164 161 166 174 169 150 138 143 151 149 136 126 125 104 64 63 60 70 87 96 101 105 106 111 114 113 117 117 100 92 99 97 86 67 66 64 61 63 72 88 68 57 67 75 64 44 41 46 66 60 68 50 48 61 64 69 70 72 73 73 71 71 69 67 77 123 140 
62 58 59 54 54 50 50 68 74 74 67 69 70 81 93 82 81 82 83 88 96 101 117 127 146 171 190 182 177 172 170 170 163 164 171 177 177 156 145 143 138 141 150 138 115 108 108 52 26 23 20 20 26 32 40 48 60 73 91 99 103 120 91 86 97 105 113 114 104 102 111 122 101 60 54 63 65 55 43 70 79 76 73 59 27 13 12 33 63 69 68 76 81 86 82 83 113 158 164 156 
68 65 69 67 63 57 67 74 78 76 67 74 87 89 84 74 80 85 86 82 103 112 137 135 143 164 170 169 162 151 161 156 166 152 146 148 134 121 119 128 131 125 124 127 120 93 94 51 26 23 21 18 16 15 15 17 19 28 86 114 114 114 106 93 96 112 117 116 116 117 113 79 51 61 53 58 73 57 49 58 70 59 61 59 20 13 11 34 68 70 67 69 73 89 132 159 167 173 174 169 
78 80 78 74 79 77 82 83 79 83 86 87 89 88 90 88 88 90 91 87 100 113 138 153 158 167 168 167 165 145 142 137 140 142 129 122 113 109 102 101 98 101 101 98 103 96 98 63 34 32 19 17 15 15 16 17 19 32 96 112 114 114 113 114 108 97 96 87 80 65 46 60 83 65 66 59 55 52 51 55 54 49 48 44 22 17 15 41 64 67 69 70 60 48 81 130 159 166 172 173 
80 81 81 82 83 86 88 86 88 88 90 87 88 91 92 93 93 95 95 92 100 114 138 145 147 149 157 152 153 146 147 133 133 134 128 115 100 100 107 109 100 94 90 83 81 99 104 65 43 37 36 34 36 32 25 18 20 40 103 112 113 113 114 116 115 115 116 112 101 99 109 118 91 71 89 95 76 55 48 47 46 45 39 39 49 42 42 52 52 43 34 33 31 30 38 71 131 153 163 164 
76 82 84 89 84 79 78 73 78 84 83 84 90 100 108 115 131 141 140 126 127 129 137 147 149 138 143 154 152 152 149 144 125 123 118 103 96 93 96 99 94 87 91 90 77 72 92 67 52 49 48 48 53 45 30 18 20 47 105 112 113 113 114 115 115 115 115 116 117 118 119 119 84 58 71 108 119 104 70 50 47 45 41 41 58 48 56 51 47 48 48 38 36 31 29 25 51 113 145 156 
84 86 91 90 90 73 73 75 74 77 82 87 85 79 81 86 97 104 129 144 152 161 155 153 154 157 165 169 167 144 130 132 120 119 109 96 90 93 100 103 101 89 72 97 86 60 78 80 47 45 49 50 50 40 24 16 20 55 107 113 113 113 115 115 115 115 116 116 117 117 118 115 73 52 54 83 124 127 122 102 69 50 45 42 49 46 58 50 49 58 65 64 68 50 40 24 30 97 126 134 
86 89 92 93 85 78 69 62 67 64 63 64 68 62 66 72 84 91 94 106 116 136 146 158 161 171 173 173 172 144 125 113 110 111 100 93 79 94 103 110 111 78 74 110 97 62 72 77 40 43 50 51 48 38 21 16 18 66 109 112 111 114 114 115 115 115 116 116 117 118 119 113 64 51 50 62 107 129 126 124 120 99 67 46 49 43 50 53 55 65 71 71 69 57 60 78 111 130 140 140 
89 92 94 85 75 64 60 53 49 52 54 53 54 59 69 77 77 73 74 73 78 86 109 126 132 147 157 160 153 160 151 127 110 108 98 91 77 92 100 108 118 81 72 88 82 54 73 59 43 43 43 41 39 37 19 16 20 81 108 112 112 113 114 115 114 114 115 116 116 118 120 107 58 51 49 53 88 123 130 124 122 125 123 107 87 68 58 51 53 62 79 74 82 91 113 126 133 141 145 148 
84 93 97 89 73 69 56 48 47 47 51 51 51 46 49 54 50 40 36 50 83 89 85 86 98 118 134 146 153 157 168 166 148 122 98 88 77 84 96 101 102 87 56 62 52 47 52 48 43 39 44 44 40 39 17 14 23 90 107 111 113 114 115 115 115 115 116 116 116 118 119 97 55 51 50 49 56 94 127 127 122 121 123 126 122 118 112 112 112 112 114 116 121 126 130 138 143 148 146 149 
62 70 85 94 82 64 50 37 41 46 50 43 46 48 56 50 41 38 31 52 86 99 103 98 86 80 89 98 108 120 146 162 159 144 132 100 78 73 90 92 88 81 57 50 48 47 45 42 43 39 40 44 46 39 15 14 29 99 107 111 112 113 115 115 115 115 115 115 116 118 119 89 53 52 50 48 48 57 99 129 130 125 120 124 127 128 127 125 125 127 130 133 137 140 141 147 147 145 145 144 
56 60 69 77 66 51 45 64 79 69 33 21 32 47 50 37 32 33 36 35 35 37 49 53 54 49 41 33 31 36 52 85 114 131 132 109 85 60 70 80 74 64 54 55 58 51 45 43 40 40 38 40 46 36 14 15 40 104 107 111 111 113 115 115 114 114 115 115 115 118 117 79 52 51 49 48 48 51 64 104 128 132 131 131 130 132 133 131 133 135 141 143 143 145 147 144 141 140 141 139 
51 64 63 61 53 47 56 70 67 34 44 52 59 58 59 59 51 43 40 38 37 35 35 38 36 36 36 44 54 64 61 55 58 65 66 70 77 69 65 75 72 63 48 60 52 48 43 42 39 39 39 41 48 32 15 17 53 109 111 112 112 112 113 114 114 114 115 115 115 116 113 70 51 50 48 48 48 49 49 62 95 123 128 131 130 130 130 131 130 134 137 137 138 144 141 137 134 136 135 133 
52 70 65 67 51 56 48 51 52 34 52 57 61 66 64 63 65 70 69 65 60 56 56 57 59 62 63 63 61 55 56 57 57 54 50 48 50 49 47 53 57 51 45 52 66 63 46 42 41 41 41 42 48 29 14 17 63 110 110 111 112 112 113 114 113 113 115 115 114 116 107 62 49 49 48 48 48 47 47 48 55 75 102 118 125 128 130 130 130 133 134 134 135 135 135 133 133 131 127 124 
48 70 65 60 50 55 55 58 57 54 60 65 68 61 56 57 59 56 55 57 59 53 60 60 55 57 58 63 67 63 63 62 62 59 54 52 49 47 49 50 46 49 53 53 51 63 66 50 43 43 45 40 47 24 16 18 75 110 110 110 111 113 113 113 113 113 115 115 114 114 100 56 49 48 46 47 46 45 46 47 45 45 64 86 105 118 122 125 126 130 129 131 128 126 128 125 117 106 101 87 
42 60 83 72 71 108 98 91 101 110 106 100 97 92 80 70 71 67 57 37 31 38 39 42 44 45 47 54 56 56 57 57 62 63 58 56 52 50 49 50 51 52 47 48 53 60 72 58 46 42 35 29 46 23 16 21 85 109 109 111 113 113 113 113 113 113 113 114 115 115 91 49 46 46 46 45 44 45 43 42 42 40 45 48 51 73 83 94 101 97 87 88 92 87 87 82 79 67 56 50 
40 47 52 51 76 106 98 96 99 122 119 116 116 113 96 80 76 89 91 51 19 21 27 22 24 54 61 49 46 51 54 58 58 62 63 61 58 56 54 53 52 52 52 53 55 64 71 70 50 29 28 29 45 20 15 24 92 108 109 110 111 112 113 113 113 113 113 114 114 114 90 54 51 49 47 46 46 47 45 45 39 37 42 39 41 50 50 55 51 66 75 73 56 32 32 49 78 57 60 75 
40 47 48 46 77 106 106 103 113 120 114 111 112 112 98 89 89 93 88 46 18 16 16 15 16 53 68 65 57 50 50 53 56 59 63 65 65 62 58 57 60 60 61 60 61 67 72 64 50 41 61 61 43 18 16 29 96 109 109 110 110 112 112 112 112 112 112 112 112 113 89 52 51 49 48 48 47 47 45 45 42 42 45 43 61 63 59 52 44 42 46 51 46 25 31 51 67 45 46 50 
35 37 33 38 46 46 51 58 65 69 73 74 79 80 76 74 80 78 78 41 22 18 16 17 16 25 60 66 60 46 36 35 41 50 53 59 62 63 67 63 61 64 63 67 71 73 71 67 84 101 111 84 41 18 17 37 102 107 109 110 111 111 111 111 111 111 110 110 111 110 104 85 70 61 53 47 43 41 41 40 38 35 43 40 52 45 45 49 50 62 66 62 50 17 27 44 46 44 67 70 
31 31 29 34 36 30 30 32 37 38 38 37 36 36 32 29 32 30 30 28 27 26 28 32 27 32 56 70 67 49 41 38 42 57 64 67 67 61 61 67 68 68 72 71 73 66 67 75 92 100 107 75 37 19 17 46 105 107 107 108 109 109 109 109 109 109 109 109 108 109 110 107 104 100 96 89 82 72 59 50 43 38 40 42 57 62 54 44 38 48 54 54 41 18 35 49 50 43 44 48 
33 31 29 33 35 30 30 33 37 36 34 31 29 28 28 29 28 25 25 26 26 26 26 27 27 37 63 85 84 78 80 81 79 80 79 76 72 70 67 62 58 58 59 60 63 73 74 67 86 98 106 70 32 16 16 53 106 105 108 109 110 110 110 110 108 108 108 108 108 108 107 106 103 101 100 99 97 94 91 86 69 30 38 43 41 38 42 41 45 68 64 59 33 16 37 50 44 53 63 64 
33 31 31 35 35 30 31 34 37 36 33 33 31 30 30 30 29 29 29 29 29 28 29 30 38 75 99 100 98 92 87 85 79 75 73 72 67 69 69 69 68 70 72 71 70 77 71 67 92 107 106 64 29 17 18 66 106 105 108 108 109 110 110 110 108 108 108 108 108 108 107 106 105 104 102 101 99 96 93 90 65 16 26 68 79 79 70 45 37 38 48 43 24 19 41 58 40 38 50 52 
35 32 32 35 34 29 31 34 39 34 33 32 30 30 30 30 30 30 30 31 31 31 33 54 93 105 105 100 96 91 85 78 74 70 69 67 68 70 69 69 66 71 66 61 66 65 71 74 102 110 99 58 22 17 20 76 108 107 108 107 108 109 110 110 108 108 108 108 107 107 107 106 105 104 102 102 100 97 94 90 56 17 33 73 80 85 86 81 76 72 70 66 59 53 51 50 38 56 64 63 
33 31 32 36 35 31 30 34 38 34 33 32 31 29 28 27 26 26 27 27 30 45 71 85 97 101 99 94 90 84 81 77 75 73 66 64 66 69 68 63 61 76 72 65 73 61 75 84 108 108 93 50 17 15 25 85 107 107 108 108 108 108 108 108 108 108 107 107 106 105 107 106 105 104 102 102 101 99 96 91 51 15 40 77 83 88 90 91 91 91 91 90 90 88 73 53 39 37 42 42 
32 30 32 36 33 32 31 33 34 34 32 32 30 27 22 19 17 20 23 23 23 64 93 97 101 101 92 86 80 75 74 76 74 69 62 60 60 67 61 59 58 68 77 70 68 60 77 81 107 106 86 46 17 16 30 95 107 107 107 107 108 108 108 108 108 108 107 107 106 105 106 105 104 104 102 102 100 99 96 91 43 15 50 81 86 90 91 92 91 91 91 91 91 91 91 89 83 79 79 72 
30 30 36 37 34 36 35 36 34 32 31 31 27 19 17 15 18 28 24 19 23 70 98 105 102 93 87 80 74 70 69 69 66 62 56 58 54 58 62 56 56 66 73 61 70 63 76 68 98 99 79 45 15 15 36 100 104 105 107 107 107 107 108 108 107 107 107 105 106 106 105 105 104 102 103 102 100 99 97 86 37 19 58 84 90 93 95 95 93 92 92 92 93 93 93 93 93 91 92 90 
28 31 38 36 35 35 33 33 31 30 30 32 32 21 17 17 23 28 21 16 20 70 105 107 99 89 83 76 69 68 61 56 59 60 54 54 55 51 61 53 58 62 63 61 71 58 68 60 78 95 72 39 16 16 45 103 104 105 106 106 107 107 107 107 106 106 105 105 105 106 106 105 103 101 101 99 99 99 98 82 28 21 65 84 89 94 95 95 93 92 93 93 93 92 92 92 92 92 92 90 
27 29 33 33 31 31 30 31 29 29 32 37 38 27 22 19 21 23 21 17 20 68 109 107 91 75 75 72 63 63 61 52 54 55 50 51 51 47 55 51 53 52 63 63 70 55 63 61 55 76 64 31 16 15 55 105 103 105 106 106 107 107 107 107 107 105 105 105 104 104 105 104 102 101 101 99 98 99 98 77 22 26 71 84 90 94 94 95 94 94 96 96 95 94 92 92 92 92 91 90 
26 28 32 34 30 32 30 31 31 32 33 37 37 30 27 22 20 18 20 21 21 50 99 91 72 72 74 68 57 50 50 49 51 49 48 48 48 47 47 49 48 48 54 58 62 46 56 65 46 58 56 27 14 16 65 106 103 104 105 106 106 105 106 106 105 105 105 105 106 105 104 102 101 100 100 99 99 99 97 72 20 32 76 86 90 92 94 94 94 94 95 97 96 93 92 92 92 92 91 91 
27 29 31 32 31 33 32 32 31 32 33 33 38 35 32 29 23 18 18 17 16 33 70 90 85 71 67 62 56 50 45 45 43 45 46 47 45 44 42 44 44 42 45 49 46 41 56 65 41 38 50 24 14 18 76 106 103 103 104 105 106 106 106 106 105 105 106 105 104 103 102 100 99 99 99 99 100 98 96 62 18 39 79 88 93 94 94 94 94 95 96 97 97 94 92 92 92 92 91 91 
25 26 29 35 37 35 41 40 33 30 34 36 35 34 34 32 26 23 20 17 16 27 47 84 90 74 69 63 59 54 50 52 46 40 39 39 41 40 39 38 37 34 33 37 35 32 36 40 27 29 47 20 14 21 83 104 104 104 104 105 106 106 105 105 105 105 105 104 102 102 101 99 98 98 98 98 98 97 92 52 17 48 82 89 97 96 95 94 94 95 97 97 96 94 94 94 93 93 92 92 
23 24 28 33 39 58 61 60 54 43 36 41 37 31 24 21 21 22 22 18 18 26 38 61 86 82 73 64 58 53 50 48 46 45 43 38 34 33 32 30 30 33 28 34 43 23 26 42 31 31 42 14 13 28 92 104 102 103 104 104 104 106 105 105 105 105 104 102 102 101 100 100 99 100 100 100 99 96 91 45 18 56 85 91 97 97 97 96 95 96 97 97 96 95 96 96 94 94 94 94 
27 27 30 30 38 49 54 56 53 47 40 46 40 37 35 31 24 21 20 19 27 38 42 31 65 77 74 68 60 56 53 51 49 48 46 44 43 37 27 25 25 35 44 47 29 26 36 54 40 32 38 13 13 35 98 102 102 103 103 104 104 105 105 105 103 103 101 100 102 100 100 100 100 100 99 98 98 95 87 36 20 63 86 92 97 98 97 97 97 97 97 96 95 95 96 96 94 94 94 95 
33 25 29 31 38 48 56 54 52 53 52 47 45 37 36 37 31 24 22 25 30 42 47 61 88 59 39 52 57 57 54 55 53 50 49 46 46 43 37 35 27 18 22 30 17 22 43 58 46 36 33 14 13 45 102 102 102 102 102 103 105 105 105 105 103 101 99 100 100 100 100 100 100 100 99 98 98 94 80 29 25 69 86 93 98 99 99 98 97 98 99 97 95 94 96 96 94 94 94 96 
21 25 30 33 46 56 56 58 59 60 56 49 41 39 37 35 38 37 30 30 35 38 78 89 76 34 14 15 19 32 46 58 58 56 56 51 49 46 42 38 29 20 21 19 18 24 46 58 52 41 30 12 15 54 101 101 102 103 103 103 105 105 103 103 102 101 100 100 100 99 99 99 99 99 99 99 98 94 74 22 29 74 87 93 97 98 100 98 98 99 99 98 97 96 96 94 94 94 95 96 
